0.0000 68.8000 54.6100 398.000000 1.000000 171.000000 60.000000
0.0100 67.3800 55.9500 507.000000 0.000000 171.000000 60.000000
0.0200 66.3600 56.3500 603.000000 0.000000 170.000000 60.000000
0.0300 65.1600 56.5700 669.000000 0.000000 169.000000 61.000000
0.0400 63.8400 56.7500 752.000000 0.000000 168.000000 60.000000
0.0500 62.3000 56.6700 803.000000 0.000000 168.000000 60.000000
0.0600 60.6800 56.4400 857.000000 0.000000 165.000000 61.000000
0.0700 59.0100 55.8500 867.000000 0.000000 163.000000 61.000000
0.0800 57.2200 54.7500 861.000000 0.000000 162.000000 61.000000
0.0900 55.3200 53.3200 854.000000 0.000000 160.000000 60.000000
0.1000 53.3500 51.6500 858.000000 0.000000 158.000000 60.000000
0.1100 51.7000 50.1900 860.000000 0.000000 157.000000 59.000000
0.1200 51.0700 48.8800 872.000000 0.000000 156.000000 59.000000
0.1300 51.0700 47.8900 882.000000 0.000000 153.000000 59.000000
0.1400 51.7200 47.0600 902.000000 0.000000 152.000000 59.000000
0.1500 52.9500 46.3400 909.000000 0.000000 150.000000 58.000000
0.1600 54.6000 45.9000 929.000000 0.000000 149.000000 59.000000
0.1700 56.5100 45.8000 938.000000 0.000000 146.000000 60.000000
0.1800 58.5800 45.9300 967.000000 0.000000 145.000000 60.000000
0.1900 60.7500 46.1400 997.000000 0.000000 146.000000 62.000000
0.2000 63.1500 46.7100 987.000000 0.000000 146.000000 62.000000
0.2100 65.4300 47.5300 985.000000 0.000000 147.000000 62.000000
0.2200 67.6300 48.5600 977.000000 0.000000 149.000000 63.000000
0.2300 69.3300 49.6300 994.000000 0.000000 151.000000 63.000000
0.2400 70.3100 50.7300 968.000000 0.000000 152.000000 62.000000
0.2500 70.8000 51.8200 950.000000 0.000000 155.000000 62.000000
0.2600 70.8700 52.8900 953.000000 0.000000 157.000000 61.000000
0.2700 70.6100 53.9600 955.000000 0.000000 160.000000 60.000000
0.2800 70.1300 54.7800 962.000000 0.000000 162.000000 60.000000
0.2900 69.3700 55.3600 947.000000 0.000000 163.000000 59.000000
0.3000 68.3400 55.7800 952.000000 0.000000 163.000000 59.000000
0.3100 67.1300 56.0700 959.000000 0.000000 165.000000 59.000000
0.3200 65.6500 56.1300 956.000000 0.000000 165.000000 59.000000
0.3300 63.9200 56.0300 976.000000 0.000000 165.000000 59.000000
0.3400 62.0200 55.6100 989.000000 0.000000 165.000000 59.000000
0.3500 60.2900 54.9100 985.000000 0.000000 163.000000 59.000000
0.3600 58.9800 54.0300 976.000000 0.000000 163.000000 59.000000
0.3700 57.9400 53.0200 965.000000 0.000000 161.000000 59.000000
0.3800 57.4700 52.0200 956.000000 0.000000 162.000000 58.000000
0.3900 57.5300 51.0400 956.000000 0.000000 161.000000 57.000000
0.4000 57.9400 50.1300 967.000000 0.000000 159.000000 57.000000
0.4100 58.7400 49.3600 980.000000 0.000000 159.000000 57.000000
0.4200 60.2200 48.6900 981.000000 0.000000 157.000000 57.000000
0.4300 62.1500 48.5500 1008.000000 0.000000 157.000000 57.000000
0.4400 64.3400 48.7500 1023.000000 0.000000 157.000000 58.000000
0.4500 66.4400 49.1800 1023.000000 0.000000 157.000000 58.000000
0.4600 68.4900 49.8000 1023.000000 0.000000 158.000000 58.000000
0.4700 70.2000 50.4600 1015.000000 0.000000 158.000000 58.000000
0.4800 71.2800 51.1400 1012.000000 0.000000 160.000000 58.000000
0.4900 71.9400 51.7600 1003.000000 0.000000 161.000000 59.000000
0.5000 72.0400 52.4800 996.000000 0.000000 163.000000 59.000000
0.5100 71.7300 53.2200 999.000000 0.000000 165.000000 59.000000
0.5200 71.1500 53.9600 1000.000000 0.000000 167.000000 58.000000
0.5300 70.2200 54.4300 990.000000 0.000000 167.000000 58.000000
0.5400 68.8300 54.5200 987.000000 0.000000 167.000000 58.000000
0.5500 67.1400 54.3700 1000.000000 0.000000 167.000000 57.000000
0.5600 65.1900 53.8800 1023.000000 0.000000 167.000000 57.000000
0.5700 62.9900 53.1600 1023.000000 0.000000 167.000000 57.000000
0.5800 60.6200 52.2800 1023.000000 0.000000 167.000000 57.000000
0.5900 58.9600 51.3800 1023.000000 0.000000 166.000000 57.000000
0.6000 57.6500 50.4600 1023.000000 0.000000 164.000000 57.000000
0.6100 56.5600 49.4800 1023.000000 0.000000 163.000000 57.000000
0.6200 55.7900 48.4700 1023.000000 0.000000 162.000000 58.000000
0.6300 55.4700 47.5100 1023.000000 0.000000 161.000000 57.000000
0.6400 55.4700 46.8000 1023.000000 0.000000 158.000000 58.000000
0.6500 55.8000 46.2200 1023.000000 0.000000 156.000000 59.000000
0.6600 56.4300 45.6800 1023.000000 0.000000 155.000000 60.000000
0.6700 57.2600 45.1700 1023.000000 0.000000 154.000000 60.000000
0.6800 58.2400 44.6900 1023.000000 0.000000 151.000000 61.000000
0.6900 59.4600 44.5000 1023.000000 0.000000 151.000000 61.000000
0.7000 60.8400 44.4100 1023.000000 0.000000 150.000000 62.000000
0.7100 62.2000 44.4100 1023.000000 0.000000 150.000000 62.000000
0.7200 63.5600 44.5800 1023.000000 0.000000 152.000000 62.000000
0.7300 64.6100 44.9000 1023.000000 0.000000 152.000000 62.000000
0.7400 65.4400 45.3000 1023.000000 0.000000 152.000000 62.000000
0.7500 65.9600 45.6500 1023.000000 0.000000 154.000000 63.000000
0.7600 66.1500 45.9600 1023.000000 0.000000 154.000000 63.000000
0.7700 66.1500 46.1600 1023.000000 0.000000 154.000000 64.000000
0.7800 66.0900 46.2700 1023.000000 0.000000 154.000000 64.000000
0.7900 66.0900 46.2700 1023.000000 0.000000 156.000000 64.000000
0.8000 66.0000 46.2700 1023.000000 0.000000 156.000000 64.000000
0.8100 65.9000 46.2700 1023.000000 0.000000 156.000000 64.000000
0.8200 65.6200 46.2100 1023.000000 0.000000 156.000000 64.000000
0.8300 65.2100 46.0600 1023.000000 0.000000 156.000000 64.000000
0.8400 64.8400 45.8300 1023.000000 0.000000 156.000000 64.000000
0.8500 64.4700 45.6000 1023.000000 0.000000 156.000000 64.000000
0.8600 64.1300 45.3800 1023.000000 0.000000 156.000000 64.000000
0.8700 63.8100 45.1700 1023.000000 0.000000 156.000000 64.000000
0.8800 63.4900 44.9600 1023.000000 0.000000 156.000000 64.000000
0.8900 63.1800 44.8800 1023.000000 0.000000 156.000000 64.000000
0.9000 63.1100 44.8800 1023.000000 0.000000 156.000000 64.000000
0.9100 63.2000 44.8800 1023.000000 0.000000 156.000000 64.000000
0.9200 63.2000 44.8800 1023.000000 0.000000 154.000000 64.000000
0.9300 63.2000 44.8800 1023.000000 0.000000 154.000000 64.000000
0.9400 63.2000 44.8800 1023.000000 0.000000 155.000000 63.000000
0.9500 63.2000 44.8800 1023.000000 0.000000 155.000000 63.000000
0.9600 63.2500 44.8800 1023.000000 0.000000 155.000000 63.000000
0.9700 63.3000 44.8800 1023.000000 0.000000 155.000000 63.000000
0.9800 63.3700 44.9500 1023.000000 0.000000 155.000000 63.000000
0.9900 63.4700 44.9500 1023.000000 0.000000 154.000000 63.000000
1.0000 63.9000 45.1500 1023.000000 0.000000 153.000000 63.000000
1.0100 64.5300 45.4000 1023.000000 0.000000 153.000000 63.000000
1.0200 65.3800 45.6400 1023.000000 0.000000 153.000000 63.000000
1.0300 66.3800 45.9400 1023.000000 0.000000 154.000000 64.000000
1.0400 67.4700 46.2700 1023.000000 0.000000 154.000000 64.000000
1.0500 68.6600 46.5900 1023.000000 0.000000 154.000000 64.000000
1.0600 69.6100 46.9300 1023.000000 0.000000 154.000000 64.000000
1.0700 70.4000 47.2800 1023.000000 0.000000 154.000000 64.000000
1.0800 71.1700 47.6600 1023.000000 0.000000 157.000000 63.000000
1.0900 72.0300 48.2300 1023.000000 0.000000 157.000000 63.000000
1.1000 72.9500 48.9400 1023.000000 0.000000 158.000000 62.000000
1.1100 73.8800 49.6200 1023.000000 0.000000 160.000000 63.000000
1.1200 74.6900 50.0600 1023.000000 0.000000 161.000000 62.000000
1.1300 75.2000 50.3500 1023.000000 0.000000 163.000000 61.000000
1.1400 75.5400 50.4600 1023.000000 0.000000 165.000000 61.000000
1.1500 75.5900 50.5700 1023.000000 0.000000 168.000000 60.000000
1.1600 75.6600 50.6500 1023.000000 0.000000 169.000000 61.000000
1.1700 75.7500 50.7500 1023.000000 0.000000 170.000000 60.000000
1.1800 75.8000 50.9600 1023.000000 0.000000 171.000000 60.000000
1.1900 75.8700 51.2400 1023.000000 0.000000 171.000000 60.000000
1.2000 75.9600 51.3900 1023.000000 0.000000 172.000000 59.000000
1.2100 76.1800 51.6600 1023.000000 0.000000 172.000000 59.000000
1.2200 76.4800 52.0000 1023.000000 0.000000 172.000000 59.000000
1.2300 76.7600 52.2900 1023.000000 0.000000 172.000000 59.000000
1.2400 77.0500 52.6800 1023.000000 0.000000 173.000000 59.000000
1.2500 77.3100 53.1400 1023.000000 0.000000 173.000000 59.000000
1.2600 77.4100 53.5300 1023.000000 0.000000 174.000000 58.000000
1.2700 77.4100 53.8800 1023.000000 0.000000 174.000000 58.000000
1.2800 77.3500 54.1700 1023.000000 0.000000 174.000000 58.000000
1.2900 77.2000 54.4100 1023.000000 0.000000 174.000000 58.000000
1.3000 76.9800 54.6400 1023.000000 0.000000 174.000000 58.000000
1.3100 76.7100 54.8600 1023.000000 0.000000 172.000000 59.000000
1.3200 76.4700 55.1100 1023.000000 0.000000 172.000000 59.000000
1.3300 76.3000 55.3600 1023.000000 0.000000 172.000000 59.000000
1.3400 76.2000 55.6300 1023.000000 0.000000 172.000000 59.000000
1.3500 75.9300 55.8600 1023.000000 0.000000 170.000000 59.000000
1.3600 75.5500 56.0500 1023.000000 0.000000 170.000000 59.000000
1.3700 74.8600 56.1700 1023.000000 0.000000 170.000000 59.000000
1.3800 73.8100 56.1700 1023.000000 0.000000 170.000000 59.000000
1.3900 72.5200 56.0500 1023.000000 0.000000 170.000000 59.000000
1.4000 71.4200 55.8000 1023.000000 0.000000 170.000000 59.000000
1.4100 70.2100 55.2600 1023.000000 0.000000 170.000000 59.000000
1.4200 68.9200 54.5100 1023.000000 0.000000 168.000000 58.000000
1.4300 67.2900 53.6200 1023.000000 0.000000 168.000000 58.000000
1.4400 66.2100 52.7900 1023.000000 0.000000 167.000000 58.000000
1.4500 65.4900 52.0300 1023.000000 0.000000 166.000000 57.000000
1.4600 65.1200 51.3200 1023.000000 0.000000 164.000000 57.000000
1.4700 65.0400 50.6000 1023.000000 0.000000 163.000000 57.000000
1.4800 65.1400 50.0400 1023.000000 0.000000 163.000000 56.000000
1.4900 65.8600 49.6000 1023.000000 0.000000 163.000000 57.000000
1.5000 67.1600 49.2000 1023.000000 0.000000 161.000000 57.000000
1.5100 68.8400 49.0800 1023.000000 0.000000 161.000000 57.000000
1.5200 70.3500 49.1600 1023.000000 0.000000 161.000000 57.000000
1.5300 71.7000 49.3500 1023.000000 0.000000 162.000000 58.000000
1.5400 72.9500 49.6100 1023.000000 0.000000 161.000000 59.000000
1.5500 74.1100 49.9300 1023.000000 0.000000 163.000000 59.000000
1.5600 75.0200 50.2900 1023.000000 0.000000 163.000000 59.000000
1.5700 75.7700 50.6700 1023.000000 0.000000 165.000000 59.000000
1.5800 75.9600 51.0600 1023.000000 0.000000 166.000000 59.000000
1.5900 76.2700 51.4800 1023.000000 0.000000 168.000000 59.000000
1.6000 76.6600 51.8700 1023.000000 0.000000 170.000000 60.000000
1.6100 76.7900 52.2000 1023.000000 0.000000 172.000000 59.000000
1.6200 76.7900 52.3400 1023.000000 0.000000 173.000000 59.000000
1.6300 76.7900 52.3400 1023.000000 0.000000 173.000000 59.000000
1.6400 76.7900 52.4100 1023.000000 0.000000 175.000000 58.000000
1.6500 76.7900 52.4100 1023.000000 0.000000 175.000000 58.000000
1.6600 76.7900 52.4700 1023.000000 0.000000 175.000000 58.000000
1.6700 76.7900 52.4700 1023.000000 0.000000 175.000000 58.000000
1.6800 76.7900 52.4700 1023.000000 0.000000 175.000000 57.000000
1.6900 76.7900 52.4700 1023.000000 0.000000 177.000000 57.000000
1.7000 76.7900 52.4700 1023.000000 0.000000 177.000000 57.000000
1.7100 76.8400 52.4700 1023.000000 0.000000 177.000000 57.000000
1.7200 76.8400 52.4700 1023.000000 0.000000 177.000000 57.000000
1.7300 76.8400 52.4700 1023.000000 0.000000 177.000000 58.000000
1.7400 76.8900 52.4700 1023.000000 0.000000 177.000000 58.000000
1.7500 76.8900 52.4700 1023.000000 0.000000 177.000000 58.000000
1.7600 76.8900 52.4700 1023.000000 0.000000 177.000000 58.000000
1.7700 76.9400 52.4700 1023.000000 0.000000 177.000000 58.000000
1.7800 77.0100 52.5600 1023.000000 0.000000 177.000000 58.000000
1.7900 77.1100 52.6400 1023.000000 0.000000 177.000000 58.000000
1.8000 77.2300 52.6400 1023.000000 0.000000 177.000000 58.000000
1.8100 77.3300 52.7500 1023.000000 0.000000 175.000000 58.000000
1.8200 77.4600 52.8400 1023.000000 0.000000 177.000000 58.000000
1.8300 77.5800 52.9200 1023.000000 0.000000 177.000000 58.000000
1.8400 77.6700 53.0100 1023.000000 0.000000 177.000000 58.000000
1.8500 77.6700 53.0100 1023.000000 0.000000 177.000000 58.000000
1.8600 77.6700 53.1000 1023.000000 0.000000 177.000000 58.000000
1.8700 77.7200 53.1700 1023.000000 0.000000 177.000000 58.000000
1.8800 77.8400 53.7100 1023.000000 0.000000 177.000000 58.000000
1.8900 78.0100 54.2800 1023.000000 0.000000 177.000000 58.000000
1.9000 78.1300 54.8600 1023.000000 0.000000 175.000000 58.000000
1.9100 78.3000 55.3500 1023.000000 0.000000 175.000000 59.000000
1.9200 78.3000 55.4900 1023.000000 0.000000 175.000000 59.000000
1.9300 78.2500 55.3900 1023.000000 0.000000 173.000000 59.000000
1.9400 78.2000 55.3200 1023.000000 0.000000 173.000000 59.000000
1.9500 78.1400 55.2100 1023.000000 0.000000 173.000000 59.000000
1.9600 78.0800 55.0200 1023.000000 0.000000 172.000000 59.000000
1.9700 78.0800 54.6700 1023.000000 0.000000 172.000000 59.000000
1.9800 77.9700 54.2100 1023.000000 0.000000 172.000000 59.000000
1.9900 77.8500 53.6100 1023.000000 0.000000 172.000000 59.000000
2.0000 77.5900 52.8300 1023.000000 0.000000 172.000000 59.000000
2.0100 77.2200 51.9400 1023.000000 0.000000 172.000000 59.000000
2.0200 76.7800 50.8700 1023.000000 0.000000 172.000000 58.000000
2.0300 76.4500 50.1300 1023.000000 0.000000 172.000000 59.000000
2.0400 76.4500 49.6200 1023.000000 0.000000 172.000000 59.000000
2.0500 76.5600 49.1200 1023.000000 0.000000 172.000000 59.000000
2.0600 76.7100 48.6600 1023.000000 0.000000 171.000000 60.000000
2.0700 76.8500 48.2700 1023.000000 0.000000 171.000000 60.000000
2.0800 76.9700 47.9100 1023.000000 0.000000 169.000000 61.000000
2.0900 77.0800 47.4300 1023.000000 0.000000 169.000000 62.000000
2.1000 77.1400 47.0800 1023.000000 0.000000 166.000000 62.000000
2.1100 77.1400 46.9000 1023.000000 0.000000 166.000000 62.000000
2.1200 77.1400 46.7900 1023.000000 0.000000 164.000000 63.000000
2.1300 77.1400 46.7900 1023.000000 0.000000 164.000000 63.000000
2.1400 77.1400 46.8400 1023.000000 0.000000 164.000000 63.000000
