0.0000 57.2800 64.3000 213.000000 1.000000 129.000000 51.000000
0.0100 58.4100 65.2800 299.000000 0.000000 130.000000 51.000000
0.0200 58.1800 65.2800 336.000000 0.000000 132.000000 51.000000
0.0300 57.5200 64.9400 405.000000 0.000000 132.000000 51.000000
0.0400 56.5700 63.9600 399.000000 0.000000 134.000000 51.000000
0.0500 55.3500 62.1700 396.000000 0.000000 135.000000 52.000000
0.0600 53.4200 59.8400 373.000000 0.000000 134.000000 52.000000
0.0700 51.0100 56.9300 305.000000 0.000000 134.000000 52.000000
0.0800 49.0900 54.3900 254.000000 0.000000 134.000000 52.000000
0.0900 47.8300 52.1000 250.000000 0.000000 134.000000 54.000000
0.1000 47.0200 51.2300 249.000000 0.000000 134.000000 54.000000
0.1100 47.0200 51.1100 245.000000 0.000000 133.000000 54.000000
0.1200 47.5200 51.4900 259.000000 0.000000 131.000000 55.000000
0.1300 48.3300 52.7600 282.000000 0.000000 130.000000 55.000000
0.1400 49.8000 54.7100 337.000000 0.000000 127.000000 55.000000
0.1500 51.6000 57.1200 344.000000 0.000000 127.000000 55.000000
0.1600 53.6300 60.0300 397.000000 0.000000 126.000000 56.000000
0.1700 55.6700 62.8000 443.000000 0.000000 126.000000 56.000000
0.1800 57.1600 65.4700 463.000000 0.000000 126.000000 56.000000
0.1900 58.2800 66.5200 478.000000 0.000000 126.000000 56.000000
0.2000 58.5800 66.9300 522.000000 0.000000 126.000000 56.000000
0.2100 58.5800 66.9300 546.000000 0.000000 126.000000 56.000000
0.2200 58.4100 66.7500 561.000000 0.000000 126.000000 56.000000
0.2300 57.6500 65.5500 577.000000 0.000000 126.000000 56.000000
0.2400 56.4100 63.6600 586.000000 0.000000 127.000000 55.000000
0.2500 54.8600 61.1000 546.000000 0.000000 127.000000 55.000000
0.2600 53.7400 58.5800 522.000000 0.000000 129.000000 55.000000
0.2700 53.7900 56.0800 464.000000 0.000000 129.000000 55.000000
0.2800 54.6300 54.9200 456.000000 0.000000 129.000000 55.000000
0.2900 56.0500 54.5600 468.000000 0.000000 130.000000 54.000000
0.3000 57.9200 54.7300 486.000000 0.000000 130.000000 54.000000
0.3100 60.0900 55.7300 509.000000 0.000000 130.000000 54.000000
0.3200 61.9400 56.9800 551.000000 0.000000 130.000000 54.000000
0.3300 63.1500 58.4100 561.000000 0.000000 130.000000 54.000000
0.3400 63.9300 60.5700 616.000000 0.000000 130.000000 54.000000
0.3500 64.4100 62.6800 658.000000 0.000000 130.000000 54.000000
0.3600 64.1200 64.0600 714.000000 0.000000 130.000000 54.000000
0.3700 63.3100 64.9800 754.000000 0.000000 129.000000 55.000000
0.3800 61.7800 65.2100 759.000000 0.000000 129.000000 55.000000
0.3900 59.6600 64.5200 758.000000 0.000000 130.000000 55.000000
0.4000 57.1400 63.2300 757.000000 0.000000 130.000000 55.000000
0.4100 54.4400 61.2500 748.000000 0.000000 130.000000 55.000000
0.4200 52.9900 59.2000 667.000000 0.000000 130.000000 55.000000
0.4300 52.3700 57.1100 631.000000 0.000000 130.000000 55.000000
0.4400 53.9400 55.7700 617.000000 0.000000 130.000000 55.000000
0.4500 56.5600 55.2700 605.000000 0.000000 131.000000 55.000000
0.4600 59.8700 55.3300 595.000000 0.000000 131.000000 55.000000
0.4700 62.8600 56.0800 595.000000 0.000000 132.000000 55.000000
0.4800 65.1300 56.9900 616.000000 0.000000 132.000000 55.000000
0.4900 66.9300 58.0000 661.000000 0.000000 131.000000 56.000000
0.5000 68.3600 59.4500 750.000000 0.000000 132.000000 57.000000
0.5100 68.8500 60.5600 809.000000 0.000000 132.000000 57.000000
0.5200 68.7200 61.4500 848.000000 0.000000 132.000000 57.000000
0.5300 67.6600 61.9900 853.000000 0.000000 132.000000 57.000000
0.5400 65.4900 61.9900 860.000000 0.000000 132.000000 57.000000
0.5500 62.5800 61.6100 839.000000 0.000000 132.000000 57.000000
0.5600 58.9600 60.3800 860.000000 0.000000 134.000000 57.000000
0.5700 54.9800 58.4800 857.000000 0.000000 132.000000 58.000000
0.5800 50.7700 56.1400 849.000000 0.000000 134.000000 58.000000
0.5900 49.1900 54.6600 782.000000 0.000000 134.000000 58.000000
0.6000 49.7400 53.4800 751.000000 0.000000 134.000000 58.000000
0.6100 51.7100 52.5000 763.000000 0.000000 134.000000 58.000000
0.6200 55.2700 52.5000 757.000000 0.000000 134.000000 58.000000
0.6300 59.3400 53.0900 765.000000 0.000000 135.000000 59.000000
0.6400 63.7400 54.0400 787.000000 0.000000 135.000000 59.000000
0.6500 67.2600 55.1300 820.000000 0.000000 135.000000 59.000000
0.6600 69.9300 56.2800 869.000000 0.000000 134.000000 60.000000
0.6700 72.0200 57.4600 973.000000 0.000000 134.000000 60.000000
0.6800 72.4500 57.9600 1023.000000 0.000000 134.000000 60.000000
0.6900 72.2400 58.3300 1023.000000 0.000000 132.000000 60.000000
0.7000 71.6100 58.6200 1014.000000 0.000000 132.000000 60.000000
0.7100 70.0600 58.7900 984.000000 0.000000 134.000000 61.000000
0.7200 67.2500 58.3800 978.000000 0.000000 132.000000 61.000000
0.7300 63.6100 57.5800 965.000000 0.000000 133.000000 62.000000
0.7400 59.6300 56.3100 935.000000 0.000000 133.000000 62.000000
0.7500 56.0100 54.9400 947.000000 0.000000 135.000000 63.000000
0.7600 52.6300 53.5000 818.000000 0.000000 135.000000 63.000000
0.7700 52.3500 53.0800 785.000000 0.000000 135.000000 63.000000
0.7800 54.1700 52.9800 762.000000 0.000000 137.000000 62.000000
0.7900 57.3800 53.1000 746.000000 0.000000 138.000000 63.000000
0.8000 61.6100 53.8800 743.000000 0.000000 138.000000 63.000000
0.8100 65.2500 54.6500 793.000000 0.000000 138.000000 63.000000
0.8200 68.4900 55.4200 820.000000 0.000000 140.000000 63.000000
0.8300 70.3000 56.3300 903.000000 0.000000 140.000000 63.000000
0.8400 70.6700 56.8500 938.000000 0.000000 140.000000 63.000000
0.8500 70.0900 57.1200 977.000000 0.000000 140.000000 63.000000
0.8600 68.2600 57.4600 1017.000000 0.000000 140.000000 63.000000
0.8700 64.8900 57.1700 1017.000000 0.000000 140.000000 63.000000
0.8800 60.5000 56.4600 1015.000000 0.000000 140.000000 63.000000
0.8900 55.3000 54.8700 1023.000000 0.000000 140.000000 63.000000
0.9000 50.4800 53.3100 1023.000000 0.000000 140.000000 63.000000
0.9100 45.9100 51.7700 1023.000000 0.000000 140.000000 63.000000
0.9200 43.9100 50.8800 936.000000 0.000000 140.000000 63.000000
0.9300 43.4700 50.6200 817.000000 0.000000 140.000000 63.000000
0.9400 44.0700 50.7800 697.000000 0.000000 140.000000 63.000000
0.9500 45.2600 50.8700 309.000000 0.000000 140.000000 63.000000
