0.0000 18.4700 67.8200 51.000000 1.000000 119.000000 54.000000
0.0100 20.1100 69.8800 149.000000 0.000000 120.000000 55.000000
0.0200 20.6800 70.7800 178.000000 0.000000 122.000000 56.000000
0.0300 21.2000 71.1900 317.000000 0.000000 125.000000 56.000000
0.0400 21.3800 71.2800 399.000000 0.000000 127.000000 56.000000
0.0500 21.3800 71.2200 440.000000 0.000000 130.000000 56.000000
0.0600 21.1900 70.6400 507.000000 0.000000 131.000000 57.000000
0.0700 20.3000 69.7100 515.000000 0.000000 134.000000 57.000000
0.0800 18.9400 67.3100 512.000000 0.000000 134.000000 57.000000
0.0900 17.2500 64.8600 485.000000 0.000000 134.000000 57.000000
0.1000 15.6100 62.2100 428.000000 0.000000 135.000000 57.000000
0.1100 14.0100 59.4400 398.000000 0.000000 134.000000 57.000000
0.1200 12.6100 57.0000 342.000000 0.000000 134.000000 57.000000
0.1300 12.0100 55.9300 311.000000 0.000000 131.000000 57.000000
0.1400 11.9500 55.7800 273.000000 0.000000 131.000000 57.000000
0.1500 12.1200 55.9300 275.000000 0.000000 128.000000 57.000000
0.1600 12.9100 56.9400 282.000000 0.000000 126.000000 57.000000
0.1700 14.1100 58.5300 316.000000 0.000000 126.000000 57.000000
0.1800 15.7900 60.7100 315.000000 0.000000 124.000000 57.000000
0.1900 17.5200 63.2900 341.000000 0.000000 122.000000 57.000000
0.2000 19.3500 66.1500 372.000000 0.000000 122.000000 57.000000
0.2100 21.2200 69.1000 396.000000 0.000000 120.000000 57.000000
0.2200 23.1200 70.9500 417.000000 0.000000 119.000000 56.000000
0.2300 23.6700 72.0600 491.000000 0.000000 119.000000 56.000000
0.2400 23.7200 72.0600 491.000000 0.000000 120.000000 57.000000
0.2500 23.4400 71.7900 522.000000 0.000000 122.000000 57.000000
0.2600 22.7600 71.2600 554.000000 0.000000 123.000000 58.000000
0.2700 21.3800 69.4000 585.000000 0.000000 124.000000 57.000000
0.2800 19.5200 66.7400 588.000000 0.000000 126.000000 58.000000
0.2900 17.8800 63.5600 551.000000 0.000000 128.000000 58.000000
0.3000 16.7500 60.4700 473.000000 0.000000 128.000000 58.000000
0.3100 15.9600 58.4100 397.000000 0.000000 131.000000 58.000000
0.3200 16.6600 57.0300 396.000000 0.000000 131.000000 58.000000
0.3300 17.7600 56.6200 422.000000 0.000000 131.000000 60.000000
0.3400 19.1300 56.9500 443.000000 0.000000 131.000000 60.000000
0.3500 21.0300 57.7700 489.000000 0.000000 131.000000 60.000000
0.3600 22.9500 59.3400 535.000000 0.000000 128.000000 59.000000
0.3700 24.4700 61.1000 570.000000 0.000000 128.000000 59.000000
0.3800 25.7200 63.0000 589.000000 0.000000 128.000000 59.000000
0.3900 26.8600 65.7200 679.000000 0.000000 126.000000 60.000000
0.4000 27.0400 67.4700 725.000000 0.000000 126.000000 60.000000
0.4100 26.5800 68.5800 774.000000 0.000000 125.000000 59.000000
0.4200 25.2000 68.9200 814.000000 0.000000 125.000000 60.000000
0.4300 23.2800 68.3400 827.000000 0.000000 125.000000 60.000000
0.4400 20.9900 67.1400 875.000000 0.000000 125.000000 60.000000
0.4500 18.4000 64.8800 899.000000 0.000000 125.000000 60.000000
0.4600 16.0700 62.1700 896.000000 0.000000 125.000000 60.000000
0.4700 13.9100 59.1500 837.000000 0.000000 124.000000 60.000000
0.4800 13.5000 57.0600 790.000000 0.000000 124.000000 60.000000
0.4900 14.5800 55.7300 776.000000 0.000000 124.000000 60.000000
0.5000 16.6500 54.9000 756.000000 0.000000 124.000000 60.000000
0.5100 19.4800 55.1000 754.000000 0.000000 122.000000 60.000000
0.5200 22.7600 56.1300 758.000000 0.000000 122.000000 60.000000
0.5300 26.3400 57.7100 756.000000 0.000000 122.000000 60.000000
0.5400 29.1400 59.7400 763.000000 0.000000 122.000000 60.000000
0.5500 31.2800 62.1300 802.000000 0.000000 122.000000 60.000000
0.5600 32.9700 64.7600 876.000000 0.000000 122.000000 60.000000
0.5700 32.8900 66.1300 921.000000 0.000000 123.000000 61.000000
0.5800 31.7800 66.8500 935.000000 0.000000 123.000000 61.000000
0.5900 29.9800 67.1500 962.000000 0.000000 123.000000 61.000000
0.6000 27.3800 66.9000 965.000000 0.000000 124.000000 62.000000
0.6100 23.9700 65.7500 977.000000 0.000000 124.000000 62.000000
0.6200 20.0200 64.0000 1005.000000 0.000000 127.000000 62.000000
0.6300 16.5800 61.7600 1008.000000 0.000000 129.000000 63.000000
0.6400 14.3600 59.5600 968.000000 0.000000 129.000000 63.000000
0.6500 12.9500 57.3800 947.000000 0.000000 129.000000 63.000000
0.6600 13.8300 56.0900 902.000000 0.000000 129.000000 63.000000
0.6700 16.2500 55.4100 897.000000 0.000000 130.000000 62.000000
0.6800 19.7000 55.1500 894.000000 0.000000 130.000000 62.000000
0.6900 24.2900 56.1400 866.000000 0.000000 130.000000 62.000000
0.7000 28.2600 57.1900 879.000000 0.000000 130.000000 62.000000
0.7100 31.8200 58.2900 890.000000 0.000000 129.000000 63.000000
0.7200 34.6100 59.8300 924.000000 0.000000 129.000000 63.000000
0.7300 35.8900 60.7300 990.000000 0.000000 127.000000 63.000000
0.7400 36.1500 61.2000 1023.000000 0.000000 127.000000 63.000000
0.7500 35.7900 61.5400 1023.000000 0.000000 127.000000 63.000000
0.7600 34.5700 61.8100 1023.000000 0.000000 127.000000 63.000000
0.7700 32.7800 61.9500 1023.000000 0.000000 126.000000 62.000000
0.7800 29.8600 61.5900 1023.000000 0.000000 127.000000 63.000000
0.7900 26.4000 60.9000 1023.000000 0.000000 127.000000 63.000000
0.8000 22.5700 59.8600 1023.000000 0.000000 130.000000 63.000000
0.8100 18.7700 58.6700 1020.000000 0.000000 132.000000 64.000000
0.8200 16.3600 57.3900 971.000000 0.000000 132.000000 64.000000
0.8300 14.8800 56.8300 888.000000 0.000000 133.000000 65.000000
0.8400 15.2700 56.4900 824.000000 0.000000 135.000000 64.000000
0.8500 17.0400 56.3000 785.000000 0.000000 135.000000 64.000000
0.8600 19.7300 56.8300 749.000000 0.000000 135.000000 64.000000
0.8700 23.7100 57.7900 713.000000 0.000000 135.000000 64.000000
0.8800 27.8200 59.0500 697.000000 0.000000 135.000000 64.000000
0.8900 32.0200 60.3800 699.000000 0.000000 135.000000 64.000000
0.9000 35.2100 61.5200 745.000000 0.000000 135.000000 64.000000
0.9100 36.9000 62.1300 814.000000 0.000000 135.000000 64.000000
0.9200 37.5900 62.4600 893.000000 0.000000 135.000000 64.000000
0.9300 37.2800 62.6700 921.000000 0.000000 135.000000 64.000000
0.9400 35.6200 62.8600 944.000000 0.000000 137.000000 65.000000
0.9500 33.0700 62.7700 984.000000 0.000000 138.000000 64.000000
0.9600 29.1500 62.5100 1023.000000 0.000000 138.000000 64.000000
0.9700 24.4800 61.8300 1023.000000 0.000000 138.000000 64.000000
0.9800 19.3100 60.8000 1023.000000 0.000000 138.000000 64.000000
0.9900 14.3600 59.5500 1023.000000 0.000000 138.000000 64.000000
1.0000 10.8300 58.2200 1023.000000 0.000000 138.000000 64.000000
1.0100 8.2500 57.3900 1023.000000 0.000000 138.000000 64.000000
1.0200 7.6500 56.9000 896.000000 0.000000 138.000000 63.000000
1.0300 7.9400 56.6500 690.000000 0.000000 138.000000 63.000000
