0.0000 14.9300 81.3000 312.000000 1.000000 118.000000 65.000000
0.0100 14.9300 81.3000 369.000000 0.000000 116.000000 66.000000
0.0200 15.0800 80.7000 458.000000 0.000000 116.000000 66.000000
0.0300 14.9800 79.9000 602.000000 0.000000 116.000000 66.000000
0.0400 14.7900 78.1000 685.000000 0.000000 114.000000 66.000000
0.0500 14.3300 76.0500 733.000000 0.000000 114.000000 66.000000
0.0600 13.7100 73.8300 757.000000 0.000000 114.000000 66.000000
0.0700 13.0900 72.0800 779.000000 0.000000 110.000000 66.000000
0.0800 12.5700 70.8900 787.000000 0.000000 110.000000 65.000000
0.0900 12.2300 70.0800 796.000000 0.000000 107.000000 64.000000
0.1000 11.9900 69.7400 867.000000 0.000000 104.000000 63.000000
0.1100 11.8700 69.8400 861.000000 0.000000 104.000000 63.000000
0.1200 11.8200 70.2400 897.000000 0.000000 104.000000 63.000000
0.1300 11.8200 71.3000 894.000000 0.000000 102.000000 63.000000
0.1400 12.1000 72.9200 914.000000 0.000000 102.000000 63.000000
0.1500 12.4800 74.9200 917.000000 0.000000 102.000000 63.000000
0.1600 12.9400 77.1800 936.000000 0.000000 102.000000 63.000000
0.1700 13.4300 79.2300 944.000000 0.000000 102.000000 63.000000
0.1800 13.9300 81.1300 955.000000 0.000000 104.000000 63.000000
0.1900 14.4000 82.1600 964.000000 0.000000 106.000000 63.000000
0.2000 14.9100 83.1400 968.000000 0.000000 107.000000 64.000000
0.2100 15.4400 84.1000 976.000000 0.000000 109.000000 64.000000
0.2200 16.0500 84.6900 982.000000 0.000000 112.000000 64.000000
0.2300 16.7800 85.1300 986.000000 0.000000 114.000000 64.000000
0.2400 17.7100 85.4700 986.000000 0.000000 114.000000 64.000000
0.2500 18.7200 85.6000 992.000000 0.000000 114.000000 64.000000
0.2600 19.2200 85.3200 984.000000 0.000000 116.000000 64.000000
0.2700 19.4000 84.7700 1005.000000 0.000000 116.000000 64.000000
0.2800 19.4000 83.8200 1023.000000 0.000000 116.000000 64.000000
0.2900 18.8300 82.4600 1023.000000 0.000000 116.000000 64.000000
0.3000 18.1100 80.8200 1023.000000 0.000000 117.000000 63.000000
0.3100 17.2700 79.1900 1023.000000 0.000000 115.000000 63.000000
0.3200 16.6800 78.0100 1023.000000 0.000000 115.000000 63.000000
0.3300 16.5200 77.1200 1023.000000 0.000000 114.000000 62.000000
0.3400 16.6500 76.6400 1023.000000 0.000000 112.000000 62.000000
0.3500 17.0300 76.3500 1023.000000 0.000000 112.000000 62.000000
0.3600 17.4300 76.1800 1023.000000 0.000000 109.000000 62.000000
0.3700 18.0300 76.1800 1023.000000 0.000000 107.000000 62.000000
0.3800 18.7400 76.6000 1023.000000 0.000000 107.000000 62.000000
0.3900 19.6700 77.2400 1023.000000 0.000000 107.000000 62.000000
0.4000 20.4800 77.8700 1023.000000 0.000000 107.000000 62.000000
0.4100 21.2100 78.5700 1023.000000 0.000000 107.000000 62.000000
0.4200 21.9900 79.5900 1023.000000 0.000000 107.000000 62.000000
0.4300 22.8000 80.8000 1023.000000 0.000000 107.000000 62.000000
0.4400 23.3500 81.7600 1023.000000 0.000000 108.000000 61.000000
0.4500 23.7200 82.2500 1023.000000 0.000000 108.000000 61.000000
0.4600 23.7200 82.4400 1023.000000 0.000000 110.000000 60.000000
0.4700 23.6400 83.0600 1023.000000 0.000000 112.000000 60.000000
0.4800 23.4400 83.5200 1023.000000 0.000000 113.000000 61.000000
0.4900 22.9700 83.8700 1023.000000 0.000000 114.000000 61.000000
0.5000 22.5100 84.1900 1023.000000 0.000000 114.000000 61.000000
0.5100 21.7100 84.5000 1023.000000 0.000000 115.000000 62.000000
0.5200 20.6900 84.8000 1023.000000 0.000000 118.000000 62.000000
0.5300 19.3100 84.8000 1023.000000 0.000000 119.000000 63.000000
0.5400 17.4200 84.7500 1023.000000 0.000000 119.000000 63.000000
0.5500 15.1800 84.1400 1023.000000 0.000000 120.000000 64.000000
0.5600 12.9000 83.1700 1023.000000 0.000000 122.000000 65.000000
0.5700 10.6300 82.0800 1023.000000 0.000000 123.000000 65.000000
0.5800 8.3700 81.0700 1023.000000 0.000000 124.000000 66.000000
0.5900 7.2800 80.2100 1023.000000 0.000000 126.000000 67.000000
0.6000 7.0800 79.4300 1023.000000 0.000000 125.000000 68.000000
0.6100 7.4800 78.6700 1023.000000 0.000000 127.000000 69.000000
0.6200 8.7400 77.9800 1023.000000 0.000000 127.000000 69.000000
0.6300 10.7700 77.6600 1023.000000 0.000000 127.000000 69.000000
0.6400 13.3200 77.5700 1023.000000 0.000000 127.000000 69.000000
0.6500 15.9500 77.7800 1023.000000 0.000000 127.000000 69.000000
0.6600 18.8600 78.2700 1023.000000 0.000000 127.000000 69.000000
0.6700 21.9500 78.9600 1023.000000 0.000000 127.000000 69.000000
0.6800 24.0600 79.7000 1023.000000 0.000000 125.000000 68.000000
0.6900 25.5000 80.4400 1023.000000 0.000000 128.000000 68.000000
0.7000 26.4900 81.1500 1023.000000 0.000000 128.000000 68.000000
0.7100 26.4400 81.6700 1023.000000 0.000000 130.000000 67.000000
0.7200 25.5200 82.0700 1023.000000 0.000000 131.000000 67.000000
0.7300 24.0100 82.2400 1023.000000 0.000000 131.000000 67.000000
0.7400 21.2200 81.8600 1023.000000 0.000000 135.000000 67.000000
0.7500 17.4900 81.1200 1023.000000 0.000000 135.000000 67.000000
0.7600 13.1400 79.6800 1023.000000 0.000000 135.000000 67.000000
0.7700 9.0600 77.8100 1023.000000 0.000000 133.000000 67.000000
0.7800 6.0100 75.6500 1023.000000 0.000000 133.000000 67.000000
0.7900 3.6500 73.7900 1023.000000 0.000000 131.000000 67.000000
0.8000 3.4600 72.6200 1023.000000 0.000000 130.000000 67.000000
0.8100 5.0700 71.9200 1023.000000 0.000000 126.000000 67.000000
0.8200 7.8700 71.8100 1023.000000 0.000000 126.000000 67.000000
0.8300 12.5200 72.4300 1023.000000 0.000000 124.000000 66.000000
0.8400 17.8800 73.5500 1023.000000 0.000000 124.000000 66.000000
0.8500 23.7200 74.9600 1023.000000 0.000000 123.000000 65.000000
0.8600 28.9000 76.0700 1023.000000 0.000000 125.000000 65.000000
0.8700 31.9200 76.9800 1023.000000 0.000000 125.000000 65.000000
0.8800 33.5100 77.3200 1023.000000 0.000000 127.000000 64.000000
0.8900 33.2800 77.2700 1023.000000 0.000000 129.000000 64.000000
0.9000 31.7000 76.9600 1023.000000 0.000000 129.000000 64.000000
0.9100 29.2100 76.1300 1023.000000 0.000000 129.000000 64.000000
0.9200 25.5300 75.0700 1023.000000 0.000000 129.000000 63.000000
0.9300 22.7100 73.8700 1023.000000 0.000000 129.000000 63.000000
0.9400 20.4700 73.1500 1023.000000 0.000000 129.000000 63.000000
0.9500 20.4700 72.9200 1023.000000 0.000000 129.000000 63.000000
0.9600 21.6500 73.0300 1023.000000 0.000000 126.000000 62.000000
0.9700 23.6600 73.4200 1023.000000 0.000000 126.000000 62.000000
0.9800 26.6500 74.1700 1023.000000 0.000000 126.000000 62.000000
0.9900 29.6100 75.1500 1023.000000 0.000000 126.000000 62.000000
1.0000 32.5500 75.7200 211.000000 0.000000 126.000000 62.000000
