0.0000 89.9400 15.2700 124.000000 1.000000 119.000000 56.000000
0.0100 91.3300 15.8000 173.000000 0.000000 119.000000 56.000000
0.0200 91.2000 15.9700 233.000000 0.000000 122.000000 57.000000
0.0300 91.2000 16.0500 366.000000 0.000000 123.000000 56.000000
0.0400 91.2700 16.1200 427.000000 0.000000 124.000000 57.000000
0.0500 91.2000 16.0200 473.000000 0.000000 124.000000 57.000000
0.0600 90.8900 15.8000 516.000000 0.000000 126.000000 57.000000
0.0700 90.4200 14.9300 538.000000 0.000000 126.000000 57.000000
0.0800 89.0800 13.0900 522.000000 0.000000 127.000000 57.000000
0.0900 87.3800 10.6100 501.000000 0.000000 126.000000 58.000000
0.1000 85.4300 8.0100 464.000000 0.000000 126.000000 58.000000
0.1100 83.7100 5.3700 417.000000 0.000000 125.000000 59.000000
0.1200 82.2900 3.3100 382.000000 0.000000 124.000000 60.000000
0.1300 81.0600 1.6600 405.000000 0.000000 122.000000 60.000000
0.1400 80.4800 0.9600 394.000000 0.000000 122.000000 61.000000
0.1500 80.3600 0.8400 334.000000 0.000000 120.000000 62.000000
0.1600 80.5400 1.1000 317.000000 0.000000 116.000000 63.000000
0.1700 81.1800 2.2200 292.000000 0.000000 115.000000 63.000000
0.1800 82.5300 4.0800 306.000000 0.000000 115.000000 63.000000
0.1900 84.3600 6.4300 339.000000 0.000000 113.000000 63.000000
0.2000 86.3700 9.1300 405.000000 0.000000 113.000000 63.000000
0.2100 88.5000 11.8500 443.000000 0.000000 111.000000 64.000000
0.2200 90.7200 14.5800 502.000000 0.000000 111.000000 64.000000
0.2300 91.7200 16.0700 591.000000 0.000000 111.000000 64.000000
0.2400 91.9800 16.6900 647.000000 0.000000 111.000000 64.000000
0.2500 91.7500 16.6900 662.000000 0.000000 111.000000 64.000000
0.2600 91.5300 16.6900 690.000000 0.000000 113.000000 63.000000
0.2700 90.9400 16.1000 685.000000 0.000000 115.000000 63.000000
0.2800 90.1000 15.1300 702.000000 0.000000 115.000000 63.000000
0.2900 88.5400 13.1400 696.000000 0.000000 116.000000 63.000000
0.3000 86.8400 10.4300 649.000000 0.000000 118.000000 62.000000
0.3100 85.0400 7.2500 566.000000 0.000000 118.000000 62.000000
0.3200 83.7600 4.1800 448.000000 0.000000 119.000000 61.000000
0.3300 83.5500 2.5300 379.000000 0.000000 117.000000 61.000000
0.3400 84.0500 1.8200 354.000000 0.000000 117.000000 61.000000
0.3500 85.0000 1.7000 366.000000 0.000000 117.000000 61.000000
0.3600 86.3600 2.3500 410.000000 0.000000 115.000000 62.000000
0.3700 87.9900 3.5200 460.000000 0.000000 115.000000 62.000000
0.3800 89.8700 4.8700 504.000000 0.000000 115.000000 62.000000
0.3900 91.5100 6.7500 537.000000 0.000000 114.000000 62.000000
0.4000 92.9900 8.9800 608.000000 0.000000 114.000000 62.000000
0.4100 94.1500 10.8300 690.000000 0.000000 114.000000 62.000000
0.4200 94.2600 11.8000 759.000000 0.000000 114.000000 62.000000
0.4300 93.6800 12.1800 784.000000 0.000000 112.000000 62.000000
0.4400 92.6100 12.1300 799.000000 0.000000 112.000000 62.000000
0.4500 90.9400 11.3700 814.000000 0.000000 112.000000 62.000000
0.4600 88.8800 10.1300 818.000000 0.000000 112.000000 62.000000
0.4700 86.7200 8.4600 788.000000 0.000000 114.000000 62.000000
0.4800 84.8000 6.6400 758.000000 0.000000 114.000000 62.000000
0.4900 84.1200 4.7100 638.000000 0.000000 114.000000 62.000000
0.5000 84.1800 3.5800 620.000000 0.000000 114.000000 62.000000
0.5100 86.0400 3.1800 613.000000 0.000000 114.000000 62.000000
0.5200 88.9900 3.2800 633.000000 0.000000 115.000000 62.000000
0.5300 92.6600 4.3000 638.000000 0.000000 116.000000 63.000000
0.5400 95.9800 5.6600 668.000000 0.000000 116.000000 63.000000
0.5500 98.8000 7.2600 693.000000 0.000000 116.000000 63.000000
0.5600 101.2800 9.2800 731.000000 0.000000 118.000000 62.000000
0.5700 103.1900 11.5200 824.000000 0.000000 119.000000 63.000000
0.5800 103.6400 13.9000 899.000000 0.000000 121.000000 63.000000
0.5900 103.1200 15.1100 903.000000 0.000000 121.000000 63.000000
0.6000 101.2700 15.6700 923.000000 0.000000 124.000000 63.000000
0.6100 97.8900 15.8000 908.000000 0.000000 124.000000 63.000000
0.6200 93.4900 14.8200 914.000000 0.000000 124.000000 63.000000
0.6300 88.5900 12.7500 936.000000 0.000000 127.000000 63.000000
0.6400 84.2600 9.9500 921.000000 0.000000 127.000000 63.000000
0.6500 80.3000 7.1500 857.000000 0.000000 127.000000 63.000000
0.6600 79.6600 4.6300 796.000000 0.000000 129.000000 64.000000
0.6700 81.4400 2.3100 788.000000 0.000000 129.000000 64.000000
0.6800 84.8200 0.8600 797.000000 0.000000 127.000000 64.000000
0.6900 89.7100 0.6600 783.000000 0.000000 127.000000 64.000000
0.7000 94.4500 1.2900 791.000000 0.000000 127.000000 64.000000
0.7100 99.1000 2.5600 830.000000 0.000000 128.000000 65.000000
0.7200 102.6400 3.8100 832.000000 0.000000 128.000000 65.000000
0.7300 105.2200 5.2800 854.000000 0.000000 128.000000 65.000000
0.7400 107.1500 6.9000 950.000000 0.000000 130.000000 66.000000
0.7500 106.9100 7.5700 955.000000 0.000000 128.000000 66.000000
0.7600 105.4900 8.1300 961.000000 0.000000 128.000000 66.000000
0.7700 103.2700 8.6200 995.000000 0.000000 130.000000 67.000000
0.7800 99.3200 8.4600 1021.000000 0.000000 130.000000 67.000000
0.7900 94.5400 7.7000 1023.000000 0.000000 131.000000 68.000000
0.8000 89.2100 6.5500 1023.000000 0.000000 131.000000 68.000000
0.8100 84.4800 4.6900 1023.000000 0.000000 133.000000 69.000000
0.8200 81.7800 3.2200 1023.000000 0.000000 133.000000 69.000000
0.8300 80.4400 2.0200 961.000000 0.000000 133.000000 69.000000
0.8400 81.6000 1.0600 921.000000 0.000000 137.000000 69.000000
0.8500 85.0800 0.8500 864.000000 0.000000 137.000000 69.000000
0.8600 90.1100 1.1400 817.000000 0.000000 137.000000 69.000000
0.8700 96.2700 2.2800 763.000000 0.000000 139.000000 69.000000
0.8800 102.5000 3.6900 762.000000 0.000000 139.000000 69.000000
0.8900 108.7700 5.2700 797.000000 0.000000 137.000000 69.000000
0.9000 113.7900 6.4700 837.000000 0.000000 139.000000 68.000000
0.9100 115.5200 6.9200 944.000000 0.000000 135.000000 67.000000
0.9200 115.0500 6.9200 949.000000 0.000000 137.000000 66.000000
0.9300 112.9700 7.1000 967.000000 0.000000 135.000000 65.000000
0.9400 108.5500 6.7200 1018.000000 0.000000 137.000000 65.000000
0.9500 102.5700 5.9500 1023.000000 0.000000 137.000000 65.000000
0.9600 95.7200 4.5300 1023.000000 0.000000 140.000000 65.000000
0.9700 88.9900 2.5500 1023.000000 0.000000 140.000000 65.000000
0.9800 82.3500 0.1900 1023.000000 0.000000 140.000000 65.000000
0.9900 78.6300 0.0000 1023.000000 0.000000 140.000000 65.000000
1.0000 77.8200 0.0000 1023.000000 0.000000 140.000000 65.000000
1.0100 78.9500 0.0000 1023.000000 0.000000 140.000000 65.000000
