0.0000 19.6100 6.6300 20.000000 1.000000 156.000000 42.000000
0.0100 19.2900 5.9100 46.000000 0.000000 157.000000 42.000000
0.0200 19.1400 6.0300 68.000000 0.000000 158.000000 42.000000
0.0300 19.1400 6.1500 83.000000 0.000000 159.000000 42.000000
0.0400 19.1400 6.4800 101.000000 0.000000 159.000000 42.000000
0.0500 19.2700 6.9500 132.000000 0.000000 159.000000 43.000000
0.0600 19.6200 7.7000 170.000000 0.000000 159.000000 43.000000
0.0700 20.1300 8.6000 185.000000 0.000000 158.000000 44.000000
0.0800 20.7500 9.6000 212.000000 0.000000 157.000000 45.000000
0.0900 21.7200 10.8900 206.000000 0.000000 156.000000 45.000000
0.1000 22.9300 12.5700 216.000000 0.000000 154.000000 46.000000
0.1100 24.2200 14.5000 218.000000 0.000000 153.000000 47.000000
0.1200 25.6500 15.9100 226.000000 0.000000 153.000000 47.000000
0.1300 27.1800 16.8500 230.000000 0.000000 151.000000 47.000000
0.1400 28.4600 17.4800 223.000000 0.000000 150.000000 48.000000
0.1500 29.5800 17.5700 218.000000 0.000000 148.000000 48.000000
0.1600 30.5800 17.2200 212.000000 0.000000 148.000000 48.000000
0.1700 31.1600 16.5700 209.000000 0.000000 148.000000 48.000000
0.1800 31.3300 15.6200 214.000000 0.000000 147.000000 48.000000
0.1900 31.2200 14.2400 215.000000 0.000000 147.000000 48.000000
0.2000 30.4400 12.5700 217.000000 0.000000 146.000000 49.000000
0.2100 29.3400 10.7800 219.000000 0.000000 147.000000 49.000000
0.2200 28.0300 9.6700 246.000000 0.000000 147.000000 49.000000
0.2300 26.8400 9.0100 257.000000 0.000000 147.000000 49.000000
0.2400 25.5100 8.4100 311.000000 0.000000 147.000000 49.000000
0.2500 24.0900 8.1900 345.000000 0.000000 147.000000 49.000000
0.2600 23.1000 8.1900 341.000000 0.000000 148.000000 48.000000
0.2700 22.4600 8.6000 344.000000 0.000000 148.000000 48.000000
0.2800 22.0600 9.1500 334.000000 0.000000 149.000000 48.000000
0.2900 21.9500 9.8200 342.000000 0.000000 150.000000 47.000000
0.3000 22.1900 10.4900 330.000000 0.000000 150.000000 47.000000
0.3100 22.6600 11.1000 335.000000 0.000000 150.000000 47.000000
0.3200 23.1400 11.4000 334.000000 0.000000 150.000000 47.000000
0.3300 23.6400 11.5300 319.000000 0.000000 151.000000 47.000000
0.3400 24.1800 11.3000 307.000000 0.000000 150.000000 48.000000
0.3500 24.7200 10.8500 304.000000 0.000000 150.000000 48.000000
0.3600 25.0800 10.2500 297.000000 0.000000 151.000000 48.000000
0.3700 25.3300 9.4900 297.000000 0.000000 151.000000 48.000000
0.3800 25.4800 8.7300 301.000000 0.000000 151.000000 48.000000
0.3900 25.8400 7.9500 297.000000 0.000000 153.000000 49.000000
0.4000 26.3300 7.2700 299.000000 0.000000 153.000000 49.000000
0.4100 27.2400 6.6600 291.000000 0.000000 153.000000 48.000000
0.4200 28.4400 6.3800 292.000000 0.000000 153.000000 48.000000
0.4300 29.8400 6.5800 299.000000 0.000000 153.000000 48.000000
0.4400 31.5200 7.1000 306.000000 0.000000 154.000000 47.000000
0.4500 33.2500 8.1100 314.000000 0.000000 153.000000 48.000000
0.4600 34.5800 9.1900 332.000000 0.000000 153.000000 48.000000
0.4700 35.6300 10.3200 329.000000 0.000000 154.000000 49.000000
0.4800 35.9100 11.5900 314.000000 0.000000 153.000000 50.000000
0.4900 35.2300 13.1000 284.000000 0.000000 152.000000 51.000000
0.5000 33.9000 14.7800 301.000000 0.000000 152.000000 51.000000
0.5100 31.9400 15.9200 317.000000 0.000000 152.000000 51.000000
0.5200 29.6100 15.8600 307.000000 0.000000 151.000000 50.000000
0.5300 27.0200 15.0000 309.000000 0.000000 151.000000 50.000000
0.5400 23.5000 12.8200 299.000000 0.000000 152.000000 49.000000
0.5500 19.8300 10.4000 330.000000 0.000000 153.000000 49.000000
0.5600 16.0600 7.8300 363.000000 0.000000 155.000000 48.000000
0.5700 14.0800 6.0100 358.000000 0.000000 157.000000 47.000000
0.5800 13.5700 4.8000 349.000000 0.000000 161.000000 46.000000
0.5900 14.0400 3.9900 344.000000 0.000000 164.000000 46.000000
0.6000 15.3000 3.4600 341.000000 0.000000 167.000000 45.000000
0.6100 17.2700 3.6800 344.000000 0.000000 169.000000 45.000000
0.6200 19.7200 4.3900 341.000000 0.000000 171.000000 45.000000
0.6300 22.8200 5.8000 333.000000 0.000000 171.000000 46.000000
0.6400 26.0900 7.4700 339.000000 0.000000 170.000000 46.000000
0.6500 29.4600 9.3200 341.000000 0.000000 167.000000 46.000000
0.6600 32.4700 11.0700 342.000000 0.000000 164.000000 48.000000
0.6700 34.2500 12.7900 317.000000 0.000000 160.000000 48.000000
0.6800 35.2100 14.5000 254.000000 0.000000 157.000000 49.000000
0.6900 34.7600 15.2000 228.000000 0.000000 155.000000 49.000000
0.7000 33.1800 15.3000 245.000000 0.000000 153.000000 50.000000
0.7100 30.8500 15.0100 274.000000 0.000000 152.000000 49.000000
0.7200 27.8000 13.6400 310.000000 0.000000 151.000000 50.000000
0.7300 23.8900 11.4900 336.000000 0.000000 152.000000 49.000000
0.7400 19.4100 8.8200 420.000000 0.000000 152.000000 49.000000
0.7500 15.6200 6.4100 450.000000 0.000000 156.000000 48.000000
0.7600 13.6700 4.7500 448.000000 0.000000 159.000000 48.000000
0.7700 12.9500 3.5800 449.000000 0.000000 162.000000 47.000000
0.7800 13.4200 3.3600 440.000000 0.000000 166.000000 46.000000
0.7900 15.3500 3.9800 443.000000 0.000000 169.000000 45.000000
0.8000 18.2400 5.1500 472.000000 0.000000 170.000000 45.000000
0.8100 22.5100 7.2600 493.000000 0.000000 171.000000 45.000000
0.8200 27.4300 9.7000 475.000000 0.000000 171.000000 45.000000
0.8300 32.7900 12.3500 366.000000 0.000000 170.000000 46.000000
0.8400 37.2700 14.7100 98.000000 0.000000 167.000000 47.000000
