0.0000 63.6500 16.7800 29.000000 1.000000 158.000000 51.000000
0.0100 64.4400 16.8800 54.000000 0.000000 158.000000 51.000000
0.0200 64.4400 16.9400 65.000000 0.000000 159.000000 50.000000
0.0300 64.2400 16.6300 70.000000 0.000000 159.000000 50.000000
0.0400 63.9400 15.9900 78.000000 0.000000 158.000000 51.000000
0.0500 63.1000 15.1400 71.000000 0.000000 158.000000 51.000000
0.0600 61.9200 13.9400 71.000000 0.000000 158.000000 52.000000
0.0700 60.5000 12.7300 68.000000 0.000000 158.000000 53.000000
0.0800 59.2600 11.7300 66.000000 0.000000 156.000000 55.000000
0.0900 58.0800 10.8800 78.000000 0.000000 154.000000 56.000000
0.1000 57.3500 10.6300 120.000000 0.000000 154.000000 57.000000
0.1100 56.8900 10.5800 183.000000 0.000000 152.000000 59.000000
0.1200 56.7700 10.6600 217.000000 0.000000 151.000000 60.000000
0.1300 57.0500 10.8700 211.000000 0.000000 150.000000 60.000000
0.1400 57.5900 11.5400 225.000000 0.000000 151.000000 61.000000
0.1500 58.7100 12.5300 240.000000 0.000000 151.000000 61.000000
0.1600 60.2800 13.6900 254.000000 0.000000 151.000000 61.000000
0.1700 62.1600 14.8000 247.000000 0.000000 151.000000 61.000000
0.1800 64.1900 15.4900 259.000000 0.000000 152.000000 60.000000
0.1900 65.9600 15.9200 269.000000 0.000000 153.000000 59.000000
0.2000 67.1400 15.8500 274.000000 0.000000 154.000000 58.000000
0.2100 68.0200 15.4800 272.000000 0.000000 157.000000 58.000000
0.2200 68.3500 14.9100 270.000000 0.000000 157.000000 57.000000
0.2300 68.0000 14.0700 249.000000 0.000000 157.000000 57.000000
0.2400 67.2000 12.8900 222.000000 0.000000 157.000000 57.000000
0.2500 65.6400 11.4900 205.000000 0.000000 157.000000 57.000000
0.2600 63.6900 10.6300 223.000000 0.000000 157.000000 58.000000
0.2700 61.4900 10.1100 269.000000 0.000000 157.000000 58.000000
0.2800 59.3200 9.8100 309.000000 0.000000 156.000000 59.000000
0.2900 57.1700 9.5800 343.000000 0.000000 155.000000 60.000000
0.3000 55.1200 9.4300 356.000000 0.000000 153.000000 59.000000
0.3100 53.8300 9.3400 371.000000 0.000000 151.000000 60.000000
0.3200 53.0100 9.6000 394.000000 0.000000 151.000000 60.000000
0.3300 52.9400 10.0700 391.000000 0.000000 149.000000 59.000000
0.3400 53.8400 10.6700 366.000000 0.000000 149.000000 59.000000
0.3500 55.3800 11.7100 359.000000 0.000000 149.000000 59.000000
0.3600 57.8600 12.7900 361.000000 0.000000 149.000000 59.000000
0.3700 60.3900 13.9000 364.000000 0.000000 149.000000 59.000000
0.3800 62.9600 14.0700 366.000000 0.000000 152.000000 59.000000
0.3900 64.7700 13.7600 361.000000 0.000000 152.000000 59.000000
0.4000 65.8600 13.1200 358.000000 0.000000 153.000000 59.000000
0.4100 66.4800 12.3400 314.000000 0.000000 154.000000 58.000000
0.4200 66.3500 11.4500 255.000000 0.000000 156.000000 59.000000
0.4300 65.2900 10.4900 187.000000 0.000000 156.000000 59.000000
0.4400 63.6100 9.6000 200.000000 0.000000 156.000000 59.000000
0.4500 61.1600 8.8700 269.000000 0.000000 156.000000 59.000000
0.4600 58.2700 8.2400 305.000000 0.000000 156.000000 59.000000
0.4700 55.0800 7.7600 369.000000 0.000000 156.000000 59.000000
0.4800 52.0100 7.2800 433.000000 0.000000 154.000000 58.000000
0.4900 49.6900 7.0000 469.000000 0.000000 154.000000 58.000000
0.5000 47.8800 6.8600 490.000000 0.000000 154.000000 58.000000
0.5100 47.3500 6.8600 495.000000 0.000000 154.000000 57.000000
0.5200 47.6600 7.2300 465.000000 0.000000 154.000000 57.000000
0.5300 48.5300 7.7500 458.000000 0.000000 154.000000 57.000000
0.5400 50.8400 8.9300 456.000000 0.000000 154.000000 56.000000
0.5500 54.2500 10.1500 456.000000 0.000000 154.000000 56.000000
0.5600 58.4000 11.4100 456.000000 0.000000 154.000000 57.000000
0.5700 62.0600 11.8400 450.000000 0.000000 155.000000 58.000000
0.5800 64.6400 11.5700 433.000000 0.000000 155.000000 58.000000
0.5900 66.5000 10.8400 361.000000 0.000000 154.000000 58.000000
0.6000 67.2600 10.2500 279.000000 0.000000 156.000000 59.000000
0.6100 66.9300 9.6200 165.000000 0.000000 156.000000 59.000000
0.6200 65.8600 8.6900 107.000000 0.000000 157.000000 59.000000
0.6300 63.7100 7.5900 148.000000 0.000000 157.000000 59.000000
0.6400 60.8900 6.4500 214.000000 0.000000 157.000000 59.000000
0.6500 57.6100 5.3900 277.000000 0.000000 157.000000 59.000000
0.6600 54.2300 4.3900 367.000000 0.000000 157.000000 60.000000
0.6700 50.4400 3.4400 443.000000 0.000000 154.000000 60.000000
0.6800 46.3700 3.3400 447.000000 0.000000 154.000000 60.000000
0.6900 45.6600 3.8100 422.000000 0.000000 153.000000 61.000000
0.7000 45.8100 4.4100 412.000000 0.000000 151.000000 61.000000
0.7100 46.5200 5.4800 413.000000 0.000000 151.000000 61.000000
0.7200 48.6500 6.8700 417.000000 0.000000 151.000000 61.000000
0.7300 51.4300 8.1300 418.000000 0.000000 151.000000 61.000000
0.7400 54.6300 8.6800 414.000000 0.000000 154.000000 60.000000
0.7500 57.5500 8.7500 393.000000 0.000000 155.000000 60.000000
0.7600 59.5400 8.4300 304.000000 0.000000 156.000000 59.000000
0.7700 60.9100 7.9600 211.000000 0.000000 158.000000 58.000000
0.7800 61.1500 7.4000 129.000000 0.000000 159.000000 57.000000
0.7900 60.2100 6.6700 51.000000 0.000000 159.000000 57.000000
0.8000 58.4900 5.6600 61.000000 0.000000 159.000000 57.000000
0.8100 55.7200 4.4700 115.000000 0.000000 159.000000 57.000000
0.8200 52.7000 3.5300 269.000000 0.000000 157.000000 58.000000
0.8300 49.5200 2.9500 341.000000 0.000000 156.000000 59.000000
0.8400 46.9200 2.6100 394.000000 0.000000 155.000000 60.000000
0.8500 45.6800 2.6800 413.000000 0.000000 152.000000 60.000000
0.8600 45.3400 2.8100 415.000000 0.000000 151.000000 61.000000
0.8700 45.7200 2.9800 440.000000 0.000000 150.000000 62.000000
0.8800 47.2100 3.7800 474.000000 0.000000 147.000000 62.000000
0.8900 49.4500 4.6600 490.000000 0.000000 148.000000 63.000000
0.9000 52.7100 5.6000 490.000000 0.000000 148.000000 63.000000
0.9100 56.4700 6.0300 488.000000 0.000000 149.000000 63.000000
0.9200 60.5500 6.2300 456.000000 0.000000 153.000000 61.000000
0.9300 64.8600 6.2800 387.000000 0.000000 156.000000 61.000000
0.9400 69.6400 6.2800 153.000000 0.000000 157.000000 60.000000
