0.0000 10.8600 42.0200 13.000000 1.000000 124.000000 66.000000
0.0100 10.8600 42.0200 46.000000 1.000000 124.000000 66.000000
0.0200 10.8600 42.0200 65.000000 0.000000 124.000000 66.000000
0.0300 10.8600 42.0200 101.000000 0.000000 124.000000 66.000000
0.0400 10.8600 42.0200 137.000000 0.000000 124.000000 66.000000
0.0500 10.8600 42.0200 160.000000 0.000000 124.000000 66.000000
0.0600 10.8600 42.0200 202.000000 0.000000 126.000000 66.000000
0.0700 10.8600 42.0200 218.000000 0.000000 126.000000 66.000000
0.0800 10.8600 42.0200 245.000000 0.000000 126.000000 66.000000
0.0900 10.8600 42.0200 270.000000 0.000000 126.000000 66.000000
0.1000 10.8600 42.0200 281.000000 0.000000 126.000000 66.000000
0.1100 10.8600 42.0200 309.000000 0.000000 126.000000 66.000000
0.1200 10.8600 42.0200 307.000000 0.000000 126.000000 66.000000
0.1300 10.8600 42.0200 315.000000 0.000000 126.000000 66.000000
0.1400 10.8600 42.0200 330.000000 0.000000 126.000000 66.000000
0.1500 10.8600 42.0200 340.000000 0.000000 126.000000 66.000000
0.1600 10.8600 42.0200 342.000000 0.000000 126.000000 66.000000
0.1700 10.8600 42.0200 344.000000 0.000000 126.000000 66.000000
0.1800 10.8600 42.0200 371.000000 0.000000 125.000000 65.000000
0.1900 10.8600 42.0200 361.000000 0.000000 125.000000 65.000000
0.2000 10.8600 42.0200 369.000000 0.000000 125.000000 65.000000
0.2100 10.8600 42.0200 371.000000 0.000000 125.000000 65.000000
0.2200 10.8600 42.0200 377.000000 0.000000 125.000000 65.000000
0.2300 11.1900 42.6200 381.000000 0.000000 123.000000 65.000000
0.2400 11.4000 43.1600 386.000000 0.000000 123.000000 65.000000
0.2500 11.6700 43.8800 381.000000 0.000000 123.000000 65.000000
0.2600 11.9300 44.6500 379.000000 0.000000 123.000000 65.000000
0.2700 12.2000 45.4500 377.000000 0.000000 123.000000 65.000000
0.2800 12.5000 46.1200 379.000000 0.000000 123.000000 65.000000
0.2900 12.7700 46.7600 379.000000 0.000000 123.000000 65.000000
0.3000 12.9200 47.2100 376.000000 0.000000 123.000000 65.000000
0.3100 13.0000 47.5500 379.000000 0.000000 123.000000 65.000000
0.3200 13.0000 47.8900 379.000000 0.000000 123.000000 65.000000
0.3300 13.0500 48.1800 377.000000 0.000000 123.000000 65.000000
0.3400 13.0500 48.4100 371.000000 0.000000 123.000000 65.000000
0.3500 13.0500 48.6200 366.000000 0.000000 125.000000 65.000000
0.3600 13.1000 48.8200 366.000000 0.000000 125.000000 65.000000
0.3700 13.1000 48.8200 373.000000 0.000000 125.000000 65.000000
0.3800 13.1500 48.8200 371.000000 0.000000 125.000000 65.000000
0.3900 13.1500 48.7600 361.000000 0.000000 125.000000 65.000000
0.4000 13.2200 48.5200 361.000000 0.000000 125.000000 65.000000
0.4100 13.2800 48.1500 362.000000 0.000000 125.000000 65.000000
0.4200 13.3500 47.6500 362.000000 0.000000 125.000000 65.000000
0.4300 13.4400 47.1600 366.000000 0.000000 125.000000 65.000000
0.4400 13.5600 46.6700 367.000000 0.000000 125.000000 65.000000
0.4500 13.7200 46.0900 369.000000 0.000000 126.000000 66.000000
0.4600 13.9000 45.4900 369.000000 0.000000 126.000000 66.000000
0.4700 14.0200 44.8900 362.000000 0.000000 124.000000 66.000000
0.4800 14.1000 44.3700 373.000000 0.000000 124.000000 66.000000
0.4900 14.2000 43.9000 364.000000 0.000000 124.000000 66.000000
0.5000 14.2900 43.4900 349.000000 0.000000 124.000000 66.000000
0.5100 14.3800 43.1500 339.000000 0.000000 124.000000 66.000000
0.5200 14.4700 42.8700 341.000000 0.000000 126.000000 67.000000
0.5300 14.4700 42.6900 339.000000 0.000000 126.000000 67.000000
0.5400 14.4700 42.5300 345.000000 0.000000 126.000000 67.000000
0.5500 14.4700 42.3900 345.000000 0.000000 126.000000 67.000000
0.5600 14.3600 42.3400 344.000000 0.000000 126.000000 67.000000
0.5700 14.2800 42.3400 342.000000 0.000000 126.000000 67.000000
0.5800 14.1600 42.3400 344.000000 0.000000 126.000000 67.000000
0.5900 14.0200 42.4100 337.000000 0.000000 126.000000 67.000000
0.6000 13.8600 42.6000 337.000000 0.000000 126.000000 67.000000
0.6100 13.6100 42.8800 344.000000 0.000000 126.000000 67.000000
0.6200 13.3300 43.1200 333.000000 0.000000 126.000000 67.000000
0.6300 13.0200 43.4300 334.000000 0.000000 126.000000 67.000000
0.6400 12.6400 43.7900 339.000000 0.000000 124.000000 66.000000
0.6500 12.1900 44.0900 333.000000 0.000000 124.000000 66.000000
0.6600 11.7000 44.3900 342.000000 0.000000 124.000000 66.000000
0.6700 11.2700 44.6800 344.000000 0.000000 124.000000 66.000000
0.6800 10.8600 44.9400 345.000000 0.000000 124.000000 66.000000
0.6900 10.5200 45.1400 333.000000 0.000000 124.000000 66.000000
0.7000 10.3600 45.2900 345.000000 0.000000 124.000000 66.000000
0.7100 10.2800 45.3900 334.000000 0.000000 124.000000 66.000000
0.7200 10.2800 45.4500 333.000000 0.000000 124.000000 66.000000
0.7300 10.2800 45.4500 342.000000 0.000000 124.000000 66.000000
0.7400 10.3500 45.4500 345.000000 0.000000 124.000000 66.000000
0.7500 10.5100 45.4500 334.000000 0.000000 124.000000 66.000000
0.7600 10.9000 45.5600 336.000000 0.000000 124.000000 66.000000
0.7700 11.4300 45.6800 334.000000 0.000000 124.000000 66.000000
0.7800 12.0400 45.8900 334.000000 0.000000 124.000000 66.000000
0.7900 12.6700 46.1900 336.000000 0.000000 124.000000 66.000000
0.8000 13.3300 46.5600 334.000000 0.000000 124.000000 66.000000
0.8100 13.9100 46.9100 334.000000 0.000000 124.000000 66.000000
0.8200 14.4300 47.2500 333.000000 0.000000 124.000000 66.000000
0.8300 14.9500 47.5700 334.000000 0.000000 124.000000 66.000000
0.8400 15.4600 47.9000 333.000000 0.000000 126.000000 67.000000
0.8500 15.8800 48.2500 345.000000 0.000000 126.000000 67.000000
0.8600 16.2300 48.4800 345.000000 0.000000 128.000000 66.000000
0.8700 16.4600 48.6800 345.000000 0.000000 128.000000 66.000000
0.8800 16.5700 48.7500 333.000000 0.000000 126.000000 66.000000
0.8900 16.5700 48.7500 339.000000 0.000000 128.000000 65.000000
0.9000 16.6300 48.6800 338.000000 0.000000 128.000000 65.000000
0.9100 16.6300 48.6300 343.000000 0.000000 127.000000 64.000000
0.9200 16.5600 48.4000 349.000000 0.000000 127.000000 64.000000
0.9300 16.4600 48.0500 354.000000 0.000000 127.000000 64.000000
0.9400 16.3900 47.6400 369.000000 0.000000 125.000000 64.000000
0.9500 16.3900 47.2300 373.000000 0.000000 124.000000 64.000000
0.9600 16.3900 46.7600 361.000000 0.000000 125.000000 65.000000
0.9700 16.2700 46.2200 361.000000 0.000000 125.000000 65.000000
0.9800 16.1500 45.6700 361.000000 0.000000 123.000000 65.000000
0.9900 15.9700 45.1600 369.000000 0.000000 124.000000 66.000000
1.0000 15.8000 44.6600 364.000000 0.000000 126.000000 67.000000
1.0100 15.6300 44.2700 368.000000 0.000000 126.000000 67.000000
1.0200 15.5600 43.9500 364.000000 0.000000 125.000000 68.000000
1.0300 15.5600 43.7200 368.000000 0.000000 125.000000 68.000000
1.0400 15.5600 43.5600 373.000000 0.000000 127.000000 69.000000
1.0500 15.5600 43.4600 364.000000 0.000000 127.000000 69.000000
1.0600 15.5600 43.3000 369.000000 0.000000 127.000000 69.000000
1.0700 15.5600 43.1500 371.000000 0.000000 129.000000 68.000000
1.0800 15.5600 43.0300 371.000000 0.000000 129.000000 68.000000
1.0900 15.6100 42.9700 376.000000 0.000000 129.000000 68.000000
1.1000 15.6100 42.9700 379.000000 0.000000 129.000000 68.000000
1.1100 15.6100 42.9700 389.000000 0.000000 127.000000 69.000000
1.1200 15.6100 42.9700 394.000000 0.000000 127.000000 69.000000
1.1300 15.6100 42.9700 396.000000 0.000000 127.000000 69.000000
1.1400 15.6100 42.9700 398.000000 0.000000 127.000000 69.000000
1.1500 15.6100 42.9700 398.000000 0.000000 127.000000 69.000000
1.1600 15.6100 42.9700 399.000000 0.000000 127.000000 69.000000
1.1700 15.6100 42.9700 399.000000 0.000000 127.000000 69.000000
1.1800 15.6100 42.9700 388.000000 0.000000 127.000000 69.000000
1.1900 15.6800 42.9700 392.000000 0.000000 127.000000 69.000000
1.2000 15.7500 42.9700 397.000000 0.000000 129.000000 70.000000
1.2100 15.9100 43.0300 400.000000 0.000000 129.000000 70.000000
1.2200 16.1400 43.1600 402.000000 0.000000 129.000000 70.000000
1.2300 16.4100 43.2900 404.000000 0.000000 129.000000 70.000000
1.2400 16.6900 43.4200 404.000000 0.000000 129.000000 70.000000
1.2500 16.9700 43.5400 404.000000 0.000000 127.000000 69.000000
1.2600 17.2300 43.6600 402.000000 0.000000 127.000000 69.000000
1.2700 17.4800 43.7700 402.000000 0.000000 127.000000 69.000000
1.2800 17.7200 43.9000 397.000000 0.000000 127.000000 69.000000
1.2900 17.9400 44.0100 392.000000 0.000000 125.000000 68.000000
1.3000 18.1400 44.1300 398.000000 0.000000 125.000000 68.000000
1.3100 18.3100 44.2500 389.000000 0.000000 125.000000 68.000000
1.3200 18.4700 44.3900 389.000000 0.000000 125.000000 68.000000
1.3300 18.6100 44.5600 381.000000 0.000000 125.000000 68.000000
1.3400 18.7200 44.7500 381.000000 0.000000 125.000000 68.000000
1.3500 18.8400 44.9200 376.000000 0.000000 125.000000 68.000000
1.3600 18.9000 45.0900 372.000000 0.000000 125.000000 68.000000
1.3700 18.9000 45.3000 366.000000 0.000000 125.000000 68.000000
1.3800 18.9500 45.5500 373.000000 0.000000 125.000000 68.000000
1.3900 18.8800 45.7600 361.000000 0.000000 125.000000 68.000000
1.4000 18.7400 45.9100 351.000000 0.000000 125.000000 68.000000
1.4100 18.3800 45.9700 349.000000 0.000000 125.000000 68.000000
1.4200 17.9900 45.9700 349.000000 0.000000 125.000000 68.000000
1.4300 17.5800 45.9100 353.000000 0.000000 125.000000 68.000000
1.4400 17.1800 45.8300 353.000000 0.000000 125.000000 68.000000
1.4500 16.8200 45.7400 364.000000 0.000000 125.000000 68.000000
1.4600 16.5200 45.6300 361.000000 0.000000 125.000000 68.000000
1.4700 16.4100 45.5700 371.000000 0.000000 125.000000 68.000000
1.4800 16.4100 45.5700 376.000000 0.000000 125.000000 68.000000
1.4900 16.6100 45.5700 377.000000 0.000000 124.000000 67.000000
1.5000 16.8200 45.5100 381.000000 0.000000 124.000000 67.000000
1.5100 17.1500 45.5100 384.000000 0.000000 124.000000 67.000000
1.5200 17.5600 45.6100 384.000000 0.000000 124.000000 67.000000
1.5300 17.9800 45.7100 389.000000 0.000000 124.000000 67.000000
1.5400 18.4000 45.8300 389.000000 0.000000 125.000000 68.000000
1.5500 18.7800 45.9600 391.000000 0.000000 125.000000 68.000000
1.5600 19.1400 46.1300 398.000000 0.000000 125.000000 68.000000
1.5700 19.4600 46.3000 399.000000 0.000000 125.000000 68.000000
1.5800 19.7100 46.4800 398.000000 0.000000 125.000000 68.000000
1.5900 19.9000 46.6600 391.000000 0.000000 125.000000 68.000000
1.6000 20.0400 46.8400 397.000000 0.000000 125.000000 68.000000
1.6100 20.1100 47.0100 400.000000 0.000000 125.000000 68.000000
1.6200 20.1100 47.2500 405.000000 0.000000 125.000000 68.000000
1.6300 20.1100 47.5400 405.000000 0.000000 125.000000 68.000000
1.6400 20.0600 47.8500 407.000000 0.000000 125.000000 68.000000
1.6500 19.8900 48.1400 405.000000 0.000000 128.000000 68.000000
1.6600 19.6000 48.3900 404.000000 0.000000 128.000000 68.000000
1.6700 19.2200 48.5400 405.000000 0.000000 126.000000 67.000000
1.6800 18.7800 48.6000 407.000000 0.000000 128.000000 66.000000
1.6900 18.3700 48.5500 404.000000 0.000000 128.000000 66.000000
1.7000 17.9700 48.4500 407.000000 0.000000 128.000000 66.000000
1.7100 17.6300 48.3100 407.000000 0.000000 128.000000 66.000000
1.7200 17.3900 48.1400 412.000000 0.000000 128.000000 66.000000
1.7300 17.2600 48.0200 413.000000 0.000000 128.000000 66.000000
1.7400 17.1900 47.9300 415.000000 0.000000 128.000000 66.000000
1.7500 17.1900 47.8700 410.000000 0.000000 128.000000 66.000000
1.7600 17.1400 47.8200 407.000000 0.000000 128.000000 66.000000
1.7700 17.1400 47.8200 389.000000 0.000000 130.000000 66.000000
1.7800 17.1400 47.8200 349.000000 0.000000 131.000000 67.000000
1.7900 17.1400 47.8200 282.000000 0.000000 131.000000 67.000000
1.8000 17.1400 47.8200 132.000000 0.000000 131.000000 67.000000
1.8100 17.1400 47.8200 0.000000 1.000000 133.000000 66.000000
1.8200 17.1900 47.8200 0.000000 0.000000 133.000000 66.000000
1.8300 17.1900 47.7700 0.000000 0.000000 133.000000 66.000000
1.8400 17.2600 47.7700 0.000000 0.000000 133.000000 66.000000
1.8500 17.3300 47.7700 0.000000 0.000000 133.000000 66.000000
1.8600 17.3300 47.7700 0.000000 0.000000 133.000000 66.000000
1.8700 17.3300 47.7700 0.000000 0.000000 132.000000 65.000000
1.8800 17.8900 47.5700 0.000000 0.000000 132.000000 64.000000
1.8900 18.3100 47.4200 0.000000 0.000000 132.000000 64.000000
1.9000 18.9400 47.2400 0.000000 0.000000 132.000000 63.000000
1.9100 19.3900 47.0000 0.000000 0.000000 132.000000 61.000000
1.9200 19.7200 46.7700 0.000000 0.000000 132.000000 60.000000
1.9300 19.8100 46.5600 0.000000 0.000000 134.000000 60.000000
1.9400 20.1600 46.3800 0.000000 0.000000 134.000000 58.000000
1.9500 20.6700 46.2000 0.000000 0.000000 135.000000 58.000000
1.9600 21.0500 46.0600 0.000000 0.000000 135.000000 58.000000
1.9700 21.3100 45.9600 0.000000 0.000000 135.000000 58.000000
1.9800 21.5000 45.8400 0.000000 0.000000 136.000000 58.000000
1.9900 21.5500 45.7100 0.000000 0.000000 136.000000 58.000000
2.0000 21.5500 45.5600 0.000000 0.000000 136.000000 58.000000
2.0100 21.4100 45.4100 0.000000 0.000000 136.000000 60.000000
2.0200 21.3000 45.3600 0.000000 0.000000 135.000000 60.000000
2.0300 21.2300 45.3600 0.000000 0.000000 135.000000 60.000000
2.0400 21.2300 45.3600 0.000000 0.000000 134.000000 61.000000
2.0500 21.2300 45.4100 0.000000 0.000000 134.000000 61.000000
2.0600 21.2300 45.4100 0.000000 0.000000 132.000000 61.000000
2.0700 21.2300 45.4100 0.000000 0.000000 132.000000 61.000000
2.0800 21.2300 45.3300 0.000000 0.000000 130.000000 62.000000
2.0900 21.2300 45.2600 0.000000 0.000000 130.000000 62.000000
2.1000 21.1300 45.1700 0.000000 0.000000 129.000000 63.000000
2.1100 21.0800 45.1700 0.000000 0.000000 129.000000 63.000000
2.1200 21.0800 45.1700 0.000000 0.000000 127.000000 63.000000
2.1300 21.0800 45.2400 0.000000 0.000000 127.000000 63.000000
2.1400 21.0800 45.2400 0.000000 0.000000 127.000000 63.000000
2.1500 21.0800 45.3200 0.000000 0.000000 127.000000 63.000000
2.1600 21.1300 45.3200 0.000000 0.000000 127.000000 63.000000
2.1700 21.1300 45.3200 0.000000 0.000000 127.000000 64.000000
2.1800 21.0700 45.3200 0.000000 0.000000 127.000000 64.000000
2.1900 20.9500 45.2600 0.000000 0.000000 127.000000 64.000000
2.2000 20.9500 45.2600 0.000000 0.000000 127.000000 64.000000
2.2100 20.6400 45.1200 0.000000 0.000000 127.000000 64.000000
2.2200 20.5900 45.2400 0.000000 0.000000 127.000000 64.000000
2.2300 20.5900 45.3100 0.000000 0.000000 125.000000 65.000000
2.2400 20.5400 45.3100 0.000000 0.000000 125.000000 65.000000
2.2500 20.4800 45.3100 0.000000 0.000000 125.000000 65.000000
2.2600 20.3900 45.2200 0.000000 0.000000 125.000000 65.000000
2.2700 20.2800 45.1500 0.000000 0.000000 125.000000 65.000000
2.2800 20.0800 45.0800 0.000000 0.000000 125.000000 65.000000
2.2900 19.8300 44.9800 0.000000 0.000000 125.000000 65.000000
2.3000 19.6300 44.8600 0.000000 0.000000 125.000000 65.000000
2.3100 19.4400 44.7900 0.000000 0.000000 123.000000 65.000000
2.3200 19.3000 44.7400 0.000000 0.000000 123.000000 65.000000
2.3300 19.1700 44.6900 0.000000 0.000000 123.000000 65.000000
2.3400 19.0600 44.6300 0.000000 0.000000 123.000000 65.000000
2.3500 18.9200 44.5500 0.000000 0.000000 123.000000 65.000000
2.3600 18.9200 44.5500 0.000000 0.000000 123.000000 65.000000
2.3700 18.6700 44.4000 0.000000 0.000000 124.000000 66.000000
2.3800 18.5800 44.3400 0.000000 0.000000 124.000000 66.000000
2.3900 18.5200 44.3400 0.000000 0.000000 124.000000 66.000000
2.4000 18.5200 44.2900 0.000000 0.000000 124.000000 66.000000
2.4100 18.5200 44.2900 0.000000 0.000000 124.000000 66.000000
2.4200 18.5200 44.2900 0.000000 0.000000 124.000000 67.000000
2.4300 18.4700 44.2900 0.000000 0.000000 124.000000 67.000000
2.4400 18.4700 44.2900 0.000000 0.000000 124.000000 67.000000
2.4500 18.4700 44.2900 0.000000 0.000000 124.000000 67.000000
2.4600 18.4700 44.2900 0.000000 0.000000 124.000000 67.000000
2.4700 18.4700 44.2900 0.000000 0.000000 124.000000 67.000000
2.4800 18.4700 44.2900 0.000000 0.000000 124.000000 67.000000
2.4900 18.4700 44.2900 0.000000 0.000000 124.000000 67.000000
2.5000 18.4700 44.2900 0.000000 0.000000 124.000000 67.000000
2.5100 18.4700 44.2900 0.000000 0.000000 124.000000 67.000000
2.5200 18.4700 44.2400 0.000000 0.000000 124.000000 67.000000
2.5300 18.4700 44.2400 15.000000 1.000000 124.000000 67.000000
2.5400 18.4700 44.2400 53.000000 0.000000 125.000000 68.000000
2.5500 18.4700 44.2400 78.000000 0.000000 125.000000 68.000000
2.5600 18.4700 44.2400 108.000000 0.000000 125.000000 68.000000
2.5700 18.4700 44.2400 107.000000 0.000000 125.000000 68.000000
2.5800 18.4700 44.2400 127.000000 0.000000 124.000000 67.000000
2.5900 18.4700 44.2400 132.000000 0.000000 124.000000 67.000000
2.6000 18.4700 44.2400 151.000000 0.000000 124.000000 67.000000
2.6100 18.4700 44.2400 184.000000 0.000000 124.000000 67.000000
2.6200 18.4700 44.2400 203.000000 0.000000 124.000000 67.000000
2.6300 18.4700 44.2400 209.000000 0.000000 125.000000 68.000000
2.6400 18.4700 44.2400 216.000000 0.000000 125.000000 68.000000
2.6500 18.4700 44.2400 225.000000 0.000000 125.000000 68.000000
2.6600 18.4700 44.2400 223.000000 0.000000 125.000000 68.000000
2.6700 18.4700 44.2400 218.000000 0.000000 125.000000 68.000000
2.6800 18.4700 44.2400 223.000000 0.000000 125.000000 68.000000
2.6900 18.4700 44.2400 226.000000 0.000000 125.000000 68.000000
2.7000 18.4700 44.2400 253.000000 0.000000 125.000000 68.000000
2.7100 18.4700 44.2400 262.000000 0.000000 125.000000 68.000000
2.7200 18.4700 44.2400 265.000000 0.000000 125.000000 68.000000
2.7300 18.4700 44.2400 272.000000 0.000000 125.000000 68.000000
2.7400 18.4700 44.2400 274.000000 0.000000 125.000000 68.000000
2.7500 18.4700 44.2400 279.000000 0.000000 125.000000 68.000000
2.7600 18.4700 44.2400 280.000000 0.000000 125.000000 68.000000
2.7700 18.4700 44.2400 276.000000 0.000000 125.000000 68.000000
2.7800 18.4700 44.2400 294.000000 0.000000 125.000000 68.000000
2.7900 18.4700 44.2400 307.000000 0.000000 125.000000 68.000000
2.8000 18.4700 44.2400 324.000000 0.000000 125.000000 68.000000
2.8100 18.4700 44.2400 329.000000 0.000000 125.000000 68.000000
2.8200 18.4700 44.2400 337.000000 0.000000 125.000000 68.000000
2.8300 18.4700 44.2400 339.000000 0.000000 125.000000 68.000000
2.8400 18.4700 44.2400 345.000000 0.000000 125.000000 68.000000
2.8500 18.4700 44.2400 334.000000 0.000000 125.000000 68.000000
2.8600 18.4700 44.2400 338.000000 0.000000 125.000000 68.000000
2.8700 18.4700 44.2400 343.000000 0.000000 125.000000 68.000000
2.8800 18.4700 44.2400 349.000000 0.000000 125.000000 68.000000
2.8900 18.4700 44.2400 356.000000 0.000000 125.000000 68.000000
2.9000 18.4700 44.2400 369.000000 0.000000 124.000000 67.000000
2.9100 18.4700 44.2400 361.000000 0.000000 124.000000 67.000000
2.9200 18.4700 44.2400 366.000000 0.000000 124.000000 67.000000
2.9300 18.4700 44.2400 366.000000 0.000000 125.000000 68.000000
2.9400 18.4700 44.2400 371.000000 0.000000 125.000000 68.000000
2.9500 18.4700 44.2400 377.000000 0.000000 125.000000 68.000000
2.9600 18.4700 44.2400 387.000000 0.000000 125.000000 68.000000
2.9700 18.4700 44.2400 388.000000 0.000000 125.000000 68.000000
2.9800 18.4700 44.2400 404.000000 0.000000 125.000000 68.000000
2.9900 18.4700 44.2400 405.000000 0.000000 125.000000 68.000000
3.0000 18.4700 44.2400 410.000000 0.000000 125.000000 68.000000
3.0100 18.4700 44.2400 409.000000 0.000000 125.000000 68.000000
3.0200 18.4700 44.2400 405.000000 0.000000 125.000000 68.000000
3.0300 18.4700 44.2400 402.000000 0.000000 125.000000 68.000000
3.0400 18.4900 44.0700 402.000000 0.000000 125.000000 68.000000
3.0500 18.4900 44.0700 405.000000 0.000000 125.000000 68.000000
3.0600 18.4900 44.0700 407.000000 0.000000 125.000000 68.000000
3.0700 18.4900 44.0700 412.000000 0.000000 125.000000 68.000000
3.0800 18.5400 44.0700 422.000000 0.000000 125.000000 68.000000
3.0900 18.5400 44.0700 417.000000 0.000000 125.000000 68.000000
3.1000 18.5400 44.0700 423.000000 0.000000 125.000000 68.000000
3.1100 18.5400 44.0700 415.000000 0.000000 125.000000 68.000000
3.1200 18.6300 44.0700 427.000000 0.000000 125.000000 68.000000
3.1300 18.6800 44.0700 441.000000 0.000000 125.000000 68.000000
3.1400 18.7600 44.0000 448.000000 0.000000 125.000000 68.000000
3.1500 18.8500 44.0000 448.000000 0.000000 125.000000 68.000000
3.1600 18.9700 44.0700 439.000000 0.000000 125.000000 68.000000
3.1700 19.1400 44.1400 439.000000 0.000000 125.000000 68.000000
3.1800 19.3600 44.2400 442.000000 0.000000 125.000000 68.000000
3.1900 19.6100 44.3600 445.000000 0.000000 125.000000 68.000000
3.2000 19.8600 44.5100 447.000000 0.000000 125.000000 68.000000
3.2100 20.1100 44.7100 450.000000 0.000000 125.000000 68.000000
3.2200 20.4000 44.9500 448.000000 0.000000 124.000000 67.000000
3.2300 20.7200 45.2000 445.000000 0.000000 124.000000 67.000000
3.2400 20.9300 45.4200 445.000000 0.000000 124.000000 67.000000
3.2500 21.0800 45.6100 447.000000 0.000000 124.000000 67.000000
3.2600 21.2100 45.7900 447.000000 0.000000 124.000000 67.000000
3.2700 21.2800 45.9500 448.000000 0.000000 124.000000 67.000000
3.2800 21.2800 46.1000 450.000000 0.000000 124.000000 67.000000
3.2900 21.3600 46.2500 450.000000 0.000000 124.000000 67.000000
3.3000 21.3600 46.3600 455.000000 0.000000 122.000000 67.000000
3.3100 21.3100 46.4400 456.000000 0.000000 122.000000 67.000000
3.3200 21.3100 46.5000 456.000000 0.000000 122.000000 67.000000
3.3300 21.3100 46.5000 460.000000 0.000000 122.000000 67.000000
3.3400 21.3100 46.5000 463.000000 0.000000 122.000000 67.000000
3.3500 21.3100 46.5500 468.000000 0.000000 122.000000 67.000000
3.3600 21.3100 46.5500 474.000000 0.000000 122.000000 67.000000
3.3700 21.3100 46.5500 475.000000 0.000000 122.000000 67.000000
3.3800 21.3100 46.5500 498.000000 0.000000 122.000000 67.000000
3.3900 21.3100 46.5500 491.000000 0.000000 122.000000 67.000000
3.4000 21.2600 46.5000 491.000000 0.000000 122.000000 67.000000
3.4100 21.1700 46.3000 494.000000 0.000000 122.000000 67.000000
3.4200 21.0200 45.9800 496.000000 0.000000 122.000000 67.000000
3.4300 20.8700 45.5800 496.000000 0.000000 124.000000 67.000000
3.4400 20.7500 45.1600 501.000000 0.000000 124.000000 67.000000
3.4500 20.6300 44.7200 499.000000 0.000000 124.000000 67.000000
3.4600 20.5000 44.2900 496.000000 0.000000 124.000000 67.000000
3.4700 20.4100 43.9200 492.000000 0.000000 124.000000 67.000000
3.4800 20.4100 43.5700 493.000000 0.000000 124.000000 67.000000
3.4900 20.4700 43.3200 485.000000 0.000000 124.000000 67.000000
3.5000 20.6600 43.2100 485.000000 0.000000 124.000000 67.000000
3.5100 20.9200 43.2100 483.000000 0.000000 124.000000 67.000000
3.5200 21.2200 43.2100 483.000000 0.000000 124.000000 67.000000
3.5300 21.5700 43.3700 485.000000 0.000000 124.000000 67.000000
3.5400 22.0300 43.6600 481.000000 0.000000 124.000000 67.000000
3.5500 22.5600 43.9400 480.000000 0.000000 124.000000 67.000000
3.5600 23.0900 44.2500 480.000000 0.000000 124.000000 67.000000
3.5700 23.5100 44.5700 481.000000 0.000000 124.000000 67.000000
3.5800 23.8600 44.8500 485.000000 0.000000 124.000000 67.000000
3.5900 24.2200 45.1500 483.000000 0.000000 124.000000 67.000000
3.6000 24.4400 45.4700 468.000000 0.000000 124.000000 67.000000
3.6100 24.5600 45.7600 456.000000 0.000000 124.000000 67.000000
3.6200 24.5600 46.0700 456.000000 0.000000 125.000000 68.000000
3.6300 24.4500 46.3300 448.000000 0.000000 125.000000 68.000000
3.6400 24.2600 46.5100 431.000000 0.000000 125.000000 68.000000
3.6500 23.9500 46.6300 418.000000 0.000000 125.000000 68.000000
3.6600 23.4700 46.6300 389.000000 0.000000 125.000000 68.000000
3.6700 22.8700 46.4500 391.000000 0.000000 125.000000 68.000000
3.6800 22.4100 46.2100 387.000000 0.000000 125.000000 68.000000
3.6900 22.1000 46.0200 391.000000 0.000000 124.000000 67.000000
3.7000 21.9000 45.8600 396.000000 0.000000 124.000000 67.000000
3.7100 21.8500 45.7200 392.000000 0.000000 124.000000 67.000000
3.7200 21.8500 45.5900 404.000000 0.000000 124.000000 67.000000
3.7300 22.0600 45.4800 415.000000 0.000000 124.000000 67.000000
3.7400 22.4200 45.4800 414.000000 0.000000 126.000000 67.000000
3.7500 22.8900 45.5600 425.000000 0.000000 126.000000 67.000000
3.7600 23.4100 45.7100 433.000000 0.000000 126.000000 67.000000
3.7700 24.0000 45.9700 444.000000 0.000000 126.000000 67.000000
3.7800 24.5700 46.2300 446.000000 0.000000 126.000000 67.000000
3.7900 25.1200 46.4700 449.000000 0.000000 128.000000 68.000000
3.8000 25.5400 46.6900 449.000000 0.000000 128.000000 68.000000
3.8100 25.8500 46.8100 439.000000 0.000000 128.000000 68.000000
3.8200 26.0900 46.9300 449.000000 0.000000 129.000000 68.000000
3.8300 26.2000 47.0400 448.000000 0.000000 129.000000 68.000000
3.8400 26.2000 47.0400 428.000000 0.000000 131.000000 69.000000
3.8500 26.1200 47.1800 417.000000 0.000000 131.000000 69.000000
3.8600 26.0100 47.3200 415.000000 0.000000 131.000000 69.000000
3.8700 25.9300 47.3700 414.000000 0.000000 131.000000 69.000000
3.8800 25.8600 47.4300 415.000000 0.000000 131.000000 69.000000
3.8900 25.8100 47.4900 423.000000 0.000000 133.000000 69.000000
3.9000 25.8100 47.4900 438.000000 0.000000 133.000000 69.000000
3.9100 25.5600 47.5500 449.000000 0.000000 133.000000 69.000000
3.9200 25.4100 47.5500 447.000000 0.000000 135.000000 68.000000
3.9300 25.2800 47.4400 447.000000 0.000000 135.000000 68.000000
3.9400 25.1700 47.3200 453.000000 0.000000 135.000000 68.000000
3.9500 25.0900 47.0500 461.000000 0.000000 135.000000 68.000000
3.9600 24.9900 46.6600 466.000000 0.000000 131.000000 68.000000
3.9700 24.8700 46.1800 469.000000 0.000000 131.000000 68.000000
3.9800 24.8700 45.7600 473.000000 0.000000 131.000000 68.000000
3.9900 24.8700 45.4300 464.000000 0.000000 129.000000 68.000000
4.0000 25.0400 45.1500 467.000000 0.000000 129.000000 68.000000
4.0100 25.2700 44.9500 465.000000 0.000000 129.000000 68.000000
4.0200 25.4900 44.8500 467.000000 0.000000 127.000000 69.000000
4.0300 25.6500 44.8500 468.000000 0.000000 127.000000 69.000000
4.0400 25.7800 44.7800 468.000000 0.000000 127.000000 69.000000
4.0500 25.8600 44.7800 472.000000 0.000000 127.000000 69.000000
4.0600 25.8600 44.7800 475.000000 0.000000 129.000000 70.000000
4.0700 25.8600 44.7800 486.000000 0.000000 129.000000 70.000000
4.0800 25.8600 44.7800 499.000000 0.000000 129.000000 70.000000
4.0900 25.8600 44.7800 507.000000 0.000000 129.000000 70.000000
4.1000 25.9300 44.8900 515.000000 0.000000 129.000000 70.000000
4.1100 26.0300 45.0200 512.000000 0.000000 129.000000 70.000000
4.1200 26.2100 45.2600 512.000000 0.000000 129.000000 70.000000
4.1300 26.4100 45.6100 491.000000 0.000000 129.000000 70.000000
4.1400 26.6100 46.0300 483.000000 0.000000 129.000000 70.000000
4.1500 26.8200 46.5300 475.000000 0.000000 129.000000 70.000000
4.1600 26.9900 47.0000 475.000000 0.000000 127.000000 69.000000
4.1700 27.1400 47.3200 472.000000 0.000000 127.000000 69.000000
4.1800 27.2700 47.5600 472.000000 0.000000 125.000000 68.000000
4.1900 27.3400 47.6300 477.000000 0.000000 128.000000 68.000000
4.2000 27.3400 47.6300 481.000000 0.000000 126.000000 67.000000
4.2100 27.3400 47.6300 486.000000 0.000000 128.000000 66.000000
4.2200 27.2900 47.6300 491.000000 0.000000 128.000000 66.000000
4.2300 27.1600 47.3700 493.000000 0.000000 126.000000 66.000000
4.2400 26.9500 47.0300 491.000000 0.000000 128.000000 65.000000
4.2500 26.8000 46.7000 486.000000 0.000000 126.000000 66.000000
4.2600 26.6400 46.4200 481.000000 0.000000 126.000000 66.000000
4.2700 26.4700 46.1800 474.000000 0.000000 128.000000 66.000000
4.2800 26.3100 46.0500 466.000000 0.000000 126.000000 67.000000
4.2900 26.2200 45.9700 440.000000 0.000000 126.000000 67.000000
4.3000 26.1400 45.9700 412.000000 0.000000 128.000000 68.000000
4.3100 26.0300 45.9700 397.000000 0.000000 127.000000 69.000000
4.3200 25.9100 46.1500 394.000000 0.000000 127.000000 69.000000
4.3300 25.8100 46.3200 379.000000 0.000000 129.000000 70.000000
4.3400 25.7000 46.5700 389.000000 0.000000 129.000000 70.000000
4.3500 25.5800 46.7900 391.000000 0.000000 129.000000 70.000000
4.3600 25.4600 46.9200 394.000000 0.000000 129.000000 70.000000
4.3700 25.3500 47.0000 405.000000 0.000000 129.000000 70.000000
4.3800 25.2200 47.0600 423.000000 0.000000 131.000000 69.000000
4.3900 25.0700 47.0600 414.000000 0.000000 131.000000 69.000000
4.4000 25.0700 47.0600 414.000000 0.000000 131.000000 69.000000
4.4100 25.0700 47.0600 422.000000 0.000000 129.000000 68.000000
4.4200 24.9900 47.0600 397.000000 0.000000 129.000000 68.000000
4.4300 24.9900 47.0600 394.000000 0.000000 129.000000 68.000000
4.4400 24.8800 46.9700 388.000000 0.000000 129.000000 68.000000
4.4500 24.7600 46.9100 388.000000 0.000000 129.000000 68.000000
4.4600 24.7600 46.9100 392.000000 0.000000 128.000000 68.000000
4.4700 24.7600 46.8500 400.000000 0.000000 128.000000 68.000000
4.4800 24.7600 46.8500 407.000000 0.000000 128.000000 68.000000
4.4900 24.7600 46.8500 423.000000 0.000000 128.000000 68.000000
4.5000 24.8200 46.8500 443.000000 0.000000 128.000000 68.000000
4.5100 24.9100 46.7900 455.000000 0.000000 128.000000 68.000000
4.5200 25.0300 46.7900 466.000000 0.000000 128.000000 68.000000
4.5300 25.1100 46.7900 477.000000 0.000000 129.000000 68.000000
4.5400 25.1800 46.7900 491.000000 0.000000 129.000000 68.000000
4.5500 25.2300 46.7900 496.000000 0.000000 129.000000 68.000000
4.5600 25.2800 46.7900 496.000000 0.000000 129.000000 68.000000
4.5700 25.2800 46.7900 488.000000 0.000000 129.000000 68.000000
4.5800 25.2800 46.7900 488.000000 0.000000 131.000000 69.000000
4.5900 25.2800 46.7900 491.000000 0.000000 131.000000 69.000000
4.6000 25.2800 46.7900 496.000000 0.000000 131.000000 69.000000
4.6100 25.3300 46.7900 507.000000 0.000000 129.000000 70.000000
4.6200 25.3300 46.7900 520.000000 0.000000 129.000000 70.000000
4.6300 25.3300 46.7900 512.000000 0.000000 129.000000 70.000000
4.6400 25.3300 46.7900 515.000000 0.000000 129.000000 70.000000
4.6500 25.3300 46.7900 512.000000 0.000000 127.000000 69.000000
4.6600 25.3300 46.7900 512.000000 0.000000 129.000000 70.000000
4.6700 25.3300 46.7900 513.000000 0.000000 129.000000 70.000000
4.6800 25.3300 46.7900 515.000000 0.000000 129.000000 70.000000
4.6900 25.3300 46.7900 515.000000 0.000000 129.000000 70.000000
4.7000 25.3300 46.7400 519.000000 0.000000 129.000000 70.000000
4.7100 25.3300 46.7400 527.000000 0.000000 129.000000 70.000000
4.7200 25.3300 46.7400 530.000000 0.000000 129.000000 70.000000
4.7300 25.3300 46.7400 543.000000 0.000000 129.000000 70.000000
4.7400 25.3300 46.7400 545.000000 0.000000 129.000000 70.000000
4.7500 25.3300 46.7400 553.000000 0.000000 129.000000 70.000000
4.7600 25.3300 46.7400 560.000000 0.000000 129.000000 70.000000
4.7700 25.3300 46.7400 589.000000 0.000000 129.000000 70.000000
4.7800 25.3300 46.7400 597.000000 0.000000 129.000000 70.000000
4.7900 25.3300 46.7400 608.000000 0.000000 129.000000 70.000000
4.8000 25.2300 46.8200 611.000000 0.000000 129.000000 70.000000
4.8100 25.0300 46.9300 605.000000 0.000000 129.000000 70.000000
4.8200 24.7300 47.0300 602.000000 0.000000 129.000000 70.000000
4.8300 24.2100 47.1000 592.000000 0.000000 131.000000 69.000000
4.8400 23.3500 47.1000 561.000000 0.000000 129.000000 68.000000
4.8500 22.2500 46.8300 542.000000 0.000000 129.000000 68.000000
4.8600 20.6500 46.4700 512.000000 0.000000 129.000000 68.000000
4.8700 18.7400 45.9200 512.000000 0.000000 129.000000 68.000000
4.8800 16.6300 45.1700 536.000000 0.000000 129.000000 68.000000
4.8900 14.7500 44.3000 545.000000 0.000000 129.000000 68.000000
4.9000 13.2900 43.3500 565.000000 0.000000 128.000000 68.000000
4.9100 12.1200 42.3900 566.000000 0.000000 128.000000 68.000000
4.9200 11.5100 41.6600 567.000000 0.000000 128.000000 68.000000
4.9300 11.1800 41.0800 570.000000 0.000000 128.000000 68.000000
4.9400 11.0300 40.6400 577.000000 0.000000 130.000000 67.000000
4.9500 11.4500 40.2100 578.000000 0.000000 130.000000 67.000000
4.9600 12.4100 39.7900 577.000000 0.000000 130.000000 67.000000
4.9700 13.7200 39.6600 574.000000 0.000000 130.000000 67.000000
4.9800 15.5700 39.9000 586.000000 0.000000 130.000000 67.000000
4.9900 17.9300 40.3800 592.000000 0.000000 131.000000 68.000000
5.0000 20.6400 41.0900 586.000000 0.000000 131.000000 68.000000
5.0100 23.1000 41.6500 594.000000 0.000000 131.000000 68.000000
5.0200 25.1600 42.1200 614.000000 0.000000 133.000000 69.000000
5.0300 26.9500 42.4200 617.000000 0.000000 133.000000 69.000000
5.0400 28.0900 42.7000 622.000000 0.000000 133.000000 69.000000
5.0500 28.7700 42.8300 622.000000 0.000000 135.000000 69.000000
5.0600 29.1400 42.8800 611.000000 0.000000 135.000000 69.000000
5.0700 29.2500 42.8800 592.000000 0.000000 135.000000 69.000000
5.0800 29.2500 42.8800 533.000000 0.000000 135.000000 69.000000
5.0900 29.2500 42.8800 377.000000 0.000000 135.000000 69.000000
