0.0000 50.2000 44.1600 371.000000 1.000000 110.000000 63.000000
0.0100 50.3000 42.8500 497.000000 0.000000 110.000000 63.000000
0.0200 50.1800 42.3000 553.000000 0.000000 110.000000 63.000000
0.0300 50.0100 41.9300 664.000000 0.000000 109.000000 64.000000
0.0400 49.8800 41.4300 787.000000 0.000000 109.000000 64.000000
0.0500 49.8100 41.1800 863.000000 0.000000 107.000000 64.000000
0.0600 49.8100 41.1000 906.000000 0.000000 108.000000 65.000000
0.0700 49.8100 41.1000 968.000000 0.000000 105.000000 65.000000
0.0800 50.0100 41.4800 1023.000000 0.000000 105.000000 65.000000
0.0900 50.5900 42.0200 1023.000000 0.000000 105.000000 65.000000
0.1000 51.4400 43.3100 1023.000000 0.000000 103.000000 65.000000
0.1100 52.2600 45.0300 1023.000000 0.000000 103.000000 65.000000
0.1200 52.8900 47.0300 1023.000000 0.000000 103.000000 64.000000
0.1300 53.3900 49.7000 1023.000000 0.000000 105.000000 64.000000
0.1400 53.7700 51.8300 1023.000000 0.000000 107.000000 64.000000
0.1500 54.0300 53.5900 1023.000000 0.000000 109.000000 64.000000
0.1600 54.2200 54.7000 1023.000000 0.000000 111.000000 64.000000
0.1700 54.2700 55.0200 1023.000000 0.000000 116.000000 64.000000
0.1800 54.2700 54.8200 1023.000000 0.000000 117.000000 63.000000
0.1900 54.1700 54.5400 1023.000000 0.000000 121.000000 63.000000
0.2000 54.0300 52.8000 1023.000000 0.000000 123.000000 62.000000
0.2100 53.9000 50.0900 1023.000000 0.000000 123.000000 62.000000
0.2200 53.7800 46.3500 1023.000000 0.000000 123.000000 62.000000
0.2300 53.9600 43.6300 1023.000000 0.000000 121.000000 63.000000
0.2400 54.3700 41.6000 1023.000000 0.000000 119.000000 63.000000
0.2500 54.9300 40.3000 1023.000000 0.000000 116.000000 63.000000
0.2600 55.4700 39.6300 1023.000000 0.000000 113.000000 63.000000
0.2700 55.7400 39.3800 1023.000000 0.000000 111.000000 64.000000
0.2800 55.8400 39.3800 1023.000000 0.000000 106.000000 63.000000
0.2900 55.7500 39.7800 1023.000000 0.000000 104.000000 63.000000
0.3000 55.2400 40.4500 1023.000000 0.000000 102.000000 63.000000
0.3100 54.4400 41.9200 1023.000000 0.000000 102.000000 63.000000
0.3200 53.0800 43.2600 1023.000000 0.000000 103.000000 64.000000
0.3300 51.2700 44.5200 1023.000000 0.000000 103.000000 64.000000
0.3400 49.1500 45.2100 1023.000000 0.000000 103.000000 64.000000
0.3500 47.3600 45.3500 1023.000000 0.000000 105.000000 65.000000
0.3600 46.2800 45.1200 1023.000000 0.000000 105.000000 65.000000
0.3700 45.6700 45.0700 1023.000000 0.000000 108.000000 65.000000
0.3800 45.8200 45.0000 1023.000000 0.000000 108.000000 65.000000
0.3900 46.6200 45.0000 1023.000000 0.000000 108.000000 65.000000
0.4000 47.8500 45.1500 1023.000000 0.000000 110.000000 65.000000
0.4100 49.7700 45.5900 1023.000000 0.000000 110.000000 65.000000
0.4200 51.9800 46.5100 1023.000000 0.000000 110.000000 65.000000
0.4300 54.3700 47.7500 1023.000000 0.000000 113.000000 65.000000
0.4400 55.8700 48.5500 1023.000000 0.000000 113.000000 65.000000
0.4500 56.6400 48.8200 1023.000000 0.000000 115.000000 65.000000
0.4600 56.9100 48.7300 1023.000000 0.000000 116.000000 66.000000
0.4700 57.0200 48.2200 1023.000000 0.000000 118.000000 65.000000
0.4800 56.8700 47.2000 1023.000000 0.000000 119.000000 66.000000
0.4900 56.5400 45.8300 1023.000000 0.000000 119.000000 66.000000
0.5000 56.2400 44.9600 1023.000000 0.000000 119.000000 66.000000
0.5100 56.0500 44.2500 1023.000000 0.000000 119.000000 66.000000
0.5200 56.0500 43.6500 1023.000000 0.000000 117.000000 67.000000
0.5300 56.1700 43.2500 1023.000000 0.000000 115.000000 67.000000
0.5400 56.2200 43.1500 1023.000000 0.000000 115.000000 67.000000
0.5500 56.2700 43.2500 1023.000000 0.000000 112.000000 67.000000
0.5600 56.4900 43.6300 1023.000000 0.000000 112.000000 67.000000
0.5700 56.8200 44.5800 1023.000000 0.000000 110.000000 68.000000
0.5800 57.1200 45.9100 1023.000000 0.000000 110.000000 68.000000
0.5900 57.4600 47.7200 1023.000000 0.000000 112.000000 67.000000
0.6000 57.7900 49.1400 1023.000000 0.000000 112.000000 67.000000
0.6100 58.1000 50.3100 1023.000000 0.000000 116.000000 68.000000
0.6200 58.3400 50.7100 1023.000000 0.000000 118.000000 68.000000
0.6300 58.4300 50.8400 1023.000000 0.000000 120.000000 67.000000
0.6400 58.4300 50.7800 1023.000000 0.000000 124.000000 67.000000
0.6500 58.3500 50.7200 1023.000000 0.000000 126.000000 67.000000
0.6600 58.0500 50.1900 1023.000000 0.000000 128.000000 66.000000
0.6700 57.6000 49.3500 1023.000000 0.000000 130.000000 66.000000
0.6800 57.3300 48.4700 1023.000000 0.000000 130.000000 66.000000
0.6900 57.3300 47.6700 1023.000000 0.000000 130.000000 66.000000
0.7000 57.4900 46.9800 1023.000000 0.000000 128.000000 66.000000
0.7100 57.9100 46.6300 1023.000000 0.000000 128.000000 66.000000
0.7200 58.3500 46.5300 1023.000000 0.000000 126.000000 67.000000
0.7300 58.7800 46.3900 1023.000000 0.000000 122.000000 67.000000
0.7400 59.1400 46.2900 1023.000000 0.000000 122.000000 68.000000
0.7500 59.4900 46.2300 1023.000000 0.000000 119.000000 68.000000
0.7600 59.6700 46.0100 1023.000000 0.000000 119.000000 68.000000
0.7700 59.6700 45.7600 1023.000000 0.000000 119.000000 68.000000
0.7800 59.6100 45.3000 1023.000000 0.000000 117.000000 69.000000
0.7900 59.2600 44.7200 1023.000000 0.000000 117.000000 69.000000
0.8000 58.7400 44.1700 1023.000000 0.000000 117.000000 69.000000
0.8100 58.1100 43.7800 1023.000000 0.000000 117.000000 69.000000
0.8200 57.5300 43.5100 1023.000000 0.000000 117.000000 69.000000
0.8300 57.0300 43.3700 1023.000000 0.000000 117.000000 69.000000
0.8400 56.7500 43.3700 1023.000000 0.000000 117.000000 69.000000
0.8500 56.5800 43.4300 1023.000000 0.000000 116.000000 68.000000
0.8600 56.5800 43.4300 1023.000000 0.000000 116.000000 68.000000
0.8700 56.9500 43.4300 1011.000000 0.000000 114.000000 68.000000
0.8800 57.4900 43.6300 935.000000 0.000000 112.000000 67.000000
0.8900 58.3600 43.8900 881.000000 0.000000 112.000000 67.000000
0.9000 59.1600 44.2400 870.000000 0.000000 112.000000 67.000000
0.9100 59.9000 44.5900 882.000000 0.000000 112.000000 67.000000
0.9200 60.5000 44.9400 911.000000 0.000000 112.000000 67.000000
0.9300 60.9100 45.2900 959.000000 0.000000 112.000000 67.000000
0.9400 61.1800 45.6600 1023.000000 0.000000 112.000000 67.000000
0.9500 61.2700 46.0000 1023.000000 0.000000 112.000000 67.000000
0.9600 61.2700 46.2600 1023.000000 0.000000 112.000000 67.000000
0.9700 61.2700 46.4900 1023.000000 0.000000 112.000000 67.000000
0.9800 61.2700 46.7000 1023.000000 0.000000 112.000000 67.000000
0.9900 61.2700 46.8800 1023.000000 0.000000 112.000000 67.000000
1.0000 61.2700 46.9400 1023.000000 0.000000 112.000000 67.000000
1.0100 61.2700 46.9400 1023.000000 0.000000 112.000000 67.000000
1.0200 61.2700 46.9400 1023.000000 0.000000 112.000000 67.000000
1.0300 61.3400 47.0700 1023.000000 0.000000 112.000000 67.000000
1.0400 61.5100 47.3500 1023.000000 0.000000 112.000000 67.000000
1.0500 61.7400 47.9300 1023.000000 0.000000 116.000000 68.000000
1.0600 61.9900 48.7500 1023.000000 0.000000 116.000000 68.000000
1.0700 62.2700 49.7300 1023.000000 0.000000 118.000000 68.000000
1.0800 62.5800 50.8600 1023.000000 0.000000 118.000000 68.000000
1.0900 62.9100 51.9900 1023.000000 0.000000 120.000000 67.000000
1.1000 63.0600 52.5800 1023.000000 0.000000 122.000000 67.000000
1.1100 63.0600 52.8200 1023.000000 0.000000 124.000000 66.000000
1.1200 63.0600 52.8200 1023.000000 0.000000 126.000000 66.000000
1.1300 63.0100 52.3400 1023.000000 0.000000 128.000000 65.000000
1.1400 62.9000 51.6000 1023.000000 0.000000 128.000000 65.000000
1.1500 62.7900 50.3600 1023.000000 0.000000 128.000000 65.000000
1.1600 62.7000 49.1200 1023.000000 0.000000 128.000000 65.000000
1.1700 62.7000 47.8900 1023.000000 0.000000 128.000000 65.000000
1.1800 62.7800 46.9600 1023.000000 0.000000 126.000000 66.000000
1.1900 62.9400 46.2300 1023.000000 0.000000 124.000000 66.000000
1.2000 63.0000 45.8100 1023.000000 0.000000 122.000000 67.000000
1.2100 63.0000 45.6400 1023.000000 0.000000 120.000000 67.000000
1.2200 63.0000 45.6400 1023.000000 0.000000 117.000000 67.000000
1.2300 63.0000 45.6900 1023.000000 0.000000 115.000000 67.000000
1.2400 63.0000 45.9800 1023.000000 0.000000 115.000000 67.000000
1.2500 62.9500 46.4500 1023.000000 0.000000 112.000000 67.000000
1.2600 62.9500 46.9100 1023.000000 0.000000 112.000000 67.000000
1.2700 62.9500 47.3100 1023.000000 0.000000 112.000000 67.000000
1.2800 63.0600 47.6600 1023.000000 0.000000 112.000000 67.000000
1.2900 63.2400 48.2300 1023.000000 0.000000 115.000000 67.000000
1.3000 63.4600 48.8000 1023.000000 0.000000 115.000000 67.000000
1.3100 63.6300 49.3800 1023.000000 0.000000 118.000000 68.000000
1.3200 63.7200 49.5700 1023.000000 0.000000 118.000000 68.000000
1.3300 63.7700 49.7500 1023.000000 0.000000 120.000000 67.000000
1.3400 63.7700 49.9300 1023.000000 0.000000 122.000000 67.000000
1.3500 63.9100 50.2000 1023.000000 0.000000 122.000000 67.000000
1.3600 64.0900 50.4600 1023.000000 0.000000 124.000000 66.000000
1.3700 64.5100 50.7200 1023.000000 0.000000 124.000000 66.000000
1.3800 65.0800 50.9700 1023.000000 0.000000 126.000000 66.000000
1.3900 65.7300 51.1400 1023.000000 0.000000 126.000000 66.000000
1.4000 66.3200 51.2500 1023.000000 0.000000 126.000000 66.000000
1.4100 66.5200 51.2500 1023.000000 0.000000 128.000000 65.000000
1.4200 66.5200 51.1900 1023.000000 0.000000 130.000000 66.000000
1.4300 66.3800 51.0600 1023.000000 0.000000 130.000000 66.000000
1.4400 65.9700 50.4600 1023.000000 0.000000 130.000000 66.000000
1.4500 65.3400 49.5500 1023.000000 0.000000 130.000000 66.000000
1.4600 64.5300 48.6300 1023.000000 0.000000 130.000000 66.000000
1.4700 63.7600 47.7400 1023.000000 0.000000 128.000000 66.000000
1.4800 63.3600 47.1400 1023.000000 0.000000 128.000000 66.000000
1.4900 63.1900 46.7300 1023.000000 0.000000 126.000000 67.000000
1.5000 63.2900 46.5500 1023.000000 0.000000 124.000000 67.000000
1.5100 63.6600 46.4700 1023.000000 0.000000 120.000000 67.000000
1.5200 64.2200 46.4700 1023.000000 0.000000 118.000000 68.000000
1.5300 64.9600 46.6900 1023.000000 0.000000 118.000000 68.000000
1.5400 65.6600 46.9000 1023.000000 0.000000 116.000000 68.000000
1.5500 66.3200 47.0800 1023.000000 0.000000 116.000000 68.000000
1.5600 66.7900 47.2300 1023.000000 0.000000 117.000000 69.000000
1.5700 66.9600 47.2300 1023.000000 0.000000 117.000000 69.000000
1.5800 66.9600 46.9600 1023.000000 0.000000 119.000000 68.000000
1.5900 66.6800 46.6100 1023.000000 0.000000 121.000000 69.000000
1.6000 66.1500 45.9100 1023.000000 0.000000 121.000000 69.000000
1.6100 65.4300 45.3000 1023.000000 0.000000 121.000000 69.000000
1.6200 64.9600 44.7500 1023.000000 0.000000 121.000000 69.000000
1.6300 64.8500 44.4700 1023.000000 0.000000 121.000000 69.000000
1.6400 64.9900 44.2900 1023.000000 0.000000 118.000000 70.000000
1.6500 65.4400 44.1700 1023.000000 0.000000 118.000000 70.000000
1.6600 66.2200 44.2200 1023.000000 0.000000 117.000000 69.000000
1.6700 67.2300 44.4600 1023.000000 0.000000 117.000000 69.000000
1.6800 68.3700 44.8300 1023.000000 0.000000 118.000000 70.000000
1.6900 69.4200 45.2900 1023.000000 0.000000 118.000000 70.000000
1.7000 70.4000 46.0300 1023.000000 0.000000 118.000000 70.000000
1.7100 71.2900 46.9500 1023.000000 0.000000 120.000000 71.000000
1.7200 71.8800 48.4200 1023.000000 0.000000 120.000000 71.000000
1.7300 72.2800 49.2400 1023.000000 0.000000 122.000000 71.000000
1.7400 72.1600 49.6300 1023.000000 0.000000 124.000000 71.000000
1.7500 71.8600 50.0700 1023.000000 0.000000 127.000000 70.000000
1.7600 71.4300 50.0000 1023.000000 0.000000 131.000000 71.000000
1.7700 70.6200 49.6000 1023.000000 0.000000 131.000000 71.000000
1.7800 69.8300 48.7800 1023.000000 0.000000 133.000000 70.000000
1.7900 69.0600 47.8000 1023.000000 0.000000 133.000000 70.000000
1.8000 68.5400 46.7100 1023.000000 0.000000 133.000000 70.000000
1.8100 68.1700 45.7500 1023.000000 0.000000 135.000000 71.000000
1.8200 68.0800 44.7500 1023.000000 0.000000 135.000000 71.000000
1.8300 68.2400 43.9200 1023.000000 0.000000 133.000000 71.000000
1.8400 68.5700 43.2300 1023.000000 0.000000 130.000000 72.000000
1.8500 68.9600 42.7200 1023.000000 0.000000 130.000000 72.000000
1.8600 69.2400 42.4900 1023.000000 0.000000 128.000000 72.000000
1.8700 68.9400 42.4400 1023.000000 0.000000 130.000000 73.000000
1.8800 68.2800 42.3500 1023.000000 0.000000 130.000000 73.000000
1.8900 66.7800 42.2800 1023.000000 0.000000 130.000000 73.000000
1.9000 64.5700 42.2200 1023.000000 0.000000 132.000000 74.000000
1.9100 61.8800 41.8600 1023.000000 0.000000 135.000000 73.000000
1.9200 58.9200 41.3200 1023.000000 0.000000 135.000000 73.000000
1.9300 56.3300 40.5900 1023.000000 0.000000 135.000000 73.000000
1.9400 53.9900 39.8500 1023.000000 0.000000 133.000000 73.000000
1.9500 53.3200 39.1500 1023.000000 0.000000 130.000000 73.000000
1.9600 53.9900 38.7400 1023.000000 0.000000 130.000000 73.000000
1.9700 55.5400 38.4800 948.000000 0.000000 130.000000 73.000000
