0.0000 13.3000 24.3400 46.000000 1.000000 112.000000 72.000000
0.0100 13.3000 24.3400 85.000000 0.000000 112.000000 72.000000
0.0200 13.3000 24.3400 129.000000 0.000000 112.000000 72.000000
0.0300 13.3000 24.3400 158.000000 0.000000 112.000000 72.000000
0.0400 13.3000 24.3400 183.000000 0.000000 111.000000 71.000000
0.0500 13.3700 24.6500 226.000000 0.000000 111.000000 71.000000
0.0600 13.4300 24.9100 257.000000 0.000000 110.000000 70.000000
0.0700 13.5100 25.2400 280.000000 0.000000 110.000000 70.000000
0.0800 13.5800 25.7200 287.000000 0.000000 110.000000 70.000000
0.0900 13.7500 26.4900 294.000000 0.000000 109.000000 69.000000
0.1000 13.9500 27.4500 292.000000 0.000000 109.000000 69.000000
0.1100 14.3200 28.7300 281.000000 0.000000 109.000000 69.000000
0.1200 14.7900 29.9500 281.000000 0.000000 109.000000 69.000000
0.1300 15.2400 31.0900 291.000000 0.000000 109.000000 69.000000
0.1400 15.5700 31.9300 292.000000 0.000000 111.000000 69.000000
0.1500 15.8300 32.5900 291.000000 0.000000 112.000000 70.000000
0.1600 16.0400 33.1400 284.000000 0.000000 115.000000 69.000000
0.1700 16.0900 33.4500 291.000000 0.000000 117.000000 69.000000
0.1800 16.0400 33.6100 291.000000 0.000000 121.000000 69.000000
0.1900 16.0400 33.6800 297.000000 0.000000 121.000000 69.000000
0.2000 15.9800 33.6800 302.000000 0.000000 123.000000 69.000000
0.2100 15.9800 33.6800 304.000000 0.000000 125.000000 70.000000
0.2200 15.9800 33.3500 302.000000 0.000000 127.000000 69.000000
0.2300 15.9800 32.8500 292.000000 0.000000 127.000000 69.000000
0.2400 15.9800 32.1300 294.000000 0.000000 127.000000 69.000000
0.2500 15.9800 31.4300 294.000000 0.000000 125.000000 70.000000
0.2600 16.0700 30.7400 294.000000 0.000000 127.000000 70.000000
0.2700 16.1700 29.9300 297.000000 0.000000 127.000000 70.000000
0.2800 16.2700 29.1200 294.000000 0.000000 122.000000 70.000000
0.2900 16.3900 28.3100 282.000000 0.000000 122.000000 70.000000
0.3000 16.5200 27.5800 276.000000 0.000000 121.000000 69.000000
0.3100 16.6700 26.9000 273.000000 0.000000 117.000000 69.000000
0.3200 16.8100 26.3900 279.000000 0.000000 116.000000 68.000000
0.3300 16.9000 26.0000 279.000000 0.000000 114.000000 68.000000
0.3400 16.9600 25.6900 279.000000 0.000000 112.000000 67.000000
0.3500 16.9600 25.4900 279.000000 0.000000 110.000000 68.000000
0.3600 17.0500 25.3900 282.000000 0.000000 110.000000 68.000000
0.3700 17.0500 25.3900 282.000000 0.000000 108.000000 68.000000
0.3800 16.9800 25.3200 284.000000 0.000000 108.000000 68.000000
0.3900 16.9800 25.3200 287.000000 0.000000 109.000000 69.000000
0.4000 16.9100 25.4000 289.000000 0.000000 109.000000 69.000000
0.4100 16.8300 25.5800 297.000000 0.000000 109.000000 69.000000
0.4200 16.7200 25.9100 304.000000 0.000000 109.000000 69.000000
0.4300 16.5500 26.3500 311.000000 0.000000 109.000000 69.000000
0.4400 16.3500 26.9000 309.000000 0.000000 109.000000 69.000000
0.4500 16.0700 27.6000 314.000000 0.000000 109.000000 69.000000
0.4600 15.7100 28.4000 322.000000 0.000000 109.000000 69.000000
0.4700 15.3000 29.0800 319.000000 0.000000 110.000000 70.000000
0.4800 14.8000 29.7400 319.000000 0.000000 110.000000 70.000000
0.4900 14.3100 30.3400 324.000000 0.000000 112.000000 70.000000
0.5000 13.8500 30.8900 322.000000 0.000000 112.000000 70.000000
0.5100 13.4500 31.3900 324.000000 0.000000 116.000000 70.000000
0.5200 13.1000 31.8800 317.000000 0.000000 118.000000 70.000000
0.5300 12.8700 32.3600 317.000000 0.000000 117.000000 69.000000
0.5400 12.7100 32.8000 322.000000 0.000000 119.000000 68.000000
0.5500 12.7100 33.0600 324.000000 0.000000 118.000000 68.000000
0.5600 12.7100 33.2200 325.000000 0.000000 120.000000 67.000000
0.5700 12.7100 33.2200 325.000000 0.000000 121.000000 66.000000
0.5800 12.7100 33.2200 324.000000 0.000000 121.000000 66.000000
0.5900 12.8000 33.1300 329.000000 0.000000 121.000000 66.000000
0.6000 12.9000 33.0500 325.000000 0.000000 122.000000 65.000000
0.6100 13.0500 32.9100 329.000000 0.000000 122.000000 65.000000
0.6200 13.2800 32.7300 334.000000 0.000000 122.000000 65.000000
0.6300 13.5800 32.5200 334.000000 0.000000 123.000000 65.000000
0.6400 13.9700 32.3900 339.000000 0.000000 123.000000 65.000000
0.6500 14.3900 32.3000 340.000000 0.000000 123.000000 65.000000
0.6600 14.9200 32.1500 339.000000 0.000000 122.000000 67.000000
0.6700 15.5200 32.0400 339.000000 0.000000 122.000000 67.000000
0.6800 16.2000 32.0400 337.000000 0.000000 122.000000 67.000000
0.6900 16.8800 32.0400 340.000000 0.000000 122.000000 67.000000
0.7000 17.5400 32.0400 339.000000 0.000000 122.000000 67.000000
0.7100 18.0400 32.0400 337.000000 0.000000 122.000000 67.000000
0.7200 18.4400 31.9900 339.000000 0.000000 122.000000 67.000000
0.7300 18.7500 31.9900 339.000000 0.000000 121.000000 66.000000
0.7400 18.9400 31.9200 337.000000 0.000000 121.000000 66.000000
0.7500 19.0600 31.9200 337.000000 0.000000 121.000000 66.000000
0.7600 19.0600 31.9200 335.000000 0.000000 122.000000 65.000000
0.7700 19.0600 31.9200 337.000000 0.000000 122.000000 65.000000
0.7800 19.0600 31.9200 339.000000 0.000000 122.000000 65.000000
0.7900 19.0600 31.9200 344.000000 0.000000 122.000000 65.000000
0.8000 19.0600 31.8600 334.000000 0.000000 122.000000 65.000000
0.8100 19.0600 31.8100 341.000000 0.000000 122.000000 65.000000
0.8200 18.9300 31.6300 344.000000 0.000000 122.000000 65.000000
0.8300 18.8200 31.3900 349.000000 0.000000 122.000000 65.000000
0.8400 18.6900 31.1000 354.000000 0.000000 122.000000 65.000000
0.8500 18.5400 30.7700 361.000000 0.000000 122.000000 65.000000
0.8600 18.3800 30.3800 361.000000 0.000000 122.000000 65.000000
0.8700 18.2600 30.0200 373.000000 0.000000 122.000000 65.000000
0.8800 18.1600 29.7400 361.000000 0.000000 122.000000 65.000000
0.8900 18.1600 29.5100 362.000000 0.000000 122.000000 65.000000
0.9000 18.0900 29.1400 369.000000 0.000000 120.000000 65.000000
0.9100 18.0900 28.7600 371.000000 0.000000 120.000000 65.000000
0.9200 18.0000 28.3800 377.000000 0.000000 120.000000 65.000000
0.9300 17.9400 28.0100 387.000000 0.000000 118.000000 65.000000
0.9400 17.8800 27.6400 392.000000 0.000000 118.000000 65.000000
0.9500 17.8000 27.2600 405.000000 0.000000 118.000000 65.000000
0.9600 17.7000 26.9400 415.000000 0.000000 117.000000 67.000000
0.9700 17.6300 26.6900 423.000000 0.000000 117.000000 67.000000
0.9800 17.5700 26.4900 418.000000 0.000000 115.000000 67.000000
0.9900 17.5700 26.3600 423.000000 0.000000 115.000000 67.000000
1.0000 17.5700 26.2900 430.000000 0.000000 114.000000 68.000000
1.0100 17.5700 26.2900 431.000000 0.000000 114.000000 68.000000
1.0200 17.5700 26.2400 435.000000 0.000000 111.000000 69.000000
1.0300 17.5700 26.2400 441.000000 0.000000 111.000000 69.000000
1.0400 17.5700 26.1900 444.000000 0.000000 111.000000 69.000000
1.0500 17.5700 26.1900 440.000000 0.000000 111.000000 69.000000
1.0600 17.5700 26.1300 448.000000 0.000000 111.000000 69.000000
1.0700 17.5700 26.1300 453.000000 0.000000 111.000000 69.000000
1.0800 17.5700 26.0700 466.000000 0.000000 111.000000 69.000000
1.0900 17.6300 26.0700 473.000000 0.000000 111.000000 69.000000
1.1000 17.6300 26.0700 464.000000 0.000000 111.000000 69.000000
1.1100 17.6300 26.0700 468.000000 0.000000 111.000000 69.000000
1.1200 17.6300 26.0700 470.000000 0.000000 111.000000 69.000000
1.1300 17.6900 26.0100 475.000000 0.000000 111.000000 69.000000
1.1400 17.6900 26.0100 478.000000 0.000000 111.000000 69.000000
1.1500 17.7500 26.0100 477.000000 0.000000 111.000000 69.000000
1.1600 17.8000 26.0100 480.000000 0.000000 111.000000 69.000000
1.1700 17.8800 26.0100 486.000000 0.000000 111.000000 69.000000
1.1800 18.0000 26.0100 486.000000 0.000000 111.000000 69.000000
1.1900 18.2000 26.1300 485.000000 0.000000 111.000000 69.000000
1.2000 18.4700 26.2200 486.000000 0.000000 111.000000 69.000000
1.2100 18.7100 26.3300 483.000000 0.000000 111.000000 69.000000
1.2200 18.9300 26.4500 478.000000 0.000000 111.000000 69.000000
1.2300 19.1700 26.6000 472.000000 0.000000 111.000000 69.000000
1.2400 19.4100 26.7400 464.000000 0.000000 111.000000 69.000000
1.2500 19.6500 27.0100 458.000000 0.000000 111.000000 69.000000
1.2600 19.9200 27.3800 445.000000 0.000000 111.000000 69.000000
1.2700 20.2100 27.8400 448.000000 0.000000 111.000000 69.000000
1.2800 20.4900 28.3400 448.000000 0.000000 114.000000 68.000000
1.2900 20.6800 28.8600 438.000000 0.000000 112.000000 67.000000
1.3000 20.8100 29.2800 431.000000 0.000000 112.000000 67.000000
1.3100 20.8100 29.6900 428.000000 0.000000 115.000000 67.000000
1.3200 20.6600 29.9200 417.000000 0.000000 114.000000 66.000000
1.3300 20.4200 30.0500 415.000000 0.000000 116.000000 66.000000
1.3400 20.0300 30.0500 422.000000 0.000000 116.000000 66.000000
1.3500 19.6000 29.9800 420.000000 0.000000 116.000000 66.000000
1.3600 19.1300 29.8400 420.000000 0.000000 118.000000 65.000000
1.3700 18.7800 29.6800 422.000000 0.000000 118.000000 65.000000
1.3800 18.6000 29.5200 422.000000 0.000000 118.000000 65.000000
1.3900 18.5400 29.4400 420.000000 0.000000 118.000000 65.000000
1.4000 18.6600 29.4400 414.000000 0.000000 120.000000 65.000000
1.4100 18.7900 29.3500 430.000000 0.000000 120.000000 65.000000
1.4200 19.1600 29.3500 435.000000 0.000000 120.000000 65.000000
1.4300 19.6900 29.4300 433.000000 0.000000 120.000000 65.000000
1.4400 20.3000 29.6500 438.000000 0.000000 120.000000 65.000000
1.4500 20.9000 29.9000 433.000000 0.000000 118.000000 65.000000
1.4600 21.4800 30.2100 433.000000 0.000000 118.000000 65.000000
1.4700 21.9900 30.5600 433.000000 0.000000 118.000000 65.000000
1.4800 22.3800 30.9500 433.000000 0.000000 118.000000 65.000000
1.4900 22.7000 31.3200 435.000000 0.000000 120.000000 65.000000
1.5000 22.8700 31.6700 440.000000 0.000000 119.000000 64.000000
1.5100 22.8000 31.9900 448.000000 0.000000 119.000000 64.000000
1.5200 22.5800 32.2600 439.000000 0.000000 119.000000 64.000000
1.5300 22.1600 32.4800 440.000000 0.000000 119.000000 64.000000
1.5400 21.6000 32.6200 442.000000 0.000000 119.000000 64.000000
1.5500 20.9400 32.6200 448.000000 0.000000 119.000000 64.000000
1.5600 20.3300 32.4800 450.000000 0.000000 120.000000 64.000000
1.5700 19.7800 32.3200 455.000000 0.000000 122.000000 65.000000
1.5800 19.4500 32.1400 456.000000 0.000000 122.000000 65.000000
1.5900 19.2400 31.9900 458.000000 0.000000 122.000000 65.000000
1.6000 19.1600 31.8700 456.000000 0.000000 122.000000 65.000000
1.6100 19.1600 31.7800 460.000000 0.000000 122.000000 65.000000
1.6200 19.3100 31.6100 466.000000 0.000000 122.000000 65.000000
1.6300 19.5900 31.4300 469.000000 0.000000 122.000000 65.000000
1.6400 19.9700 31.2500 473.000000 0.000000 122.000000 65.000000
1.6500 20.3900 31.1200 474.000000 0.000000 122.000000 65.000000
1.6600 20.7700 31.0200 467.000000 0.000000 122.000000 65.000000
1.6700 21.1200 30.9500 467.000000 0.000000 122.000000 65.000000
1.6800 21.4100 30.8600 468.000000 0.000000 122.000000 65.000000
1.6900 21.7200 30.7400 472.000000 0.000000 122.000000 65.000000
1.7000 22.0200 30.6200 470.000000 0.000000 122.000000 65.000000
1.7100 22.2700 30.4800 470.000000 0.000000 120.000000 64.000000
1.7200 22.5000 30.3800 470.000000 0.000000 120.000000 64.000000
1.7300 22.7100 30.2400 473.000000 0.000000 120.000000 64.000000
1.7400 22.8100 30.0800 473.000000 0.000000 120.000000 64.000000
1.7500 22.8100 29.9300 472.000000 0.000000 120.000000 64.000000
1.7600 22.9000 29.8300 472.000000 0.000000 119.000000 64.000000
1.7700 22.9600 29.7600 472.000000 0.000000 119.000000 64.000000
1.7800 23.0200 29.7100 467.000000 0.000000 119.000000 64.000000
1.7900 23.0800 29.7100 467.000000 0.000000 119.000000 64.000000
1.8000 23.0800 29.7100 468.000000 0.000000 119.000000 64.000000
1.8100 23.0800 29.7100 470.000000 0.000000 119.000000 64.000000
1.8200 23.0800 29.7100 472.000000 0.000000 119.000000 64.000000
1.8300 23.0800 29.7100 477.000000 0.000000 119.000000 64.000000
1.8400 23.0800 29.7100 475.000000 0.000000 119.000000 64.000000
1.8500 23.0800 29.7100 477.000000 0.000000 119.000000 64.000000
1.8600 23.0800 29.7100 473.000000 0.000000 119.000000 64.000000
1.8700 23.0800 29.7100 468.000000 0.000000 119.000000 64.000000
1.8800 23.0800 29.7100 465.000000 0.000000 119.000000 64.000000
1.8900 23.0800 29.7100 474.000000 0.000000 119.000000 64.000000
1.9000 23.0800 29.7100 464.000000 0.000000 119.000000 64.000000
1.9100 23.0800 29.7100 474.000000 0.000000 119.000000 64.000000
1.9200 23.0800 29.7100 469.000000 0.000000 119.000000 64.000000
1.9300 23.0800 29.7100 453.000000 0.000000 119.000000 64.000000
1.9400 23.0800 29.7100 431.000000 0.000000 119.000000 64.000000
1.9500 23.0800 29.7100 388.000000 0.000000 119.000000 64.000000
1.9600 23.0800 29.7100 341.000000 0.000000 119.000000 64.000000
1.9700 23.0800 29.7100 273.000000 0.000000 119.000000 64.000000
1.9800 23.0800 29.7100 200.000000 0.000000 120.000000 65.000000
1.9900 23.0800 29.7100 78.000000 0.000000 120.000000 65.000000
2.0000 23.0800 29.7100 0.000000 1.000000 120.000000 65.000000
2.0100 23.3700 29.8000 0.000000 0.000000 120.000000 65.000000
2.0200 23.3700 29.8000 0.000000 0.000000 120.000000 65.000000
2.0300 23.3700 29.8000 0.000000 0.000000 120.000000 65.000000
2.0400 23.3700 29.8000 24.000000 1.000000 120.000000 65.000000
2.0500 23.3700 29.8000 36.000000 0.000000 120.000000 65.000000
2.0600 23.3700 29.8000 49.000000 0.000000 120.000000 65.000000
2.0700 23.3700 29.8000 65.000000 0.000000 120.000000 65.000000
2.0800 23.3700 29.8000 55.000000 0.000000 120.000000 65.000000
2.0900 23.3700 29.8000 89.000000 0.000000 120.000000 65.000000
2.1000 23.3700 29.8000 108.000000 0.000000 120.000000 65.000000
2.1100 23.3700 29.8000 93.000000 0.000000 120.000000 65.000000
2.1200 23.3700 29.8000 107.000000 0.000000 120.000000 65.000000
2.1300 23.3700 29.8000 134.000000 0.000000 120.000000 65.000000
2.1400 23.3700 29.8000 161.000000 0.000000 120.000000 65.000000
2.1500 23.1200 29.9600 175.000000 0.000000 120.000000 65.000000
2.1600 23.1200 29.9600 186.000000 0.000000 120.000000 65.000000
2.1700 23.1200 29.9600 195.000000 0.000000 120.000000 65.000000
2.1800 23.1200 29.9600 220.000000 0.000000 119.000000 64.000000
2.1900 23.1700 29.9600 222.000000 0.000000 120.000000 65.000000
2.2000 23.1700 29.9600 211.000000 0.000000 120.000000 65.000000
2.2100 23.2200 30.0700 225.000000 0.000000 120.000000 65.000000
2.2200 23.2200 30.1700 242.000000 0.000000 120.000000 65.000000
2.2300 23.3100 30.2300 254.000000 0.000000 120.000000 65.000000
2.2400 23.3100 30.3100 247.000000 0.000000 120.000000 65.000000
2.2500 23.3600 30.3800 252.000000 0.000000 120.000000 65.000000
2.2600 23.3600 30.4600 269.000000 0.000000 120.000000 65.000000
2.2700 23.4400 30.5500 286.000000 0.000000 122.000000 65.000000
2.2800 23.4400 30.6000 292.000000 0.000000 122.000000 65.000000
2.2900 23.4400 30.6000 297.000000 0.000000 122.000000 65.000000
2.3000 23.4400 30.6000 304.000000 0.000000 122.000000 65.000000
2.3100 23.4400 30.6000 311.000000 0.000000 122.000000 65.000000
2.3200 23.4400 30.6600 312.000000 0.000000 122.000000 65.000000
2.3300 23.4400 30.6600 314.000000 0.000000 122.000000 65.000000
2.3400 23.4400 30.6600 317.000000 0.000000 122.000000 65.000000
2.3500 23.4400 30.6600 312.000000 0.000000 122.000000 65.000000
2.3600 23.4400 30.6600 337.000000 0.000000 122.000000 65.000000
2.3700 23.4400 30.6600 364.000000 0.000000 122.000000 65.000000
2.3800 23.4400 30.6600 382.000000 0.000000 122.000000 65.000000
2.3900 23.4400 30.6600 393.000000 0.000000 122.000000 65.000000
2.4000 23.4400 30.6600 389.000000 0.000000 122.000000 65.000000
2.4100 23.4400 30.6600 397.000000 0.000000 122.000000 65.000000
2.4200 23.4400 30.6600 415.000000 0.000000 122.000000 65.000000
2.4300 23.4400 30.6600 409.000000 0.000000 122.000000 65.000000
2.4400 23.4400 30.6600 425.000000 0.000000 122.000000 65.000000
2.4500 23.4400 30.6600 420.000000 0.000000 122.000000 65.000000
2.4600 23.4400 30.6600 422.000000 0.000000 122.000000 65.000000
2.4700 23.4400 30.6600 443.000000 0.000000 122.000000 65.000000
2.4800 23.4400 30.6600 440.000000 0.000000 122.000000 65.000000
2.4900 23.4400 30.6600 455.000000 0.000000 124.000000 64.000000
2.5000 23.4400 30.6600 469.000000 0.000000 124.000000 64.000000
2.5100 23.4400 30.6600 472.000000 0.000000 124.000000 64.000000
2.5200 23.4400 30.6600 473.000000 0.000000 124.000000 64.000000
2.5300 23.4400 30.6600 475.000000 0.000000 124.000000 64.000000
2.5400 23.4400 30.6600 481.000000 0.000000 124.000000 64.000000
2.5500 23.4400 30.6600 483.000000 0.000000 122.000000 65.000000
2.5600 23.4400 30.6600 486.000000 0.000000 122.000000 65.000000
2.5700 23.4400 30.6600 491.000000 0.000000 122.000000 65.000000
2.5800 23.4400 30.6600 496.000000 0.000000 122.000000 65.000000
2.5900 23.4400 30.6600 489.000000 0.000000 122.000000 65.000000
2.6000 23.4400 30.6600 492.000000 0.000000 122.000000 65.000000
2.6100 23.3500 30.5000 501.000000 0.000000 122.000000 65.000000
2.6200 23.1600 30.2900 505.000000 0.000000 122.000000 65.000000
2.6300 23.0000 30.0200 510.000000 0.000000 122.000000 65.000000
2.6400 22.8500 29.7800 514.000000 0.000000 122.000000 65.000000
2.6500 22.6800 29.5200 517.000000 0.000000 122.000000 65.000000
2.6600 22.5000 29.2000 515.000000 0.000000 120.000000 65.000000
2.6700 22.3200 28.8300 519.000000 0.000000 120.000000 65.000000
2.6800 22.1500 28.4000 526.000000 0.000000 119.000000 64.000000
2.6900 21.9800 27.9600 538.000000 0.000000 117.000000 65.000000
2.7000 21.8100 27.5700 541.000000 0.000000 117.000000 65.000000
2.7100 21.7000 27.2200 537.000000 0.000000 118.000000 65.000000
2.7200 21.6200 26.8700 542.000000 0.000000 116.000000 66.000000
2.7300 21.6200 26.6900 545.000000 0.000000 116.000000 66.000000
2.7400 21.6200 26.6200 543.000000 0.000000 114.000000 66.000000
2.7500 21.7400 26.5500 546.000000 0.000000 115.000000 67.000000
2.7600 21.8900 26.5500 550.000000 0.000000 112.000000 67.000000
2.7700 22.0400 26.5500 553.000000 0.000000 112.000000 67.000000
2.7800 22.2400 26.5500 554.000000 0.000000 112.000000 67.000000
2.7900 22.4700 26.6300 553.000000 0.000000 110.000000 68.000000
2.8000 22.7400 26.7400 554.000000 0.000000 110.000000 68.000000
2.8100 23.0100 26.8500 554.000000 0.000000 111.000000 69.000000
2.8200 23.3000 26.9800 550.000000 0.000000 111.000000 69.000000
2.8300 23.6300 27.1500 546.000000 0.000000 114.000000 68.000000
2.8400 23.9500 27.3400 545.000000 0.000000 114.000000 68.000000
2.8500 24.1900 27.4900 546.000000 0.000000 114.000000 68.000000
2.8600 24.3900 27.6100 537.000000 0.000000 114.000000 68.000000
2.8700 24.5100 27.7000 535.000000 0.000000 114.000000 68.000000
2.8800 24.5600 27.7600 521.000000 0.000000 114.000000 68.000000
2.8900 24.5600 27.7600 515.000000 0.000000 115.000000 67.000000
2.9000 24.5600 27.8100 509.000000 0.000000 115.000000 67.000000
2.9100 24.5600 27.8100 496.000000 0.000000 115.000000 67.000000
2.9200 24.5600 27.8100 481.000000 0.000000 115.000000 67.000000
2.9300 24.5600 27.8700 460.000000 0.000000 115.000000 67.000000
2.9400 24.6300 27.8700 428.000000 0.000000 115.000000 67.000000
2.9500 24.6300 27.9400 398.000000 0.000000 115.000000 67.000000
2.9600 24.6300 27.9900 329.000000 0.000000 115.000000 67.000000
2.9700 24.6300 28.0400 209.000000 0.000000 115.000000 67.000000
2.9800 24.6300 28.1000 8.000000 1.000000 115.000000 67.000000
2.9900 24.6300 28.1000 0.000000 0.000000 115.000000 67.000000
3.0000 24.6300 28.1000 0.000000 0.000000 115.000000 67.000000
3.0100 24.3900 28.3600 0.000000 0.000000 115.000000 67.000000
3.0200 24.2800 28.4900 0.000000 0.000000 116.000000 68.000000
3.0300 24.1600 28.6600 0.000000 0.000000 116.000000 68.000000
3.0400 24.0700 28.7500 0.000000 0.000000 116.000000 68.000000
3.0500 23.9600 28.8600 0.000000 0.000000 116.000000 68.000000
3.0600 23.8200 28.9600 0.000000 0.000000 116.000000 68.000000
3.0700 23.7000 29.0400 0.000000 0.000000 116.000000 68.000000
3.0800 23.5800 29.1100 0.000000 0.000000 116.000000 68.000000
3.0900 23.4300 29.1100 0.000000 0.000000 117.000000 67.000000
3.1000 23.2500 29.1600 0.000000 0.000000 117.000000 67.000000
3.1100 23.2500 29.1600 89.000000 1.000000 117.000000 67.000000
3.1200 22.9400 29.1600 120.000000 0.000000 117.000000 67.000000
3.1300 22.8500 29.2100 185.000000 0.000000 119.000000 66.000000
3.1400 22.8500 29.2100 249.000000 0.000000 119.000000 66.000000
3.1500 22.9200 29.2100 277.000000 0.000000 118.000000 65.000000
3.1600 23.0000 29.2100 297.000000 0.000000 118.000000 65.000000
3.1700 23.0900 29.3200 342.000000 0.000000 118.000000 65.000000
3.1800 23.2200 29.4900 371.000000 0.000000 120.000000 65.000000
3.1900 23.3900 29.6600 376.000000 0.000000 120.000000 65.000000
3.2000 23.4600 29.9100 396.000000 0.000000 120.000000 65.000000
3.2100 23.4600 30.2100 394.000000 0.000000 120.000000 65.000000
3.2200 23.4600 30.5500 409.000000 0.000000 120.000000 65.000000
3.2300 23.4600 30.9300 420.000000 0.000000 120.000000 65.000000
3.2400 23.5200 31.3400 417.000000 0.000000 120.000000 65.000000
3.2500 23.6300 31.7100 422.000000 0.000000 120.000000 65.000000
3.2600 23.8100 32.0900 423.000000 0.000000 120.000000 65.000000
3.2700 23.9900 32.3500 414.000000 0.000000 122.000000 65.000000
3.2800 24.1600 32.5400 422.000000 0.000000 123.000000 65.000000
3.2900 24.4400 32.6900 435.000000 0.000000 123.000000 65.000000
3.3000 24.7400 32.8000 436.000000 0.000000 123.000000 65.000000
3.3100 25.1100 32.8000 441.000000 0.000000 124.000000 66.000000
3.3200 25.4900 32.8000 440.000000 0.000000 124.000000 66.000000
3.3300 25.8600 32.6500 428.000000 0.000000 124.000000 66.000000
3.3400 26.0600 32.4300 418.000000 0.000000 124.000000 66.000000
3.3500 26.1500 32.1600 418.000000 0.000000 124.000000 66.000000
3.3600 26.0200 31.8700 405.000000 0.000000 126.000000 67.000000
3.3700 25.7100 31.5400 405.000000 0.000000 126.000000 67.000000
3.3800 25.2700 31.2500 405.000000 0.000000 126.000000 67.000000
3.3900 24.9900 31.0000 413.000000 0.000000 126.000000 67.000000
3.4000 24.7400 30.8200 422.000000 0.000000 126.000000 67.000000
3.4100 24.5700 30.6300 422.000000 0.000000 124.000000 66.000000
3.4200 24.4500 30.4300 428.000000 0.000000 124.000000 66.000000
3.4300 24.3900 30.2600 430.000000 0.000000 124.000000 66.000000
3.4400 24.3900 30.1100 443.000000 0.000000 123.000000 65.000000
3.4500 24.4800 29.9800 439.000000 0.000000 123.000000 65.000000
3.4600 24.5900 29.8800 440.000000 0.000000 123.000000 65.000000
3.4700 24.6900 29.7900 456.000000 0.000000 121.000000 66.000000
3.4800 24.7500 29.6800 461.000000 0.000000 121.000000 66.000000
3.4900 24.8300 29.5900 456.000000 0.000000 121.000000 66.000000
3.5000 24.8800 29.5200 460.000000 0.000000 121.000000 66.000000
3.5100 24.8800 29.4500 465.000000 0.000000 121.000000 66.000000
3.5200 24.8800 29.2900 466.000000 0.000000 121.000000 66.000000
3.5300 24.8800 29.1600 474.000000 0.000000 121.000000 66.000000
3.5400 24.8800 29.0500 465.000000 0.000000 121.000000 66.000000
3.5500 24.9700 28.9100 473.000000 0.000000 122.000000 67.000000
3.5600 25.0600 28.8300 477.000000 0.000000 122.000000 67.000000
3.5700 25.1800 28.8300 483.000000 0.000000 120.000000 67.000000
3.5800 25.4400 28.8300 496.000000 0.000000 120.000000 67.000000
3.5900 25.8100 28.8300 494.000000 0.000000 120.000000 67.000000
3.6000 26.2100 28.9400 505.000000 0.000000 122.000000 68.000000
3.6100 26.7300 29.0500 505.000000 0.000000 122.000000 68.000000
3.6200 27.3300 29.1500 507.000000 0.000000 122.000000 68.000000
3.6300 27.9200 29.2500 502.000000 0.000000 122.000000 68.000000
3.6400 28.3800 29.3400 494.000000 0.000000 123.000000 69.000000
3.6500 28.7400 29.4400 498.000000 0.000000 123.000000 69.000000
3.6600 29.0400 29.5600 495.000000 0.000000 123.000000 69.000000
3.6700 29.2400 29.6900 496.000000 0.000000 123.000000 69.000000
3.6800 29.3700 29.7600 496.000000 0.000000 125.000000 68.000000
3.6900 29.4400 29.8300 499.000000 0.000000 125.000000 68.000000
3.7000 29.4400 29.8300 507.000000 0.000000 125.000000 68.000000
3.7100 29.4400 29.9200 502.000000 0.000000 125.000000 68.000000
3.7200 29.4400 29.9200 504.000000 0.000000 125.000000 68.000000
3.7300 29.4400 29.9900 502.000000 0.000000 125.000000 68.000000
3.7400 29.4900 29.9900 504.000000 0.000000 125.000000 68.000000
3.7500 29.5400 30.0800 504.000000 0.000000 125.000000 68.000000
3.7600 29.6100 30.1700 504.000000 0.000000 125.000000 68.000000
3.7700 29.6600 30.2300 505.000000 0.000000 125.000000 68.000000
3.7800 29.7500 30.3300 507.000000 0.000000 125.000000 68.000000
3.7900 29.8700 30.5300 505.000000 0.000000 124.000000 67.000000
3.8000 30.0500 30.8000 502.000000 0.000000 124.000000 67.000000
3.8100 30.2600 31.1300 502.000000 0.000000 124.000000 67.000000
3.8200 30.3800 31.5200 499.000000 0.000000 124.000000 67.000000
3.8300 30.4300 31.9400 496.000000 0.000000 124.000000 67.000000
3.8400 30.3700 32.4500 486.000000 0.000000 124.000000 67.000000
3.8500 30.1800 32.9000 467.000000 0.000000 124.000000 67.000000
3.8600 29.9000 33.1700 465.000000 0.000000 124.000000 67.000000
3.8700 29.3300 33.3300 443.000000 0.000000 126.000000 67.000000
3.8800 28.5500 33.2800 453.000000 0.000000 126.000000 67.000000
3.8900 27.6400 33.0100 474.000000 0.000000 124.000000 66.000000
3.9000 26.8800 32.6000 470.000000 0.000000 124.000000 66.000000
3.9100 26.4700 31.9600 473.000000 0.000000 124.000000 66.000000
3.9200 26.2900 31.2900 470.000000 0.000000 124.000000 66.000000
3.9300 26.5000 30.6100 468.000000 0.000000 124.000000 66.000000
3.9400 27.0500 29.8600 468.000000 0.000000 126.000000 67.000000
3.9500 27.8200 29.1500 488.000000 0.000000 126.000000 67.000000
3.9600 28.4100 28.5500 489.000000 0.000000 124.000000 67.000000
3.9700 28.8400 28.0300 489.000000 0.000000 125.000000 68.000000
3.9800 29.1500 27.5700 473.000000 0.000000 125.000000 68.000000
3.9900 29.1500 27.1600 467.000000 0.000000 123.000000 69.000000
4.0000 28.8700 26.7800 467.000000 0.000000 121.000000 69.000000
4.0100 28.4600 26.4600 481.000000 0.000000 121.000000 69.000000
4.0200 27.8900 26.1400 488.000000 0.000000 118.000000 70.000000
4.0300 27.1300 25.8000 493.000000 0.000000 116.000000 70.000000
4.0400 26.2500 25.4700 495.000000 0.000000 116.000000 70.000000
4.0500 25.4500 25.2800 489.000000 0.000000 116.000000 70.000000
4.0600 24.8800 25.2000 498.000000 0.000000 113.000000 71.000000
4.0700 24.4600 25.2000 495.000000 0.000000 113.000000 71.000000
4.0800 24.0800 25.2600 496.000000 0.000000 113.000000 71.000000
4.0900 23.7000 25.2600 489.000000 0.000000 113.000000 71.000000
4.1000 23.2300 25.3300 491.000000 0.000000 113.000000 71.000000
4.1100 22.6900 25.3300 494.000000 0.000000 113.000000 71.000000
4.1200 22.1000 25.1900 504.000000 0.000000 113.000000 71.000000
4.1300 21.4800 25.0900 502.000000 0.000000 113.000000 71.000000
4.1400 20.8500 25.0100 510.000000 0.000000 113.000000 71.000000
4.1500 20.3400 25.0100 509.000000 0.000000 112.000000 70.000000
4.1600 20.1000 25.0100 501.000000 0.000000 112.000000 70.000000
4.1700 20.0400 25.1500 491.000000 0.000000 112.000000 70.000000
4.1800 20.1100 25.4300 492.000000 0.000000 112.000000 70.000000
4.1900 20.4200 25.9500 494.000000 0.000000 112.000000 70.000000
4.2000 20.8800 26.6200 502.000000 0.000000 112.000000 70.000000
4.2100 21.7100 27.3300 507.000000 0.000000 112.000000 70.000000
4.2200 22.3200 28.0000 504.000000 0.000000 115.000000 69.000000
4.2300 22.7800 28.3100 509.000000 0.000000 114.000000 68.000000
4.2400 22.8300 28.3900 515.000000 0.000000 114.000000 68.000000
4.2500 22.6600 28.4600 498.000000 0.000000 116.000000 68.000000
4.2600 22.3300 28.5300 483.000000 0.000000 116.000000 68.000000
4.2700 21.4200 28.3700 456.000000 0.000000 115.000000 67.000000
4.2800 20.0400 28.0600 423.000000 0.000000 117.000000 67.000000
4.2900 18.3500 27.4800 394.000000 0.000000 117.000000 67.000000
4.3000 16.2000 26.7200 439.000000 0.000000 117.000000 67.000000
4.3100 14.2300 25.8500 492.000000 0.000000 118.000000 68.000000
4.3200 12.3700 25.1100 542.000000 0.000000 118.000000 68.000000
4.3300 10.8900 24.6100 570.000000 0.000000 119.000000 68.000000
4.3400 10.2700 24.2600 556.000000 0.000000 121.000000 69.000000
4.3500 10.2700 24.2600 564.000000 0.000000 122.000000 70.000000
4.3600 10.8800 24.2100 570.000000 0.000000 124.000000 71.000000
4.3700 12.3600 24.3500 561.000000 0.000000 124.000000 71.000000
4.3800 14.3800 24.6200 569.000000 0.000000 126.000000 72.000000
4.3900 17.4300 25.0600 580.000000 0.000000 126.000000 72.000000
4.4000 20.6100 25.5800 586.000000 0.000000 126.000000 72.000000
4.4100 23.8700 26.1600 588.000000 0.000000 126.000000 72.000000
4.4200 26.6500 26.6200 603.000000 0.000000 123.000000 72.000000
4.4300 28.7100 26.9000 611.000000 0.000000 123.000000 72.000000
4.4400 30.2800 27.0500 602.000000 0.000000 123.000000 72.000000
4.4500 31.1300 27.1200 602.000000 0.000000 122.000000 71.000000
4.4600 31.5100 27.1200 603.000000 0.000000 122.000000 71.000000
4.4700 31.5700 27.1200 603.000000 0.000000 124.000000 71.000000
4.4800 31.5700 27.1200 602.000000 0.000000 124.000000 71.000000
4.4900 31.5700 27.1200 597.000000 0.000000 124.000000 71.000000
4.5000 31.5700 27.1200 586.000000 0.000000 124.000000 71.000000
4.5100 31.5700 27.1200 572.000000 0.000000 124.000000 71.000000
4.5200 31.5700 27.1200 536.000000 0.000000 124.000000 71.000000
4.5300 31.5700 27.1200 441.000000 0.000000 124.000000 71.000000
4.5400 31.5700 27.1200 277.000000 0.000000 124.000000 71.000000
