0.0000 42.1400 35.6400 175.000000 1.000000 127.000000 53.000000
0.0100 42.1400 35.6400 251.000000 0.000000 125.000000 54.000000
0.0200 42.1400 35.6400 363.000000 0.000000 125.000000 54.000000
0.0300 42.1400 35.6400 414.000000 0.000000 125.000000 54.000000
0.0400 41.8800 35.3200 468.000000 0.000000 124.000000 54.000000
0.0500 41.8300 35.2200 516.000000 0.000000 124.000000 54.000000
0.0600 41.8300 35.2200 565.000000 0.000000 124.000000 54.000000
0.0700 41.8300 35.2200 591.000000 0.000000 124.000000 55.000000
0.0800 41.8300 35.2800 620.000000 0.000000 122.000000 56.000000
0.0900 42.1100 35.6000 637.000000 0.000000 122.000000 56.000000
0.1000 42.5000 36.1000 664.000000 0.000000 121.000000 56.000000
0.1100 42.9400 36.7700 666.000000 0.000000 121.000000 56.000000
0.1200 43.5000 37.8200 691.000000 0.000000 121.000000 56.000000
0.1300 44.1400 39.1200 699.000000 0.000000 121.000000 56.000000
0.1400 44.8900 40.5400 694.000000 0.000000 122.000000 57.000000
0.1500 45.7800 42.1500 681.000000 0.000000 123.000000 56.000000
0.1600 46.7500 43.8800 690.000000 0.000000 123.000000 56.000000
0.1700 47.5700 45.2300 679.000000 0.000000 124.000000 57.000000
0.1800 48.0600 46.1100 690.000000 0.000000 126.000000 57.000000
0.1900 48.3300 46.6800 691.000000 0.000000 127.000000 57.000000
0.2000 48.4300 46.8500 693.000000 0.000000 130.000000 58.000000
0.2100 48.4300 46.8500 700.000000 0.000000 130.000000 58.000000
0.2200 48.4300 46.6800 702.000000 0.000000 132.000000 58.000000
0.2300 48.5800 46.2100 700.000000 0.000000 134.000000 58.000000
0.2400 48.7500 45.2900 705.000000 0.000000 135.000000 58.000000
0.2500 49.0000 44.0600 702.000000 0.000000 138.000000 58.000000
0.2600 49.1500 42.4400 699.000000 0.000000 138.000000 58.000000
0.2700 49.2300 40.8000 691.000000 0.000000 139.000000 58.000000
0.2800 49.2300 39.1500 691.000000 0.000000 140.000000 58.000000
0.2900 49.3300 37.9800 691.000000 0.000000 142.000000 58.000000
0.3000 49.4100 37.2300 700.000000 0.000000 142.000000 58.000000
0.3100 49.4600 36.7500 694.000000 0.000000 141.000000 59.000000
0.3200 49.5500 36.5000 721.000000 0.000000 141.000000 59.000000
0.3300 49.5500 36.4400 757.000000 0.000000 141.000000 59.000000
0.3400 49.5500 36.5200 777.000000 0.000000 139.000000 60.000000
0.3500 49.5500 36.6500 787.000000 0.000000 139.000000 60.000000
0.3600 49.5500 37.0300 797.000000 0.000000 139.000000 60.000000
0.3700 49.4100 37.5800 823.000000 0.000000 138.000000 60.000000
0.3800 49.2200 38.4200 811.000000 0.000000 136.000000 60.000000
0.3900 48.7000 39.2600 820.000000 0.000000 136.000000 60.000000
0.4000 47.8100 40.0700 812.000000 0.000000 136.000000 60.000000
0.4100 46.6700 40.8500 818.000000 0.000000 136.000000 60.000000
0.4200 45.5700 41.4600 817.000000 0.000000 136.000000 60.000000
0.4300 44.4900 41.9500 827.000000 0.000000 135.000000 59.000000
0.4400 43.4900 42.3800 854.000000 0.000000 135.000000 59.000000
0.4500 42.7900 42.7800 902.000000 0.000000 135.000000 59.000000
0.4600 42.2600 42.9800 909.000000 0.000000 135.000000 59.000000
0.4700 42.2600 43.0500 899.000000 0.000000 135.000000 59.000000
0.4800 42.6300 43.1600 912.000000 0.000000 135.000000 59.000000
0.4900 43.2000 43.2100 920.000000 0.000000 136.000000 58.000000
0.5000 44.4300 43.3000 936.000000 0.000000 135.000000 58.000000
0.5100 46.0200 43.4300 936.000000 0.000000 135.000000 58.000000
0.5200 47.8400 43.6200 948.000000 0.000000 135.000000 58.000000
0.5300 49.2800 43.7700 937.000000 0.000000 136.000000 57.000000
0.5400 50.4600 43.8500 937.000000 0.000000 136.000000 57.000000
0.5500 51.4600 43.9300 947.000000 0.000000 136.000000 57.000000
0.5600 52.1400 44.0200 958.000000 0.000000 139.000000 57.000000
0.5700 52.5600 44.0900 968.000000 0.000000 139.000000 57.000000
0.5800 52.8000 44.1400 980.000000 0.000000 139.000000 57.000000
0.5900 52.8000 44.1400 991.000000 0.000000 139.000000 57.000000
0.6000 52.8000 44.1400 991.000000 0.000000 139.000000 57.000000
0.6100 52.8000 44.1400 992.000000 0.000000 140.000000 58.000000
0.6200 52.8000 44.1400 980.000000 0.000000 140.000000 58.000000
0.6300 52.7500 44.1400 973.000000 0.000000 140.000000 58.000000
0.6400 52.7500 44.0700 959.000000 0.000000 142.000000 58.000000
0.6500 52.7500 44.0700 952.000000 0.000000 142.000000 58.000000
0.6600 52.6900 44.0700 937.000000 0.000000 142.000000 58.000000
0.6700 52.6900 44.0700 938.000000 0.000000 143.000000 59.000000
0.6800 52.6900 44.0700 934.000000 0.000000 143.000000 59.000000
0.6900 52.6900 44.0700 940.000000 0.000000 143.000000 59.000000
0.7000 52.6900 44.0700 933.000000 0.000000 143.000000 59.000000
0.7100 52.6900 44.0700 936.000000 0.000000 143.000000 59.000000
0.7200 52.6900 44.0700 897.000000 0.000000 143.000000 59.000000
0.7300 52.6900 44.0700 830.000000 0.000000 143.000000 59.000000
0.7400 52.6900 44.0700 756.000000 0.000000 143.000000 59.000000
0.7500 52.6900 44.0700 697.000000 0.000000 143.000000 59.000000
0.7600 52.6900 44.0700 659.000000 0.000000 143.000000 59.000000
0.7700 52.6900 44.0700 641.000000 0.000000 143.000000 59.000000
0.7800 52.6900 44.0700 638.000000 0.000000 144.000000 58.000000
0.7900 52.6900 44.0700 649.000000 0.000000 144.000000 58.000000
0.8000 52.6400 44.0700 661.000000 0.000000 146.000000 58.000000
0.8100 52.6400 44.0700 664.000000 0.000000 146.000000 58.000000
0.8200 52.6400 44.0200 662.000000 0.000000 146.000000 58.000000
0.8300 52.6400 44.0200 662.000000 0.000000 146.000000 58.000000
0.8400 52.6400 44.0200 614.000000 0.000000 146.000000 58.000000
0.8500 52.5400 44.1000 515.000000 0.000000 146.000000 58.000000
0.8600 52.3500 44.1000 420.000000 0.000000 146.000000 58.000000
0.8700 52.2200 44.1800 374.000000 0.000000 146.000000 58.000000
0.8800 52.1000 44.2500 305.000000 0.000000 146.000000 58.000000
0.8900 52.0300 44.3300 215.000000 0.000000 146.000000 58.000000
0.9000 52.0300 44.3300 0.000000 1.000000 146.000000 58.000000
0.9100 51.9700 44.5200 0.000000 0.000000 146.000000 58.000000
0.9200 51.8100 44.7000 0.000000 0.000000 144.000000 58.000000
0.9300 51.6400 44.9200 0.000000 0.000000 144.000000 58.000000
0.9400 51.6400 45.0000 0.000000 0.000000 144.000000 58.000000
0.9500 51.6400 45.0000 0.000000 0.000000 144.000000 58.000000
0.9600 51.7400 45.0000 0.000000 0.000000 144.000000 58.000000
0.9700 51.9300 45.0000 0.000000 0.000000 144.000000 58.000000
0.9800 52.1300 45.0000 0.000000 0.000000 144.000000 57.000000
0.9900 52.3400 45.0000 0.000000 0.000000 144.000000 57.000000
1.0000 52.4100 45.0000 0.000000 0.000000 144.000000 57.000000
1.0100 52.4100 45.1500 0.000000 0.000000 145.000000 56.000000
1.0200 52.4100 45.3100 0.000000 0.000000 144.000000 56.000000
1.0300 52.4100 45.4400 0.000000 0.000000 144.000000 56.000000
1.0400 52.4900 45.6200 0.000000 0.000000 145.000000 55.000000
1.0500 52.6300 45.8400 0.000000 0.000000 145.000000 55.000000
1.0600 52.6300 45.8400 372.000000 1.000000 145.000000 55.000000
1.0700 52.6300 45.8400 441.000000 0.000000 145.000000 55.000000
1.0800 52.7500 46.3500 570.000000 0.000000 146.000000 55.000000
1.0900 52.7000 46.4100 650.000000 0.000000 146.000000 55.000000
1.1000 52.7000 46.4100 672.000000 0.000000 145.000000 56.000000
1.1100 52.7000 46.3400 711.000000 0.000000 145.000000 56.000000
1.1200 52.7000 45.9900 761.000000 0.000000 147.000000 56.000000
1.1300 52.5700 45.4600 796.000000 0.000000 146.000000 57.000000
1.1400 52.3600 44.5100 836.000000 0.000000 146.000000 57.000000
1.1500 51.9500 43.1400 846.000000 0.000000 146.000000 57.000000
1.1600 51.5200 41.4800 842.000000 0.000000 144.000000 58.000000
1.1700 51.0700 39.9300 846.000000 0.000000 144.000000 58.000000
1.1800 50.8000 38.6200 837.000000 0.000000 143.000000 59.000000
1.1900 50.5900 37.4700 843.000000 0.000000 143.000000 59.000000
1.2000 50.5400 36.9400 836.000000 0.000000 142.000000 59.000000
1.2100 50.5400 36.6300 840.000000 0.000000 142.000000 59.000000
1.2200 50.6000 36.4700 842.000000 0.000000 141.000000 60.000000
1.2300 50.6000 36.4700 857.000000 0.000000 141.000000 60.000000
1.2400 50.6500 36.4700 853.000000 0.000000 138.000000 60.000000
1.2500 50.6500 36.6200 860.000000 0.000000 138.000000 60.000000
1.2600 50.6500 36.9700 863.000000 0.000000 136.000000 61.000000
1.2700 50.7300 37.6900 866.000000 0.000000 135.000000 60.000000
1.2800 50.8500 38.6600 873.000000 0.000000 135.000000 60.000000
1.2900 51.0500 39.7900 864.000000 0.000000 135.000000 60.000000
1.3000 51.3000 40.9700 864.000000 0.000000 135.000000 60.000000
1.3100 51.5600 42.1900 858.000000 0.000000 135.000000 60.000000
1.3200 51.8200 43.3800 849.000000 0.000000 135.000000 60.000000
1.3300 52.4200 44.4300 857.000000 0.000000 135.000000 60.000000
1.3400 53.2300 45.3800 854.000000 0.000000 135.000000 60.000000
1.3500 54.1100 46.0300 852.000000 0.000000 136.000000 61.000000
1.3600 55.0300 46.4700 846.000000 0.000000 138.000000 60.000000
1.3700 55.9800 46.7700 842.000000 0.000000 138.000000 60.000000
1.3800 56.6900 46.9000 827.000000 0.000000 141.000000 60.000000
1.3900 57.0100 46.7900 818.000000 0.000000 141.000000 60.000000
1.4000 57.0600 46.5300 817.000000 0.000000 142.000000 59.000000
1.4100 56.8600 46.0000 814.000000 0.000000 142.000000 59.000000
1.4200 56.2900 45.2900 803.000000 0.000000 144.000000 60.000000
1.4300 55.4600 44.4500 811.000000 0.000000 145.000000 59.000000
1.4400 54.6400 43.7600 812.000000 0.000000 145.000000 59.000000
1.4500 53.8600 43.3100 824.000000 0.000000 145.000000 59.000000
1.4600 53.3900 43.0300 823.000000 0.000000 145.000000 59.000000
1.4700 53.1000 42.9300 818.000000 0.000000 145.000000 59.000000
1.4800 53.1000 42.9300 814.000000 0.000000 146.000000 58.000000
1.4900 53.2200 42.8800 832.000000 0.000000 146.000000 58.000000
1.5000 53.6800 42.7500 830.000000 0.000000 146.000000 58.000000
1.5100 54.3700 42.6700 848.000000 0.000000 145.000000 59.000000
1.5200 55.3100 42.6200 864.000000 0.000000 145.000000 59.000000
1.5300 56.1500 42.5000 861.000000 0.000000 145.000000 59.000000
1.5400 56.9300 42.3300 879.000000 0.000000 145.000000 59.000000
1.5500 57.3600 42.0100 890.000000 0.000000 145.000000 59.000000
1.5600 57.5400 41.6100 923.000000 0.000000 145.000000 59.000000
1.5700 57.5400 41.0200 948.000000 0.000000 145.000000 59.000000
1.5800 57.3900 40.3800 947.000000 0.000000 145.000000 59.000000
1.5900 56.8100 39.4900 944.000000 0.000000 145.000000 59.000000
1.6000 55.9500 38.4600 941.000000 0.000000 144.000000 60.000000
1.6100 54.8900 37.2800 943.000000 0.000000 144.000000 60.000000
1.6200 53.8300 36.6300 956.000000 0.000000 144.000000 60.000000
1.6300 53.1400 36.3300 971.000000 0.000000 142.000000 61.000000
1.6400 52.6800 36.1600 992.000000 0.000000 142.000000 61.000000
1.6500 52.5800 36.1000 981.000000 0.000000 139.000000 61.000000
1.6600 52.5800 36.1000 987.000000 0.000000 139.000000 61.000000
1.6700 52.5800 36.1000 984.000000 0.000000 138.000000 61.000000
1.6800 52.6500 36.1600 984.000000 0.000000 138.000000 61.000000
1.6900 52.7200 36.2100 981.000000 0.000000 138.000000 61.000000
1.7000 52.8100 36.2700 978.000000 0.000000 137.000000 62.000000
1.7100 52.9500 36.3200 994.000000 0.000000 137.000000 62.000000
1.7200 53.1500 36.4700 988.000000 0.000000 133.000000 62.000000
1.7300 53.4100 36.6800 977.000000 0.000000 133.000000 62.000000
1.7400 53.6900 36.9800 976.000000 0.000000 132.000000 63.000000
1.7500 53.8200 37.2600 971.000000 0.000000 132.000000 63.000000
1.7600 54.0900 37.5200 970.000000 0.000000 130.000000 63.000000
1.7700 54.4400 37.8900 971.000000 0.000000 130.000000 63.000000
1.7800 54.7800 38.4100 977.000000 0.000000 130.000000 63.000000
1.7900 55.1500 39.0300 973.000000 0.000000 129.000000 63.000000
1.8000 55.6500 39.8100 973.000000 0.000000 130.000000 62.000000
1.8100 56.2400 40.6900 961.000000 0.000000 132.000000 63.000000
1.8200 56.8100 41.6300 946.000000 0.000000 133.000000 62.000000
1.8300 57.2000 42.6500 935.000000 0.000000 133.000000 62.000000
1.8400 57.4800 43.6400 944.000000 0.000000 133.000000 62.000000
1.8500 57.6600 44.3800 946.000000 0.000000 135.000000 62.000000
1.8600 57.8400 44.9500 950.000000 0.000000 137.000000 62.000000
1.8700 58.0200 45.3700 953.000000 0.000000 138.000000 61.000000
1.8800 58.2000 45.7500 959.000000 0.000000 139.000000 61.000000
1.8900 58.4000 46.1100 956.000000 0.000000 141.000000 61.000000
1.9000 58.7400 46.4700 956.000000 0.000000 142.000000 61.000000
1.9100 59.1300 46.7800 950.000000 0.000000 144.000000 61.000000
1.9200 59.6300 47.0700 956.000000 0.000000 145.000000 60.000000
1.9300 60.3100 47.3300 947.000000 0.000000 145.000000 60.000000
1.9400 61.0900 47.5200 959.000000 0.000000 148.000000 60.000000
1.9500 61.8900 47.6600 953.000000 0.000000 148.000000 60.000000
1.9600 62.7000 47.7600 958.000000 0.000000 150.000000 60.000000
1.9700 63.3700 47.8200 955.000000 0.000000 150.000000 60.000000
1.9800 63.9400 47.8200 956.000000 0.000000 151.000000 61.000000
1.9900 64.4100 47.8200 947.000000 0.000000 152.000000 60.000000
2.0000 64.7500 47.8200 950.000000 0.000000 152.000000 60.000000
2.0100 65.0000 47.7600 938.000000 0.000000 154.000000 60.000000
2.0200 65.0000 47.7600 944.000000 0.000000 154.000000 60.000000
2.0300 65.0000 47.7600 943.000000 0.000000 154.000000 60.000000
2.0400 65.0000 47.7600 949.000000 0.000000 154.000000 60.000000
2.0500 65.0000 47.7600 944.000000 0.000000 154.000000 60.000000
2.0600 64.9400 47.7600 950.000000 0.000000 154.000000 60.000000
2.0700 64.8300 47.7100 937.000000 0.000000 154.000000 60.000000
2.0800 64.6700 47.7100 941.000000 0.000000 156.000000 61.000000
2.0900 64.0200 47.7100 947.000000 0.000000 156.000000 61.000000
2.1000 63.2200 47.4900 933.000000 0.000000 157.000000 60.000000
2.1100 62.3200 47.1300 945.000000 0.000000 157.000000 60.000000
2.1200 61.4300 46.6600 951.000000 0.000000 157.000000 60.000000
2.1300 60.5500 46.1300 951.000000 0.000000 157.000000 60.000000
2.1400 59.9000 45.5100 940.000000 0.000000 157.000000 60.000000
2.1500 59.4100 44.8300 935.000000 0.000000 157.000000 60.000000
2.1600 59.1200 44.3000 943.000000 0.000000 156.000000 61.000000
2.1700 59.0200 43.8800 947.000000 0.000000 154.000000 60.000000
2.1800 59.0200 43.6000 945.000000 0.000000 154.000000 60.000000
2.1900 59.1100 43.3000 945.000000 0.000000 154.000000 60.000000
2.2000 59.4700 43.1400 935.000000 0.000000 154.000000 60.000000
2.2100 60.0300 43.0800 934.000000 0.000000 154.000000 60.000000
2.2200 61.0300 43.2400 949.000000 0.000000 154.000000 60.000000
2.2300 62.0800 43.4700 944.000000 0.000000 154.000000 60.000000
2.2400 63.1700 43.7400 962.000000 0.000000 154.000000 60.000000
2.2500 63.9400 43.9400 958.000000 0.000000 152.000000 60.000000
2.2600 64.4900 44.1600 965.000000 0.000000 152.000000 60.000000
2.2700 64.9000 44.2400 970.000000 0.000000 152.000000 60.000000
2.2800 65.0600 44.2400 974.000000 0.000000 152.000000 60.000000
2.2900 65.0600 44.1600 965.000000 0.000000 152.000000 60.000000
2.3000 64.9900 44.0400 976.000000 0.000000 154.000000 60.000000
2.3100 64.7200 43.8800 973.000000 0.000000 154.000000 60.000000
2.3200 64.1200 43.4600 976.000000 0.000000 154.000000 60.000000
2.3300 63.3000 42.9300 970.000000 0.000000 154.000000 60.000000
2.3400 62.3300 42.3200 967.000000 0.000000 154.000000 60.000000
2.3500 61.3900 41.6700 959.000000 0.000000 154.000000 60.000000
2.3600 60.6400 41.0200 958.000000 0.000000 154.000000 60.000000
2.3700 60.0100 40.3600 950.000000 0.000000 154.000000 60.000000
2.3800 59.4900 39.6200 961.000000 0.000000 154.000000 60.000000
2.3900 59.2100 39.1100 956.000000 0.000000 154.000000 60.000000
2.4000 59.0800 38.7600 959.000000 0.000000 154.000000 60.000000
2.4100 59.0800 38.5000 955.000000 0.000000 153.000000 61.000000
2.4200 59.2000 38.3300 967.000000 0.000000 153.000000 61.000000
2.4300 59.4000 38.2100 961.000000 0.000000 153.000000 61.000000
2.4400 59.6900 38.1300 976.000000 0.000000 153.000000 61.000000
2.4500 60.2400 38.1300 980.000000 0.000000 153.000000 61.000000
2.4600 60.9400 38.2700 977.000000 0.000000 150.000000 62.000000
2.4700 61.6400 38.4300 981.000000 0.000000 150.000000 62.000000
2.4800 62.4700 38.6900 999.000000 0.000000 150.000000 62.000000
2.4900 63.3800 39.0300 1003.000000 0.000000 150.000000 62.000000
2.5000 64.3300 39.4800 1014.000000 0.000000 148.000000 61.000000
2.5100 65.2800 40.0900 1003.000000 0.000000 148.000000 61.000000
2.5200 66.2700 40.8200 996.000000 0.000000 148.000000 61.000000
2.5300 67.3200 41.6900 989.000000 0.000000 148.000000 61.000000
2.5400 68.4400 42.6900 965.000000 0.000000 150.000000 62.000000
2.5500 69.6100 43.7900 958.000000 0.000000 150.000000 62.000000
2.5600 70.3100 44.7100 965.000000 0.000000 150.000000 62.000000
2.5700 70.6800 45.3000 965.000000 0.000000 152.000000 62.000000
2.5800 70.8300 45.6600 973.000000 0.000000 152.000000 62.000000
2.5900 70.8300 45.9300 970.000000 0.000000 152.000000 62.000000
2.6000 70.7300 46.1700 967.000000 0.000000 155.000000 62.000000
2.6100 70.5100 46.3400 971.000000 0.000000 155.000000 62.000000
2.6200 70.0900 46.4300 958.000000 0.000000 155.000000 62.000000
2.6300 69.4800 46.2600 959.000000 0.000000 156.000000 62.000000
2.6400 68.7300 45.9200 970.000000 0.000000 156.000000 62.000000
2.6500 67.9000 45.2200 976.000000 0.000000 156.000000 62.000000
2.6600 67.2300 44.3700 976.000000 0.000000 157.000000 61.000000
2.6700 66.7800 43.4100 968.000000 0.000000 157.000000 61.000000
2.6800 66.5400 42.5600 971.000000 0.000000 157.000000 61.000000
2.6900 66.4500 41.8600 982.000000 0.000000 157.000000 61.000000
2.7000 66.5500 41.2700 982.000000 0.000000 157.000000 61.000000
2.7100 66.7700 40.7600 991.000000 0.000000 157.000000 61.000000
2.7200 67.0600 40.3800 992.000000 0.000000 156.000000 62.000000
2.7300 67.2800 40.1000 979.000000 0.000000 156.000000 62.000000
2.7400 67.7000 39.9200 988.000000 0.000000 156.000000 62.000000
2.7500 68.2500 39.8700 994.000000 0.000000 155.000000 62.000000
2.7600 68.9500 39.9200 1002.000000 0.000000 155.000000 62.000000
2.7700 69.6900 40.1400 1002.000000 0.000000 155.000000 62.000000
2.7800 70.4700 40.3600 1003.000000 0.000000 154.000000 63.000000
2.7900 71.2300 40.6200 1000.000000 0.000000 152.000000 62.000000
2.8000 71.9500 40.9100 999.000000 0.000000 152.000000 62.000000
2.8100 72.6500 41.3000 1002.000000 0.000000 154.000000 63.000000
2.8200 73.4100 41.6900 1002.000000 0.000000 154.000000 63.000000
2.8300 73.9900 42.0900 1003.000000 0.000000 154.000000 63.000000
2.8400 74.4600 42.3900 999.000000 0.000000 155.000000 63.000000
2.8500 74.6100 42.6600 1014.000000 0.000000 155.000000 63.000000
2.8600 74.6100 42.8900 1014.000000 0.000000 155.000000 63.000000
2.8700 74.6100 43.0300 1005.000000 0.000000 157.000000 63.000000
2.8800 74.3500 43.1200 1000.000000 0.000000 157.000000 63.000000
2.8900 73.8000 43.2900 981.000000 0.000000 157.000000 63.000000
2.9000 73.0300 43.4400 984.000000 0.000000 159.000000 64.000000
2.9100 71.6400 43.3400 1005.000000 0.000000 159.000000 64.000000
2.9200 69.6000 43.0900 1023.000000 0.000000 161.000000 64.000000
2.9300 67.1200 42.4100 1023.000000 0.000000 161.000000 64.000000
2.9400 64.1900 41.5000 1023.000000 0.000000 161.000000 64.000000
2.9500 61.6200 40.4500 1023.000000 0.000000 161.000000 64.000000
2.9600 59.2800 39.3000 1023.000000 0.000000 161.000000 64.000000
2.9700 57.4700 38.3000 1023.000000 0.000000 159.000000 64.000000
2.9800 56.3700 37.6100 1023.000000 0.000000 159.000000 64.000000
2.9900 55.7400 37.0800 1023.000000 0.000000 158.000000 64.000000
3.0000 55.3000 36.7600 1023.000000 0.000000 156.000000 64.000000
3.0100 55.2300 36.5700 1023.000000 0.000000 156.000000 64.000000
3.0200 55.4000 36.4600 1023.000000 0.000000 153.000000 65.000000
3.0300 56.2700 36.3100 1023.000000 0.000000 151.000000 64.000000
3.0400 58.3400 36.4400 1023.000000 0.000000 150.000000 65.000000
3.0500 61.2100 36.7700 1023.000000 0.000000 148.000000 65.000000
3.0600 64.4100 37.1700 1023.000000 0.000000 148.000000 65.000000
3.0700 66.7300 37.5600 1023.000000 0.000000 147.000000 65.000000
3.0800 68.4600 37.9300 1023.000000 0.000000 145.000000 65.000000
3.0900 69.5500 38.2700 1023.000000 0.000000 145.000000 65.000000
3.1000 70.2000 38.5500 1023.000000 0.000000 145.000000 65.000000
3.1100 70.5600 38.8100 1023.000000 0.000000 145.000000 65.000000
3.1200 70.7300 38.9700 1023.000000 0.000000 145.000000 65.000000
3.1300 70.7300 39.0700 1023.000000 0.000000 145.000000 65.000000
3.1400 70.7300 39.0700 1023.000000 0.000000 147.000000 65.000000
3.1500 70.7300 39.0700 861.000000 0.000000 147.000000 65.000000
