0.0000 90.1200 24.7700 24.000000 1.000000 152.000000 57.000000
0.0100 89.9000 23.8300 29.000000 0.000000 151.000000 58.000000
0.0200 89.7500 23.9300 54.000000 0.000000 151.000000 58.000000
0.0300 89.7500 23.7900 103.000000 0.000000 150.000000 58.000000
0.0400 89.7500 23.7100 142.000000 0.000000 150.000000 58.000000
0.0500 89.8900 23.7100 181.000000 0.000000 150.000000 58.000000
0.0600 90.0000 23.7100 225.000000 0.000000 150.000000 58.000000
0.0700 90.1000 23.8000 264.000000 0.000000 150.000000 58.000000
0.0800 90.3900 23.9900 302.000000 0.000000 150.000000 58.000000
0.0900 90.8100 24.4100 334.000000 0.000000 152.000000 59.000000
0.1000 91.2600 24.9700 399.000000 0.000000 151.000000 60.000000
0.1100 91.7100 25.6200 412.000000 0.000000 151.000000 60.000000
0.1200 92.1000 26.4300 414.000000 0.000000 151.000000 60.000000
0.1300 92.4400 27.4800 448.000000 0.000000 151.000000 60.000000
0.1400 92.8200 28.6900 442.000000 0.000000 152.000000 59.000000
0.1500 93.1500 29.7800 447.000000 0.000000 150.000000 58.000000
0.1600 93.4500 30.6400 452.000000 0.000000 151.000000 58.000000
0.1700 93.7000 31.3400 450.000000 0.000000 151.000000 56.000000
0.1800 93.8300 31.5800 443.000000 0.000000 152.000000 56.000000
0.1900 93.8900 31.5800 448.000000 0.000000 153.000000 55.000000
0.2000 93.9400 31.4500 450.000000 0.000000 152.000000 54.000000
0.2100 94.0200 31.1400 455.000000 0.000000 153.000000 53.000000
0.2200 94.1700 30.4700 468.000000 0.000000 153.000000 53.000000
0.2300 94.3300 29.5500 464.000000 0.000000 152.000000 53.000000
0.2400 94.4700 28.4100 467.000000 0.000000 153.000000 53.000000
0.2500 94.5900 27.2500 473.000000 0.000000 153.000000 53.000000
0.2600 94.7000 26.2500 475.000000 0.000000 152.000000 54.000000
0.2700 94.9000 25.3600 472.000000 0.000000 152.000000 54.000000
0.2800 95.1000 24.7000 477.000000 0.000000 153.000000 55.000000
0.2900 95.2900 24.2400 477.000000 0.000000 152.000000 56.000000
0.3000 95.4300 23.9200 473.000000 0.000000 151.000000 56.000000
0.3100 95.5400 23.8500 478.000000 0.000000 150.000000 57.000000
0.3200 95.5400 23.8500 481.000000 0.000000 150.000000 57.000000
0.3300 95.4500 23.9600 475.000000 0.000000 149.000000 58.000000
0.3400 95.2700 24.1900 469.000000 0.000000 149.000000 58.000000
0.3500 94.8400 24.5200 441.000000 0.000000 149.000000 58.000000
0.3600 94.1600 24.9200 420.000000 0.000000 149.000000 58.000000
0.3700 93.3200 25.3700 431.000000 0.000000 150.000000 58.000000
0.3800 92.5100 25.8100 443.000000 0.000000 150.000000 58.000000
0.3900 91.7400 26.0200 439.000000 0.000000 150.000000 58.000000
0.4000 91.1600 26.0900 448.000000 0.000000 152.000000 59.000000
0.4100 90.7000 26.1400 460.000000 0.000000 152.000000 59.000000
0.4200 90.5100 26.1400 465.000000 0.000000 152.000000 59.000000
0.4300 90.5100 26.2100 469.000000 0.000000 154.000000 58.000000
0.4400 90.6100 26.2100 464.000000 0.000000 154.000000 58.000000
0.4500 91.0200 26.4400 465.000000 0.000000 154.000000 58.000000
0.4600 91.8200 26.7400 464.000000 0.000000 154.000000 58.000000
0.4700 92.8800 27.2600 464.000000 0.000000 154.000000 58.000000
0.4800 94.0300 27.8200 453.000000 0.000000 155.000000 58.000000
0.4900 95.1500 28.4000 450.000000 0.000000 155.000000 58.000000
0.5000 96.1100 28.8500 456.000000 0.000000 154.000000 56.000000
0.5100 96.9800 29.2500 458.000000 0.000000 153.000000 56.000000
0.5200 97.6200 29.5600 460.000000 0.000000 154.000000 55.000000
0.5300 97.9900 29.7900 461.000000 0.000000 153.000000 55.000000
0.5400 98.1800 29.8700 466.000000 0.000000 153.000000 55.000000
0.5500 98.1800 29.8700 474.000000 0.000000 152.000000 54.000000
0.5600 98.1800 29.8100 473.000000 0.000000 152.000000 54.000000
0.5700 98.1000 29.8100 486.000000 0.000000 152.000000 54.000000
0.5800 98.1000 29.8100 488.000000 0.000000 152.000000 54.000000
0.5900 98.0300 29.7600 485.000000 0.000000 153.000000 53.000000
0.6000 97.9700 29.7600 486.000000 0.000000 153.000000 53.000000
0.6100 97.8900 29.7600 486.000000 0.000000 153.000000 53.000000
0.6200 97.8900 29.7100 485.000000 0.000000 153.000000 53.000000
0.6300 97.8400 29.7100 483.000000 0.000000 153.000000 53.000000
0.6400 97.8400 29.7100 481.000000 0.000000 153.000000 53.000000
0.6500 97.8400 29.7100 483.000000 0.000000 153.000000 53.000000
0.6600 97.8400 29.7100 481.000000 0.000000 153.000000 53.000000
0.6700 97.8400 29.7100 481.000000 0.000000 153.000000 53.000000
0.6800 97.8400 29.7100 480.000000 0.000000 153.000000 53.000000
0.6900 97.8400 29.7100 480.000000 0.000000 153.000000 53.000000
0.7000 97.8400 29.7100 481.000000 0.000000 153.000000 53.000000
0.7100 97.8400 29.7100 480.000000 0.000000 153.000000 53.000000
0.7200 97.8400 29.7100 480.000000 0.000000 153.000000 53.000000
0.7300 97.8400 29.7100 483.000000 0.000000 153.000000 53.000000
0.7400 97.8400 29.7100 481.000000 0.000000 153.000000 53.000000
0.7500 97.8400 29.7100 481.000000 0.000000 153.000000 53.000000
0.7600 97.8400 29.7100 481.000000 0.000000 152.000000 53.000000
0.7700 97.8400 29.7100 481.000000 0.000000 152.000000 53.000000
0.7800 97.8400 29.7100 483.000000 0.000000 152.000000 53.000000
0.7900 97.8400 29.7100 483.000000 0.000000 152.000000 53.000000
0.8000 97.8400 29.7100 483.000000 0.000000 152.000000 53.000000
0.8100 97.8400 29.7100 483.000000 0.000000 152.000000 53.000000
0.8200 97.8400 29.7100 483.000000 0.000000 152.000000 53.000000
0.8300 97.8400 29.7100 485.000000 0.000000 152.000000 53.000000
0.8400 97.8400 29.7100 483.000000 0.000000 152.000000 53.000000
0.8500 97.8400 29.7100 485.000000 0.000000 152.000000 53.000000
0.8600 97.8400 29.7100 485.000000 0.000000 152.000000 53.000000
0.8700 97.8400 29.7100 485.000000 0.000000 152.000000 53.000000
0.8800 97.8400 29.7100 485.000000 0.000000 152.000000 53.000000
0.8900 97.8400 29.7100 485.000000 0.000000 152.000000 53.000000
0.9000 97.8400 29.7100 485.000000 0.000000 152.000000 53.000000
0.9100 97.8400 29.7100 488.000000 0.000000 152.000000 53.000000
0.9200 97.8400 29.7100 486.000000 0.000000 152.000000 53.000000
0.9300 97.8400 29.7100 486.000000 0.000000 152.000000 53.000000
0.9400 97.8400 29.7100 490.000000 0.000000 152.000000 53.000000
0.9500 97.8400 29.7100 491.000000 0.000000 153.000000 53.000000
0.9600 97.8400 29.7100 493.000000 0.000000 153.000000 53.000000
0.9700 97.8400 29.7100 493.000000 0.000000 153.000000 53.000000
0.9800 97.8400 29.7100 491.000000 0.000000 153.000000 53.000000
0.9900 97.8400 29.7100 493.000000 0.000000 153.000000 53.000000
1.0000 97.8400 29.7100 493.000000 0.000000 153.000000 53.000000
1.0100 97.8400 29.7100 493.000000 0.000000 153.000000 53.000000
1.0200 97.8400 29.7100 493.000000 0.000000 153.000000 53.000000
1.0300 97.8400 29.7100 495.000000 0.000000 153.000000 53.000000
1.0400 97.8400 29.7100 496.000000 0.000000 153.000000 53.000000
1.0500 97.8400 29.7100 493.000000 0.000000 153.000000 53.000000
1.0600 97.8400 29.7100 493.000000 0.000000 152.000000 53.000000
1.0700 97.8400 29.7100 496.000000 0.000000 152.000000 53.000000
1.0800 97.8400 29.7100 495.000000 0.000000 152.000000 53.000000
1.0900 97.8400 29.7100 495.000000 0.000000 152.000000 53.000000
1.1000 97.8400 29.7100 490.000000 0.000000 152.000000 53.000000
1.1100 97.8400 29.7100 488.000000 0.000000 152.000000 53.000000
1.1200 97.8400 29.7100 486.000000 0.000000 152.000000 53.000000
1.1300 97.7900 29.5200 490.000000 0.000000 152.000000 53.000000
1.1400 97.7100 29.2000 486.000000 0.000000 153.000000 53.000000
1.1500 97.5400 28.6900 493.000000 0.000000 153.000000 53.000000
1.1600 97.3000 27.9600 496.000000 0.000000 153.000000 53.000000
1.1700 97.0000 27.0800 495.000000 0.000000 152.000000 54.000000
1.1800 96.6900 26.2500 489.000000 0.000000 152.000000 54.000000
1.1900 96.4300 25.5900 489.000000 0.000000 151.000000 54.000000
1.2000 96.2200 25.0500 498.000000 0.000000 153.000000 55.000000
1.2100 96.0300 24.5800 498.000000 0.000000 152.000000 56.000000
1.2200 95.9000 24.2500 491.000000 0.000000 151.000000 56.000000
1.2300 95.8000 24.0200 489.000000 0.000000 152.000000 57.000000
1.2400 95.8000 23.8600 489.000000 0.000000 151.000000 58.000000
1.2500 95.8000 23.8000 491.000000 0.000000 151.000000 58.000000
1.2600 95.8700 23.8000 509.000000 0.000000 151.000000 58.000000
1.2700 96.1700 23.8000 521.000000 0.000000 151.000000 58.000000
1.2800 96.6300 23.9800 530.000000 0.000000 151.000000 58.000000
1.2900 97.3600 24.2000 537.000000 0.000000 154.000000 57.000000
1.3000 98.1300 24.5100 538.000000 0.000000 154.000000 57.000000
1.3100 98.9900 24.8400 537.000000 0.000000 153.000000 58.000000
1.3200 99.9400 25.1900 538.000000 0.000000 154.000000 58.000000
1.3300 100.6900 25.4700 538.000000 0.000000 154.000000 58.000000
1.3400 101.2900 25.7400 535.000000 0.000000 156.000000 59.000000
1.3500 101.7600 25.9800 532.000000 0.000000 156.000000 59.000000
1.3600 101.9600 26.1600 521.000000 0.000000 156.000000 59.000000
1.3700 101.9600 26.2500 507.000000 0.000000 156.000000 59.000000
1.3800 101.9600 26.2500 493.000000 0.000000 156.000000 59.000000
1.3900 101.2200 26.4300 486.000000 0.000000 156.000000 59.000000
1.4000 100.4500 26.5500 496.000000 0.000000 156.000000 59.000000
1.4100 99.6100 26.5500 489.000000 0.000000 156.000000 59.000000
1.4200 98.7700 26.4400 497.000000 0.000000 156.000000 59.000000
1.4300 97.9400 26.3500 507.000000 0.000000 154.000000 58.000000
1.4400 97.4200 26.2800 510.000000 0.000000 154.000000 58.000000
1.4500 97.2100 26.2800 514.000000 0.000000 154.000000 58.000000
1.4600 97.2100 26.2800 499.000000 0.000000 154.000000 58.000000
1.4700 97.3000 26.2800 499.000000 0.000000 154.000000 58.000000
1.4800 97.7400 26.4300 497.000000 0.000000 154.000000 58.000000
1.4900 98.4000 26.6200 491.000000 0.000000 155.000000 58.000000
1.5000 99.2600 26.8800 465.000000 0.000000 155.000000 58.000000
1.5100 100.0300 27.2000 468.000000 0.000000 155.000000 58.000000
1.5200 100.7300 27.5500 466.000000 0.000000 157.000000 58.000000
1.5300 101.2400 27.8100 465.000000 0.000000 157.000000 58.000000
1.5400 101.5700 28.0700 474.000000 0.000000 157.000000 58.000000
1.5500 101.7800 28.3000 474.000000 0.000000 159.000000 57.000000
1.5600 101.7300 28.4900 456.000000 0.000000 159.000000 57.000000
1.5700 101.4800 28.6900 456.000000 0.000000 161.000000 57.000000
1.5800 101.1000 28.9700 466.000000 0.000000 161.000000 57.000000
1.5900 100.5300 29.1900 469.000000 0.000000 161.000000 57.000000
1.6000 99.8300 29.3800 466.000000 0.000000 162.000000 56.000000
1.6100 99.0400 29.5000 460.000000 0.000000 162.000000 56.000000
1.6200 98.1900 29.5800 461.000000 0.000000 160.000000 55.000000
1.6300 97.3500 29.6400 460.000000 0.000000 160.000000 54.000000
1.6400 96.7400 29.5800 456.000000 0.000000 158.000000 54.000000
1.6500 96.2800 29.5800 445.000000 0.000000 157.000000 54.000000
1.6600 96.2800 29.5300 444.000000 0.000000 156.000000 53.000000
1.6700 96.5700 29.5300 439.000000 0.000000 155.000000 52.000000
1.6800 97.1100 29.6100 452.000000 0.000000 155.000000 52.000000
1.6900 98.1300 29.7700 448.000000 0.000000 155.000000 52.000000
1.7000 99.2800 30.0500 458.000000 0.000000 155.000000 52.000000
1.7100 100.5200 30.3100 465.000000 0.000000 155.000000 52.000000
1.7200 101.5700 30.5600 471.000000 0.000000 156.000000 53.000000
1.7300 102.4900 30.7400 468.000000 0.000000 158.000000 53.000000
1.7400 103.3100 30.9200 468.000000 0.000000 159.000000 53.000000
1.7500 104.0500 31.0500 474.000000 0.000000 160.000000 53.000000
1.7600 104.6400 31.1600 464.000000 0.000000 162.000000 54.000000
1.7700 105.1400 31.2500 471.000000 0.000000 162.000000 54.000000
1.7800 105.4700 31.3200 464.000000 0.000000 162.000000 54.000000
1.7900 105.6500 31.3200 464.000000 0.000000 162.000000 54.000000
1.8000 105.7300 31.3200 472.000000 0.000000 162.000000 54.000000
1.8100 105.6800 31.3200 472.000000 0.000000 162.000000 54.000000
1.8200 105.5700 31.3200 473.000000 0.000000 160.000000 53.000000
1.8300 105.4100 31.3200 473.000000 0.000000 160.000000 53.000000
1.8400 105.0600 31.1700 467.000000 0.000000 160.000000 53.000000
1.8500 104.6900 31.0600 465.000000 0.000000 162.000000 54.000000
1.8600 104.3000 30.9500 473.000000 0.000000 162.000000 54.000000
1.8700 103.9400 30.8200 469.000000 0.000000 162.000000 54.000000
1.8800 103.4700 30.6600 465.000000 0.000000 162.000000 54.000000
1.8900 102.9300 30.4400 468.000000 0.000000 163.000000 54.000000
1.9000 102.3800 30.1800 463.000000 0.000000 163.000000 54.000000
1.9100 101.8500 29.8700 456.000000 0.000000 163.000000 54.000000
1.9200 101.3300 29.5300 448.000000 0.000000 164.000000 54.000000
1.9300 101.0900 29.2600 440.000000 0.000000 164.000000 54.000000
1.9400 101.0900 29.0500 439.000000 0.000000 166.000000 54.000000
1.9500 101.1600 28.8700 445.000000 0.000000 166.000000 54.000000
1.9600 101.4900 28.8000 448.000000 0.000000 166.000000 54.000000
1.9700 102.1000 28.8000 456.000000 0.000000 166.000000 54.000000
1.9800 102.9000 28.9100 458.000000 0.000000 165.000000 55.000000
1.9900 103.8200 29.0500 465.000000 0.000000 165.000000 55.000000
2.0000 104.7400 29.2100 460.000000 0.000000 165.000000 55.000000
2.0100 105.4600 29.2900 469.000000 0.000000 164.000000 55.000000
2.0200 106.0300 29.2900 466.000000 0.000000 164.000000 55.000000
2.0300 106.3800 29.2900 465.000000 0.000000 164.000000 55.000000
2.0400 106.5700 29.2900 468.000000 0.000000 163.000000 55.000000
2.0500 106.6500 29.2400 472.000000 0.000000 163.000000 55.000000
2.0600 106.5500 29.1700 483.000000 0.000000 163.000000 55.000000
2.0700 106.2100 29.0100 473.000000 0.000000 161.000000 55.000000
2.0800 105.7200 28.7300 480.000000 0.000000 160.000000 55.000000
2.0900 104.9000 28.3800 478.000000 0.000000 162.000000 56.000000
2.1000 103.9800 28.0000 481.000000 0.000000 162.000000 56.000000
2.1100 102.9900 27.5500 488.000000 0.000000 162.000000 56.000000
2.1200 102.1000 27.0500 486.000000 0.000000 161.000000 57.000000
2.1300 101.2500 26.5500 486.000000 0.000000 161.000000 57.000000
2.1400 100.7500 26.0700 481.000000 0.000000 161.000000 57.000000
2.1500 100.4700 25.7700 477.000000 0.000000 161.000000 57.000000
2.1600 100.3900 25.4400 472.000000 0.000000 161.000000 57.000000
2.1700 100.5900 25.3000 475.000000 0.000000 161.000000 57.000000
2.1800 100.9800 25.3000 481.000000 0.000000 158.000000 58.000000
2.1900 101.5400 25.3000 491.000000 0.000000 158.000000 58.000000
2.2000 102.2400 25.4400 488.000000 0.000000 158.000000 58.000000
2.2100 103.0300 25.6300 495.000000 0.000000 158.000000 58.000000
2.2200 103.8700 25.8000 499.000000 0.000000 157.000000 59.000000
2.2300 104.7200 25.9600 519.000000 0.000000 156.000000 59.000000
2.2400 105.5400 26.1100 516.000000 0.000000 156.000000 59.000000
2.2500 106.2600 26.2400 519.000000 0.000000 156.000000 59.000000
2.2600 106.9500 26.3900 526.000000 0.000000 156.000000 59.000000
2.2700 107.5400 26.5200 526.000000 0.000000 156.000000 59.000000
2.2800 107.9600 26.6400 530.000000 0.000000 154.000000 58.000000
2.2900 108.2600 26.7200 535.000000 0.000000 154.000000 58.000000
2.3000 108.3200 26.7700 533.000000 0.000000 154.000000 58.000000
2.3100 108.2500 26.8200 537.000000 0.000000 156.000000 59.000000
2.3200 108.0900 27.0200 540.000000 0.000000 156.000000 59.000000
2.3300 107.8000 27.3200 540.000000 0.000000 156.000000 59.000000
2.3400 107.5700 27.7600 538.000000 0.000000 157.000000 58.000000
2.3500 107.3700 28.4400 520.000000 0.000000 158.000000 58.000000
2.3600 107.3200 29.2900 489.000000 0.000000 159.000000 57.000000
2.3700 107.3200 30.3100 466.000000 0.000000 159.000000 57.000000
2.3800 107.3200 31.4500 469.000000 0.000000 160.000000 56.000000
2.3900 107.4100 32.6600 486.000000 0.000000 160.000000 55.000000
2.4000 107.5000 33.0000 496.000000 0.000000 161.000000 55.000000
2.4100 107.5800 33.1000 498.000000 0.000000 161.000000 55.000000
2.4200 107.5800 33.0300 491.000000 0.000000 162.000000 54.000000
2.4300 107.5800 32.7900 515.000000 0.000000 162.000000 54.000000
2.4400 107.5800 32.1600 516.000000 0.000000 160.000000 53.000000
2.4500 107.4700 31.2700 518.000000 0.000000 161.000000 52.000000
2.4600 107.3000 30.2000 526.000000 0.000000 161.000000 52.000000
2.4700 107.0600 29.1300 522.000000 0.000000 162.000000 54.000000
2.4800 106.8500 28.1700 526.000000 0.000000 162.000000 54.000000
2.4900 106.7100 27.2900 524.000000 0.000000 162.000000 54.000000
2.5000 106.6600 26.6900 526.000000 0.000000 161.000000 55.000000
2.5100 106.7200 26.4000 521.000000 0.000000 160.000000 55.000000
2.5200 106.8900 26.3200 527.000000 0.000000 160.000000 56.000000
2.5300 107.3500 26.3700 535.000000 0.000000 160.000000 56.000000
2.5400 107.9900 26.5700 548.000000 0.000000 157.000000 57.000000
2.5500 108.9300 26.8700 557.000000 0.000000 157.000000 57.000000
2.5600 110.0200 27.1100 563.000000 0.000000 157.000000 58.000000
2.5700 111.2000 27.2900 577.000000 0.000000 158.000000 58.000000
2.5800 112.2200 27.3700 578.000000 0.000000 158.000000 58.000000
2.5900 113.1100 27.4200 578.000000 0.000000 160.000000 58.000000
2.6000 113.9000 27.4200 577.000000 0.000000 161.000000 60.000000
2.6100 114.3600 27.4200 572.000000 0.000000 162.000000 60.000000
2.6200 114.4600 27.2900 566.000000 0.000000 162.000000 60.000000
2.6300 114.3100 27.1700 570.000000 0.000000 164.000000 60.000000
2.6400 113.7000 27.0400 564.000000 0.000000 166.000000 60.000000
2.6500 112.5000 26.9000 568.000000 0.000000 166.000000 60.000000
2.6600 110.9100 26.8400 568.000000 0.000000 166.000000 60.000000
2.6700 109.0400 26.8400 561.000000 0.000000 166.000000 60.000000
2.6800 106.8800 26.5700 560.000000 0.000000 166.000000 59.000000
2.6900 104.5200 26.2700 581.000000 0.000000 165.000000 59.000000
2.7000 101.5200 25.7200 620.000000 0.000000 164.000000 58.000000
2.7100 98.4900 25.0300 642.000000 0.000000 164.000000 58.000000
2.7200 95.4400 24.1200 664.000000 0.000000 162.000000 58.000000
2.7300 93.6900 23.3600 661.000000 0.000000 161.000000 57.000000
2.7400 93.3700 22.7100 603.000000 0.000000 161.000000 57.000000
2.7500 94.0100 22.1400 493.000000 0.000000 160.000000 55.000000
2.7600 94.8100 21.7900 37.000000 0.000000 159.000000 55.000000
