0.0000 21.5200 38.9600 213.000000 1.000000 140.000000 56.000000
0.0100 21.5100 37.9300 366.000000 0.000000 139.000000 57.000000
0.0200 21.3600 37.3200 519.000000 0.000000 139.000000 57.000000
0.0300 21.2700 36.1700 691.000000 0.000000 140.000000 58.000000
0.0400 20.9400 34.6600 805.000000 0.000000 140.000000 58.000000
0.0500 20.4400 32.0200 878.000000 0.000000 139.000000 58.000000
0.0600 19.9600 29.9500 926.000000 0.000000 139.000000 58.000000
0.0700 19.5900 28.2500 961.000000 0.000000 139.000000 58.000000
0.0800 19.4300 26.6600 977.000000 0.000000 138.000000 59.000000
0.0900 19.3700 25.6400 991.000000 0.000000 136.000000 60.000000
0.1000 19.3700 25.0000 1002.000000 0.000000 135.000000 60.000000
0.1100 19.3700 24.5700 1003.000000 0.000000 134.000000 61.000000
0.1200 19.3700 24.4500 1017.000000 0.000000 134.000000 61.000000
0.1300 19.3700 24.5300 1023.000000 0.000000 132.000000 61.000000
0.1400 19.3700 24.6400 1023.000000 0.000000 130.000000 62.000000
0.1500 19.3700 25.1200 1023.000000 0.000000 129.000000 63.000000
0.1600 19.1800 25.8400 1023.000000 0.000000 129.000000 63.000000
0.1700 18.9100 26.5800 1000.000000 0.000000 127.000000 63.000000
0.1800 18.6100 27.4900 1006.000000 0.000000 129.000000 63.000000
0.1900 18.3900 28.5200 1008.000000 0.000000 129.000000 63.000000
0.2000 18.3300 29.6600 999.000000 0.000000 130.000000 62.000000
0.2100 18.5500 31.1500 990.000000 0.000000 131.000000 61.000000
0.2200 18.9600 32.8700 992.000000 0.000000 132.000000 60.000000
0.2300 19.7500 34.9100 978.000000 0.000000 134.000000 60.000000
0.2400 20.5600 36.4100 981.000000 0.000000 134.000000 58.000000
0.2500 21.0300 37.5500 999.000000 0.000000 135.000000 58.000000
0.2600 21.2600 37.8200 1006.000000 0.000000 136.000000 57.000000
0.2700 21.2600 37.8200 1005.000000 0.000000 139.000000 57.000000
0.2800 21.2600 37.7200 1014.000000 0.000000 140.000000 56.000000
0.2900 21.2600 37.4400 1023.000000 0.000000 140.000000 56.000000
0.3000 21.3800 36.8400 1023.000000 0.000000 141.000000 56.000000
0.3100 21.5200 36.0200 1023.000000 0.000000 141.000000 56.000000
0.3200 21.7200 35.0500 1023.000000 0.000000 143.000000 56.000000
0.3300 22.1500 33.5600 1023.000000 0.000000 143.000000 56.000000
0.3400 22.7300 31.7300 1023.000000 0.000000 142.000000 57.000000
0.3500 23.5100 29.9500 1023.000000 0.000000 142.000000 57.000000
0.3600 24.2900 28.4000 1023.000000 0.000000 142.000000 58.000000
0.3700 25.0600 27.0100 1023.000000 0.000000 141.000000 59.000000
0.3800 25.5100 26.1700 1023.000000 0.000000 139.000000 60.000000
0.3900 25.7800 25.6800 1023.000000 0.000000 139.000000 61.000000
0.4000 25.9200 25.4300 1023.000000 0.000000 138.000000 61.000000
0.4100 25.9200 25.4300 1023.000000 0.000000 137.000000 62.000000
0.4200 25.9200 25.4900 1023.000000 0.000000 137.000000 63.000000
0.4300 25.7600 25.6800 1023.000000 0.000000 135.000000 64.000000
0.4400 25.5600 25.9700 1023.000000 0.000000 133.000000 65.000000
0.4500 25.4100 26.3900 1023.000000 0.000000 133.000000 65.000000
0.4600 25.2700 26.6300 1023.000000 0.000000 133.000000 65.000000
0.4700 25.1700 26.7600 827.000000 0.000000 133.000000 65.000000
0.4800 25.1700 26.7600 0.000000 1.000000 133.000000 65.000000
0.4900 25.0500 27.4200 0.000000 0.000000 135.000000 64.000000
0.5000 24.9000 28.1900 0.000000 0.000000 137.000000 63.000000
0.5100 24.6400 28.9900 0.000000 0.000000 137.000000 63.000000
0.5200 24.3500 29.7400 0.000000 0.000000 137.000000 62.000000
0.5300 24.0500 30.4100 0.000000 0.000000 138.000000 61.000000
0.5400 23.1800 31.0200 0.000000 0.000000 136.000000 61.000000
0.5500 22.3900 31.3000 0.000000 0.000000 138.000000 60.000000
0.5600 21.6500 31.3700 0.000000 0.000000 138.000000 59.000000
0.5700 20.7000 30.9900 0.000000 0.000000 138.000000 58.000000
0.5800 19.7800 30.5700 0.000000 0.000000 138.000000 57.000000
0.5900 19.7800 30.5700 645.000000 1.000000 139.000000 56.000000
0.6000 18.6400 29.9100 793.000000 0.000000 139.000000 56.000000
0.6100 17.9500 29.9100 893.000000 0.000000 138.000000 55.000000
0.6200 17.8200 29.7900 1023.000000 0.000000 139.000000 55.000000
0.6300 18.0500 29.7200 1023.000000 0.000000 140.000000 55.000000
0.6400 18.2800 29.7200 1023.000000 0.000000 140.000000 55.000000
0.6500 19.0500 29.7200 1023.000000 0.000000 140.000000 55.000000
0.6600 20.1800 29.8700 1023.000000 0.000000 141.000000 56.000000
0.6700 21.7500 30.1000 1023.000000 0.000000 141.000000 56.000000
0.6800 23.1600 30.2900 1023.000000 0.000000 141.000000 56.000000
0.6900 24.4600 30.4200 1023.000000 0.000000 143.000000 56.000000
0.7000 25.3700 30.5100 1023.000000 0.000000 142.000000 57.000000
0.7100 25.8900 30.5100 1023.000000 0.000000 143.000000 57.000000
0.7200 26.1500 30.4600 1023.000000 0.000000 143.000000 57.000000
0.7300 26.2100 30.3900 1023.000000 0.000000 144.000000 58.000000
0.7400 26.2100 30.3900 1023.000000 0.000000 144.000000 58.000000
0.7500 26.1400 30.3900 992.000000 0.000000 146.000000 58.000000
0.7600 26.0400 30.2900 613.000000 0.000000 146.000000 58.000000
0.7700 26.0400 30.2900 0.000000 1.000000 146.000000 58.000000
0.7800 25.7100 30.2000 0.000000 0.000000 145.000000 59.000000
0.7900 25.7100 30.5900 0.000000 0.000000 145.000000 59.000000
0.8000 26.1500 31.2600 0.000000 0.000000 145.000000 59.000000
0.8100 26.8200 32.0700 0.000000 0.000000 145.000000 59.000000
0.8200 27.6700 32.8600 0.000000 0.000000 146.000000 58.000000
0.8300 28.2200 33.4000 0.000000 0.000000 146.000000 58.000000
0.8400 28.5800 33.7900 0.000000 0.000000 144.000000 58.000000
0.8500 28.6700 33.9800 0.000000 0.000000 144.000000 57.000000
0.8600 28.6200 34.1600 0.000000 0.000000 143.000000 56.000000
0.8700 28.4800 34.3100 0.000000 0.000000 143.000000 55.000000
0.8800 28.3800 34.5700 0.000000 0.000000 141.000000 55.000000
0.8900 28.3000 34.8900 0.000000 0.000000 141.000000 53.000000
0.9000 28.3000 35.3300 0.000000 0.000000 141.000000 53.000000
0.9100 28.3000 35.7900 0.000000 0.000000 141.000000 53.000000
0.9200 28.3000 36.2600 0.000000 0.000000 140.000000 54.000000
0.9300 28.2500 36.6400 0.000000 0.000000 141.000000 55.000000
0.9400 28.1200 36.9000 0.000000 0.000000 141.000000 55.000000
0.9500 27.9900 37.0700 0.000000 0.000000 141.000000 56.000000
0.9600 27.8600 37.1200 0.000000 0.000000 141.000000 56.000000
0.9700 27.7000 37.1200 0.000000 0.000000 142.000000 57.000000
0.9800 27.7000 37.1200 0.000000 0.000000 142.000000 57.000000
0.9900 27.3800 37.0400 0.000000 0.000000 142.000000 57.000000
1.0000 27.2400 36.9600 0.000000 0.000000 142.000000 57.000000
1.0100 27.1300 36.8400 0.000000 0.000000 142.000000 57.000000
1.0200 26.9600 36.6800 0.000000 0.000000 142.000000 57.000000
1.0300 26.7400 36.5000 0.000000 0.000000 142.000000 57.000000
1.0400 26.5800 36.3100 0.000000 0.000000 140.000000 56.000000
1.0500 26.4300 36.1300 0.000000 0.000000 139.000000 57.000000
1.0600 26.3200 35.9700 0.000000 0.000000 140.000000 58.000000
1.0700 26.3200 35.8300 0.000000 0.000000 140.000000 58.000000
1.0800 26.2700 35.7700 0.000000 0.000000 140.000000 58.000000
1.0900 26.2700 35.7200 0.000000 0.000000 142.000000 58.000000
1.1000 26.2700 35.6700 0.000000 0.000000 141.000000 59.000000
1.1100 26.2100 35.6700 0.000000 0.000000 142.000000 59.000000
1.1200 26.1200 35.5800 0.000000 0.000000 142.000000 59.000000
1.1300 26.0300 35.5300 0.000000 0.000000 142.000000 59.000000
1.1400 25.9600 35.5300 0.000000 0.000000 142.000000 59.000000
1.1500 25.9600 35.6100 0.000000 0.000000 142.000000 59.000000
1.1600 25.9600 35.6700 0.000000 0.000000 142.000000 59.000000
1.1700 25.9600 35.6700 63.000000 1.000000 142.000000 59.000000
1.1800 25.9600 35.6700 354.000000 0.000000 142.000000 59.000000
1.1900 25.9600 35.6700 499.000000 0.000000 142.000000 59.000000
1.2000 25.9600 35.6700 673.000000 0.000000 142.000000 59.000000
1.2100 26.0500 35.4200 787.000000 0.000000 142.000000 59.000000
1.2200 26.1800 34.7900 908.000000 0.000000 142.000000 59.000000
1.2300 26.4900 33.6200 979.000000 0.000000 142.000000 59.000000
1.2400 26.9200 32.0800 1023.000000 0.000000 142.000000 59.000000
1.2500 27.3500 30.4000 1023.000000 0.000000 142.000000 59.000000
1.2600 27.7600 29.0700 1023.000000 0.000000 142.000000 59.000000
1.2700 28.1100 27.9800 1023.000000 0.000000 141.000000 59.000000
1.2800 28.4300 27.2500 1023.000000 0.000000 141.000000 59.000000
1.2900 28.6700 26.8900 1023.000000 0.000000 139.000000 60.000000
1.3000 28.7600 26.7700 1023.000000 0.000000 139.000000 60.000000
1.3100 28.7600 26.8300 1023.000000 0.000000 138.000000 60.000000
1.3200 28.6700 27.0300 1023.000000 0.000000 138.000000 60.000000
1.3300 28.4900 27.3300 1023.000000 0.000000 136.000000 61.000000
1.3400 28.2300 28.0100 1023.000000 0.000000 136.000000 61.000000
1.3500 28.0100 28.5200 1023.000000 0.000000 136.000000 61.000000
1.3600 27.7500 28.9300 1023.000000 0.000000 136.000000 61.000000
1.3700 27.5500 29.0800 1023.000000 0.000000 136.000000 61.000000
1.3800 27.4000 29.2300 1023.000000 0.000000 138.000000 60.000000
1.3900 27.2300 29.3900 1023.000000 0.000000 138.000000 60.000000
1.4000 27.0300 29.7900 1023.000000 0.000000 139.000000 60.000000
1.4100 26.8400 30.1500 1023.000000 0.000000 138.000000 59.000000
1.4200 26.7100 30.8000 1023.000000 0.000000 139.000000 58.000000
1.4300 26.5500 31.6600 1023.000000 0.000000 139.000000 58.000000
1.4400 26.3200 32.8700 1023.000000 0.000000 139.000000 58.000000
1.4500 26.1200 34.2100 1023.000000 0.000000 140.000000 58.000000
1.4600 26.1900 35.6500 1023.000000 0.000000 142.000000 58.000000
1.4700 26.4400 36.5100 1023.000000 0.000000 142.000000 58.000000
1.4800 27.0400 37.3800 1023.000000 0.000000 142.000000 58.000000
1.4900 27.8400 38.2700 1023.000000 0.000000 143.000000 57.000000
1.5000 28.7700 38.5900 1023.000000 0.000000 143.000000 57.000000
1.5100 29.7100 38.3000 1023.000000 0.000000 144.000000 57.000000
1.5200 30.5500 37.6100 1023.000000 0.000000 144.000000 57.000000
1.5300 31.3200 36.7000 1023.000000 0.000000 145.000000 56.000000
1.5400 31.7400 35.8200 1023.000000 0.000000 147.000000 56.000000
1.5500 31.8900 34.9700 1023.000000 0.000000 146.000000 57.000000
1.5600 31.8900 34.2200 1023.000000 0.000000 146.000000 57.000000
1.5700 31.6000 33.5300 1023.000000 0.000000 146.000000 57.000000
1.5800 31.1400 32.8700 1023.000000 0.000000 144.000000 58.000000
1.5900 30.5400 32.4100 1023.000000 0.000000 143.000000 59.000000
1.6000 29.9100 32.1500 1023.000000 0.000000 143.000000 59.000000
1.6100 29.1000 32.0300 1023.000000 0.000000 143.000000 59.000000
1.6200 28.1600 32.0900 1023.000000 0.000000 143.000000 59.000000
1.6300 27.3900 32.2900 1023.000000 0.000000 143.000000 59.000000
1.6400 26.6600 32.5800 1023.000000 0.000000 143.000000 59.000000
1.6500 26.3200 32.7700 1023.000000 0.000000 143.000000 59.000000
1.6600 26.2300 32.9600 1023.000000 0.000000 143.000000 59.000000
1.6700 26.3200 33.1400 1023.000000 0.000000 143.000000 59.000000
1.6800 26.4900 33.5100 1023.000000 0.000000 143.000000 59.000000
1.6900 26.7000 33.8700 1023.000000 0.000000 142.000000 58.000000
1.7000 27.1800 34.0500 1023.000000 0.000000 142.000000 58.000000
1.7100 27.7800 34.1100 1023.000000 0.000000 142.000000 58.000000
1.7200 28.4500 34.1100 1023.000000 0.000000 142.000000 58.000000
1.7300 29.0500 33.8300 1023.000000 0.000000 142.000000 58.000000
1.7400 29.4600 33.2800 1023.000000 0.000000 142.000000 58.000000
1.7500 29.7300 32.8800 1023.000000 0.000000 142.000000 58.000000
1.7600 30.2000 32.2100 1023.000000 0.000000 142.000000 58.000000
1.7700 30.5500 31.3600 1023.000000 0.000000 142.000000 58.000000
1.7800 30.8200 30.6100 1023.000000 0.000000 142.000000 58.000000
1.7900 31.1900 29.9800 1023.000000 0.000000 143.000000 59.000000
1.8000 31.6100 29.4300 1023.000000 0.000000 143.000000 59.000000
1.8100 32.0700 28.8800 1023.000000 0.000000 143.000000 59.000000
1.8200 32.4000 28.6400 1023.000000 0.000000 145.000000 59.000000
1.8300 32.7200 28.6400 1023.000000 0.000000 145.000000 59.000000
1.8400 33.0200 28.6400 1023.000000 0.000000 146.000000 60.000000
1.8500 33.1300 28.6400 1023.000000 0.000000 146.000000 60.000000
1.8600 33.1300 28.6400 1023.000000 0.000000 146.000000 60.000000
1.8700 33.1300 28.6400 1023.000000 0.000000 148.000000 60.000000
1.8800 33.1300 28.6400 1023.000000 0.000000 148.000000 60.000000
1.8900 33.1300 28.6400 1023.000000 0.000000 148.000000 60.000000
1.9000 33.1300 28.6400 1023.000000 0.000000 148.000000 60.000000
1.9100 33.1300 28.6400 1023.000000 0.000000 148.000000 60.000000
1.9200 33.1300 28.6400 1023.000000 0.000000 148.000000 60.000000
1.9300 33.1300 28.6400 1023.000000 0.000000 148.000000 60.000000
1.9400 33.2300 28.8400 1023.000000 0.000000 147.000000 61.000000
1.9500 33.5500 29.1600 1023.000000 0.000000 147.000000 61.000000
1.9600 33.9900 29.6200 1023.000000 0.000000 147.000000 61.000000
1.9700 34.5000 30.1900 1023.000000 0.000000 147.000000 61.000000
1.9800 34.9700 30.8400 1023.000000 0.000000 147.000000 61.000000
1.9900 35.4600 31.7700 1023.000000 0.000000 147.000000 61.000000
2.0000 35.8100 33.0200 1023.000000 0.000000 147.000000 61.000000
2.0100 36.0700 34.4800 1023.000000 0.000000 147.000000 61.000000
2.0200 35.9800 35.4700 1023.000000 0.000000 147.000000 61.000000
2.0300 35.7800 36.1300 1023.000000 0.000000 147.000000 61.000000
2.0400 35.5000 36.5800 1023.000000 0.000000 147.000000 61.000000
2.0500 35.3600 36.8900 1023.000000 0.000000 147.000000 61.000000
2.0600 35.2600 37.1500 1023.000000 0.000000 148.000000 60.000000
2.0700 35.2600 37.2600 1023.000000 0.000000 148.000000 60.000000
2.0800 35.2100 37.2600 1023.000000 0.000000 147.000000 59.000000
2.0900 35.2100 37.3300 1023.000000 0.000000 147.000000 59.000000
2.1000 35.2100 37.3300 1023.000000 0.000000 147.000000 59.000000
2.1100 35.2100 37.3300 1023.000000 0.000000 149.000000 58.000000
2.1200 35.2100 37.3300 1023.000000 0.000000 149.000000 58.000000
2.1300 35.2100 37.3300 1023.000000 0.000000 147.000000 58.000000
2.1400 35.2100 37.3300 1023.000000 0.000000 148.000000 57.000000
2.1500 35.2100 37.3300 1023.000000 0.000000 148.000000 57.000000
2.1600 35.2100 37.3300 1023.000000 0.000000 148.000000 57.000000
2.1700 35.2100 37.3300 1023.000000 0.000000 148.000000 57.000000
2.1800 35.2100 37.3300 1023.000000 0.000000 148.000000 57.000000
2.1900 35.3400 37.2200 1023.000000 0.000000 148.000000 57.000000
2.2000 35.5600 37.1000 1023.000000 0.000000 148.000000 57.000000
2.2100 36.0300 36.9700 1023.000000 0.000000 147.000000 58.000000
2.2200 36.6500 36.5400 1023.000000 0.000000 147.000000 58.000000
2.2300 37.4200 36.1400 1023.000000 0.000000 147.000000 58.000000
2.2400 38.2400 35.7700 1023.000000 0.000000 146.000000 58.000000
2.2500 39.0200 35.2400 1023.000000 0.000000 146.000000 58.000000
2.2600 39.7600 34.8600 1023.000000 0.000000 146.000000 58.000000
2.2700 40.0500 34.5900 1023.000000 0.000000 145.000000 59.000000
2.2800 40.2200 34.3500 1023.000000 0.000000 144.000000 60.000000
2.2900 40.3200 34.2900 1023.000000 0.000000 144.000000 60.000000
2.3000 40.3200 34.3400 1023.000000 0.000000 142.000000 61.000000
2.3100 40.3200 34.3400 1023.000000 0.000000 144.000000 61.000000
2.3200 40.3200 34.3400 1023.000000 0.000000 144.000000 61.000000
2.3300 40.3200 34.4100 1023.000000 0.000000 144.000000 61.000000
2.3400 40.2500 34.4100 1023.000000 0.000000 144.000000 61.000000
2.3500 40.0900 34.6100 1023.000000 0.000000 144.000000 61.000000
2.3600 39.6700 34.8800 1023.000000 0.000000 144.000000 61.000000
2.3700 39.0700 35.0200 1023.000000 0.000000 144.000000 61.000000
2.3800 38.3000 35.1600 1023.000000 0.000000 144.000000 61.000000
2.3900 37.2200 35.1100 1023.000000 0.000000 144.000000 61.000000
2.4000 35.9400 34.9300 1023.000000 0.000000 146.000000 62.000000
2.4100 34.7300 34.6400 1023.000000 0.000000 146.000000 62.000000
2.4200 33.8000 34.3900 1023.000000 0.000000 146.000000 62.000000
2.4300 33.0600 34.1400 1023.000000 0.000000 147.000000 61.000000
2.4400 32.4700 33.8300 1023.000000 0.000000 147.000000 61.000000
2.4500 32.0700 33.5900 1023.000000 0.000000 147.000000 61.000000
2.4600 31.7900 33.3000 1023.000000 0.000000 147.000000 61.000000
2.4700 31.6000 32.9300 1023.000000 0.000000 147.000000 61.000000
2.4800 31.4400 32.6600 1023.000000 0.000000 148.000000 60.000000
2.4900 31.3100 32.5300 1023.000000 0.000000 148.000000 60.000000
2.5000 31.3100 32.5300 1023.000000 0.000000 146.000000 60.000000
2.5100 31.4400 32.5300 1023.000000 0.000000 147.000000 59.000000
2.5200 32.0000 32.6200 1023.000000 0.000000 147.000000 59.000000
2.5300 33.1400 32.7500 1023.000000 0.000000 147.000000 59.000000
2.5400 34.6600 33.1100 1023.000000 0.000000 149.000000 59.000000
2.5500 36.1300 33.2300 1023.000000 0.000000 149.000000 59.000000
2.5600 37.5300 33.2300 1023.000000 0.000000 149.000000 59.000000
2.5700 38.3900 33.2800 1023.000000 0.000000 149.000000 59.000000
2.5800 38.9200 33.1600 1023.000000 0.000000 149.000000 59.000000
2.5900 39.0000 32.9100 1023.000000 0.000000 149.000000 59.000000
2.6000 38.9500 32.7600 1023.000000 0.000000 149.000000 59.000000
2.6100 38.8100 32.5600 1023.000000 0.000000 149.000000 59.000000
2.6200 38.5800 32.2700 1023.000000 0.000000 149.000000 59.000000
2.6300 38.3200 31.9600 1023.000000 0.000000 149.000000 59.000000
2.6400 38.0500 31.6600 1023.000000 0.000000 149.000000 59.000000
2.6500 37.7900 31.3700 1023.000000 0.000000 149.000000 59.000000
2.6600 37.5400 31.0100 1023.000000 0.000000 149.000000 59.000000
2.6700 37.3100 30.6700 1023.000000 0.000000 149.000000 59.000000
2.6800 37.0900 30.3700 1023.000000 0.000000 151.000000 60.000000
2.6900 36.5700 30.1000 1023.000000 0.000000 150.000000 60.000000
2.7000 35.8700 29.9000 1023.000000 0.000000 150.000000 60.000000
2.7100 35.1600 29.6700 1023.000000 0.000000 150.000000 60.000000
2.7200 34.1100 29.5400 1023.000000 0.000000 151.000000 61.000000
2.7300 32.8300 29.4900 1023.000000 0.000000 151.000000 61.000000
2.7400 31.4200 29.4100 1023.000000 0.000000 151.000000 61.000000
2.7500 30.0600 29.4100 1023.000000 0.000000 151.000000 61.000000
2.7600 28.7300 29.4100 1023.000000 0.000000 150.000000 60.000000
2.7700 27.9100 29.6000 1023.000000 0.000000 151.000000 60.000000
2.7800 27.4600 29.7200 1023.000000 0.000000 149.000000 59.000000
2.7900 27.2500 29.8100 1023.000000 0.000000 147.000000 59.000000
2.8000 27.2500 29.8600 1023.000000 0.000000 147.000000 59.000000
2.8100 27.2500 29.8600 1023.000000 0.000000 147.000000 58.000000
2.8200 27.2500 29.9100 1023.000000 0.000000 147.000000 58.000000
2.8300 27.0200 29.9100 1023.000000 0.000000 147.000000 58.000000
2.8400 26.7100 29.9800 1023.000000 0.000000 146.000000 57.000000
2.8500 26.2400 30.0500 1023.000000 0.000000 146.000000 57.000000
2.8600 25.5900 30.0500 1023.000000 0.000000 146.000000 57.000000
2.8700 24.8100 29.9600 1023.000000 0.000000 146.000000 57.000000
2.8800 23.9900 29.7300 1023.000000 0.000000 147.000000 56.000000
2.8900 22.9500 29.3900 1023.000000 0.000000 147.000000 56.000000
2.9000 21.7700 29.0400 1023.000000 0.000000 147.000000 56.000000
2.9100 20.7500 28.6100 1023.000000 0.000000 147.000000 56.000000
2.9200 19.7700 28.1400 1023.000000 0.000000 147.000000 56.000000
2.9300 19.2100 27.8700 1023.000000 0.000000 148.000000 56.000000
2.9400 18.9000 27.8000 1023.000000 0.000000 148.000000 56.000000
2.9500 18.9000 27.8600 1023.000000 0.000000 146.000000 55.000000
2.9600 18.9000 27.8600 1023.000000 0.000000 146.000000 55.000000
2.9700 18.9700 27.8600 1023.000000 0.000000 146.000000 55.000000
2.9800 19.0500 27.8600 1023.000000 0.000000 146.000000 55.000000
2.9900 19.3300 27.7900 1023.000000 0.000000 145.000000 55.000000
3.0000 19.7400 27.6600 1023.000000 0.000000 145.000000 55.000000
3.0100 20.6600 27.4600 1023.000000 0.000000 145.000000 55.000000
3.0200 22.3800 27.6300 1023.000000 0.000000 145.000000 55.000000
3.0300 24.6400 28.0600 1023.000000 0.000000 145.000000 56.000000
3.0400 27.9500 28.9600 1023.000000 0.000000 145.000000 56.000000
3.0500 31.8600 30.3700 1023.000000 0.000000 147.000000 56.000000
3.0600 36.1600 32.1100 1023.000000 0.000000 146.000000 57.000000
3.0700 40.4600 33.8700 1023.000000 0.000000 147.000000 58.000000
3.0800 43.4300 35.0200 1023.000000 0.000000 149.000000 58.000000
3.0900 45.5100 35.7700 1023.000000 0.000000 149.000000 59.000000
3.1000 46.2700 36.1000 1023.000000 0.000000 151.000000 60.000000
3.1100 46.3700 36.1000 1023.000000 0.000000 150.000000 60.000000
3.1200 46.0400 36.0000 1023.000000 0.000000 151.000000 61.000000
3.1300 45.9900 36.0000 1023.000000 0.000000 151.000000 61.000000
3.1400 45.9900 35.9300 1023.000000 0.000000 151.000000 61.000000
3.1500 45.9900 35.8700 1023.000000 0.000000 151.000000 61.000000
3.1600 45.9900 35.8700 1023.000000 0.000000 151.000000 61.000000
3.1700 45.9900 35.8700 1023.000000 0.000000 150.000000 62.000000
3.1800 45.9900 35.8700 1023.000000 0.000000 150.000000 62.000000
3.1900 45.9900 35.8700 1023.000000 0.000000 150.000000 62.000000
3.2000 45.9400 35.8700 1023.000000 0.000000 150.000000 62.000000
3.2100 45.8800 35.7900 869.000000 0.000000 150.000000 62.000000
