0.0000 86.2700 75.0300 309.000000 1.000000 122.000000 68.000000
0.0100 86.0200 74.4800 448.000000 0.000000 122.000000 68.000000
0.0200 85.8800 74.2200 636.000000 0.000000 120.000000 67.000000
0.0300 85.8800 74.0600 765.000000 0.000000 118.000000 68.000000
0.0400 85.8800 73.9700 827.000000 0.000000 118.000000 68.000000
0.0500 85.8800 73.9700 864.000000 0.000000 118.000000 68.000000
0.0600 86.0100 74.1200 941.000000 0.000000 117.000000 67.000000
0.0700 86.4200 74.3900 997.000000 0.000000 115.000000 67.000000
0.0800 87.0400 75.1900 1023.000000 0.000000 115.000000 67.000000
0.0900 87.8000 76.2000 1023.000000 0.000000 115.000000 67.000000
0.1000 88.5700 77.3400 1023.000000 0.000000 115.000000 67.000000
0.1100 89.1600 79.1300 1023.000000 0.000000 115.000000 67.000000
0.1200 89.6100 81.2000 1023.000000 0.000000 115.000000 67.000000
0.1300 90.1300 83.4500 1023.000000 0.000000 116.000000 68.000000
0.1400 90.4200 85.0300 1023.000000 0.000000 116.000000 68.000000
0.1500 90.5600 85.7500 1023.000000 0.000000 118.000000 68.000000
0.1600 90.5600 85.8900 1023.000000 0.000000 119.000000 68.000000
0.1700 90.5000 85.8400 1023.000000 0.000000 119.000000 68.000000
0.1800 90.5000 85.1400 1023.000000 0.000000 122.000000 68.000000
0.1900 90.4400 84.0200 1023.000000 0.000000 123.000000 69.000000
0.2000 90.3600 81.8400 1023.000000 0.000000 123.000000 69.000000
0.2100 90.3600 79.5000 1023.000000 0.000000 123.000000 69.000000
0.2200 90.4300 77.0600 1023.000000 0.000000 123.000000 69.000000
0.2300 90.8100 75.5800 1023.000000 0.000000 122.000000 68.000000
0.2400 91.3900 74.5300 1023.000000 0.000000 119.000000 68.000000
0.2500 91.7500 73.7800 1023.000000 0.000000 118.000000 68.000000
0.2600 91.9000 73.2300 1023.000000 0.000000 116.000000 68.000000
0.2700 91.9000 73.0800 1023.000000 0.000000 114.000000 68.000000
0.2800 91.9000 73.2000 1023.000000 0.000000 112.000000 67.000000
0.2900 91.5400 73.4700 1023.000000 0.000000 112.000000 67.000000
0.3000 90.9600 74.1300 1023.000000 0.000000 112.000000 67.000000
0.3100 89.9400 75.0600 1023.000000 0.000000 112.000000 67.000000
0.3200 88.4600 75.9200 1023.000000 0.000000 112.000000 67.000000
0.3300 86.6700 76.6600 1023.000000 0.000000 112.000000 67.000000
0.3400 85.0000 77.3200 1023.000000 0.000000 112.000000 67.000000
0.3500 83.8300 77.9700 1023.000000 0.000000 112.000000 67.000000
0.3600 83.0000 78.5300 1023.000000 0.000000 115.000000 67.000000
0.3700 82.8100 79.0300 1023.000000 0.000000 115.000000 67.000000
0.3800 83.2200 79.6400 1023.000000 0.000000 117.000000 67.000000
0.3900 84.0400 80.4800 1023.000000 0.000000 119.000000 66.000000
0.4000 85.6900 81.4700 1023.000000 0.000000 120.000000 67.000000
0.4100 87.7600 82.3900 1023.000000 0.000000 120.000000 67.000000
0.4200 90.1000 83.2100 1023.000000 0.000000 122.000000 67.000000
0.4300 91.7500 83.3400 1023.000000 0.000000 122.000000 67.000000
0.4400 92.7800 83.0400 1023.000000 0.000000 120.000000 67.000000
0.4500 93.4000 82.3800 1023.000000 0.000000 120.000000 67.000000
0.4600 93.6300 81.0400 1023.000000 0.000000 120.000000 67.000000
0.4700 93.4900 79.2600 1023.000000 0.000000 118.000000 68.000000
0.4800 93.1000 77.7500 1023.000000 0.000000 117.000000 67.000000
0.4900 92.8100 76.6000 1023.000000 0.000000 115.000000 67.000000
0.5000 92.7600 75.7000 1023.000000 0.000000 115.000000 67.000000
0.5100 92.8700 75.4400 1023.000000 0.000000 111.000000 67.000000
0.5200 92.9200 75.3800 1023.000000 0.000000 111.000000 67.000000
0.5300 92.9200 75.4600 1023.000000 0.000000 109.000000 67.000000
0.5400 92.9200 76.1000 1023.000000 0.000000 110.000000 68.000000
0.5500 93.2100 77.4100 1023.000000 0.000000 110.000000 68.000000
0.5600 93.4800 79.1700 1023.000000 0.000000 110.000000 68.000000
0.5700 93.9400 81.0100 1023.000000 0.000000 112.000000 67.000000
0.5800 94.5200 82.1000 1023.000000 0.000000 111.000000 67.000000
0.5900 94.9800 82.7000 1023.000000 0.000000 111.000000 67.000000
0.6000 95.2500 82.8200 1023.000000 0.000000 111.000000 67.000000
0.6100 95.4000 82.7500 1023.000000 0.000000 114.000000 66.000000
0.6200 95.5200 82.5500 1023.000000 0.000000 113.000000 65.000000
0.6300 95.6400 82.0700 1023.000000 0.000000 113.000000 65.000000
0.6400 95.5600 81.3400 1023.000000 0.000000 113.000000 65.000000
0.6500 95.3400 80.4400 1023.000000 0.000000 113.000000 65.000000
0.6600 94.9400 79.5800 1023.000000 0.000000 113.000000 65.000000
0.6700 94.2300 78.6700 1023.000000 0.000000 110.000000 66.000000
0.6800 93.3000 77.8800 1023.000000 0.000000 110.000000 66.000000
0.6900 92.7000 77.1900 1023.000000 0.000000 111.000000 67.000000
0.7000 92.4800 76.8900 1023.000000 0.000000 111.000000 67.000000
0.7100 92.4800 76.8100 1023.000000 0.000000 112.000000 67.000000
0.7200 92.9000 76.8800 1023.000000 0.000000 112.000000 67.000000
0.7300 93.7800 77.1200 1023.000000 0.000000 114.000000 68.000000
0.7400 94.9800 77.3200 1023.000000 0.000000 114.000000 68.000000
0.7500 95.8400 77.5000 1023.000000 0.000000 114.000000 68.000000
0.7600 96.3100 77.4100 1023.000000 0.000000 114.000000 68.000000
0.7700 96.5200 77.2900 1023.000000 0.000000 114.000000 68.000000
0.7800 96.5200 76.9400 1023.000000 0.000000 114.000000 68.000000
0.7900 96.2900 76.4500 1023.000000 0.000000 114.000000 68.000000
0.8000 95.9000 75.9200 1023.000000 0.000000 114.000000 68.000000
0.8100 95.3700 75.3600 1023.000000 0.000000 114.000000 68.000000
0.8200 95.0100 74.9700 1023.000000 0.000000 114.000000 68.000000
0.8300 94.7500 74.7100 1023.000000 0.000000 114.000000 68.000000
0.8400 94.8000 74.6600 1023.000000 0.000000 114.000000 68.000000
0.8500 94.8500 74.6600 1023.000000 0.000000 111.000000 69.000000
0.8600 94.9100 74.7800 1023.000000 0.000000 111.000000 69.000000
0.8700 95.3300 75.4100 1023.000000 0.000000 111.000000 69.000000
0.8800 95.8500 76.3600 1023.000000 0.000000 110.000000 68.000000
0.8900 96.4300 77.5200 1023.000000 0.000000 110.000000 68.000000
0.9000 96.8600 79.1000 1023.000000 0.000000 110.000000 68.000000
0.9100 97.3200 80.5100 1023.000000 0.000000 110.000000 68.000000
0.9200 97.5400 81.8000 1023.000000 0.000000 110.000000 68.000000
0.9300 97.6000 82.0600 1023.000000 0.000000 110.000000 68.000000
0.9400 97.6000 82.1300 1023.000000 0.000000 110.000000 68.000000
0.9500 97.6000 82.0800 1023.000000 0.000000 110.000000 68.000000
0.9600 97.6500 81.8200 1023.000000 0.000000 110.000000 68.000000
0.9700 97.7400 81.1500 1023.000000 0.000000 110.000000 68.000000
0.9800 97.8800 80.2200 1023.000000 0.000000 110.000000 68.000000
0.9900 97.9700 79.2400 1023.000000 0.000000 110.000000 68.000000
1.0000 97.9700 78.4200 1023.000000 0.000000 110.000000 68.000000
1.0100 97.9200 77.7000 1023.000000 0.000000 110.000000 68.000000
1.0200 97.8000 77.3000 1023.000000 0.000000 111.000000 69.000000
1.0300 97.6900 77.1500 1023.000000 0.000000 111.000000 69.000000
1.0400 97.6200 77.1500 1023.000000 0.000000 109.000000 69.000000
1.0500 97.6200 77.4600 1023.000000 0.000000 109.000000 69.000000
1.0600 97.6200 78.1600 1023.000000 0.000000 109.000000 69.000000
1.0700 97.8900 79.1500 1023.000000 0.000000 109.000000 69.000000
1.0800 98.3000 80.2600 1023.000000 0.000000 111.000000 69.000000
1.0900 98.7300 81.1800 1023.000000 0.000000 111.000000 69.000000
1.1000 99.2900 81.9700 1023.000000 0.000000 111.000000 69.000000
1.1100 100.0000 82.7500 1023.000000 0.000000 111.000000 69.000000
1.1200 100.7700 83.2400 1023.000000 0.000000 111.000000 69.000000
1.1300 101.1900 83.4800 1023.000000 0.000000 111.000000 69.000000
1.1400 101.3700 83.5500 1023.000000 0.000000 111.000000 69.000000
1.1500 101.3700 83.3900 1023.000000 0.000000 114.000000 68.000000
1.1600 101.3700 83.1800 1023.000000 0.000000 114.000000 68.000000
1.1700 100.8800 82.4500 1023.000000 0.000000 114.000000 68.000000
1.1800 100.0100 81.3900 1023.000000 0.000000 114.000000 68.000000
1.1900 99.2300 80.5300 1023.000000 0.000000 114.000000 68.000000
1.2000 98.7900 79.8200 1023.000000 0.000000 111.000000 69.000000
1.2100 98.5800 79.2000 1023.000000 0.000000 112.000000 70.000000
1.2200 98.7600 78.7400 1023.000000 0.000000 112.000000 70.000000
1.2300 98.9900 78.4200 1023.000000 0.000000 112.000000 70.000000
1.2400 99.2600 78.1900 1023.000000 0.000000 115.000000 69.000000
1.2500 99.6600 78.1900 1023.000000 0.000000 115.000000 69.000000
1.2600 100.1500 78.1900 1023.000000 0.000000 115.000000 69.000000
1.2700 100.6900 78.4000 1023.000000 0.000000 115.000000 69.000000
1.2800 101.2100 78.6100 1023.000000 0.000000 115.000000 69.000000
1.2900 101.6900 78.8200 1023.000000 0.000000 116.000000 68.000000
1.3000 101.7900 78.8800 1023.000000 0.000000 116.000000 68.000000
1.3100 101.6400 78.8800 1023.000000 0.000000 116.000000 68.000000
1.3200 101.2600 78.7100 1023.000000 0.000000 118.000000 68.000000
1.3300 100.5200 78.4100 1023.000000 0.000000 117.000000 67.000000
1.3400 99.5400 78.0100 1023.000000 0.000000 118.000000 68.000000
1.3500 98.7600 77.5600 1023.000000 0.000000 118.000000 68.000000
1.3600 98.3600 77.1200 1023.000000 0.000000 116.000000 68.000000
1.3700 98.2100 76.7500 1023.000000 0.000000 117.000000 69.000000
1.3800 98.4500 76.4400 1023.000000 0.000000 117.000000 69.000000
1.3900 98.9800 76.2900 1023.000000 0.000000 116.000000 70.000000
1.4000 99.7000 76.3500 1023.000000 0.000000 116.000000 70.000000
1.4100 100.5100 76.5400 1023.000000 0.000000 116.000000 70.000000
1.4200 101.3300 76.9200 1023.000000 0.000000 113.000000 71.000000
1.4300 102.1800 77.5300 1023.000000 0.000000 112.000000 70.000000
1.4400 103.0200 78.3000 1023.000000 0.000000 112.000000 70.000000
1.4500 103.8600 79.5600 1023.000000 0.000000 111.000000 69.000000
1.4600 104.6900 80.8300 1023.000000 0.000000 111.000000 69.000000
1.4700 105.0500 82.1200 1023.000000 0.000000 110.000000 68.000000
1.4800 105.1200 82.5200 1023.000000 0.000000 110.000000 68.000000
1.4900 104.7800 82.6900 1023.000000 0.000000 114.000000 68.000000
1.5000 104.2900 82.6900 1023.000000 0.000000 114.000000 68.000000
1.5100 103.7000 82.3700 1023.000000 0.000000 114.000000 68.000000
1.5200 103.0900 81.5100 1023.000000 0.000000 115.000000 69.000000
1.5300 102.4800 80.3100 1023.000000 0.000000 117.000000 69.000000
1.5400 102.3600 79.0600 1023.000000 0.000000 117.000000 69.000000
1.5500 102.5600 77.9100 1023.000000 0.000000 115.000000 69.000000
1.5600 103.0900 76.9600 1023.000000 0.000000 115.000000 69.000000
1.5700 104.0000 76.1200 1023.000000 0.000000 115.000000 69.000000
1.5800 105.1700 75.3700 1023.000000 0.000000 114.000000 68.000000
1.5900 106.3400 74.9100 1023.000000 0.000000 114.000000 68.000000
1.6000 107.4500 74.6400 1023.000000 0.000000 114.000000 68.000000
1.6100 108.5200 74.5900 1023.000000 0.000000 112.000000 67.000000
1.6200 109.1400 74.5900 1023.000000 0.000000 114.000000 68.000000
1.6300 109.1400 74.7400 1023.000000 0.000000 114.000000 68.000000
1.6400 108.8100 75.0600 1023.000000 0.000000 114.000000 68.000000
1.6500 107.7100 75.4200 1023.000000 0.000000 115.000000 69.000000
1.6600 105.5000 75.8000 1023.000000 0.000000 115.000000 69.000000
1.6700 102.5500 75.6800 1023.000000 0.000000 116.000000 70.000000
1.6800 98.7400 75.1600 1023.000000 0.000000 116.000000 70.000000
1.6900 95.0800 74.3800 1023.000000 0.000000 118.000000 70.000000
1.7000 91.5100 73.3300 1023.000000 0.000000 118.000000 70.000000
1.7100 90.5000 72.5200 1023.000000 0.000000 118.000000 70.000000
1.7200 90.8100 71.8700 1023.000000 0.000000 121.000000 69.000000
1.7300 92.0100 71.2200 1023.000000 0.000000 121.000000 69.000000
1.7400 94.6100 71.0200 1023.000000 0.000000 121.000000 69.000000
1.7500 98.2100 71.1300 1023.000000 0.000000 121.000000 69.000000
1.7600 102.4800 71.7000 1023.000000 0.000000 118.000000 70.000000
1.7700 106.7000 72.3300 896.000000 0.000000 118.000000 70.000000
