0.0000 51.1600 25.1100 235.000000 1.000000 98.000000 64.000000
0.0100 51.0100 24.1800 418.000000 0.000000 99.000000 65.000000
0.0200 50.7800 23.7700 501.000000 0.000000 96.000000 65.000000
0.0300 50.5500 23.3800 619.000000 0.000000 96.000000 65.000000
0.0400 50.4800 23.1600 666.000000 0.000000 94.000000 65.000000
0.0500 50.4800 23.0600 700.000000 0.000000 92.000000 65.000000
0.0600 50.5400 23.1400 756.000000 0.000000 92.000000 65.000000
0.0700 50.8300 23.4700 827.000000 0.000000 90.000000 65.000000
0.0800 51.2800 23.9800 891.000000 0.000000 90.000000 65.000000
0.0900 51.7700 24.7800 934.000000 0.000000 90.000000 65.000000
0.1000 52.1900 25.9400 982.000000 0.000000 90.000000 65.000000
0.1100 52.5500 27.3300 1008.000000 0.000000 90.000000 65.000000
0.1200 52.9200 29.2900 1023.000000 0.000000 92.000000 65.000000
0.1300 53.2800 31.7700 1023.000000 0.000000 94.000000 65.000000
0.1400 53.6400 34.6000 1023.000000 0.000000 96.000000 65.000000
0.1500 54.1300 36.3100 1023.000000 0.000000 101.000000 65.000000
0.1600 54.5300 37.4900 1023.000000 0.000000 103.000000 64.000000
0.1700 54.8800 38.3100 1023.000000 0.000000 107.000000 64.000000
0.1800 54.6200 38.4000 1023.000000 0.000000 110.000000 65.000000
0.1900 54.5700 38.4500 1023.000000 0.000000 114.000000 64.000000
0.2000 54.6700 37.6500 1023.000000 0.000000 116.000000 64.000000
0.2100 54.7500 36.3000 1023.000000 0.000000 117.000000 63.000000
0.2200 54.8400 33.4000 1023.000000 0.000000 117.000000 63.000000
0.2300 55.0400 30.5300 1023.000000 0.000000 117.000000 63.000000
0.2400 55.3100 27.6800 1023.000000 0.000000 116.000000 64.000000
0.2500 55.9000 26.0100 1023.000000 0.000000 114.000000 64.000000
0.2600 56.5000 24.9900 1023.000000 0.000000 112.000000 64.000000
0.2700 56.9400 24.4100 1023.000000 0.000000 108.000000 65.000000
0.2800 57.2600 24.1500 1023.000000 0.000000 104.000000 66.000000
0.2900 57.2600 24.1500 1023.000000 0.000000 102.000000 67.000000
0.3000 57.1100 24.2500 1023.000000 0.000000 97.000000 67.000000
0.3100 56.7800 24.6700 1023.000000 0.000000 95.000000 67.000000
0.3200 56.0600 25.2600 1023.000000 0.000000 92.000000 67.000000
0.3300 54.8500 25.9600 1023.000000 0.000000 92.000000 67.000000
0.3400 53.3200 26.5200 1023.000000 0.000000 92.000000 67.000000
0.3500 51.3300 27.0800 1023.000000 0.000000 95.000000 67.000000
0.3600 49.3600 27.5200 1023.000000 0.000000 95.000000 67.000000
0.3700 47.9400 27.8900 1023.000000 0.000000 97.000000 67.000000
0.3800 46.8800 28.2200 1023.000000 0.000000 99.000000 67.000000
0.3900 46.5100 28.5200 1023.000000 0.000000 102.000000 67.000000
0.4000 46.6000 28.7500 1023.000000 0.000000 104.000000 66.000000
0.4100 46.9900 28.9500 1023.000000 0.000000 106.000000 66.000000
0.4200 48.4100 29.4500 1023.000000 0.000000 109.000000 67.000000
0.4300 50.2700 29.9400 1023.000000 0.000000 111.000000 67.000000
0.4400 52.4200 30.3900 1023.000000 0.000000 111.000000 67.000000
0.4500 54.4600 30.9200 1023.000000 0.000000 111.000000 67.000000
0.4600 56.1900 31.4900 1023.000000 0.000000 114.000000 66.000000
0.4700 57.7000 32.1200 1023.000000 0.000000 114.000000 66.000000
0.4800 58.6500 32.7400 1023.000000 0.000000 114.000000 66.000000
0.4900 59.0100 33.0000 1023.000000 0.000000 114.000000 66.000000
0.5000 59.0100 33.0000 1023.000000 0.000000 117.000000 67.000000
0.5100 58.9100 32.9300 1023.000000 0.000000 117.000000 67.000000
0.5200 58.5500 32.3400 1023.000000 0.000000 117.000000 67.000000
0.5300 58.0000 31.4000 1023.000000 0.000000 117.000000 67.000000
0.5400 57.5500 30.0200 1023.000000 0.000000 117.000000 67.000000
0.5500 57.4400 28.8700 1023.000000 0.000000 115.000000 67.000000
0.5600 57.5500 27.8700 1023.000000 0.000000 115.000000 67.000000
0.5700 57.5500 27.1600 1023.000000 0.000000 115.000000 67.000000
0.5800 57.4900 26.7900 1023.000000 0.000000 112.000000 67.000000
0.5900 57.4200 26.6600 1023.000000 0.000000 110.000000 68.000000
0.6000 57.4200 26.7100 1023.000000 0.000000 108.000000 68.000000
0.6100 57.3300 27.1600 1023.000000 0.000000 108.000000 68.000000
0.6200 57.1300 27.8900 1023.000000 0.000000 105.000000 68.000000
0.6300 56.8600 29.0800 1023.000000 0.000000 105.000000 68.000000
0.6400 56.7900 30.4000 1023.000000 0.000000 105.000000 68.000000
0.6500 57.0400 31.8000 1023.000000 0.000000 105.000000 68.000000
0.6600 57.4900 33.1000 1023.000000 0.000000 108.000000 68.000000
0.6700 58.3300 33.9100 1023.000000 0.000000 110.000000 68.000000
0.6800 59.3100 34.3900 1023.000000 0.000000 112.000000 67.000000
0.6900 60.3800 34.5800 1023.000000 0.000000 115.000000 67.000000
0.7000 61.1100 34.2900 1023.000000 0.000000 118.000000 68.000000
0.7100 61.4100 33.6700 1023.000000 0.000000 118.000000 68.000000
0.7200 61.4100 32.9200 1023.000000 0.000000 118.000000 68.000000
0.7300 61.0700 31.8400 1023.000000 0.000000 120.000000 67.000000
0.7400 60.5200 30.5500 1023.000000 0.000000 120.000000 67.000000
0.7500 59.8500 29.6700 1023.000000 0.000000 119.000000 66.000000
0.7600 59.3200 29.0500 1023.000000 0.000000 117.000000 67.000000
0.7700 58.9800 28.6100 1023.000000 0.000000 117.000000 67.000000
0.7800 58.7700 28.4400 1023.000000 0.000000 117.000000 67.000000
0.7900 58.7700 28.4400 1023.000000 0.000000 115.000000 67.000000
0.8000 58.8400 28.6200 1023.000000 0.000000 115.000000 67.000000
0.8100 59.2100 28.9800 1023.000000 0.000000 115.000000 67.000000
0.8200 59.7600 29.3400 1023.000000 0.000000 115.000000 67.000000
0.8300 60.3500 29.6900 1023.000000 0.000000 115.000000 67.000000
0.8400 60.9500 29.6100 1023.000000 0.000000 115.000000 67.000000
0.8500 61.3500 29.3100 1023.000000 0.000000 115.000000 67.000000
0.8600 61.6100 28.8700 1023.000000 0.000000 112.000000 67.000000
0.8700 61.6100 27.9600 1023.000000 0.000000 111.000000 67.000000
0.8800 61.5200 27.0800 1023.000000 0.000000 111.000000 67.000000
0.8900 61.3700 26.2300 1023.000000 0.000000 109.000000 67.000000
0.9000 61.3700 25.7400 1023.000000 0.000000 107.000000 67.000000
0.9100 61.3700 25.4900 1023.000000 0.000000 105.000000 67.000000
0.9200 61.3700 25.3900 1023.000000 0.000000 102.000000 67.000000
0.9300 61.4400 25.4700 1023.000000 0.000000 99.000000 67.000000
0.9400 61.5400 25.9200 1023.000000 0.000000 97.000000 67.000000
0.9500 61.7200 26.6100 1023.000000 0.000000 97.000000 67.000000
0.9600 61.9400 27.7300 1023.000000 0.000000 97.000000 67.000000
0.9700 62.1200 28.9000 1023.000000 0.000000 97.000000 67.000000
0.9800 62.2900 30.1100 1023.000000 0.000000 99.000000 67.000000
0.9900 62.4600 31.0700 1023.000000 0.000000 99.000000 67.000000
1.0000 62.5100 32.0000 1023.000000 0.000000 102.000000 67.000000
1.0100 62.7700 32.6500 1023.000000 0.000000 104.000000 66.000000
1.0200 63.1800 33.1200 1023.000000 0.000000 106.000000 66.000000
1.0300 63.6500 33.4700 1023.000000 0.000000 108.000000 66.000000
1.0400 63.9500 33.6000 1023.000000 0.000000 110.000000 66.000000
1.0500 64.1400 33.6000 1023.000000 0.000000 110.000000 66.000000
1.0600 64.4200 33.5000 1023.000000 0.000000 110.000000 66.000000
1.0700 64.7000 33.2800 1023.000000 0.000000 113.000000 65.000000
1.0800 64.9800 32.9800 1023.000000 0.000000 113.000000 65.000000
1.0900 65.3200 32.3800 1023.000000 0.000000 113.000000 65.000000
1.1000 65.7100 31.9500 1023.000000 0.000000 113.000000 65.000000
1.1100 66.0500 31.6300 1023.000000 0.000000 114.000000 66.000000
1.1200 66.3200 31.3800 1023.000000 0.000000 114.000000 66.000000
1.1300 66.3200 31.1600 1023.000000 0.000000 114.000000 66.000000
1.1400 65.9600 30.9500 1023.000000 0.000000 114.000000 66.000000
1.1500 65.3100 30.5700 1023.000000 0.000000 116.000000 66.000000
1.1600 64.4100 30.1600 1023.000000 0.000000 116.000000 66.000000
1.1700 63.4400 29.6900 1023.000000 0.000000 116.000000 66.000000
1.1800 62.4100 29.1800 1023.000000 0.000000 114.000000 66.000000
1.1900 61.8200 28.8000 1023.000000 0.000000 114.000000 66.000000
1.2000 61.6700 28.5100 1023.000000 0.000000 114.000000 66.000000
1.2100 61.8200 28.4000 1023.000000 0.000000 111.000000 67.000000
1.2200 62.3300 28.2900 1023.000000 0.000000 111.000000 67.000000
1.2300 63.1800 28.2200 1023.000000 0.000000 110.000000 66.000000
1.2400 64.2600 28.3100 1023.000000 0.000000 108.000000 66.000000
1.2500 65.2600 28.5000 1023.000000 0.000000 109.000000 67.000000
1.2600 66.1800 28.6200 1023.000000 0.000000 109.000000 67.000000
1.2700 66.8300 28.6900 1023.000000 0.000000 109.000000 67.000000
1.2800 67.3300 28.6900 1023.000000 0.000000 110.000000 68.000000
1.2900 67.5800 28.6000 1023.000000 0.000000 110.000000 68.000000
1.3000 67.7300 28.5300 1023.000000 0.000000 110.000000 68.000000
1.3100 67.8000 28.4500 1023.000000 0.000000 111.000000 69.000000
1.3200 67.8000 28.3800 1023.000000 0.000000 111.000000 69.000000
1.3300 67.8000 28.3200 1023.000000 0.000000 112.000000 70.000000
1.3400 67.8000 28.2500 1023.000000 0.000000 112.000000 70.000000
1.3500 67.8000 28.2500 1023.000000 0.000000 112.000000 70.000000
1.3600 67.8000 28.3000 1023.000000 0.000000 112.000000 70.000000
1.3700 67.9200 28.3900 1023.000000 0.000000 112.000000 70.000000
1.3800 68.3000 28.8300 1023.000000 0.000000 112.000000 70.000000
1.3900 68.8800 29.5000 1023.000000 0.000000 112.000000 70.000000
1.4000 69.5100 30.4400 1023.000000 0.000000 112.000000 70.000000
1.4100 70.1100 31.5600 1023.000000 0.000000 112.000000 70.000000
1.4200 70.4800 32.8100 1023.000000 0.000000 116.000000 70.000000
1.4300 70.7000 33.9100 1023.000000 0.000000 116.000000 70.000000
1.4400 70.7500 34.5200 1023.000000 0.000000 118.000000 70.000000
1.4500 70.5600 34.8000 1023.000000 0.000000 122.000000 70.000000
1.4600 70.2000 34.5700 1023.000000 0.000000 122.000000 70.000000
1.4700 69.4600 33.8600 1023.000000 0.000000 122.000000 70.000000
1.4800 68.6400 32.8200 1023.000000 0.000000 127.000000 70.000000
1.4900 67.7700 31.2900 1023.000000 0.000000 127.000000 70.000000
1.5000 67.4100 29.9600 1023.000000 0.000000 127.000000 70.000000
1.5100 67.6200 28.7700 1023.000000 0.000000 124.000000 71.000000
1.5200 68.2000 27.6500 1023.000000 0.000000 122.000000 70.000000
1.5300 69.0700 26.8700 1023.000000 0.000000 120.000000 71.000000
1.5400 69.9900 26.3200 1023.000000 0.000000 117.000000 71.000000
1.5500 71.1200 25.9400 1023.000000 0.000000 115.000000 71.000000
1.5600 72.3700 25.8400 1023.000000 0.000000 111.000000 71.000000
1.5700 73.5500 25.9300 1023.000000 0.000000 108.000000 71.000000
1.5800 74.4800 26.1700 1023.000000 0.000000 105.000000 71.000000
1.5900 75.2300 26.4000 1023.000000 0.000000 106.000000 72.000000
1.6000 75.5300 26.6900 1023.000000 0.000000 103.000000 73.000000
1.6100 75.3800 27.0200 1023.000000 0.000000 103.000000 73.000000
1.6200 74.9200 27.4500 1023.000000 0.000000 104.000000 74.000000
1.6300 73.7200 27.7700 1023.000000 0.000000 107.000000 73.000000
1.6400 71.1100 28.0100 1023.000000 0.000000 111.000000 74.000000
1.6500 67.5600 27.5700 1023.000000 0.000000 111.000000 74.000000
1.6600 62.8400 26.6000 1023.000000 0.000000 115.000000 74.000000
1.6700 58.0800 25.2800 1023.000000 0.000000 115.000000 74.000000
1.6800 53.3000 23.9700 1023.000000 0.000000 115.000000 74.000000
1.6900 50.4400 22.9300 1023.000000 0.000000 115.000000 74.000000
1.7000 49.4000 22.0600 1023.000000 0.000000 111.000000 74.000000
1.7100 49.5800 21.6400 1023.000000 0.000000 107.000000 73.000000
1.7200 51.3300 21.5600 1023.000000 0.000000 104.000000 74.000000
1.7300 54.2900 21.7200 1023.000000 0.000000 104.000000 74.000000
1.7400 58.0500 22.5700 976.000000 0.000000 101.000000 75.000000
1.7500 61.4300 23.3200 86.000000 0.000000 101.000000 75.000000
