0.0000 86.2200 43.0700 18.000000 1.000000 149.000000 53.000000
0.0100 86.0500 42.6700 53.000000 0.000000 149.000000 53.000000
0.0200 85.9900 42.4800 99.000000 0.000000 149.000000 53.000000
0.0300 85.9900 42.3300 134.000000 0.000000 149.000000 53.000000
0.0400 85.9200 42.2200 172.000000 0.000000 149.000000 53.000000
0.0500 85.9200 42.2200 217.000000 0.000000 149.000000 53.000000
0.0600 85.9200 42.2200 275.000000 0.000000 149.000000 53.000000
0.0700 86.0300 42.2200 316.000000 0.000000 149.000000 53.000000
0.0800 86.1800 42.5200 367.000000 0.000000 149.000000 53.000000
0.0900 86.5100 43.0000 425.000000 0.000000 148.000000 54.000000
0.1000 86.9600 43.6200 436.000000 0.000000 148.000000 54.000000
0.1100 87.4200 44.3600 448.000000 0.000000 148.000000 54.000000
0.1200 87.8500 45.1000 452.000000 0.000000 148.000000 54.000000
0.1300 88.2700 45.9300 458.000000 0.000000 148.000000 54.000000
0.1400 88.7300 46.8100 450.000000 0.000000 150.000000 54.000000
0.1500 89.1900 47.7000 447.000000 0.000000 150.000000 54.000000
0.1600 89.6200 48.3500 440.000000 0.000000 150.000000 54.000000
0.1700 89.8500 48.8300 443.000000 0.000000 151.000000 54.000000
0.1800 89.9600 48.9700 442.000000 0.000000 151.000000 54.000000
0.1900 89.9600 48.9200 449.000000 0.000000 153.000000 54.000000
0.2000 89.9600 48.7500 448.000000 0.000000 153.000000 54.000000
0.2100 90.0300 48.1600 443.000000 0.000000 153.000000 54.000000
0.2200 90.0900 47.3600 446.000000 0.000000 156.000000 53.000000
0.2300 90.1900 46.4100 439.000000 0.000000 156.000000 53.000000
0.2400 90.3600 45.4600 440.000000 0.000000 156.000000 55.000000
0.2500 90.5800 44.5600 443.000000 0.000000 156.000000 55.000000
0.2600 90.8200 43.8500 445.000000 0.000000 158.000000 55.000000
0.2700 91.1000 43.2600 443.000000 0.000000 158.000000 55.000000
0.2800 91.3900 42.8900 445.000000 0.000000 159.000000 55.000000
0.2900 91.6700 42.6400 450.000000 0.000000 158.000000 56.000000
0.3000 91.7900 42.4800 448.000000 0.000000 158.000000 56.000000
0.3100 91.7900 42.4800 453.000000 0.000000 157.000000 56.000000
0.3200 91.7900 42.6000 455.000000 0.000000 157.000000 56.000000
0.3300 91.5100 42.7700 445.000000 0.000000 156.000000 55.000000
0.3400 91.1600 43.1000 446.000000 0.000000 156.000000 55.000000
0.3500 90.6500 43.4200 446.000000 0.000000 156.000000 55.000000
0.3600 90.0700 43.7100 446.000000 0.000000 156.000000 55.000000
0.3700 89.4400 43.9100 440.000000 0.000000 156.000000 55.000000
0.3800 88.7500 43.9700 440.000000 0.000000 156.000000 55.000000
0.3900 88.1100 43.9700 441.000000 0.000000 155.000000 54.000000
0.4000 87.6900 43.9700 436.000000 0.000000 155.000000 54.000000
0.4100 87.4000 43.9200 433.000000 0.000000 153.000000 54.000000
0.4200 87.4000 43.9200 430.000000 0.000000 153.000000 54.000000
0.4300 87.5300 43.9200 430.000000 0.000000 152.000000 54.000000
0.4400 87.9700 44.1200 431.000000 0.000000 152.000000 54.000000
0.4500 88.6200 44.4300 430.000000 0.000000 151.000000 53.000000
0.4600 89.6100 44.8300 427.000000 0.000000 152.000000 54.000000
0.4700 90.5300 45.2900 425.000000 0.000000 151.000000 54.000000
0.4800 91.4000 45.7400 427.000000 0.000000 153.000000 55.000000
0.4900 92.1600 46.1900 433.000000 0.000000 154.000000 55.000000
0.5000 92.7900 46.5400 423.000000 0.000000 154.000000 55.000000
0.5100 93.3400 46.8300 430.000000 0.000000 155.000000 55.000000
0.5200 93.7500 47.0300 430.000000 0.000000 157.000000 56.000000
0.5300 93.9200 47.1000 433.000000 0.000000 157.000000 56.000000
0.5400 93.9200 47.1000 435.000000 0.000000 157.000000 56.000000
0.5500 93.9200 47.1000 428.000000 0.000000 157.000000 56.000000
0.5600 93.8600 47.1000 428.000000 0.000000 158.000000 55.000000
0.5700 93.7100 47.0300 422.000000 0.000000 158.000000 55.000000
0.5800 93.3700 46.8900 407.000000 0.000000 158.000000 55.000000
0.5900 92.8900 46.7000 371.000000 0.000000 158.000000 54.000000
0.6000 92.3100 46.5100 359.000000 0.000000 159.000000 55.000000
0.6100 91.8400 46.3300 351.000000 0.000000 159.000000 55.000000
0.6200 91.4100 46.2000 353.000000 0.000000 159.000000 55.000000
0.6300 91.2100 46.1100 356.000000 0.000000 160.000000 55.000000
0.6400 91.1300 46.1100 359.000000 0.000000 160.000000 56.000000
0.6500 91.2800 46.1100 366.000000 0.000000 160.000000 56.000000
0.6600 91.7300 46.2500 373.000000 0.000000 160.000000 56.000000
0.6700 92.3900 46.4500 371.000000 0.000000 160.000000 56.000000
0.6800 93.2100 46.6100 389.000000 0.000000 160.000000 56.000000
0.6900 94.0400 46.7000 397.000000 0.000000 160.000000 56.000000
0.7000 94.7200 46.7000 405.000000 0.000000 160.000000 56.000000
0.7100 95.3100 46.7000 402.000000 0.000000 160.000000 56.000000
0.7200 95.7300 46.6200 397.000000 0.000000 158.000000 56.000000
0.7300 95.9900 46.4700 400.000000 0.000000 159.000000 55.000000
0.7400 96.1400 46.2600 400.000000 0.000000 159.000000 55.000000
0.7500 96.1400 46.0200 405.000000 0.000000 157.000000 56.000000
0.7600 95.7900 45.7200 404.000000 0.000000 157.000000 56.000000
0.7700 95.2600 45.3900 415.000000 0.000000 157.000000 56.000000
0.7800 94.5500 45.0300 420.000000 0.000000 157.000000 56.000000
0.7900 93.7700 44.6600 427.000000 0.000000 157.000000 56.000000
0.8000 92.9300 44.3100 427.000000 0.000000 157.000000 56.000000
0.8100 92.2700 44.0300 418.000000 0.000000 158.000000 56.000000
0.8200 91.8800 43.8000 435.000000 0.000000 158.000000 56.000000
0.8300 91.6800 43.7100 415.000000 0.000000 158.000000 56.000000
0.8400 91.6800 43.7100 402.000000 0.000000 160.000000 55.000000
0.8500 91.7800 43.7100 396.000000 0.000000 160.000000 55.000000
0.8600 91.9200 43.7100 392.000000 0.000000 162.000000 56.000000
0.8700 92.1500 43.7900 394.000000 0.000000 162.000000 56.000000
0.8800 92.6000 43.8900 381.000000 0.000000 163.000000 55.000000
0.8900 93.1800 44.0500 377.000000 0.000000 163.000000 55.000000
0.9000 93.8000 44.1900 381.000000 0.000000 163.000000 55.000000
0.9100 94.4200 44.3300 379.000000 0.000000 161.000000 55.000000
0.9200 95.0300 44.3300 382.000000 0.000000 161.000000 55.000000
0.9300 95.5400 44.3800 381.000000 0.000000 161.000000 55.000000
0.9400 96.0000 44.3800 381.000000 0.000000 160.000000 54.000000
0.9500 96.3800 44.2900 382.000000 0.000000 160.000000 54.000000
0.9600 96.6000 44.1400 381.000000 0.000000 160.000000 54.000000
0.9700 96.7000 44.0000 381.000000 0.000000 160.000000 54.000000
0.9800 96.7000 43.8200 389.000000 0.000000 158.000000 54.000000
0.9900 96.4500 43.6100 389.000000 0.000000 158.000000 54.000000
1.0000 96.0500 43.3600 394.000000 0.000000 158.000000 54.000000
1.0100 95.3800 43.1300 394.000000 0.000000 158.000000 54.000000
1.0200 94.6500 42.9200 404.000000 0.000000 158.000000 54.000000
1.0300 93.8800 42.7600 407.000000 0.000000 158.000000 54.000000
1.0400 93.1300 42.6200 422.000000 0.000000 157.000000 54.000000
1.0500 92.6100 42.4900 425.000000 0.000000 157.000000 54.000000
1.0600 92.2400 42.3900 425.000000 0.000000 157.000000 54.000000
1.0700 92.2400 42.3300 418.000000 0.000000 158.000000 53.000000
1.0800 92.2400 42.3300 425.000000 0.000000 159.000000 53.000000
1.0900 92.3800 42.3300 422.000000 0.000000 159.000000 53.000000
1.1000 92.7500 42.3300 404.000000 0.000000 159.000000 53.000000
1.1100 93.2800 42.4200 398.000000 0.000000 159.000000 53.000000
1.1200 93.9700 42.5500 387.000000 0.000000 159.000000 53.000000
1.1300 94.5300 42.6700 387.000000 0.000000 159.000000 53.000000
1.1400 94.9900 42.7900 391.000000 0.000000 158.000000 53.000000
1.1500 95.3700 42.8900 393.000000 0.000000 158.000000 53.000000
1.1600 95.7100 43.0000 391.000000 0.000000 158.000000 53.000000
1.1700 96.0300 43.1100 391.000000 0.000000 156.000000 53.000000
1.1800 96.3900 43.2500 398.000000 0.000000 156.000000 53.000000
1.1900 96.7600 43.4000 388.000000 0.000000 156.000000 53.000000
1.2000 97.1500 43.5500 392.000000 0.000000 157.000000 54.000000
1.2100 97.5400 43.6500 412.000000 0.000000 157.000000 54.000000
1.2200 97.9400 43.7400 423.000000 0.000000 157.000000 54.000000
1.2300 98.3700 43.8300 420.000000 0.000000 158.000000 54.000000
1.2400 98.8000 43.9300 425.000000 0.000000 160.000000 54.000000
1.2500 99.2200 44.0700 423.000000 0.000000 160.000000 54.000000
1.2600 99.5700 44.2400 428.000000 0.000000 160.000000 55.000000
1.2700 99.8600 44.3700 428.000000 0.000000 160.000000 55.000000
1.2800 99.9400 44.5300 414.000000 0.000000 160.000000 55.000000
1.2900 99.9400 44.5300 391.000000 0.000000 162.000000 56.000000
1.3000 99.5400 44.9800 377.000000 0.000000 162.000000 56.000000
1.3100 99.1000 45.1900 361.000000 0.000000 162.000000 56.000000
1.3200 98.5400 45.3200 356.000000 0.000000 162.000000 56.000000
1.3300 97.9000 45.4000 351.000000 0.000000 162.000000 56.000000
1.3400 97.2400 45.4000 351.000000 0.000000 162.000000 56.000000
1.3500 96.6200 45.3500 364.000000 0.000000 160.000000 55.000000
1.3600 96.2200 45.2700 363.000000 0.000000 160.000000 55.000000
1.3700 95.9500 45.1900 361.000000 0.000000 160.000000 55.000000
1.3800 95.8700 45.1300 361.000000 0.000000 160.000000 55.000000
1.3900 95.9600 45.0800 363.000000 0.000000 160.000000 55.000000
1.4000 96.1500 45.0800 368.000000 0.000000 160.000000 55.000000
1.4100 96.5800 45.0800 366.000000 0.000000 159.000000 55.000000
1.4200 97.1500 45.2100 364.000000 0.000000 159.000000 55.000000
1.4300 97.8000 45.4100 364.000000 0.000000 159.000000 55.000000
1.4400 98.5400 45.6000 369.000000 0.000000 160.000000 55.000000
1.4500 99.2000 45.7600 368.000000 0.000000 160.000000 55.000000
1.4600 99.8000 45.9300 373.000000 0.000000 160.000000 56.000000
1.4700 100.2000 46.0600 371.000000 0.000000 160.000000 56.000000
1.4800 100.4300 46.1600 376.000000 0.000000 160.000000 56.000000
1.4900 100.5500 46.2100 382.000000 0.000000 161.000000 57.000000
1.5000 100.5500 46.2700 386.000000 0.000000 161.000000 57.000000
1.5100 100.3700 46.3300 384.000000 0.000000 161.000000 57.000000
1.5200 100.1500 46.4300 384.000000 0.000000 161.000000 57.000000
1.5300 99.6600 46.5400 376.000000 0.000000 161.000000 57.000000
1.5400 99.0500 46.6300 367.000000 0.000000 161.000000 57.000000
1.5500 98.3500 46.7200 338.000000 0.000000 160.000000 56.000000
1.5600 97.6000 46.7800 344.000000 0.000000 160.000000 56.000000
1.5700 96.8700 46.7800 333.000000 0.000000 160.000000 56.000000
1.5800 96.1500 46.7800 333.000000 0.000000 160.000000 55.000000
1.5900 95.8100 46.7800 334.000000 0.000000 160.000000 55.000000
1.6000 95.7300 46.8300 339.000000 0.000000 160.000000 55.000000
1.6100 95.8200 46.8300 336.000000 0.000000 160.000000 54.000000
1.6200 96.0600 46.9300 339.000000 0.000000 160.000000 54.000000
1.6300 96.4800 47.0400 348.000000 0.000000 160.000000 54.000000
1.6400 97.0200 47.1500 358.000000 0.000000 160.000000 54.000000
1.6500 97.7900 47.3400 366.000000 0.000000 160.000000 54.000000
1.6600 98.6200 47.5800 364.000000 0.000000 160.000000 53.000000
1.6700 99.5600 47.8600 368.000000 0.000000 160.000000 53.000000
1.6800 100.5200 48.1200 369.000000 0.000000 162.000000 54.000000
1.6900 101.3000 48.3100 361.000000 0.000000 162.000000 54.000000
1.7000 101.9600 48.4600 371.000000 0.000000 163.000000 54.000000
1.7100 102.3400 48.4600 377.000000 0.000000 163.000000 54.000000
1.7200 102.5100 48.3700 393.000000 0.000000 164.000000 54.000000
1.7300 102.5100 48.1800 399.000000 0.000000 164.000000 54.000000
1.7400 102.4500 47.9600 425.000000 0.000000 166.000000 54.000000
1.7500 102.1100 47.4700 452.000000 0.000000 165.000000 55.000000
1.7600 101.6200 46.8200 474.000000 0.000000 165.000000 55.000000
1.7700 100.9800 46.1700 486.000000 0.000000 165.000000 55.000000
1.7800 100.3600 45.5300 496.000000 0.000000 165.000000 55.000000
1.7900 99.7400 44.8700 493.000000 0.000000 164.000000 55.000000
1.8000 99.4300 44.3200 492.000000 0.000000 163.000000 56.000000
1.8100 99.3800 43.8600 502.000000 0.000000 163.000000 56.000000
1.8200 99.4900 43.4900 537.000000 0.000000 162.000000 56.000000
1.8300 100.0400 43.3100 567.000000 0.000000 162.000000 56.000000
1.8400 101.0700 43.2600 614.000000 0.000000 162.000000 56.000000
1.8500 102.4200 43.4100 656.000000 0.000000 162.000000 56.000000
1.8600 103.9400 43.5900 697.000000 0.000000 162.000000 56.000000
1.8700 105.6100 43.7900 707.000000 0.000000 162.000000 56.000000
1.8800 107.3800 43.9500 699.000000 0.000000 162.000000 56.000000
1.8900 108.8500 44.1100 685.000000 0.000000 162.000000 56.000000
1.9000 109.9800 44.1100 616.000000 0.000000 163.000000 57.000000
1.9100 110.8700 44.0300 279.000000 0.000000 163.000000 57.000000
