0.0000 12.9900 9.0900 46.000000 1.000000 172.000000 59.000000
0.0100 12.9000 8.7800 93.000000 0.000000 172.000000 59.000000
0.0200 12.9000 8.6800 117.000000 0.000000 170.000000 60.000000
0.0300 12.8500 8.6300 167.000000 0.000000 170.000000 60.000000
0.0400 12.8500 8.6300 220.000000 0.000000 170.000000 60.000000
0.0500 12.8500 8.6300 256.000000 0.000000 170.000000 60.000000
0.0600 12.9500 8.7300 286.000000 0.000000 170.000000 60.000000
0.0700 13.0900 8.9600 292.000000 0.000000 169.000000 61.000000
0.0800 13.3000 9.2900 297.000000 0.000000 168.000000 60.000000
0.0900 13.5300 9.7300 304.000000 0.000000 168.000000 60.000000
0.1000 13.8100 10.3500 297.000000 0.000000 167.000000 61.000000
0.1100 14.1300 11.0900 284.000000 0.000000 167.000000 61.000000
0.1200 14.4700 12.0700 289.000000 0.000000 167.000000 61.000000
0.1300 14.8000 13.0000 286.000000 0.000000 166.000000 62.000000
0.1400 15.0000 13.6000 294.000000 0.000000 166.000000 62.000000
0.1500 15.1100 14.0100 299.000000 0.000000 165.000000 62.000000
0.1600 15.1100 14.2500 307.000000 0.000000 165.000000 62.000000
0.1700 15.1100 14.3500 314.000000 0.000000 165.000000 62.000000
0.1800 15.1100 14.3500 314.000000 0.000000 163.000000 61.000000
0.1900 15.1100 14.3500 317.000000 0.000000 163.000000 61.000000
0.2000 15.0600 14.3000 317.000000 0.000000 164.000000 60.000000
0.2100 15.0600 14.2200 320.000000 0.000000 162.000000 60.000000
0.2200 15.1100 13.8900 324.000000 0.000000 162.000000 60.000000
0.2300 15.1100 13.4100 319.000000 0.000000 162.000000 60.000000
0.2400 15.1600 12.6500 320.000000 0.000000 164.000000 60.000000
0.2500 15.2600 11.8800 317.000000 0.000000 163.000000 61.000000
0.2600 15.4200 11.0800 317.000000 0.000000 165.000000 61.000000
0.2700 15.6000 10.4000 315.000000 0.000000 165.000000 61.000000
0.2800 15.8100 9.8100 305.000000 0.000000 166.000000 62.000000
0.2900 16.0300 9.3000 302.000000 0.000000 168.000000 63.000000
0.3000 16.2100 8.9000 299.000000 0.000000 170.000000 64.000000
0.3100 16.3700 8.5800 291.000000 0.000000 170.000000 64.000000
0.3200 16.4700 8.3400 281.000000 0.000000 170.000000 64.000000
0.3300 16.5200 8.2100 285.000000 0.000000 168.000000 63.000000
0.3400 16.5200 8.1600 282.000000 0.000000 164.000000 63.000000
0.3500 16.5200 8.1600 280.000000 0.000000 162.000000 63.000000
0.3600 16.5200 8.1600 276.000000 0.000000 158.000000 62.000000
0.3700 16.4300 8.3100 279.000000 0.000000 156.000000 62.000000
0.3800 16.3200 8.5100 297.000000 0.000000 155.000000 62.000000
0.3900 16.1300 8.7800 317.000000 0.000000 156.000000 62.000000
0.4000 15.8600 9.1000 320.000000 0.000000 158.000000 62.000000
0.4100 15.5800 9.5100 322.000000 0.000000 162.000000 63.000000
0.4200 15.2600 9.9300 330.000000 0.000000 164.000000 63.000000
0.4300 14.9200 10.3500 335.000000 0.000000 168.000000 63.000000
0.4400 14.4400 10.7700 344.000000 0.000000 170.000000 64.000000
0.4500 13.8900 11.2300 344.000000 0.000000 170.000000 64.000000
0.4600 13.2900 11.7300 334.000000 0.000000 170.000000 64.000000
0.4700 12.7300 12.1400 369.000000 0.000000 168.000000 63.000000
0.4800 12.3600 12.5200 369.000000 0.000000 166.000000 63.000000
0.4900 12.1200 12.8200 389.000000 0.000000 165.000000 62.000000
0.5000 12.0300 13.0500 394.000000 0.000000 163.000000 61.000000
0.5100 12.1800 13.1600 394.000000 0.000000 162.000000 61.000000
0.5200 12.5000 13.2100 402.000000 0.000000 161.000000 60.000000
0.5300 12.9600 13.1400 404.000000 0.000000 161.000000 60.000000
0.5400 13.5600 13.0400 425.000000 0.000000 161.000000 60.000000
0.5500 14.2500 12.9200 423.000000 0.000000 161.000000 60.000000
0.5600 14.9400 12.7500 415.000000 0.000000 162.000000 60.000000
0.5700 15.6700 12.6800 417.000000 0.000000 162.000000 60.000000
0.5800 16.4900 12.6800 413.000000 0.000000 160.000000 60.000000
0.5900 17.3700 12.8600 405.000000 0.000000 159.000000 61.000000
0.6000 18.2100 13.0700 405.000000 0.000000 157.000000 61.000000
0.6100 18.8500 13.3200 404.000000 0.000000 156.000000 62.000000
0.6200 19.3800 13.4600 407.000000 0.000000 154.000000 63.000000
0.6300 19.7500 13.5600 407.000000 0.000000 152.000000 62.000000
0.6400 19.9000 13.5600 405.000000 0.000000 149.000000 63.000000
0.6500 19.9000 13.5600 412.000000 0.000000 147.000000 62.000000
0.6600 19.8400 13.5600 414.000000 0.000000 144.000000 62.000000
0.6700 19.8400 13.5600 428.000000 0.000000 143.000000 62.000000
0.6800 19.7800 13.5000 433.000000 0.000000 143.000000 62.000000
0.6900 19.7800 13.4400 443.000000 0.000000 143.000000 62.000000
0.7000 19.7300 13.3100 449.000000 0.000000 143.000000 62.000000
0.7100 19.6500 12.8700 439.000000 0.000000 144.000000 62.000000
0.7200 19.5300 12.2500 440.000000 0.000000 144.000000 62.000000
0.7300 19.3500 11.6000 440.000000 0.000000 144.000000 62.000000
0.7400 19.1300 10.9300 442.000000 0.000000 144.000000 62.000000
0.7500 18.8700 10.4000 445.000000 0.000000 144.000000 62.000000
0.7600 18.7700 9.9900 447.000000 0.000000 143.000000 63.000000
0.7700 18.7000 9.6500 445.000000 0.000000 143.000000 63.000000
0.7800 18.7000 9.3800 450.000000 0.000000 143.000000 63.000000
0.7900 18.7000 9.1500 452.000000 0.000000 145.000000 64.000000
0.8000 18.7000 9.0000 456.000000 0.000000 145.000000 64.000000
0.8100 18.7000 8.8300 455.000000 0.000000 146.000000 63.000000
0.8200 18.7700 8.6500 463.000000 0.000000 146.000000 63.000000
0.8300 18.7700 8.5200 463.000000 0.000000 146.000000 63.000000
0.8400 18.7700 8.4300 465.000000 0.000000 147.000000 62.000000
0.8500 18.7700 8.4300 473.000000 0.000000 147.000000 62.000000
0.8600 18.7700 8.4300 473.000000 0.000000 147.000000 62.000000
0.8700 18.7700 8.4300 491.000000 0.000000 147.000000 62.000000
0.8800 18.8200 8.4300 489.000000 0.000000 147.000000 62.000000
0.8900 18.8200 8.4300 494.000000 0.000000 147.000000 62.000000
0.9000 18.8200 8.4300 502.000000 0.000000 147.000000 62.000000
0.9100 18.8700 8.4300 510.000000 0.000000 147.000000 62.000000
0.9200 18.8700 8.4300 519.000000 0.000000 147.000000 62.000000
0.9300 18.9500 8.4900 515.000000 0.000000 147.000000 62.000000
0.9400 19.0300 8.4900 519.000000 0.000000 147.000000 62.000000
0.9500 19.1200 8.5800 529.000000 0.000000 147.000000 62.000000
0.9600 19.2600 8.6500 527.000000 0.000000 147.000000 62.000000
0.9700 19.3900 8.7000 526.000000 0.000000 146.000000 63.000000
0.9800 19.4900 8.7500 530.000000 0.000000 146.000000 63.000000
0.9900 19.5500 8.7500 527.000000 0.000000 146.000000 63.000000
1.0000 19.5500 8.8000 529.000000 0.000000 146.000000 63.000000
1.0100 19.5500 8.8000 529.000000 0.000000 146.000000 63.000000
1.0200 19.5500 8.8000 532.000000 0.000000 146.000000 63.000000
1.0300 19.5500 8.8000 530.000000 0.000000 146.000000 63.000000
1.0400 19.5500 8.8000 533.000000 0.000000 146.000000 63.000000
1.0500 19.5500 8.8000 537.000000 0.000000 146.000000 63.000000
1.0600 19.5500 8.8000 537.000000 0.000000 146.000000 63.000000
1.0700 19.5500 8.8000 535.000000 0.000000 148.000000 63.000000
1.0800 19.5500 8.8000 538.000000 0.000000 148.000000 63.000000
1.0900 19.5500 8.8000 537.000000 0.000000 148.000000 63.000000
1.1000 19.5500 8.8000 537.000000 0.000000 148.000000 63.000000
1.1100 19.5500 8.8000 527.000000 0.000000 146.000000 63.000000
1.1200 19.6000 8.8000 526.000000 0.000000 146.000000 63.000000
1.1300 19.6500 8.8000 527.000000 0.000000 146.000000 63.000000
1.1400 19.8100 8.9600 519.000000 0.000000 146.000000 63.000000
1.1500 19.8100 8.9600 512.000000 0.000000 146.000000 63.000000
1.1600 20.2800 9.2900 520.000000 0.000000 145.000000 64.000000
1.1700 20.5300 9.5100 509.000000 0.000000 145.000000 64.000000
1.1800 20.8100 9.7300 496.000000 0.000000 145.000000 64.000000
1.1900 21.1000 9.9600 492.000000 0.000000 145.000000 64.000000
1.2000 21.3800 10.2100 495.000000 0.000000 143.000000 64.000000
1.2100 21.5400 10.4900 485.000000 0.000000 143.000000 64.000000
1.2200 21.6400 10.6900 475.000000 0.000000 143.000000 64.000000
1.2300 21.6400 10.8100 456.000000 0.000000 142.000000 65.000000
1.2400 21.4500 11.0100 445.000000 0.000000 140.000000 65.000000
1.2500 21.1900 11.1500 445.000000 0.000000 140.000000 65.000000
1.2600 20.7300 11.1500 440.000000 0.000000 140.000000 65.000000
1.2700 20.2400 11.1500 447.000000 0.000000 140.000000 65.000000
1.2800 19.7200 11.0200 443.000000 0.000000 140.000000 65.000000
1.2900 19.3700 10.8800 442.000000 0.000000 140.000000 65.000000
1.3000 19.0800 10.7300 440.000000 0.000000 143.000000 64.000000
1.3100 18.9200 10.5900 440.000000 0.000000 143.000000 64.000000
1.3200 18.9200 10.5100 449.000000 0.000000 143.000000 64.000000
1.3300 19.0400 10.5100 439.000000 0.000000 143.000000 64.000000
1.3400 19.3000 10.4000 449.000000 0.000000 145.000000 64.000000
1.3500 19.7500 10.4700 449.000000 0.000000 145.000000 64.000000
1.3600 20.3300 10.6400 443.000000 0.000000 145.000000 64.000000
1.3700 20.8500 10.8400 446.000000 0.000000 145.000000 64.000000
1.3800 21.3300 11.0800 448.000000 0.000000 143.000000 64.000000
1.3900 21.7800 11.3400 448.000000 0.000000 143.000000 64.000000
1.4000 22.2200 11.7200 448.000000 0.000000 143.000000 64.000000
1.4100 22.5600 12.1300 439.000000 0.000000 141.000000 64.000000
1.4200 22.8400 12.5600 440.000000 0.000000 141.000000 64.000000
1.4300 22.9300 12.8900 440.000000 0.000000 141.000000 64.000000
1.4400 22.8100 13.2100 447.000000 0.000000 141.000000 64.000000
1.4500 22.5600 13.4100 448.000000 0.000000 140.000000 63.000000
1.4600 22.1500 13.5200 447.000000 0.000000 140.000000 63.000000
1.4700 21.6000 13.5800 447.000000 0.000000 140.000000 63.000000
1.4800 20.9500 13.5000 449.000000 0.000000 140.000000 63.000000
1.4900 20.2600 13.3200 442.000000 0.000000 140.000000 63.000000
1.5000 19.6300 13.1500 448.000000 0.000000 141.000000 64.000000
1.5100 19.3000 13.0000 447.000000 0.000000 143.000000 63.000000
1.5200 19.1600 12.8600 445.000000 0.000000 143.000000 63.000000
1.5300 19.0500 12.7800 443.000000 0.000000 145.000000 64.000000
1.5400 18.9500 12.6900 447.000000 0.000000 146.000000 63.000000
1.5500 18.9500 12.6000 453.000000 0.000000 146.000000 63.000000
1.5600 19.1300 12.5200 466.000000 0.000000 146.000000 63.000000
1.5700 19.3500 12.4200 464.000000 0.000000 146.000000 63.000000
1.5800 19.5700 12.3200 465.000000 0.000000 146.000000 63.000000
1.5900 19.7900 12.2600 472.000000 0.000000 146.000000 63.000000
1.6000 19.9800 12.1900 485.000000 0.000000 146.000000 63.000000
1.6100 20.1600 12.1900 491.000000 0.000000 146.000000 63.000000
1.6200 20.3900 12.1200 496.000000 0.000000 145.000000 64.000000
1.6300 20.6100 12.0000 489.000000 0.000000 145.000000 64.000000
1.6400 20.8400 11.9200 489.000000 0.000000 145.000000 64.000000
1.6500 21.0500 11.8600 489.000000 0.000000 143.000000 64.000000
1.6600 21.2800 11.7500 489.000000 0.000000 143.000000 64.000000
1.6700 21.5100 11.6500 491.000000 0.000000 143.000000 64.000000
1.6800 21.6800 11.5400 492.000000 0.000000 143.000000 64.000000
1.6900 21.8000 11.4400 494.000000 0.000000 141.000000 64.000000
1.7000 22.0000 11.3600 494.000000 0.000000 141.000000 64.000000
1.7100 22.1700 11.2900 499.000000 0.000000 141.000000 64.000000
1.7200 22.2500 11.1500 501.000000 0.000000 141.000000 64.000000
1.7300 22.2500 11.0100 502.000000 0.000000 141.000000 64.000000
1.7400 22.4000 10.8600 499.000000 0.000000 141.000000 64.000000
1.7500 22.5000 10.7500 499.000000 0.000000 141.000000 64.000000
1.7600 22.5800 10.6800 499.000000 0.000000 140.000000 65.000000
1.7700 22.7200 10.6800 501.000000 0.000000 140.000000 65.000000
1.7800 22.8200 10.6000 504.000000 0.000000 140.000000 65.000000
1.7900 22.8900 10.6000 507.000000 0.000000 140.000000 65.000000
1.8000 22.9400 10.5500 520.000000 0.000000 140.000000 65.000000
1.8100 22.9400 10.5500 516.000000 0.000000 140.000000 65.000000
1.8200 22.9400 10.5500 518.000000 0.000000 140.000000 65.000000
1.8300 22.9400 10.5500 526.000000 0.000000 140.000000 65.000000
1.8400 22.9400 10.5500 533.000000 0.000000 140.000000 65.000000
1.8500 22.9400 10.5500 546.000000 0.000000 140.000000 65.000000
1.8600 22.9400 10.5500 550.000000 0.000000 140.000000 65.000000
1.8700 22.9400 10.5500 567.000000 0.000000 140.000000 65.000000
1.8800 22.9400 10.5500 567.000000 0.000000 140.000000 65.000000
1.8900 22.9400 10.5500 591.000000 0.000000 140.000000 65.000000
1.9000 22.9400 10.5500 614.000000 0.000000 140.000000 65.000000
1.9100 22.9400 10.5500 645.000000 0.000000 140.000000 65.000000
1.9200 22.9400 10.5500 659.000000 0.000000 140.000000 65.000000
1.9300 22.9400 10.5500 679.000000 0.000000 140.000000 65.000000
1.9400 22.9400 10.5500 696.000000 0.000000 140.000000 65.000000
1.9500 22.9400 10.5500 727.000000 0.000000 140.000000 65.000000
1.9600 22.9400 10.5500 743.000000 0.000000 140.000000 65.000000
1.9700 22.9400 10.5500 777.000000 0.000000 140.000000 65.000000
1.9800 22.9400 10.5500 823.000000 0.000000 138.000000 65.000000
1.9900 22.9400 10.5500 854.000000 0.000000 138.000000 65.000000
2.0000 22.9400 10.5500 879.000000 0.000000 138.000000 65.000000
2.0100 22.9400 10.5500 903.000000 0.000000 138.000000 65.000000
2.0200 22.9400 10.5500 920.000000 0.000000 138.000000 65.000000
2.0300 22.9400 10.5500 926.000000 0.000000 138.000000 65.000000
2.0400 22.9400 10.5500 933.000000 0.000000 138.000000 65.000000
2.0500 22.9400 10.5500 935.000000 0.000000 137.000000 66.000000
2.0600 22.9400 10.5500 942.000000 0.000000 137.000000 66.000000
2.0700 22.9400 10.5500 941.000000 0.000000 137.000000 66.000000
2.0800 22.9400 10.5500 947.000000 0.000000 137.000000 66.000000
2.0900 22.9400 10.5500 951.000000 0.000000 137.000000 66.000000
2.1000 22.9400 10.5500 951.000000 0.000000 137.000000 66.000000
2.1100 22.9400 10.5500 933.000000 0.000000 137.000000 67.000000
2.1200 22.9400 10.6100 933.000000 0.000000 137.000000 67.000000
2.1300 22.9400 10.6100 933.000000 0.000000 137.000000 67.000000
2.1400 22.9400 10.6100 934.000000 0.000000 137.000000 67.000000
2.1500 22.9400 10.6100 934.000000 0.000000 135.000000 67.000000
2.1600 22.9400 10.6100 951.000000 0.000000 135.000000 67.000000
2.1700 22.9400 10.6100 948.000000 0.000000 135.000000 67.000000
2.1800 22.9400 10.6100 942.000000 0.000000 135.000000 67.000000
2.1900 22.9400 10.6100 941.000000 0.000000 135.000000 67.000000
2.2000 22.9400 10.6100 935.000000 0.000000 135.000000 67.000000
2.2100 22.9400 10.6100 933.000000 0.000000 135.000000 67.000000
2.2200 22.9400 10.6100 933.000000 0.000000 135.000000 67.000000
2.2300 22.9400 10.6100 932.000000 0.000000 135.000000 67.000000
2.2400 22.9400 10.6100 924.000000 0.000000 135.000000 65.000000
2.2500 22.9400 10.6100 915.000000 0.000000 135.000000 65.000000
2.2600 22.9900 10.5500 903.000000 0.000000 135.000000 65.000000
2.2700 22.9900 10.5500 909.000000 0.000000 137.000000 65.000000
2.2800 22.9900 10.5500 899.000000 0.000000 137.000000 65.000000
2.2900 22.9900 10.5500 893.000000 0.000000 137.000000 65.000000
2.3000 22.9900 10.5500 893.000000 0.000000 137.000000 65.000000
2.3100 22.9900 10.5500 894.000000 0.000000 137.000000 65.000000
2.3200 22.9900 10.5500 896.000000 0.000000 137.000000 65.000000
2.3300 22.9900 10.5500 896.000000 0.000000 137.000000 65.000000
2.3400 22.9900 10.5500 896.000000 0.000000 137.000000 65.000000
2.3500 22.9900 10.5500 894.000000 0.000000 137.000000 65.000000
2.3600 22.9900 10.5500 891.000000 0.000000 137.000000 65.000000
2.3700 22.9900 10.5500 887.000000 0.000000 137.000000 65.000000
2.3800 22.9900 10.5500 879.000000 0.000000 137.000000 65.000000
2.3900 22.9900 10.5500 872.000000 0.000000 137.000000 65.000000
2.4000 22.9900 10.5500 869.000000 0.000000 137.000000 65.000000
2.4100 22.9900 10.5500 866.000000 0.000000 137.000000 65.000000
2.4200 22.9900 10.5500 869.000000 0.000000 137.000000 65.000000
2.4300 22.9900 10.5500 864.000000 0.000000 135.000000 64.000000
2.4400 22.9900 10.5500 864.000000 0.000000 135.000000 64.000000
2.4500 22.9900 10.5500 864.000000 0.000000 135.000000 64.000000
2.4600 22.9900 10.5500 863.000000 0.000000 135.000000 64.000000
2.4700 22.9900 10.5500 860.000000 0.000000 135.000000 64.000000
2.4800 22.9900 10.5500 864.000000 0.000000 135.000000 64.000000
2.4900 22.9900 10.5500 860.000000 0.000000 135.000000 64.000000
2.5000 22.9900 10.5500 857.000000 0.000000 135.000000 64.000000
2.5100 22.9900 10.5500 857.000000 0.000000 135.000000 64.000000
2.5200 22.9900 10.5500 855.000000 0.000000 135.000000 64.000000
2.5300 22.9900 10.5500 857.000000 0.000000 135.000000 64.000000
2.5400 22.9900 10.5500 854.000000 0.000000 135.000000 64.000000
2.5500 22.9900 10.5500 855.000000 0.000000 135.000000 64.000000
2.5600 22.9900 10.5500 852.000000 0.000000 135.000000 64.000000
2.5700 22.9900 10.5500 851.000000 0.000000 135.000000 64.000000
2.5800 22.9900 10.5500 851.000000 0.000000 135.000000 64.000000
2.5900 22.9900 10.5500 851.000000 0.000000 135.000000 64.000000
2.6000 22.9900 10.5500 852.000000 0.000000 135.000000 64.000000
2.6100 22.9900 10.5500 849.000000 0.000000 135.000000 64.000000
2.6200 22.9900 10.5500 846.000000 0.000000 135.000000 64.000000
2.6300 22.9900 10.5500 842.000000 0.000000 135.000000 64.000000
2.6400 22.9900 10.5500 836.000000 0.000000 135.000000 64.000000
2.6500 22.9900 10.5500 833.000000 0.000000 135.000000 64.000000
2.6600 22.9900 10.5500 830.000000 0.000000 135.000000 64.000000
2.6700 22.9900 10.5500 830.000000 0.000000 135.000000 64.000000
2.6800 22.9900 10.5500 830.000000 0.000000 135.000000 64.000000
2.6900 22.9900 10.5500 828.000000 0.000000 135.000000 64.000000
2.7000 22.9900 10.5500 828.000000 0.000000 135.000000 64.000000
2.7100 22.9900 10.5500 828.000000 0.000000 137.000000 63.000000
2.7200 22.9900 10.5500 825.000000 0.000000 137.000000 63.000000
2.7300 22.9900 10.5500 824.000000 0.000000 137.000000 63.000000
2.7400 22.9900 10.5500 800.000000 0.000000 137.000000 63.000000
2.7500 22.9900 10.5500 794.000000 0.000000 137.000000 63.000000
2.7600 22.9900 10.5500 777.000000 0.000000 137.000000 63.000000
2.7700 22.9900 10.5500 759.000000 0.000000 137.000000 63.000000
2.7800 22.9900 10.5500 754.000000 0.000000 137.000000 63.000000
2.7900 22.9900 10.5500 745.000000 0.000000 137.000000 63.000000
2.8000 22.9900 10.6100 734.000000 0.000000 137.000000 63.000000
2.8100 22.9900 10.7500 700.000000 0.000000 137.000000 63.000000
2.8200 22.9900 10.9800 696.000000 0.000000 137.000000 63.000000
2.8300 22.9900 11.1600 690.000000 0.000000 137.000000 63.000000
2.8400 22.9900 11.3900 702.000000 0.000000 137.000000 63.000000
2.8500 22.9900 11.6500 679.000000 0.000000 137.000000 63.000000
2.8600 22.9900 11.9500 673.000000 0.000000 137.000000 63.000000
2.8700 23.1200 12.2400 659.000000 0.000000 137.000000 63.000000
2.8800 23.2000 12.4100 644.000000 0.000000 137.000000 63.000000
2.8900 23.2600 12.5000 637.000000 0.000000 137.000000 63.000000
2.9000 23.2600 12.5000 647.000000 0.000000 137.000000 63.000000
2.9100 23.2600 12.5000 645.000000 0.000000 137.000000 63.000000
2.9200 23.2600 12.5000 647.000000 0.000000 137.000000 63.000000
2.9300 23.2600 12.5000 647.000000 0.000000 137.000000 63.000000
2.9400 23.2600 12.5000 647.000000 0.000000 137.000000 63.000000
2.9500 23.2600 12.5000 645.000000 0.000000 137.000000 63.000000
2.9600 23.2600 12.5000 647.000000 0.000000 137.000000 63.000000
2.9700 23.2600 12.5000 645.000000 0.000000 137.000000 63.000000
2.9800 23.2600 12.5000 645.000000 0.000000 137.000000 63.000000
2.9900 23.2600 12.5000 645.000000 0.000000 137.000000 63.000000
3.0000 23.2600 12.5000 645.000000 0.000000 137.000000 63.000000
3.0100 23.2600 12.5000 647.000000 0.000000 138.000000 63.000000
3.0200 23.3800 12.2100 638.000000 0.000000 137.000000 63.000000
3.0300 23.3800 12.1400 643.000000 0.000000 137.000000 63.000000
3.0400 23.3100 11.8900 646.000000 0.000000 137.000000 63.000000
3.0500 23.2400 11.5400 646.000000 0.000000 137.000000 63.000000
3.0600 23.1500 11.2300 650.000000 0.000000 137.000000 63.000000
3.0700 23.0400 10.9000 650.000000 0.000000 137.000000 63.000000
3.0800 22.9700 10.5500 650.000000 0.000000 137.000000 63.000000
3.0900 22.9200 10.3500 652.000000 0.000000 137.000000 63.000000
3.1000 22.9200 10.2500 652.000000 0.000000 137.000000 63.000000
3.1100 22.9700 10.0100 652.000000 0.000000 137.000000 63.000000
3.1200 22.9700 9.8100 653.000000 0.000000 137.000000 63.000000
3.1300 23.0800 9.6700 652.000000 0.000000 137.000000 63.000000
3.1400 23.1700 9.5100 653.000000 0.000000 138.000000 64.000000
3.1500 23.3100 9.3900 653.000000 0.000000 138.000000 64.000000
3.1600 23.4600 9.3000 650.000000 0.000000 138.000000 64.000000
3.1700 23.6800 9.2200 650.000000 0.000000 140.000000 65.000000
3.1800 23.9100 9.2200 646.000000 0.000000 141.000000 64.000000
3.1900 24.1500 9.2200 644.000000 0.000000 141.000000 64.000000
3.2000 24.3800 9.2200 643.000000 0.000000 140.000000 65.000000
3.2100 24.6100 9.2800 641.000000 0.000000 140.000000 65.000000
3.2200 24.8100 9.3500 636.000000 0.000000 142.000000 65.000000
3.2300 25.0000 9.4800 645.000000 0.000000 142.000000 65.000000
3.2400 25.2200 9.6000 630.000000 0.000000 142.000000 65.000000
3.2500 25.4300 9.7500 624.000000 0.000000 140.000000 66.000000
3.2600 25.6200 9.9300 619.000000 0.000000 140.000000 66.000000
3.2700 25.8000 10.0800 606.000000 0.000000 142.000000 66.000000
3.2800 25.9000 10.2700 595.000000 0.000000 142.000000 66.000000
3.2900 25.9500 10.5000 591.000000 0.000000 142.000000 66.000000
3.3000 25.9500 10.7300 581.000000 0.000000 140.000000 67.000000
3.3100 25.9500 10.9600 580.000000 0.000000 140.000000 67.000000
3.3200 25.8400 11.0900 578.000000 0.000000 140.000000 67.000000
3.3300 25.7700 11.1500 567.000000 0.000000 140.000000 67.000000
3.3400 25.6900 11.2700 546.000000 0.000000 140.000000 67.000000
3.3500 25.5600 11.4000 527.000000 0.000000 140.000000 67.000000
3.3600 25.4100 11.5500 510.000000 0.000000 140.000000 67.000000
3.3700 25.2000 11.7000 481.000000 0.000000 140.000000 67.000000
3.3800 24.9600 11.8100 467.000000 0.000000 140.000000 67.000000
3.3900 24.7000 11.8100 443.000000 0.000000 140.000000 67.000000
3.4000 24.4500 11.8100 438.000000 0.000000 140.000000 66.000000
3.4100 24.2200 11.8100 438.000000 0.000000 140.000000 66.000000
3.4200 24.0500 11.8100 444.000000 0.000000 140.000000 66.000000
3.4300 23.9500 11.8600 447.000000 0.000000 138.000000 65.000000
3.4400 23.9500 11.8600 456.000000 0.000000 138.000000 65.000000
3.4500 23.9500 11.7900 469.000000 0.000000 138.000000 65.000000
3.4600 23.9500 11.7000 481.000000 0.000000 137.000000 65.000000
3.4700 24.0900 11.5800 496.000000 0.000000 138.000000 64.000000
3.4800 24.2000 11.4800 497.000000 0.000000 138.000000 64.000000
3.4900 24.2900 11.4800 502.000000 0.000000 138.000000 64.000000
3.5000 24.3700 11.4800 507.000000 0.000000 138.000000 64.000000
3.5100 24.4800 11.4100 514.000000 0.000000 138.000000 64.000000
3.5200 24.6000 11.4100 519.000000 0.000000 138.000000 64.000000
3.5300 24.8500 11.4700 520.000000 0.000000 138.000000 65.000000
3.5400 25.1900 11.6000 519.000000 0.000000 138.000000 65.000000
3.5500 25.5500 11.7300 518.000000 0.000000 138.000000 65.000000
3.5600 25.9000 11.8500 522.000000 0.000000 140.000000 66.000000
3.5700 26.2400 11.9400 524.000000 0.000000 140.000000 66.000000
3.5800 26.5300 12.0300 522.000000 0.000000 140.000000 66.000000
3.5900 26.7900 12.0900 526.000000 0.000000 140.000000 66.000000
3.6000 26.8500 12.0900 527.000000 0.000000 139.000000 67.000000
3.6100 26.9300 12.0900 527.000000 0.000000 139.000000 67.000000
3.6200 27.0200 12.1900 532.000000 0.000000 137.000000 66.000000
3.6300 27.1800 12.2700 533.000000 0.000000 137.000000 66.000000
3.6400 27.3100 12.3500 535.000000 0.000000 135.000000 65.000000
3.6500 27.3800 12.4100 538.000000 0.000000 135.000000 65.000000
3.6600 27.3800 12.4100 546.000000 0.000000 135.000000 65.000000
3.6700 27.4300 12.4600 551.000000 0.000000 133.000000 65.000000
3.6800 27.4300 12.4600 559.000000 0.000000 133.000000 65.000000
3.6900 27.4300 12.4600 564.000000 0.000000 133.000000 65.000000
3.7000 27.4300 12.4600 565.000000 0.000000 133.000000 65.000000
3.7100 27.4300 12.4600 564.000000 0.000000 133.000000 65.000000
3.7200 27.4300 12.4600 567.000000 0.000000 133.000000 65.000000
3.7300 27.4300 12.4600 567.000000 0.000000 133.000000 65.000000
3.7400 27.4300 12.4600 570.000000 0.000000 133.000000 65.000000
3.7500 27.4300 12.4600 570.000000 0.000000 133.000000 65.000000
3.7600 27.4300 12.4600 572.000000 0.000000 133.000000 65.000000
3.7700 27.4300 12.4600 581.000000 0.000000 133.000000 65.000000
3.7800 27.4300 12.4600 588.000000 0.000000 133.000000 65.000000
3.7900 27.4300 12.4600 589.000000 0.000000 133.000000 65.000000
3.8000 27.4300 12.4600 591.000000 0.000000 133.000000 65.000000
3.8100 27.4300 12.4600 591.000000 0.000000 133.000000 65.000000
3.8200 27.4300 12.4600 595.000000 0.000000 133.000000 65.000000
3.8300 27.4300 12.4600 595.000000 0.000000 133.000000 65.000000
3.8400 27.4300 12.4600 594.000000 0.000000 133.000000 65.000000
3.8500 27.4300 12.4600 595.000000 0.000000 133.000000 65.000000
3.8600 27.4300 12.4600 595.000000 0.000000 133.000000 65.000000
3.8700 27.4300 12.4600 592.000000 0.000000 133.000000 65.000000
3.8800 27.4300 12.4600 595.000000 0.000000 133.000000 65.000000
3.8900 27.4300 12.4600 595.000000 0.000000 133.000000 65.000000
3.9000 27.4300 12.3900 589.000000 0.000000 133.000000 65.000000
3.9100 27.3700 12.2800 602.000000 0.000000 133.000000 65.000000
3.9200 27.2700 11.9500 605.000000 0.000000 133.000000 65.000000
3.9300 27.1700 11.5000 611.000000 0.000000 133.000000 65.000000
3.9400 27.1200 11.1900 609.000000 0.000000 132.000000 65.000000
3.9500 27.1800 10.9800 614.000000 0.000000 132.000000 65.000000
3.9600 27.3100 10.8400 610.000000 0.000000 132.000000 65.000000
3.9700 27.4700 10.6600 617.000000 0.000000 132.000000 65.000000
3.9800 27.7000 10.5700 631.000000 0.000000 132.000000 65.000000
3.9900 27.9700 10.5700 645.000000 0.000000 130.000000 66.000000
4.0000 28.2800 10.5100 636.000000 0.000000 130.000000 66.000000
4.0100 28.5900 10.5100 644.000000 0.000000 130.000000 66.000000
4.0200 28.9700 10.6200 647.000000 0.000000 130.000000 66.000000
4.0300 29.2600 10.6700 646.000000 0.000000 130.000000 66.000000
4.0400 29.4900 10.8300 646.000000 0.000000 130.000000 66.000000
4.0500 29.7700 11.0700 643.000000 0.000000 130.000000 66.000000
4.0600 30.0300 11.4100 641.000000 0.000000 128.000000 66.000000
4.0700 30.2100 11.8100 638.000000 0.000000 128.000000 66.000000
4.0800 30.3400 12.2400 647.000000 0.000000 128.000000 66.000000
4.0900 30.5000 12.8000 638.000000 0.000000 128.000000 66.000000
4.1000 30.6000 13.4200 631.000000 0.000000 128.000000 66.000000
4.1100 30.6500 14.0900 617.000000 0.000000 128.000000 66.000000
4.1200 30.6500 14.5700 620.000000 0.000000 130.000000 66.000000
4.1300 30.4500 14.7700 619.000000 0.000000 130.000000 66.000000
4.1400 30.1700 14.7700 605.000000 0.000000 132.000000 65.000000
4.1500 29.5400 14.6500 597.000000 0.000000 133.000000 65.000000
4.1600 28.7700 14.2600 591.000000 0.000000 133.000000 65.000000
4.1700 27.9000 13.7000 595.000000 0.000000 135.000000 64.000000
4.1800 27.2100 12.9700 595.000000 0.000000 135.000000 64.000000
4.1900 26.8500 12.3000 595.000000 0.000000 135.000000 64.000000
4.2000 26.7200 11.6600 589.000000 0.000000 135.000000 64.000000
4.2100 27.0300 11.1600 588.000000 0.000000 135.000000 64.000000
4.2200 27.6100 10.8000 592.000000 0.000000 135.000000 64.000000
4.2300 28.3600 10.5300 591.000000 0.000000 133.000000 65.000000
4.2400 29.2000 10.4800 595.000000 0.000000 133.000000 65.000000
4.2500 29.7800 10.3900 586.000000 0.000000 135.000000 65.000000
4.2600 30.1800 10.2600 594.000000 0.000000 133.000000 66.000000
4.2700 30.1800 10.1200 603.000000 0.000000 133.000000 66.000000
4.2800 29.9700 9.9600 595.000000 0.000000 135.000000 67.000000
4.2900 29.5300 9.7400 589.000000 0.000000 135.000000 67.000000
4.3000 28.7400 9.4400 588.000000 0.000000 135.000000 67.000000
4.3100 27.8100 9.1600 595.000000 0.000000 135.000000 67.000000
4.3200 26.7900 8.8800 599.000000 0.000000 137.000000 67.000000
4.3300 25.7400 8.5300 614.000000 0.000000 139.000000 67.000000
4.3400 24.7600 8.2000 620.000000 0.000000 139.000000 67.000000
4.3500 23.9000 7.8900 611.000000 0.000000 140.000000 66.000000
4.3600 23.0800 7.6400 616.000000 0.000000 142.000000 65.000000
4.3700 22.3000 7.5100 613.000000 0.000000 143.000000 64.000000
4.3800 21.5900 7.4500 611.000000 0.000000 146.000000 64.000000
4.3900 20.9400 7.5900 613.000000 0.000000 148.000000 63.000000
4.4000 20.6300 7.9200 594.000000 0.000000 149.000000 63.000000
4.4100 20.5500 8.3700 554.000000 0.000000 149.000000 63.000000
4.4200 20.9700 9.2200 519.000000 0.000000 150.000000 62.000000
4.4300 21.8700 10.1300 524.000000 0.000000 149.000000 63.000000
4.4400 23.0900 11.0700 536.000000 0.000000 147.000000 62.000000
4.4500 23.9400 11.6400 551.000000 0.000000 147.000000 62.000000
4.4600 24.3800 12.0000 551.000000 0.000000 146.000000 63.000000
4.4700 24.5500 12.2200 542.000000 0.000000 145.000000 64.000000
4.4800 24.3800 12.3600 537.000000 0.000000 145.000000 64.000000
4.4900 23.7200 12.4500 529.000000 0.000000 143.000000 64.000000
4.5000 22.7200 12.2000 519.000000 0.000000 143.000000 64.000000
4.5100 21.1700 11.7500 512.000000 0.000000 143.000000 64.000000
4.5200 19.2400 11.0600 530.000000 0.000000 145.000000 64.000000
4.5300 17.0500 10.3600 546.000000 0.000000 146.000000 64.000000
4.5400 14.7800 9.6300 577.000000 0.000000 150.000000 64.000000
4.5500 12.7100 8.8300 595.000000 0.000000 155.000000 63.000000
4.5600 10.7700 7.8900 630.000000 0.000000 158.000000 62.000000
4.5700 8.9100 6.9100 652.000000 0.000000 163.000000 61.000000
4.5800 7.9500 6.1500 647.000000 0.000000 169.000000 61.000000
4.5900 7.5900 5.5500 645.000000 0.000000 173.000000 59.000000
4.6000 7.8300 5.1300 644.000000 0.000000 177.000000 57.000000
4.6100 8.9000 4.8500 645.000000 0.000000 180.000000 56.000000
4.6200 10.5200 4.6700 644.000000 0.000000 180.000000 56.000000
4.6300 12.9100 4.6700 663.000000 0.000000 181.000000 55.000000
4.6400 15.7800 5.0400 688.000000 0.000000 181.000000 56.000000
4.6500 18.9600 5.5900 693.000000 0.000000 180.000000 56.000000
4.6600 22.3000 6.2400 697.000000 0.000000 178.000000 57.000000
4.6700 25.2700 6.8500 702.000000 0.000000 177.000000 58.000000
4.6800 27.9800 7.1700 733.000000 0.000000 173.000000 59.000000
4.6900 29.7900 7.3000 749.000000 0.000000 170.000000 60.000000
4.7000 31.0500 7.4100 761.000000 0.000000 165.000000 61.000000
4.7100 31.9400 7.4700 753.000000 0.000000 161.000000 62.000000
4.7200 32.4900 7.4700 750.000000 0.000000 156.000000 62.000000
4.7300 32.8100 7.5300 748.000000 0.000000 155.000000 63.000000
4.7400 32.9700 7.6000 745.000000 0.000000 153.000000 63.000000
4.7500 32.9700 7.6000 731.000000 0.000000 151.000000 64.000000
4.7600 32.8800 7.6000 702.000000 0.000000 152.000000 65.000000
4.7700 32.7800 7.6500 655.000000 0.000000 152.000000 65.000000
4.7800 32.6800 7.6500 591.000000 0.000000 152.000000 65.000000
4.7900 32.6300 7.6500 428.000000 0.000000 152.000000 65.000000
4.8000 32.6300 7.6500 91.000000 0.000000 152.000000 65.000000
