0.0000 47.9000 29.4600 44.000000 1.000000 126.000000 66.000000
0.0100 47.9000 29.4600 90.000000 0.000000 126.000000 66.000000
0.0200 47.8900 29.7500 161.000000 0.000000 126.000000 66.000000
0.0300 47.8900 29.7500 233.000000 0.000000 126.000000 66.000000
0.0400 47.8900 29.6800 267.000000 0.000000 126.000000 66.000000
0.0500 47.7800 29.4800 281.000000 0.000000 128.000000 66.000000
0.0600 47.8300 29.1900 286.000000 0.000000 128.000000 66.000000
0.0700 47.8900 28.8300 292.000000 0.000000 128.000000 66.000000
0.0800 47.9600 28.5100 301.000000 0.000000 128.000000 66.000000
0.0900 48.0400 28.2200 297.000000 0.000000 128.000000 66.000000
0.1000 48.1100 28.0300 302.000000 0.000000 128.000000 66.000000
0.1100 48.1600 27.9700 311.000000 0.000000 126.000000 67.000000
0.1200 48.1600 27.9700 304.000000 0.000000 128.000000 68.000000
0.1300 48.1600 28.0500 304.000000 0.000000 128.000000 68.000000
0.1400 48.0600 28.2800 305.000000 0.000000 128.000000 68.000000
0.1500 48.0000 28.6200 317.000000 0.000000 128.000000 68.000000
0.1600 48.0000 29.0800 327.000000 0.000000 128.000000 68.000000
0.1700 48.0900 29.5800 329.000000 0.000000 128.000000 68.000000
0.1800 48.3300 30.1100 329.000000 0.000000 128.000000 68.000000
0.1900 48.6100 30.5200 329.000000 0.000000 130.000000 67.000000
0.2000 48.9100 30.7600 329.000000 0.000000 130.000000 67.000000
0.2100 49.2700 30.9000 324.000000 0.000000 131.000000 67.000000
0.2200 49.6300 30.9600 309.000000 0.000000 133.000000 67.000000
0.2300 49.9300 30.8200 254.000000 0.000000 133.000000 67.000000
0.2400 50.1800 30.5400 156.000000 0.000000 135.000000 67.000000
0.2500 50.2300 30.0200 139.000000 0.000000 135.000000 67.000000
0.2600 50.0800 29.5000 141.000000 0.000000 135.000000 67.000000
0.2700 49.7900 29.0300 131.000000 0.000000 133.000000 67.000000
0.2800 49.3300 28.6000 141.000000 0.000000 133.000000 67.000000
0.2900 48.9100 28.3400 148.000000 0.000000 133.000000 67.000000
0.3000 48.5600 28.1600 131.000000 0.000000 131.000000 68.000000
0.3100 48.3400 28.0400 89.000000 0.000000 131.000000 68.000000
0.3200 48.3400 28.0400 0.000000 1.000000 129.000000 68.000000
0.3300 48.3400 28.1000 0.000000 0.000000 129.000000 68.000000
0.3400 48.5800 28.2500 0.000000 0.000000 129.000000 68.000000
0.3500 48.9500 28.4800 0.000000 0.000000 129.000000 68.000000
0.3600 49.4200 28.6800 0.000000 0.000000 129.000000 68.000000
0.3700 49.9400 28.8500 0.000000 0.000000 129.000000 68.000000
0.3800 50.4100 28.9700 0.000000 0.000000 129.000000 68.000000
0.3900 50.8400 29.0700 0.000000 0.000000 129.000000 68.000000
0.4000 51.1300 29.1500 0.000000 0.000000 129.000000 68.000000
0.4100 51.3400 29.2300 0.000000 0.000000 128.000000 68.000000
0.4200 51.4900 29.3200 0.000000 0.000000 128.000000 68.000000
0.4300 51.7700 29.4000 0.000000 0.000000 130.000000 67.000000
0.4400 51.7700 29.4000 51.000000 1.000000 130.000000 67.000000
0.4500 51.4400 29.5200 100.000000 0.000000 130.000000 67.000000
0.4600 51.2700 29.5200 180.000000 0.000000 130.000000 67.000000
0.4700 51.1000 29.5200 252.000000 0.000000 130.000000 67.000000
0.4800 50.9200 29.3600 294.000000 0.000000 130.000000 67.000000
0.4900 50.7300 29.1900 317.000000 0.000000 130.000000 67.000000
0.5000 50.6300 29.0000 324.000000 0.000000 131.000000 67.000000
0.5100 50.5700 28.8100 339.000000 0.000000 131.000000 67.000000
0.5200 50.5700 28.6400 334.000000 0.000000 131.000000 67.000000
0.5300 50.6300 28.5600 329.000000 0.000000 130.000000 67.000000
0.5400 50.7900 28.5600 327.000000 0.000000 130.000000 67.000000
0.5500 51.0300 28.6300 334.000000 0.000000 130.000000 67.000000
0.5600 51.2800 28.7700 339.000000 0.000000 130.000000 67.000000
0.5700 51.5200 28.9300 333.000000 0.000000 130.000000 67.000000
0.5800 51.6700 29.0100 341.000000 0.000000 130.000000 67.000000
0.5900 51.7600 29.0600 359.000000 0.000000 130.000000 67.000000
0.6000 51.8700 29.0600 361.000000 0.000000 131.000000 68.000000
0.6100 51.9600 28.9900 343.000000 0.000000 131.000000 68.000000
0.6200 52.0500 28.9000 262.000000 0.000000 133.000000 67.000000
0.6300 52.0500 28.9000 83.000000 0.000000 133.000000 67.000000
0.6400 52.0500 28.9000 0.000000 1.000000 133.000000 67.000000
0.6500 52.3700 28.5600 0.000000 0.000000 131.000000 68.000000
0.6600 52.4500 28.4900 0.000000 0.000000 131.000000 68.000000
0.6700 52.5100 28.4900 0.000000 0.000000 131.000000 68.000000
0.6800 52.6400 28.4900 0.000000 0.000000 128.000000 68.000000
0.6900 52.7600 28.5600 0.000000 0.000000 128.000000 68.000000
0.7000 52.8600 28.7100 0.000000 0.000000 128.000000 68.000000
0.7100 53.0000 28.8900 0.000000 0.000000 128.000000 68.000000
0.7200 53.1400 29.0800 0.000000 0.000000 128.000000 68.000000
0.7300 53.1400 29.0800 101.000000 1.000000 128.000000 68.000000
0.7400 53.2100 29.3700 203.000000 0.000000 128.000000 68.000000
0.7500 53.2100 29.4200 302.000000 0.000000 130.000000 67.000000
0.7600 53.2100 29.4200 362.000000 0.000000 130.000000 67.000000
0.7700 53.2100 29.4200 412.000000 0.000000 130.000000 67.000000
0.7800 53.2600 29.4200 458.000000 0.000000 131.000000 67.000000
0.7900 53.3300 29.2500 467.000000 0.000000 131.000000 67.000000
0.8000 53.4000 29.1000 468.000000 0.000000 131.000000 67.000000
0.8100 53.4000 29.1000 475.000000 0.000000 131.000000 67.000000
0.8200 53.6500 28.7800 481.000000 0.000000 131.000000 67.000000
0.8300 53.8300 28.6400 481.000000 0.000000 131.000000 67.000000
0.8400 53.9200 28.6400 481.000000 0.000000 131.000000 67.000000
0.8500 53.9200 28.6400 478.000000 0.000000 131.000000 67.000000
0.8600 54.0100 28.7100 478.000000 0.000000 130.000000 67.000000
0.8700 54.0700 28.8500 475.000000 0.000000 130.000000 67.000000
0.8800 54.1400 29.0200 475.000000 0.000000 130.000000 67.000000
0.8900 54.1400 29.1700 475.000000 0.000000 130.000000 67.000000
0.9000 54.1400 29.3200 456.000000 0.000000 130.000000 67.000000
0.9100 54.1400 29.4600 423.000000 0.000000 130.000000 67.000000
0.9200 54.0900 29.5900 361.000000 0.000000 131.000000 67.000000
0.9300 54.0900 29.6800 240.000000 0.000000 131.000000 67.000000
0.9400 54.0900 29.6800 0.000000 1.000000 131.000000 67.000000
0.9500 54.0900 29.7400 0.000000 0.000000 131.000000 67.000000
0.9600 54.1700 29.8000 0.000000 0.000000 131.000000 67.000000
0.9700 54.2300 29.8000 0.000000 0.000000 131.000000 67.000000
0.9800 54.2300 29.8000 0.000000 0.000000 131.000000 67.000000
0.9900 54.4900 29.8000 0.000000 0.000000 133.000000 67.000000
1.0000 54.6100 29.8000 0.000000 0.000000 133.000000 67.000000
1.0100 54.7100 29.8000 0.000000 0.000000 133.000000 67.000000
1.0200 54.8000 29.7300 0.000000 0.000000 133.000000 67.000000
1.0300 54.8000 29.6800 0.000000 0.000000 133.000000 67.000000
1.0400 54.8000 29.6800 32.000000 1.000000 133.000000 67.000000
1.0500 54.8000 29.6800 180.000000 0.000000 133.000000 67.000000
1.0600 54.8000 29.6800 272.000000 0.000000 133.000000 67.000000
1.0700 54.8000 29.6800 340.000000 0.000000 133.000000 67.000000
1.0800 54.8000 29.6800 354.000000 0.000000 133.000000 67.000000
1.0900 54.9700 29.4300 363.000000 0.000000 133.000000 67.000000
1.1000 54.9700 29.3200 359.000000 0.000000 133.000000 67.000000
1.1100 55.0200 29.2000 334.000000 0.000000 133.000000 67.000000
1.1200 55.0200 29.0800 274.000000 0.000000 133.000000 67.000000
1.1300 55.0200 28.9900 190.000000 0.000000 133.000000 67.000000
1.1400 55.0700 28.9200 103.000000 0.000000 133.000000 67.000000
1.1500 55.0700 28.9200 0.000000 1.000000 135.000000 68.000000
1.1600 55.2400 28.7800 0.000000 0.000000 135.000000 68.000000
1.1700 55.3700 28.7300 0.000000 0.000000 135.000000 68.000000
1.1800 55.5500 28.7300 0.000000 0.000000 133.000000 69.000000
1.1900 55.7700 28.7300 0.000000 0.000000 133.000000 69.000000
1.2000 55.9900 28.7300 0.000000 0.000000 133.000000 69.000000
1.2100 56.2100 28.7300 0.000000 0.000000 135.000000 69.000000
1.2200 56.3900 28.8900 0.000000 0.000000 135.000000 69.000000
1.2300 56.5400 29.0100 0.000000 0.000000 135.000000 69.000000
1.2400 56.6000 29.2200 0.000000 0.000000 135.000000 69.000000
1.2500 56.6000 29.2200 63.000000 1.000000 139.000000 69.000000
1.2600 56.3800 29.6800 101.000000 0.000000 139.000000 69.000000
1.2700 56.2000 29.7500 173.000000 0.000000 139.000000 69.000000
1.2800 55.9900 29.7500 235.000000 0.000000 139.000000 69.000000
1.2900 55.7600 29.6200 265.000000 0.000000 139.000000 69.000000
1.3000 55.5800 29.4800 282.000000 0.000000 137.000000 69.000000
1.3100 55.5800 29.2900 302.000000 0.000000 137.000000 69.000000
1.3200 55.5800 29.0900 312.000000 0.000000 137.000000 69.000000
1.3300 55.7300 28.9000 309.000000 0.000000 137.000000 69.000000
1.3400 55.9000 28.8100 306.000000 0.000000 135.000000 68.000000
1.3500 56.2100 28.8100 309.000000 0.000000 135.000000 68.000000
1.3600 56.5900 28.8900 312.000000 0.000000 135.000000 68.000000
1.3700 56.8500 29.0500 307.000000 0.000000 137.000000 69.000000
1.3800 57.0300 29.2400 344.000000 0.000000 137.000000 69.000000
1.3900 57.1600 29.5000 367.000000 0.000000 137.000000 69.000000
1.4000 57.1600 29.8900 381.000000 0.000000 137.000000 69.000000
1.4100 57.1600 30.3600 369.000000 0.000000 139.000000 69.000000
1.4200 57.1000 31.0900 351.000000 0.000000 139.000000 69.000000
1.4300 56.9900 31.8000 344.000000 0.000000 139.000000 69.000000
1.4400 56.8900 32.4900 354.000000 0.000000 141.000000 68.000000
1.4500 56.8900 32.7200 368.000000 0.000000 141.000000 68.000000
1.4600 56.8200 32.7700 371.000000 0.000000 141.000000 68.000000
1.4700 56.8200 32.6900 394.000000 0.000000 142.000000 68.000000
1.4800 56.8200 32.3600 404.000000 0.000000 140.000000 67.000000
1.4900 56.8200 31.7700 405.000000 0.000000 140.000000 67.000000
1.5000 56.8200 31.0000 396.000000 0.000000 142.000000 66.000000
1.5100 56.9700 30.2200 373.000000 0.000000 142.000000 66.000000
1.5200 57.0700 29.5700 276.000000 0.000000 140.000000 67.000000
1.5300 57.1400 29.0100 99.000000 0.000000 142.000000 68.000000
1.5400 57.1400 29.0100 0.000000 1.000000 142.000000 68.000000
1.5500 57.3700 28.3000 0.000000 0.000000 141.000000 68.000000
1.5600 57.4800 28.1400 0.000000 0.000000 141.000000 68.000000
1.5700 57.6500 28.0700 0.000000 0.000000 139.000000 69.000000
1.5800 57.8700 28.0700 0.000000 0.000000 139.000000 69.000000
1.5900 58.1700 28.1800 0.000000 0.000000 137.000000 70.000000
1.6000 58.5500 28.3400 0.000000 0.000000 137.000000 70.000000
1.6100 59.0000 28.4500 0.000000 0.000000 133.000000 70.000000
1.6200 59.4500 28.5300 0.000000 0.000000 133.000000 70.000000
1.6300 59.8500 28.6100 0.000000 0.000000 131.000000 69.000000
1.6400 60.2100 28.6100 0.000000 0.000000 131.000000 69.000000
1.6500 60.4500 28.7000 0.000000 0.000000 131.000000 69.000000
1.6600 60.5300 28.7900 0.000000 0.000000 129.000000 68.000000
1.6700 60.5300 28.9300 0.000000 0.000000 129.000000 68.000000
1.6800 60.5300 28.9300 51.000000 1.000000 133.000000 69.000000
1.6900 60.2500 29.1700 122.000000 0.000000 133.000000 69.000000
1.7000 59.9900 29.2500 139.000000 0.000000 133.000000 69.000000
1.7100 59.8300 29.2500 205.000000 0.000000 137.000000 69.000000
1.7200 59.6700 29.2000 219.000000 0.000000 137.000000 69.000000
1.7300 59.5300 29.0200 249.000000 0.000000 137.000000 69.000000
1.7400 59.4400 28.7700 247.000000 0.000000 137.000000 69.000000
1.7500 59.4400 28.6000 259.000000 0.000000 137.000000 69.000000
1.7600 59.5600 28.4300 260.000000 0.000000 137.000000 69.000000
1.7700 59.7200 28.3800 269.000000 0.000000 137.000000 69.000000
1.7800 59.9500 28.3800 282.000000 0.000000 137.000000 69.000000
1.7900 60.1900 28.5900 312.000000 0.000000 137.000000 69.000000
1.8000 60.4200 28.8600 346.000000 0.000000 137.000000 69.000000
1.8100 60.6300 29.1800 371.000000 0.000000 137.000000 69.000000
1.8200 60.7700 29.5900 377.000000 0.000000 137.000000 69.000000
1.8300 60.8500 30.2200 374.000000 0.000000 137.000000 69.000000
1.8400 60.9100 30.9900 371.000000 0.000000 137.000000 69.000000
1.8500 60.9100 31.7700 374.000000 0.000000 139.000000 68.000000
1.8600 60.9100 32.3200 386.000000 0.000000 141.000000 68.000000
1.8700 60.9100 32.7100 394.000000 0.000000 142.000000 68.000000
1.8800 60.8500 32.7900 407.000000 0.000000 142.000000 68.000000
1.8900 60.8000 32.8500 410.000000 0.000000 142.000000 68.000000
1.9000 60.7200 32.7200 415.000000 0.000000 144.000000 67.000000
1.9100 60.6200 32.4700 415.000000 0.000000 144.000000 67.000000
1.9200 60.5000 31.8600 404.000000 0.000000 144.000000 67.000000
1.9300 60.4200 31.1400 379.000000 0.000000 144.000000 67.000000
1.9400 60.3700 30.3500 359.000000 0.000000 144.000000 67.000000
1.9500 60.4200 29.7200 307.000000 0.000000 144.000000 67.000000
1.9600 60.5500 29.2500 249.000000 0.000000 144.000000 67.000000
1.9700 60.7100 28.9000 219.000000 0.000000 142.000000 68.000000
1.9800 60.8800 28.6800 212.000000 0.000000 142.000000 68.000000
1.9900 61.1200 28.6000 210.000000 0.000000 142.000000 68.000000
2.0000 61.3900 28.6000 200.000000 0.000000 141.000000 68.000000
2.0100 61.6800 28.8000 195.000000 0.000000 139.000000 68.000000
2.0200 61.9900 29.0800 202.000000 0.000000 139.000000 68.000000
2.0300 62.1700 29.4300 207.000000 0.000000 139.000000 68.000000
2.0400 62.2700 29.6400 256.000000 0.000000 139.000000 68.000000
2.0500 62.1900 29.8000 284.000000 0.000000 139.000000 68.000000
2.0600 62.0000 29.8000 311.000000 0.000000 139.000000 68.000000
2.0700 61.7300 29.7000 339.000000 0.000000 139.000000 68.000000
2.0800 61.4500 29.5500 371.000000 0.000000 139.000000 68.000000
2.0900 61.2100 29.3900 379.000000 0.000000 139.000000 68.000000
2.1000 61.1400 29.2100 389.000000 0.000000 139.000000 68.000000
2.1100 61.1400 29.0300 386.000000 0.000000 139.000000 68.000000
2.1200 61.2600 28.9000 371.000000 0.000000 139.000000 68.000000
2.1300 61.4100 28.8000 345.000000 0.000000 139.000000 68.000000
2.1400 61.6500 28.8000 287.000000 0.000000 139.000000 68.000000
2.1500 61.9500 28.8000 132.000000 0.000000 139.000000 68.000000
2.1600 61.9500 28.8000 0.000000 1.000000 139.000000 68.000000
2.1700 62.5400 28.8500 0.000000 0.000000 139.000000 68.000000
2.1800 62.7700 28.9200 0.000000 0.000000 139.000000 68.000000
2.1900 62.9800 28.9900 0.000000 0.000000 139.000000 68.000000
2.2000 63.1600 28.9900 0.000000 0.000000 139.000000 68.000000
2.2100 63.1600 28.9900 0.000000 0.000000 139.000000 68.000000
2.2200 63.4400 29.1100 0.000000 0.000000 137.000000 67.000000
2.2300 63.5500 29.1100 0.000000 0.000000 137.000000 67.000000
2.2400 63.6400 29.2400 0.000000 0.000000 137.000000 67.000000
2.2500 63.7700 29.3800 0.000000 0.000000 137.000000 67.000000
2.2600 63.9000 29.5600 0.000000 0.000000 137.000000 67.000000
2.2700 64.0100 29.8300 0.000000 0.000000 137.000000 67.000000
2.2800 64.1100 30.1600 0.000000 0.000000 137.000000 67.000000
2.2900 64.1800 30.5800 0.000000 0.000000 137.000000 67.000000
2.3000 64.2300 31.0700 0.000000 0.000000 137.000000 67.000000
2.3100 64.2300 31.6000 0.000000 0.000000 139.000000 67.000000
2.3200 64.3300 32.1500 0.000000 0.000000 139.000000 67.000000
2.3300 64.3300 32.1500 68.000000 1.000000 139.000000 67.000000
2.3400 64.3800 32.8500 117.000000 0.000000 142.000000 66.000000
2.3500 64.3800 32.9200 163.000000 0.000000 142.000000 66.000000
2.3600 64.3800 32.8600 216.000000 0.000000 142.000000 66.000000
2.3700 64.3000 32.5100 250.000000 0.000000 144.000000 66.000000
2.3800 64.2200 31.9700 285.000000 0.000000 144.000000 66.000000
2.3900 64.1200 31.3100 273.000000 0.000000 144.000000 66.000000
2.4000 64.1200 30.6400 277.000000 0.000000 142.000000 66.000000
2.4100 64.0600 29.9800 259.000000 0.000000 142.000000 66.000000
2.4200 64.0600 29.4600 212.000000 0.000000 142.000000 66.000000
2.4300 64.1700 29.0300 186.000000 0.000000 140.000000 66.000000
2.4400 64.2700 28.7200 151.000000 0.000000 139.000000 67.000000
2.4500 64.4300 28.5700 98.000000 0.000000 139.000000 67.000000
2.4600 64.6300 28.5200 58.000000 0.000000 139.000000 67.000000
2.4700 64.8800 28.5800 56.000000 0.000000 137.000000 67.000000
2.4800 65.1400 28.7200 60.000000 0.000000 139.000000 68.000000
2.4900 65.3100 28.9100 55.000000 0.000000 139.000000 68.000000
2.5000 65.4200 29.0600 90.000000 0.000000 139.000000 68.000000
2.5100 65.4200 29.2200 141.000000 0.000000 139.000000 68.000000
2.5200 65.3300 29.3900 200.000000 0.000000 139.000000 68.000000
2.5300 65.1900 29.5100 235.000000 0.000000 139.000000 68.000000
2.5400 64.9900 29.5800 280.000000 0.000000 139.000000 68.000000
2.5500 64.8200 29.5800 299.000000 0.000000 139.000000 68.000000
2.5600 64.7200 29.4900 305.000000 0.000000 139.000000 68.000000
2.5700 64.6400 29.3500 305.000000 0.000000 139.000000 68.000000
2.5800 64.6400 29.1800 317.000000 0.000000 139.000000 68.000000
2.5900 64.6400 29.0500 337.000000 0.000000 139.000000 68.000000
2.6000 64.6400 28.9400 343.000000 0.000000 137.000000 67.000000
2.6100 64.7400 28.9400 353.000000 0.000000 137.000000 67.000000
2.6200 64.9500 28.9400 366.000000 0.000000 137.000000 67.000000
2.6300 65.1500 29.0000 371.000000 0.000000 137.000000 67.000000
2.6400 65.3500 29.0800 371.000000 0.000000 137.000000 67.000000
2.6500 65.5300 29.1500 373.000000 0.000000 137.000000 67.000000
2.6600 65.7000 29.1500 361.000000 0.000000 139.000000 68.000000
2.6700 65.9100 29.2100 333.000000 0.000000 139.000000 68.000000
2.6800 66.0600 29.2100 289.000000 0.000000 139.000000 68.000000
2.6900 66.1800 29.2100 175.000000 0.000000 139.000000 68.000000
2.7000 66.1800 29.2100 0.000000 1.000000 139.000000 68.000000
2.7100 66.3700 29.1200 0.000000 0.000000 140.000000 67.000000
2.7200 66.4700 29.0600 0.000000 0.000000 141.000000 68.000000
2.7300 66.6500 29.0600 0.000000 0.000000 141.000000 68.000000
2.7400 66.7900 29.0600 0.000000 0.000000 141.000000 68.000000
2.7500 66.9000 29.0600 0.000000 0.000000 143.000000 69.000000
2.7600 67.0200 29.0600 0.000000 0.000000 143.000000 69.000000
2.7700 67.1600 29.1800 0.000000 0.000000 145.000000 70.000000
2.7800 67.2800 29.3100 0.000000 0.000000 145.000000 70.000000
2.7900 67.3800 29.5100 0.000000 0.000000 145.000000 70.000000
2.8000 67.4300 29.7800 0.000000 0.000000 148.000000 70.000000
2.8100 67.4800 30.1100 0.000000 0.000000 148.000000 70.000000
2.8200 67.5400 30.4800 0.000000 0.000000 148.000000 70.000000
2.8300 67.5400 30.9100 0.000000 0.000000 149.000000 69.000000
2.8400 67.6100 31.3700 0.000000 0.000000 149.000000 69.000000
2.8500 67.6800 31.7900 0.000000 0.000000 151.000000 68.000000
2.8600 67.6800 31.7900 99.000000 1.000000 151.000000 68.000000
2.8700 67.8000 32.3700 131.000000 0.000000 151.000000 68.000000
2.8800 67.8500 32.4400 171.000000 0.000000 152.000000 68.000000
2.8900 67.9000 32.4400 265.000000 0.000000 152.000000 68.000000
2.9000 67.9000 32.1600 332.000000 0.000000 152.000000 68.000000
2.9100 67.8500 31.7700 387.000000 0.000000 152.000000 68.000000
2.9200 67.7900 31.1200 422.000000 0.000000 152.000000 68.000000
2.9300 67.7900 30.4300 436.000000 0.000000 152.000000 68.000000
2.9400 67.7900 29.7800 430.000000 0.000000 152.000000 68.000000
2.9500 67.9000 29.1700 396.000000 0.000000 151.000000 68.000000
2.9600 68.0000 28.7500 327.000000 0.000000 151.000000 68.000000
2.9700 68.1200 28.4600 215.000000 0.000000 151.000000 68.000000
2.9800 68.1200 28.2500 32.000000 0.000000 147.000000 69.000000
2.9900 68.1200 28.2500 0.000000 1.000000 147.000000 69.000000
3.0000 67.9900 28.2500 0.000000 0.000000 148.000000 70.000000
3.0100 67.7400 28.3900 0.000000 0.000000 148.000000 70.000000
3.0200 67.4300 28.6100 0.000000 0.000000 146.000000 71.000000
3.0300 67.1500 28.8900 0.000000 0.000000 146.000000 71.000000
3.0400 66.8700 29.2200 0.000000 0.000000 146.000000 71.000000
3.0500 66.6300 29.6300 0.000000 0.000000 146.000000 71.000000
3.0600 66.4800 30.0300 0.000000 0.000000 146.000000 71.000000
3.0700 66.4800 30.0300 143.000000 1.000000 148.000000 70.000000
3.0800 66.6000 30.6800 212.000000 0.000000 145.000000 70.000000
3.0900 66.6800 30.9400 226.000000 0.000000 147.000000 69.000000
3.1000 67.0300 31.2000 272.000000 0.000000 147.000000 69.000000
3.1100 67.5500 31.4700 335.000000 0.000000 148.000000 68.000000
3.1200 68.0500 31.7300 337.000000 0.000000 148.000000 68.000000
3.1300 68.5900 31.9900 273.000000 0.000000 148.000000 68.000000
3.1400 69.1800 32.2200 51.000000 0.000000 152.000000 68.000000
3.1500 69.1800 32.2200 0.000000 1.000000 152.000000 68.000000
3.1600 69.8800 32.2200 0.000000 0.000000 152.000000 68.000000
3.1700 69.9500 31.9800 0.000000 0.000000 153.000000 67.000000
3.1800 69.9500 31.7400 0.000000 0.000000 153.000000 67.000000
3.1900 70.0200 31.4600 0.000000 0.000000 153.000000 67.000000
3.2000 70.0200 31.1400 0.000000 0.000000 151.000000 66.000000
3.2100 70.0200 30.8000 0.000000 0.000000 150.000000 67.000000
3.2200 69.8900 30.4800 0.000000 0.000000 148.000000 67.000000
3.2300 69.8200 30.1800 0.000000 0.000000 148.000000 67.000000
3.2400 69.7300 29.9500 0.000000 0.000000 146.000000 66.000000
3.2500 69.6100 29.8200 0.000000 0.000000 144.000000 67.000000
3.2600 69.4800 29.7500 0.000000 0.000000 144.000000 67.000000
3.2700 69.4800 29.7500 141.000000 1.000000 144.000000 67.000000
3.2800 69.1600 29.5200 171.000000 0.000000 144.000000 67.000000
3.2900 68.9600 29.3800 235.000000 0.000000 145.000000 68.000000
3.3000 68.8300 29.1900 289.000000 0.000000 145.000000 68.000000
3.3100 68.7600 29.0100 335.000000 0.000000 147.000000 69.000000
3.3200 68.7600 28.8500 362.000000 0.000000 147.000000 69.000000
3.3300 68.9300 28.6700 398.000000 0.000000 147.000000 69.000000
3.3400 69.2000 28.5600 392.000000 0.000000 147.000000 69.000000
3.3500 69.5100 28.5000 404.000000 0.000000 145.000000 70.000000
3.3600 69.8200 28.5800 430.000000 0.000000 145.000000 70.000000
3.3700 70.1300 28.7200 449.000000 0.000000 145.000000 70.000000
3.3800 70.3200 28.8900 449.000000 0.000000 145.000000 70.000000
3.3900 70.4300 29.1200 435.000000 0.000000 145.000000 70.000000
3.4000 70.4300 29.3600 413.000000 0.000000 145.000000 70.000000
3.4100 70.2100 29.6200 364.000000 0.000000 145.000000 70.000000
3.4200 69.9100 29.7700 275.000000 0.000000 145.000000 70.000000
3.4300 69.6300 29.8800 129.000000 0.000000 145.000000 70.000000
3.4400 69.6300 29.8800 0.000000 1.000000 147.000000 69.000000
3.4500 69.3900 29.8800 0.000000 0.000000 147.000000 69.000000
3.4600 69.3900 29.8800 0.000000 0.000000 147.000000 69.000000
3.4700 69.4400 29.8800 0.000000 0.000000 147.000000 69.000000
3.4800 69.5800 29.8800 0.000000 0.000000 147.000000 69.000000
3.4900 69.7900 29.8300 0.000000 0.000000 147.000000 69.000000
3.5000 70.0300 29.8300 0.000000 0.000000 147.000000 69.000000
3.5100 70.0300 29.8300 0.000000 0.000000 147.000000 69.000000
3.5200 70.4500 29.8300 0.000000 0.000000 147.000000 69.000000
3.5300 70.5900 29.8300 0.000000 0.000000 145.000000 68.000000
3.5400 70.7500 29.7600 0.000000 0.000000 145.000000 68.000000
3.5500 70.7500 29.7600 103.000000 1.000000 145.000000 68.000000
3.5600 70.7500 29.7600 170.000000 0.000000 147.000000 69.000000
3.5700 70.7500 29.7600 215.000000 0.000000 147.000000 69.000000
3.5800 70.9500 29.4600 280.000000 0.000000 147.000000 69.000000
3.5900 71.0000 29.2900 312.000000 0.000000 147.000000 69.000000
3.6000 71.0000 29.1200 342.000000 0.000000 147.000000 69.000000
3.6100 71.0000 29.0000 354.000000 0.000000 147.000000 69.000000
3.6200 71.0600 28.9200 384.000000 0.000000 147.000000 69.000000
3.6300 71.0600 28.8500 396.000000 0.000000 147.000000 69.000000
3.6400 71.0600 28.8500 425.000000 0.000000 147.000000 69.000000
3.6500 71.0600 28.8500 441.000000 0.000000 147.000000 69.000000
3.6600 71.0600 28.9300 458.000000 0.000000 147.000000 69.000000
3.6700 70.9900 29.0500 468.000000 0.000000 147.000000 69.000000
3.6800 70.9900 29.2000 468.000000 0.000000 147.000000 69.000000
3.6900 70.9900 29.3700 468.000000 0.000000 147.000000 69.000000
3.7000 71.0400 29.5300 458.000000 0.000000 147.000000 69.000000
3.7100 71.1200 29.7500 443.000000 0.000000 149.000000 69.000000
3.7200 71.2700 30.0000 402.000000 0.000000 149.000000 69.000000
3.7300 71.4300 30.1300 314.000000 0.000000 149.000000 69.000000
3.7400 71.5700 30.2600 210.000000 0.000000 149.000000 69.000000
3.7500 71.7300 30.3600 13.000000 1.000000 149.000000 69.000000
3.7600 71.7300 30.3600 0.000000 0.000000 149.000000 69.000000
3.7700 71.9300 30.4300 0.000000 0.000000 149.000000 69.000000
3.7800 71.9300 30.4300 0.000000 0.000000 149.000000 69.000000
3.7900 72.0100 30.3200 0.000000 0.000000 149.000000 69.000000
3.8000 72.0600 30.2100 0.000000 0.000000 149.000000 69.000000
3.8100 72.1100 30.0800 0.000000 0.000000 151.000000 68.000000
3.8200 72.1600 29.9200 0.000000 0.000000 151.000000 68.000000
3.8300 72.1600 29.7200 0.000000 0.000000 147.000000 69.000000
3.8400 72.1600 29.7200 117.000000 1.000000 147.000000 69.000000
3.8500 72.1000 29.3700 139.000000 0.000000 147.000000 69.000000
3.8600 72.1000 29.2600 207.000000 0.000000 147.000000 69.000000
3.8700 72.1000 29.1700 269.000000 0.000000 147.000000 69.000000
3.8800 72.1000 29.1000 327.000000 0.000000 147.000000 69.000000
3.8900 72.1000 29.0500 379.000000 0.000000 147.000000 69.000000
3.9000 72.1000 29.0500 425.000000 0.000000 147.000000 69.000000
3.9100 72.1000 29.0500 447.000000 0.000000 147.000000 69.000000
3.9200 72.1000 29.0500 483.000000 0.000000 147.000000 69.000000
3.9300 72.1000 29.0500 518.000000 0.000000 147.000000 69.000000
3.9400 72.1000 29.0500 522.000000 0.000000 147.000000 69.000000
3.9500 72.1000 29.0500 519.000000 0.000000 147.000000 69.000000
3.9600 72.1000 29.4500 517.000000 0.000000 147.000000 69.000000
3.9700 72.1500 29.7500 502.000000 0.000000 147.000000 69.000000
3.9800 72.2900 30.0500 496.000000 0.000000 149.000000 69.000000
3.9900 72.4900 30.3600 481.000000 0.000000 149.000000 69.000000
4.0000 72.7300 30.5400 465.000000 0.000000 149.000000 69.000000
4.0100 72.9900 30.6700 430.000000 0.000000 149.000000 69.000000
4.0200 73.2600 30.7300 371.000000 0.000000 151.000000 68.000000
4.0300 73.4200 30.7300 289.000000 0.000000 151.000000 68.000000
4.0400 73.5200 30.7300 246.000000 0.000000 151.000000 68.000000
4.0500 73.5200 30.5600 190.000000 0.000000 152.000000 68.000000
4.0600 73.4000 30.3200 183.000000 0.000000 152.000000 68.000000
4.0700 73.1900 30.0400 196.000000 0.000000 152.000000 68.000000
4.0800 72.9800 29.7600 196.000000 0.000000 152.000000 68.000000
4.0900 72.8500 29.5800 191.000000 0.000000 151.000000 68.000000
4.1000 72.8500 29.4800 190.000000 0.000000 151.000000 68.000000
4.1100 72.8500 29.4300 163.000000 0.000000 151.000000 68.000000
4.1200 72.9600 29.4300 117.000000 0.000000 151.000000 68.000000
4.1300 72.9600 29.4300 0.000000 1.000000 151.000000 68.000000
4.1400 73.1400 29.4800 0.000000 0.000000 151.000000 68.000000
4.1500 73.2600 29.5600 0.000000 0.000000 151.000000 68.000000
4.1600 73.4100 29.6700 0.000000 0.000000 151.000000 68.000000
4.1700 73.4100 29.6700 0.000000 0.000000 151.000000 68.000000
4.1800 73.4100 29.6700 0.000000 0.000000 151.000000 68.000000
4.1900 73.4100 29.6700 0.000000 0.000000 151.000000 68.000000
4.2000 73.4100 29.6700 0.000000 0.000000 149.000000 69.000000
4.2100 73.4100 29.6700 0.000000 0.000000 149.000000 69.000000
4.2200 73.4100 29.6700 0.000000 0.000000 149.000000 69.000000
4.2300 73.4100 29.6700 0.000000 0.000000 149.000000 69.000000
4.2400 73.4100 29.6700 0.000000 0.000000 149.000000 69.000000
4.2500 73.4100 29.6700 188.000000 1.000000 149.000000 69.000000
4.2600 73.1300 29.3700 279.000000 0.000000 149.000000 69.000000
4.2700 73.1300 29.3700 361.000000 0.000000 151.000000 68.000000
4.2800 73.2200 29.3700 422.000000 0.000000 148.000000 68.000000
4.2900 73.3800 29.3700 466.000000 0.000000 148.000000 68.000000
4.3000 73.5600 29.4900 473.000000 0.000000 148.000000 68.000000
4.3100 73.7400 29.4900 483.000000 0.000000 148.000000 68.000000
4.3200 73.9600 29.5900 491.000000 0.000000 148.000000 68.000000
4.3300 74.2400 29.6900 495.000000 0.000000 151.000000 68.000000
4.3400 74.5100 29.7900 488.000000 0.000000 151.000000 68.000000
4.3500 74.8000 29.9300 473.000000 0.000000 151.000000 68.000000
4.3600 74.9400 30.1100 456.000000 0.000000 151.000000 68.000000
4.3700 74.9400 30.2900 415.000000 0.000000 151.000000 68.000000
4.3800 74.9400 30.2900 415.000000 0.000000 151.000000 68.000000
4.3900 74.6300 30.6900 423.000000 0.000000 151.000000 68.000000
4.4000 74.2800 30.6900 440.000000 0.000000 151.000000 68.000000
4.4100 73.9500 30.6000 461.000000 0.000000 152.000000 68.000000
4.4200 73.6400 30.3700 491.000000 0.000000 152.000000 68.000000
4.4300 73.4200 30.0700 526.000000 0.000000 152.000000 68.000000
4.4400 73.4200 29.7500 548.000000 0.000000 152.000000 68.000000
4.4500 73.5800 29.3900 565.000000 0.000000 152.000000 68.000000
4.4600 73.9800 29.0300 570.000000 0.000000 151.000000 68.000000
4.4700 74.4100 28.8000 537.000000 0.000000 151.000000 68.000000
4.4800 74.8800 28.6500 389.000000 0.000000 151.000000 68.000000
4.4900 74.8800 28.6500 0.000000 1.000000 151.000000 68.000000
4.5000 75.8200 28.8100 0.000000 0.000000 153.000000 69.000000
4.5100 76.0300 29.0400 0.000000 0.000000 152.000000 70.000000
4.5200 76.0300 29.3300 0.000000 0.000000 152.000000 70.000000
4.5300 75.8700 29.6100 0.000000 0.000000 154.000000 70.000000
4.5400 75.4800 29.8300 0.000000 0.000000 154.000000 70.000000
4.5500 74.9500 29.9600 0.000000 0.000000 154.000000 70.000000
4.5600 74.1200 30.0500 0.000000 0.000000 154.000000 70.000000
4.5700 73.1600 30.1200 0.000000 0.000000 154.000000 70.000000
4.5800 72.1100 30.0700 0.000000 0.000000 154.000000 70.000000
4.5900 70.7400 29.9500 0.000000 0.000000 152.000000 70.000000
4.6000 69.5500 29.7500 0.000000 0.000000 145.000000 70.000000
4.6100 68.4900 29.5700 0.000000 0.000000 143.000000 69.000000
4.6200 67.6800 29.4400 0.000000 0.000000 141.000000 68.000000
4.6300 66.8700 29.3200 0.000000 0.000000 139.000000 69.000000
4.6400 65.9900 29.2300 0.000000 0.000000 139.000000 69.000000
4.6500 65.0600 29.2300 0.000000 0.000000 139.000000 69.000000
4.6600 64.2300 29.3000 0.000000 0.000000 139.000000 69.000000
4.6700 63.4100 29.5500 0.000000 0.000000 139.000000 69.000000
4.6800 62.5800 29.8600 0.000000 0.000000 141.000000 70.000000
4.6900 61.9800 30.2200 0.000000 0.000000 141.000000 70.000000
4.7000 61.5200 30.5300 0.000000 0.000000 141.000000 70.000000
4.7100 61.3600 31.3600 0.000000 0.000000 141.000000 68.000000
4.7200 61.6100 32.5300 0.000000 0.000000 139.000000 68.000000
4.7300 61.6100 32.5300 32.000000 1.000000 140.000000 67.000000
4.7400 63.2400 34.6100 329.000000 0.000000 142.000000 66.000000
4.7500 64.1700 35.3800 361.000000 0.000000 144.000000 66.000000
4.7600 64.9700 35.7900 397.000000 0.000000 144.000000 66.000000
4.7700 65.7200 35.9400 445.000000 0.000000 146.000000 66.000000
4.7800 66.4700 35.9400 483.000000 0.000000 149.000000 66.000000
4.7900 66.8600 35.5500 509.000000 0.000000 149.000000 66.000000
4.8000 67.0200 34.6100 519.000000 0.000000 151.000000 66.000000
4.8100 66.5300 33.2900 507.000000 0.000000 151.000000 66.000000
4.8200 65.1300 31.5100 490.000000 0.000000 151.000000 66.000000
4.8300 63.1200 29.6900 520.000000 0.000000 150.000000 67.000000
4.8400 60.2200 28.2200 551.000000 0.000000 150.000000 67.000000
4.8500 57.4000 27.0000 580.000000 0.000000 148.000000 68.000000
4.8600 54.6200 26.3800 628.000000 0.000000 147.000000 69.000000
4.8700 52.8100 26.1400 730.000000 0.000000 143.000000 69.000000
4.8800 52.0100 26.1400 736.000000 0.000000 139.000000 69.000000
4.8900 51.8800 26.5300 685.000000 0.000000 135.000000 69.000000
4.9000 52.5500 27.8000 645.000000 0.000000 133.000000 70.000000
4.9100 54.1800 29.6700 647.000000 0.000000 133.000000 70.000000
4.9200 56.4500 31.6000 666.000000 0.000000 133.000000 70.000000
4.9300 59.4200 32.8800 675.000000 0.000000 135.000000 69.000000
4.9400 61.2400 33.7400 658.000000 0.000000 139.000000 69.000000
4.9500 62.2900 33.7400 633.000000 0.000000 143.000000 69.000000
4.9600 62.0500 33.4000 627.000000 0.000000 147.000000 69.000000
4.9700 60.5800 32.7900 614.000000 0.000000 148.000000 68.000000
4.9800 58.3000 31.6900 639.000000 0.000000 150.000000 67.000000
4.9900 54.9500 30.3700 687.000000 0.000000 150.000000 67.000000
5.0000 51.1200 28.9100 733.000000 0.000000 150.000000 67.000000
5.0100 46.9700 27.2300 796.000000 0.000000 150.000000 67.000000
5.0200 43.8600 26.2500 837.000000 0.000000 146.000000 67.000000
5.0300 42.7700 25.7400 814.000000 0.000000 142.000000 68.000000
5.0400 43.0300 25.6800 796.000000 0.000000 139.000000 68.000000
5.0500 44.3200 25.7500 771.000000 0.000000 137.000000 69.000000
5.0600 47.1800 25.9200 788.000000 0.000000 133.000000 69.000000
5.0700 51.0900 26.1900 770.000000 0.000000 131.000000 69.000000
5.0800 56.0700 26.3200 755.000000 0.000000 133.000000 70.000000
5.0900 61.0600 26.3700 714.000000 0.000000 133.000000 70.000000
5.1000 65.2900 26.5200 685.000000 0.000000 135.000000 71.000000
5.1100 69.0100 26.7400 603.000000 0.000000 140.000000 72.000000
5.1200 71.9700 27.0100 492.000000 0.000000 145.000000 73.000000
5.1300 74.1500 27.2500 222.000000 0.000000 149.000000 73.000000
