0.0000 13.6500 12.1900 13.000000 1.000000 191.000000 44.000000
0.0100 13.5400 12.6500 117.000000 1.000000 191.000000 44.000000
0.0200 13.4800 12.8600 218.000000 0.000000 190.000000 45.000000
0.0300 13.4000 13.0200 312.000000 0.000000 190.000000 45.000000
0.0400 13.4000 13.1000 397.000000 0.000000 190.000000 45.000000
0.0500 13.4000 13.1000 481.000000 0.000000 190.000000 45.000000
0.0600 13.4000 13.1000 562.000000 0.000000 189.000000 46.000000
0.0700 13.4000 13.0500 592.000000 0.000000 189.000000 46.000000
0.0800 13.4000 12.9400 636.000000 0.000000 189.000000 46.000000
0.0900 13.4700 12.7600 690.000000 0.000000 189.000000 46.000000
0.1000 13.5600 12.3700 751.000000 0.000000 189.000000 46.000000
0.1100 13.7300 11.8500 803.000000 0.000000 190.000000 47.000000
0.1200 13.9000 11.3000 836.000000 0.000000 190.000000 47.000000
0.1300 14.0600 10.8800 864.000000 0.000000 190.000000 47.000000
0.1400 14.2100 10.5600 888.000000 0.000000 190.000000 48.000000
0.1500 14.3500 10.2300 897.000000 0.000000 190.000000 48.000000
0.1600 14.4500 10.0000 897.000000 0.000000 190.000000 49.000000
0.1700 14.5200 9.8500 878.000000 0.000000 190.000000 49.000000
0.1800 14.5700 9.7600 824.000000 0.000000 190.000000 49.000000
0.1900 14.5700 9.7600 707.000000 0.000000 190.000000 49.000000
0.2000 14.5700 9.7600 371.000000 0.000000 190.000000 49.000000
0.2100 14.5700 9.7600 0.000000 1.000000 190.000000 49.000000
0.2200 14.4900 9.9300 0.000000 0.000000 190.000000 49.000000
0.2300 14.3600 10.1900 0.000000 0.000000 190.000000 49.000000
0.2400 14.0300 10.5000 0.000000 0.000000 189.000000 49.000000
0.2500 13.6800 10.7700 0.000000 0.000000 188.000000 48.000000
0.2600 13.4400 11.0200 0.000000 0.000000 188.000000 47.000000
0.2700 13.2700 11.1300 0.000000 0.000000 186.000000 46.000000
0.2800 13.2200 11.2100 0.000000 0.000000 185.000000 45.000000
0.2900 13.2200 11.2100 0.000000 0.000000 184.000000 45.000000
0.3000 13.2200 11.2800 0.000000 0.000000 184.000000 44.000000
0.3100 13.2200 11.2800 213.000000 1.000000 184.000000 44.000000
0.3200 13.2200 11.2800 309.000000 0.000000 185.000000 45.000000
0.3300 13.3200 11.5400 413.000000 0.000000 185.000000 45.000000
0.3400 13.3200 11.5400 477.000000 0.000000 186.000000 45.000000
0.3500 13.3200 11.5400 504.000000 0.000000 187.000000 46.000000
0.3600 13.3200 11.5400 526.000000 0.000000 189.000000 47.000000
0.3700 13.3200 11.5400 554.000000 0.000000 190.000000 47.000000
0.3800 13.2600 11.5400 591.000000 0.000000 190.000000 48.000000
0.3900 13.2600 11.5400 610.000000 0.000000 190.000000 48.000000
0.4000 13.1900 11.5400 627.000000 0.000000 190.000000 48.000000
0.4100 13.0600 11.6100 647.000000 0.000000 189.000000 48.000000
0.4200 12.9500 11.6800 647.000000 0.000000 189.000000 48.000000
0.4300 12.8900 11.7600 653.000000 0.000000 189.000000 48.000000
0.4400 12.8400 11.8700 649.000000 0.000000 188.000000 48.000000
0.4500 12.8400 12.0100 640.000000 0.000000 188.000000 48.000000
0.4600 12.8400 12.1900 639.000000 0.000000 188.000000 48.000000
0.4700 12.9300 12.3700 617.000000 0.000000 188.000000 47.000000
0.4800 13.0400 12.5400 610.000000 0.000000 186.000000 47.000000
0.4900 13.2400 12.6600 616.000000 0.000000 186.000000 47.000000
0.5000 13.5500 12.7300 614.000000 0.000000 186.000000 47.000000
0.5100 13.9200 12.6200 631.000000 0.000000 186.000000 47.000000
0.5200 14.4000 12.3900 649.000000 0.000000 186.000000 47.000000
0.5300 14.9700 11.9700 673.000000 0.000000 188.000000 47.000000
0.5400 15.5900 11.4700 700.000000 0.000000 188.000000 48.000000
0.5500 16.0500 10.9300 721.000000 0.000000 188.000000 48.000000
0.5600 16.2400 10.4900 770.000000 0.000000 188.000000 48.000000
0.5700 16.2400 10.0500 788.000000 0.000000 189.000000 49.000000
0.5800 16.0000 9.6100 827.000000 0.000000 189.000000 49.000000
0.5900 15.6700 9.1600 824.000000 0.000000 190.000000 50.000000
0.6000 15.2300 8.8300 828.000000 0.000000 191.000000 50.000000
0.6100 14.7600 8.5900 828.000000 0.000000 191.000000 50.000000
0.6200 14.3400 8.4600 821.000000 0.000000 191.000000 50.000000
0.6300 13.9500 8.4000 821.000000 0.000000 192.000000 49.000000
0.6400 13.7400 8.4000 817.000000 0.000000 192.000000 49.000000
0.6500 13.5900 8.4600 745.000000 0.000000 191.000000 48.000000
0.6600 13.4700 8.5800 620.000000 0.000000 191.000000 48.000000
0.6700 13.4700 8.7500 339.000000 0.000000 191.000000 48.000000
0.6800 13.4700 8.7500 0.000000 1.000000 190.000000 49.000000
0.6900 13.8900 9.0800 0.000000 0.000000 190.000000 49.000000
0.7000 14.1700 9.2200 0.000000 0.000000 189.000000 49.000000
0.7100 14.5100 9.3600 0.000000 0.000000 188.000000 49.000000
0.7200 14.9000 9.4900 0.000000 0.000000 188.000000 48.000000
0.7300 15.2700 9.5700 0.000000 0.000000 187.000000 48.000000
0.7400 15.6300 9.6200 0.000000 0.000000 187.000000 48.000000
0.7500 15.9700 9.6200 0.000000 0.000000 187.000000 48.000000
0.7600 16.3000 9.7100 0.000000 0.000000 185.000000 47.000000
0.7700 16.6000 9.8000 0.000000 0.000000 184.000000 47.000000
0.7800 16.9000 9.9200 0.000000 0.000000 183.000000 47.000000
0.7900 17.2300 10.0900 0.000000 0.000000 181.000000 47.000000
0.8000 17.4700 10.2500 0.000000 0.000000 180.000000 47.000000
0.8100 17.6500 10.3800 0.000000 0.000000 178.000000 47.000000
0.8200 17.7600 10.4800 0.000000 0.000000 176.000000 47.000000
0.8300 17.8400 10.5700 0.000000 0.000000 174.000000 47.000000
0.8400 17.8900 10.6300 0.000000 0.000000 172.000000 47.000000
0.8500 18.0000 10.6300 0.000000 0.000000 171.000000 47.000000
0.8600 18.1000 10.6900 0.000000 0.000000 170.000000 47.000000
0.8700 18.1900 10.6900 0.000000 0.000000 170.000000 47.000000
0.8800 18.3500 10.6900 0.000000 0.000000 170.000000 48.000000
0.8900 18.3500 10.6900 119.000000 1.000000 170.000000 48.000000
0.9000 18.3500 10.6900 218.000000 0.000000 170.000000 48.000000
0.9100 18.5100 10.6900 296.000000 0.000000 169.000000 48.000000
0.9200 18.5100 10.6900 345.000000 0.000000 169.000000 48.000000
0.9300 18.5100 10.6900 345.000000 0.000000 167.000000 49.000000
0.9400 18.5100 10.7400 320.000000 0.000000 167.000000 49.000000
0.9500 18.4600 10.7400 280.000000 0.000000 165.000000 50.000000
0.9600 18.4100 10.7400 218.000000 0.000000 165.000000 50.000000
0.9700 18.3500 10.7400 167.000000 0.000000 164.000000 50.000000
0.9800 18.3000 10.7400 149.000000 0.000000 164.000000 50.000000
0.9900 18.3000 10.7400 149.000000 0.000000 164.000000 50.000000
1.0000 18.3000 10.8100 151.000000 0.000000 164.000000 50.000000
1.0100 18.3000 10.8100 184.000000 0.000000 164.000000 50.000000
1.0200 18.2500 10.9100 196.000000 0.000000 164.000000 50.000000
1.0300 18.2500 10.9100 206.000000 0.000000 164.000000 50.000000
1.0400 18.2500 10.9900 237.000000 0.000000 163.000000 50.000000
1.0500 18.2500 10.9900 285.000000 0.000000 163.000000 50.000000
1.0600 18.2500 11.0600 336.000000 0.000000 163.000000 50.000000
1.0700 18.2500 11.0600 405.000000 0.000000 163.000000 50.000000
1.0800 18.2500 11.1200 469.000000 0.000000 163.000000 50.000000
1.0900 18.2500 11.1200 522.000000 0.000000 163.000000 50.000000
1.1000 18.2500 11.1200 564.000000 0.000000 163.000000 50.000000
1.1100 18.2500 11.1200 597.000000 0.000000 163.000000 50.000000
1.1200 18.2500 11.1200 638.000000 0.000000 163.000000 50.000000
1.1300 18.2500 11.1200 663.000000 0.000000 163.000000 50.000000
1.1400 18.1900 11.0500 691.000000 0.000000 163.000000 50.000000
1.1500 18.1000 10.9700 710.000000 0.000000 163.000000 50.000000
1.1600 17.8400 10.8200 724.000000 0.000000 163.000000 50.000000
1.1700 17.5700 10.5900 731.000000 0.000000 163.000000 50.000000
1.1800 17.2900 10.3400 745.000000 0.000000 163.000000 50.000000
1.1900 17.0400 10.0900 745.000000 0.000000 163.000000 50.000000
1.2000 16.8200 9.8700 739.000000 0.000000 162.000000 50.000000
1.2100 16.6400 9.6400 728.000000 0.000000 162.000000 50.000000
1.2200 16.6400 9.4300 720.000000 0.000000 161.000000 49.000000
1.2300 16.6400 9.2700 724.000000 0.000000 161.000000 48.000000
1.2400 16.7200 9.1200 711.000000 0.000000 161.000000 48.000000
1.2500 16.8200 9.0500 705.000000 0.000000 160.000000 48.000000
1.2600 16.9700 8.9800 707.000000 0.000000 160.000000 48.000000
1.2700 17.1400 8.9800 707.000000 0.000000 160.000000 48.000000
1.2800 17.3300 8.9800 707.000000 0.000000 160.000000 48.000000
1.2900 17.4900 9.0900 708.000000 0.000000 160.000000 48.000000
1.3000 17.6800 9.2300 707.000000 0.000000 160.000000 48.000000
1.3100 17.8100 9.4000 700.000000 0.000000 161.000000 48.000000
1.3200 17.9000 9.6500 690.000000 0.000000 161.000000 48.000000
1.3300 17.9000 9.8900 685.000000 0.000000 161.000000 48.000000
1.3400 17.9700 10.0900 681.000000 0.000000 162.000000 50.000000
1.3500 18.0200 10.2300 681.000000 0.000000 162.000000 50.000000
1.3600 18.0200 10.3300 682.000000 0.000000 162.000000 50.000000
1.3700 18.0200 10.3900 685.000000 0.000000 162.000000 50.000000
1.3800 18.0200 10.3900 687.000000 0.000000 162.000000 50.000000
1.3900 18.0200 10.3900 685.000000 0.000000 162.000000 50.000000
1.4000 18.0200 10.3900 684.000000 0.000000 162.000000 50.000000
1.4100 18.0200 10.3300 687.000000 0.000000 162.000000 50.000000
1.4200 18.1000 10.2500 700.000000 0.000000 162.000000 50.000000
1.4300 18.1500 10.1400 691.000000 0.000000 162.000000 50.000000
1.4400 18.2000 9.9800 699.000000 0.000000 162.000000 50.000000
1.4500 18.2000 9.8100 710.000000 0.000000 162.000000 50.000000
1.4600 18.2700 9.6300 719.000000 0.000000 162.000000 50.000000
1.4700 18.2700 9.4900 724.000000 0.000000 162.000000 50.000000
1.4800 18.3500 9.3600 724.000000 0.000000 162.000000 50.000000
1.4900 18.3500 9.3600 727.000000 0.000000 163.000000 50.000000
1.5000 18.4100 9.3100 730.000000 0.000000 163.000000 50.000000
1.5100 18.4100 9.3100 751.000000 0.000000 163.000000 50.000000
1.5200 18.4100 9.3100 765.000000 0.000000 163.000000 50.000000
1.5300 18.7200 9.3100 777.000000 0.000000 163.000000 50.000000
1.5400 18.8400 9.3600 779.000000 0.000000 163.000000 50.000000
1.5500 18.8400 9.3600 779.000000 0.000000 163.000000 50.000000
1.5600 18.8400 9.3600 770.000000 0.000000 163.000000 50.000000
1.5700 18.8400 9.3600 751.000000 0.000000 163.000000 50.000000
1.5800 18.8400 9.3600 666.000000 0.000000 163.000000 50.000000
1.5900 18.8400 9.3600 435.000000 0.000000 164.000000 50.000000
1.6000 18.8400 9.3600 0.000000 1.000000 164.000000 50.000000
1.6100 18.8400 9.3600 0.000000 0.000000 164.000000 50.000000
1.6200 18.8400 9.4100 0.000000 0.000000 165.000000 50.000000
1.6300 18.8400 9.4700 0.000000 0.000000 165.000000 50.000000
1.6400 18.7100 9.5500 0.000000 0.000000 165.000000 50.000000
1.6500 18.6500 9.6600 0.000000 0.000000 167.000000 50.000000
1.6600 18.6500 9.7400 0.000000 0.000000 167.000000 49.000000
1.6700 18.6500 9.8600 0.000000 0.000000 168.000000 49.000000
1.6800 18.6500 10.0000 0.000000 0.000000 168.000000 49.000000
1.6900 18.8100 10.1200 0.000000 0.000000 169.000000 48.000000
1.7000 18.9700 10.2200 0.000000 0.000000 169.000000 48.000000
1.7100 19.1600 10.3200 0.000000 0.000000 169.000000 48.000000
1.7200 19.3700 10.3200 0.000000 0.000000 169.000000 48.000000
1.7300 19.3700 10.3200 151.000000 1.000000 169.000000 48.000000
1.7400 19.3700 10.3200 257.000000 0.000000 169.000000 48.000000
1.7500 19.3700 10.3200 371.000000 0.000000 168.000000 49.000000
1.7600 19.3700 10.3200 455.000000 0.000000 168.000000 49.000000
1.7700 19.3700 10.3200 501.000000 0.000000 167.000000 50.000000
1.7800 19.3700 10.3200 516.000000 0.000000 167.000000 50.000000
1.7900 19.0400 10.0500 539.000000 0.000000 165.000000 51.000000
1.8000 18.9600 9.9200 570.000000 0.000000 165.000000 51.000000
1.8100 18.9600 9.7700 588.000000 0.000000 165.000000 51.000000
1.8200 19.0600 9.6400 614.000000 0.000000 164.000000 51.000000
1.8300 19.1900 9.5200 613.000000 0.000000 164.000000 51.000000
1.8400 19.2800 9.4300 617.000000 0.000000 164.000000 51.000000
1.8500 19.3400 9.3700 613.000000 0.000000 164.000000 51.000000
1.8600 19.4300 9.3700 609.000000 0.000000 164.000000 51.000000
1.8700 19.4300 9.3700 609.000000 0.000000 164.000000 51.000000
1.8800 19.4300 9.3700 600.000000 0.000000 164.000000 51.000000
1.8900 19.5300 9.5000 609.000000 0.000000 164.000000 51.000000
1.9000 19.6900 9.7100 609.000000 0.000000 165.000000 51.000000
1.9100 19.8400 9.9400 620.000000 0.000000 165.000000 51.000000
1.9200 19.9600 10.1800 619.000000 0.000000 165.000000 51.000000
1.9300 19.9600 10.3900 645.000000 0.000000 165.000000 51.000000
1.9400 19.9600 10.5700 644.000000 0.000000 165.000000 51.000000
1.9500 19.9600 10.7100 652.000000 0.000000 165.000000 51.000000
1.9600 19.9600 10.7900 655.000000 0.000000 165.000000 51.000000
1.9700 19.9600 10.7900 644.000000 0.000000 166.000000 51.000000
1.9800 19.9600 10.7900 617.000000 0.000000 166.000000 51.000000
1.9900 19.9600 10.7900 554.000000 0.000000 166.000000 51.000000
2.0000 19.9600 10.7100 430.000000 0.000000 166.000000 51.000000
2.0100 19.9600 10.6400 186.000000 0.000000 166.000000 51.000000
2.0200 19.9600 10.6400 0.000000 1.000000 166.000000 51.000000
2.0300 20.0800 10.4600 0.000000 0.000000 166.000000 51.000000
2.0400 20.1400 10.4600 0.000000 0.000000 167.000000 51.000000
2.0500 20.2300 10.4600 0.000000 0.000000 167.000000 51.000000
2.0600 20.3400 10.4600 0.000000 0.000000 167.000000 51.000000
2.0700 20.4700 10.5500 0.000000 0.000000 168.000000 50.000000
2.0800 20.5600 10.6000 0.000000 0.000000 169.000000 50.000000
2.0900 20.6400 10.6000 0.000000 0.000000 169.000000 50.000000
2.1000 20.7200 10.6000 0.000000 0.000000 169.000000 50.000000
2.1100 20.8000 10.6000 0.000000 0.000000 169.000000 50.000000
2.1200 20.8700 10.6000 0.000000 0.000000 169.000000 50.000000
2.1300 20.9600 10.6000 0.000000 0.000000 169.000000 50.000000
2.1400 20.9600 10.6000 279.000000 1.000000 169.000000 50.000000
2.1500 20.9600 10.6000 456.000000 0.000000 169.000000 50.000000
2.1600 21.1100 10.2800 591.000000 0.000000 169.000000 50.000000
2.1700 21.1700 10.1300 700.000000 0.000000 169.000000 50.000000
2.1800 21.1700 9.9300 760.000000 0.000000 169.000000 51.000000
2.1900 21.1700 9.7400 779.000000 0.000000 169.000000 51.000000
2.2000 21.1700 9.5600 754.000000 0.000000 169.000000 51.000000
2.2100 21.1700 9.4200 708.000000 0.000000 168.000000 52.000000
2.2200 21.1700 9.3100 439.000000 0.000000 168.000000 52.000000
2.2300 21.1700 9.3100 0.000000 1.000000 168.000000 52.000000
2.2400 21.3900 9.3100 0.000000 0.000000 168.000000 52.000000
2.2500 21.3900 9.4400 0.000000 0.000000 168.000000 52.000000
2.2600 21.2700 9.6900 0.000000 0.000000 168.000000 52.000000
2.2700 21.1400 9.9400 0.000000 0.000000 169.000000 53.000000
2.2800 21.0700 10.1800 0.000000 0.000000 170.000000 52.000000
2.2900 21.0700 10.1800 233.000000 1.000000 170.000000 52.000000
2.3000 21.0700 10.5400 431.000000 0.000000 170.000000 52.000000
2.3100 21.0100 10.6700 529.000000 0.000000 170.000000 52.000000
2.3200 21.0100 10.7600 585.000000 0.000000 170.000000 52.000000
2.3300 21.0100 10.7600 577.000000 0.000000 170.000000 52.000000
2.3400 21.0100 10.7600 448.000000 0.000000 169.000000 51.000000
2.3500 21.0100 10.7600 90.000000 0.000000 168.000000 52.000000
2.3600 21.0100 10.7600 0.000000 1.000000 168.000000 52.000000
2.3700 21.4500 10.5100 0.000000 0.000000 168.000000 52.000000
2.3800 21.7600 10.5100 0.000000 0.000000 167.000000 52.000000
2.3900 22.1200 10.5100 0.000000 0.000000 167.000000 52.000000
2.4000 22.5000 10.5900 0.000000 0.000000 167.000000 51.000000
2.4100 22.8800 10.5900 0.000000 0.000000 167.000000 51.000000
2.4200 23.1600 10.5900 0.000000 0.000000 167.000000 51.000000
2.4300 23.3800 10.5900 0.000000 0.000000 167.000000 51.000000
2.4400 23.3800 10.5900 220.000000 1.000000 167.000000 51.000000
2.4500 23.3800 10.5900 369.000000 0.000000 169.000000 51.000000
2.4600 23.3800 10.5900 493.000000 0.000000 168.000000 52.000000
2.4700 23.3800 10.5900 591.000000 0.000000 168.000000 52.000000
2.4800 23.0900 10.5100 673.000000 0.000000 168.000000 52.000000
2.4900 22.8100 10.3800 716.000000 0.000000 169.000000 53.000000
2.5000 22.5500 10.2100 727.000000 0.000000 169.000000 53.000000
2.5100 22.3300 10.0100 737.000000 0.000000 169.000000 53.000000
2.5200 22.1700 9.8100 731.000000 0.000000 169.000000 53.000000
2.5300 22.1000 9.6100 722.000000 0.000000 169.000000 53.000000
2.5400 22.1000 9.4600 725.000000 0.000000 169.000000 53.000000
2.5500 22.1900 9.3400 700.000000 0.000000 169.000000 53.000000
2.5600 22.3400 9.2900 694.000000 0.000000 169.000000 53.000000
2.5700 22.5600 9.2900 702.000000 0.000000 168.000000 53.000000
2.5800 22.7700 9.3500 678.000000 0.000000 168.000000 53.000000
2.5900 22.9500 9.5200 675.000000 0.000000 168.000000 53.000000
2.6000 23.1000 9.7700 663.000000 0.000000 169.000000 53.000000
2.6100 23.2200 10.0700 655.000000 0.000000 169.000000 53.000000
2.6200 23.3200 10.4600 637.000000 0.000000 169.000000 53.000000
2.6300 23.2200 11.0100 611.000000 0.000000 169.000000 53.000000
2.6400 23.0400 11.6700 569.000000 0.000000 169.000000 53.000000
2.6500 22.8000 12.5600 527.000000 0.000000 169.000000 53.000000
2.6600 22.4100 13.4500 496.000000 0.000000 169.000000 53.000000
2.6700 22.0900 14.0300 501.000000 0.000000 169.000000 53.000000
2.6800 21.8100 14.4100 505.000000 0.000000 169.000000 53.000000
2.6900 21.8100 14.4100 522.000000 0.000000 169.000000 53.000000
2.7000 21.8100 14.0400 569.000000 0.000000 169.000000 53.000000
2.7100 21.9900 13.4500 647.000000 0.000000 168.000000 52.000000
2.7200 22.2400 12.5200 699.000000 0.000000 169.000000 51.000000
2.7300 22.5100 11.5700 746.000000 0.000000 169.000000 51.000000
2.7400 22.7500 10.8100 790.000000 0.000000 168.000000 52.000000
2.7500 22.9100 10.1800 806.000000 0.000000 168.000000 52.000000
2.7600 23.0300 9.7600 827.000000 0.000000 168.000000 52.000000
2.7700 23.1700 9.4700 817.000000 0.000000 168.000000 53.000000
2.7800 23.2900 9.2700 832.000000 0.000000 168.000000 53.000000
2.7900 23.3500 9.1900 809.000000 0.000000 168.000000 53.000000
2.8000 23.3500 9.1900 750.000000 0.000000 168.000000 53.000000
2.8100 23.4300 9.2400 628.000000 0.000000 168.000000 53.000000
2.8200 23.5600 9.3700 304.000000 0.000000 168.000000 53.000000
2.8300 23.5600 9.3700 0.000000 1.000000 169.000000 53.000000
2.8400 23.9800 9.7600 0.000000 0.000000 169.000000 53.000000
2.8500 24.1500 9.9600 0.000000 0.000000 169.000000 53.000000
2.8600 24.4900 10.1400 0.000000 0.000000 169.000000 53.000000
2.8700 24.8300 10.2600 0.000000 0.000000 169.000000 53.000000
2.8800 25.2000 10.3800 0.000000 0.000000 169.000000 53.000000
2.8900 25.6000 10.4800 0.000000 0.000000 169.000000 53.000000
2.9000 26.0500 10.5800 0.000000 0.000000 169.000000 53.000000
2.9100 26.5300 10.7300 0.000000 0.000000 169.000000 53.000000
2.9200 27.0000 10.9100 0.000000 0.000000 170.000000 52.000000
2.9300 27.3300 11.0200 0.000000 0.000000 170.000000 52.000000
2.9400 27.5700 11.0900 0.000000 0.000000 170.000000 52.000000
2.9500 27.6800 11.0900 0.000000 0.000000 170.000000 52.000000
2.9600 27.6800 11.0400 0.000000 0.000000 169.000000 51.000000
2.9700 27.6800 11.0400 247.000000 1.000000 169.000000 51.000000
2.9800 27.6800 11.0400 458.000000 0.000000 167.000000 52.000000
2.9900 27.6800 11.0400 567.000000 0.000000 166.000000 52.000000
3.0000 27.3400 10.8200 664.000000 0.000000 164.000000 53.000000
3.0100 27.1300 10.6300 699.000000 0.000000 162.000000 54.000000
3.0200 26.8900 10.4700 730.000000 0.000000 160.000000 53.000000
3.0300 26.6400 10.2800 721.000000 0.000000 160.000000 54.000000
3.0400 26.5500 10.1100 733.000000 0.000000 160.000000 54.000000
3.0500 26.4800 9.9800 702.000000 0.000000 161.000000 55.000000
3.0600 26.4800 9.8600 697.000000 0.000000 161.000000 55.000000
3.0700 26.5300 9.8000 685.000000 0.000000 163.000000 55.000000
3.0800 26.6500 9.8000 685.000000 0.000000 165.000000 55.000000
3.0900 26.8000 9.8000 690.000000 0.000000 167.000000 55.000000
3.1000 27.0300 9.8900 685.000000 0.000000 168.000000 55.000000
3.1100 27.2900 10.0700 666.000000 0.000000 168.000000 55.000000
3.1200 27.5500 10.3000 658.000000 0.000000 167.000000 55.000000
3.1300 27.7200 10.6300 622.000000 0.000000 165.000000 55.000000
3.1400 27.8200 11.0200 595.000000 0.000000 164.000000 55.000000
3.1500 27.9000 11.6000 553.000000 0.000000 163.000000 55.000000
3.1600 27.8200 12.3600 515.000000 0.000000 161.000000 55.000000
3.1700 27.6400 13.2300 519.000000 0.000000 160.000000 54.000000
3.1800 27.4400 13.8100 518.000000 0.000000 158.000000 54.000000
3.1900 27.2900 14.0300 529.000000 0.000000 158.000000 54.000000
3.2000 27.2900 14.0300 533.000000 0.000000 157.000000 54.000000
3.2100 27.2100 13.8300 564.000000 0.000000 157.000000 54.000000
3.2200 27.1600 13.3500 592.000000 0.000000 158.000000 53.000000
3.2300 27.1600 12.6800 620.000000 0.000000 158.000000 53.000000
3.2400 27.2300 11.9300 636.000000 0.000000 158.000000 53.000000
3.2500 27.2900 11.1800 664.000000 0.000000 156.000000 53.000000
3.2600 27.4000 10.6700 675.000000 0.000000 156.000000 53.000000
3.2700 27.5600 10.3200 687.000000 0.000000 156.000000 53.000000
3.2800 27.7200 10.0800 690.000000 0.000000 156.000000 53.000000
3.2900 27.8300 9.9100 699.000000 0.000000 156.000000 53.000000
3.3000 27.9600 9.7800 672.000000 0.000000 156.000000 53.000000
3.3100 28.0900 9.7200 659.000000 0.000000 156.000000 53.000000
3.3200 28.2700 9.6700 641.000000 0.000000 157.000000 54.000000
3.3300 28.4500 9.6700 617.000000 0.000000 157.000000 54.000000
3.3400 28.6400 9.6000 614.000000 0.000000 157.000000 54.000000
3.3500 28.6400 9.6000 619.000000 0.000000 158.000000 54.000000
3.3600 28.6400 9.6000 617.000000 0.000000 158.000000 54.000000
3.3700 28.6400 9.6000 630.000000 0.000000 158.000000 54.000000
3.3800 28.3900 9.5500 645.000000 0.000000 158.000000 54.000000
3.3900 28.2200 9.5500 619.000000 0.000000 158.000000 54.000000
3.4000 28.0400 9.6200 627.000000 0.000000 158.000000 54.000000
3.4100 27.9200 9.6900 625.000000 0.000000 158.000000 54.000000
3.4200 27.8100 9.7700 620.000000 0.000000 158.000000 54.000000
3.4300 27.6900 9.8500 622.000000 0.000000 158.000000 54.000000
3.4400 27.6100 9.9800 622.000000 0.000000 157.000000 54.000000
3.4500 27.5400 10.1500 627.000000 0.000000 157.000000 54.000000
3.4600 27.5400 10.3000 630.000000 0.000000 157.000000 54.000000
3.4700 27.5400 10.4300 644.000000 0.000000 156.000000 53.000000
3.4800 27.6000 10.5500 645.000000 0.000000 156.000000 53.000000
3.4900 27.7200 10.6300 641.000000 0.000000 156.000000 53.000000
3.5000 27.9300 10.7000 639.000000 0.000000 156.000000 53.000000
3.5100 27.9300 10.7000 641.000000 0.000000 157.000000 54.000000
3.5200 28.2000 10.7000 641.000000 0.000000 157.000000 54.000000
3.5300 28.3600 10.7000 641.000000 0.000000 157.000000 54.000000
3.5400 28.4400 10.6300 637.000000 0.000000 157.000000 54.000000
3.5500 28.4400 10.5700 652.000000 0.000000 158.000000 54.000000
3.5600 28.4400 10.4900 666.000000 0.000000 158.000000 54.000000
3.5700 28.4400 10.4100 687.000000 0.000000 158.000000 54.000000
3.5800 28.3700 10.3300 697.000000 0.000000 160.000000 54.000000
3.5900 28.2500 10.2800 713.000000 0.000000 160.000000 54.000000
3.6000 28.0900 10.2800 716.000000 0.000000 160.000000 54.000000
3.6100 27.9300 10.2800 707.000000 0.000000 160.000000 54.000000
3.6200 27.7700 10.2800 687.000000 0.000000 158.000000 54.000000
3.6300 27.6100 10.3500 611.000000 0.000000 158.000000 54.000000
3.6400 27.6100 10.3500 402.000000 0.000000 158.000000 54.000000
3.6500 27.6100 10.3500 13.000000 1.000000 157.000000 54.000000
3.6600 27.6100 10.3500 0.000000 0.000000 157.000000 54.000000
3.6700 27.8500 10.3500 0.000000 0.000000 157.000000 54.000000
3.6800 28.1100 10.3500 0.000000 0.000000 157.000000 54.000000
3.6900 28.4200 10.3500 0.000000 0.000000 158.000000 54.000000
3.7000 28.8000 10.4600 0.000000 0.000000 160.000000 54.000000
3.7100 29.2000 10.5600 0.000000 0.000000 160.000000 54.000000
3.7200 29.6100 10.6700 0.000000 0.000000 162.000000 54.000000
3.7300 29.9500 10.7400 0.000000 0.000000 163.000000 54.000000
3.7400 30.2500 10.8200 0.000000 0.000000 163.000000 54.000000
3.7500 30.4000 10.8900 0.000000 0.000000 165.000000 53.000000
3.7600 30.4600 10.9600 0.000000 0.000000 165.000000 53.000000
3.7700 30.4600 11.0600 0.000000 0.000000 165.000000 53.000000
3.7800 30.4600 11.2300 0.000000 0.000000 164.000000 52.000000
3.7900 30.4600 11.4600 0.000000 0.000000 164.000000 52.000000
3.8000 30.4600 11.8000 0.000000 0.000000 166.000000 52.000000
3.8100 30.5200 12.2200 0.000000 0.000000 166.000000 52.000000
3.8200 30.5700 12.6900 0.000000 0.000000 166.000000 52.000000
3.8300 30.6200 13.1700 0.000000 0.000000 166.000000 52.000000
3.8400 30.6200 13.6500 0.000000 0.000000 166.000000 52.000000
3.8500 30.5100 14.1400 0.000000 0.000000 166.000000 51.000000
3.8600 30.4000 14.5700 0.000000 0.000000 166.000000 51.000000
3.8700 30.2600 14.9700 0.000000 0.000000 167.000000 50.000000
3.8800 30.0900 15.3600 0.000000 0.000000 167.000000 50.000000
3.8900 29.9600 15.4600 0.000000 0.000000 167.000000 50.000000
3.9000 29.9600 15.4600 149.000000 1.000000 167.000000 49.000000
3.9100 29.9600 15.1600 334.000000 0.000000 166.000000 49.000000
3.9200 30.0600 14.9400 474.000000 0.000000 165.000000 50.000000
3.9300 30.1500 14.4000 592.000000 0.000000 165.000000 50.000000
3.9400 30.2800 13.6600 682.000000 0.000000 165.000000 51.000000
3.9500 30.4300 12.7800 748.000000 0.000000 164.000000 52.000000
3.9600 30.5900 11.9600 783.000000 0.000000 164.000000 53.000000
3.9700 30.7500 11.1800 800.000000 0.000000 163.000000 54.000000
3.9800 30.8600 10.7200 808.000000 0.000000 163.000000 55.000000
3.9900 30.9300 10.3500 817.000000 0.000000 163.000000 55.000000
4.0000 31.0000 10.0500 806.000000 0.000000 162.000000 56.000000
4.0100 31.0700 9.8900 777.000000 0.000000 162.000000 56.000000
4.0200 31.1400 9.7200 637.000000 0.000000 162.000000 56.000000
4.0300 31.2700 9.6500 417.000000 0.000000 162.000000 56.000000
4.0400 31.2700 9.6500 0.000000 1.000000 162.000000 56.000000
4.0500 31.7100 9.7300 0.000000 0.000000 163.000000 56.000000
4.0600 31.9300 9.9200 0.000000 0.000000 163.000000 56.000000
4.0700 32.0800 10.1900 0.000000 0.000000 163.000000 56.000000
4.0800 32.1900 10.3900 0.000000 0.000000 165.000000 56.000000
4.0900 32.3400 10.4500 0.000000 0.000000 165.000000 56.000000
4.1000 32.3400 10.4500 173.000000 1.000000 165.000000 55.000000
4.1100 32.6500 10.3800 341.000000 0.000000 167.000000 55.000000
4.1200 32.7700 10.3200 443.000000 0.000000 167.000000 55.000000
4.1300 32.8700 10.2400 553.000000 0.000000 168.000000 55.000000
4.1400 32.9300 10.1000 619.000000 0.000000 168.000000 56.000000
4.1500 32.9300 9.9800 663.000000 0.000000 168.000000 56.000000
4.1600 32.8500 9.8700 702.000000 0.000000 168.000000 56.000000
4.1700 32.7000 9.7700 711.000000 0.000000 168.000000 56.000000
4.1800 32.5000 9.7000 730.000000 0.000000 168.000000 56.000000
4.1900 32.2600 9.7000 733.000000 0.000000 167.000000 57.000000
4.2000 32.0200 9.7900 725.000000 0.000000 167.000000 57.000000
4.2100 31.7900 9.9000 727.000000 0.000000 167.000000 57.000000
4.2200 31.6700 10.0700 699.000000 0.000000 166.000000 57.000000
4.2300 31.6700 10.2800 684.000000 0.000000 166.000000 57.000000
4.2400 31.6100 10.5100 673.000000 0.000000 164.000000 57.000000
4.2500 31.7100 10.7200 664.000000 0.000000 164.000000 57.000000
4.2600 31.8900 10.8000 667.000000 0.000000 164.000000 57.000000
4.2700 32.1100 10.8000 675.000000 0.000000 163.000000 57.000000
4.2800 32.3400 10.7400 684.000000 0.000000 164.000000 57.000000
4.2900 32.5900 10.6600 714.000000 0.000000 164.000000 57.000000
4.3000 32.7700 10.5400 740.000000 0.000000 164.000000 57.000000
4.3100 32.9200 10.3700 763.000000 0.000000 166.000000 57.000000
4.3200 32.9900 10.2200 793.000000 0.000000 166.000000 57.000000
4.3300 32.9900 10.1000 788.000000 0.000000 167.000000 57.000000
4.3400 32.9400 10.0000 791.000000 0.000000 167.000000 57.000000
4.3500 32.9400 9.9300 788.000000 0.000000 167.000000 57.000000
4.3600 32.9400 9.9300 710.000000 0.000000 167.000000 57.000000
4.3700 32.9400 9.9300 613.000000 0.000000 167.000000 57.000000
4.3800 33.2000 9.9300 339.000000 0.000000 167.000000 57.000000
4.3900 33.2000 9.9300 0.000000 1.000000 167.000000 57.000000
4.4000 34.0700 10.2000 0.000000 0.000000 167.000000 57.000000
4.4100 34.4800 10.5300 0.000000 0.000000 167.000000 57.000000
4.4200 34.8500 11.0100 0.000000 0.000000 169.000000 58.000000
4.4300 35.2200 11.5800 0.000000 0.000000 169.000000 58.000000
4.4400 35.4900 12.3700 0.000000 0.000000 169.000000 58.000000
4.4500 35.6900 13.1700 0.000000 0.000000 171.000000 57.000000
4.4600 35.6900 13.9900 0.000000 0.000000 171.000000 57.000000
4.4700 35.5700 14.6700 0.000000 0.000000 171.000000 56.000000
4.4800 35.3900 15.1200 0.000000 0.000000 171.000000 55.000000
4.4900 35.2700 15.4300 0.000000 0.000000 172.000000 54.000000
4.5000 35.2700 15.4300 173.000000 1.000000 172.000000 54.000000
4.5100 35.2700 15.4300 344.000000 0.000000 172.000000 54.000000
4.5200 35.2700 15.4300 452.000000 0.000000 172.000000 53.000000
4.5300 35.1900 15.1500 570.000000 0.000000 172.000000 54.000000
4.5400 35.3400 14.5300 653.000000 0.000000 172.000000 54.000000
4.5500 35.5300 13.7700 719.000000 0.000000 170.000000 54.000000
4.5600 35.7300 12.9300 751.000000 0.000000 170.000000 55.000000
4.5700 35.8700 12.1300 779.000000 0.000000 170.000000 56.000000
4.5800 35.9700 11.4800 794.000000 0.000000 169.000000 57.000000
4.5900 36.0700 10.9400 788.000000 0.000000 169.000000 57.000000
4.6000 36.1500 10.6700 746.000000 0.000000 169.000000 58.000000
4.6100 36.1500 10.4700 613.000000 0.000000 169.000000 58.000000
4.6200 36.2000 10.3300 397.000000 0.000000 168.000000 58.000000
4.6300 36.3000 10.2700 27.000000 0.000000 170.000000 59.000000
4.6400 36.3000 10.2700 0.000000 1.000000 170.000000 59.000000
4.6500 36.3900 10.5100 0.000000 0.000000 170.000000 59.000000
4.6600 36.3900 10.8800 0.000000 0.000000 172.000000 59.000000
4.6700 36.3900 11.2400 0.000000 0.000000 172.000000 58.000000
4.6800 36.3900 11.5600 0.000000 0.000000 172.000000 58.000000
4.6900 36.3900 11.5600 327.000000 1.000000 172.000000 58.000000
4.7000 36.3900 11.5600 481.000000 0.000000 172.000000 58.000000
4.7100 36.3900 11.5600 616.000000 0.000000 172.000000 58.000000
4.7200 36.3900 11.5600 708.000000 0.000000 172.000000 58.000000
4.7300 35.9700 11.5400 754.000000 0.000000 172.000000 58.000000
4.7400 35.6800 11.5400 768.000000 0.000000 170.000000 58.000000
4.7500 35.3700 11.4800 750.000000 0.000000 168.000000 58.000000
4.7600 35.0800 11.4800 703.000000 0.000000 168.000000 58.000000
4.7700 34.8900 11.4200 603.000000 0.000000 168.000000 58.000000
4.7800 34.7600 11.4200 394.000000 0.000000 167.000000 58.000000
4.7900 34.7600 11.3600 44.000000 0.000000 167.000000 58.000000
4.8000 34.7600 11.3600 0.000000 1.000000 167.000000 58.000000
4.8100 34.8800 11.3000 0.000000 0.000000 165.000000 58.000000
4.8200 35.0000 11.3700 0.000000 0.000000 165.000000 58.000000
4.8300 35.1600 11.4300 0.000000 0.000000 166.000000 57.000000
4.8400 35.3400 11.5100 0.000000 0.000000 167.000000 57.000000
4.8500 35.5200 11.5800 0.000000 0.000000 168.000000 56.000000
4.8600 35.6600 11.6500 0.000000 0.000000 169.000000 57.000000
4.8700 35.7900 11.6500 0.000000 0.000000 170.000000 56.000000
4.8800 35.9100 11.6500 0.000000 0.000000 171.000000 56.000000
4.8900 36.0600 11.6500 0.000000 0.000000 171.000000 55.000000
4.9000 36.2000 11.6500 0.000000 0.000000 173.000000 54.000000
4.9100 36.3300 11.7000 0.000000 0.000000 173.000000 54.000000
4.9200 36.4000 11.7000 0.000000 0.000000 175.000000 54.000000
4.9300 36.4000 11.7000 0.000000 0.000000 175.000000 54.000000
4.9400 36.5200 11.7000 0.000000 0.000000 175.000000 54.000000
4.9500 36.5800 11.5900 0.000000 0.000000 175.000000 54.000000
4.9600 36.5800 11.5000 0.000000 0.000000 174.000000 55.000000
4.9700 36.6800 11.4000 0.000000 0.000000 174.000000 55.000000
4.9800 36.7500 11.3200 0.000000 0.000000 174.000000 55.000000
4.9900 36.8500 11.2500 0.000000 0.000000 174.000000 55.000000
5.0000 36.9400 11.1800 0.000000 0.000000 174.000000 55.000000
5.0100 37.0000 11.1200 0.000000 0.000000 174.000000 55.000000
5.0200 37.0800 11.1200 0.000000 0.000000 174.000000 56.000000
5.0300 37.1400 11.0700 0.000000 0.000000 174.000000 56.000000
5.0400 37.1400 11.0700 0.000000 0.000000 174.000000 56.000000
5.0500 37.2800 11.0100 0.000000 0.000000 174.000000 56.000000
5.0600 37.3700 11.0100 0.000000 0.000000 174.000000 56.000000
5.0700 37.4300 10.9500 0.000000 0.000000 173.000000 56.000000
5.0800 37.4300 10.9500 0.000000 0.000000 171.000000 56.000000
5.0900 37.4300 10.8900 0.000000 0.000000 169.000000 57.000000
5.1000 37.5000 10.8900 0.000000 0.000000 168.000000 56.000000
5.1100 37.5000 10.8900 6.000000 0.000000 165.000000 56.000000
5.1200 37.5000 10.8900 178.000000 1.000000 163.000000 57.000000
5.1300 37.7600 10.8900 296.000000 0.000000 160.000000 56.000000
5.1400 37.7600 10.9500 407.000000 0.000000 158.000000 56.000000
5.1500 37.7600 10.9500 469.000000 0.000000 158.000000 56.000000
5.1600 37.7600 10.9500 494.000000 0.000000 156.000000 57.000000
5.1700 37.8300 10.8300 516.000000 0.000000 154.000000 56.000000
5.1800 37.8300 10.8300 535.000000 0.000000 154.000000 56.000000
5.1900 37.8900 10.5200 530.000000 0.000000 154.000000 56.000000
5.2000 37.8200 10.3600 544.000000 0.000000 154.000000 56.000000
5.2100 37.7500 10.2800 546.000000 0.000000 154.000000 56.000000
5.2200 37.6600 10.2800 551.000000 0.000000 154.000000 56.000000
5.2300 37.5200 10.2800 575.000000 0.000000 154.000000 56.000000
5.2400 37.3600 10.2800 589.000000 0.000000 154.000000 56.000000
5.2500 37.2200 10.3300 583.000000 0.000000 154.000000 56.000000
5.2600 37.0700 10.4500 591.000000 0.000000 156.000000 57.000000
5.2700 36.9200 10.6200 606.000000 0.000000 157.000000 57.000000
5.2800 36.9200 10.7800 625.000000 0.000000 159.000000 57.000000
5.2900 36.9200 10.9200 644.000000 0.000000 161.000000 57.000000
5.3000 36.9700 11.0500 640.000000 0.000000 162.000000 58.000000
5.3100 37.0900 11.1200 616.000000 0.000000 165.000000 58.000000
5.3200 37.2100 11.1700 526.000000 0.000000 167.000000 58.000000
5.3300 37.4500 11.1700 334.000000 0.000000 167.000000 58.000000
5.3400 37.4500 11.1700 0.000000 1.000000 167.000000 58.000000
5.3500 37.9800 11.0800 0.000000 0.000000 165.000000 58.000000
5.3600 38.1900 11.0800 0.000000 0.000000 164.000000 58.000000
5.3700 38.3800 11.1900 0.000000 0.000000 162.000000 58.000000
5.3800 38.5300 11.2600 0.000000 0.000000 162.000000 58.000000
5.3900 38.6500 11.3700 0.000000 0.000000 161.000000 57.000000
5.4000 38.7600 11.5000 0.000000 0.000000 161.000000 57.000000
5.4100 38.8300 11.6300 0.000000 0.000000 161.000000 57.000000
5.4200 38.8300 11.7300 0.000000 0.000000 162.000000 56.000000
5.4300 38.7800 11.7300 0.000000 0.000000 162.000000 56.000000
5.4400 38.7800 11.7300 208.000000 1.000000 163.000000 56.000000
5.4500 38.7800 11.7300 387.000000 0.000000 163.000000 56.000000
5.4600 38.7800 11.7300 535.000000 0.000000 161.000000 57.000000
5.4700 39.0100 11.3900 610.000000 0.000000 161.000000 57.000000
5.4800 39.1700 11.1000 671.000000 0.000000 160.000000 56.000000
5.4900 39.3200 10.8200 702.000000 0.000000 159.000000 57.000000
5.5000 39.3800 10.5400 721.000000 0.000000 157.000000 57.000000
5.5100 39.3800 10.3400 734.000000 0.000000 157.000000 57.000000
5.5200 39.4300 10.1900 746.000000 0.000000 157.000000 57.000000
5.5300 39.4300 10.1900 770.000000 0.000000 157.000000 57.000000
5.5400 39.4300 10.1900 806.000000 0.000000 157.000000 57.000000
5.5500 39.4300 10.1900 831.000000 0.000000 157.000000 57.000000
5.5600 39.3800 10.3400 834.000000 0.000000 157.000000 57.000000
5.5700 39.3800 10.5400 833.000000 0.000000 157.000000 57.000000
5.5800 39.3100 10.7800 821.000000 0.000000 157.000000 57.000000
5.5900 39.3100 11.1000 817.000000 0.000000 157.000000 57.000000
5.6000 39.2500 11.4200 812.000000 0.000000 157.000000 57.000000
5.6100 39.3100 11.7300 767.000000 0.000000 157.000000 57.000000
5.6200 39.3900 11.8500 669.000000 0.000000 157.000000 57.000000
5.6300 39.5300 11.9300 473.000000 0.000000 157.000000 57.000000
5.6400 39.7200 11.8600 101.000000 0.000000 157.000000 57.000000
5.6500 39.7200 11.8600 0.000000 1.000000 157.000000 57.000000
5.6600 40.0700 11.6500 0.000000 0.000000 159.000000 57.000000
5.6700 40.1900 11.6500 0.000000 0.000000 159.000000 57.000000
5.6800 40.2700 11.7600 0.000000 0.000000 159.000000 57.000000
5.6900 40.3500 11.7600 0.000000 0.000000 161.000000 57.000000
5.7000 40.4400 11.8400 0.000000 0.000000 161.000000 57.000000
5.7100 40.5800 11.8900 0.000000 0.000000 163.000000 57.000000
5.7200 40.5800 11.8900 44.000000 1.000000 163.000000 57.000000
5.7300 40.8300 11.6000 286.000000 0.000000 164.000000 57.000000
5.7400 40.9700 11.3800 431.000000 0.000000 164.000000 57.000000
5.7500 41.1100 11.1500 518.000000 0.000000 164.000000 57.000000
5.7600 41.2500 10.9000 570.000000 0.000000 164.000000 58.000000
5.7700 41.2500 10.6900 627.000000 0.000000 162.000000 58.000000
5.7800 41.2500 10.5000 653.000000 0.000000 162.000000 58.000000
5.7900 41.2000 10.4000 697.000000 0.000000 162.000000 58.000000
5.8000 41.2000 10.4000 760.000000 0.000000 161.000000 57.000000
5.8100 41.2000 10.4000 787.000000 0.000000 161.000000 57.000000
5.8200 41.2000 10.4800 799.000000 0.000000 161.000000 57.000000
5.8300 41.2000 10.6700 805.000000 0.000000 161.000000 57.000000
5.8400 41.2000 10.9300 815.000000 0.000000 161.000000 57.000000
5.8500 41.2500 11.1400 803.000000 0.000000 159.000000 57.000000
5.8600 41.2500 11.4400 777.000000 0.000000 159.000000 57.000000
5.8700 41.3200 11.8100 730.000000 0.000000 159.000000 57.000000
5.8800 41.3200 11.9700 591.000000 0.000000 161.000000 57.000000
5.8900 41.4300 11.9700 374.000000 0.000000 161.000000 57.000000
5.9000 41.5600 11.8700 108.000000 0.000000 161.000000 57.000000
5.9100 41.5600 11.8700 0.000000 1.000000 161.000000 57.000000
5.9200 41.9300 11.4100 0.000000 0.000000 162.000000 58.000000
5.9300 42.0100 11.2300 0.000000 0.000000 162.000000 58.000000
5.9400 42.0100 11.0800 0.000000 0.000000 162.000000 58.000000
5.9500 42.0100 10.9500 0.000000 0.000000 164.000000 58.000000
5.9600 42.0100 10.8400 0.000000 0.000000 164.000000 58.000000
5.9700 42.0100 10.7500 0.000000 0.000000 165.000000 58.000000
5.9800 42.0100 10.7500 170.000000 1.000000 165.000000 58.000000
5.9900 42.3300 10.6900 315.000000 0.000000 166.000000 57.000000
6.0000 42.4800 10.8100 415.000000 0.000000 166.000000 57.000000
6.0100 42.8100 10.9400 519.000000 0.000000 165.000000 58.000000
6.0200 43.0900 11.0900 588.000000 0.000000 167.000000 58.000000
6.0300 43.3300 11.2500 616.000000 0.000000 167.000000 58.000000
6.0400 43.6000 11.4500 636.000000 0.000000 167.000000 58.000000
6.0500 43.8100 11.6600 644.000000 0.000000 168.000000 58.000000
6.0600 43.9100 11.8700 652.000000 0.000000 168.000000 58.000000
6.0700 43.9600 11.9900 638.000000 0.000000 170.000000 59.000000
6.0800 43.9600 12.0600 625.000000 0.000000 170.000000 59.000000
6.0900 43.7900 12.1200 595.000000 0.000000 170.000000 59.000000
6.1000 43.6100 12.1900 536.000000 0.000000 170.000000 59.000000
6.1100 43.4100 12.0300 519.000000 0.000000 170.000000 59.000000
6.1200 43.2100 11.8500 497.000000 0.000000 170.000000 59.000000
6.1300 43.0200 11.5800 496.000000 0.000000 170.000000 59.000000
6.1400 42.8600 11.2700 488.000000 0.000000 170.000000 59.000000
6.1500 42.7300 11.0400 491.000000 0.000000 170.000000 59.000000
6.1600 42.6400 10.8700 499.000000 0.000000 170.000000 59.000000
6.1700 42.6400 10.7400 537.000000 0.000000 170.000000 59.000000
6.1800 42.6400 10.7400 605.000000 0.000000 170.000000 59.000000
6.1900 42.8100 10.6900 664.000000 0.000000 170.000000 59.000000
6.2000 43.0600 10.6900 703.000000 0.000000 170.000000 59.000000
6.2100 43.4000 10.7800 752.000000 0.000000 168.000000 58.000000
6.2200 43.6900 10.7800 751.000000 0.000000 168.000000 58.000000
6.2300 43.9400 10.7800 765.000000 0.000000 170.000000 59.000000
6.2400 44.0900 10.8300 773.000000 0.000000 170.000000 59.000000
6.2500 44.1900 10.8300 776.000000 0.000000 170.000000 59.000000
6.2600 44.2600 10.8300 770.000000 0.000000 170.000000 59.000000
6.2700 44.2600 10.7600 756.000000 0.000000 172.000000 59.000000
6.2800 44.2600 10.7600 755.000000 0.000000 172.000000 59.000000
6.2900 44.2600 10.7600 737.000000 0.000000 172.000000 59.000000
6.3000 44.2600 10.6900 722.000000 0.000000 172.000000 59.000000
6.3100 44.2100 10.6900 731.000000 0.000000 172.000000 59.000000
6.3200 44.2100 10.6900 728.000000 0.000000 172.000000 59.000000
6.3300 44.1200 10.6900 699.000000 0.000000 172.000000 59.000000
6.3400 44.1200 10.6900 646.000000 0.000000 172.000000 59.000000
6.3500 44.1200 10.6900 519.000000 0.000000 172.000000 59.000000
6.3600 44.1200 10.6900 203.000000 0.000000 172.000000 59.000000
6.3700 44.1200 10.6900 0.000000 1.000000 172.000000 59.000000
6.3800 44.1200 10.6900 0.000000 0.000000 172.000000 59.000000
6.3900 44.1200 10.6900 0.000000 0.000000 172.000000 59.000000
6.4000 44.1200 10.6900 0.000000 0.000000 172.000000 59.000000
6.4100 44.1200 10.6900 0.000000 0.000000 172.000000 59.000000
6.4200 44.2900 10.9800 0.000000 0.000000 172.000000 59.000000
6.4300 44.4500 11.0700 0.000000 0.000000 172.000000 59.000000
6.4400 44.6700 11.1900 0.000000 0.000000 172.000000 59.000000
6.4500 44.8800 11.4300 0.000000 0.000000 172.000000 59.000000
6.4600 45.1000 11.7300 0.000000 0.000000 172.000000 59.000000
6.4700 45.2500 12.0000 0.000000 0.000000 172.000000 58.000000
6.4800 45.3500 12.2500 0.000000 0.000000 172.000000 58.000000
6.4900 45.4300 12.4400 0.000000 0.000000 172.000000 58.000000
6.5000 45.4300 12.5700 0.000000 0.000000 172.000000 58.000000
6.5100 45.4300 12.6600 0.000000 0.000000 172.000000 58.000000
6.5200 45.4300 12.7600 0.000000 0.000000 172.000000 58.000000
6.5300 45.4300 12.8400 0.000000 0.000000 172.000000 57.000000
6.5400 45.3800 12.9200 0.000000 0.000000 172.000000 57.000000
6.5500 45.3800 13.0000 0.000000 0.000000 172.000000 57.000000
6.5600 45.3800 13.0700 0.000000 0.000000 172.000000 57.000000
6.5700 45.3300 13.0700 0.000000 0.000000 172.000000 57.000000
6.5800 45.3300 13.1200 0.000000 0.000000 172.000000 57.000000
6.5900 45.3300 13.1700 0.000000 0.000000 172.000000 57.000000
6.6000 45.3300 13.2800 0.000000 0.000000 172.000000 57.000000
6.6100 45.3300 13.4500 0.000000 0.000000 172.000000 57.000000
6.6200 45.3300 13.7200 0.000000 0.000000 172.000000 57.000000
6.6300 45.3300 14.1100 0.000000 0.000000 172.000000 57.000000
6.6400 45.2600 14.5700 0.000000 0.000000 172.000000 57.000000
6.6500 45.1300 15.2900 0.000000 0.000000 172.000000 57.000000
6.6600 44.9500 16.1500 0.000000 0.000000 173.000000 56.000000
6.6700 44.7300 17.1000 0.000000 0.000000 173.000000 55.000000
6.6800 44.4700 18.0800 0.000000 0.000000 173.000000 55.000000
6.6900 44.4100 18.7800 0.000000 0.000000 171.000000 55.000000
6.7000 44.4100 19.3000 0.000000 0.000000 172.000000 54.000000
6.7100 44.4100 19.3000 269.000000 1.000000 172.000000 54.000000
6.7200 44.6400 19.7300 405.000000 0.000000 172.000000 54.000000
6.7300 44.6900 19.8500 535.000000 0.000000 171.000000 53.000000
6.7400 44.6900 19.9000 636.000000 0.000000 171.000000 53.000000
6.7500 44.7400 19.9000 673.000000 0.000000 171.000000 53.000000
6.7600 44.7400 19.9000 694.000000 0.000000 171.000000 53.000000
6.7700 44.7400 19.8000 730.000000 0.000000 171.000000 53.000000
6.7800 44.7400 19.3900 777.000000 0.000000 171.000000 53.000000
6.7900 44.9800 18.7800 793.000000 0.000000 169.000000 53.000000
6.8000 45.3300 17.9300 825.000000 0.000000 169.000000 53.000000
6.8100 45.6800 16.7600 853.000000 0.000000 171.000000 53.000000
6.8200 45.9900 15.3700 890.000000 0.000000 171.000000 53.000000
6.8300 46.1100 13.9300 894.000000 0.000000 170.000000 54.000000
6.8400 46.1100 12.4100 914.000000 0.000000 170.000000 55.000000
6.8500 45.8500 10.8500 930.000000 0.000000 171.000000 56.000000
6.8600 45.2500 9.7000 941.000000 0.000000 171.000000 57.000000
6.8700 44.4300 8.7600 982.000000 0.000000 170.000000 58.000000
6.8800 43.2800 7.9600 979.000000 0.000000 170.000000 59.000000
6.8900 42.0200 7.3900 1023.000000 0.000000 170.000000 59.000000
6.9000 40.6800 7.0700 1023.000000 0.000000 168.000000 58.000000
6.9100 39.3100 6.9100 1023.000000 0.000000 167.000000 58.000000
6.9200 37.6800 6.7800 1023.000000 0.000000 166.000000 57.000000
6.9300 35.8800 6.7200 1023.000000 0.000000 164.000000 57.000000
6.9400 34.1400 6.7200 1023.000000 0.000000 165.000000 56.000000
6.9500 32.2400 6.6500 1023.000000 0.000000 164.000000 55.000000
6.9600 30.2300 6.7300 1023.000000 0.000000 164.000000 54.000000
6.9700 28.5500 6.9000 1023.000000 0.000000 164.000000 53.000000
6.9800 26.9100 7.0700 1023.000000 0.000000 162.000000 53.000000
6.9900 25.5300 7.3700 1023.000000 0.000000 163.000000 52.000000
7.0000 24.3100 7.7600 1023.000000 0.000000 164.000000 52.000000
7.0100 23.3300 8.3200 1023.000000 0.000000 164.000000 52.000000
7.0200 22.4000 8.9700 1023.000000 0.000000 165.000000 51.000000
7.0300 21.7000 9.6900 1023.000000 0.000000 163.000000 52.000000
7.0400 21.1400 10.4900 1023.000000 0.000000 163.000000 52.000000
7.0500 21.0900 11.2500 1023.000000 0.000000 163.000000 52.000000
7.0600 21.3700 12.1200 1005.000000 0.000000 162.000000 53.000000
7.0700 21.8700 13.0800 988.000000 0.000000 162.000000 53.000000
7.0800 22.8500 13.8500 983.000000 0.000000 161.000000 52.000000
7.0900 24.1300 14.6000 947.000000 0.000000 161.000000 52.000000
7.1000 25.6100 15.3100 929.000000 0.000000 160.000000 52.000000
7.1100 27.3500 15.9800 908.000000 0.000000 160.000000 52.000000
7.1200 29.0500 16.6000 879.000000 0.000000 160.000000 52.000000
7.1300 30.7200 17.1000 869.000000 0.000000 160.000000 52.000000
7.1400 32.4200 17.2100 857.000000 0.000000 160.000000 51.000000
7.1500 33.7400 17.0600 858.000000 0.000000 162.000000 52.000000
7.1600 34.8000 16.7100 845.000000 0.000000 163.000000 52.000000
7.1700 35.6200 16.3000 836.000000 0.000000 164.000000 52.000000
7.1800 36.0500 15.7400 828.000000 0.000000 164.000000 52.000000
7.1900 36.2300 15.1000 825.000000 0.000000 166.000000 52.000000
7.2000 36.1200 14.5000 828.000000 0.000000 166.000000 53.000000
7.2100 35.7900 13.9700 834.000000 0.000000 168.000000 53.000000
7.2200 35.3000 13.4900 845.000000 0.000000 167.000000 54.000000
7.2300 34.5800 13.1300 857.000000 0.000000 167.000000 55.000000
7.2400 33.6100 12.8600 863.000000 0.000000 167.000000 55.000000
7.2500 32.4800 12.6400 863.000000 0.000000 166.000000 56.000000
7.2600 31.0700 12.5300 857.000000 0.000000 166.000000 56.000000
7.2700 29.6800 12.4200 855.000000 0.000000 165.000000 56.000000
7.2800 28.4500 12.3000 864.000000 0.000000 163.000000 56.000000
7.2900 27.3100 12.1300 854.000000 0.000000 162.000000 56.000000
7.3000 26.1200 11.8800 866.000000 0.000000 162.000000 56.000000
7.3100 25.0200 11.5900 855.000000 0.000000 162.000000 56.000000
7.3200 24.1000 11.3100 860.000000 0.000000 161.000000 55.000000
7.3300 23.1000 10.9900 881.000000 0.000000 161.000000 55.000000
7.3400 22.0400 10.6800 897.000000 0.000000 162.000000 54.000000
7.3500 20.6500 10.2900 941.000000 0.000000 162.000000 54.000000
7.3600 19.1500 9.8100 964.000000 0.000000 162.000000 53.000000
7.3700 17.5700 9.2200 974.000000 0.000000 164.000000 53.000000
7.3800 16.1400 8.5900 970.000000 0.000000 166.000000 52.000000
7.3900 15.1400 8.0100 970.000000 0.000000 167.000000 51.000000
7.4000 14.4300 7.5200 964.000000 0.000000 171.000000 51.000000
7.4100 14.0300 7.0800 940.000000 0.000000 174.000000 50.000000
7.4200 13.9500 6.7700 933.000000 0.000000 178.000000 49.000000
7.4300 14.0800 6.6100 948.000000 0.000000 180.000000 48.000000
7.4400 14.2400 6.5500 938.000000 0.000000 183.000000 47.000000
7.4500 14.8500 6.5500 949.000000 0.000000 185.000000 46.000000
7.4600 15.7600 6.6200 949.000000 0.000000 186.000000 46.000000
7.4700 17.1300 6.7900 949.000000 0.000000 185.000000 46.000000
7.4800 18.7600 7.0200 940.000000 0.000000 183.000000 46.000000
7.4900 20.5500 7.3300 933.000000 0.000000 180.000000 46.000000
7.5000 22.6900 7.7000 937.000000 0.000000 178.000000 47.000000
7.5100 24.9500 8.0500 944.000000 0.000000 174.000000 48.000000
7.5200 27.2800 8.4700 961.000000 0.000000 172.000000 49.000000
7.5300 29.6700 8.9300 980.000000 0.000000 168.000000 49.000000
7.5400 32.0500 9.3100 995.000000 0.000000 165.000000 50.000000
7.5500 34.4300 9.5600 985.000000 0.000000 165.000000 51.000000
7.5600 36.4300 9.7200 982.000000 0.000000 163.000000 52.000000
7.5700 37.9400 9.7900 987.000000 0.000000 162.000000 53.000000
7.5800 39.1300 9.8500 988.000000 0.000000 162.000000 54.000000
7.5900 39.8200 9.8500 988.000000 0.000000 160.000000 54.000000
7.6000 40.3300 9.8500 987.000000 0.000000 159.000000 55.000000
7.6100 40.7100 9.8500 984.000000 0.000000 158.000000 55.000000
7.6200 40.7600 9.8500 982.000000 0.000000 158.000000 55.000000
7.6300 40.7600 9.8500 987.000000 0.000000 157.000000 56.000000
7.6400 40.7600 9.8500 990.000000 0.000000 157.000000 56.000000
7.6500 40.7600 9.8500 991.000000 0.000000 157.000000 56.000000
7.6600 40.7600 9.8500 985.000000 0.000000 157.000000 56.000000
7.6700 40.7600 9.8500 988.000000 0.000000 157.000000 56.000000
7.6800 40.7600 9.8500 948.000000 0.000000 157.000000 56.000000
7.6900 40.7600 9.8500 845.000000 0.000000 157.000000 56.000000
7.7000 40.7600 9.8500 690.000000 0.000000 158.000000 55.000000
7.7100 40.6800 9.8500 493.000000 0.000000 158.000000 55.000000
