0.0000 13.3900 28.2800 103.000000 1.000000 165.000000 62.000000
0.0100 13.3900 28.5500 233.000000 0.000000 167.000000 61.000000
0.0200 13.3900 28.6900 334.000000 0.000000 169.000000 62.000000
0.0300 13.3100 28.8100 483.000000 0.000000 169.000000 62.000000
0.0400 13.3100 28.8700 561.000000 0.000000 169.000000 61.000000
0.0500 13.3100 28.8700 588.000000 0.000000 168.000000 60.000000
0.0600 13.3100 28.8200 664.000000 0.000000 166.000000 60.000000
0.0700 13.3100 28.5800 720.000000 0.000000 166.000000 60.000000
0.0800 13.3600 28.2200 771.000000 0.000000 164.000000 60.000000
0.0900 13.4500 27.7400 790.000000 0.000000 164.000000 60.000000
0.1000 13.5000 27.2500 808.000000 0.000000 164.000000 60.000000
0.1100 13.5000 26.8100 817.000000 0.000000 163.000000 61.000000
0.1200 13.6500 26.4700 823.000000 0.000000 163.000000 61.000000
0.1300 13.7200 26.1800 791.000000 0.000000 163.000000 61.000000
0.1400 13.7200 25.9700 749.000000 0.000000 165.000000 62.000000
0.1500 13.8100 25.8400 666.000000 0.000000 165.000000 62.000000
0.1600 13.9400 25.7600 561.000000 0.000000 166.000000 63.000000
0.1700 14.0100 25.7600 409.000000 0.000000 166.000000 63.000000
0.1800 14.0100 25.9100 215.000000 0.000000 168.000000 63.000000
0.1900 14.0100 26.1100 125.000000 0.000000 170.000000 64.000000
0.2000 13.9000 26.4600 109.000000 0.000000 170.000000 64.000000
0.2100 13.7600 26.8900 93.000000 0.000000 172.000000 64.000000
0.2200 13.5700 27.3700 205.000000 0.000000 172.000000 64.000000
0.2300 13.4100 27.8200 281.000000 0.000000 172.000000 64.000000
0.2400 13.3500 28.2300 377.000000 0.000000 170.000000 63.000000
0.2500 13.3000 28.4500 491.000000 0.000000 170.000000 63.000000
0.2600 13.2500 28.5700 546.000000 0.000000 168.000000 63.000000
0.2700 13.2500 28.5700 581.000000 0.000000 167.000000 61.000000
0.2800 13.3400 28.6300 594.000000 0.000000 165.000000 61.000000
0.2900 13.6300 28.6300 611.000000 0.000000 165.000000 61.000000
0.3000 14.0800 28.5200 639.000000 0.000000 165.000000 61.000000
0.3100 14.6400 28.3500 652.000000 0.000000 165.000000 61.000000
0.3200 15.2400 28.1200 675.000000 0.000000 165.000000 61.000000
0.3300 15.8900 27.8500 697.000000 0.000000 165.000000 61.000000
0.3400 16.3800 27.4700 700.000000 0.000000 165.000000 61.000000
0.3500 16.7700 27.0000 733.000000 0.000000 165.000000 61.000000
0.3600 16.8900 26.5400 763.000000 0.000000 163.000000 61.000000
0.3700 16.7000 26.1000 806.000000 0.000000 163.000000 61.000000
0.3800 16.3100 25.6700 824.000000 0.000000 163.000000 62.000000
0.3900 15.6200 25.3300 827.000000 0.000000 163.000000 62.000000
0.4000 14.8800 25.0700 833.000000 0.000000 163.000000 62.000000
0.4100 14.1000 24.9400 869.000000 0.000000 162.000000 63.000000
0.4200 13.5300 24.8700 888.000000 0.000000 164.000000 63.000000
0.4300 13.0200 24.8700 929.000000 0.000000 163.000000 64.000000
0.4400 12.7800 24.8700 943.000000 0.000000 165.000000 64.000000
0.4500 12.7000 24.8700 964.000000 0.000000 165.000000 64.000000
0.4600 12.6500 24.8700 953.000000 0.000000 165.000000 64.000000
0.4700 12.6500 24.8700 914.000000 0.000000 163.000000 64.000000
0.4800 12.7000 24.8700 824.000000 0.000000 161.000000 64.000000
0.4900 12.7800 24.8700 669.000000 0.000000 161.000000 64.000000
0.5000 13.0900 24.8700 239.000000 0.000000 159.000000 64.000000
0.5100 13.0900 24.8700 0.000000 1.000000 161.000000 64.000000
0.5200 13.7900 25.0000 0.000000 0.000000 161.000000 64.000000
0.5300 14.0900 25.1100 0.000000 0.000000 161.000000 64.000000
0.5400 14.3900 25.2600 0.000000 0.000000 161.000000 64.000000
0.5500 14.6900 25.4000 0.000000 0.000000 163.000000 64.000000
0.5600 15.0000 25.5200 0.000000 0.000000 164.000000 63.000000
0.5700 15.3300 25.6500 0.000000 0.000000 164.000000 63.000000
0.5800 15.7200 25.8200 0.000000 0.000000 165.000000 62.000000
0.5900 16.1300 26.0000 0.000000 0.000000 165.000000 61.000000
0.6000 16.5400 26.0800 0.000000 0.000000 163.000000 61.000000
0.6100 16.8700 26.1400 0.000000 0.000000 162.000000 60.000000
0.6200 17.1600 26.1400 0.000000 0.000000 162.000000 60.000000
0.6300 17.3300 26.2200 0.000000 0.000000 161.000000 60.000000
0.6400 17.5200 26.2200 0.000000 0.000000 161.000000 60.000000
0.6500 17.6400 26.2900 0.000000 0.000000 161.000000 60.000000
0.6600 17.7100 26.3400 0.000000 0.000000 160.000000 60.000000
0.6700 17.8000 26.4300 0.000000 0.000000 160.000000 60.000000
0.6800 17.8600 26.5300 0.000000 0.000000 158.000000 60.000000
0.6900 17.8600 26.5800 0.000000 0.000000 157.000000 61.000000
0.7000 17.9400 26.6300 0.000000 0.000000 157.000000 61.000000
0.7100 18.0100 26.6300 0.000000 0.000000 156.000000 61.000000
0.7200 18.0100 26.6300 109.000000 1.000000 156.000000 61.000000
0.7300 18.0100 26.6300 203.000000 0.000000 154.000000 60.000000
0.7400 18.3000 26.5100 317.000000 0.000000 154.000000 60.000000
0.7500 18.4300 26.3700 407.000000 0.000000 154.000000 60.000000
0.7600 18.4900 26.1900 472.000000 0.000000 154.000000 60.000000
0.7700 18.4900 25.9800 540.000000 0.000000 154.000000 60.000000
0.7800 18.4100 25.7300 608.000000 0.000000 153.000000 61.000000
0.7900 18.2400 25.4900 639.000000 0.000000 153.000000 61.000000
0.8000 18.0100 25.3400 650.000000 0.000000 153.000000 61.000000
0.8100 17.7700 25.2500 662.000000 0.000000 152.000000 62.000000
0.8200 17.5600 25.3100 667.000000 0.000000 152.000000 62.000000
0.8300 17.4200 25.4200 664.000000 0.000000 152.000000 62.000000
0.8400 17.2900 25.5700 662.000000 0.000000 152.000000 62.000000
0.8500 17.2000 25.8100 664.000000 0.000000 150.000000 62.000000
0.8600 17.1500 26.0800 652.000000 0.000000 150.000000 62.000000
0.8700 17.1500 26.3800 653.000000 0.000000 150.000000 62.000000
0.8800 17.2600 26.5700 653.000000 0.000000 148.000000 61.000000
0.8900 17.4600 26.7300 655.000000 0.000000 148.000000 61.000000
0.9000 17.7200 26.8200 659.000000 0.000000 150.000000 60.000000
0.9100 17.9100 26.8200 667.000000 0.000000 150.000000 60.000000
0.9200 18.1000 26.7400 696.000000 0.000000 151.000000 60.000000
0.9300 18.3100 26.5800 733.000000 0.000000 152.000000 60.000000
0.9400 18.4200 26.4200 736.000000 0.000000 152.000000 60.000000
0.9500 18.4800 26.2700 754.000000 0.000000 152.000000 60.000000
0.9600 18.5300 26.1200 762.000000 0.000000 152.000000 60.000000
0.9700 18.5300 26.0300 762.000000 0.000000 152.000000 60.000000
0.9800 18.5900 25.9700 721.000000 0.000000 152.000000 60.000000
0.9900 18.5900 25.9200 641.000000 0.000000 151.000000 61.000000
1.0000 18.6900 25.9200 509.000000 0.000000 151.000000 61.000000
1.0100 18.8100 25.9800 190.000000 0.000000 151.000000 61.000000
1.0200 18.8100 25.9800 0.000000 1.000000 151.000000 61.000000
1.0300 19.0500 26.2400 0.000000 0.000000 151.000000 61.000000
1.0400 19.0500 26.4600 0.000000 0.000000 151.000000 61.000000
1.0500 19.0000 26.7100 0.000000 0.000000 151.000000 61.000000
1.0600 19.0000 26.7100 170.000000 1.000000 151.000000 61.000000
1.0700 19.0000 26.7100 296.000000 0.000000 151.000000 61.000000
1.0800 19.0000 26.7100 448.000000 0.000000 154.000000 60.000000
1.0900 19.2500 26.7400 512.000000 0.000000 154.000000 60.000000
1.1000 19.3700 26.5200 586.000000 0.000000 154.000000 60.000000
1.1100 19.4700 26.2800 595.000000 0.000000 154.000000 60.000000
1.1200 19.5200 26.0500 606.000000 0.000000 154.000000 60.000000
1.1300 19.5200 25.8700 611.000000 0.000000 153.000000 61.000000
1.1400 19.5800 25.7300 616.000000 0.000000 153.000000 61.000000
1.1500 19.5800 25.7300 614.000000 0.000000 153.000000 61.000000
1.1600 19.6300 25.7300 614.000000 0.000000 152.000000 62.000000
1.1700 19.6300 25.8100 614.000000 0.000000 152.000000 62.000000
1.1800 19.7600 26.0100 605.000000 0.000000 152.000000 62.000000
1.1900 19.8900 26.2900 591.000000 0.000000 152.000000 62.000000
1.2000 20.0100 26.6300 570.000000 0.000000 152.000000 62.000000
1.2100 20.0100 26.8400 551.000000 0.000000 154.000000 63.000000
1.2200 20.0100 27.0400 512.000000 0.000000 155.000000 62.000000
1.2300 20.0100 27.1100 330.000000 0.000000 155.000000 62.000000
1.2400 20.0100 27.1100 63.000000 0.000000 156.000000 61.000000
1.2500 20.0100 27.1100 0.000000 1.000000 156.000000 61.000000
1.2600 20.3900 27.0500 0.000000 0.000000 156.000000 61.000000
1.2700 20.6700 27.0000 0.000000 0.000000 157.000000 60.000000
1.2800 20.9300 27.0000 0.000000 0.000000 157.000000 60.000000
1.2900 21.1500 27.1100 0.000000 0.000000 157.000000 60.000000
1.3000 21.2600 27.1700 0.000000 0.000000 157.000000 60.000000
1.3100 21.3100 27.1700 0.000000 0.000000 157.000000 60.000000
1.3200 21.3100 27.1700 193.000000 1.000000 158.000000 60.000000
1.3300 21.3100 27.1700 374.000000 0.000000 158.000000 60.000000
1.3400 21.3100 27.1700 512.000000 0.000000 158.000000 60.000000
1.3500 21.5100 26.8100 641.000000 0.000000 158.000000 60.000000
1.3600 21.5100 26.6500 684.000000 0.000000 158.000000 60.000000
1.3700 21.5100 26.5100 703.000000 0.000000 158.000000 60.000000
1.3800 21.5800 26.3900 714.000000 0.000000 158.000000 60.000000
1.3900 21.5800 26.2600 667.000000 0.000000 157.000000 61.000000
1.4000 21.5800 26.1900 567.000000 0.000000 157.000000 61.000000
1.4100 21.5800 26.1900 327.000000 0.000000 157.000000 61.000000
1.4200 21.5800 26.1200 5.000000 1.000000 156.000000 62.000000
1.4300 21.5800 26.1200 0.000000 0.000000 156.000000 62.000000
1.4400 21.4600 26.1200 0.000000 0.000000 156.000000 62.000000
1.4500 21.4600 26.1200 0.000000 0.000000 156.000000 62.000000
1.4600 21.4000 26.4000 0.000000 0.000000 156.000000 62.000000
1.4700 21.5400 26.4700 0.000000 0.000000 156.000000 62.000000
1.4800 21.7000 26.4700 0.000000 0.000000 156.000000 62.000000
1.4900 21.8700 26.5900 0.000000 0.000000 156.000000 62.000000
1.5000 22.3000 26.6500 0.000000 0.000000 156.000000 62.000000
1.5100 22.6600 26.7600 0.000000 0.000000 158.000000 62.000000
1.5200 22.9800 26.9200 0.000000 0.000000 158.000000 62.000000
1.5300 23.2900 27.1400 0.000000 0.000000 159.000000 61.000000
1.5400 23.5700 27.3200 0.000000 0.000000 159.000000 61.000000
1.5500 23.6400 27.4200 0.000000 0.000000 159.000000 61.000000
1.5600 23.6400 27.4200 148.000000 1.000000 159.000000 61.000000
1.5700 23.6400 27.4200 267.000000 0.000000 160.000000 60.000000
1.5800 23.2900 27.3600 430.000000 0.000000 160.000000 60.000000
1.5900 23.0500 27.2300 519.000000 0.000000 160.000000 60.000000
1.6000 22.7900 27.0200 605.000000 0.000000 160.000000 60.000000
1.6100 22.5300 26.7800 664.000000 0.000000 160.000000 60.000000
1.6200 22.2800 26.5500 688.000000 0.000000 160.000000 60.000000
1.6300 22.2800 26.3900 691.000000 0.000000 160.000000 60.000000
1.6400 22.2200 26.2800 696.000000 0.000000 159.000000 61.000000
1.6500 22.2200 26.1900 678.000000 0.000000 159.000000 61.000000
1.6600 22.2800 26.1000 658.000000 0.000000 159.000000 61.000000
1.6700 22.4200 26.1000 634.000000 0.000000 156.000000 62.000000
1.6800 22.5900 26.0500 538.000000 0.000000 156.000000 62.000000
1.6900 22.8000 26.1900 366.000000 0.000000 156.000000 62.000000
1.7000 23.0300 26.4000 108.000000 0.000000 156.000000 62.000000
1.7100 23.0300 26.4000 0.000000 1.000000 158.000000 62.000000
1.7200 23.3900 26.9500 0.000000 0.000000 158.000000 62.000000
1.7300 23.3900 27.4300 0.000000 0.000000 158.000000 62.000000
1.7400 23.3900 28.0300 0.000000 0.000000 159.000000 61.000000
1.7500 23.3200 28.5600 0.000000 0.000000 159.000000 61.000000
1.7600 23.1600 29.0500 0.000000 0.000000 160.000000 60.000000
1.7700 23.1600 29.0500 67.000000 1.000000 160.000000 60.000000
1.7800 23.1600 29.0500 185.000000 0.000000 161.000000 60.000000
1.7900 23.1600 29.0500 373.000000 0.000000 161.000000 59.000000
1.8000 23.1600 29.0500 497.000000 0.000000 161.000000 59.000000
1.8100 22.9200 28.6900 594.000000 0.000000 161.000000 59.000000
1.8200 22.9200 28.2100 670.000000 0.000000 162.000000 58.000000
1.8300 22.9700 27.7000 722.000000 0.000000 162.000000 58.000000
1.8400 22.9700 27.1500 730.000000 0.000000 161.000000 59.000000
1.8500 22.9700 26.7600 721.000000 0.000000 160.000000 58.000000
1.8600 23.0300 26.4900 696.000000 0.000000 160.000000 58.000000
1.8700 23.1000 26.2100 560.000000 0.000000 159.000000 59.000000
1.8800 23.1700 26.0500 259.000000 0.000000 158.000000 60.000000
1.8900 23.1700 26.0500 0.000000 1.000000 158.000000 60.000000
1.9000 23.7400 25.9600 0.000000 0.000000 157.000000 61.000000
1.9100 24.0700 26.1300 0.000000 0.000000 156.000000 62.000000
1.9200 24.5000 26.4100 0.000000 0.000000 156.000000 62.000000
1.9300 25.0500 26.6700 0.000000 0.000000 156.000000 62.000000
1.9400 25.5900 26.8800 0.000000 0.000000 156.000000 62.000000
1.9500 25.9600 27.0100 0.000000 0.000000 156.000000 62.000000
1.9600 26.2400 27.0900 0.000000 0.000000 158.000000 62.000000
1.9700 26.3600 27.0900 0.000000 0.000000 159.000000 61.000000
1.9800 26.3600 27.0900 53.000000 1.000000 159.000000 61.000000
1.9900 26.3600 27.0900 299.000000 0.000000 159.000000 61.000000
2.0000 26.3600 27.0900 448.000000 0.000000 160.000000 60.000000
2.0100 26.1100 26.9400 543.000000 0.000000 162.000000 61.000000
2.0200 25.9500 26.8100 620.000000 0.000000 162.000000 61.000000
2.0300 25.7500 26.6700 637.000000 0.000000 161.000000 62.000000
2.0400 25.5900 26.5000 653.000000 0.000000 161.000000 62.000000
2.0500 25.4600 26.3200 655.000000 0.000000 159.000000 61.000000
2.0600 25.3300 26.1300 638.000000 0.000000 158.000000 62.000000
2.0700 25.3900 26.0000 614.000000 0.000000 158.000000 62.000000
2.0800 25.4700 25.8900 561.000000 0.000000 158.000000 62.000000
2.0900 25.6100 25.8900 481.000000 0.000000 157.000000 63.000000
2.1000 25.8700 25.8900 282.000000 0.000000 155.000000 63.000000
2.1100 26.2200 26.0500 70.000000 0.000000 155.000000 63.000000
2.1200 26.2200 26.0500 0.000000 1.000000 157.000000 63.000000
2.1300 26.7000 26.5600 0.000000 0.000000 157.000000 63.000000
2.1400 26.8400 26.9500 0.000000 0.000000 157.000000 63.000000
2.1500 26.8400 27.5200 0.000000 0.000000 158.000000 62.000000
2.1600 26.6800 28.2600 0.000000 0.000000 158.000000 62.000000
2.1700 26.4400 29.1100 0.000000 0.000000 161.000000 62.000000
2.1800 26.2700 29.6700 0.000000 0.000000 162.000000 61.000000
2.1900 26.2700 29.6700 151.000000 1.000000 162.000000 60.000000
2.2000 26.2100 30.0500 311.000000 0.000000 162.000000 60.000000
2.2100 26.2100 29.9100 402.000000 0.000000 161.000000 59.000000
2.2200 26.2100 29.7100 510.000000 0.000000 162.000000 58.000000
2.2300 26.3000 29.2700 569.000000 0.000000 162.000000 58.000000
2.2400 26.4100 28.7000 592.000000 0.000000 163.000000 57.000000
2.2500 26.5100 28.0600 613.000000 0.000000 163.000000 57.000000
2.2600 26.5800 27.4600 610.000000 0.000000 162.000000 58.000000
2.2700 26.5800 26.8800 614.000000 0.000000 161.000000 57.000000
2.2800 26.6500 26.5600 610.000000 0.000000 160.000000 58.000000
2.2900 26.7400 26.3400 588.000000 0.000000 159.000000 59.000000
2.3000 26.7900 26.2000 465.000000 0.000000 158.000000 60.000000
2.3100 26.7900 26.2000 275.000000 0.000000 158.000000 60.000000
2.3200 26.7900 26.2000 0.000000 1.000000 157.000000 61.000000
2.3300 27.0800 26.4100 0.000000 0.000000 156.000000 61.000000
2.3400 27.2900 26.5600 0.000000 0.000000 153.000000 61.000000
2.3500 27.4600 26.6900 0.000000 0.000000 153.000000 61.000000
2.3600 27.6800 26.6900 0.000000 0.000000 151.000000 61.000000
2.3700 27.9000 26.6900 0.000000 0.000000 151.000000 61.000000
2.3800 27.9000 26.6900 139.000000 1.000000 151.000000 61.000000
2.3900 28.2500 26.3500 262.000000 0.000000 150.000000 60.000000
2.4000 28.2500 26.2300 368.000000 0.000000 150.000000 60.000000
2.4100 28.2500 26.0900 468.000000 0.000000 150.000000 60.000000
2.4200 28.1300 25.9600 488.000000 0.000000 150.000000 60.000000
2.4300 27.9400 25.9600 495.000000 0.000000 150.000000 60.000000
2.4400 27.7000 25.9600 486.000000 0.000000 150.000000 60.000000
2.4500 27.4700 26.0300 481.000000 0.000000 150.000000 60.000000
2.4600 27.2800 26.2100 460.000000 0.000000 150.000000 60.000000
2.4700 27.1400 26.4600 455.000000 0.000000 150.000000 60.000000
2.4800 27.1400 26.7500 463.000000 0.000000 150.000000 60.000000
2.4900 27.1400 27.0300 474.000000 0.000000 150.000000 60.000000
2.5000 27.3200 27.2700 493.000000 0.000000 150.000000 60.000000
2.5100 27.4900 27.4200 488.000000 0.000000 151.000000 60.000000
2.5200 27.4900 27.4200 510.000000 0.000000 151.000000 60.000000
2.5300 27.9300 27.5000 521.000000 0.000000 153.000000 59.000000
2.5400 28.0400 27.5000 540.000000 0.000000 153.000000 59.000000
2.5500 28.0400 27.4200 557.000000 0.000000 153.000000 59.000000
2.5600 28.0400 27.3500 591.000000 0.000000 154.000000 58.000000
2.5700 27.9000 27.2800 638.000000 0.000000 156.000000 59.000000
2.5800 27.7300 27.0900 640.000000 0.000000 156.000000 59.000000
2.5900 27.3200 26.8300 641.000000 0.000000 156.000000 59.000000
2.6000 26.9400 26.6800 554.000000 0.000000 155.000000 60.000000
2.6100 26.6200 26.6100 336.000000 0.000000 155.000000 60.000000
2.6200 26.6200 26.6100 0.000000 1.000000 155.000000 60.000000
2.6300 26.5000 26.6700 0.000000 0.000000 156.000000 61.000000
2.6400 26.6600 26.8400 0.000000 0.000000 156.000000 61.000000
2.6500 26.8300 27.0600 0.000000 0.000000 156.000000 61.000000
2.6600 27.1200 27.3100 0.000000 0.000000 157.000000 61.000000
2.6700 27.4900 27.6600 0.000000 0.000000 157.000000 61.000000
2.6800 27.8400 28.0700 0.000000 0.000000 158.000000 60.000000
2.6900 28.1900 28.5300 0.000000 0.000000 158.000000 60.000000
2.7000 28.5600 29.0500 0.000000 0.000000 158.000000 60.000000
2.7100 28.9100 29.6100 0.000000 0.000000 159.000000 59.000000
2.7200 29.1300 30.1000 0.000000 0.000000 159.000000 59.000000
2.7300 29.2800 30.4300 0.000000 0.000000 160.000000 58.000000
2.7400 29.2800 30.6600 0.000000 0.000000 161.000000 59.000000
2.7500 29.2800 30.6600 0.000000 0.000000 162.000000 58.000000
2.7600 29.2800 30.6600 284.000000 1.000000 162.000000 58.000000
2.7700 29.2800 30.6600 366.000000 0.000000 163.000000 57.000000
2.7800 29.2800 30.6600 486.000000 0.000000 161.000000 57.000000
2.7900 29.2800 30.6600 580.000000 0.000000 161.000000 57.000000
2.8000 29.5100 30.0000 638.000000 0.000000 160.000000 55.000000
2.8100 29.6500 29.4300 696.000000 0.000000 160.000000 56.000000
2.8200 29.7800 28.8400 708.000000 0.000000 160.000000 56.000000
2.8300 29.8700 28.2800 721.000000 0.000000 160.000000 56.000000
2.8400 29.9400 27.7700 743.000000 0.000000 159.000000 57.000000
2.8500 30.0400 27.2800 746.000000 0.000000 159.000000 57.000000
2.8600 30.0400 27.0200 731.000000 0.000000 157.000000 57.000000
2.8700 30.0900 26.7600 673.000000 0.000000 157.000000 58.000000
2.8800 30.1600 26.6200 556.000000 0.000000 156.000000 59.000000
2.8900 30.2400 26.5600 284.000000 0.000000 155.000000 60.000000
2.9000 30.2400 26.5600 0.000000 1.000000 155.000000 60.000000
2.9100 30.5400 26.4900 0.000000 0.000000 154.000000 60.000000
2.9200 30.7300 26.6000 0.000000 0.000000 154.000000 60.000000
2.9300 30.9300 26.7600 0.000000 0.000000 154.000000 60.000000
2.9400 31.2000 26.8800 0.000000 0.000000 154.000000 60.000000
2.9500 31.4500 26.9300 0.000000 0.000000 154.000000 60.000000
2.9600 31.4500 26.9300 110.000000 1.000000 154.000000 60.000000
2.9700 31.7900 26.7200 251.000000 0.000000 154.000000 60.000000
2.9800 31.9400 26.6100 364.000000 0.000000 154.000000 60.000000
2.9900 31.9400 26.4800 450.000000 0.000000 154.000000 60.000000
3.0000 31.9400 26.3100 513.000000 0.000000 156.000000 61.000000
3.0100 31.9400 26.3100 557.000000 0.000000 155.000000 62.000000
3.0200 31.5600 26.1400 577.000000 0.000000 155.000000 62.000000
3.0300 31.3400 26.1400 594.000000 0.000000 155.000000 62.000000
3.0400 31.1500 26.2800 605.000000 0.000000 155.000000 62.000000
3.0500 31.0100 26.4200 602.000000 0.000000 155.000000 62.000000
3.0600 30.9000 26.6100 578.000000 0.000000 153.000000 61.000000
3.0700 30.7900 26.8600 570.000000 0.000000 153.000000 61.000000
3.0800 30.7900 27.1500 570.000000 0.000000 153.000000 61.000000
3.0900 30.7900 27.3500 570.000000 0.000000 153.000000 61.000000
3.1000 31.0000 27.5200 580.000000 0.000000 154.000000 60.000000
3.1100 31.2500 27.5200 591.000000 0.000000 154.000000 60.000000
3.1200 31.5300 27.5200 611.000000 0.000000 155.000000 60.000000
3.1300 31.7300 27.4000 636.000000 0.000000 157.000000 60.000000
3.1400 31.8700 27.2400 697.000000 0.000000 157.000000 60.000000
3.1500 32.0400 27.0900 731.000000 0.000000 157.000000 59.000000
3.1600 32.1300 26.9500 745.000000 0.000000 159.000000 59.000000
3.1700 32.1300 26.8300 754.000000 0.000000 159.000000 59.000000
3.1800 32.1300 26.7400 762.000000 0.000000 158.000000 60.000000
3.1900 32.2200 26.6600 751.000000 0.000000 158.000000 60.000000
3.2000 32.2700 26.5900 691.000000 0.000000 158.000000 60.000000
3.2100 32.3300 26.5900 569.000000 0.000000 157.000000 61.000000
3.2200 32.4200 26.5400 255.000000 0.000000 157.000000 61.000000
3.2300 32.4200 26.5400 0.000000 1.000000 157.000000 61.000000
3.2400 33.2700 26.6800 0.000000 0.000000 157.000000 61.000000
3.2500 33.6700 26.8800 0.000000 0.000000 157.000000 61.000000
3.2600 34.0900 27.3700 0.000000 0.000000 157.000000 61.000000
3.2700 34.5100 27.9000 0.000000 0.000000 157.000000 61.000000
3.2800 34.8000 28.4500 0.000000 0.000000 157.000000 61.000000
3.2900 35.0100 29.1000 0.000000 0.000000 158.000000 60.000000
3.3000 35.0100 29.8100 0.000000 0.000000 158.000000 60.000000
3.3100 34.9600 30.5500 0.000000 0.000000 159.000000 59.000000
3.3200 34.7800 31.2300 0.000000 0.000000 161.000000 59.000000
3.3300 34.7300 31.6600 0.000000 0.000000 162.000000 58.000000
3.3400 34.7300 31.6600 96.000000 1.000000 163.000000 57.000000
3.3500 34.7300 31.9200 287.000000 0.000000 163.000000 56.000000
3.3600 34.7900 31.8500 372.000000 0.000000 163.000000 56.000000
3.3700 34.8600 31.6000 483.000000 0.000000 163.000000 56.000000
3.3800 34.9700 31.2300 561.000000 0.000000 164.000000 55.000000
3.3900 35.0800 30.6200 637.000000 0.000000 164.000000 55.000000
3.4000 35.2100 29.8800 700.000000 0.000000 164.000000 55.000000
3.4100 35.3000 29.0600 728.000000 0.000000 163.000000 56.000000
3.4200 35.3800 28.3600 740.000000 0.000000 163.000000 56.000000
3.4300 35.4600 27.7400 755.000000 0.000000 163.000000 56.000000
3.4400 35.5100 27.1700 754.000000 0.000000 163.000000 57.000000
3.4500 35.5100 26.8000 716.000000 0.000000 162.000000 58.000000
3.4600 35.6500 26.5600 613.000000 0.000000 161.000000 59.000000
3.4700 35.6500 26.4100 337.000000 0.000000 159.000000 59.000000
3.4800 35.6500 26.4100 0.000000 1.000000 158.000000 60.000000
3.4900 35.7300 26.4400 0.000000 0.000000 158.000000 60.000000
3.5000 35.7300 26.6200 0.000000 0.000000 157.000000 61.000000
3.5100 35.7300 26.9800 0.000000 0.000000 157.000000 61.000000
3.5200 35.6200 27.3200 0.000000 0.000000 157.000000 61.000000
3.5300 35.6200 27.6400 0.000000 0.000000 157.000000 61.000000
3.5400 35.7100 27.7900 0.000000 0.000000 157.000000 61.000000
3.5500 35.7100 27.7900 153.000000 1.000000 160.000000 60.000000
3.5600 35.7100 27.7900 348.000000 0.000000 160.000000 60.000000
3.5700 35.7600 28.0700 473.000000 0.000000 161.000000 60.000000
3.5800 35.6700 28.0700 568.000000 0.000000 161.000000 60.000000
3.5900 35.4800 28.0700 649.000000 0.000000 161.000000 59.000000
3.6000 35.2100 28.0700 682.000000 0.000000 161.000000 59.000000
3.6100 34.8600 28.0700 687.000000 0.000000 161.000000 59.000000
3.6200 34.5200 28.0100 668.000000 0.000000 162.000000 58.000000
3.6300 34.2000 28.0100 588.000000 0.000000 162.000000 58.000000
3.6400 34.0700 28.0100 309.000000 0.000000 161.000000 57.000000
3.6500 34.0700 28.0100 0.000000 1.000000 161.000000 57.000000
3.6600 34.1600 27.9600 0.000000 0.000000 161.000000 57.000000
3.6700 34.3400 27.9600 0.000000 0.000000 160.000000 58.000000
3.6800 34.5900 27.9600 0.000000 0.000000 160.000000 58.000000
3.6900 34.9500 27.9600 0.000000 0.000000 160.000000 58.000000
3.7000 35.4500 27.9600 0.000000 0.000000 160.000000 58.000000
3.7100 36.0400 27.8700 0.000000 0.000000 161.000000 59.000000
3.7200 36.7100 27.7500 0.000000 0.000000 161.000000 59.000000
3.7300 36.7100 27.7500 99.000000 1.000000 161.000000 59.000000
3.7400 37.8400 27.4100 242.000000 0.000000 161.000000 60.000000
3.7500 38.0400 27.2700 373.000000 0.000000 161.000000 60.000000
3.7600 38.0400 27.0400 491.000000 0.000000 159.000000 59.000000
3.7700 37.9800 26.8700 597.000000 0.000000 159.000000 59.000000
3.7800 37.7700 26.7300 649.000000 0.000000 157.000000 60.000000
3.7900 37.5000 26.6400 700.000000 0.000000 157.000000 60.000000
3.8000 37.1800 26.6400 711.000000 0.000000 155.000000 60.000000
3.8100 36.8800 26.7400 720.000000 0.000000 155.000000 60.000000
3.8200 36.6300 26.8700 728.000000 0.000000 155.000000 60.000000
3.8300 36.4500 27.0800 758.000000 0.000000 155.000000 60.000000
3.8400 36.3700 27.3500 771.000000 0.000000 155.000000 60.000000
3.8500 36.3700 27.6400 768.000000 0.000000 157.000000 60.000000
3.8600 36.3700 27.9300 754.000000 0.000000 157.000000 60.000000
3.8700 36.4500 28.0800 724.000000 0.000000 158.000000 60.000000
3.8800 36.5900 28.1500 647.000000 0.000000 159.000000 59.000000
3.8900 36.9200 28.1500 541.000000 0.000000 161.000000 60.000000
3.9000 37.3800 28.0400 270.000000 0.000000 161.000000 60.000000
3.9100 37.3800 28.0400 0.000000 1.000000 161.000000 59.000000
3.9200 38.0500 27.8400 0.000000 0.000000 161.000000 59.000000
3.9300 38.2900 27.8400 0.000000 0.000000 160.000000 58.000000
3.9400 38.4200 27.8400 0.000000 0.000000 160.000000 58.000000
3.9500 38.4800 27.8400 0.000000 0.000000 159.000000 59.000000
3.9600 38.4800 27.9200 0.000000 0.000000 157.000000 59.000000
3.9700 38.4800 27.9200 0.000000 0.000000 157.000000 59.000000
3.9800 38.5600 27.8600 0.000000 0.000000 157.000000 59.000000
3.9900 38.5600 27.8600 219.000000 1.000000 156.000000 59.000000
4.0000 38.8300 27.6700 387.000000 0.000000 156.000000 59.000000
4.0100 38.9800 27.5700 493.000000 0.000000 156.000000 59.000000
4.0200 39.1000 27.4000 589.000000 0.000000 156.000000 59.000000
4.0300 39.1500 27.2200 630.000000 0.000000 156.000000 59.000000
4.0400 39.1500 27.0700 656.000000 0.000000 156.000000 59.000000
4.0500 39.1500 26.9500 663.000000 0.000000 156.000000 59.000000
4.0600 39.0800 26.9000 682.000000 0.000000 155.000000 60.000000
4.0700 39.0800 26.9000 694.000000 0.000000 155.000000 60.000000
4.0800 39.0800 26.9000 722.000000 0.000000 155.000000 60.000000
4.0900 39.0800 26.9000 727.000000 0.000000 153.000000 59.000000
4.1000 39.0800 27.1500 730.000000 0.000000 153.000000 59.000000
4.1100 39.0200 27.3700 731.000000 0.000000 153.000000 59.000000
4.1200 39.0200 27.7000 724.000000 0.000000 153.000000 59.000000
4.1300 39.0200 28.0000 694.000000 0.000000 155.000000 60.000000
4.1400 39.0200 28.2500 653.000000 0.000000 156.000000 59.000000
4.1500 39.0200 28.3600 533.000000 0.000000 156.000000 59.000000
4.1600 39.1200 28.3600 249.000000 0.000000 157.000000 59.000000
4.1700 39.1200 28.3600 0.000000 1.000000 158.000000 58.000000
4.1800 39.6400 28.2600 0.000000 0.000000 158.000000 58.000000
4.1900 39.8400 28.2000 0.000000 0.000000 160.000000 58.000000
4.2000 39.9400 28.2000 0.000000 0.000000 161.000000 57.000000
4.2100 39.9400 28.2000 0.000000 0.000000 161.000000 57.000000
4.2200 40.0300 28.2000 0.000000 0.000000 161.000000 57.000000
4.2300 40.1000 28.2000 0.000000 0.000000 161.000000 57.000000
4.2400 40.1900 28.2000 0.000000 0.000000 161.000000 57.000000
4.2500 40.1900 28.2000 98.000000 1.000000 161.000000 57.000000
4.2600 40.1900 28.2000 239.000000 0.000000 161.000000 57.000000
4.2700 40.4700 28.1500 369.000000 0.000000 162.000000 58.000000
4.2800 40.5400 27.8800 440.000000 0.000000 161.000000 59.000000
4.2900 40.5400 27.6600 505.000000 0.000000 161.000000 59.000000
4.3000 40.6000 27.4500 538.000000 0.000000 161.000000 59.000000
4.3100 40.6000 27.2000 564.000000 0.000000 161.000000 59.000000
4.3200 40.6000 27.0300 570.000000 0.000000 161.000000 60.000000
4.3300 40.6000 26.9100 577.000000 0.000000 161.000000 60.000000
4.3400 40.5400 26.9100 594.000000 0.000000 159.000000 59.000000
4.3500 40.5400 26.9100 606.000000 0.000000 158.000000 60.000000
4.3600 40.5400 26.9800 605.000000 0.000000 157.000000 60.000000
4.3700 40.5400 27.1900 605.000000 0.000000 157.000000 60.000000
4.3800 40.5400 27.3700 594.000000 0.000000 157.000000 60.000000
4.3900 40.5400 27.6100 595.000000 0.000000 157.000000 60.000000
4.4000 40.5400 27.8900 595.000000 0.000000 157.000000 59.000000
4.4100 40.5400 27.9700 578.000000 0.000000 159.000000 59.000000
4.4200 40.6100 28.0200 539.000000 0.000000 159.000000 59.000000
4.4300 40.6700 28.0200 497.000000 0.000000 160.000000 58.000000
4.4400 40.8000 27.9300 425.000000 0.000000 161.000000 59.000000
4.4500 40.8000 27.9300 329.000000 0.000000 161.000000 59.000000
4.4600 41.1400 27.7500 181.000000 0.000000 162.000000 58.000000
4.4700 41.2600 27.6800 65.000000 0.000000 162.000000 58.000000
4.4800 41.2600 27.6800 0.000000 1.000000 161.000000 59.000000
4.4900 41.4700 27.6300 0.000000 0.000000 161.000000 59.000000
4.5000 41.4700 27.6300 6.000000 0.000000 161.000000 59.000000
4.5100 41.8300 27.6300 93.000000 1.000000 161.000000 59.000000
4.5200 42.1200 27.7100 217.000000 0.000000 163.000000 59.000000
4.5300 42.4900 27.8400 279.000000 0.000000 163.000000 59.000000
4.5400 42.8900 28.0100 334.000000 0.000000 163.000000 59.000000
4.5500 43.2700 28.2300 396.000000 0.000000 165.000000 59.000000
4.5600 43.4100 28.4200 449.000000 0.000000 165.000000 59.000000
4.5700 43.4100 28.5300 460.000000 0.000000 165.000000 59.000000
4.5800 43.3200 28.5900 460.000000 0.000000 165.000000 59.000000
4.5900 43.1100 28.5900 460.000000 0.000000 165.000000 58.000000
4.6000 42.8200 28.5900 466.000000 0.000000 165.000000 58.000000
4.6100 42.4400 28.4500 466.000000 0.000000 165.000000 58.000000
4.6200 42.2100 28.2500 468.000000 0.000000 166.000000 57.000000
4.6300 42.0900 28.0100 490.000000 0.000000 166.000000 57.000000
4.6400 42.0900 27.7700 513.000000 0.000000 165.000000 58.000000
4.6500 42.0300 27.5400 562.000000 0.000000 165.000000 58.000000
4.6600 42.0800 27.3400 614.000000 0.000000 165.000000 58.000000
4.6700 42.1700 27.2500 667.000000 0.000000 163.000000 59.000000
4.6800 42.3200 27.2500 724.000000 0.000000 163.000000 59.000000
4.6900 42.4900 27.2500 743.000000 0.000000 163.000000 59.000000
4.7000 42.7000 27.3000 754.000000 0.000000 161.000000 60.000000
4.7100 42.9500 27.3600 758.000000 0.000000 161.000000 60.000000
4.7200 43.1700 27.3600 758.000000 0.000000 161.000000 60.000000
4.7300 43.1700 27.3600 757.000000 0.000000 161.000000 60.000000
4.7400 43.4500 27.5100 748.000000 0.000000 162.000000 60.000000
4.7500 43.4500 27.5100 733.000000 0.000000 162.000000 60.000000
4.7600 43.4500 27.5100 722.000000 0.000000 162.000000 60.000000
4.7700 43.4500 27.5100 727.000000 0.000000 164.000000 60.000000
4.7800 43.4500 27.4600 719.000000 0.000000 165.000000 59.000000
4.7900 43.3600 27.4600 714.000000 0.000000 166.000000 59.000000
4.8000 43.3600 27.4100 716.000000 0.000000 166.000000 59.000000
4.8100 43.2800 27.4100 727.000000 0.000000 166.000000 59.000000
4.8200 43.2300 27.3300 745.000000 0.000000 166.000000 59.000000
4.8300 43.2300 27.3300 768.000000 0.000000 166.000000 59.000000
4.8400 43.2300 27.3300 797.000000 0.000000 166.000000 59.000000
4.8500 43.2300 27.3300 797.000000 0.000000 166.000000 59.000000
4.8600 43.1800 27.3300 805.000000 0.000000 166.000000 59.000000
4.8700 43.1800 27.3300 806.000000 0.000000 166.000000 59.000000
4.8800 43.1800 27.3300 811.000000 0.000000 167.000000 58.000000
4.8900 43.1800 27.3300 815.000000 0.000000 165.000000 58.000000
4.9000 43.1800 27.3300 817.000000 0.000000 165.000000 58.000000
4.9100 43.1800 27.3300 823.000000 0.000000 163.000000 59.000000
4.9200 43.1800 27.3300 826.000000 0.000000 163.000000 59.000000
4.9300 43.1800 27.3300 823.000000 0.000000 163.000000 59.000000
4.9400 43.1800 27.3300 808.000000 0.000000 161.000000 59.000000
4.9500 43.1800 27.3300 796.000000 0.000000 161.000000 59.000000
4.9600 43.1800 27.3300 760.000000 0.000000 161.000000 59.000000
4.9700 43.1800 27.3300 708.000000 0.000000 161.000000 59.000000
4.9800 43.1800 27.3300 647.000000 0.000000 161.000000 59.000000
4.9900 43.1800 27.3300 568.000000 0.000000 161.000000 59.000000
5.0000 43.1200 27.3300 414.000000 0.000000 161.000000 59.000000
5.0100 43.0500 27.3300 107.000000 0.000000 161.000000 59.000000
5.0200 43.0500 27.3300 0.000000 1.000000 161.000000 59.000000
5.0300 42.9900 27.5400 0.000000 0.000000 163.000000 59.000000
5.0400 42.9900 27.6200 0.000000 0.000000 163.000000 59.000000
5.0500 42.9900 27.6900 0.000000 0.000000 163.000000 59.000000
5.0600 43.0400 27.6900 0.000000 0.000000 163.000000 59.000000
5.0700 43.0400 27.6900 0.000000 0.000000 165.000000 59.000000
5.0800 43.0400 27.6900 0.000000 0.000000 165.000000 59.000000
5.0900 43.3100 27.6900 0.000000 0.000000 165.000000 59.000000
5.1000 43.3100 27.6900 120.000000 1.000000 165.000000 59.000000
5.1100 43.3100 27.6900 213.000000 0.000000 165.000000 59.000000
5.1200 43.3100 27.6900 269.000000 0.000000 165.000000 59.000000
5.1300 43.3100 27.6900 277.000000 0.000000 165.000000 59.000000
5.1400 43.3100 27.6900 267.000000 0.000000 165.000000 59.000000
5.1500 43.3100 27.6900 208.000000 0.000000 165.000000 59.000000
5.1600 43.3100 27.6900 129.000000 0.000000 165.000000 59.000000
5.1700 43.3100 27.6900 30.000000 0.000000 165.000000 59.000000
5.1800 43.3100 27.6900 0.000000 1.000000 165.000000 59.000000
5.1900 43.3100 27.6900 0.000000 0.000000 163.000000 59.000000
5.2000 43.3100 27.6900 0.000000 0.000000 163.000000 59.000000
5.2100 43.4400 28.0600 0.000000 0.000000 165.000000 59.000000
5.2200 43.4400 28.2800 0.000000 0.000000 165.000000 59.000000
5.2300 43.4900 28.5500 0.000000 0.000000 165.000000 59.000000
5.2400 43.4900 28.8900 0.000000 0.000000 165.000000 59.000000
5.2500 43.4200 29.2700 0.000000 0.000000 163.000000 59.000000
5.2600 43.2900 29.7600 0.000000 0.000000 164.000000 58.000000
5.2700 43.1000 30.3600 0.000000 0.000000 164.000000 58.000000
5.2800 42.8800 31.0400 0.000000 0.000000 164.000000 57.000000
5.2900 42.6300 31.6900 0.000000 0.000000 163.000000 57.000000
5.3000 42.3500 32.2900 0.000000 0.000000 163.000000 56.000000
5.3100 42.0400 32.7000 0.000000 0.000000 164.000000 55.000000
5.3200 41.8000 33.0100 0.000000 0.000000 164.000000 55.000000
5.3300 41.5700 33.2700 0.000000 0.000000 164.000000 54.000000
5.3400 41.3800 33.5200 0.000000 0.000000 164.000000 54.000000
5.3500 41.2100 33.7700 0.000000 0.000000 164.000000 53.000000
5.3600 41.2100 33.7700 1.000000 0.000000 163.000000 54.000000
5.3700 40.8900 34.3100 177.000000 1.000000 163.000000 54.000000
5.3800 40.7500 34.6200 289.000000 0.000000 162.000000 54.000000
5.3900 40.6700 34.7300 402.000000 0.000000 161.000000 55.000000
5.4000 40.6700 34.8000 497.000000 0.000000 161.000000 55.000000
5.4100 40.6700 34.8000 568.000000 0.000000 160.000000 55.000000
5.4200 40.6700 34.8000 608.000000 0.000000 159.000000 55.000000
5.4300 40.7600 34.8000 645.000000 0.000000 159.000000 55.000000
5.4400 40.9100 34.5400 673.000000 0.000000 159.000000 55.000000
5.4500 41.2700 34.1700 697.000000 0.000000 159.000000 55.000000
5.4600 41.7600 33.5200 725.000000 0.000000 160.000000 55.000000
5.4700 42.2100 32.7200 739.000000 0.000000 160.000000 55.000000
5.4800 42.6600 31.8100 754.000000 0.000000 160.000000 55.000000
5.4900 43.0900 30.9600 779.000000 0.000000 162.000000 56.000000
5.5000 43.4100 30.0500 783.000000 0.000000 162.000000 56.000000
5.5100 43.6700 29.0700 812.000000 0.000000 164.000000 55.000000
5.5200 43.6700 28.0900 817.000000 0.000000 163.000000 56.000000
5.5300 43.3400 27.0700 837.000000 0.000000 165.000000 56.000000
5.5400 42.8700 26.1500 854.000000 0.000000 164.000000 57.000000
5.5500 42.0400 25.3100 884.000000 0.000000 164.000000 58.000000
5.5600 41.0100 24.4400 902.000000 0.000000 161.000000 59.000000
5.5700 39.8400 23.7200 900.000000 0.000000 161.000000 60.000000
5.5800 38.4700 23.1100 906.000000 0.000000 158.000000 60.000000
5.5900 36.7100 22.8000 896.000000 0.000000 156.000000 61.000000
5.6000 34.7000 22.6500 896.000000 0.000000 153.000000 61.000000
5.6100 32.4900 22.6000 897.000000 0.000000 152.000000 62.000000
5.6200 30.0700 22.7400 861.000000 0.000000 152.000000 62.000000
5.6300 27.5200 23.1300 812.000000 0.000000 150.000000 62.000000
5.6400 25.3700 23.6900 806.000000 0.000000 150.000000 62.000000
5.6500 23.7400 24.6100 770.000000 0.000000 150.000000 62.000000
5.6600 22.4600 25.7300 754.000000 0.000000 148.000000 61.000000
5.6700 21.6100 26.9800 757.000000 0.000000 148.000000 61.000000
5.6800 21.1600 28.5600 770.000000 0.000000 148.000000 61.000000
5.6900 20.9800 29.9400 787.000000 0.000000 148.000000 60.000000
5.7000 21.2100 31.1900 796.000000 0.000000 147.000000 59.000000
5.7100 21.9100 32.3200 799.000000 0.000000 149.000000 58.000000
5.7200 22.9100 33.4700 796.000000 0.000000 149.000000 58.000000
5.7300 24.3600 34.6400 787.000000 0.000000 148.000000 57.000000
5.7400 26.3600 35.6000 773.000000 0.000000 149.000000 56.000000
5.7500 28.7200 36.2600 768.000000 0.000000 150.000000 55.000000
5.7600 31.1900 36.7300 768.000000 0.000000 151.000000 54.000000
5.7700 33.6700 36.9100 767.000000 0.000000 153.000000 55.000000
5.7800 35.8300 36.7300 780.000000 0.000000 155.000000 54.000000
5.7900 37.7700 36.3200 787.000000 0.000000 156.000000 55.000000
5.8000 38.9000 35.5400 797.000000 0.000000 156.000000 55.000000
5.8100 39.4000 34.7100 796.000000 0.000000 158.000000 55.000000
5.8200 39.4700 33.6500 829.000000 0.000000 158.000000 55.000000
5.8300 38.9900 32.4500 861.000000 0.000000 160.000000 54.000000
5.8400 38.0100 31.5400 873.000000 0.000000 159.000000 55.000000
5.8500 36.7000 30.8100 897.000000 0.000000 159.000000 55.000000
5.8600 35.3400 30.2000 900.000000 0.000000 159.000000 55.000000
5.8700 34.0700 29.8200 908.000000 0.000000 158.000000 55.000000
5.8800 33.0600 29.6800 896.000000 0.000000 158.000000 55.000000
5.8900 32.1800 29.6800 881.000000 0.000000 158.000000 55.000000
5.9000 31.4800 29.7900 873.000000 0.000000 158.000000 55.000000
5.9100 30.8100 30.0700 870.000000 0.000000 158.000000 55.000000
5.9200 30.2300 30.4600 875.000000 0.000000 158.000000 55.000000
5.9300 29.6600 30.6300 882.000000 0.000000 156.000000 55.000000
5.9400 28.9700 30.6300 899.000000 0.000000 156.000000 55.000000
5.9500 28.1900 30.4400 893.000000 0.000000 156.000000 55.000000
5.9600 27.2400 30.0300 929.000000 0.000000 155.000000 54.000000
5.9700 25.9000 29.4100 980.000000 0.000000 155.000000 54.000000
5.9800 24.3100 28.6500 1008.000000 0.000000 155.000000 54.000000
5.9900 22.5800 27.5500 1023.000000 0.000000 153.000000 55.000000
6.0000 20.7600 26.4500 1023.000000 0.000000 153.000000 55.000000
6.0100 18.8700 25.3900 1023.000000 0.000000 152.000000 56.000000
6.0200 17.4400 24.3700 1023.000000 0.000000 151.000000 56.000000
6.0300 16.3700 23.3300 1023.000000 0.000000 150.000000 57.000000
6.0400 15.5300 22.6500 1023.000000 0.000000 150.000000 58.000000
6.0500 15.3000 22.2100 1023.000000 0.000000 152.000000 59.000000
6.0600 15.3000 22.0300 1023.000000 0.000000 152.000000 60.000000
6.0700 15.5500 21.8300 1023.000000 0.000000 152.000000 60.000000
6.0800 16.1100 21.7800 1023.000000 0.000000 154.000000 60.000000
6.0900 17.2900 21.8400 1023.000000 0.000000 154.000000 60.000000
6.1000 18.8900 22.1100 1023.000000 0.000000 152.000000 60.000000
6.1100 21.0400 22.6200 1023.000000 0.000000 152.000000 60.000000
6.1200 23.6900 23.2900 1023.000000 0.000000 151.000000 60.000000
6.1300 26.6600 24.0600 1023.000000 0.000000 148.000000 60.000000
6.1400 29.7500 24.8300 1023.000000 0.000000 146.000000 60.000000
6.1500 32.9900 25.5900 1023.000000 0.000000 146.000000 60.000000
6.1600 36.3300 26.3500 1023.000000 0.000000 145.000000 59.000000
6.1700 39.0900 26.9800 1023.000000 0.000000 146.000000 60.000000
6.1800 41.1100 27.4100 1023.000000 0.000000 146.000000 60.000000
6.1900 42.6400 27.7000 1023.000000 0.000000 146.000000 60.000000
6.2000 43.5200 27.6300 1023.000000 0.000000 147.000000 59.000000
6.2100 43.8100 27.5800 1023.000000 0.000000 149.000000 58.000000
6.2200 43.7100 27.5800 1023.000000 0.000000 151.000000 58.000000
6.2300 43.7100 27.4800 1023.000000 0.000000 152.000000 57.000000
6.2400 43.7100 27.4800 1023.000000 0.000000 153.000000 56.000000
6.2500 43.7100 27.4100 1023.000000 0.000000 155.000000 55.000000
6.2600 43.7100 27.4100 1023.000000 0.000000 155.000000 55.000000
6.2700 43.7100 27.4100 1023.000000 0.000000 155.000000 55.000000
6.2800 43.7100 27.4100 1023.000000 0.000000 156.000000 55.000000
6.2900 43.7100 27.4100 1023.000000 0.000000 156.000000 55.000000
6.3000 43.7100 27.4100 1023.000000 0.000000 156.000000 55.000000
6.3100 43.7100 27.4100 921.000000 0.000000 156.000000 55.000000
6.3200 43.7100 27.4100 700.000000 0.000000 156.000000 55.000000
