0.0000 52.3800 65.2000 47.000000 1.000000 151.000000 47.000000
0.0100 52.4700 65.6600 143.000000 0.000000 151.000000 47.000000
0.0200 52.3600 66.0600 155.000000 0.000000 151.000000 47.000000
0.0300 52.3600 66.2600 172.000000 0.000000 151.000000 48.000000
0.0400 52.4100 66.3400 171.000000 0.000000 151.000000 48.000000
0.0500 52.4100 66.2500 220.000000 0.000000 151.000000 49.000000
0.0600 52.4100 65.8600 253.000000 0.000000 151.000000 49.000000
0.0700 52.4700 65.2600 262.000000 0.000000 151.000000 49.000000
0.0800 52.4700 64.4200 272.000000 0.000000 151.000000 49.000000
0.0900 52.3800 63.5800 279.000000 0.000000 151.000000 49.000000
0.1000 52.2400 62.8600 287.000000 0.000000 151.000000 49.000000
0.1100 52.1400 62.2200 289.000000 0.000000 151.000000 49.000000
0.1200 52.1400 61.8000 289.000000 0.000000 151.000000 49.000000
0.1300 52.1400 61.5600 233.000000 0.000000 151.000000 48.000000
0.1400 52.1400 61.5600 177.000000 0.000000 151.000000 48.000000
0.1500 52.1400 61.5600 60.000000 0.000000 151.000000 48.000000
0.1600 52.1400 61.5600 0.000000 1.000000 151.000000 48.000000
0.1700 52.2800 61.9700 0.000000 0.000000 151.000000 48.000000
0.1800 52.4100 62.5200 0.000000 0.000000 151.000000 48.000000
0.1900 52.2400 63.1600 0.000000 0.000000 151.000000 48.000000
0.2000 51.9600 63.8700 0.000000 0.000000 151.000000 48.000000
0.2100 51.6100 64.5800 0.000000 0.000000 152.000000 48.000000
0.2200 51.3900 65.0500 0.000000 0.000000 152.000000 48.000000
0.2300 51.3900 65.0500 58.000000 1.000000 151.000000 48.000000
0.2400 51.0400 65.6200 71.000000 0.000000 153.000000 49.000000
0.2500 50.9500 65.8300 100.000000 0.000000 153.000000 49.000000
0.2600 50.9500 65.9400 142.000000 0.000000 153.000000 49.000000
0.2700 51.0400 65.9400 172.000000 0.000000 153.000000 50.000000
0.2800 51.2900 65.9400 183.000000 0.000000 153.000000 50.000000
0.2900 51.6600 65.9400 215.000000 0.000000 153.000000 50.000000
0.3000 52.2500 65.7600 228.000000 0.000000 153.000000 50.000000
0.3100 52.8300 65.5000 235.000000 0.000000 153.000000 50.000000
0.3200 53.3500 65.1000 233.000000 0.000000 153.000000 50.000000
0.3300 53.7300 64.6100 237.000000 0.000000 152.000000 49.000000
0.3400 54.0500 64.1400 233.000000 0.000000 152.000000 49.000000
0.3500 54.2000 63.6200 232.000000 0.000000 151.000000 49.000000
0.3600 54.1000 63.1400 233.000000 0.000000 151.000000 48.000000
0.3700 53.8200 62.7100 246.000000 0.000000 151.000000 48.000000
0.3800 53.3500 62.3100 247.000000 0.000000 150.000000 48.000000
0.3900 52.6800 61.9500 256.000000 0.000000 151.000000 47.000000
0.4000 51.8700 61.6200 254.000000 0.000000 151.000000 47.000000
0.4100 51.1600 61.5000 241.000000 0.000000 151.000000 47.000000
0.4200 50.6700 61.4100 254.000000 0.000000 152.000000 48.000000
0.4300 50.3200 61.3300 175.000000 0.000000 152.000000 48.000000
0.4400 50.1800 61.2000 91.000000 0.000000 152.000000 48.000000
0.4500 50.1800 61.2000 0.000000 1.000000 153.000000 48.000000
0.4600 50.4600 60.8300 0.000000 0.000000 153.000000 49.000000
0.4700 50.8800 60.8300 0.000000 0.000000 153.000000 49.000000
0.4800 51.4500 60.8900 0.000000 0.000000 153.000000 49.000000
0.4900 52.1300 61.0500 0.000000 0.000000 153.000000 49.000000
0.5000 52.8900 61.2500 0.000000 0.000000 153.000000 49.000000
0.5100 53.6000 61.4900 0.000000 0.000000 151.000000 48.000000
0.5200 54.2100 61.7200 0.000000 0.000000 151.000000 48.000000
0.5300 54.7700 61.9400 0.000000 0.000000 151.000000 48.000000
0.5400 55.1400 62.1600 0.000000 0.000000 150.000000 48.000000
0.5500 55.3300 62.3700 0.000000 0.000000 150.000000 48.000000
0.5600 55.3300 62.3700 95.000000 1.000000 150.000000 48.000000
0.5700 55.3000 62.9300 139.000000 0.000000 149.000000 48.000000
0.5800 55.1300 63.1500 191.000000 0.000000 150.000000 47.000000
0.5900 54.9100 63.2900 247.000000 0.000000 151.000000 47.000000
0.6000 54.7000 63.3400 260.000000 0.000000 151.000000 47.000000
0.6100 54.7000 63.3400 265.000000 0.000000 151.000000 47.000000
0.6200 54.2900 62.9700 267.000000 0.000000 151.000000 47.000000
0.6300 54.0600 62.5400 269.000000 0.000000 151.000000 47.000000
0.6400 53.9300 62.2500 270.000000 0.000000 151.000000 47.000000
0.6500 54.0300 62.0600 267.000000 0.000000 151.000000 47.000000
0.6600 54.2500 61.9100 269.000000 0.000000 151.000000 47.000000
0.6700 54.4900 61.9100 257.000000 0.000000 151.000000 47.000000
0.6800 54.7500 61.9700 247.000000 0.000000 150.000000 47.000000
0.6900 55.0300 62.2000 249.000000 0.000000 150.000000 47.000000
0.7000 55.2200 62.4600 257.000000 0.000000 150.000000 47.000000
0.7100 55.3500 62.7500 259.000000 0.000000 150.000000 47.000000
0.7200 55.3500 62.9700 269.000000 0.000000 150.000000 47.000000
0.7300 55.4100 63.1400 279.000000 0.000000 150.000000 47.000000
0.7400 55.4100 63.2200 277.000000 0.000000 150.000000 47.000000
0.7500 55.4100 63.1700 275.000000 0.000000 150.000000 47.000000
0.7600 55.4100 63.0400 275.000000 0.000000 150.000000 47.000000
0.7700 55.4700 62.8100 275.000000 0.000000 150.000000 47.000000
0.7800 55.5600 62.5800 277.000000 0.000000 150.000000 47.000000
0.7900 55.7400 62.4200 277.000000 0.000000 150.000000 47.000000
0.8000 55.9200 62.3200 275.000000 0.000000 150.000000 47.000000
0.8100 56.0900 62.3200 279.000000 0.000000 151.000000 47.000000
0.8200 56.3100 62.3200 277.000000 0.000000 151.000000 47.000000
0.8300 56.5800 62.4200 282.000000 0.000000 151.000000 47.000000
0.8400 56.8300 62.5700 284.000000 0.000000 151.000000 47.000000
0.8500 57.0400 62.7900 274.000000 0.000000 152.000000 48.000000
0.8600 57.2300 63.0700 287.000000 0.000000 152.000000 48.000000
0.8700 57.2800 63.3500 289.000000 0.000000 152.000000 48.000000
0.8800 57.2800 63.6700 291.000000 0.000000 153.000000 48.000000
0.8900 57.2800 64.0100 289.000000 0.000000 153.000000 48.000000
0.9000 57.2800 64.1800 282.000000 0.000000 153.000000 48.000000
0.9100 57.2800 64.3200 195.000000 0.000000 155.000000 48.000000
0.9200 57.3800 64.3200 51.000000 0.000000 155.000000 48.000000
0.9300 57.3800 64.3200 0.000000 1.000000 155.000000 48.000000
0.9400 57.6300 64.0500 0.000000 0.000000 154.000000 49.000000
0.9500 57.7200 63.9400 0.000000 0.000000 154.000000 49.000000
0.9600 57.7200 63.9400 0.000000 0.000000 154.000000 49.000000
0.9700 57.8900 63.9400 0.000000 0.000000 154.000000 49.000000
0.9800 58.0000 63.9400 0.000000 0.000000 155.000000 48.000000
0.9900 58.0900 64.0000 0.000000 0.000000 155.000000 48.000000
1.0000 58.1400 64.0000 0.000000 0.000000 155.000000 48.000000
1.0100 58.1400 64.0000 0.000000 0.000000 155.000000 48.000000
1.0200 58.1400 64.0000 0.000000 0.000000 155.000000 47.000000
1.0300 58.1400 64.0000 68.000000 1.000000 155.000000 47.000000
1.0400 58.1400 64.0000 80.000000 0.000000 155.000000 47.000000
1.0500 58.0800 63.7100 132.000000 0.000000 155.000000 48.000000
1.0600 58.0800 63.5200 177.000000 0.000000 156.000000 48.000000
1.0700 58.0100 63.2600 195.000000 0.000000 156.000000 48.000000
1.0800 58.0100 63.0400 210.000000 0.000000 156.000000 48.000000
1.0900 58.0100 62.8200 210.000000 0.000000 156.000000 48.000000
1.1000 58.0100 62.6300 172.000000 0.000000 156.000000 48.000000
1.1100 58.1100 62.4700 50.000000 0.000000 155.000000 48.000000
1.1200 58.1100 62.4700 0.000000 1.000000 155.000000 48.000000
1.1300 58.3500 62.3800 0.000000 0.000000 155.000000 48.000000
1.1400 58.5000 62.5200 0.000000 0.000000 156.000000 48.000000
1.1500 58.6600 62.8000 0.000000 0.000000 156.000000 48.000000
1.1600 58.8100 63.1600 0.000000 0.000000 156.000000 48.000000
1.1700 58.8900 63.5800 0.000000 0.000000 156.000000 48.000000
1.1800 58.8900 64.0800 0.000000 0.000000 157.000000 49.000000
1.1900 58.8900 64.6200 0.000000 0.000000 157.000000 49.000000
1.2000 58.8900 65.1800 0.000000 0.000000 157.000000 49.000000
1.2100 58.8900 65.5600 0.000000 0.000000 157.000000 49.000000
1.2200 58.8900 65.5600 86.000000 1.000000 157.000000 49.000000
1.2300 58.9400 66.0500 110.000000 0.000000 156.000000 50.000000
1.2400 58.8400 66.1900 167.000000 0.000000 156.000000 50.000000
1.2500 58.8400 66.2700 177.000000 0.000000 156.000000 50.000000
1.2600 58.8400 66.2700 139.000000 0.000000 157.000000 51.000000
1.2700 58.8400 66.2000 39.000000 0.000000 157.000000 51.000000
1.2800 58.8400 66.2000 0.000000 1.000000 157.000000 51.000000
1.2900 58.9800 65.7900 0.000000 0.000000 157.000000 51.000000
1.3000 59.0700 65.7300 0.000000 0.000000 157.000000 51.000000
1.3100 59.2000 65.7300 0.000000 0.000000 157.000000 51.000000
1.3200 59.3800 65.7300 0.000000 0.000000 157.000000 51.000000
1.3300 59.5900 65.7300 0.000000 0.000000 157.000000 51.000000
1.3400 59.8300 65.7300 0.000000 0.000000 157.000000 50.000000
1.3500 60.0900 65.7300 0.000000 0.000000 157.000000 50.000000
1.3600 60.3200 65.7300 0.000000 0.000000 158.000000 49.000000
1.3700 60.4900 65.8100 0.000000 0.000000 158.000000 49.000000
1.3800 60.6200 65.8100 0.000000 0.000000 158.000000 49.000000
1.3900 60.7300 65.8800 0.000000 0.000000 159.000000 48.000000
1.4000 60.7900 65.9400 0.000000 0.000000 159.000000 48.000000
1.4100 60.7900 65.9900 0.000000 0.000000 159.000000 48.000000
1.4200 60.7900 65.9900 0.000000 0.000000 159.000000 48.000000
1.4300 60.7900 66.1300 0.000000 0.000000 158.000000 49.000000
1.4400 60.8600 66.2800 0.000000 0.000000 158.000000 49.000000
1.4500 60.9400 66.3800 0.000000 0.000000 159.000000 49.000000
1.4600 61.0200 66.5000 0.000000 0.000000 159.000000 50.000000
1.4700 61.0200 66.5000 42.000000 1.000000 159.000000 50.000000
1.4800 61.0200 66.5000 98.000000 0.000000 159.000000 51.000000
1.4900 61.0200 66.5000 172.000000 0.000000 159.000000 51.000000
1.5000 61.0700 66.8000 176.000000 0.000000 158.000000 52.000000
1.5100 61.0700 66.8000 176.000000 0.000000 158.000000 52.000000
1.5200 61.0700 66.5800 181.000000 0.000000 158.000000 52.000000
1.5300 61.0700 66.2100 186.000000 0.000000 158.000000 52.000000
1.5400 61.0100 65.5600 196.000000 0.000000 158.000000 52.000000
1.5500 60.9400 64.9300 207.000000 0.000000 158.000000 52.000000
1.5600 60.8900 64.3200 215.000000 0.000000 159.000000 51.000000
1.5700 60.8900 63.8900 218.000000 0.000000 159.000000 51.000000
1.5800 61.0200 63.5600 222.000000 0.000000 159.000000 51.000000
1.5900 61.0200 63.2900 222.000000 0.000000 160.000000 50.000000
1.6000 61.0200 63.1600 222.000000 0.000000 160.000000 50.000000
1.6100 61.0200 63.1100 206.000000 0.000000 160.000000 50.000000
1.6200 61.0200 63.1100 209.000000 0.000000 161.000000 49.000000
1.6300 61.0200 63.1700 212.000000 0.000000 161.000000 49.000000
1.6400 61.0200 63.2900 230.000000 0.000000 161.000000 49.000000
1.6500 60.9400 63.4600 223.000000 0.000000 161.000000 49.000000
1.6600 60.8200 63.7200 226.000000 0.000000 161.000000 49.000000
1.6700 60.6600 63.9700 228.000000 0.000000 161.000000 49.000000
1.6800 60.4900 64.2000 228.000000 0.000000 161.000000 49.000000
1.6900 60.3100 64.3600 233.000000 0.000000 161.000000 49.000000
1.7000 60.1200 64.3600 235.000000 0.000000 161.000000 49.000000
1.7100 59.9100 64.2600 239.000000 0.000000 161.000000 49.000000
1.7200 59.7100 64.0300 244.000000 0.000000 161.000000 49.000000
1.7300 59.5200 63.6400 244.000000 0.000000 161.000000 49.000000
1.7400 59.3700 63.3100 249.000000 0.000000 161.000000 49.000000
1.7500 59.3700 63.0100 247.000000 0.000000 161.000000 49.000000
1.7600 59.4600 62.8300 256.000000 0.000000 161.000000 49.000000
1.7700 59.6600 62.7500 241.000000 0.000000 159.000000 49.000000
1.7800 59.9000 62.7500 256.000000 0.000000 159.000000 49.000000
1.7900 60.2300 62.8100 237.000000 0.000000 159.000000 49.000000
1.8000 60.6000 62.9600 158.000000 0.000000 159.000000 49.000000
1.8100 60.9400 63.1700 53.000000 0.000000 159.000000 49.000000
1.8200 60.9400 63.1700 0.000000 1.000000 159.000000 49.000000
1.8300 61.4000 63.5900 0.000000 0.000000 159.000000 49.000000
1.8400 61.5300 63.8400 0.000000 0.000000 159.000000 49.000000
1.8500 61.6300 64.2100 0.000000 0.000000 159.000000 49.000000
1.8600 61.7100 64.6200 0.000000 0.000000 159.000000 49.000000
1.8700 61.8000 65.0600 0.000000 0.000000 159.000000 49.000000
1.8800 61.8900 65.3800 0.000000 0.000000 159.000000 49.000000
1.8900 61.9400 65.6700 0.000000 0.000000 158.000000 49.000000
1.9000 61.9400 65.8000 0.000000 0.000000 158.000000 49.000000
1.9100 61.8700 65.8500 0.000000 0.000000 158.000000 49.000000
1.9200 61.7800 65.8500 0.000000 0.000000 157.000000 49.000000
1.9300 61.7100 65.8500 0.000000 0.000000 157.000000 49.000000
1.9400 61.7100 65.8500 0.000000 0.000000 157.000000 49.000000
1.9500 61.7100 65.8500 41.000000 1.000000 156.000000 50.000000
1.9600 61.7100 65.8500 61.000000 0.000000 157.000000 50.000000
1.9700 61.7100 65.8500 110.000000 0.000000 157.000000 50.000000
1.9800 61.7100 65.8500 160.000000 0.000000 157.000000 51.000000
1.9900 61.7100 65.8500 182.000000 0.000000 157.000000 51.000000
2.0000 61.8200 66.1500 173.000000 0.000000 158.000000 51.000000
2.0100 61.9700 66.2800 171.000000 0.000000 158.000000 51.000000
2.0200 62.0800 66.4400 191.000000 0.000000 157.000000 52.000000
2.0300 62.1600 66.6500 191.000000 0.000000 157.000000 52.000000
2.0400 62.1600 66.9000 202.000000 0.000000 157.000000 52.000000
2.0500 62.1600 67.1700 203.000000 0.000000 157.000000 52.000000
2.0600 62.1600 67.4300 198.000000 0.000000 156.000000 51.000000
2.0700 61.9600 67.6600 196.000000 0.000000 157.000000 51.000000
2.0800 61.7700 67.7100 195.000000 0.000000 157.000000 51.000000
2.0900 61.5500 67.6500 198.000000 0.000000 158.000000 51.000000
2.1000 61.3200 67.4400 202.000000 0.000000 158.000000 51.000000
2.1100 61.0600 67.0900 200.000000 0.000000 158.000000 51.000000
2.1200 60.8500 66.6400 176.000000 0.000000 159.000000 50.000000
2.1300 60.8500 66.2200 81.000000 0.000000 159.000000 50.000000
2.1400 60.8500 66.2200 0.000000 1.000000 158.000000 51.000000
2.1500 61.1000 65.4800 0.000000 0.000000 158.000000 51.000000
2.1600 61.3600 65.2600 0.000000 0.000000 158.000000 51.000000
2.1700 61.7400 65.2600 0.000000 0.000000 158.000000 51.000000
2.1800 62.1900 65.3700 0.000000 0.000000 158.000000 51.000000
2.1900 62.6100 65.5100 0.000000 0.000000 159.000000 50.000000
2.2000 63.0000 65.5100 0.000000 0.000000 157.000000 50.000000
2.2100 63.2700 65.4500 0.000000 0.000000 158.000000 49.000000
2.2200 63.4400 65.3200 0.000000 0.000000 157.000000 49.000000
2.2300 63.5400 65.1200 0.000000 0.000000 158.000000 48.000000
2.2400 63.6500 64.8800 0.000000 0.000000 158.000000 47.000000
2.2500 63.7700 64.6400 0.000000 0.000000 157.000000 47.000000
2.2600 63.8300 64.4200 0.000000 0.000000 157.000000 47.000000
2.2700 63.8300 64.1900 0.000000 0.000000 158.000000 46.000000
2.2800 63.9500 64.0600 0.000000 0.000000 158.000000 46.000000
2.2900 64.0600 63.9900 0.000000 0.000000 157.000000 47.000000
2.3000 64.1800 63.9200 0.000000 0.000000 157.000000 47.000000
2.3100 64.3100 63.8700 0.000000 0.000000 157.000000 47.000000
2.3200 64.4400 63.8700 0.000000 0.000000 157.000000 48.000000
2.3300 64.6000 63.8700 0.000000 0.000000 157.000000 48.000000
2.3400 64.7600 63.8700 0.000000 0.000000 157.000000 48.000000
2.3500 64.9100 63.9600 0.000000 0.000000 158.000000 48.000000
2.3600 65.0600 64.0900 0.000000 0.000000 157.000000 49.000000
2.3700 65.0600 64.0900 22.000000 1.000000 157.000000 49.000000
2.3800 65.1400 64.5400 68.000000 0.000000 157.000000 49.000000
2.3900 65.0800 64.8100 96.000000 0.000000 156.000000 50.000000
2.4000 65.0000 65.0400 137.000000 0.000000 156.000000 50.000000
2.4100 64.8300 65.0400 170.000000 0.000000 156.000000 50.000000
2.4200 64.6100 64.9900 175.000000 0.000000 156.000000 50.000000
2.4300 64.3300 64.8000 177.000000 0.000000 156.000000 50.000000
2.4400 64.1000 64.4300 180.000000 0.000000 156.000000 50.000000
2.4500 63.9400 63.9300 182.000000 0.000000 156.000000 50.000000
2.4600 63.8100 63.5500 171.000000 0.000000 156.000000 50.000000
2.4700 63.8800 63.3200 193.000000 0.000000 156.000000 50.000000
2.4800 64.0000 63.2000 207.000000 0.000000 156.000000 50.000000
2.4900 64.2200 63.1500 223.000000 0.000000 156.000000 48.000000
2.5000 64.5200 63.3200 256.000000 0.000000 156.000000 48.000000
2.5100 64.8700 63.6300 299.000000 0.000000 156.000000 48.000000
2.5200 65.2500 64.1300 340.000000 0.000000 156.000000 48.000000
2.5300 65.4600 64.6900 353.000000 0.000000 156.000000 48.000000
2.5400 65.5700 65.2900 369.000000 0.000000 155.000000 49.000000
2.5500 65.6300 65.9300 369.000000 0.000000 155.000000 49.000000
2.5600 65.6300 66.5600 363.000000 0.000000 155.000000 49.000000
2.5700 65.6300 67.1800 343.000000 0.000000 156.000000 50.000000
2.5800 65.6300 67.5000 304.000000 0.000000 156.000000 50.000000
2.5900 65.6300 67.5800 225.000000 0.000000 156.000000 50.000000
2.6000 65.6300 67.5100 94.000000 0.000000 155.000000 50.000000
2.6100 65.6300 67.5100 0.000000 1.000000 155.000000 50.000000
2.6200 65.5000 66.9100 0.000000 0.000000 155.000000 50.000000
2.6300 65.3400 66.4200 0.000000 0.000000 155.000000 50.000000
2.6400 65.3400 66.0400 0.000000 0.000000 155.000000 50.000000
2.6500 65.4300 65.6800 0.000000 0.000000 155.000000 50.000000
2.6600 65.6200 65.3400 0.000000 0.000000 155.000000 50.000000
2.6700 65.7500 64.8600 0.000000 0.000000 155.000000 50.000000
2.6800 65.8400 64.3900 0.000000 0.000000 156.000000 50.000000
2.6900 65.8400 64.3900 61.000000 1.000000 156.000000 50.000000
2.7000 65.8900 63.7200 76.000000 0.000000 156.000000 50.000000
2.7100 65.8900 63.6700 144.000000 0.000000 156.000000 50.000000
2.7200 65.8900 63.6700 180.000000 0.000000 156.000000 50.000000
2.7300 65.9500 63.6700 203.000000 0.000000 157.000000 49.000000
2.7400 66.0800 63.8600 213.000000 0.000000 157.000000 49.000000
2.7500 66.3300 64.1200 213.000000 0.000000 157.000000 49.000000
2.7600 66.6400 64.4300 205.000000 0.000000 157.000000 49.000000
2.7700 66.8000 64.7800 205.000000 0.000000 156.000000 50.000000
2.7800 66.8500 65.1400 178.000000 0.000000 156.000000 50.000000
2.7900 66.8500 65.4600 176.000000 0.000000 156.000000 50.000000
2.8000 66.6800 65.6900 183.000000 0.000000 156.000000 50.000000
2.8100 66.4500 65.6400 200.000000 0.000000 154.000000 50.000000
2.8200 66.1500 65.4200 212.000000 0.000000 154.000000 50.000000
2.8300 65.8500 64.9900 207.000000 0.000000 154.000000 50.000000
2.8400 65.6000 64.5400 225.000000 0.000000 154.000000 50.000000
2.8500 65.5000 64.0300 228.000000 0.000000 154.000000 50.000000
2.8600 65.5000 63.6700 232.000000 0.000000 154.000000 50.000000
2.8700 65.5800 63.4100 226.000000 0.000000 155.000000 49.000000
2.8800 65.8600 63.2600 137.000000 0.000000 155.000000 49.000000
2.8900 65.8600 63.2600 0.000000 1.000000 155.000000 49.000000
2.9000 66.8400 63.3900 0.000000 0.000000 157.000000 49.000000
2.9100 67.4200 63.7700 0.000000 0.000000 157.000000 49.000000
2.9200 67.9000 64.2700 0.000000 0.000000 157.000000 49.000000
2.9300 68.3100 64.8500 0.000000 0.000000 158.000000 49.000000
2.9400 68.6400 65.4600 0.000000 0.000000 158.000000 49.000000
2.9500 68.7900 66.1400 0.000000 0.000000 159.000000 49.000000
2.9600 68.7900 66.8800 0.000000 0.000000 161.000000 49.000000
2.9700 68.8900 67.5600 0.000000 0.000000 162.000000 50.000000
2.9800 68.9800 67.9500 0.000000 0.000000 163.000000 50.000000
2.9900 68.9800 67.9500 125.000000 1.000000 163.000000 50.000000
3.0000 68.9800 67.9500 136.000000 0.000000 164.000000 50.000000
3.0100 68.9800 67.9500 146.000000 0.000000 164.000000 50.000000
3.0200 68.9800 67.9500 190.000000 0.000000 165.000000 50.000000
3.0300 69.0800 67.3900 232.000000 0.000000 165.000000 51.000000
3.0400 69.0100 66.8700 287.000000 0.000000 165.000000 51.000000
3.0500 68.9000 66.3100 289.000000 0.000000 165.000000 51.000000
3.0600 68.7500 65.7100 292.000000 0.000000 165.000000 51.000000
3.0700 68.6500 65.1300 284.000000 0.000000 165.000000 51.000000
3.0800 68.5800 64.5600 217.000000 0.000000 164.000000 51.000000
3.0900 68.6300 64.0900 30.000000 0.000000 164.000000 51.000000
3.1000 68.6300 64.0900 0.000000 1.000000 164.000000 51.000000
3.1100 68.9000 63.6700 0.000000 0.000000 164.000000 51.000000
3.1200 69.0900 63.8100 0.000000 0.000000 164.000000 51.000000
3.1300 69.3800 64.0400 0.000000 0.000000 164.000000 51.000000
3.1400 69.7500 64.3300 0.000000 0.000000 164.000000 50.000000
3.1500 70.1500 64.5600 0.000000 0.000000 164.000000 50.000000
3.1600 70.4200 64.7800 0.000000 0.000000 165.000000 50.000000
3.1700 70.6000 65.0000 0.000000 0.000000 165.000000 50.000000
3.1800 70.6000 65.0000 89.000000 1.000000 167.000000 50.000000
3.1900 70.5200 65.4400 139.000000 0.000000 168.000000 50.000000
3.2000 70.3900 65.6400 180.000000 0.000000 169.000000 51.000000
3.2100 70.2500 65.6400 237.000000 0.000000 169.000000 51.000000
3.2200 70.0500 65.5100 254.000000 0.000000 169.000000 51.000000
3.2300 69.8200 65.3000 257.000000 0.000000 169.000000 51.000000
3.2400 69.5000 64.9400 265.000000 0.000000 169.000000 51.000000
3.2500 69.3600 64.5000 265.000000 0.000000 169.000000 51.000000
3.2600 69.3600 64.1700 267.000000 0.000000 167.000000 51.000000
3.2700 69.4600 63.9900 257.000000 0.000000 167.000000 51.000000
3.2800 69.7400 63.9200 235.000000 0.000000 166.000000 51.000000
3.2900 70.1300 63.9800 217.000000 0.000000 166.000000 51.000000
3.3000 70.5000 64.1800 202.000000 0.000000 166.000000 51.000000
3.3100 70.7700 64.4700 200.000000 0.000000 167.000000 50.000000
3.3200 70.9700 64.7700 205.000000 0.000000 167.000000 50.000000
3.3300 71.0600 64.9000 220.000000 0.000000 166.000000 51.000000
3.3400 71.0600 64.9000 220.000000 0.000000 167.000000 51.000000
3.3500 71.0600 64.9000 215.000000 0.000000 167.000000 51.000000
3.3600 71.0600 64.8000 175.000000 0.000000 169.000000 51.000000
3.3700 71.0600 64.6300 81.000000 0.000000 169.000000 51.000000
3.3800 71.0600 64.6300 0.000000 1.000000 169.000000 51.000000
3.3900 71.0900 64.2500 0.000000 0.000000 169.000000 51.000000
3.4000 71.2500 64.2500 0.000000 0.000000 169.000000 51.000000
3.4100 71.4900 64.4100 0.000000 0.000000 169.000000 51.000000
3.4200 71.8500 64.7000 0.000000 0.000000 169.000000 51.000000
3.4300 72.2900 65.0600 0.000000 0.000000 167.000000 51.000000
3.4400 72.7300 65.4700 0.000000 0.000000 168.000000 50.000000
3.4500 73.1800 66.0200 0.000000 0.000000 167.000000 50.000000
3.4600 73.5000 66.7500 0.000000 0.000000 167.000000 50.000000
3.4700 73.7200 67.6000 0.000000 0.000000 167.000000 50.000000
3.4800 73.8100 68.3400 0.000000 0.000000 166.000000 49.000000
3.4900 73.8900 69.0400 0.000000 0.000000 166.000000 49.000000
3.5000 73.9600 69.3300 0.000000 0.000000 166.000000 49.000000
3.5100 73.9600 69.3300 144.000000 1.000000 165.000000 49.000000
3.5200 73.9600 69.3300 149.000000 0.000000 165.000000 48.000000
3.5300 73.9600 69.3300 163.000000 0.000000 165.000000 48.000000
3.5400 73.8700 68.9700 198.000000 0.000000 165.000000 48.000000
3.5500 73.8200 68.4700 279.000000 0.000000 165.000000 48.000000
3.5600 73.7400 67.9400 309.000000 0.000000 166.000000 48.000000
3.5700 73.6600 67.3500 322.000000 0.000000 166.000000 49.000000
3.5800 73.5600 66.7600 329.000000 0.000000 166.000000 49.000000
3.5900 73.4800 66.1800 325.000000 0.000000 165.000000 50.000000
3.6000 73.4800 65.7000 267.000000 0.000000 165.000000 51.000000
3.6100 73.5800 65.3700 173.000000 0.000000 165.000000 51.000000
3.6200 73.5800 65.1300 1.000000 1.000000 165.000000 51.000000
3.6300 73.5800 65.1300 0.000000 0.000000 164.000000 52.000000
3.6400 73.5800 65.1600 0.000000 0.000000 164.000000 52.000000
3.6500 73.4500 65.3900 0.000000 0.000000 164.000000 52.000000
3.6600 73.2700 65.7100 0.000000 0.000000 164.000000 52.000000
3.6700 73.0900 66.0500 0.000000 0.000000 164.000000 52.000000
3.6800 72.9100 66.4100 0.000000 0.000000 165.000000 51.000000
3.6900 72.7700 66.6000 0.000000 0.000000 165.000000 51.000000
3.7000 72.7700 66.6000 42.000000 1.000000 166.000000 51.000000
3.7100 72.7700 66.6000 91.000000 0.000000 166.000000 52.000000
3.7200 72.8500 66.9200 156.000000 0.000000 166.000000 52.000000
3.7300 72.9700 67.0100 196.000000 0.000000 166.000000 52.000000
3.7400 73.1900 67.0800 213.000000 0.000000 166.000000 52.000000
3.7500 73.5500 67.1800 180.000000 0.000000 166.000000 52.000000
3.7600 73.9900 67.3000 48.000000 0.000000 166.000000 52.000000
3.7700 73.9900 67.3000 0.000000 1.000000 166.000000 52.000000
3.7800 74.8900 67.4900 0.000000 0.000000 166.000000 52.000000
3.7900 75.1400 67.5900 0.000000 0.000000 166.000000 52.000000
3.8000 75.2600 67.6700 0.000000 0.000000 164.000000 52.000000
3.8100 75.3700 67.6700 0.000000 0.000000 164.000000 52.000000
3.8200 75.3200 67.6100 0.000000 0.000000 164.000000 52.000000
3.8300 75.1700 67.3300 0.000000 0.000000 163.000000 52.000000
3.8400 74.8900 66.9400 0.000000 0.000000 163.000000 52.000000
3.8500 74.6300 66.4300 0.000000 0.000000 163.000000 52.000000
3.8600 74.6300 66.4300 103.000000 1.000000 163.000000 52.000000
3.8700 74.2000 65.5300 148.000000 0.000000 163.000000 52.000000
3.8800 74.2000 65.3000 203.000000 0.000000 163.000000 52.000000
3.8900 74.3200 65.1300 241.000000 0.000000 163.000000 52.000000
3.9000 74.4100 65.1300 333.000000 0.000000 164.000000 51.000000
3.9100 74.5900 65.1300 366.000000 0.000000 164.000000 51.000000
3.9200 74.8300 65.2300 374.000000 0.000000 163.000000 52.000000
3.9300 75.2500 65.4800 399.000000 0.000000 163.000000 52.000000
3.9400 75.4800 65.8200 396.000000 0.000000 163.000000 52.000000
3.9500 75.5700 66.1300 413.000000 0.000000 163.000000 52.000000
3.9600 75.5100 66.4300 412.000000 0.000000 163.000000 52.000000
3.9700 75.3300 66.6900 407.000000 0.000000 163.000000 52.000000
3.9800 75.0800 66.8900 392.000000 0.000000 163.000000 52.000000
3.9900 74.8400 66.8900 339.000000 0.000000 162.000000 53.000000
4.0000 74.6300 66.8300 230.000000 0.000000 162.000000 53.000000
4.0100 74.4900 66.6800 44.000000 0.000000 162.000000 53.000000
4.0200 74.4900 66.6800 0.000000 1.000000 162.000000 53.000000
4.0300 74.5100 66.3500 0.000000 0.000000 162.000000 53.000000
4.0400 74.7200 66.3500 0.000000 0.000000 162.000000 53.000000
4.0500 75.0400 66.4600 0.000000 0.000000 162.000000 53.000000
4.0600 75.3900 66.5400 0.000000 0.000000 162.000000 53.000000
4.0700 75.7900 66.6100 0.000000 0.000000 162.000000 53.000000
4.0800 76.0100 66.6100 0.000000 0.000000 163.000000 52.000000
4.0900 76.0100 66.6100 96.000000 1.000000 163.000000 52.000000
4.1000 76.0100 66.6100 136.000000 0.000000 163.000000 52.000000
4.1100 76.0100 66.6100 149.000000 0.000000 163.000000 52.000000
4.1200 76.2600 66.5100 172.000000 0.000000 162.000000 53.000000
4.1300 76.3200 66.4300 180.000000 0.000000 164.000000 53.000000
4.1400 76.3700 66.2300 175.000000 0.000000 164.000000 53.000000
4.1500 76.3700 65.9400 173.000000 0.000000 164.000000 53.000000
4.1600 76.4300 65.6600 177.000000 0.000000 164.000000 53.000000
4.1700 76.3800 65.4700 184.000000 0.000000 164.000000 53.000000
4.1800 76.2800 65.3400 228.000000 0.000000 164.000000 53.000000
4.1900 76.2000 65.3400 285.000000 0.000000 164.000000 53.000000
4.2000 76.1200 65.4400 327.000000 0.000000 164.000000 52.000000
4.2100 76.0500 65.6800 388.000000 0.000000 164.000000 52.000000
4.2200 76.0500 66.0100 422.000000 0.000000 163.000000 52.000000
4.2300 76.0500 66.4100 423.000000 0.000000 163.000000 52.000000
4.2400 76.2200 66.8600 428.000000 0.000000 163.000000 52.000000
4.2500 76.4400 67.1900 412.000000 0.000000 163.000000 52.000000
4.2600 76.6500 67.4600 285.000000 0.000000 163.000000 52.000000
4.2700 76.8800 67.6400 53.000000 0.000000 163.000000 52.000000
4.2800 76.8800 67.6400 0.000000 1.000000 163.000000 52.000000
4.2900 77.1700 67.5200 0.000000 0.000000 163.000000 52.000000
4.3000 77.2200 67.4500 0.000000 0.000000 164.000000 52.000000
4.3100 77.2900 67.3800 0.000000 0.000000 164.000000 52.000000
4.3200 77.3600 67.2900 0.000000 0.000000 164.000000 52.000000
4.3300 77.5300 67.2400 0.000000 0.000000 166.000000 52.000000
4.3400 77.6600 67.1800 0.000000 0.000000 166.000000 52.000000
4.3500 77.7200 67.1100 0.000000 0.000000 166.000000 52.000000
4.3600 77.7900 67.0400 0.000000 0.000000 167.000000 52.000000
4.3700 77.7900 66.9500 0.000000 0.000000 167.000000 51.000000
4.3800 77.7900 66.9500 103.000000 1.000000 167.000000 51.000000
4.3900 77.7900 66.9500 112.000000 0.000000 167.000000 52.000000
4.4000 77.7900 66.9500 148.000000 0.000000 167.000000 52.000000
4.4100 77.9900 66.6100 179.000000 0.000000 167.000000 52.000000
4.4200 78.0600 66.4300 190.000000 0.000000 166.000000 53.000000
4.4300 78.0600 66.2300 203.000000 0.000000 166.000000 53.000000
4.4400 78.0600 66.0200 215.000000 0.000000 166.000000 53.000000
4.4500 78.0100 65.8700 222.000000 0.000000 166.000000 53.000000
4.4600 78.0100 65.8000 226.000000 0.000000 166.000000 53.000000
4.4700 77.9500 65.8000 269.000000 0.000000 166.000000 53.000000
4.4800 77.9500 65.8000 301.000000 0.000000 166.000000 53.000000
4.4900 77.8800 65.9600 312.000000 0.000000 167.000000 52.000000
4.5000 77.8200 66.1300 340.000000 0.000000 167.000000 52.000000
4.5100 77.7400 66.3600 345.000000 0.000000 167.000000 52.000000
4.5200 77.8200 66.6200 345.000000 0.000000 166.000000 52.000000
4.5300 77.9500 66.9000 342.000000 0.000000 167.000000 52.000000
4.5400 78.1900 67.0600 342.000000 0.000000 167.000000 52.000000
4.5500 78.3700 67.1800 337.000000 0.000000 167.000000 52.000000
4.5600 78.5100 67.1200 335.000000 0.000000 166.000000 53.000000
4.5700 78.7100 66.9600 339.000000 0.000000 166.000000 53.000000
4.5800 78.8900 66.7500 339.000000 0.000000 168.000000 53.000000
4.5900 79.0500 66.5600 333.000000 0.000000 168.000000 53.000000
4.6000 79.2600 66.4700 339.000000 0.000000 168.000000 53.000000
4.6100 79.5100 66.4700 342.000000 0.000000 168.000000 53.000000
4.6200 79.8400 66.4700 344.000000 0.000000 168.000000 53.000000
4.6300 80.1600 66.6100 335.000000 0.000000 168.000000 53.000000
4.6400 80.4700 66.7900 330.000000 0.000000 169.000000 53.000000
4.6500 80.6900 66.9900 329.000000 0.000000 169.000000 53.000000
4.6600 80.7500 67.1800 325.000000 0.000000 169.000000 53.000000
4.6700 80.7000 67.3700 316.000000 0.000000 170.000000 54.000000
4.6800 80.6300 67.5600 294.000000 0.000000 170.000000 54.000000
4.6900 80.4200 67.6900 281.000000 0.000000 172.000000 54.000000
4.7000 80.1200 67.6900 294.000000 0.000000 172.000000 53.000000
4.7100 79.8200 67.5700 304.000000 0.000000 172.000000 53.000000
4.7200 79.5100 67.3200 309.000000 0.000000 172.000000 53.000000
4.7300 79.2300 66.9800 337.000000 0.000000 171.000000 53.000000
4.7400 78.9800 66.6400 343.000000 0.000000 171.000000 53.000000
4.7500 78.9000 66.3000 346.000000 0.000000 169.000000 53.000000
4.7600 78.9000 66.0400 351.000000 0.000000 169.000000 53.000000
4.7700 79.0900 65.8400 339.000000 0.000000 168.000000 52.000000
4.7800 79.3100 65.7000 277.000000 0.000000 168.000000 52.000000
4.7900 79.7000 65.6400 107.000000 0.000000 167.000000 52.000000
4.8000 79.7000 65.6400 0.000000 1.000000 168.000000 52.000000
4.8100 80.7400 65.7700 0.000000 0.000000 168.000000 52.000000
4.8200 81.1400 65.9600 0.000000 0.000000 168.000000 52.000000
4.8300 81.4400 66.1900 0.000000 0.000000 169.000000 53.000000
4.8400 81.7200 66.3700 0.000000 0.000000 169.000000 53.000000
4.8500 81.7800 66.4900 0.000000 0.000000 170.000000 52.000000
4.8600 81.6900 66.4900 0.000000 0.000000 170.000000 52.000000
4.8700 81.5300 66.4400 0.000000 0.000000 170.000000 51.000000
4.8800 81.4000 66.3600 0.000000 0.000000 170.000000 50.000000
4.8900 81.3300 66.2900 0.000000 0.000000 170.000000 50.000000
4.9000 81.2800 66.2200 0.000000 0.000000 170.000000 49.000000
4.9100 81.2800 66.1400 0.000000 0.000000 170.000000 49.000000
4.9200 81.2800 66.0900 0.000000 0.000000 170.000000 48.000000
4.9300 81.2800 66.0900 0.000000 0.000000 170.000000 49.000000
4.9400 81.2800 65.9600 0.000000 0.000000 171.000000 49.000000
4.9500 81.2800 65.9600 173.000000 1.000000 171.000000 49.000000
4.9600 81.0900 65.6700 213.000000 0.000000 172.000000 50.000000
4.9700 80.9300 65.6700 223.000000 0.000000 173.000000 51.000000
4.9800 80.7900 65.6700 277.000000 0.000000 174.000000 51.000000
4.9900 80.4500 65.5500 314.000000 0.000000 174.000000 52.000000
5.0000 79.9600 65.3900 349.000000 0.000000 175.000000 52.000000
5.0100 79.2500 65.1900 366.000000 0.000000 175.000000 52.000000
5.0200 78.3600 64.9700 392.000000 0.000000 175.000000 52.000000
5.0300 77.3500 64.7300 404.000000 0.000000 174.000000 52.000000
5.0400 76.1200 64.4800 409.000000 0.000000 174.000000 52.000000
5.0500 74.2900 64.1900 413.000000 0.000000 172.000000 52.000000
5.0600 72.0500 63.7800 422.000000 0.000000 171.000000 52.000000
5.0700 69.2400 63.2900 409.000000 0.000000 170.000000 52.000000
5.0800 66.2600 62.8200 423.000000 0.000000 169.000000 50.000000
5.0900 63.1600 62.3800 387.000000 0.000000 168.000000 50.000000
5.1000 60.3000 62.0500 348.000000 0.000000 167.000000 50.000000
5.1100 57.6100 61.7900 304.000000 0.000000 166.000000 49.000000
5.1200 55.0400 61.5800 270.000000 0.000000 163.000000 49.000000
5.1300 52.7300 61.4300 262.000000 0.000000 162.000000 49.000000
5.1400 50.8800 61.3200 302.000000 0.000000 160.000000 48.000000
5.1500 49.3300 61.2600 305.000000 0.000000 159.000000 48.000000
5.1600 49.0800 61.1900 314.000000 0.000000 158.000000 48.000000
5.1700 49.3900 61.1100 305.000000 0.000000 157.000000 48.000000
5.1800 50.0600 60.9500 319.000000 0.000000 157.000000 48.000000
5.1900 51.0600 60.8600 369.000000 0.000000 157.000000 48.000000
5.2000 52.7600 61.0400 396.000000 0.000000 155.000000 47.000000
5.2100 54.9200 61.3700 422.000000 0.000000 155.000000 47.000000
5.2200 57.6600 62.1000 430.000000 0.000000 157.000000 48.000000
5.2300 60.4700 62.9200 448.000000 0.000000 157.000000 48.000000
5.2400 63.3300 63.8000 452.000000 0.000000 157.000000 48.000000
5.2500 65.7100 64.7700 461.000000 0.000000 158.000000 48.000000
5.2600 67.6300 65.7700 471.000000 0.000000 158.000000 48.000000
5.2700 69.2400 66.8000 464.000000 0.000000 159.000000 48.000000
5.2800 70.3000 67.7600 471.000000 0.000000 161.000000 48.000000
5.2900 70.8800 68.7100 471.000000 0.000000 162.000000 49.000000
5.3000 71.1400 69.6600 465.000000 0.000000 165.000000 49.000000
5.3100 70.8100 70.0100 450.000000 0.000000 166.000000 49.000000
5.3200 69.8900 70.0600 428.000000 0.000000 167.000000 48.000000
5.3300 68.5700 69.9000 387.000000 0.000000 168.000000 47.000000
5.3400 66.4000 69.2300 363.000000 0.000000 169.000000 45.000000
5.3500 63.8000 68.2300 353.000000 0.000000 169.000000 45.000000
5.3600 60.9100 67.0000 353.000000 0.000000 168.000000 44.000000
5.3700 58.1600 65.4600 371.000000 0.000000 167.000000 44.000000
5.3800 55.4500 63.9800 377.000000 0.000000 164.000000 45.000000
5.3900 54.2200 62.5300 377.000000 0.000000 163.000000 45.000000
5.4000 53.9600 61.8300 399.000000 0.000000 161.000000 45.000000
5.4100 54.6000 61.4400 425.000000 0.000000 160.000000 45.000000
5.4200 55.8200 61.2600 456.000000 0.000000 158.000000 46.000000
5.4300 57.4300 61.3400 517.000000 0.000000 157.000000 46.000000
5.4400 59.6100 61.5400 539.000000 0.000000 157.000000 46.000000
5.4500 62.0900 61.8100 570.000000 0.000000 157.000000 46.000000
5.4600 64.7600 62.0400 561.000000 0.000000 158.000000 46.000000
5.4700 67.2200 62.2300 561.000000 0.000000 159.000000 46.000000
5.4800 69.5300 62.3400 565.000000 0.000000 160.000000 46.000000
5.4900 71.7300 62.3400 518.000000 0.000000 162.000000 48.000000
5.5000 73.6900 62.4400 402.000000 0.000000 163.000000 48.000000
