0.0000 49.2200 30.0700 89.000000 1.000000 151.000000 51.000000
0.0100 49.2200 30.0700 90.000000 0.000000 153.000000 52.000000
0.0200 49.2700 30.3900 112.000000 0.000000 153.000000 51.000000
0.0300 49.2700 30.2600 132.000000 0.000000 153.000000 51.000000
0.0400 49.1200 29.8900 172.000000 0.000000 152.000000 51.000000
0.0500 48.9600 29.3600 180.000000 0.000000 153.000000 50.000000
0.0600 48.7500 28.7000 185.000000 0.000000 152.000000 49.000000
0.0700 48.5600 28.1300 188.000000 0.000000 152.000000 49.000000
0.0800 48.4200 27.6100 171.000000 0.000000 150.000000 50.000000
0.0900 48.3500 27.2500 132.000000 0.000000 150.000000 50.000000
0.1000 48.3500 27.2500 0.000000 1.000000 148.000000 50.000000
0.1100 48.4200 26.9700 0.000000 0.000000 149.000000 51.000000
0.1200 48.5000 27.1500 0.000000 0.000000 149.000000 51.000000
0.1300 48.6100 27.5600 0.000000 0.000000 149.000000 51.000000
0.1400 48.7300 28.1300 0.000000 0.000000 150.000000 51.000000
0.1500 48.7300 28.6900 0.000000 0.000000 150.000000 51.000000
0.1600 48.7300 29.2800 0.000000 0.000000 151.000000 51.000000
0.1700 48.6000 29.9700 0.000000 0.000000 151.000000 51.000000
0.1800 48.3300 30.7200 0.000000 0.000000 152.000000 51.000000
0.1900 47.9700 31.3000 0.000000 0.000000 152.000000 51.000000
0.2000 47.9700 31.3000 139.000000 1.000000 152.000000 51.000000
0.2100 47.9200 31.6900 165.000000 0.000000 152.000000 49.000000
0.2200 47.9200 31.8500 182.000000 0.000000 152.000000 49.000000
0.2300 48.0200 31.8500 178.000000 0.000000 151.000000 49.000000
0.2400 48.3400 31.7700 212.000000 0.000000 150.000000 48.000000
0.2500 48.8100 31.5900 246.000000 0.000000 150.000000 48.000000
0.2600 49.3700 31.2400 253.000000 0.000000 150.000000 48.000000
0.2700 49.9300 30.7900 241.000000 0.000000 149.000000 48.000000
0.2800 50.4400 30.2200 256.000000 0.000000 150.000000 48.000000
0.2900 50.7200 29.6300 242.000000 0.000000 150.000000 48.000000
0.3000 50.8700 29.0200 240.000000 0.000000 150.000000 48.000000
0.3100 50.7400 28.4500 239.000000 0.000000 151.000000 49.000000
0.3200 50.4200 27.9200 244.000000 0.000000 151.000000 49.000000
0.3300 49.9600 27.5200 249.000000 0.000000 151.000000 49.000000
0.3400 49.4500 27.2100 250.000000 0.000000 151.000000 50.000000
0.3500 48.8800 26.9500 255.000000 0.000000 151.000000 50.000000
0.3600 48.2600 26.8300 257.000000 0.000000 151.000000 50.000000
0.3700 47.7600 26.8300 254.000000 0.000000 150.000000 51.000000
0.3800 47.4600 26.9000 185.000000 0.000000 150.000000 51.000000
0.3900 47.2900 26.9600 51.000000 0.000000 149.000000 51.000000
0.4000 47.2900 26.9600 0.000000 1.000000 150.000000 51.000000
0.4100 47.5800 27.1700 0.000000 0.000000 150.000000 51.000000
0.4200 48.0000 27.2700 0.000000 0.000000 150.000000 51.000000
0.4300 48.4700 27.3600 0.000000 0.000000 150.000000 51.000000
0.4400 49.0600 27.5200 0.000000 0.000000 150.000000 51.000000
0.4500 49.7400 27.7300 0.000000 0.000000 151.000000 51.000000
0.4600 50.4100 27.9300 0.000000 0.000000 151.000000 51.000000
0.4700 50.9500 28.1300 0.000000 0.000000 151.000000 51.000000
0.4800 51.4100 28.2800 0.000000 0.000000 151.000000 51.000000
0.4900 51.6900 28.4200 0.000000 0.000000 153.000000 52.000000
0.5000 51.6900 28.4200 46.000000 1.000000 153.000000 51.000000
0.5100 51.6800 28.8100 108.000000 0.000000 153.000000 51.000000
0.5200 51.5700 29.1100 173.000000 0.000000 153.000000 51.000000
0.5300 51.3900 29.2600 235.000000 0.000000 153.000000 51.000000
0.5400 51.1600 29.2600 244.000000 0.000000 153.000000 51.000000
0.5500 50.9000 29.1600 242.000000 0.000000 153.000000 51.000000
0.5600 50.6600 28.7900 244.000000 0.000000 153.000000 50.000000
0.5700 50.4700 28.4100 247.000000 0.000000 153.000000 50.000000
0.5800 50.4700 28.0100 241.000000 0.000000 153.000000 50.000000
0.5900 50.4700 27.7500 233.000000 0.000000 153.000000 50.000000
0.6000 50.7700 27.5700 220.000000 0.000000 152.000000 51.000000
0.6100 51.0700 27.5700 203.000000 0.000000 151.000000 50.000000
0.6200 51.4100 27.6700 202.000000 0.000000 151.000000 50.000000
0.6300 51.7100 27.8800 208.000000 0.000000 151.000000 50.000000
0.6400 51.8500 28.1400 209.000000 0.000000 151.000000 50.000000
0.6500 51.9000 28.4400 223.000000 0.000000 151.000000 50.000000
0.6600 51.9000 28.7700 244.000000 0.000000 151.000000 50.000000
0.6700 51.8300 29.0600 249.000000 0.000000 151.000000 50.000000
0.6800 51.7600 29.1500 244.000000 0.000000 151.000000 50.000000
0.6900 51.7600 29.1500 247.000000 0.000000 151.000000 50.000000
0.7000 51.6900 28.9900 244.000000 0.000000 151.000000 50.000000
0.7100 51.6900 28.7000 246.000000 0.000000 152.000000 49.000000
0.7200 51.7500 28.3100 244.000000 0.000000 152.000000 49.000000
0.7300 51.8900 28.0300 244.000000 0.000000 152.000000 49.000000
0.7400 52.1000 27.8000 247.000000 0.000000 151.000000 50.000000
0.7500 52.3500 27.6100 249.000000 0.000000 151.000000 50.000000
0.7600 52.6300 27.5400 251.000000 0.000000 151.000000 50.000000
0.7700 52.8800 27.5400 253.000000 0.000000 152.000000 51.000000
0.7800 53.1200 27.6800 245.000000 0.000000 152.000000 51.000000
0.7900 53.3200 27.8500 259.000000 0.000000 152.000000 51.000000
0.8000 53.4100 28.0800 275.000000 0.000000 152.000000 51.000000
0.8100 53.4100 28.3400 312.000000 0.000000 152.000000 51.000000
0.8200 53.4100 28.6200 305.000000 0.000000 152.000000 51.000000
0.8300 53.3400 28.8900 309.000000 0.000000 152.000000 51.000000
0.8400 53.2600 29.1600 310.000000 0.000000 152.000000 51.000000
0.8500 53.2600 29.2600 305.000000 0.000000 152.000000 51.000000
0.8600 53.2600 29.2600 309.000000 0.000000 153.000000 50.000000
0.8700 53.2600 29.0800 310.000000 0.000000 153.000000 50.000000
0.8800 53.3300 28.9100 314.000000 0.000000 153.000000 50.000000
0.8900 53.4200 28.7100 310.000000 0.000000 153.000000 50.000000
0.9000 53.5100 28.4700 310.000000 0.000000 153.000000 50.000000
0.9100 53.6100 28.2500 310.000000 0.000000 153.000000 50.000000
0.9200 53.7700 28.0400 317.000000 0.000000 153.000000 50.000000
0.9300 53.9900 27.9000 315.000000 0.000000 153.000000 50.000000
0.9400 54.2100 27.9000 317.000000 0.000000 153.000000 50.000000
0.9500 54.4200 27.9000 324.000000 0.000000 154.000000 50.000000
0.9600 54.6400 28.0600 369.000000 0.000000 154.000000 50.000000
0.9700 54.7800 28.2900 387.000000 0.000000 154.000000 50.000000
0.9800 54.8600 28.5600 391.000000 0.000000 154.000000 50.000000
0.9900 54.8600 28.8700 392.000000 0.000000 154.000000 50.000000
1.0000 54.8600 29.1700 396.000000 0.000000 154.000000 50.000000
1.0100 54.8100 29.4300 304.000000 0.000000 154.000000 50.000000
1.0200 54.8100 29.6100 132.000000 0.000000 154.000000 50.000000
1.0300 54.8100 29.6100 0.000000 1.000000 154.000000 50.000000
1.0400 54.8600 29.6900 0.000000 0.000000 155.000000 49.000000
1.0500 54.9400 29.6900 0.000000 0.000000 155.000000 49.000000
1.0600 55.0600 29.6000 0.000000 0.000000 155.000000 49.000000
1.0700 55.2000 29.5200 0.000000 0.000000 155.000000 49.000000
1.0800 55.3900 29.5200 0.000000 0.000000 155.000000 49.000000
1.0900 55.5900 29.4700 0.000000 0.000000 154.000000 49.000000
1.1000 55.7800 29.4700 0.000000 0.000000 155.000000 48.000000
1.1100 55.9000 29.4000 0.000000 0.000000 155.000000 48.000000
1.1200 55.9700 29.4000 0.000000 0.000000 155.000000 48.000000
1.1300 55.9700 29.4000 130.000000 1.000000 155.000000 48.000000
1.1400 55.9700 29.4000 143.000000 0.000000 155.000000 48.000000
1.1500 55.9700 29.4000 212.000000 0.000000 155.000000 48.000000
1.1600 55.9700 29.4000 255.000000 0.000000 156.000000 48.000000
1.1700 55.9700 29.4000 297.000000 0.000000 156.000000 48.000000
1.1800 55.9700 29.4000 314.000000 0.000000 156.000000 48.000000
1.1900 55.7200 28.9300 314.000000 0.000000 155.000000 49.000000
1.2000 55.7200 28.6300 311.000000 0.000000 156.000000 50.000000
1.2100 55.7200 28.3400 277.000000 0.000000 156.000000 50.000000
1.2200 55.8200 28.1200 96.000000 0.000000 156.000000 50.000000
1.2300 55.8200 28.1200 0.000000 1.000000 156.000000 50.000000
1.2400 56.0800 27.9600 0.000000 0.000000 155.000000 50.000000
1.2500 56.2200 28.1800 0.000000 0.000000 155.000000 50.000000
1.2600 56.3400 28.5600 0.000000 0.000000 155.000000 50.000000
1.2700 56.4500 28.9400 0.000000 0.000000 155.000000 50.000000
1.2800 56.4500 29.3800 0.000000 0.000000 154.000000 50.000000
1.2900 56.3700 29.8600 0.000000 0.000000 154.000000 50.000000
1.3000 56.2700 30.4000 0.000000 0.000000 154.000000 50.000000
1.3100 56.2700 30.4000 91.000000 1.000000 155.000000 49.000000
1.3200 56.2000 31.0400 146.000000 0.000000 154.000000 49.000000
1.3300 56.0900 31.1900 220.000000 0.000000 155.000000 49.000000
1.3400 56.0900 31.2800 242.000000 0.000000 156.000000 48.000000
1.3500 56.0900 31.2800 247.000000 0.000000 156.000000 48.000000
1.3600 56.0900 31.2800 247.000000 0.000000 157.000000 49.000000
1.3700 56.1600 31.1200 212.000000 0.000000 157.000000 49.000000
1.3800 56.2300 30.9200 17.000000 0.000000 158.000000 48.000000
1.3900 56.2300 30.9200 0.000000 1.000000 159.000000 48.000000
1.4000 56.4400 30.5200 0.000000 0.000000 159.000000 48.000000
1.4100 56.6700 30.5200 0.000000 0.000000 159.000000 48.000000
1.4200 57.0100 30.7100 0.000000 0.000000 158.000000 48.000000
1.4300 57.3900 30.8300 0.000000 0.000000 158.000000 48.000000
1.4400 57.7800 30.9500 0.000000 0.000000 158.000000 48.000000
1.4500 58.0300 31.0800 0.000000 0.000000 158.000000 48.000000
1.4600 58.2000 31.2200 0.000000 0.000000 158.000000 48.000000
1.4700 58.2000 31.3900 0.000000 0.000000 158.000000 47.000000
1.4800 58.2000 31.5800 0.000000 0.000000 158.000000 47.000000
1.4900 58.2000 31.6700 0.000000 0.000000 158.000000 47.000000
1.5000 58.2000 31.6700 48.000000 1.000000 158.000000 47.000000
1.5100 58.2000 31.6700 101.000000 0.000000 160.000000 47.000000
1.5200 58.2000 31.6700 120.000000 0.000000 160.000000 47.000000
1.5300 58.2000 31.6700 136.000000 0.000000 159.000000 48.000000
1.5400 58.2000 31.6700 160.000000 0.000000 159.000000 48.000000
1.5500 58.2000 31.6700 168.000000 0.000000 159.000000 48.000000
1.5600 58.2000 31.6700 178.000000 0.000000 159.000000 48.000000
1.5700 58.2000 31.6700 210.000000 0.000000 158.000000 48.000000
1.5800 58.2000 31.6700 212.000000 0.000000 158.000000 48.000000
1.5900 58.4000 31.2800 220.000000 0.000000 157.000000 48.000000
1.6000 58.4500 31.1500 207.000000 0.000000 157.000000 48.000000
1.6100 58.5000 31.0400 207.000000 0.000000 157.000000 48.000000
1.6200 58.5000 30.8800 206.000000 0.000000 155.000000 47.000000
1.6300 58.5000 30.7200 207.000000 0.000000 155.000000 47.000000
1.6400 58.5500 30.5700 206.000000 0.000000 155.000000 47.000000
1.6500 58.5500 30.4400 212.000000 0.000000 155.000000 47.000000
1.6600 58.5500 30.2900 211.000000 0.000000 155.000000 47.000000
1.6700 58.5500 30.2100 216.000000 0.000000 155.000000 47.000000
1.6800 58.5500 30.2100 216.000000 0.000000 155.000000 47.000000
1.6900 58.5500 30.1500 221.000000 0.000000 155.000000 47.000000
1.7000 58.5500 30.1500 228.000000 0.000000 155.000000 47.000000
1.7100 58.5500 30.2000 239.000000 0.000000 155.000000 48.000000
1.7200 58.5500 30.2000 254.000000 0.000000 155.000000 48.000000
1.7300 58.5500 30.2600 247.000000 0.000000 155.000000 48.000000
1.7400 58.5500 30.3100 257.000000 0.000000 155.000000 48.000000
1.7500 58.5500 30.3600 259.000000 0.000000 155.000000 48.000000
1.7600 58.5500 30.3600 259.000000 0.000000 155.000000 48.000000
1.7700 58.5500 30.3100 265.000000 0.000000 155.000000 48.000000
1.7800 58.5500 30.3100 274.000000 0.000000 155.000000 48.000000
1.7900 58.5500 30.3100 279.000000 0.000000 155.000000 48.000000
1.8000 58.5500 30.3100 280.000000 0.000000 155.000000 48.000000
1.8100 58.5500 30.3700 282.000000 0.000000 155.000000 48.000000
1.8200 58.5000 30.4300 284.000000 0.000000 155.000000 47.000000
1.8300 58.5000 30.4300 287.000000 0.000000 155.000000 47.000000
1.8400 58.5000 30.4300 285.000000 0.000000 155.000000 47.000000
1.8500 58.5000 30.4900 285.000000 0.000000 155.000000 47.000000
1.8600 58.5000 30.4900 285.000000 0.000000 155.000000 47.000000
1.8700 58.5000 30.4900 273.000000 0.000000 154.000000 47.000000
1.8800 58.5000 30.4900 287.000000 0.000000 154.000000 47.000000
1.8900 58.5000 30.4900 287.000000 0.000000 154.000000 47.000000
1.9000 58.5000 30.4900 275.000000 0.000000 154.000000 47.000000
1.9100 58.5000 30.4900 254.000000 0.000000 154.000000 47.000000
1.9200 58.5000 30.4900 249.000000 0.000000 154.000000 47.000000
1.9300 58.5000 30.4900 226.000000 0.000000 154.000000 47.000000
1.9400 58.5000 30.4900 206.000000 0.000000 154.000000 47.000000
1.9500 58.5000 30.4900 215.000000 0.000000 154.000000 47.000000
1.9600 58.5000 30.4900 213.000000 0.000000 154.000000 47.000000
1.9700 58.5000 30.4900 210.000000 0.000000 155.000000 47.000000
1.9800 58.5000 30.4900 210.000000 0.000000 155.000000 47.000000
1.9900 58.5000 30.4900 212.000000 0.000000 155.000000 47.000000
2.0000 58.5000 30.4900 210.000000 0.000000 155.000000 47.000000
2.0100 58.5000 30.4900 212.000000 0.000000 155.000000 48.000000
2.0200 58.5000 30.4900 210.000000 0.000000 155.000000 48.000000
2.0300 58.5000 30.4900 212.000000 0.000000 155.000000 48.000000
2.0400 58.5000 30.4900 213.000000 0.000000 155.000000 48.000000
2.0500 58.5000 30.4900 208.000000 0.000000 155.000000 48.000000
2.0600 58.5000 30.4900 184.000000 0.000000 155.000000 48.000000
2.0700 58.5000 30.4900 75.000000 0.000000 155.000000 48.000000
2.0800 58.5000 30.4900 0.000000 1.000000 155.000000 48.000000
2.0900 58.5000 30.4100 0.000000 0.000000 156.000000 48.000000
2.1000 58.5000 30.3500 0.000000 0.000000 156.000000 48.000000
2.1100 58.5000 30.2900 0.000000 0.000000 156.000000 48.000000
2.1200 58.4300 30.1900 0.000000 0.000000 157.000000 49.000000
2.1300 58.3000 30.0400 0.000000 0.000000 157.000000 49.000000
2.1400 58.1700 29.8200 0.000000 0.000000 157.000000 49.000000
2.1500 57.9900 29.5300 0.000000 0.000000 158.000000 49.000000
2.1600 57.7700 29.2200 0.000000 0.000000 158.000000 49.000000
2.1700 57.6100 29.0000 0.000000 0.000000 158.000000 49.000000
2.1800 57.4700 28.8300 0.000000 0.000000 157.000000 50.000000
2.1900 57.3400 28.6900 0.000000 0.000000 157.000000 50.000000
2.2000 57.2400 28.5400 0.000000 0.000000 156.000000 50.000000
2.2100 57.1900 28.4300 0.000000 0.000000 156.000000 50.000000
2.2200 57.1900 28.4300 8.000000 0.000000 156.000000 50.000000
2.2300 57.1900 28.4300 65.000000 1.000000 156.000000 50.000000
2.2400 57.1900 28.4300 120.000000 0.000000 157.000000 50.000000
2.2500 57.1900 28.4300 193.000000 0.000000 157.000000 50.000000
2.2600 57.1900 28.4300 247.000000 0.000000 157.000000 50.000000
2.2700 57.1900 28.4300 269.000000 0.000000 159.000000 50.000000
2.2800 57.1900 28.4300 279.000000 0.000000 159.000000 50.000000
2.2900 57.6800 28.5500 282.000000 0.000000 159.000000 50.000000
2.3000 58.0400 28.8000 292.000000 0.000000 159.000000 50.000000
2.3100 58.4100 29.0800 304.000000 0.000000 159.000000 50.000000
2.3200 58.6800 29.3700 316.000000 0.000000 157.000000 50.000000
2.3300 58.8700 29.7000 317.000000 0.000000 157.000000 50.000000
2.3400 59.0100 30.1500 310.000000 0.000000 156.000000 50.000000
2.3500 59.0700 30.6700 305.000000 0.000000 156.000000 50.000000
2.3600 59.0700 31.2600 309.000000 0.000000 156.000000 48.000000
2.3700 58.9800 31.8300 302.000000 0.000000 156.000000 48.000000
2.3800 58.8600 32.4000 304.000000 0.000000 156.000000 48.000000
2.3900 58.7100 32.7400 307.000000 0.000000 155.000000 47.000000
2.4000 58.5800 32.8500 314.000000 0.000000 155.000000 47.000000
2.4100 58.4600 32.8000 307.000000 0.000000 155.000000 47.000000
2.4200 58.3400 32.6600 305.000000 0.000000 155.000000 47.000000
2.4300 58.1800 32.2900 309.000000 0.000000 155.000000 47.000000
2.4400 57.9900 31.7800 305.000000 0.000000 157.000000 48.000000
2.4500 57.8900 31.2500 310.000000 0.000000 157.000000 48.000000
2.4600 57.8200 30.7200 314.000000 0.000000 157.000000 48.000000
2.4700 57.8200 30.2500 317.000000 0.000000 158.000000 48.000000
2.4800 57.8800 29.8300 314.000000 0.000000 158.000000 48.000000
2.4900 57.9700 29.4100 315.000000 0.000000 158.000000 48.000000
2.5000 58.1000 29.1100 315.000000 0.000000 158.000000 48.000000
2.5100 58.3000 28.8800 312.000000 0.000000 158.000000 48.000000
2.5200 58.4800 28.7400 304.000000 0.000000 158.000000 48.000000
2.5300 58.6200 28.7400 284.000000 0.000000 158.000000 48.000000
2.5400 58.7800 28.7400 273.000000 0.000000 157.000000 48.000000
2.5500 58.8700 28.8100 274.000000 0.000000 157.000000 48.000000
2.5600 58.9200 28.9200 287.000000 0.000000 155.000000 48.000000
2.5700 58.9200 29.0400 274.000000 0.000000 155.000000 48.000000
2.5800 58.8000 29.1900 276.000000 0.000000 155.000000 48.000000
2.5900 58.6100 29.3100 287.000000 0.000000 155.000000 48.000000
2.6000 58.4500 29.3800 289.000000 0.000000 155.000000 48.000000
2.6100 58.2600 29.4300 289.000000 0.000000 155.000000 48.000000
2.6200 58.0100 29.4300 299.000000 0.000000 155.000000 48.000000
2.6300 57.7200 29.4800 301.000000 0.000000 157.000000 48.000000
2.6400 57.3500 29.4800 317.000000 0.000000 157.000000 48.000000
2.6500 56.9900 29.3600 309.000000 0.000000 157.000000 48.000000
2.6600 56.6500 29.1700 324.000000 0.000000 158.000000 48.000000
2.6700 56.3300 28.8800 320.000000 0.000000 158.000000 48.000000
2.6800 56.2400 28.5900 324.000000 0.000000 158.000000 49.000000
2.6900 56.1800 28.3100 330.000000 0.000000 158.000000 49.000000
2.7000 56.1800 28.0500 339.000000 0.000000 158.000000 49.000000
2.7100 56.4400 27.9000 330.000000 0.000000 157.000000 50.000000
2.7200 56.7600 27.8200 297.000000 0.000000 157.000000 50.000000
2.7300 57.3000 27.9100 215.000000 0.000000 157.000000 50.000000
2.7400 57.3000 27.9100 0.000000 1.000000 157.000000 50.000000
2.7500 58.7300 28.2500 0.000000 0.000000 157.000000 50.000000
2.7600 59.2800 28.4300 0.000000 0.000000 157.000000 50.000000
2.7700 59.6600 28.6200 0.000000 0.000000 157.000000 50.000000
2.7800 59.9200 28.8200 0.000000 0.000000 159.000000 50.000000
2.7900 60.2700 29.0000 0.000000 0.000000 159.000000 50.000000
2.8000 60.6500 29.1800 0.000000 0.000000 160.000000 50.000000
2.8100 61.0800 29.3200 0.000000 0.000000 160.000000 50.000000
2.8200 61.5600 29.4800 0.000000 0.000000 160.000000 50.000000
2.8300 62.0400 29.5900 0.000000 0.000000 160.000000 50.000000
2.8400 62.5000 29.6500 0.000000 0.000000 161.000000 49.000000
2.8500 62.8300 29.6500 0.000000 0.000000 161.000000 49.000000
2.8600 63.0300 29.6000 0.000000 0.000000 161.000000 49.000000
2.8700 63.1500 29.6000 0.000000 0.000000 160.000000 48.000000
2.8800 63.1500 29.5200 0.000000 0.000000 160.000000 48.000000
2.8900 63.1500 29.5200 0.000000 0.000000 160.000000 48.000000
2.9000 63.1500 29.4700 0.000000 0.000000 160.000000 48.000000
2.9100 63.0100 29.4700 0.000000 0.000000 160.000000 48.000000
2.9200 62.9400 29.4700 0.000000 0.000000 160.000000 48.000000
2.9300 62.9400 29.4700 0.000000 0.000000 160.000000 48.000000
2.9400 62.8900 29.4100 0.000000 0.000000 160.000000 48.000000
2.9500 62.8900 29.4100 0.000000 0.000000 160.000000 48.000000
2.9600 63.0300 29.4100 0.000000 0.000000 160.000000 48.000000
2.9700 63.1400 29.4800 0.000000 0.000000 160.000000 48.000000
2.9800 63.1400 29.4800 0.000000 0.000000 160.000000 48.000000
2.9900 63.1400 29.4800 0.000000 0.000000 160.000000 48.000000
3.0000 63.4800 29.7100 0.000000 0.000000 160.000000 48.000000
3.0100 63.4800 29.7100 10.000000 0.000000 160.000000 48.000000
3.0200 63.4800 30.0000 51.000000 1.000000 160.000000 48.000000
3.0300 63.3200 30.2200 119.000000 0.000000 160.000000 48.000000
3.0400 63.1500 30.4400 179.000000 0.000000 160.000000 48.000000
3.0500 62.9500 30.6600 207.000000 0.000000 160.000000 48.000000
3.0600 62.7800 30.6600 207.000000 0.000000 160.000000 48.000000
3.0700 62.5000 30.5100 207.000000 0.000000 161.000000 47.000000
3.0800 62.1500 30.2000 209.000000 0.000000 161.000000 47.000000
3.0900 61.8200 29.7700 212.000000 0.000000 161.000000 47.000000
3.1000 61.6700 29.3800 211.000000 0.000000 161.000000 47.000000
3.1100 61.6700 29.1200 225.000000 0.000000 161.000000 47.000000
3.1200 61.7900 28.9300 247.000000 0.000000 160.000000 48.000000
3.1300 62.0600 28.9300 262.000000 0.000000 160.000000 48.000000
3.1400 62.4200 29.0400 274.000000 0.000000 160.000000 48.000000
3.1500 62.9000 29.3300 312.000000 0.000000 160.000000 48.000000
3.1600 63.2900 29.7300 329.000000 0.000000 159.000000 48.000000
3.1700 63.6300 30.1300 344.000000 0.000000 159.000000 48.000000
3.1800 63.8100 30.5300 348.000000 0.000000 160.000000 48.000000
3.1900 63.9200 30.9800 339.000000 0.000000 160.000000 48.000000
3.2000 63.9900 31.4400 314.000000 0.000000 160.000000 48.000000
3.2100 63.9900 31.9200 282.000000 0.000000 161.000000 48.000000
3.2200 63.9300 32.1700 228.000000 0.000000 162.000000 48.000000
3.2300 63.8800 32.2200 65.000000 0.000000 162.000000 48.000000
3.2400 63.8800 32.2200 0.000000 1.000000 162.000000 48.000000
3.2500 63.8800 31.9200 0.000000 0.000000 162.000000 47.000000
3.2600 63.7800 31.6600 0.000000 0.000000 162.000000 47.000000
3.2700 63.6900 31.3600 0.000000 0.000000 162.000000 47.000000
3.2800 63.6900 31.0200 0.000000 0.000000 161.000000 46.000000
3.2900 63.7600 30.6500 0.000000 0.000000 161.000000 46.000000
3.3000 63.8300 30.2900 0.000000 0.000000 161.000000 46.000000
3.3100 63.8900 29.9800 0.000000 0.000000 161.000000 47.000000
3.3200 63.8900 29.7000 0.000000 0.000000 161.000000 47.000000
3.3300 63.8900 29.7000 103.000000 1.000000 160.000000 47.000000
3.3400 63.7000 29.2600 148.000000 0.000000 160.000000 47.000000
3.3500 63.6400 29.2600 226.000000 0.000000 159.000000 48.000000
3.3600 63.6400 29.2000 296.000000 0.000000 159.000000 48.000000
3.3700 63.6400 29.2000 342.000000 0.000000 160.000000 48.000000
3.3800 63.7300 29.2500 334.000000 0.000000 160.000000 48.000000
3.3900 63.9000 29.3300 344.000000 0.000000 160.000000 48.000000
3.4000 64.1500 29.4800 333.000000 0.000000 160.000000 48.000000
3.4100 64.4400 29.6900 325.000000 0.000000 160.000000 48.000000
3.4200 64.7300 29.9000 315.000000 0.000000 161.000000 48.000000
3.4300 64.8600 30.1200 314.000000 0.000000 161.000000 48.000000
3.4400 64.8600 30.3500 299.000000 0.000000 161.000000 48.000000
3.4500 64.7900 30.5200 291.000000 0.000000 161.000000 48.000000
3.4600 64.6400 30.6700 286.000000 0.000000 161.000000 48.000000
3.4700 64.4600 30.6700 289.000000 0.000000 162.000000 48.000000
3.4800 64.3100 30.5600 289.000000 0.000000 162.000000 48.000000
3.4900 64.1300 30.2700 286.000000 0.000000 161.000000 47.000000
3.5000 63.9300 29.9500 291.000000 0.000000 161.000000 47.000000
3.5100 63.7800 29.6000 291.000000 0.000000 161.000000 47.000000
3.5200 63.7800 29.2700 289.000000 0.000000 161.000000 47.000000
3.5300 63.8800 29.0600 277.000000 0.000000 160.000000 48.000000
3.5400 64.1500 28.9300 172.000000 0.000000 160.000000 48.000000
3.5500 64.1500 28.9300 0.000000 1.000000 160.000000 48.000000
3.5600 65.1300 29.0900 0.000000 0.000000 160.000000 48.000000
3.5700 65.6800 29.3300 0.000000 0.000000 160.000000 48.000000
3.5800 66.1800 29.6800 0.000000 0.000000 160.000000 48.000000
3.5900 66.5700 30.0300 0.000000 0.000000 160.000000 48.000000
3.6000 66.9000 30.3800 0.000000 0.000000 160.000000 48.000000
3.6100 67.1300 30.7900 0.000000 0.000000 160.000000 48.000000
3.6200 67.2900 31.2400 0.000000 0.000000 161.000000 47.000000
3.6300 67.4100 31.8200 0.000000 0.000000 162.000000 48.000000
3.6400 67.4100 31.8200 10.000000 0.000000 162.000000 48.000000
3.6500 67.7100 32.5200 73.000000 1.000000 162.000000 47.000000
3.6600 67.7700 32.7400 141.000000 0.000000 163.000000 47.000000
3.6700 67.7700 32.7900 179.000000 0.000000 163.000000 47.000000
3.6800 67.7700 32.7200 206.000000 0.000000 165.000000 46.000000
3.6900 67.7200 32.4400 259.000000 0.000000 166.000000 46.000000
3.7000 67.7200 32.0100 304.000000 0.000000 166.000000 46.000000
3.7100 67.5900 31.4800 329.000000 0.000000 167.000000 46.000000
3.7200 67.4500 30.9700 337.000000 0.000000 167.000000 46.000000
3.7300 67.3400 30.5000 339.000000 0.000000 167.000000 46.000000
3.7400 67.2400 30.0700 345.000000 0.000000 167.000000 47.000000
3.7500 67.2400 29.6900 273.000000 0.000000 167.000000 47.000000
3.7600 67.2400 29.4000 142.000000 0.000000 166.000000 47.000000
3.7700 67.2400 29.4000 0.000000 1.000000 165.000000 48.000000
3.7800 67.5000 29.0800 0.000000 0.000000 165.000000 48.000000
3.7900 67.7200 29.1800 0.000000 0.000000 165.000000 48.000000
3.8000 68.0500 29.4100 0.000000 0.000000 165.000000 49.000000
3.8100 68.4300 29.6300 0.000000 0.000000 165.000000 49.000000
3.8200 68.8100 29.8600 0.000000 0.000000 165.000000 49.000000
3.8300 69.1100 30.1000 0.000000 0.000000 166.000000 49.000000
3.8400 69.3600 30.3400 0.000000 0.000000 166.000000 49.000000
3.8500 69.3600 30.3400 65.000000 1.000000 166.000000 49.000000
3.8600 69.5100 30.8600 56.000000 0.000000 167.000000 48.000000
3.8700 69.4400 31.1700 136.000000 0.000000 167.000000 48.000000
3.8800 69.3700 31.2900 198.000000 0.000000 167.000000 48.000000
3.8900 69.1900 31.3700 249.000000 0.000000 168.000000 47.000000
3.9000 68.9400 31.2200 280.000000 0.000000 168.000000 47.000000
3.9100 68.5700 30.9400 289.000000 0.000000 168.000000 47.000000
3.9200 68.2300 30.5600 302.000000 0.000000 168.000000 47.000000
3.9300 68.0900 30.2100 306.000000 0.000000 167.000000 47.000000
3.9400 68.0900 29.9400 304.000000 0.000000 167.000000 47.000000
3.9500 68.1800 29.7100 307.000000 0.000000 167.000000 47.000000
3.9600 68.3100 29.5900 301.000000 0.000000 166.000000 47.000000
3.9700 68.3100 29.5900 289.000000 0.000000 166.000000 47.000000
3.9800 68.7900 29.6400 287.000000 0.000000 166.000000 47.000000
3.9900 69.0600 29.7800 280.000000 0.000000 166.000000 47.000000
4.0000 69.2500 29.9600 280.000000 0.000000 166.000000 47.000000
4.0100 69.3800 30.1800 285.000000 0.000000 166.000000 47.000000
4.0200 69.4600 30.3000 284.000000 0.000000 164.000000 48.000000
4.0300 69.5500 30.3800 285.000000 0.000000 164.000000 48.000000
4.0400 69.6000 30.3800 285.000000 0.000000 164.000000 48.000000
4.0500 69.6000 30.3200 280.000000 0.000000 164.000000 48.000000
4.0600 69.6000 30.2100 270.000000 0.000000 164.000000 48.000000
4.0700 69.6000 30.0600 218.000000 0.000000 165.000000 48.000000
4.0800 69.6500 29.8900 76.000000 0.000000 165.000000 48.000000
4.0900 69.6500 29.8900 0.000000 1.000000 166.000000 48.000000
4.1000 69.8500 29.6300 0.000000 0.000000 167.000000 48.000000
4.1100 70.1900 29.6300 0.000000 0.000000 167.000000 48.000000
4.1200 70.6600 29.7800 0.000000 0.000000 169.000000 48.000000
4.1300 71.1800 29.9600 0.000000 0.000000 169.000000 47.000000
4.1400 71.7100 30.1700 0.000000 0.000000 170.000000 48.000000
4.1500 72.2400 30.5200 0.000000 0.000000 170.000000 48.000000
4.1600 72.7300 31.0500 0.000000 0.000000 170.000000 48.000000
4.1700 73.1900 31.7000 0.000000 0.000000 169.000000 47.000000
4.1800 73.5800 32.5300 0.000000 0.000000 169.000000 46.000000
4.1900 73.8400 33.4100 0.000000 0.000000 170.000000 46.000000
4.2000 74.0000 34.3300 0.000000 0.000000 170.000000 46.000000
4.2100 74.1800 34.9600 0.000000 0.000000 170.000000 46.000000
4.2200 74.1800 34.9600 134.000000 1.000000 170.000000 46.000000
4.2300 74.3200 35.2000 163.000000 0.000000 170.000000 46.000000
4.2400 74.3200 35.2000 172.000000 0.000000 170.000000 47.000000
4.2500 74.4000 35.1000 185.000000 0.000000 170.000000 47.000000
4.2600 74.4000 34.8400 244.000000 0.000000 170.000000 48.000000
4.2700 74.4000 34.3100 276.000000 0.000000 170.000000 49.000000
4.2800 74.3500 33.6100 320.000000 0.000000 170.000000 49.000000
4.2900 74.1700 32.7900 341.000000 0.000000 170.000000 49.000000
4.3000 74.0300 32.0600 349.000000 0.000000 170.000000 49.000000
4.3100 73.9400 31.4700 336.000000 0.000000 170.000000 49.000000
4.3200 73.8700 30.9700 291.000000 0.000000 170.000000 48.000000
4.3300 73.8700 30.5900 168.000000 0.000000 170.000000 48.000000
4.3400 73.8700 30.5900 0.000000 1.000000 170.000000 48.000000
4.3500 74.0200 30.3200 0.000000 0.000000 170.000000 47.000000
4.3600 74.0200 30.4700 0.000000 0.000000 169.000000 46.000000
4.3700 74.0200 30.7800 0.000000 0.000000 169.000000 46.000000
4.3800 73.9100 31.2000 0.000000 0.000000 169.000000 46.000000
4.3900 73.6600 31.6400 0.000000 0.000000 169.000000 46.000000
4.4000 73.2900 32.0600 0.000000 0.000000 168.000000 46.000000
4.4100 73.0200 32.4800 0.000000 0.000000 168.000000 46.000000
4.4200 72.7700 32.6300 0.000000 0.000000 170.000000 46.000000
4.4300 72.7700 32.6300 98.000000 1.000000 170.000000 46.000000
4.4400 72.4700 32.5000 170.000000 0.000000 170.000000 46.000000
4.4500 72.4700 32.5000 223.000000 0.000000 170.000000 46.000000
4.4600 72.5600 32.5700 307.000000 0.000000 170.000000 46.000000
4.4700 72.6200 32.6300 334.000000 0.000000 170.000000 46.000000
4.4800 72.9500 32.7100 345.000000 0.000000 170.000000 46.000000
4.4900 73.4600 32.8200 233.000000 0.000000 169.000000 46.000000
4.5000 74.0800 32.9500 67.000000 0.000000 169.000000 46.000000
4.5100 74.0800 32.9500 0.000000 1.000000 169.000000 46.000000
4.5200 75.1200 33.1800 0.000000 0.000000 169.000000 46.000000
4.5300 75.4300 33.2500 0.000000 0.000000 169.000000 46.000000
4.5400 75.6400 33.3100 0.000000 0.000000 169.000000 46.000000
4.5500 75.7900 33.3100 0.000000 0.000000 169.000000 46.000000
4.5600 75.8600 33.1500 0.000000 0.000000 169.000000 46.000000
4.5700 75.8600 32.9800 0.000000 0.000000 170.000000 46.000000
4.5800 75.7300 32.7300 0.000000 0.000000 170.000000 46.000000
4.5900 75.5500 32.4400 0.000000 0.000000 170.000000 46.000000
4.6000 75.3100 32.0400 0.000000 0.000000 170.000000 45.000000
4.6100 75.3100 32.0400 105.000000 1.000000 170.000000 45.000000
4.6200 74.8300 31.2500 148.000000 0.000000 170.000000 45.000000
4.6300 74.7600 31.1200 213.000000 0.000000 170.000000 45.000000
4.6400 74.7600 30.9600 291.000000 0.000000 169.000000 45.000000
4.6500 74.9200 30.8800 361.000000 0.000000 169.000000 45.000000
4.6600 75.1100 30.8800 384.000000 0.000000 169.000000 45.000000
4.6700 75.3900 30.9600 398.000000 0.000000 170.000000 46.000000
4.6800 75.7000 31.1600 422.000000 0.000000 169.000000 46.000000
4.6900 76.0100 31.4300 420.000000 0.000000 169.000000 46.000000
4.7000 76.1800 31.7400 430.000000 0.000000 170.000000 47.000000
4.7100 76.2400 32.0400 440.000000 0.000000 170.000000 47.000000
4.7200 76.1700 32.3300 436.000000 0.000000 171.000000 47.000000
4.7300 76.0100 32.5900 428.000000 0.000000 171.000000 47.000000
4.7400 75.8000 32.8000 407.000000 0.000000 172.000000 47.000000
4.7500 75.5400 32.8000 361.000000 0.000000 172.000000 47.000000
4.7600 75.2900 32.7300 251.000000 0.000000 172.000000 47.000000
4.7700 75.0400 32.5600 55.000000 0.000000 171.000000 47.000000
4.7800 75.0400 32.5600 0.000000 1.000000 171.000000 47.000000
4.7900 74.8900 32.1400 0.000000 0.000000 170.000000 47.000000
4.8000 75.0800 32.0500 0.000000 0.000000 170.000000 47.000000
4.8100 75.4000 32.0500 0.000000 0.000000 169.000000 46.000000
4.8200 75.7400 32.0500 0.000000 0.000000 170.000000 46.000000
4.8300 76.1000 32.0500 0.000000 0.000000 169.000000 45.000000
4.8400 76.3500 32.0500 0.000000 0.000000 169.000000 45.000000
4.8500 76.5300 31.9300 0.000000 0.000000 169.000000 44.000000
4.8600 76.5300 31.9300 93.000000 1.000000 169.000000 44.000000
4.8700 76.5900 31.6700 109.000000 0.000000 169.000000 44.000000
4.8800 76.5900 31.5700 107.000000 0.000000 169.000000 44.000000
4.8900 76.5900 31.4800 148.000000 0.000000 169.000000 45.000000
4.9000 76.5900 31.3000 161.000000 0.000000 169.000000 45.000000
4.9100 76.6500 31.1200 170.000000 0.000000 169.000000 45.000000
4.9200 76.6500 30.9500 170.000000 0.000000 169.000000 45.000000
4.9300 76.6500 30.8000 170.000000 0.000000 168.000000 46.000000
4.9400 76.7200 30.7000 212.000000 0.000000 168.000000 46.000000
4.9500 76.7200 30.7000 267.000000 0.000000 169.000000 46.000000
4.9600 76.7200 30.7800 311.000000 0.000000 169.000000 46.000000
4.9700 76.7200 30.9700 353.000000 0.000000 170.000000 46.000000
4.9800 76.7700 31.2800 369.000000 0.000000 171.000000 46.000000
4.9900 76.8200 31.6700 366.000000 0.000000 172.000000 46.000000
5.0000 76.9200 32.0400 351.000000 0.000000 172.000000 46.000000
5.0100 77.0600 32.3700 242.000000 0.000000 173.000000 46.000000
5.0200 77.2400 32.6500 34.000000 0.000000 173.000000 46.000000
5.0300 77.2400 32.6500 0.000000 1.000000 173.000000 46.000000
5.0400 77.7600 32.8900 0.000000 0.000000 173.000000 46.000000
5.0500 77.9400 32.9600 0.000000 0.000000 173.000000 46.000000
5.0600 78.0600 32.9600 0.000000 0.000000 173.000000 46.000000
5.0700 78.2900 32.9600 0.000000 0.000000 173.000000 46.000000
5.0800 78.5200 32.9600 0.000000 0.000000 173.000000 46.000000
5.0900 78.7500 32.8400 0.000000 0.000000 173.000000 45.000000
5.1000 78.8100 32.7800 0.000000 0.000000 173.000000 45.000000
5.1100 78.7600 32.7000 0.000000 0.000000 173.000000 44.000000
5.1200 78.7600 32.7000 0.000000 0.000000 173.000000 44.000000
5.1300 78.7600 32.7000 0.000000 0.000000 174.000000 43.000000
5.1400 78.5000 32.3200 0.000000 0.000000 174.000000 43.000000
5.1500 78.5000 32.3200 101.000000 1.000000 174.000000 43.000000
5.1600 78.3800 31.9000 117.000000 0.000000 174.000000 44.000000
5.1700 78.3800 31.7600 141.000000 0.000000 174.000000 44.000000
5.1800 78.3800 31.5500 175.000000 0.000000 174.000000 44.000000
5.1900 78.2700 31.3400 202.000000 0.000000 174.000000 45.000000
5.2000 78.1800 31.1200 212.000000 0.000000 175.000000 45.000000
5.2100 78.1300 30.9500 206.000000 0.000000 175.000000 46.000000
5.2200 78.0400 30.8200 246.000000 0.000000 175.000000 46.000000
5.2300 77.9600 30.8200 270.000000 0.000000 175.000000 46.000000
5.2400 77.9000 30.8200 287.000000 0.000000 175.000000 46.000000
5.2500 77.8300 30.9200 309.000000 0.000000 175.000000 46.000000
5.2600 77.7700 31.1000 337.000000 0.000000 175.000000 46.000000
5.2700 77.7700 31.3300 348.000000 0.000000 175.000000 46.000000
5.2800 77.7700 31.6000 351.000000 0.000000 175.000000 46.000000
5.2900 77.9700 32.0100 317.000000 0.000000 175.000000 46.000000
5.3000 78.1900 32.4200 291.000000 0.000000 175.000000 46.000000
5.3100 78.4700 32.8300 279.000000 0.000000 175.000000 46.000000
5.3200 78.7100 32.9100 273.000000 0.000000 175.000000 46.000000
5.3300 78.8200 32.8200 273.000000 0.000000 175.000000 46.000000
5.3400 78.8200 32.6100 279.000000 0.000000 176.000000 46.000000
5.3500 78.8200 32.2500 282.000000 0.000000 176.000000 46.000000
5.3600 78.8700 31.8900 284.000000 0.000000 176.000000 46.000000
5.3700 78.9400 31.5900 291.000000 0.000000 176.000000 46.000000
5.3800 79.0700 31.3300 291.000000 0.000000 176.000000 46.000000
5.3900 79.2600 31.1800 294.000000 0.000000 176.000000 46.000000
5.4000 79.5800 31.1800 289.000000 0.000000 176.000000 46.000000
5.4100 79.9900 31.1800 284.000000 0.000000 176.000000 46.000000
5.4200 80.4500 31.2800 279.000000 0.000000 176.000000 46.000000
5.4300 80.8600 31.4800 276.000000 0.000000 176.000000 46.000000
5.4400 81.0700 31.7600 284.000000 0.000000 177.000000 46.000000
5.4500 81.1700 32.0600 279.000000 0.000000 177.000000 46.000000
5.4600 81.1700 32.3600 281.000000 0.000000 178.000000 46.000000
5.4700 80.9800 32.6600 291.000000 0.000000 179.000000 46.000000
5.4800 80.7300 32.7500 294.000000 0.000000 179.000000 46.000000
5.4900 80.3500 32.7000 306.000000 0.000000 179.000000 46.000000
5.5000 79.9600 32.5500 309.000000 0.000000 179.000000 46.000000
5.5100 79.5500 32.2900 314.000000 0.000000 179.000000 46.000000
5.5200 79.2300 32.0200 325.000000 0.000000 179.000000 46.000000
5.5300 79.0900 31.7300 322.000000 0.000000 178.000000 46.000000
5.5400 79.0900 31.4800 257.000000 0.000000 177.000000 46.000000
5.5500 79.0900 31.4800 0.000000 1.000000 176.000000 46.000000
5.5600 79.6600 31.1200 0.000000 0.000000 176.000000 46.000000
5.5700 80.2400 31.1900 0.000000 0.000000 175.000000 46.000000
5.5800 80.7800 31.4100 0.000000 0.000000 175.000000 46.000000
5.5900 81.3400 31.5900 0.000000 0.000000 176.000000 46.000000
5.6000 81.8000 31.7400 0.000000 0.000000 176.000000 46.000000
5.6100 82.1800 31.8300 0.000000 0.000000 176.000000 45.000000
5.6200 82.3400 31.8300 0.000000 0.000000 177.000000 45.000000
5.6300 82.3400 31.8300 0.000000 0.000000 177.000000 44.000000
5.6400 82.2800 31.7700 0.000000 0.000000 177.000000 43.000000
5.6500 82.1500 31.7100 0.000000 0.000000 177.000000 43.000000
5.6600 81.9900 31.6500 0.000000 0.000000 177.000000 43.000000
5.6700 81.8000 31.5200 0.000000 0.000000 177.000000 42.000000
5.6800 81.5700 31.3200 0.000000 0.000000 177.000000 42.000000
5.6900 81.5700 31.3200 265.000000 1.000000 178.000000 43.000000
5.7000 81.0300 30.6600 274.000000 0.000000 178.000000 43.000000
5.7100 80.6500 30.5100 277.000000 0.000000 179.000000 43.000000
5.7200 80.3700 30.5100 284.000000 0.000000 179.000000 44.000000
5.7300 80.0000 30.3300 292.000000 0.000000 180.000000 45.000000
5.7400 79.3800 30.1300 309.000000 0.000000 180.000000 46.000000
5.7500 78.6300 29.8900 307.000000 0.000000 180.000000 46.000000
5.7600 77.6300 29.5700 317.000000 0.000000 180.000000 47.000000
5.7700 76.1800 29.2000 286.000000 0.000000 180.000000 47.000000
5.7800 74.4400 28.7800 254.000000 0.000000 180.000000 48.000000
5.7900 71.5700 28.2900 241.000000 0.000000 179.000000 48.000000
5.8000 68.0800 27.6600 273.000000 0.000000 179.000000 49.000000
5.8100 64.1800 26.9500 254.000000 0.000000 178.000000 50.000000
5.8200 60.3700 26.4000 254.000000 0.000000 175.000000 51.000000
5.8300 57.0300 26.0300 264.000000 0.000000 172.000000 52.000000
5.8400 54.0000 25.7900 260.000000 0.000000 169.000000 53.000000
5.8500 51.5500 25.7900 285.000000 0.000000 166.000000 53.000000
5.8600 50.0100 26.0100 277.000000 0.000000 164.000000 53.000000
5.8700 49.0700 26.3400 277.000000 0.000000 160.000000 53.000000
5.8800 48.8100 26.6800 274.000000 0.000000 158.000000 53.000000
5.8900 48.9100 27.0200 279.000000 0.000000 155.000000 52.000000
5.9000 49.2500 27.3400 286.000000 0.000000 154.000000 52.000000
5.9100 50.0200 27.6100 307.000000 0.000000 154.000000 52.000000
5.9200 51.3900 27.7700 324.000000 0.000000 153.000000 52.000000
5.9300 53.1700 27.8800 345.000000 0.000000 154.000000 52.000000
5.9400 55.4500 28.1200 354.000000 0.000000 155.000000 51.000000
5.9500 58.1800 28.4600 364.000000 0.000000 155.000000 51.000000
5.9600 61.2000 29.0600 373.000000 0.000000 157.000000 51.000000
5.9700 64.4500 29.7300 367.000000 0.000000 158.000000 51.000000
5.9800 67.3400 30.4500 369.000000 0.000000 160.000000 50.000000
5.9900 70.0000 31.2200 363.000000 0.000000 162.000000 50.000000
6.0000 71.9200 32.0900 351.000000 0.000000 163.000000 49.000000
6.0100 73.0700 33.0400 333.000000 0.000000 166.000000 49.000000
6.0200 73.7100 34.1700 322.000000 0.000000 167.000000 48.000000
6.0300 73.3600 35.0700 307.000000 0.000000 169.000000 48.000000
6.0400 72.2000 35.8300 305.000000 0.000000 170.000000 49.000000
6.0500 70.4900 36.1100 319.000000 0.000000 171.000000 48.000000
6.0600 68.1200 35.8100 330.000000 0.000000 172.000000 49.000000
6.0700 65.2100 35.1200 361.000000 0.000000 172.000000 49.000000
6.0800 61.9400 33.7900 414.000000 0.000000 172.000000 49.000000
6.0900 59.4400 32.2800 448.000000 0.000000 171.000000 49.000000
6.1000 57.7400 30.6600 469.000000 0.000000 170.000000 49.000000
6.1100 56.5800 29.1800 491.000000 0.000000 168.000000 49.000000
6.1200 56.6500 28.0300 554.000000 0.000000 167.000000 49.000000
6.1300 57.7200 27.1100 625.000000 0.000000 166.000000 49.000000
6.1400 59.4500 26.6300 679.000000 0.000000 164.000000 50.000000
6.1500 62.0200 26.5100 700.000000 0.000000 164.000000 50.000000
6.1600 65.3400 26.6400 672.000000 0.000000 164.000000 51.000000
6.1700 69.1500 27.0100 602.000000 0.000000 164.000000 51.000000
6.1800 72.7900 27.3200 393.000000 0.000000 165.000000 51.000000
