0.0000 84.2600 80.2100 41.000000 1.000000 133.000000 70.000000
0.0100 84.3700 80.5600 88.000000 0.000000 133.000000 70.000000
0.0200 84.4300 80.6800 137.000000 0.000000 135.000000 69.000000
0.0300 84.5000 80.6800 210.000000 0.000000 135.000000 69.000000
0.0400 84.6400 80.6800 254.000000 0.000000 137.000000 70.000000
0.0500 84.7800 80.5200 281.000000 0.000000 139.000000 69.000000
0.0600 84.9000 80.2300 299.000000 0.000000 139.000000 69.000000
0.0700 85.0200 79.7700 301.000000 0.000000 139.000000 69.000000
0.0800 85.0700 79.2500 306.000000 0.000000 139.000000 69.000000
0.0900 85.0700 78.6900 302.000000 0.000000 139.000000 69.000000
0.1000 85.0700 78.3300 302.000000 0.000000 139.000000 69.000000
0.1100 85.0200 78.1000 294.000000 0.000000 139.000000 69.000000
0.1200 85.0200 77.9600 294.000000 0.000000 139.000000 69.000000
0.1300 84.9700 77.9600 292.000000 0.000000 139.000000 69.000000
0.1400 84.9700 78.0100 291.000000 0.000000 137.000000 69.000000
0.1500 84.9200 78.1400 292.000000 0.000000 139.000000 68.000000
0.1600 84.9200 78.4800 294.000000 0.000000 139.000000 68.000000
0.1700 84.9800 78.9800 294.000000 0.000000 139.000000 68.000000
0.1800 85.1200 79.5900 299.000000 0.000000 139.000000 68.000000
0.1900 85.3200 80.0600 304.000000 0.000000 139.000000 68.000000
0.2000 85.6800 80.5300 316.000000 0.000000 139.000000 68.000000
0.2100 86.1400 80.7800 305.000000 0.000000 141.000000 68.000000
0.2200 86.5800 80.9000 316.000000 0.000000 141.000000 68.000000
0.2300 86.8500 80.8100 311.000000 0.000000 139.000000 69.000000
0.2400 87.0000 80.5300 309.000000 0.000000 139.000000 69.000000
0.2500 87.0000 80.1300 292.000000 0.000000 141.000000 70.000000
0.2600 86.8000 79.5400 280.000000 0.000000 141.000000 70.000000
0.2700 86.4300 79.0400 254.000000 0.000000 141.000000 70.000000
0.2800 86.0600 78.6000 233.000000 0.000000 141.000000 70.000000
0.2900 85.7200 78.3700 182.000000 0.000000 141.000000 70.000000
0.3000 85.4700 78.2400 88.000000 0.000000 141.000000 70.000000
0.3100 85.4700 78.2400 0.000000 1.000000 139.000000 69.000000
0.3200 85.3800 78.1800 0.000000 0.000000 139.000000 69.000000
0.3300 85.4600 78.1800 0.000000 0.000000 139.000000 69.000000
0.3400 85.6500 78.1800 0.000000 0.000000 137.000000 69.000000
0.3500 85.9500 78.2400 0.000000 0.000000 139.000000 68.000000
0.3600 86.3400 78.2900 0.000000 0.000000 141.000000 68.000000
0.3700 86.8100 78.2900 0.000000 0.000000 141.000000 68.000000
0.3800 87.2700 78.4300 0.000000 0.000000 141.000000 68.000000
0.3900 87.7200 78.5700 0.000000 0.000000 143.000000 69.000000
0.4000 88.0500 78.7200 0.000000 0.000000 145.000000 68.000000
0.4100 88.2200 78.8800 0.000000 0.000000 147.000000 69.000000
0.4200 88.2200 78.8800 100.000000 1.000000 147.000000 69.000000
0.4300 88.1700 79.1700 170.000000 0.000000 147.000000 69.000000
0.4400 87.9500 79.1700 253.000000 0.000000 147.000000 69.000000
0.4500 87.6700 79.0900 282.000000 0.000000 145.000000 70.000000
0.4600 87.4100 78.8800 312.000000 0.000000 145.000000 70.000000
0.4700 87.1700 78.7000 327.000000 0.000000 145.000000 70.000000
0.4800 87.1700 78.7000 332.000000 0.000000 145.000000 70.000000
0.4900 87.0800 78.4000 334.000000 0.000000 143.000000 70.000000
0.5000 87.1300 78.3400 337.000000 0.000000 141.000000 70.000000
0.5100 87.2100 78.3400 339.000000 0.000000 141.000000 70.000000
0.5200 87.3500 78.4200 344.000000 0.000000 143.000000 69.000000
0.5300 87.5000 78.5700 334.000000 0.000000 141.000000 68.000000
0.5400 87.6400 78.7800 353.000000 0.000000 141.000000 68.000000
0.5500 87.8500 78.9200 363.000000 0.000000 145.000000 68.000000
0.5600 88.0400 79.0200 361.000000 0.000000 145.000000 68.000000
0.5700 88.2000 79.0200 369.000000 0.000000 145.000000 68.000000
0.5800 88.3400 78.9600 367.000000 0.000000 147.000000 69.000000
0.5900 88.4900 78.8300 342.000000 0.000000 147.000000 69.000000
0.6000 88.6300 78.6800 218.000000 0.000000 148.000000 68.000000
0.6100 88.7900 78.5400 25.000000 0.000000 148.000000 68.000000
0.6200 88.7900 78.5400 0.000000 1.000000 149.000000 69.000000
0.6300 89.0700 78.4900 0.000000 0.000000 149.000000 69.000000
0.6400 89.1800 78.4900 0.000000 0.000000 149.000000 69.000000
0.6500 89.2700 78.6400 0.000000 0.000000 149.000000 69.000000
0.6600 89.3600 78.8100 0.000000 0.000000 149.000000 69.000000
0.6700 89.4600 79.0200 0.000000 0.000000 147.000000 69.000000
0.6800 89.4600 79.0200 51.000000 1.000000 145.000000 70.000000
0.6900 89.6000 79.4200 137.000000 0.000000 145.000000 70.000000
0.7000 89.6000 79.4200 225.000000 0.000000 143.000000 69.000000
0.7100 89.6800 79.4700 296.000000 0.000000 141.000000 70.000000
0.7200 89.7400 79.4200 343.000000 0.000000 141.000000 70.000000
0.7300 89.7400 79.2400 362.000000 0.000000 139.000000 69.000000
0.7400 89.8600 78.9700 371.000000 0.000000 137.000000 70.000000
0.7500 89.9600 78.7100 377.000000 0.000000 137.000000 70.000000
0.7600 90.1000 78.5300 377.000000 0.000000 139.000000 71.000000
0.7700 90.2600 78.4100 371.000000 0.000000 139.000000 71.000000
0.7800 90.4100 78.4100 369.000000 0.000000 139.000000 71.000000
0.7900 90.5900 78.4700 369.000000 0.000000 143.000000 70.000000
0.8000 90.7800 78.6300 371.000000 0.000000 143.000000 70.000000
0.8100 90.9300 78.8600 368.000000 0.000000 143.000000 70.000000
0.8200 91.0500 79.0800 344.000000 0.000000 145.000000 70.000000
0.8300 91.0500 79.2700 289.000000 0.000000 143.000000 70.000000
0.8400 90.9900 79.4100 207.000000 0.000000 143.000000 70.000000
0.8500 90.9000 79.5100 53.000000 0.000000 143.000000 70.000000
0.8600 90.9000 79.5100 0.000000 1.000000 142.000000 71.000000
0.8700 90.8400 79.5600 0.000000 0.000000 139.000000 71.000000
0.8800 90.8400 79.6100 0.000000 0.000000 139.000000 71.000000
0.8900 90.9000 79.6100 0.000000 0.000000 135.000000 71.000000
0.9000 91.0200 79.6100 0.000000 0.000000 133.000000 71.000000
0.9100 91.1700 79.6100 0.000000 0.000000 131.000000 71.000000
0.9200 91.3500 79.6100 0.000000 0.000000 128.000000 71.000000
0.9300 91.5400 79.6100 0.000000 0.000000 128.000000 71.000000
0.9400 91.6700 79.6100 0.000000 0.000000 124.000000 71.000000
0.9500 91.7700 79.5600 0.000000 0.000000 124.000000 71.000000
0.9600 91.7700 79.5600 151.000000 1.000000 124.000000 71.000000
0.9700 91.7700 79.5600 239.000000 0.000000 124.000000 71.000000
0.9800 91.7700 79.5600 304.000000 0.000000 126.000000 72.000000
0.9900 91.7700 79.5600 359.000000 0.000000 128.000000 71.000000
1.0000 91.7700 79.5600 373.000000 0.000000 128.000000 71.000000
1.0100 91.7700 79.0800 373.000000 0.000000 133.000000 71.000000
1.0200 91.7700 78.8500 343.000000 0.000000 133.000000 71.000000
1.0300 91.7700 78.6300 289.000000 0.000000 135.000000 71.000000
1.0400 91.7700 78.4700 173.000000 0.000000 137.000000 71.000000
1.0500 91.7700 78.3400 8.000000 1.000000 139.000000 71.000000
1.0600 91.7700 78.3400 0.000000 0.000000 142.000000 71.000000
1.0700 91.9800 78.2700 0.000000 0.000000 142.000000 71.000000
1.0800 92.1200 78.2200 0.000000 0.000000 143.000000 70.000000
1.0900 92.3200 78.2200 0.000000 0.000000 143.000000 70.000000
1.1000 92.5700 78.3600 0.000000 0.000000 143.000000 70.000000
1.1100 92.8600 78.5000 0.000000 0.000000 143.000000 70.000000
1.1200 93.1300 78.6600 0.000000 0.000000 143.000000 70.000000
1.1300 93.3000 78.8400 0.000000 0.000000 143.000000 70.000000
1.1400 93.3900 79.0300 0.000000 0.000000 145.000000 70.000000
1.1500 93.3900 79.0300 53.000000 1.000000 143.000000 70.000000
1.1600 93.1700 79.3700 141.000000 0.000000 143.000000 70.000000
1.1700 92.9500 79.3700 196.000000 0.000000 141.000000 70.000000
1.1800 92.7100 79.3700 281.000000 0.000000 139.000000 71.000000
1.1900 92.5100 79.2700 325.000000 0.000000 139.000000 71.000000
1.2000 92.3800 79.1000 333.000000 0.000000 135.000000 71.000000
1.2100 92.3200 78.9000 344.000000 0.000000 135.000000 71.000000
1.2200 92.3900 78.7000 353.000000 0.000000 137.000000 71.000000
1.2300 92.5500 78.5900 364.000000 0.000000 137.000000 71.000000
1.2400 92.7300 78.5100 371.000000 0.000000 139.000000 71.000000
1.2500 93.0300 78.5100 387.000000 0.000000 142.000000 71.000000
1.2600 93.4000 78.6700 399.000000 0.000000 143.000000 70.000000
1.2700 93.6400 78.9200 413.000000 0.000000 143.000000 70.000000
1.2800 93.8000 79.2300 422.000000 0.000000 143.000000 70.000000
1.2900 93.9100 79.6700 420.000000 0.000000 143.000000 70.000000
1.3000 93.9600 80.2000 402.000000 0.000000 141.000000 70.000000
1.3100 93.8800 80.8600 398.000000 0.000000 139.000000 71.000000
1.3200 93.7200 81.4000 402.000000 0.000000 139.000000 71.000000
1.3300 93.5700 81.8700 428.000000 0.000000 137.000000 70.000000
1.3400 93.4600 81.9400 441.000000 0.000000 137.000000 70.000000
1.3500 93.4600 81.9400 466.000000 0.000000 135.000000 69.000000
1.3600 93.4600 81.7200 483.000000 0.000000 135.000000 69.000000
1.3700 93.4600 81.3500 491.000000 0.000000 135.000000 69.000000
1.3800 93.4600 80.7500 483.000000 0.000000 133.000000 69.000000
1.3900 93.5400 80.1400 431.000000 0.000000 133.000000 69.000000
1.4000 93.7200 79.5200 259.000000 0.000000 135.000000 69.000000
1.4100 93.7200 79.5200 0.000000 1.000000 135.000000 69.000000
1.4200 94.1100 78.5600 0.000000 0.000000 135.000000 69.000000
1.4300 94.2800 78.2800 0.000000 0.000000 137.000000 70.000000
1.4400 94.5000 78.1300 0.000000 0.000000 137.000000 70.000000
1.4500 94.7700 78.0800 0.000000 0.000000 137.000000 70.000000
1.4600 95.0900 78.0800 0.000000 0.000000 139.000000 71.000000
1.4700 95.4400 78.1900 0.000000 0.000000 141.000000 70.000000
1.4800 95.7700 78.3400 0.000000 0.000000 141.000000 70.000000
1.4900 96.0900 78.4800 0.000000 0.000000 145.000000 70.000000
1.5000 96.3700 78.6200 0.000000 0.000000 145.000000 70.000000
1.5100 96.6600 78.7400 0.000000 0.000000 147.000000 69.000000
1.5200 96.8900 78.9500 0.000000 0.000000 147.000000 69.000000
1.5300 96.8900 78.9500 120.000000 1.000000 145.000000 70.000000
1.5400 97.0700 79.4400 163.000000 0.000000 145.000000 70.000000
1.5500 96.9500 79.6100 259.000000 0.000000 143.000000 70.000000
1.5600 96.7900 79.7000 292.000000 0.000000 139.000000 71.000000
1.5700 96.5500 79.6300 344.000000 0.000000 137.000000 71.000000
1.5800 96.3300 79.4500 334.000000 0.000000 133.000000 71.000000
1.5900 96.1700 79.1700 334.000000 0.000000 133.000000 71.000000
1.6000 96.1100 78.8800 343.000000 0.000000 133.000000 71.000000
1.6100 96.1100 78.6700 341.000000 0.000000 133.000000 71.000000
1.6200 96.2300 78.5100 341.000000 0.000000 133.000000 71.000000
1.6300 96.4000 78.4400 344.000000 0.000000 133.000000 71.000000
1.6400 96.6100 78.5000 356.000000 0.000000 137.000000 71.000000
1.6500 96.8200 78.6500 361.000000 0.000000 137.000000 71.000000
1.6600 97.0300 78.9000 376.000000 0.000000 142.000000 71.000000
1.6700 97.1700 79.3100 389.000000 0.000000 142.000000 71.000000
1.6800 97.2600 79.8200 369.000000 0.000000 142.000000 71.000000
1.6900 97.2600 80.4600 344.000000 0.000000 139.000000 71.000000
1.7000 97.1700 81.1700 319.000000 0.000000 139.000000 71.000000
1.7100 97.1000 81.9200 324.000000 0.000000 139.000000 71.000000
1.7200 96.9800 82.4000 333.000000 0.000000 137.000000 70.000000
1.7300 96.9000 82.5900 354.000000 0.000000 137.000000 70.000000
1.7400 96.9000 82.5900 366.000000 0.000000 137.000000 70.000000
1.7500 96.9000 82.4800 381.000000 0.000000 135.000000 69.000000
1.7600 96.9000 82.1000 391.000000 0.000000 135.000000 69.000000
1.7700 96.9000 81.5400 394.000000 0.000000 135.000000 69.000000
1.7800 96.9000 80.8900 377.000000 0.000000 135.000000 69.000000
1.7900 96.9000 80.2400 334.000000 0.000000 135.000000 69.000000
1.8000 97.0200 79.6600 281.000000 0.000000 135.000000 69.000000
1.8100 97.1600 79.1400 217.000000 0.000000 135.000000 69.000000
1.8200 97.3500 78.7900 148.000000 0.000000 135.000000 71.000000
1.8300 97.5600 78.6100 117.000000 0.000000 135.000000 71.000000
1.8400 97.8200 78.5400 120.000000 0.000000 135.000000 71.000000
1.8500 98.1000 78.5900 139.000000 0.000000 137.000000 71.000000
1.8600 98.3900 78.7500 148.000000 0.000000 140.000000 72.000000
1.8700 98.5800 78.9900 186.000000 0.000000 142.000000 71.000000
1.8800 98.7100 79.2600 206.000000 0.000000 144.000000 72.000000
1.8900 98.7100 79.5000 282.000000 0.000000 144.000000 72.000000
1.9000 98.6100 79.7300 337.000000 0.000000 142.000000 72.000000
1.9100 98.4300 79.7300 382.000000 0.000000 142.000000 72.000000
1.9200 98.2400 79.7300 420.000000 0.000000 140.000000 72.000000
1.9300 98.0600 79.5900 440.000000 0.000000 137.000000 73.000000
1.9400 97.9200 79.3800 455.000000 0.000000 135.000000 72.000000
1.9500 97.8300 79.1100 460.000000 0.000000 135.000000 72.000000
1.9600 97.8300 78.8700 458.000000 0.000000 135.000000 72.000000
1.9700 98.0000 78.6900 440.000000 0.000000 135.000000 72.000000
1.9800 98.1700 78.5400 371.000000 0.000000 135.000000 72.000000
1.9900 98.3800 78.4600 200.000000 0.000000 140.000000 72.000000
2.0000 98.3800 78.4600 0.000000 1.000000 140.000000 72.000000
2.0100 99.0500 78.5600 0.000000 0.000000 142.000000 72.000000
2.0200 99.4000 78.6500 0.000000 0.000000 144.000000 72.000000
2.0300 99.7000 78.7400 0.000000 0.000000 144.000000 72.000000
2.0400 99.9800 78.8700 0.000000 0.000000 144.000000 72.000000
2.0500 100.1700 79.0300 0.000000 0.000000 143.000000 70.000000
2.0600 100.3300 79.1800 0.000000 0.000000 139.000000 71.000000
2.0700 100.4800 79.3700 0.000000 0.000000 137.000000 70.000000
2.0800 100.5400 79.5900 0.000000 0.000000 135.000000 69.000000
2.0900 100.6000 79.8700 0.000000 0.000000 131.000000 69.000000
2.1000 100.6700 80.2800 0.000000 0.000000 129.000000 70.000000
2.1100 100.7200 80.7700 0.000000 0.000000 129.000000 70.000000
2.1200 100.7800 81.3900 0.000000 0.000000 127.000000 70.000000
2.1300 100.8500 81.9500 0.000000 0.000000 127.000000 70.000000
2.1400 100.9300 82.4800 0.000000 0.000000 128.000000 71.000000
2.1500 100.9300 82.4800 63.000000 1.000000 128.000000 71.000000
2.1600 100.9300 83.0400 101.000000 0.000000 133.000000 71.000000
2.1700 100.8700 83.0400 171.000000 0.000000 133.000000 71.000000
2.1800 100.8000 82.8100 285.000000 0.000000 135.000000 71.000000
2.1900 100.7200 82.3700 324.000000 0.000000 137.000000 70.000000
2.2000 100.6000 81.7600 334.000000 0.000000 139.000000 71.000000
2.2100 100.4900 81.0000 339.000000 0.000000 139.000000 71.000000
2.2200 100.4400 80.2800 337.000000 0.000000 139.000000 71.000000
2.2300 100.4400 79.6000 294.000000 0.000000 139.000000 71.000000
2.2400 100.5000 79.0400 245.000000 0.000000 139.000000 71.000000
2.2500 100.6300 78.7000 200.000000 0.000000 139.000000 71.000000
2.2600 100.8100 78.5200 160.000000 0.000000 139.000000 71.000000
2.2700 101.0100 78.4300 141.000000 0.000000 137.000000 70.000000
2.2800 101.2000 78.4300 139.000000 0.000000 137.000000 70.000000
2.2900 101.4200 78.6000 122.000000 0.000000 137.000000 70.000000
2.3000 101.6400 78.8400 108.000000 0.000000 135.000000 69.000000
2.3100 101.8600 79.1300 127.000000 0.000000 135.000000 69.000000
2.3200 101.9300 79.4500 173.000000 0.000000 135.000000 69.000000
2.3300 101.9300 79.5600 253.000000 0.000000 135.000000 69.000000
2.3400 101.7300 79.6300 294.000000 0.000000 135.000000 71.000000
2.3500 101.5300 79.6300 341.000000 0.000000 135.000000 71.000000
2.3600 101.3000 79.5700 387.000000 0.000000 133.000000 71.000000
2.3700 101.1500 79.4500 422.000000 0.000000 133.000000 71.000000
2.3800 101.0300 79.3000 438.000000 0.000000 130.000000 72.000000
2.3900 101.0300 79.1200 439.000000 0.000000 130.000000 72.000000
2.4000 101.0300 78.9600 447.000000 0.000000 130.000000 72.000000
2.4100 101.1200 78.8500 458.000000 0.000000 133.000000 71.000000
2.4200 101.2600 78.7500 461.000000 0.000000 133.000000 71.000000
2.4300 101.4400 78.7500 466.000000 0.000000 133.000000 71.000000
2.4400 101.6200 78.7500 465.000000 0.000000 135.000000 71.000000
2.4500 101.7700 78.7500 460.000000 0.000000 133.000000 70.000000
2.4600 101.9700 78.8500 448.000000 0.000000 135.000000 69.000000
2.4700 102.1600 78.8500 397.000000 0.000000 135.000000 69.000000
2.4800 102.3100 78.7800 304.000000 0.000000 133.000000 69.000000
2.4900 102.4500 78.7300 93.000000 0.000000 133.000000 69.000000
2.5000 102.4500 78.7300 0.000000 1.000000 133.000000 69.000000
2.5100 102.7500 78.6100 0.000000 0.000000 133.000000 69.000000
2.5200 102.8600 78.6100 0.000000 0.000000 133.000000 69.000000
2.5300 102.8600 78.6100 0.000000 0.000000 133.000000 69.000000
2.5400 103.1300 78.6700 0.000000 0.000000 133.000000 69.000000
2.5500 103.2500 78.7400 0.000000 0.000000 133.000000 69.000000
2.5600 103.3400 78.8100 0.000000 0.000000 133.000000 69.000000
2.5700 103.4100 78.9300 0.000000 0.000000 133.000000 67.000000
2.5800 103.4900 79.0900 0.000000 0.000000 133.000000 67.000000
2.5900 103.5600 79.2900 0.000000 0.000000 133.000000 67.000000
2.6000 103.6100 79.5600 0.000000 0.000000 131.000000 68.000000
2.6100 103.6100 79.9300 0.000000 0.000000 131.000000 69.000000
2.6200 103.6600 80.3700 0.000000 0.000000 131.000000 69.000000
2.6300 103.6600 80.9500 0.000000 0.000000 129.000000 70.000000
2.6400 103.6600 81.5000 0.000000 0.000000 127.000000 70.000000
2.6500 103.7200 82.0300 0.000000 0.000000 128.000000 71.000000
2.6600 103.7200 82.0300 51.000000 1.000000 126.000000 72.000000
2.6700 103.7200 82.3900 196.000000 0.000000 128.000000 71.000000
2.6800 103.5900 82.3900 255.000000 0.000000 128.000000 71.000000
2.6900 103.5300 82.2100 341.000000 0.000000 133.000000 71.000000
2.7000 103.5300 81.8600 396.000000 0.000000 133.000000 71.000000
2.7100 103.5300 81.1900 430.000000 0.000000 133.000000 71.000000
2.7200 103.6000 80.4800 444.000000 0.000000 135.000000 71.000000
2.7300 103.6500 79.7500 418.000000 0.000000 135.000000 71.000000
2.7400 103.7100 79.0500 371.000000 0.000000 135.000000 71.000000
2.7500 103.7900 78.6100 282.000000 0.000000 135.000000 71.000000
2.7600 103.7900 78.3300 110.000000 0.000000 135.000000 71.000000
2.7700 103.7900 78.3300 0.000000 1.000000 135.000000 71.000000
2.7800 103.5000 78.1300 0.000000 0.000000 133.000000 70.000000
2.7900 103.3700 78.2800 0.000000 0.000000 133.000000 70.000000
2.8000 103.1500 78.5700 0.000000 0.000000 131.000000 69.000000
2.8100 102.8600 78.9400 0.000000 0.000000 131.000000 69.000000
2.8200 102.5500 79.3700 0.000000 0.000000 133.000000 69.000000
2.8300 102.3200 79.7600 0.000000 0.000000 131.000000 69.000000
2.8400 102.2200 80.0400 0.000000 0.000000 131.000000 69.000000
2.8500 102.2200 80.0400 85.000000 1.000000 133.000000 70.000000
2.8600 102.3500 80.4800 141.000000 0.000000 133.000000 70.000000
2.8700 102.5300 80.7100 188.000000 0.000000 131.000000 71.000000
2.8800 102.8500 80.9500 210.000000 0.000000 133.000000 71.000000
2.8900 103.2600 81.2100 223.000000 0.000000 133.000000 71.000000
2.9000 103.6900 81.4600 207.000000 0.000000 133.000000 73.000000
2.9100 104.1400 81.6400 27.000000 0.000000 135.000000 72.000000
2.9200 104.1400 81.6400 0.000000 1.000000 135.000000 72.000000
2.9300 104.9100 81.8700 0.000000 0.000000 135.000000 72.000000
2.9400 105.0700 81.8700 0.000000 0.000000 137.000000 71.000000
2.9500 105.0700 81.6500 0.000000 0.000000 137.000000 71.000000
2.9600 105.0700 81.4400 0.000000 0.000000 133.000000 71.000000
2.9700 105.1300 81.2000 0.000000 0.000000 133.000000 71.000000
2.9800 105.1300 80.9200 0.000000 0.000000 133.000000 71.000000
2.9900 105.1300 80.6700 0.000000 0.000000 130.000000 72.000000
3.0000 105.1300 80.4400 0.000000 0.000000 130.000000 72.000000
3.0100 105.0400 80.2200 0.000000 0.000000 128.000000 72.000000
3.0200 105.0400 80.2200 237.000000 1.000000 128.000000 72.000000
3.0300 104.8200 79.9400 286.000000 0.000000 128.000000 72.000000
3.0400 104.7300 79.8400 358.000000 0.000000 128.000000 72.000000
3.0500 104.6500 79.7200 443.000000 0.000000 128.000000 72.000000
3.0600 104.6000 79.5400 489.000000 0.000000 128.000000 72.000000
3.0700 104.6000 79.3300 524.000000 0.000000 128.000000 72.000000
3.0800 104.7000 79.1100 538.000000 0.000000 128.000000 72.000000
3.0900 104.8300 78.9000 546.000000 0.000000 130.000000 72.000000
3.1000 104.9900 78.7400 570.000000 0.000000 130.000000 72.000000
3.1100 105.1900 78.6600 577.000000 0.000000 133.000000 71.000000
3.1200 105.3800 78.6600 578.000000 0.000000 131.000000 71.000000
3.1300 105.5500 78.7600 572.000000 0.000000 133.000000 70.000000
3.1400 105.6600 78.9600 562.000000 0.000000 133.000000 70.000000
3.1500 105.6600 79.2200 512.000000 0.000000 131.000000 69.000000
3.1600 105.6600 79.5300 423.000000 0.000000 131.000000 69.000000
3.1700 105.5500 79.8100 311.000000 0.000000 131.000000 69.000000
3.1800 105.4300 80.0300 75.000000 0.000000 131.000000 71.000000
3.1900 105.4300 80.0300 0.000000 1.000000 131.000000 71.000000
3.2000 105.3200 80.2700 0.000000 0.000000 128.000000 71.000000
3.2100 105.2700 80.2700 0.000000 0.000000 130.000000 72.000000
3.2200 105.2700 80.2700 0.000000 0.000000 128.000000 72.000000
3.2300 105.3800 80.2700 0.000000 0.000000 128.000000 72.000000
3.2400 105.5500 80.2700 0.000000 0.000000 128.000000 72.000000
3.2500 105.7000 80.2000 0.000000 0.000000 128.000000 72.000000
3.2600 105.8500 80.1300 0.000000 0.000000 125.000000 73.000000
3.2700 106.0200 80.0500 0.000000 0.000000 125.000000 73.000000
3.2800 106.0200 80.0500 105.000000 1.000000 125.000000 73.000000
3.2900 106.0200 80.0500 220.000000 0.000000 125.000000 73.000000
3.3000 106.3100 79.7300 282.000000 0.000000 125.000000 73.000000
3.3100 106.3800 79.5800 368.000000 0.000000 125.000000 73.000000
3.3200 106.3800 79.5800 405.000000 0.000000 125.000000 73.000000
3.3300 106.4700 79.2200 414.000000 0.000000 125.000000 73.000000
3.3400 106.4700 79.0800 420.000000 0.000000 125.000000 73.000000
3.3500 106.5400 79.0200 441.000000 0.000000 125.000000 73.000000
3.3600 106.5400 79.0200 439.000000 0.000000 128.000000 72.000000
3.3700 106.4800 79.0200 449.000000 0.000000 128.000000 71.000000
3.3800 106.4000 79.0200 449.000000 0.000000 128.000000 71.000000
3.3900 106.3200 79.0800 448.000000 0.000000 131.000000 71.000000
3.4000 106.2300 79.1400 446.000000 0.000000 129.000000 70.000000
3.4100 106.2300 79.2900 449.000000 0.000000 131.000000 69.000000
3.4200 106.2300 79.5100 446.000000 0.000000 131.000000 69.000000
3.4300 106.2900 79.7700 444.000000 0.000000 131.000000 71.000000
3.4400 106.3600 80.0100 448.000000 0.000000 131.000000 71.000000
3.4500 106.4500 80.1800 438.000000 0.000000 128.000000 71.000000
3.4600 106.5700 80.3100 418.000000 0.000000 130.000000 72.000000
3.4700 106.7000 80.4100 341.000000 0.000000 128.000000 72.000000
3.4800 106.8300 80.4100 196.000000 0.000000 128.000000 72.000000
3.4900 106.8300 80.4100 0.000000 1.000000 128.000000 72.000000
3.5000 106.9800 80.4700 0.000000 0.000000 128.000000 72.000000
3.5100 106.9800 80.3500 0.000000 0.000000 128.000000 72.000000
3.5200 106.9800 80.2000 0.000000 0.000000 130.000000 73.000000
3.5300 106.9800 80.0400 0.000000 0.000000 127.000000 74.000000
3.5400 107.0400 79.8500 0.000000 0.000000 127.000000 74.000000
3.5500 107.0400 79.6500 0.000000 0.000000 127.000000 74.000000
3.5600 107.1200 79.4400 0.000000 0.000000 124.000000 74.000000
3.5700 107.1700 79.2500 0.000000 0.000000 124.000000 74.000000
3.5800 107.1700 79.2500 142.000000 1.000000 124.000000 74.000000
3.5900 107.1700 79.2500 163.000000 0.000000 124.000000 74.000000
3.6000 107.1700 79.2500 240.000000 0.000000 124.000000 74.000000
3.6100 107.1700 79.2500 342.000000 0.000000 125.000000 73.000000
3.6200 107.1700 79.2500 388.000000 0.000000 128.000000 72.000000
3.6300 107.1700 79.2500 425.000000 0.000000 128.000000 72.000000
3.6400 107.1700 79.2500 469.000000 0.000000 130.000000 72.000000
3.6500 107.4300 79.0800 494.000000 0.000000 130.000000 72.000000
3.6600 107.4300 79.0800 529.000000 0.000000 128.000000 72.000000
3.6700 107.4300 79.0800 545.000000 0.000000 128.000000 72.000000
3.6800 107.4300 79.1500 564.000000 0.000000 125.000000 73.000000
3.6900 107.4300 79.1500 564.000000 0.000000 122.000000 74.000000
3.7000 107.4300 79.4800 564.000000 0.000000 122.000000 74.000000
3.7100 107.4900 79.7600 568.000000 0.000000 122.000000 74.000000
3.7200 107.5500 79.9700 562.000000 0.000000 122.000000 74.000000
3.7300 107.6600 80.1800 546.000000 0.000000 122.000000 74.000000
3.7400 107.8100 80.3700 541.000000 0.000000 127.000000 74.000000
3.7500 107.9800 80.5500 535.000000 0.000000 127.000000 74.000000
3.7600 108.1600 80.6500 526.000000 0.000000 127.000000 74.000000
3.7700 108.3300 80.6500 515.000000 0.000000 130.000000 73.000000
3.7800 108.4500 80.5800 496.000000 0.000000 130.000000 73.000000
3.7900 108.5400 80.4600 456.000000 0.000000 130.000000 73.000000
3.8000 108.4700 80.3000 415.000000 0.000000 132.000000 74.000000
3.8100 108.4100 80.0900 368.000000 0.000000 132.000000 74.000000
3.8200 108.4100 79.9000 339.000000 0.000000 132.000000 74.000000
3.8300 108.3500 79.7600 315.000000 0.000000 130.000000 75.000000
3.8400 108.3500 79.6500 314.000000 0.000000 130.000000 75.000000
3.8500 108.3500 79.5900 324.000000 0.000000 130.000000 75.000000
3.8600 108.4000 79.5300 337.000000 0.000000 130.000000 75.000000
3.8700 108.4600 79.4800 335.000000 0.000000 130.000000 75.000000
3.8800 108.4600 79.4800 315.000000 0.000000 130.000000 75.000000
3.8900 108.4600 79.4800 180.000000 0.000000 130.000000 75.000000
3.9000 108.4600 79.4800 1.000000 1.000000 127.000000 75.000000
3.9100 108.4600 79.4800 0.000000 0.000000 127.000000 75.000000
3.9200 108.7300 79.6900 0.000000 0.000000 127.000000 75.000000
3.9300 108.8400 79.8000 0.000000 0.000000 129.000000 76.000000
3.9400 108.9100 79.8900 0.000000 0.000000 129.000000 76.000000
3.9500 108.9900 79.9500 0.000000 0.000000 129.000000 76.000000
3.9600 108.9900 79.9500 0.000000 0.000000 129.000000 76.000000
3.9700 108.9100 79.9500 0.000000 0.000000 129.000000 76.000000
3.9800 108.8400 79.9500 0.000000 0.000000 129.000000 76.000000
3.9900 108.7900 79.8900 0.000000 0.000000 129.000000 76.000000
4.0000 108.7900 79.8900 0.000000 0.000000 126.000000 77.000000
4.0100 108.7900 79.8200 0.000000 0.000000 126.000000 77.000000
4.0200 108.7900 79.7600 0.000000 0.000000 126.000000 77.000000
4.0300 108.7900 79.7000 0.000000 0.000000 126.000000 77.000000
4.0400 108.7900 79.6400 0.000000 0.000000 126.000000 77.000000
4.0500 108.7900 79.6400 206.000000 1.000000 126.000000 77.000000
4.0600 108.7900 79.6400 274.000000 0.000000 126.000000 77.000000
4.0700 108.7900 79.6400 382.000000 0.000000 126.000000 77.000000
4.0800 108.7900 79.6400 442.000000 0.000000 126.000000 77.000000
4.0900 108.7900 79.6400 489.000000 0.000000 126.000000 77.000000
4.1000 109.0400 79.5400 510.000000 0.000000 129.000000 76.000000
4.1100 109.2200 79.6400 526.000000 0.000000 129.000000 76.000000
4.1200 109.4500 79.7000 538.000000 0.000000 129.000000 76.000000
4.1300 109.6700 79.7700 543.000000 0.000000 129.000000 76.000000
4.1400 109.8400 79.8800 546.000000 0.000000 127.000000 75.000000
4.1500 109.9900 79.9800 548.000000 0.000000 124.000000 74.000000
4.1600 109.9900 80.1100 540.000000 0.000000 122.000000 74.000000
4.1700 109.8500 80.2500 516.000000 0.000000 121.000000 73.000000
4.1800 109.6100 80.3500 512.000000 0.000000 121.000000 73.000000
4.1900 109.3200 80.3500 522.000000 0.000000 121.000000 73.000000
4.2000 109.0600 80.2300 520.000000 0.000000 121.000000 73.000000
4.2100 108.9000 80.0200 522.000000 0.000000 121.000000 73.000000
4.2200 108.9000 79.7800 516.000000 0.000000 125.000000 73.000000
4.2300 108.9700 79.5300 512.000000 0.000000 127.000000 74.000000
4.2400 109.1700 79.2900 473.000000 0.000000 130.000000 75.000000
4.2500 109.5100 79.0800 389.000000 0.000000 132.000000 75.000000
4.2600 109.8700 79.0000 112.000000 0.000000 130.000000 75.000000
4.2700 109.8700 79.0000 0.000000 1.000000 127.000000 74.000000
4.2800 110.6900 79.1200 0.000000 0.000000 128.000000 72.000000
4.2900 111.0700 79.3300 0.000000 0.000000 122.000000 71.000000
4.3000 111.2400 79.5900 0.000000 0.000000 118.000000 70.000000
4.3100 111.2400 79.5900 0.000000 0.000000 117.000000 69.000000
4.3200 111.0300 79.9300 0.000000 0.000000 112.000000 67.000000
4.3300 110.6600 79.9900 0.000000 0.000000 107.000000 67.000000
4.3400 109.9500 79.9900 0.000000 0.000000 104.000000 66.000000
4.3500 109.0000 80.0900 0.000000 0.000000 100.000000 68.000000
4.3600 107.9200 80.1900 0.000000 0.000000 98.000000 69.000000
4.3700 106.8600 80.1300 0.000000 0.000000 99.000000 71.000000
4.3800 105.8000 80.0500 0.000000 0.000000 97.000000 73.000000
4.3900 105.0800 79.9500 0.000000 0.000000 97.000000 74.000000
4.4000 104.2800 79.9000 0.000000 0.000000 97.000000 75.000000
4.4100 103.4300 79.9000 0.000000 0.000000 98.000000 76.000000
4.4200 102.5300 79.9000 0.000000 0.000000 98.000000 76.000000
4.4300 101.5900 80.0500 0.000000 0.000000 98.000000 76.000000
4.4400 100.6100 80.3200 0.000000 0.000000 101.000000 75.000000
4.4500 99.8100 80.7100 0.000000 0.000000 104.000000 74.000000
4.4600 99.0500 81.2700 0.000000 0.000000 107.000000 73.000000
4.4700 98.6300 82.1000 0.000000 0.000000 110.000000 73.000000
4.4800 98.4100 83.1100 0.000000 0.000000 118.000000 73.000000
4.4900 98.7600 84.0100 0.000000 0.000000 122.000000 74.000000
4.5000 98.7600 84.0100 449.000000 1.000000 130.000000 73.000000
4.5100 100.7300 85.7000 542.000000 0.000000 135.000000 73.000000
4.5200 101.5600 85.9500 570.000000 0.000000 142.000000 72.000000
4.5300 102.5100 85.9500 668.000000 0.000000 144.000000 72.000000
4.5400 103.5400 85.5900 725.000000 0.000000 144.000000 72.000000
4.5500 104.4100 84.9800 731.000000 0.000000 146.000000 71.000000
4.5600 104.6900 83.9900 754.000000 0.000000 143.000000 70.000000
4.5700 104.5700 82.6500 755.000000 0.000000 143.000000 70.000000
4.5800 103.5700 81.0900 749.000000 0.000000 143.000000 70.000000
4.5900 102.0800 79.5800 779.000000 0.000000 139.000000 71.000000
4.6000 100.2500 78.4300 787.000000 0.000000 139.000000 71.000000
4.6100 97.8300 77.5100 776.000000 0.000000 142.000000 71.000000
4.6200 95.4400 76.9100 767.000000 0.000000 142.000000 71.000000
4.6300 93.1000 76.6600 796.000000 0.000000 142.000000 71.000000
4.6400 91.8900 76.6600 787.000000 0.000000 142.000000 71.000000
4.6500 91.4300 76.9600 727.000000 0.000000 144.000000 72.000000
4.6600 91.8100 78.0800 693.000000 0.000000 144.000000 72.000000
4.6700 92.8500 79.7500 710.000000 0.000000 144.000000 72.000000
4.6800 94.3400 81.8700 749.000000 0.000000 144.000000 72.000000
4.6900 96.2000 82.9100 722.000000 0.000000 146.000000 71.000000
4.7000 97.3400 83.2400 700.000000 0.000000 146.000000 71.000000
4.7100 98.0000 83.2400 687.000000 0.000000 146.000000 71.000000
4.7200 97.8100 82.9500 675.000000 0.000000 148.000000 70.000000
4.7300 96.6800 82.4700 622.000000 0.000000 148.000000 70.000000
4.7400 94.9300 81.5100 597.000000 0.000000 145.000000 70.000000
4.7500 92.0800 80.2300 610.000000 0.000000 145.000000 70.000000
4.7600 88.5800 78.7300 671.000000 0.000000 145.000000 70.000000
4.7700 84.6500 77.5600 700.000000 0.000000 143.000000 69.000000
4.7800 82.3300 76.8500 700.000000 0.000000 143.000000 69.000000
4.7900 81.2800 76.4400 699.000000 0.000000 143.000000 69.000000
4.8000 81.0700 76.2600 694.000000 0.000000 143.000000 69.000000
4.8100 81.2200 76.2600 716.000000 0.000000 143.000000 69.000000
4.8200 82.5200 76.4800 724.000000 0.000000 145.000000 70.000000
4.8300 84.5900 76.8500 725.000000 0.000000 147.000000 69.000000
4.8400 87.8600 77.2100 719.000000 0.000000 147.000000 69.000000
4.8500 91.8600 77.5700 696.000000 0.000000 149.000000 69.000000
4.8600 96.3500 77.6600 694.000000 0.000000 152.000000 70.000000
4.8700 100.5800 77.5900 664.000000 0.000000 153.000000 71.000000
4.8800 103.9900 77.4200 637.000000 0.000000 153.000000 71.000000
4.8900 106.8400 77.3400 483.000000 0.000000 153.000000 71.000000
4.9000 109.1500 77.4400 67.000000 0.000000 151.000000 72.000000
