0.0000 3.3800 45.0900 214.000000 1.000000 136.000000 57.000000
0.0100 3.4300 45.6300 342.000000 0.000000 135.000000 57.000000
0.0200 3.4300 45.9000 453.000000 0.000000 135.000000 57.000000
0.0300 3.4300 46.0600 546.000000 0.000000 135.000000 57.000000
0.0400 3.4300 46.1700 586.000000 0.000000 135.000000 57.000000
0.0500 3.3700 46.1700 602.000000 0.000000 135.000000 57.000000
0.0600 3.4300 46.1100 628.000000 0.000000 134.000000 57.000000
0.0700 3.5000 45.8400 664.000000 0.000000 134.000000 57.000000
0.0800 3.6200 45.4500 676.000000 0.000000 132.000000 57.000000
0.0900 3.7300 44.7800 691.000000 0.000000 132.000000 57.000000
0.1000 3.8400 43.7900 697.000000 0.000000 132.000000 57.000000
0.1100 3.8400 42.6000 691.000000 0.000000 132.000000 57.000000
0.1200 3.7300 41.5800 696.000000 0.000000 131.000000 57.000000
0.1300 3.7300 40.8400 694.000000 0.000000 131.000000 57.000000
0.1400 3.7300 40.2900 699.000000 0.000000 131.000000 57.000000
0.1500 3.7800 39.9000 696.000000 0.000000 131.000000 57.000000
0.1600 3.7800 39.7300 696.000000 0.000000 131.000000 57.000000
0.1700 3.7800 39.7300 713.000000 0.000000 131.000000 57.000000
0.1800 3.7800 39.7300 721.000000 0.000000 131.000000 57.000000
0.1900 3.7800 39.9800 739.000000 0.000000 132.000000 58.000000
0.2000 3.7800 40.3500 756.000000 0.000000 132.000000 58.000000
0.2100 3.6300 40.9300 751.000000 0.000000 132.000000 58.000000
0.2200 3.4600 41.7300 773.000000 0.000000 132.000000 58.000000
0.2300 3.2400 42.6700 785.000000 0.000000 132.000000 58.000000
0.2400 3.0600 43.8100 793.000000 0.000000 132.000000 58.000000
0.2500 3.0600 44.6700 793.000000 0.000000 132.000000 58.000000
0.2600 3.2000 45.3500 783.000000 0.000000 132.000000 58.000000
0.2700 3.2900 45.8200 797.000000 0.000000 132.000000 58.000000
0.2800 3.5800 46.0500 794.000000 0.000000 132.000000 58.000000
0.2900 4.0000 46.1100 791.000000 0.000000 132.000000 58.000000
0.3000 4.6800 45.9400 785.000000 0.000000 132.000000 58.000000
0.3100 5.3600 45.4700 780.000000 0.000000 134.000000 58.000000
0.3200 6.0500 44.8000 770.000000 0.000000 134.000000 58.000000
0.3300 6.3600 43.7900 760.000000 0.000000 134.000000 58.000000
0.3400 6.4200 42.5600 725.000000 0.000000 135.000000 59.000000
0.3500 6.0000 41.1800 691.000000 0.000000 135.000000 59.000000
0.3600 5.4600 40.0600 699.000000 0.000000 135.000000 59.000000
0.3700 4.8300 39.3300 702.000000 0.000000 135.000000 59.000000
0.3800 4.3200 38.8700 691.000000 0.000000 135.000000 59.000000
0.3900 3.9200 38.6600 699.000000 0.000000 135.000000 59.000000
0.4000 3.5800 38.5900 666.000000 0.000000 135.000000 59.000000
0.4100 3.3500 38.5900 563.000000 0.000000 135.000000 59.000000
0.4200 3.1500 38.7400 372.000000 0.000000 135.000000 59.000000
0.4300 3.1500 38.7400 0.000000 1.000000 134.000000 60.000000
0.4400 3.1000 39.1900 0.000000 0.000000 134.000000 60.000000
0.4500 3.3000 39.4400 0.000000 0.000000 134.000000 60.000000
0.4600 3.6400 39.6900 0.000000 0.000000 134.000000 60.000000
0.4700 4.0300 39.9000 0.000000 0.000000 134.000000 60.000000
0.4800 4.5400 40.0900 0.000000 0.000000 134.000000 60.000000
0.4900 5.1200 40.2600 0.000000 0.000000 134.000000 60.000000
0.5000 5.8400 40.3900 0.000000 0.000000 134.000000 60.000000
0.5100 6.6500 40.4900 0.000000 0.000000 132.000000 59.000000
0.5200 7.2000 40.5500 0.000000 0.000000 132.000000 59.000000
0.5300 7.5600 40.6000 0.000000 0.000000 132.000000 59.000000
0.5400 7.8000 40.6600 0.000000 0.000000 132.000000 59.000000
0.5500 7.9000 40.7700 0.000000 0.000000 132.000000 59.000000
0.5600 7.9000 40.7700 334.000000 1.000000 132.000000 59.000000
0.5700 7.8500 41.1100 448.000000 0.000000 132.000000 59.000000
0.5800 7.6800 41.3100 580.000000 0.000000 134.000000 60.000000
0.5900 7.4700 41.5000 628.000000 0.000000 134.000000 60.000000
0.6000 7.2200 41.6300 688.000000 0.000000 135.000000 59.000000
0.6100 7.0000 41.6800 702.000000 0.000000 135.000000 59.000000
0.6200 6.7200 41.6200 710.000000 0.000000 136.000000 60.000000
0.6300 6.4100 41.4000 699.000000 0.000000 136.000000 60.000000
0.6400 6.0900 41.0900 696.000000 0.000000 136.000000 60.000000
0.6500 5.8000 40.7200 663.000000 0.000000 136.000000 60.000000
0.6600 5.7500 40.4400 650.000000 0.000000 138.000000 60.000000
0.6700 5.8500 40.2200 636.000000 0.000000 138.000000 60.000000
0.6800 6.0500 40.0700 647.000000 0.000000 138.000000 60.000000
0.6900 6.3300 40.0700 638.000000 0.000000 138.000000 60.000000
0.7000 6.6600 40.0700 646.000000 0.000000 138.000000 60.000000
0.7100 6.9400 40.2200 662.000000 0.000000 138.000000 60.000000
0.7200 7.2300 40.3900 700.000000 0.000000 138.000000 60.000000
0.7300 7.3900 40.5600 728.000000 0.000000 138.000000 60.000000
0.7400 7.4600 40.5600 752.000000 0.000000 138.000000 60.000000
0.7500 7.4600 40.5600 757.000000 0.000000 138.000000 60.000000
0.7600 7.4600 40.5600 753.000000 0.000000 138.000000 60.000000
0.7700 7.4600 40.5600 751.000000 0.000000 138.000000 60.000000
0.7800 7.5900 40.4500 737.000000 0.000000 138.000000 60.000000
0.7900 7.7500 40.3400 707.000000 0.000000 138.000000 60.000000
0.8000 7.9100 40.2000 636.000000 0.000000 138.000000 60.000000
0.8100 8.0600 40.0500 537.000000 0.000000 138.000000 60.000000
0.8200 8.2000 39.9600 322.000000 0.000000 135.000000 60.000000
0.8300 8.2000 39.9600 0.000000 1.000000 135.000000 60.000000
0.8400 8.4200 39.8900 0.000000 0.000000 135.000000 60.000000
0.8500 8.4700 40.0200 0.000000 0.000000 135.000000 60.000000
0.8600 8.4700 40.1600 0.000000 0.000000 134.000000 60.000000
0.8700 8.4700 40.3400 0.000000 0.000000 134.000000 60.000000
0.8800 8.4700 40.6000 0.000000 0.000000 134.000000 60.000000
0.8900 8.5300 40.9100 0.000000 0.000000 134.000000 60.000000
0.9000 8.5300 41.2900 0.000000 0.000000 134.000000 60.000000
0.9100 8.5300 41.6700 0.000000 0.000000 134.000000 60.000000
0.9200 8.5300 41.6700 167.000000 1.000000 135.000000 59.000000
0.9300 8.4700 42.2700 399.000000 0.000000 135.000000 59.000000
0.9400 8.3800 42.4800 524.000000 0.000000 135.000000 59.000000
0.9500 8.3100 42.5300 599.000000 0.000000 135.000000 59.000000
0.9600 8.3100 42.5300 616.000000 0.000000 135.000000 59.000000
0.9700 8.3100 42.3900 619.000000 0.000000 135.000000 59.000000
0.9800 8.3100 42.1200 634.000000 0.000000 135.000000 59.000000
0.9900 8.3100 41.7300 638.000000 0.000000 135.000000 59.000000
1.0000 8.3700 41.2900 633.000000 0.000000 135.000000 59.000000
1.0100 8.3700 40.8500 628.000000 0.000000 135.000000 59.000000
1.0200 8.4400 40.4300 625.000000 0.000000 135.000000 59.000000
1.0300 8.6100 40.1800 627.000000 0.000000 135.000000 59.000000
1.0400 8.7800 40.0300 630.000000 0.000000 135.000000 59.000000
1.0500 8.8900 39.9600 638.000000 0.000000 135.000000 59.000000
1.0600 8.9400 39.9600 671.000000 0.000000 135.000000 59.000000
1.0700 9.0400 40.0800 684.000000 0.000000 134.000000 58.000000
1.0800 9.1100 40.3100 714.000000 0.000000 134.000000 58.000000
1.0900 9.1100 40.5300 721.000000 0.000000 134.000000 58.000000
1.1000 9.1600 40.8100 725.000000 0.000000 134.000000 58.000000
1.1100 9.1600 41.1300 740.000000 0.000000 134.000000 58.000000
1.1200 9.1600 41.5000 731.000000 0.000000 134.000000 58.000000
1.1300 9.2100 41.8700 731.000000 0.000000 134.000000 58.000000
1.1400 9.2700 42.2400 730.000000 0.000000 134.000000 58.000000
1.1500 9.3700 42.4200 724.000000 0.000000 134.000000 58.000000
1.1600 9.4800 42.5600 721.000000 0.000000 134.000000 58.000000
1.1700 9.6200 42.6300 733.000000 0.000000 134.000000 58.000000
1.1800 9.8000 42.6300 717.000000 0.000000 134.000000 58.000000
1.1900 9.9700 42.6300 700.000000 0.000000 134.000000 58.000000
1.2000 10.1100 42.5400 687.000000 0.000000 134.000000 58.000000
1.2100 10.1100 42.4600 669.000000 0.000000 134.000000 58.000000
1.2200 10.1100 42.3900 671.000000 0.000000 134.000000 58.000000
1.2300 10.1100 42.2700 666.000000 0.000000 134.000000 58.000000
1.2400 10.1100 42.1000 669.000000 0.000000 134.000000 58.000000
1.2500 10.1100 41.9000 672.000000 0.000000 134.000000 58.000000
1.2600 10.1100 41.6900 670.000000 0.000000 134.000000 58.000000
1.2700 10.1100 41.5400 687.000000 0.000000 134.000000 58.000000
1.2800 10.1100 41.3900 691.000000 0.000000 134.000000 58.000000
1.2900 10.1700 41.2000 690.000000 0.000000 134.000000 58.000000
1.3000 10.1700 41.0600 697.000000 0.000000 134.000000 58.000000
1.3100 10.2400 40.9500 713.000000 0.000000 134.000000 58.000000
1.3200 10.2400 40.8200 725.000000 0.000000 134.000000 58.000000
1.3300 10.2400 40.6800 725.000000 0.000000 134.000000 58.000000
1.3400 10.2400 40.5300 719.000000 0.000000 134.000000 58.000000
1.3500 10.3100 40.4100 719.000000 0.000000 134.000000 58.000000
1.3600 10.3100 40.3000 699.000000 0.000000 134.000000 58.000000
1.3700 10.3800 40.1600 670.000000 0.000000 132.000000 58.000000
1.3800 10.3800 40.0900 591.000000 0.000000 132.000000 58.000000
1.3900 10.4500 40.0900 422.000000 0.000000 132.000000 58.000000
1.4000 10.4500 40.0900 93.000000 0.000000 132.000000 58.000000
1.4100 10.4500 40.0900 0.000000 1.000000 134.000000 58.000000
1.4200 10.5600 40.3000 0.000000 0.000000 134.000000 58.000000
1.4300 10.6700 40.4800 0.000000 0.000000 134.000000 58.000000
1.4400 10.8400 40.6900 0.000000 0.000000 134.000000 58.000000
1.4500 11.1000 40.9100 0.000000 0.000000 134.000000 58.000000
1.4600 11.4200 41.0400 0.000000 0.000000 135.000000 59.000000
1.4700 11.6400 41.1500 0.000000 0.000000 135.000000 59.000000
1.4800 11.7900 41.2300 0.000000 0.000000 135.000000 59.000000
1.4900 11.9400 41.3000 0.000000 0.000000 136.000000 60.000000
1.5000 12.0500 41.3800 0.000000 0.000000 136.000000 60.000000
1.5100 12.1400 41.4400 0.000000 0.000000 136.000000 60.000000
1.5200 12.1900 41.4400 0.000000 0.000000 138.000000 60.000000
1.5300 12.1900 41.4400 0.000000 0.000000 138.000000 60.000000
1.5400 12.1900 41.4400 0.000000 0.000000 139.000000 61.000000
1.5500 12.1900 41.4400 0.000000 0.000000 139.000000 61.000000
1.5600 12.1100 41.4400 0.000000 0.000000 139.000000 61.000000
1.5700 12.1100 41.4400 0.000000 0.000000 139.000000 61.000000
1.5800 12.0200 41.4400 0.000000 0.000000 141.000000 61.000000
1.5900 11.9700 41.4400 0.000000 0.000000 142.000000 61.000000
1.6000 11.9700 41.4400 0.000000 0.000000 142.000000 61.000000
1.6100 11.9700 41.4400 0.000000 0.000000 142.000000 61.000000
1.6200 12.0500 41.4400 0.000000 0.000000 142.000000 61.000000
1.6300 12.1100 41.4400 0.000000 0.000000 142.000000 61.000000
1.6400 12.1600 41.5000 0.000000 0.000000 142.000000 61.000000
1.6500 12.2100 41.5000 0.000000 0.000000 142.000000 61.000000
1.6600 12.2700 41.5000 0.000000 0.000000 141.000000 60.000000
1.6700 12.3400 41.5500 0.000000 0.000000 141.000000 60.000000
1.6800 12.4700 41.6100 0.000000 0.000000 141.000000 60.000000
1.6900 12.5900 41.6800 0.000000 0.000000 141.000000 60.000000
1.7000 12.5900 41.6800 187.000000 1.000000 141.000000 60.000000
1.7100 12.9400 41.8900 334.000000 0.000000 138.000000 60.000000
1.7200 12.6200 42.0100 469.000000 0.000000 138.000000 60.000000
1.7300 12.4800 42.1300 562.000000 0.000000 138.000000 60.000000
1.7400 12.4800 42.2300 619.000000 0.000000 138.000000 60.000000
1.7500 12.3700 42.2800 647.000000 0.000000 138.000000 60.000000
1.7600 12.2300 42.2800 673.000000 0.000000 138.000000 60.000000
1.7700 12.0600 42.2800 682.000000 0.000000 136.000000 60.000000
1.7800 11.7300 42.0300 696.000000 0.000000 136.000000 60.000000
1.7900 11.4300 41.6900 691.000000 0.000000 138.000000 59.000000
1.8000 11.1800 41.3300 690.000000 0.000000 138.000000 59.000000
1.8100 11.0100 41.0200 670.000000 0.000000 138.000000 59.000000
1.8200 11.0100 40.7900 670.000000 0.000000 138.000000 59.000000
1.8300 11.1500 40.6000 672.000000 0.000000 138.000000 59.000000
1.8400 11.2600 40.5300 685.000000 0.000000 135.000000 59.000000
1.8500 11.4000 40.5300 699.000000 0.000000 135.000000 59.000000
1.8600 11.6200 40.6700 722.000000 0.000000 135.000000 59.000000
1.8700 11.9000 40.9000 727.000000 0.000000 135.000000 59.000000
1.8800 12.2000 41.2300 742.000000 0.000000 135.000000 59.000000
1.8900 12.4700 41.6400 739.000000 0.000000 135.000000 59.000000
1.9000 12.6400 42.1000 752.000000 0.000000 135.000000 59.000000
1.9100 12.7600 42.6700 722.000000 0.000000 135.000000 59.000000
1.9200 12.8900 43.3100 722.000000 0.000000 135.000000 59.000000
1.9300 12.9400 44.0100 734.000000 0.000000 135.000000 59.000000
1.9400 12.9400 44.4700 756.000000 0.000000 138.000000 59.000000
1.9500 12.9400 44.7600 791.000000 0.000000 138.000000 59.000000
1.9600 12.8900 44.8100 790.000000 0.000000 138.000000 59.000000
1.9700 12.8900 44.8100 811.000000 0.000000 138.000000 59.000000
1.9800 12.8900 44.4900 817.000000 0.000000 138.000000 59.000000
1.9900 12.8000 43.9800 825.000000 0.000000 139.000000 60.000000
2.0000 12.7100 43.3000 837.000000 0.000000 139.000000 60.000000
2.0100 12.6500 42.5600 825.000000 0.000000 139.000000 60.000000
2.0200 12.6500 41.9100 829.000000 0.000000 139.000000 60.000000
2.0300 12.6500 41.3500 809.000000 0.000000 139.000000 60.000000
2.0400 12.7300 40.9300 784.000000 0.000000 139.000000 60.000000
2.0500 12.8800 40.6500 543.000000 0.000000 139.000000 60.000000
2.0600 13.1000 40.4700 240.000000 0.000000 141.000000 60.000000
2.0700 13.1000 40.4700 0.000000 1.000000 141.000000 60.000000
2.0800 13.6800 40.5800 0.000000 0.000000 141.000000 60.000000
2.0900 13.9900 40.7800 0.000000 0.000000 141.000000 60.000000
2.1000 14.3000 40.9400 0.000000 0.000000 141.000000 60.000000
2.1100 14.7200 41.1000 0.000000 0.000000 141.000000 60.000000
2.1200 15.1400 41.2300 0.000000 0.000000 141.000000 60.000000
2.1300 15.5700 41.3200 0.000000 0.000000 142.000000 61.000000
2.1400 15.8500 41.4000 0.000000 0.000000 142.000000 61.000000
2.1500 16.0300 41.5200 0.000000 0.000000 142.000000 61.000000
2.1600 16.1400 41.7000 0.000000 0.000000 142.000000 61.000000
2.1700 16.1400 41.7000 139.000000 1.000000 142.000000 61.000000
2.1800 16.1400 42.1800 449.000000 0.000000 144.000000 61.000000
2.1900 15.9900 42.4400 560.000000 0.000000 144.000000 61.000000
2.2000 15.7300 42.7100 668.000000 0.000000 144.000000 61.000000
2.2100 15.4200 42.8800 713.000000 0.000000 146.000000 62.000000
2.2200 15.1300 42.8800 728.000000 0.000000 146.000000 62.000000
2.2300 14.8300 42.8300 733.000000 0.000000 146.000000 62.000000
2.2400 14.4800 42.6300 733.000000 0.000000 146.000000 62.000000
2.2500 14.1000 42.2900 734.000000 0.000000 146.000000 62.000000
2.2600 13.9000 41.8700 727.000000 0.000000 146.000000 62.000000
2.2700 13.7600 41.5000 731.000000 0.000000 146.000000 62.000000
2.2800 13.7600 41.2800 714.000000 0.000000 146.000000 62.000000
2.2900 13.9300 41.1600 724.000000 0.000000 146.000000 62.000000
2.3000 14.1700 41.1100 721.000000 0.000000 146.000000 62.000000
2.3100 14.3900 41.2200 739.000000 0.000000 146.000000 62.000000
2.3200 14.5900 41.4500 758.000000 0.000000 146.000000 62.000000
2.3300 14.8300 41.7200 791.000000 0.000000 146.000000 62.000000
2.3400 15.0700 42.1200 785.000000 0.000000 146.000000 62.000000
2.3500 15.2700 42.6100 785.000000 0.000000 146.000000 62.000000
2.3600 15.4300 43.2400 770.000000 0.000000 146.000000 62.000000
2.3700 15.5200 44.0300 761.000000 0.000000 146.000000 62.000000
2.3800 15.6100 44.9200 760.000000 0.000000 146.000000 62.000000
2.3900 15.6100 45.6300 794.000000 0.000000 146.000000 62.000000
2.4000 15.6100 45.9200 787.000000 0.000000 146.000000 62.000000
2.4100 15.5600 45.9200 796.000000 0.000000 147.000000 62.000000
2.4200 15.5600 45.8500 785.000000 0.000000 147.000000 62.000000
2.4300 15.5600 45.5700 790.000000 0.000000 147.000000 62.000000
2.4400 15.5000 45.1600 788.000000 0.000000 150.000000 62.000000
2.4500 15.4200 44.4100 790.000000 0.000000 150.000000 62.000000
2.4600 15.3500 43.5800 797.000000 0.000000 150.000000 62.000000
2.4700 15.3500 42.7100 787.000000 0.000000 150.000000 62.000000
2.4800 15.3500 42.1900 785.000000 0.000000 152.000000 62.000000
2.4900 15.5200 41.8600 800.000000 0.000000 152.000000 62.000000
2.5000 15.7500 41.6700 818.000000 0.000000 152.000000 62.000000
2.5100 15.9600 41.5300 819.000000 0.000000 152.000000 62.000000
2.5200 16.1500 41.5300 831.000000 0.000000 152.000000 62.000000
2.5300 16.3200 41.5900 848.000000 0.000000 152.000000 62.000000
2.5400 16.5100 41.6600 851.000000 0.000000 152.000000 62.000000
2.5500 16.6800 41.7500 857.000000 0.000000 152.000000 62.000000
2.5600 16.8300 41.8400 854.000000 0.000000 152.000000 62.000000
2.5700 16.9200 41.9300 852.000000 0.000000 152.000000 62.000000
2.5800 16.9700 42.0100 849.000000 0.000000 154.000000 63.000000
2.5900 16.9700 42.0100 848.000000 0.000000 153.000000 63.000000
2.6000 17.0900 42.0800 840.000000 0.000000 153.000000 63.000000
2.6100 17.2400 42.1400 843.000000 0.000000 153.000000 63.000000
2.6200 17.3800 42.1400 839.000000 0.000000 153.000000 63.000000
2.6300 17.5000 42.2300 842.000000 0.000000 154.000000 64.000000
2.6400 17.6300 42.3300 840.000000 0.000000 154.000000 64.000000
2.6500 17.7600 42.4600 842.000000 0.000000 154.000000 64.000000
2.6600 17.8300 42.5700 834.000000 0.000000 156.000000 64.000000
2.6700 17.8300 42.7500 837.000000 0.000000 156.000000 64.000000
2.6800 17.8900 42.9800 825.000000 0.000000 156.000000 64.000000
2.6900 17.8900 43.1300 817.000000 0.000000 156.000000 64.000000
2.7000 17.9600 43.3000 829.000000 0.000000 158.000000 64.000000
2.7100 17.9600 43.4400 817.000000 0.000000 158.000000 64.000000
2.7200 17.9100 43.4400 832.000000 0.000000 158.000000 64.000000
2.7300 17.8600 43.5100 826.000000 0.000000 158.000000 64.000000
2.7400 17.7700 43.5100 814.000000 0.000000 159.000000 64.000000
2.7500 17.5200 43.4500 811.000000 0.000000 159.000000 64.000000
2.7600 17.1600 43.3000 818.000000 0.000000 159.000000 64.000000
2.7700 17.0100 43.0300 826.000000 0.000000 159.000000 64.000000
2.7800 16.8900 42.7000 819.000000 0.000000 159.000000 64.000000
2.7900 16.8900 42.2800 836.000000 0.000000 159.000000 64.000000
2.8000 16.8300 41.8600 836.000000 0.000000 159.000000 64.000000
2.8100 16.8300 41.5300 834.000000 0.000000 159.000000 64.000000
2.8200 16.8300 41.2700 817.000000 0.000000 159.000000 64.000000
2.8300 16.9200 41.0700 814.000000 0.000000 159.000000 64.000000
2.8400 17.0100 40.9600 790.000000 0.000000 159.000000 64.000000
2.8500 17.2400 40.9100 691.000000 0.000000 159.000000 64.000000
2.8600 17.5500 40.9100 538.000000 0.000000 159.000000 64.000000
2.8700 17.9500 41.0100 47.000000 0.000000 159.000000 64.000000
2.8800 17.9500 41.0100 0.000000 1.000000 159.000000 64.000000
2.8900 18.5500 41.3200 0.000000 0.000000 157.000000 63.000000
2.9000 18.7100 41.5800 0.000000 0.000000 157.000000 63.000000
2.9100 18.9000 41.8900 0.000000 0.000000 157.000000 63.000000
2.9200 19.3300 42.1400 0.000000 0.000000 157.000000 63.000000
2.9300 19.9000 42.3700 0.000000 0.000000 155.000000 63.000000
2.9400 20.2100 42.5500 0.000000 0.000000 155.000000 63.000000
2.9500 20.4500 42.7100 0.000000 0.000000 154.000000 63.000000
2.9600 20.6500 42.7900 0.000000 0.000000 154.000000 63.000000
2.9700 20.8300 42.9000 0.000000 0.000000 154.000000 63.000000
2.9800 20.9300 43.0400 0.000000 0.000000 153.000000 61.000000
2.9900 20.9800 43.2500 0.000000 0.000000 153.000000 61.000000
3.0000 21.0300 43.4400 0.000000 0.000000 154.000000 60.000000
3.0100 20.9800 43.5800 0.000000 0.000000 154.000000 60.000000
3.0200 20.8500 43.6900 0.000000 0.000000 154.000000 60.000000
3.0300 20.6200 43.6900 0.000000 0.000000 153.000000 59.000000
3.0400 20.3500 43.6900 0.000000 0.000000 153.000000 59.000000
3.0500 20.0500 43.6000 0.000000 0.000000 153.000000 59.000000
3.0600 19.8300 43.6000 0.000000 0.000000 154.000000 58.000000
3.0700 19.6500 43.6000 0.000000 0.000000 154.000000 58.000000
3.0800 19.5500 43.6800 0.000000 0.000000 154.000000 58.000000
3.0900 19.5500 43.6800 0.000000 0.000000 154.000000 58.000000
3.1000 19.5500 43.7300 0.000000 0.000000 154.000000 58.000000
3.1100 19.5500 43.7300 0.000000 0.000000 155.000000 58.000000
3.1200 19.5500 43.7300 0.000000 0.000000 154.000000 58.000000
3.1300 19.5500 43.7300 0.000000 0.000000 154.000000 58.000000
3.1400 19.6000 43.7300 0.000000 0.000000 154.000000 58.000000
3.1500 19.6700 43.7900 0.000000 0.000000 154.000000 58.000000
3.1600 19.7700 43.9200 0.000000 0.000000 154.000000 58.000000
3.1700 19.9500 43.9700 0.000000 0.000000 154.000000 58.000000
3.1800 20.1800 43.9700 0.000000 0.000000 153.000000 59.000000
3.1900 20.3900 44.7000 0.000000 0.000000 155.000000 60.000000
3.2000 20.3900 44.7000 196.000000 1.000000 155.000000 60.000000
3.2100 20.6400 45.5100 369.000000 0.000000 155.000000 60.000000
3.2200 20.5900 45.9400 535.000000 0.000000 155.000000 60.000000
3.2300 20.4900 46.1200 661.000000 0.000000 156.000000 61.000000
3.2400 20.4000 46.1200 691.000000 0.000000 156.000000 61.000000
3.2500 20.4000 46.0700 708.000000 0.000000 156.000000 61.000000
3.2600 20.3100 45.7100 760.000000 0.000000 156.000000 61.000000
3.2700 20.1400 45.1600 791.000000 0.000000 157.000000 61.000000
3.2800 19.8900 44.3400 791.000000 0.000000 156.000000 62.000000
3.2900 19.6900 43.3800 796.000000 0.000000 156.000000 62.000000
3.3000 19.4900 42.3400 812.000000 0.000000 156.000000 62.000000
3.3100 19.4900 41.7500 811.000000 0.000000 156.000000 62.000000
3.3200 19.6600 41.3500 820.000000 0.000000 155.000000 63.000000
3.3300 19.8200 41.0700 809.000000 0.000000 155.000000 63.000000
3.3400 20.0000 40.9900 797.000000 0.000000 155.000000 63.000000
3.3500 20.2400 40.9900 765.000000 0.000000 155.000000 63.000000
3.3600 20.5800 40.9900 703.000000 0.000000 155.000000 63.000000
3.3700 20.9700 41.1400 562.000000 0.000000 155.000000 63.000000
3.3800 21.4100 41.3900 343.000000 0.000000 155.000000 63.000000
3.3900 21.8000 41.7000 27.000000 0.000000 155.000000 63.000000
3.4000 21.8000 41.7000 0.000000 1.000000 155.000000 63.000000
3.4100 22.2100 42.3800 0.000000 0.000000 154.000000 63.000000
3.4200 22.2100 42.3800 27.000000 1.000000 154.000000 63.000000
3.4300 22.1600 43.0900 179.000000 0.000000 154.000000 63.000000
3.4400 22.0100 43.3900 315.000000 0.000000 154.000000 63.000000
3.4500 21.7700 43.6500 440.000000 0.000000 154.000000 63.000000
3.4600 21.4500 43.7400 550.000000 0.000000 154.000000 63.000000
3.4700 21.0800 43.7400 614.000000 0.000000 154.000000 63.000000
3.4800 20.9000 43.6200 670.000000 0.000000 155.000000 63.000000
3.4900 20.7400 43.3500 678.000000 0.000000 155.000000 63.000000
3.5000 20.6300 42.9700 733.000000 0.000000 155.000000 63.000000
3.5100 20.5800 42.5800 755.000000 0.000000 155.000000 63.000000
3.5200 20.7400 42.2300 782.000000 0.000000 155.000000 63.000000
3.5300 21.0100 41.9900 824.000000 0.000000 155.000000 63.000000
3.5400 21.5400 41.8100 861.000000 0.000000 155.000000 63.000000
3.5500 22.0700 41.7300 867.000000 0.000000 155.000000 63.000000
3.5600 22.5300 41.7300 867.000000 0.000000 155.000000 63.000000
3.5700 22.9500 41.8100 849.000000 0.000000 155.000000 63.000000
3.5800 23.2200 41.8600 787.000000 0.000000 155.000000 63.000000
3.5900 23.4300 41.9300 636.000000 0.000000 155.000000 63.000000
3.6000 23.5900 42.0000 339.000000 0.000000 155.000000 63.000000
3.6100 23.5900 42.0000 0.000000 1.000000 155.000000 63.000000
3.6200 23.6700 42.1500 0.000000 0.000000 155.000000 63.000000
3.6300 23.6000 42.3200 0.000000 0.000000 154.000000 63.000000
3.6400 23.5400 42.5500 0.000000 0.000000 155.000000 63.000000
3.6500 23.6600 42.7800 0.000000 0.000000 155.000000 63.000000
3.6600 23.9100 43.0000 0.000000 0.000000 155.000000 63.000000
3.6700 24.1900 43.1900 0.000000 0.000000 155.000000 63.000000
3.6800 24.4500 43.4400 0.000000 0.000000 157.000000 63.000000
3.6900 24.7000 43.7300 0.000000 0.000000 158.000000 62.000000
3.7000 24.7900 44.1000 0.000000 0.000000 158.000000 62.000000
3.7100 24.8700 44.5500 0.000000 0.000000 159.000000 61.000000
3.7200 24.9300 45.0600 0.000000 0.000000 161.000000 62.000000
3.7300 25.1200 45.6300 0.000000 0.000000 162.000000 61.000000
3.7400 25.3500 46.2000 0.000000 0.000000 162.000000 61.000000
3.7500 25.6300 46.6000 0.000000 0.000000 162.000000 61.000000
3.7600 25.6300 46.6000 463.000000 1.000000 162.000000 60.000000
3.7700 25.8700 46.8900 540.000000 0.000000 162.000000 60.000000
3.7800 25.8000 46.9600 600.000000 0.000000 164.000000 60.000000
3.7900 25.8000 47.0900 691.000000 0.000000 164.000000 60.000000
3.8000 25.7500 46.8700 739.000000 0.000000 164.000000 60.000000
3.8100 25.6900 46.3500 787.000000 0.000000 164.000000 60.000000
3.8200 25.5900 45.6200 824.000000 0.000000 164.000000 60.000000
3.8300 25.4300 44.7000 830.000000 0.000000 163.000000 61.000000
3.8400 25.2300 43.8400 837.000000 0.000000 162.000000 61.000000
3.8500 25.1500 43.0300 839.000000 0.000000 162.000000 61.000000
3.8600 25.1500 42.5200 836.000000 0.000000 161.000000 62.000000
3.8700 25.2500 42.2000 833.000000 0.000000 161.000000 62.000000
3.8800 25.3200 42.0100 826.000000 0.000000 158.000000 62.000000
3.8900 25.4000 41.9300 790.000000 0.000000 158.000000 62.000000
3.9000 25.4000 41.9300 708.000000 0.000000 158.000000 62.000000
3.9100 25.4500 41.9900 516.000000 0.000000 155.000000 63.000000
3.9200 25.5500 42.2000 129.000000 0.000000 155.000000 63.000000
3.9300 25.5500 42.2000 0.000000 1.000000 155.000000 63.000000
3.9400 25.7200 42.9200 0.000000 0.000000 155.000000 63.000000
3.9500 25.7200 43.5100 0.000000 0.000000 154.000000 63.000000
3.9600 25.5800 44.2000 0.000000 0.000000 155.000000 63.000000
3.9700 25.3700 44.9600 0.000000 0.000000 155.000000 63.000000
3.9800 24.9800 45.5700 0.000000 0.000000 155.000000 63.000000
3.9900 24.4700 46.1300 0.000000 0.000000 156.000000 62.000000
4.0000 23.8600 46.4600 0.000000 0.000000 156.000000 62.000000
4.0100 23.2700 46.6700 0.000000 0.000000 156.000000 62.000000
4.0200 23.2700 46.6700 490.000000 1.000000 159.000000 61.000000
4.0300 22.5100 46.5900 540.000000 0.000000 159.000000 61.000000
4.0400 22.4300 46.6600 594.000000 0.000000 159.000000 61.000000
4.0500 22.6200 46.8200 691.000000 0.000000 159.000000 61.000000
4.0600 23.0000 46.8200 728.000000 0.000000 159.000000 61.000000
4.0700 23.7200 46.8200 748.000000 0.000000 161.000000 62.000000
4.0800 24.5900 46.8200 749.000000 0.000000 162.000000 61.000000
4.0900 25.5700 46.7500 713.000000 0.000000 162.000000 61.000000
4.1000 26.4400 46.7500 624.000000 0.000000 162.000000 61.000000
4.1100 27.0400 46.6300 410.000000 0.000000 162.000000 61.000000
4.1200 27.0400 46.6300 0.000000 1.000000 162.000000 61.000000
4.1300 27.6100 46.4600 0.000000 0.000000 161.000000 62.000000
4.1400 27.4600 46.3500 0.000000 0.000000 159.000000 61.000000
4.1500 27.1000 46.2300 0.000000 0.000000 159.000000 61.000000
4.1600 26.8200 46.0700 0.000000 0.000000 159.000000 61.000000
4.1700 26.7400 45.8300 0.000000 0.000000 157.000000 61.000000
4.1800 26.8000 45.5400 0.000000 0.000000 157.000000 61.000000
4.1900 26.8000 45.2400 0.000000 0.000000 156.000000 61.000000
4.2000 26.8000 44.9400 0.000000 0.000000 156.000000 61.000000
4.2100 26.8000 44.7300 0.000000 0.000000 157.000000 60.000000
4.2200 26.8000 44.7300 252.000000 1.000000 155.000000 60.000000
4.2300 26.8000 44.7300 418.000000 0.000000 155.000000 60.000000
4.2400 26.8000 44.7300 560.000000 0.000000 155.000000 60.000000
4.2500 26.8000 44.7300 658.000000 0.000000 153.000000 59.000000
4.2600 26.8000 44.7300 690.000000 0.000000 153.000000 59.000000
4.2700 26.5600 44.4600 711.000000 0.000000 153.000000 59.000000
4.2800 26.3800 44.2100 724.000000 0.000000 153.000000 59.000000
4.2900 26.1200 43.7400 724.000000 0.000000 152.000000 60.000000
4.3000 25.8800 43.2200 717.000000 0.000000 154.000000 60.000000
4.3100 25.8800 42.7600 719.000000 0.000000 154.000000 60.000000
4.3200 26.0100 42.3600 724.000000 0.000000 154.000000 60.000000
4.3300 26.2600 42.1300 754.000000 0.000000 153.000000 61.000000
4.3400 26.5400 42.0600 771.000000 0.000000 155.000000 62.000000
4.3500 26.8900 42.0600 783.000000 0.000000 155.000000 62.000000
4.3600 27.1700 42.2800 787.000000 0.000000 155.000000 62.000000
4.3700 27.4200 42.5800 799.000000 0.000000 154.000000 63.000000
4.3800 27.7000 42.9500 785.000000 0.000000 154.000000 63.000000
4.3900 27.8600 43.3800 793.000000 0.000000 154.000000 63.000000
4.4000 27.9400 43.8300 785.000000 0.000000 154.000000 63.000000
4.4100 27.8200 44.3000 760.000000 0.000000 154.000000 63.000000
4.4200 27.5400 44.6400 737.000000 0.000000 154.000000 63.000000
4.4300 27.1600 44.8000 679.000000 0.000000 154.000000 63.000000
4.4400 26.8200 44.8500 631.000000 0.000000 154.000000 63.000000
4.4500 26.4800 44.6900 496.000000 0.000000 154.000000 63.000000
4.4600 26.2400 44.3500 149.000000 0.000000 155.000000 63.000000
4.4700 26.2400 44.3500 0.000000 1.000000 155.000000 63.000000
4.4800 26.0500 43.5300 0.000000 0.000000 156.000000 62.000000
4.4900 26.2000 43.2900 0.000000 0.000000 156.000000 62.000000
4.5000 26.5000 43.1300 0.000000 0.000000 156.000000 62.000000
4.5100 26.8600 43.1300 0.000000 0.000000 156.000000 62.000000
4.5200 27.1700 43.1300 0.000000 0.000000 156.000000 62.000000
4.5300 27.3900 43.2000 0.000000 0.000000 156.000000 62.000000
4.5400 27.5500 43.3600 0.000000 0.000000 156.000000 62.000000
4.5500 27.7000 43.5800 0.000000 0.000000 156.000000 62.000000
4.5600 27.8600 43.8400 0.000000 0.000000 157.000000 61.000000
4.5700 28.0400 44.1300 0.000000 0.000000 157.000000 61.000000
4.5800 28.0400 44.1300 339.000000 1.000000 156.000000 61.000000
4.5900 28.1400 44.6100 444.000000 0.000000 156.000000 61.000000
4.6000 28.1900 44.7600 556.000000 0.000000 156.000000 61.000000
4.6100 28.1900 44.7600 603.000000 0.000000 156.000000 61.000000
4.6200 28.1900 44.6600 641.000000 0.000000 156.000000 61.000000
4.6300 28.1900 44.3500 676.000000 0.000000 156.000000 61.000000
4.6400 28.1900 43.9100 700.000000 0.000000 156.000000 61.000000
4.6500 28.1900 43.3800 727.000000 0.000000 156.000000 61.000000
4.6600 28.2700 42.8800 739.000000 0.000000 156.000000 61.000000
4.6700 28.3400 42.5200 752.000000 0.000000 156.000000 61.000000
4.6800 28.4400 42.2500 757.000000 0.000000 155.000000 62.000000
4.6900 28.5400 42.0600 774.000000 0.000000 155.000000 62.000000
4.7000 28.5400 42.0000 800.000000 0.000000 156.000000 62.000000
4.7100 28.5900 42.0000 834.000000 0.000000 156.000000 62.000000
4.7200 28.5900 42.0900 839.000000 0.000000 156.000000 62.000000
4.7300 28.5900 42.3000 849.000000 0.000000 156.000000 62.000000
4.7400 28.4800 42.6000 855.000000 0.000000 156.000000 62.000000
4.7500 28.4800 43.0100 863.000000 0.000000 156.000000 62.000000
4.7600 28.4200 43.4000 866.000000 0.000000 156.000000 62.000000
4.7700 28.4200 43.7800 881.000000 0.000000 156.000000 62.000000
4.7800 28.5700 44.1700 873.000000 0.000000 156.000000 62.000000
4.7900 28.7300 44.4300 854.000000 0.000000 156.000000 62.000000
4.8000 28.9200 44.6300 825.000000 0.000000 156.000000 62.000000
4.8100 29.1500 44.7200 752.000000 0.000000 156.000000 62.000000
4.8200 29.4200 44.7200 636.000000 0.000000 156.000000 62.000000
4.8300 29.7500 44.7200 415.000000 0.000000 156.000000 62.000000
4.8400 29.7500 44.7200 0.000000 1.000000 156.000000 62.000000
4.8500 29.9000 44.5500 0.000000 0.000000 156.000000 62.000000
4.8600 29.8100 44.4700 0.000000 0.000000 156.000000 62.000000
4.8700 29.6700 44.4000 0.000000 0.000000 156.000000 62.000000
4.8800 29.5100 44.4000 0.000000 0.000000 156.000000 62.000000
4.8900 29.5100 44.4000 0.000000 0.000000 156.000000 62.000000
4.9000 29.4600 44.4000 0.000000 0.000000 155.000000 62.000000
4.9100 29.5400 44.4000 0.000000 0.000000 156.000000 61.000000
4.9200 29.6700 44.4900 0.000000 0.000000 156.000000 61.000000
4.9300 29.7900 44.5800 0.000000 0.000000 156.000000 61.000000
4.9400 29.8800 44.6600 0.000000 0.000000 156.000000 61.000000
4.9500 29.9500 44.7200 0.000000 0.000000 154.000000 60.000000
4.9600 30.0000 44.7200 0.000000 0.000000 155.000000 60.000000
4.9700 30.0000 44.7200 389.000000 1.000000 155.000000 60.000000
4.9800 30.0000 44.7200 402.000000 0.000000 155.000000 60.000000
4.9900 30.0000 44.7200 513.000000 0.000000 155.000000 60.000000
5.0000 29.9300 44.3500 592.000000 0.000000 155.000000 60.000000
5.0100 29.8500 44.0500 620.000000 0.000000 154.000000 60.000000
5.0200 29.7900 43.6000 638.000000 0.000000 154.000000 60.000000
5.0300 29.7400 43.0600 667.000000 0.000000 154.000000 60.000000
5.0400 29.7400 42.4700 684.000000 0.000000 154.000000 60.000000
5.0500 29.7400 42.1100 693.000000 0.000000 156.000000 61.000000
5.0600 29.7400 41.9000 710.000000 0.000000 155.000000 62.000000
5.0700 29.8300 41.7500 731.000000 0.000000 155.000000 62.000000
5.0800 29.8900 41.7000 771.000000 0.000000 155.000000 62.000000
5.0900 29.8900 41.7000 797.000000 0.000000 155.000000 62.000000
5.1000 29.9500 41.8900 790.000000 0.000000 155.000000 62.000000
5.1100 30.0100 42.1700 808.000000 0.000000 154.000000 63.000000
5.1200 30.0800 42.5400 817.000000 0.000000 154.000000 63.000000
5.1300 30.1700 43.0000 829.000000 0.000000 154.000000 63.000000
5.1400 30.2900 43.5200 823.000000 0.000000 154.000000 63.000000
5.1500 30.4800 44.0900 811.000000 0.000000 154.000000 63.000000
5.1600 30.6700 44.5600 800.000000 0.000000 154.000000 63.000000
5.1700 30.8400 44.8000 779.000000 0.000000 154.000000 63.000000
5.1800 30.9800 44.9000 693.000000 0.000000 154.000000 63.000000
5.1900 31.1400 44.9000 532.000000 0.000000 154.000000 63.000000
5.2000 31.3300 44.9000 211.000000 0.000000 156.000000 62.000000
5.2100 31.3300 44.9000 0.000000 1.000000 156.000000 62.000000
5.2200 31.6900 44.7100 0.000000 0.000000 156.000000 62.000000
5.2300 31.6900 44.7100 0.000000 0.000000 156.000000 62.000000
5.2400 31.9800 44.7100 0.000000 0.000000 156.000000 62.000000
5.2500 32.2100 44.7100 0.000000 0.000000 156.000000 62.000000
5.2600 32.4400 44.8100 0.000000 0.000000 156.000000 62.000000
5.2700 32.6700 44.8600 0.000000 0.000000 157.000000 61.000000
5.2800 32.8300 44.9300 0.000000 0.000000 157.000000 61.000000
5.2900 32.9600 44.9300 0.000000 0.000000 157.000000 61.000000
5.3000 33.0200 44.9300 0.000000 0.000000 158.000000 60.000000
5.3100 33.0200 44.9300 0.000000 0.000000 158.000000 60.000000
5.3200 32.9300 44.9300 0.000000 0.000000 158.000000 60.000000
5.3300 32.8400 44.8000 0.000000 0.000000 159.000000 59.000000
5.3400 32.6900 44.6400 0.000000 0.000000 159.000000 59.000000
5.3500 32.5100 44.4000 0.000000 0.000000 159.000000 59.000000
5.3600 32.3100 44.1100 0.000000 0.000000 159.000000 59.000000
5.3700 32.3100 44.1100 307.000000 1.000000 160.000000 58.000000
5.3800 32.0300 43.7900 353.000000 0.000000 159.000000 59.000000
5.3900 32.0800 43.7900 510.000000 0.000000 159.000000 59.000000
5.4000 32.2400 43.7300 585.000000 0.000000 159.000000 59.000000
5.4100 32.3700 43.7300 634.000000 0.000000 159.000000 59.000000
5.4200 32.5800 43.7800 662.000000 0.000000 159.000000 59.000000
5.4300 32.8500 43.8700 669.000000 0.000000 158.000000 60.000000
5.4400 33.1600 44.0300 696.000000 0.000000 158.000000 60.000000
5.4500 33.4100 44.2100 703.000000 0.000000 157.000000 60.000000
5.4600 33.6200 44.4000 711.000000 0.000000 156.000000 61.000000
5.4700 33.7700 44.6200 725.000000 0.000000 156.000000 61.000000
5.4800 33.7700 44.8100 742.000000 0.000000 157.000000 61.000000
5.4900 33.6800 44.9100 760.000000 0.000000 157.000000 61.000000
5.5000 33.5600 44.9100 750.000000 0.000000 156.000000 62.000000
5.5100 33.3100 44.9100 763.000000 0.000000 156.000000 62.000000
5.5200 32.9800 44.6900 759.000000 0.000000 156.000000 62.000000
5.5300 32.2400 44.3600 777.000000 0.000000 156.000000 62.000000
5.5400 31.7800 43.9200 790.000000 0.000000 156.000000 62.000000
5.5500 31.5100 43.4200 829.000000 0.000000 156.000000 62.000000
5.5600 31.5100 42.8800 857.000000 0.000000 156.000000 62.000000
5.5700 31.6600 42.5400 866.000000 0.000000 156.000000 62.000000
5.5800 32.0000 42.1900 857.000000 0.000000 156.000000 62.000000
5.5900 32.4300 42.0100 819.000000 0.000000 156.000000 62.000000
5.6000 32.8200 41.9500 711.000000 0.000000 156.000000 62.000000
5.6100 33.1800 41.9500 287.000000 0.000000 156.000000 62.000000
5.6200 33.1800 41.9500 0.000000 1.000000 156.000000 62.000000
5.6300 33.6400 42.1800 0.000000 0.000000 156.000000 62.000000
5.6400 33.6400 42.4400 0.000000 0.000000 156.000000 62.000000
5.6500 33.6900 42.5000 0.000000 0.000000 156.000000 62.000000
5.6600 33.6900 42.4200 0.000000 0.000000 155.000000 62.000000
5.6700 33.6900 42.6300 0.000000 0.000000 155.000000 62.000000
5.6800 33.6900 42.8700 0.000000 0.000000 155.000000 62.000000
5.6900 33.9300 43.1300 0.000000 0.000000 155.000000 62.000000
5.7000 34.4100 43.4800 0.000000 0.000000 155.000000 62.000000
5.7100 35.3400 43.8100 0.000000 0.000000 155.000000 62.000000
5.7200 36.3600 44.1000 0.000000 0.000000 155.000000 62.000000
5.7300 37.4500 44.3100 0.000000 0.000000 155.000000 62.000000
5.7400 37.9000 44.4600 0.000000 0.000000 155.000000 62.000000
5.7500 37.9000 44.1500 0.000000 0.000000 155.000000 62.000000
5.7600 37.6000 43.8200 0.000000 0.000000 155.000000 62.000000
5.7700 37.6000 43.6200 0.000000 0.000000 155.000000 62.000000
5.7800 37.2200 43.5300 0.000000 0.000000 155.000000 62.000000
5.7900 36.5900 43.5300 0.000000 0.000000 155.000000 62.000000
5.8000 35.1500 43.3700 0.000000 0.000000 155.000000 62.000000
5.8100 34.4800 43.1000 0.000000 0.000000 155.000000 62.000000
5.8200 34.3300 42.8300 0.000000 0.000000 155.000000 62.000000
5.8300 33.6800 42.7700 0.000000 0.000000 153.000000 61.000000
5.8400 33.0400 42.8400 0.000000 0.000000 154.000000 60.000000
5.8500 32.3100 43.1000 0.000000 0.000000 153.000000 59.000000
5.8600 31.5100 43.4600 0.000000 0.000000 153.000000 58.000000
5.8700 30.9400 43.8800 0.000000 0.000000 154.000000 57.000000
5.8800 30.4800 44.5800 0.000000 0.000000 152.000000 57.000000
5.8900 30.0800 45.3000 0.000000 0.000000 152.000000 56.000000
5.9000 29.3000 46.0400 0.000000 0.000000 150.000000 55.000000
5.9100 28.5400 46.5100 0.000000 0.000000 150.000000 55.000000
5.9200 27.7900 46.6100 0.000000 0.000000 149.000000 55.000000
5.9300 26.9900 46.4700 0.000000 0.000000 149.000000 55.000000
5.9400 26.1600 46.2400 0.000000 0.000000 147.000000 55.000000
5.9500 25.5400 46.0200 0.000000 0.000000 147.000000 55.000000
5.9600 24.9300 45.7800 0.000000 0.000000 147.000000 55.000000
5.9700 24.3100 45.5300 0.000000 0.000000 147.000000 55.000000
5.9800 23.6600 45.3100 0.000000 0.000000 151.000000 51.000000
5.9900 22.9800 45.1000 0.000000 0.000000 155.000000 48.000000
6.0000 22.2900 45.1600 0.000000 0.000000 158.000000 44.000000
6.0100 21.6500 45.3700 0.000000 0.000000 162.000000 40.000000
6.0200 21.0800 45.2500 0.000000 0.000000 162.000000 40.000000
6.0300 20.8100 45.1300 0.000000 0.000000 162.000000 40.000000
6.0400 20.7300 44.7800 0.000000 0.000000 161.000000 39.000000
6.0500 20.7900 44.2700 0.000000 0.000000 159.000000 39.000000
6.0600 20.7100 44.9500 0.000000 0.000000 157.000000 40.000000
6.0700 20.8300 45.1900 0.000000 0.000000 154.000000 41.000000
6.0800 21.1200 45.1400 0.000000 0.000000 154.000000 42.000000
6.0900 21.3100 45.3500 0.000000 0.000000 153.000000 43.000000
6.1000 21.4800 45.5900 0.000000 0.000000 153.000000 43.000000
6.1100 21.6300 45.8400 0.000000 0.000000 152.000000 44.000000
6.1200 21.7100 46.1100 0.000000 0.000000 153.000000 45.000000
6.1300 21.7600 46.3800 0.000000 0.000000 152.000000 45.000000
6.1400 21.7600 46.5500 0.000000 0.000000 151.000000 46.000000
6.1500 21.7600 46.6700 0.000000 0.000000 151.000000 47.000000
6.1600 21.6200 46.6700 0.000000 0.000000 150.000000 48.000000
6.1700 21.4600 46.6700 0.000000 0.000000 149.000000 49.000000
6.1800 21.3100 46.6100 0.000000 0.000000 150.000000 50.000000
6.1900 21.1300 46.6100 0.000000 0.000000 149.000000 51.000000
6.2000 20.9200 46.6100 0.000000 0.000000 149.000000 52.000000
6.2100 20.7400 46.6100 0.000000 0.000000 149.000000 52.000000
6.2200 20.5900 46.6100 0.000000 0.000000 149.000000 52.000000
6.2300 20.5000 46.3600 0.000000 0.000000 149.000000 52.000000
6.2400 20.4500 46.2800 0.000000 0.000000 149.000000 52.000000
6.2500 20.3700 46.2800 0.000000 0.000000 149.000000 52.000000
6.2600 20.2800 46.1600 0.000000 0.000000 148.000000 53.000000
6.2700 20.1300 46.0500 0.000000 0.000000 149.000000 53.000000
6.2800 19.9900 45.9700 0.000000 0.000000 149.000000 53.000000
6.2900 19.8500 45.9700 0.000000 0.000000 148.000000 54.000000
6.3000 19.8500 45.9700 0.000000 0.000000 148.000000 54.000000
6.3100 19.8000 45.9700 0.000000 0.000000 147.000000 55.000000
6.3200 19.8800 46.0500 0.000000 0.000000 147.000000 55.000000
6.3300 20.0200 46.1100 0.000000 0.000000 147.000000 55.000000
6.3400 20.1600 46.1600 0.000000 0.000000 147.000000 55.000000
6.3500 20.2800 46.2200 0.000000 0.000000 147.000000 55.000000
6.3600 20.4200 46.3100 0.000000 0.000000 146.000000 55.000000
6.3700 20.5600 46.4100 0.000000 0.000000 146.000000 55.000000
6.3800 20.6800 46.5800 0.000000 0.000000 146.000000 55.000000
6.3900 20.8000 46.8100 0.000000 0.000000 146.000000 55.000000
6.4000 20.9200 47.0800 0.000000 0.000000 148.000000 56.000000
6.4100 21.0400 47.3000 0.000000 0.000000 148.000000 56.000000
6.4200 21.1400 47.5000 0.000000 0.000000 149.000000 55.000000
6.4300 21.2400 47.6500 0.000000 0.000000 149.000000 55.000000
6.4400 21.3400 47.7500 0.000000 0.000000 150.000000 54.000000
6.4500 21.3400 47.8100 0.000000 0.000000 150.000000 54.000000
6.4600 21.3400 47.8700 0.000000 0.000000 150.000000 54.000000
6.4700 21.3400 47.9500 0.000000 0.000000 151.000000 53.000000
6.4800 21.3400 48.0200 0.000000 0.000000 152.000000 54.000000
6.4900 21.3400 48.0800 0.000000 0.000000 152.000000 54.000000
6.5000 21.5000 48.0800 0.000000 0.000000 153.000000 53.000000
6.5100 21.6700 48.0800 0.000000 0.000000 153.000000 53.000000
6.5200 21.8900 47.9600 0.000000 0.000000 154.000000 52.000000
6.5300 22.1000 47.8100 0.000000 0.000000 154.000000 52.000000
6.5400 22.2700 47.6500 0.000000 0.000000 154.000000 52.000000
6.5500 22.4100 47.5400 0.000000 0.000000 155.000000 51.000000
6.5600 22.5100 47.4800 0.000000 0.000000 155.000000 51.000000
6.5700 22.5800 47.4300 0.000000 0.000000 156.000000 51.000000
6.5800 22.6300 47.4300 0.000000 0.000000 156.000000 51.000000
6.5900 22.7500 47.4300 0.000000 0.000000 156.000000 51.000000
6.6000 22.8900 47.5400 0.000000 0.000000 157.000000 51.000000
6.6100 23.0600 47.6000 0.000000 0.000000 157.000000 51.000000
6.6200 23.1900 47.6700 0.000000 0.000000 157.000000 51.000000
6.6300 23.2800 47.7600 0.000000 0.000000 157.000000 51.000000
6.6400 23.3300 47.8700 0.000000 0.000000 157.000000 51.000000
6.6500 23.3300 48.0100 0.000000 0.000000 157.000000 50.000000
6.6600 23.3300 48.1300 0.000000 0.000000 159.000000 50.000000
6.6700 23.3300 48.2200 0.000000 0.000000 159.000000 50.000000
6.6800 23.3300 48.3300 0.000000 0.000000 158.000000 51.000000
6.6900 23.3300 48.4600 0.000000 0.000000 158.000000 51.000000
6.7000 23.3800 48.5600 0.000000 0.000000 158.000000 51.000000
6.7100 23.4700 48.6100 0.000000 0.000000 157.000000 52.000000
6.7200 23.4700 48.6100 259.000000 1.000000 157.000000 52.000000
6.7300 23.4700 48.6100 305.000000 0.000000 157.000000 52.000000
6.7400 23.4700 48.6100 433.000000 0.000000 156.000000 53.000000
6.7500 23.4700 48.6100 522.000000 0.000000 156.000000 53.000000
6.7600 23.4700 48.6100 539.000000 0.000000 156.000000 53.000000
6.7700 23.7400 48.7400 577.000000 0.000000 156.000000 53.000000
6.7800 23.7400 48.7400 600.000000 0.000000 156.000000 53.000000
6.7900 23.8400 48.6800 628.000000 0.000000 155.000000 54.000000
6.8000 23.9200 48.6100 634.000000 0.000000 155.000000 54.000000
6.8100 24.0000 48.5100 656.000000 0.000000 154.000000 55.000000
6.8200 24.0500 48.3400 691.000000 0.000000 154.000000 55.000000
6.8300 24.1500 48.1000 700.000000 0.000000 153.000000 56.000000
6.8400 24.2700 47.7800 720.000000 0.000000 153.000000 56.000000
6.8500 24.3900 47.4400 742.000000 0.000000 153.000000 56.000000
6.8600 24.5100 47.1300 759.000000 0.000000 154.000000 57.000000
6.8700 24.6300 46.8400 765.000000 0.000000 154.000000 57.000000
6.8800 24.6300 46.7100 780.000000 0.000000 154.000000 57.000000
6.8900 24.6300 46.4900 794.000000 0.000000 154.000000 57.000000
6.9000 24.6800 46.2200 803.000000 0.000000 154.000000 57.000000
6.9100 24.6800 45.9500 812.000000 0.000000 153.000000 58.000000
6.9200 24.6800 45.6900 819.000000 0.000000 153.000000 58.000000
6.9300 24.6800 45.4200 827.000000 0.000000 153.000000 58.000000
6.9400 24.6800 45.1200 825.000000 0.000000 153.000000 58.000000
6.9500 24.6200 44.8300 839.000000 0.000000 153.000000 58.000000
6.9600 24.5200 44.5000 831.000000 0.000000 153.000000 58.000000
6.9700 24.4600 44.3300 836.000000 0.000000 152.000000 59.000000
6.9800 24.4600 44.2700 848.000000 0.000000 152.000000 59.000000
6.9900 24.4600 44.0100 855.000000 0.000000 152.000000 59.000000
7.0000 24.3900 43.8000 854.000000 0.000000 152.000000 59.000000
7.0100 24.3000 43.6200 860.000000 0.000000 152.000000 59.000000
7.0200 24.3000 43.4700 857.000000 0.000000 152.000000 59.000000
7.0300 24.1600 43.3200 864.000000 0.000000 152.000000 59.000000
7.0400 24.0300 43.1500 860.000000 0.000000 152.000000 59.000000
7.0500 23.9600 43.0300 867.000000 0.000000 152.000000 59.000000
7.0600 23.8900 42.9400 864.000000 0.000000 152.000000 59.000000
7.0700 23.8300 42.8600 854.000000 0.000000 152.000000 59.000000
7.0800 23.8300 42.7500 867.000000 0.000000 152.000000 59.000000
7.0900 23.6900 42.6100 854.000000 0.000000 150.000000 58.000000
7.1000 23.5600 42.4700 867.000000 0.000000 150.000000 58.000000
7.1100 23.4900 42.3500 860.000000 0.000000 150.000000 58.000000
7.1200 23.3600 42.1400 866.000000 0.000000 150.000000 58.000000
7.1300 23.2000 41.8800 872.000000 0.000000 150.000000 58.000000
7.1400 23.0600 41.7100 872.000000 0.000000 150.000000 58.000000
7.1500 22.9500 41.6000 873.000000 0.000000 150.000000 58.000000
7.1600 22.8900 41.5400 867.000000 0.000000 150.000000 58.000000
7.1700 22.8900 41.4800 878.000000 0.000000 150.000000 58.000000
7.1800 22.7200 41.3100 879.000000 0.000000 150.000000 58.000000
7.1900 22.5200 41.0700 887.000000 0.000000 150.000000 58.000000
7.2000 22.3100 40.9000 887.000000 0.000000 150.000000 58.000000
7.2100 22.1100 40.7500 893.000000 0.000000 150.000000 58.000000
7.2200 21.9300 40.6200 890.000000 0.000000 150.000000 58.000000
7.2300 21.7700 40.4900 896.000000 0.000000 150.000000 58.000000
7.2400 21.5200 40.3400 893.000000 0.000000 150.000000 58.000000
7.2500 21.2200 40.1800 899.000000 0.000000 150.000000 58.000000
7.2600 20.8900 40.0200 899.000000 0.000000 150.000000 58.000000
7.2700 20.5700 39.8500 892.000000 0.000000 150.000000 58.000000
7.2800 20.2500 39.7000 906.000000 0.000000 150.000000 58.000000
7.2900 19.9300 39.5600 905.000000 0.000000 150.000000 58.000000
7.3000 19.6100 39.4400 906.000000 0.000000 150.000000 58.000000
7.3100 19.1200 39.2100 905.000000 0.000000 150.000000 58.000000
7.3200 18.6900 39.0200 905.000000 0.000000 150.000000 58.000000
7.3300 18.3600 38.8800 908.000000 0.000000 150.000000 58.000000
7.3400 18.1000 38.7600 906.000000 0.000000 150.000000 58.000000
7.3500 17.8000 38.6600 908.000000 0.000000 150.000000 58.000000
7.3600 17.4700 38.5700 905.000000 0.000000 150.000000 58.000000
7.3700 17.1400 38.4800 906.000000 0.000000 150.000000 58.000000
7.3800 16.8300 38.4200 893.000000 0.000000 149.000000 59.000000
7.3900 16.3500 38.3600 900.000000 0.000000 149.000000 59.000000
7.4000 15.7600 38.2800 894.000000 0.000000 149.000000 59.000000
7.4100 15.2400 38.2800 896.000000 0.000000 149.000000 59.000000
7.4200 14.8600 38.2800 894.000000 0.000000 147.000000 59.000000
7.4300 14.5800 38.2800 897.000000 0.000000 147.000000 59.000000
7.4400 14.2600 38.2800 893.000000 0.000000 146.000000 58.000000
7.4500 13.9400 38.3400 897.000000 0.000000 146.000000 58.000000
7.4600 13.6200 38.3400 899.000000 0.000000 144.000000 58.000000
7.4700 13.3300 38.4300 890.000000 0.000000 144.000000 58.000000
7.4800 12.9400 38.4300 900.000000 0.000000 143.000000 57.000000
7.4900 12.4700 38.4300 896.000000 0.000000 143.000000 57.000000
7.5000 12.1100 38.4300 897.000000 0.000000 142.000000 57.000000
7.5100 11.7900 38.5200 899.000000 0.000000 139.000000 57.000000
7.5200 11.4800 38.5800 899.000000 0.000000 139.000000 57.000000
7.5300 11.1600 38.6300 900.000000 0.000000 138.000000 57.000000
7.5400 10.9700 38.6900 908.000000 0.000000 136.000000 56.000000
7.5500 10.7900 38.7600 908.000000 0.000000 136.000000 56.000000
7.5600 10.6800 38.7600 900.000000 0.000000 136.000000 56.000000
7.5700 10.6100 38.8600 905.000000 0.000000 135.000000 55.000000
7.5800 10.5400 38.9500 905.000000 0.000000 135.000000 55.000000
7.5900 10.4700 39.0000 908.000000 0.000000 135.000000 55.000000
7.6000 10.4100 39.0000 905.000000 0.000000 134.000000 55.000000
7.6100 10.3300 39.1000 909.000000 0.000000 134.000000 55.000000
7.6200 10.2200 39.1800 908.000000 0.000000 134.000000 55.000000
7.6300 10.0700 39.2800 899.000000 0.000000 134.000000 55.000000
7.6400 9.8900 39.3700 911.000000 0.000000 134.000000 55.000000
7.6500 9.7600 39.4200 912.000000 0.000000 134.000000 55.000000
7.6600 9.7600 39.4700 920.000000 0.000000 134.000000 55.000000
7.6700 9.6800 39.5200 923.000000 0.000000 133.000000 54.000000
7.6800 9.6800 39.5200 929.000000 0.000000 133.000000 54.000000
7.6900 9.6800 39.5200 932.000000 0.000000 133.000000 54.000000
7.7000 9.6800 39.5800 932.000000 0.000000 133.000000 54.000000
7.7100 9.6800 39.5800 933.000000 0.000000 133.000000 54.000000
7.7200 9.6800 39.5800 933.000000 0.000000 133.000000 54.000000
7.7300 9.5800 39.6900 932.000000 0.000000 133.000000 54.000000
7.7400 9.5800 39.7600 930.000000 0.000000 133.000000 54.000000
7.7500 9.5800 39.8300 924.000000 0.000000 131.000000 55.000000
7.7600 9.5000 39.9700 923.000000 0.000000 131.000000 55.000000
7.7700 9.5000 40.1500 920.000000 0.000000 131.000000 55.000000
7.7800 9.4200 40.3600 924.000000 0.000000 131.000000 55.000000
7.7900 9.4200 40.4400 923.000000 0.000000 131.000000 55.000000
7.8000 9.3600 40.5700 921.000000 0.000000 131.000000 55.000000
7.8100 9.3600 40.7300 924.000000 0.000000 131.000000 55.000000
7.8200 9.3600 40.9000 923.000000 0.000000 131.000000 55.000000
7.8300 9.3600 41.0600 918.000000 0.000000 131.000000 55.000000
7.8400 9.3600 41.2300 920.000000 0.000000 131.000000 55.000000
7.8500 9.3600 41.4000 921.000000 0.000000 131.000000 55.000000
7.8600 9.3600 41.5700 912.000000 0.000000 131.000000 55.000000
7.8700 9.3100 41.8500 920.000000 0.000000 131.000000 55.000000
7.8800 9.3100 42.1200 915.000000 0.000000 131.000000 55.000000
7.8900 9.3100 42.4300 915.000000 0.000000 131.000000 55.000000
7.9000 9.3100 42.7100 915.000000 0.000000 131.000000 55.000000
7.9100 9.3100 42.9400 914.000000 0.000000 131.000000 55.000000
7.9200 9.3100 43.2200 908.000000 0.000000 131.000000 55.000000
7.9300 9.3100 43.5500 903.000000 0.000000 131.000000 55.000000
7.9400 9.4200 43.8700 908.000000 0.000000 131.000000 55.000000
7.9500 9.5200 44.1600 909.000000 0.000000 131.000000 55.000000
7.9600 9.6600 44.6000 909.000000 0.000000 131.000000 55.000000
7.9700 9.9100 45.0100 900.000000 0.000000 131.000000 55.000000
7.9800 10.1900 45.3500 900.000000 0.000000 131.000000 55.000000
7.9900 10.4700 45.6800 888.000000 0.000000 131.000000 55.000000
8.0000 10.9700 46.0500 885.000000 0.000000 131.000000 55.000000
8.0100 11.5100 46.4600 879.000000 0.000000 132.000000 55.000000
8.0200 12.1200 46.7700 878.000000 0.000000 132.000000 55.000000
8.0300 12.7100 47.0600 866.000000 0.000000 134.000000 55.000000
8.0400 13.1900 47.3300 869.000000 0.000000 134.000000 55.000000
8.0500 13.6100 47.4600 866.000000 0.000000 134.000000 55.000000
8.0600 13.9900 47.5100 867.000000 0.000000 134.000000 55.000000
8.0700 14.2200 47.5100 863.000000 0.000000 134.000000 55.000000
8.0800 14.3400 47.5100 863.000000 0.000000 135.000000 55.000000
8.0900 14.4700 47.4600 860.000000 0.000000 135.000000 55.000000
8.1000 14.6100 47.2100 866.000000 0.000000 135.000000 55.000000
8.1100 14.7800 46.8600 866.000000 0.000000 135.000000 55.000000
8.1200 14.8700 46.4400 870.000000 0.000000 136.000000 56.000000
8.1300 14.9300 45.9000 864.000000 0.000000 136.000000 56.000000
8.1400 14.9900 45.2800 872.000000 0.000000 136.000000 56.000000
8.1500 14.9000 44.4700 866.000000 0.000000 136.000000 56.000000
8.1600 14.7100 43.6600 885.000000 0.000000 138.000000 57.000000
8.1700 14.5600 42.8400 878.000000 0.000000 138.000000 57.000000
8.1800 14.0400 41.9200 885.000000 0.000000 138.000000 57.000000
8.1900 13.2600 40.9900 881.000000 0.000000 138.000000 57.000000
8.2000 12.5900 40.0500 884.000000 0.000000 138.000000 57.000000
8.2100 11.9100 39.1300 884.000000 0.000000 138.000000 57.000000
8.2200 11.1300 38.2200 884.000000 0.000000 138.000000 57.000000
8.2300 10.2800 37.3200 884.000000 0.000000 136.000000 56.000000
8.2400 9.5900 36.7200 896.000000 0.000000 136.000000 56.000000
8.2500 9.0400 36.3100 900.000000 0.000000 135.000000 57.000000
8.2600 8.5700 36.0200 906.000000 0.000000 135.000000 57.000000
8.2700 8.0700 35.8800 897.000000 0.000000 135.000000 57.000000
8.2800 7.5900 35.8800 899.000000 0.000000 135.000000 57.000000
8.2900 7.1700 35.8800 891.000000 0.000000 134.000000 57.000000
8.3000 6.8100 36.0800 888.000000 0.000000 134.000000 57.000000
8.3100 6.5100 36.3600 873.000000 0.000000 134.000000 57.000000
8.3200 6.2900 36.7700 876.000000 0.000000 134.000000 57.000000
8.3300 6.1200 37.2600 872.000000 0.000000 134.000000 57.000000
8.3400 6.2100 37.8000 873.000000 0.000000 134.000000 57.000000
8.3500 6.4600 38.2000 879.000000 0.000000 134.000000 57.000000
8.3600 7.1000 38.5800 900.000000 0.000000 134.000000 57.000000
8.3700 8.2400 38.9600 917.000000 0.000000 134.000000 57.000000
8.3800 9.7000 39.3300 942.000000 0.000000 135.000000 58.000000
8.3900 12.1000 39.7200 937.000000 0.000000 135.000000 58.000000
8.4000 14.9200 40.1200 971.000000 0.000000 135.000000 58.000000
8.4100 18.0300 40.3400 988.000000 0.000000 136.000000 58.000000
8.4200 20.9400 40.6000 991.000000 0.000000 136.000000 58.000000
8.4300 23.9100 40.8800 1015.000000 0.000000 138.000000 59.000000
8.4400 26.9100 40.9600 1023.000000 0.000000 138.000000 59.000000
8.4500 29.0600 41.0100 1023.000000 0.000000 139.000000 58.000000
8.4600 30.7000 41.1400 1023.000000 0.000000 141.000000 59.000000
8.4700 32.0000 41.3400 1023.000000 0.000000 141.000000 59.000000
8.4800 32.8100 41.3900 1023.000000 0.000000 143.000000 59.000000
8.4900 33.2500 41.4400 1023.000000 0.000000 143.000000 59.000000
8.5000 33.4400 41.4400 1023.000000 0.000000 145.000000 59.000000
8.5100 33.5000 41.4400 1023.000000 0.000000 146.000000 58.000000
8.5200 33.7600 41.4400 1023.000000 0.000000 147.000000 59.000000
8.5300 34.1500 41.3600 1023.000000 0.000000 149.000000 59.000000
8.5400 34.3000 41.2800 1023.000000 0.000000 151.000000 60.000000
8.5500 34.4700 41.2100 1023.000000 0.000000 151.000000 60.000000
8.5600 34.6300 41.1200 1023.000000 0.000000 153.000000 59.000000
8.5700 34.6300 41.1200 1023.000000 0.000000 153.000000 59.000000
8.5800 34.6300 41.1200 1023.000000 0.000000 155.000000 60.000000
8.5900 34.6300 41.1200 1023.000000 0.000000 155.000000 60.000000
8.6000 34.6300 41.1200 1023.000000 0.000000 155.000000 60.000000
8.6100 34.6300 41.0700 1023.000000 0.000000 157.000000 60.000000
8.6200 34.6300 41.0700 1023.000000 0.000000 157.000000 60.000000
8.6300 34.6300 41.0700 1023.000000 0.000000 157.000000 60.000000
8.6400 34.6300 41.0700 1023.000000 0.000000 157.000000 60.000000
8.6500 34.6300 41.0700 1023.000000 0.000000 157.000000 60.000000
8.6600 34.6300 41.0700 1023.000000 0.000000 157.000000 59.000000
8.6700 34.5700 41.0700 979.000000 0.000000 157.000000 59.000000
8.6800 34.5700 41.0700 827.000000 0.000000 157.000000 59.000000
8.6900 34.4100 41.0700 505.000000 0.000000 157.000000 59.000000
