0.0000 48.1100 81.5300 61.000000 1.000000 140.000000 67.000000
0.0100 48.0600 81.9600 109.000000 0.000000 142.000000 68.000000
0.0200 47.9900 81.9600 148.000000 0.000000 144.000000 67.000000
0.0300 47.9900 81.9600 210.000000 0.000000 144.000000 67.000000
0.0400 47.9900 81.9600 241.000000 0.000000 144.000000 67.000000
0.0500 47.9900 81.8100 260.000000 0.000000 144.000000 67.000000
0.0600 48.0900 81.4800 270.000000 0.000000 144.000000 67.000000
0.0700 48.1900 81.0300 280.000000 0.000000 144.000000 67.000000
0.0800 48.2900 80.5800 274.000000 0.000000 146.000000 67.000000
0.0900 48.4000 80.1200 282.000000 0.000000 146.000000 67.000000
0.1000 48.4800 79.7400 284.000000 0.000000 145.000000 68.000000
0.1100 48.5300 79.4200 284.000000 0.000000 145.000000 68.000000
0.1200 48.5300 79.2000 282.000000 0.000000 145.000000 68.000000
0.1300 48.4600 79.1500 299.000000 0.000000 145.000000 68.000000
0.1400 48.4600 79.2100 314.000000 0.000000 145.000000 68.000000
0.1500 48.3800 79.3000 334.000000 0.000000 145.000000 68.000000
0.1600 48.2800 79.5600 343.000000 0.000000 145.000000 68.000000
0.1700 48.1500 79.9300 369.000000 0.000000 145.000000 68.000000
0.1800 48.1500 80.4200 366.000000 0.000000 145.000000 68.000000
0.1900 48.1500 81.0300 376.000000 0.000000 145.000000 68.000000
0.2000 48.2200 81.7100 384.000000 0.000000 146.000000 67.000000
0.2100 48.3600 82.1100 391.000000 0.000000 146.000000 67.000000
0.2200 48.6700 82.4600 396.000000 0.000000 146.000000 67.000000
0.2300 49.1000 82.7700 394.000000 0.000000 146.000000 67.000000
0.2400 49.4500 82.8600 396.000000 0.000000 146.000000 67.000000
0.2500 49.7900 82.6900 376.000000 0.000000 148.000000 67.000000
0.2600 50.1100 82.3500 343.000000 0.000000 148.000000 67.000000
0.2700 50.1600 81.7300 315.000000 0.000000 148.000000 67.000000
0.2800 50.0600 81.0800 299.000000 0.000000 148.000000 67.000000
0.2900 49.8600 80.4100 291.000000 0.000000 148.000000 67.000000
0.3000 49.5000 79.9000 297.000000 0.000000 148.000000 67.000000
0.3100 49.1100 79.4900 299.000000 0.000000 146.000000 67.000000
0.3200 48.7000 79.1800 294.000000 0.000000 146.000000 67.000000
0.3300 48.3600 79.0100 242.000000 0.000000 146.000000 67.000000
0.3400 48.1600 78.9400 172.000000 0.000000 146.000000 67.000000
0.3500 48.1600 78.9400 0.000000 1.000000 146.000000 67.000000
0.3600 48.0500 79.0500 0.000000 0.000000 148.000000 67.000000
0.3700 48.1500 79.1900 0.000000 0.000000 148.000000 67.000000
0.3800 48.3500 79.3000 0.000000 0.000000 148.000000 67.000000
0.3900 48.6700 79.4000 0.000000 0.000000 148.000000 67.000000
0.4000 49.0000 79.4000 0.000000 0.000000 148.000000 67.000000
0.4100 49.3400 79.4600 0.000000 0.000000 146.000000 67.000000
0.4200 49.6700 79.4600 0.000000 0.000000 142.000000 68.000000
0.4300 49.9500 79.4600 0.000000 0.000000 141.000000 68.000000
0.4400 50.2000 79.5300 0.000000 0.000000 139.000000 69.000000
0.4500 50.4200 79.5300 0.000000 0.000000 135.000000 69.000000
0.4600 50.5400 79.6100 0.000000 0.000000 133.000000 70.000000
0.4700 50.5400 79.6800 0.000000 0.000000 133.000000 70.000000
0.4800 50.6400 79.7600 0.000000 0.000000 133.000000 70.000000
0.4900 50.7000 79.8500 0.000000 0.000000 133.000000 70.000000
0.5000 50.7000 79.9900 0.000000 0.000000 135.000000 71.000000
0.5100 50.7000 80.1700 0.000000 0.000000 135.000000 71.000000
0.5200 50.7000 80.1700 65.000000 1.000000 137.000000 70.000000
0.5300 50.5800 80.5000 107.000000 0.000000 137.000000 70.000000
0.5400 50.4200 80.5900 170.000000 0.000000 141.000000 70.000000
0.5500 50.2600 80.5900 237.000000 0.000000 141.000000 70.000000
0.5600 50.0600 80.4500 241.000000 0.000000 141.000000 70.000000
0.5700 49.8400 80.2400 270.000000 0.000000 143.000000 69.000000
0.5800 49.7000 79.9600 277.000000 0.000000 143.000000 69.000000
0.5900 49.5900 79.7100 274.000000 0.000000 143.000000 69.000000
0.6000 49.5900 79.4800 269.000000 0.000000 143.000000 69.000000
0.6100 49.5900 79.3700 257.000000 0.000000 143.000000 69.000000
0.6200 49.7700 79.3700 250.000000 0.000000 143.000000 69.000000
0.6300 49.9900 79.3700 247.000000 0.000000 143.000000 69.000000
0.6400 50.2600 79.5600 247.000000 0.000000 143.000000 69.000000
0.6500 50.5100 79.7700 252.000000 0.000000 143.000000 69.000000
0.6600 50.7200 80.0000 257.000000 0.000000 143.000000 69.000000
0.6700 50.9100 80.0600 277.000000 0.000000 143.000000 69.000000
0.6800 51.0400 80.0600 280.000000 0.000000 143.000000 69.000000
0.6900 51.1800 79.9800 287.000000 0.000000 143.000000 69.000000
0.7000 51.2700 79.8200 254.000000 0.000000 143.000000 69.000000
0.7100 51.3200 79.6600 119.000000 0.000000 143.000000 69.000000
0.7200 51.3200 79.6600 0.000000 1.000000 143.000000 69.000000
0.7300 51.5000 79.3600 0.000000 0.000000 143.000000 69.000000
0.7400 51.5900 79.2800 0.000000 0.000000 143.000000 69.000000
0.7500 51.6600 79.2800 0.000000 0.000000 141.000000 70.000000
0.7600 51.7100 79.3300 0.000000 0.000000 141.000000 70.000000
0.7700 51.7100 79.4200 0.000000 0.000000 141.000000 70.000000
0.7800 51.8100 79.6200 0.000000 0.000000 141.000000 70.000000
0.7900 51.8900 79.9100 0.000000 0.000000 141.000000 70.000000
0.8000 51.9600 80.2700 0.000000 0.000000 139.000000 69.000000
0.8100 52.0200 80.4900 0.000000 0.000000 139.000000 69.000000
0.8200 52.0200 80.4900 149.000000 1.000000 139.000000 69.000000
0.8300 52.0200 80.4900 260.000000 0.000000 139.000000 69.000000
0.8400 52.0200 80.4900 341.000000 0.000000 141.000000 70.000000
0.8500 52.0200 80.4900 396.000000 0.000000 143.000000 69.000000
0.8600 52.0200 80.4900 415.000000 0.000000 143.000000 69.000000
0.8700 52.2100 80.0200 423.000000 0.000000 143.000000 69.000000
0.8800 52.3600 79.8000 422.000000 0.000000 143.000000 69.000000
0.8900 52.5700 79.7100 418.000000 0.000000 143.000000 69.000000
0.9000 52.7900 79.7100 423.000000 0.000000 143.000000 69.000000
0.9100 52.9900 79.7600 427.000000 0.000000 143.000000 69.000000
0.9200 53.1200 79.9100 428.000000 0.000000 143.000000 69.000000
0.9300 53.2200 80.1400 418.000000 0.000000 143.000000 69.000000
0.9400 53.2200 80.3300 379.000000 0.000000 143.000000 69.000000
0.9500 53.2200 80.5300 181.000000 0.000000 143.000000 69.000000
0.9600 53.2200 80.5300 0.000000 1.000000 143.000000 69.000000
0.9700 53.1400 80.8600 0.000000 0.000000 143.000000 69.000000
0.9800 53.1400 80.8600 0.000000 0.000000 143.000000 69.000000
0.9900 53.1400 80.8600 0.000000 0.000000 143.000000 69.000000
1.0000 53.2300 80.8600 0.000000 0.000000 143.000000 69.000000
1.0100 53.4300 80.8600 0.000000 0.000000 145.000000 68.000000
1.0200 53.7000 80.8600 0.000000 0.000000 145.000000 68.000000
1.0300 53.9000 80.8600 0.000000 0.000000 145.000000 68.000000
1.0400 53.9000 80.8600 188.000000 1.000000 145.000000 68.000000
1.0500 54.1600 80.7300 335.000000 0.000000 145.000000 68.000000
1.0600 54.2200 80.6400 453.000000 0.000000 143.000000 69.000000
1.0700 54.2800 80.5200 502.000000 0.000000 143.000000 69.000000
1.0800 54.3300 80.3900 514.000000 0.000000 143.000000 69.000000
1.0900 54.3300 80.2300 512.000000 0.000000 143.000000 69.000000
1.1000 54.3300 80.0800 474.000000 0.000000 143.000000 69.000000
1.1100 54.3800 79.9500 340.000000 0.000000 143.000000 69.000000
1.1200 54.4300 79.8400 68.000000 0.000000 141.000000 70.000000
1.1300 54.4300 79.8400 0.000000 1.000000 143.000000 70.000000
1.1400 54.6700 79.7700 0.000000 0.000000 143.000000 70.000000
1.1500 54.8900 79.7700 0.000000 0.000000 143.000000 70.000000
1.1600 55.1600 79.8300 0.000000 0.000000 143.000000 70.000000
1.1700 55.4200 79.8300 0.000000 0.000000 143.000000 70.000000
1.1800 55.6800 79.9100 0.000000 0.000000 143.000000 70.000000
1.1900 55.8400 80.0000 0.000000 0.000000 146.000000 71.000000
1.2000 55.9300 80.1300 0.000000 0.000000 146.000000 71.000000
1.2100 55.9300 80.1300 139.000000 1.000000 146.000000 71.000000
1.2200 55.7300 80.4200 247.000000 0.000000 146.000000 71.000000
1.2300 55.5000 80.4900 339.000000 0.000000 146.000000 71.000000
1.2400 55.2200 80.4900 409.000000 0.000000 146.000000 71.000000
1.2500 54.9800 80.3800 456.000000 0.000000 148.000000 70.000000
1.2600 54.7900 80.2000 467.000000 0.000000 148.000000 70.000000
1.2700 54.6500 79.9700 475.000000 0.000000 148.000000 70.000000
1.2800 54.6500 79.7600 475.000000 0.000000 148.000000 70.000000
1.2900 54.7800 79.5800 474.000000 0.000000 145.000000 70.000000
1.3000 54.9900 79.4700 460.000000 0.000000 145.000000 70.000000
1.3100 55.2400 79.4200 456.000000 0.000000 143.000000 70.000000
1.3200 55.5600 79.5700 453.000000 0.000000 143.000000 70.000000
1.3300 55.9300 79.8500 465.000000 0.000000 146.000000 71.000000
1.3400 56.2000 80.2200 474.000000 0.000000 146.000000 71.000000
1.3500 56.4000 80.6700 465.000000 0.000000 146.000000 71.000000
1.3600 56.5300 81.1900 467.000000 0.000000 146.000000 71.000000
1.3700 56.5300 81.7700 473.000000 0.000000 150.000000 71.000000
1.3800 56.3700 82.4800 464.000000 0.000000 150.000000 71.000000
1.3900 56.1700 83.1500 491.000000 0.000000 152.000000 70.000000
1.4000 56.0000 83.4600 524.000000 0.000000 152.000000 70.000000
1.4100 55.8800 83.5600 540.000000 0.000000 153.000000 69.000000
1.4200 55.7900 83.4800 554.000000 0.000000 154.000000 68.000000
1.4300 55.7000 83.1000 563.000000 0.000000 154.000000 68.000000
1.4400 55.6000 82.5300 546.000000 0.000000 152.000000 68.000000
1.4500 55.7900 80.2400 369.000000 0.000000 152.000000 68.000000
1.4600 56.1600 79.2800 1.000000 1.000000 152.000000 68.000000
1.4700 56.1600 79.2800 0.000000 0.000000 151.000000 68.000000
1.4800 56.4400 78.9600 0.000000 0.000000 151.000000 68.000000
1.4900 56.6500 78.8200 0.000000 0.000000 153.000000 69.000000
1.5000 56.9000 78.7700 0.000000 0.000000 153.000000 69.000000
1.5100 57.2200 78.8400 0.000000 0.000000 153.000000 69.000000
1.5200 57.6200 78.9500 0.000000 0.000000 155.000000 69.000000
1.5300 58.0600 79.1000 0.000000 0.000000 156.000000 68.000000
1.5400 58.4900 79.1700 0.000000 0.000000 156.000000 68.000000
1.5500 58.8700 79.2400 0.000000 0.000000 158.000000 67.000000
1.5600 59.2400 79.2900 0.000000 0.000000 155.000000 67.000000
1.5700 59.4400 79.3500 0.000000 0.000000 155.000000 67.000000
1.5800 59.5400 79.4800 0.000000 0.000000 152.000000 68.000000
1.5900 59.5400 79.6600 0.000000 0.000000 152.000000 68.000000
1.6000 59.4500 79.8500 0.000000 0.000000 148.000000 68.000000
1.6100 59.4500 79.8500 137.000000 1.000000 147.000000 69.000000
1.6200 59.1300 80.2600 225.000000 0.000000 145.000000 70.000000
1.6300 58.9200 80.2600 292.000000 0.000000 143.000000 70.000000
1.6400 58.7300 80.2100 314.000000 0.000000 146.000000 71.000000
1.6500 58.5700 80.0100 339.000000 0.000000 146.000000 71.000000
1.6600 58.4800 79.7200 339.000000 0.000000 148.000000 71.000000
1.6700 58.4800 79.4900 364.000000 0.000000 148.000000 71.000000
1.6800 58.5500 79.2600 361.000000 0.000000 148.000000 71.000000
1.6900 58.7000 79.1400 369.000000 0.000000 148.000000 71.000000
1.7000 58.9400 79.0900 376.000000 0.000000 150.000000 71.000000
1.7100 59.1800 79.1800 399.000000 0.000000 150.000000 71.000000
1.7200 59.4000 79.3700 420.000000 0.000000 148.000000 70.000000
1.7300 59.6100 79.6400 446.000000 0.000000 152.000000 70.000000
1.7400 59.7700 80.0500 448.000000 0.000000 152.000000 70.000000
1.7500 59.9000 80.6400 442.000000 0.000000 152.000000 70.000000
1.7600 59.9800 81.3500 440.000000 0.000000 152.000000 70.000000
1.7700 59.9800 82.1300 441.000000 0.000000 152.000000 70.000000
1.7800 59.9800 82.8900 450.000000 0.000000 152.000000 70.000000
1.7900 59.8900 83.2700 477.000000 0.000000 152.000000 70.000000
1.8000 59.8200 83.4000 512.000000 0.000000 152.000000 70.000000
1.8100 59.7700 83.4000 537.000000 0.000000 153.000000 69.000000
1.8200 59.6900 83.1300 537.000000 0.000000 153.000000 69.000000
1.8300 59.6000 82.6800 536.000000 0.000000 154.000000 68.000000
1.8400 59.6000 82.0300 543.000000 0.000000 154.000000 68.000000
1.8500 59.5500 81.3800 526.000000 0.000000 154.000000 68.000000
1.8600 59.6000 80.7200 469.000000 0.000000 154.000000 68.000000
1.8700 59.7500 80.1500 367.000000 0.000000 154.000000 68.000000
1.8800 59.9600 79.7300 265.000000 0.000000 153.000000 69.000000
1.8900 60.1900 79.4100 170.000000 0.000000 153.000000 69.000000
1.9000 60.4300 79.2600 131.000000 0.000000 152.000000 70.000000
1.9100 60.7000 79.2600 110.000000 0.000000 150.000000 71.000000
1.9200 60.9900 79.4300 108.000000 0.000000 150.000000 71.000000
1.9300 61.2000 79.6600 137.000000 0.000000 148.000000 71.000000
1.9400 61.3600 79.9300 180.000000 0.000000 148.000000 71.000000
1.9500 61.4100 80.2300 270.000000 0.000000 148.000000 71.000000
1.9600 61.3400 80.2800 339.000000 0.000000 148.000000 71.000000
1.9700 61.1800 80.2800 393.000000 0.000000 148.000000 71.000000
1.9800 60.9100 80.1700 441.000000 0.000000 148.000000 71.000000
1.9900 60.6900 79.9800 440.000000 0.000000 148.000000 71.000000
2.0000 60.5700 79.7200 450.000000 0.000000 148.000000 71.000000
2.0100 60.5700 79.4900 447.000000 0.000000 150.000000 71.000000
2.0200 60.6800 79.2700 415.000000 0.000000 150.000000 71.000000
2.0300 60.8700 79.1400 279.000000 0.000000 150.000000 71.000000
2.0400 61.1300 79.1400 32.000000 0.000000 150.000000 71.000000
2.0500 61.1300 79.1400 0.000000 1.000000 152.000000 70.000000
2.0600 61.8700 79.2000 0.000000 0.000000 152.000000 70.000000
2.0700 62.2300 79.3100 0.000000 0.000000 152.000000 70.000000
2.0800 62.5800 79.4300 0.000000 0.000000 152.000000 70.000000
2.0900 62.9600 79.6500 0.000000 0.000000 152.000000 70.000000
2.1000 63.3200 79.9300 0.000000 0.000000 150.000000 71.000000
2.1100 63.6000 80.2600 0.000000 0.000000 150.000000 71.000000
2.1200 63.8500 80.6800 0.000000 0.000000 150.000000 71.000000
2.1300 64.0200 81.1000 0.000000 0.000000 146.000000 71.000000
2.1400 64.1200 81.4900 0.000000 0.000000 146.000000 71.000000
2.1500 64.1200 81.8700 0.000000 0.000000 146.000000 71.000000
2.1600 64.1800 82.3300 0.000000 0.000000 146.000000 71.000000
2.1700 64.1800 82.3300 41.000000 1.000000 148.000000 70.000000
2.1800 64.2500 83.2700 151.000000 0.000000 149.000000 69.000000
2.1900 64.0700 83.4900 285.000000 0.000000 149.000000 69.000000
2.2000 63.9900 83.5700 376.000000 0.000000 151.000000 68.000000
2.2100 63.9900 83.4900 435.000000 0.000000 151.000000 68.000000
2.2200 63.8500 83.0800 483.000000 0.000000 151.000000 68.000000
2.2300 63.6900 82.4500 499.000000 0.000000 152.000000 68.000000
2.2400 63.5100 81.6300 514.000000 0.000000 152.000000 68.000000
2.2500 63.4300 80.8000 515.000000 0.000000 151.000000 68.000000
2.2600 63.4300 80.1400 504.000000 0.000000 151.000000 68.000000
2.2700 63.4800 79.5900 486.000000 0.000000 151.000000 68.000000
2.2800 63.6300 79.2200 435.000000 0.000000 149.000000 69.000000
2.2900 63.8300 79.0100 379.000000 0.000000 149.000000 69.000000
2.3000 64.0600 78.9000 369.000000 0.000000 149.000000 69.000000
2.3100 64.2900 78.9700 345.000000 0.000000 149.000000 69.000000
2.3200 64.5600 79.1500 339.000000 0.000000 149.000000 69.000000
2.3300 64.8400 79.4100 333.000000 0.000000 149.000000 69.000000
2.3400 65.1000 79.6200 353.000000 0.000000 149.000000 69.000000
2.3500 65.2100 79.8000 361.000000 0.000000 149.000000 69.000000
2.3600 65.2100 79.9300 397.000000 0.000000 149.000000 69.000000
2.3700 65.2100 79.9800 422.000000 0.000000 148.000000 70.000000
2.3800 65.0500 79.9800 461.000000 0.000000 148.000000 70.000000
2.3900 64.8700 79.9800 468.000000 0.000000 148.000000 70.000000
2.4000 64.6800 79.8800 483.000000 0.000000 146.000000 71.000000
2.4100 64.5400 79.7200 496.000000 0.000000 146.000000 71.000000
2.4200 64.4400 79.4900 494.000000 0.000000 146.000000 71.000000
2.4300 64.4400 79.3600 501.000000 0.000000 146.000000 71.000000
2.4400 64.4400 79.2800 502.000000 0.000000 146.000000 71.000000
2.4500 64.5800 79.2300 505.000000 0.000000 146.000000 71.000000
2.4600 64.7600 79.2300 504.000000 0.000000 146.000000 71.000000
2.4700 64.9900 79.3500 499.000000 0.000000 146.000000 71.000000
2.4800 65.2400 79.4800 494.000000 0.000000 146.000000 71.000000
2.4900 65.5200 79.5600 492.000000 0.000000 146.000000 71.000000
2.5000 65.7600 79.6100 492.000000 0.000000 146.000000 71.000000
2.5100 65.9600 79.6100 491.000000 0.000000 146.000000 71.000000
2.5200 66.1400 79.5500 464.000000 0.000000 146.000000 71.000000
2.5300 66.3300 79.4900 366.000000 0.000000 146.000000 71.000000
2.5400 66.5500 79.4200 190.000000 0.000000 148.000000 71.000000
2.5500 66.5500 79.4200 0.000000 1.000000 148.000000 71.000000
2.5600 66.8900 79.2600 0.000000 0.000000 148.000000 71.000000
2.5700 67.0200 79.1900 0.000000 0.000000 151.000000 72.000000
2.5800 67.1400 79.1900 0.000000 0.000000 151.000000 72.000000
2.5900 67.2800 79.1300 0.000000 0.000000 151.000000 72.000000
2.6000 67.4200 79.1300 0.000000 0.000000 154.000000 72.000000
2.6100 67.5800 79.1300 0.000000 0.000000 155.000000 71.000000
2.6200 67.7200 79.1300 0.000000 0.000000 159.000000 71.000000
2.6300 67.8600 79.1300 0.000000 0.000000 163.000000 70.000000
2.6400 68.1100 79.2200 0.000000 0.000000 163.000000 70.000000
2.6500 68.3300 79.4100 0.000000 0.000000 166.000000 70.000000
2.6600 68.5200 79.6900 0.000000 0.000000 166.000000 70.000000
2.6700 68.7400 80.1400 0.000000 0.000000 163.000000 70.000000
2.6800 68.9200 80.7200 0.000000 0.000000 162.000000 71.000000
2.6900 68.9700 81.4000 0.000000 0.000000 159.000000 71.000000
2.7000 68.9700 82.0700 0.000000 0.000000 155.000000 71.000000
2.7100 68.8800 82.6500 0.000000 0.000000 153.000000 71.000000
2.7200 68.8800 82.6500 214.000000 1.000000 151.000000 72.000000
2.7300 68.7100 83.4000 291.000000 0.000000 150.000000 71.000000
2.7400 68.6600 83.5200 387.000000 0.000000 150.000000 71.000000
2.7500 68.6600 83.5200 485.000000 0.000000 152.000000 70.000000
2.7600 68.6100 83.3400 536.000000 0.000000 154.000000 70.000000
2.7700 68.5600 82.8200 578.000000 0.000000 155.000000 69.000000
2.7800 68.5600 82.0700 608.000000 0.000000 155.000000 69.000000
2.7900 68.5000 81.2100 616.000000 0.000000 155.000000 69.000000
2.8000 68.5000 80.3500 605.000000 0.000000 154.000000 70.000000
2.8100 68.5000 79.6700 536.000000 0.000000 154.000000 70.000000
2.8200 68.5800 79.1300 431.000000 0.000000 154.000000 70.000000
2.8300 68.6900 78.8100 305.000000 0.000000 157.000000 71.000000
2.8400 68.6200 78.6600 71.000000 0.000000 157.000000 71.000000
2.8500 68.6200 78.6600 0.000000 1.000000 157.000000 71.000000
2.8600 68.1500 78.7700 0.000000 0.000000 157.000000 71.000000
2.8700 67.8900 79.0900 0.000000 0.000000 157.000000 71.000000
2.8800 67.6400 79.5200 0.000000 0.000000 157.000000 71.000000
2.8900 67.4100 80.0300 0.000000 0.000000 157.000000 71.000000
2.9000 67.4100 80.0300 127.000000 1.000000 157.000000 71.000000
2.9100 67.2400 81.2900 218.000000 0.000000 159.000000 71.000000
2.9200 67.4300 81.7000 286.000000 0.000000 159.000000 71.000000
2.9300 67.8000 82.0800 341.000000 0.000000 159.000000 71.000000
2.9400 68.2000 82.3900 397.000000 0.000000 159.000000 71.000000
2.9500 68.6500 82.6000 413.000000 0.000000 159.000000 71.000000
2.9600 69.1400 82.7300 396.000000 0.000000 159.000000 71.000000
2.9700 69.6600 82.8000 287.000000 0.000000 159.000000 71.000000
2.9800 70.1500 82.8000 60.000000 0.000000 159.000000 71.000000
2.9900 70.1500 82.8000 0.000000 1.000000 160.000000 70.000000
3.0000 70.8500 82.4300 0.000000 0.000000 160.000000 70.000000
3.0100 70.9400 82.1200 0.000000 0.000000 160.000000 70.000000
3.0200 70.9400 81.8200 0.000000 0.000000 159.000000 71.000000
3.0300 70.8800 81.5500 0.000000 0.000000 157.000000 71.000000
3.0400 70.8800 81.3100 0.000000 0.000000 157.000000 71.000000
3.0500 70.7900 81.1000 0.000000 0.000000 155.000000 71.000000
3.0600 70.7000 80.9600 0.000000 0.000000 155.000000 71.000000
3.0700 70.7000 80.9600 195.000000 1.000000 154.000000 72.000000
3.0800 70.3500 80.8100 274.000000 0.000000 154.000000 72.000000
3.0900 70.1400 80.7200 354.000000 0.000000 154.000000 72.000000
3.1000 69.9800 80.5500 440.000000 0.000000 154.000000 72.000000
3.1100 69.8400 80.3800 480.000000 0.000000 154.000000 72.000000
3.1200 69.8400 80.2200 501.000000 0.000000 154.000000 72.000000
3.1300 69.8400 80.0300 516.000000 0.000000 154.000000 72.000000
3.1400 70.0000 79.8500 529.000000 0.000000 154.000000 72.000000
3.1500 70.1600 79.6700 540.000000 0.000000 154.000000 72.000000
3.1600 70.3700 79.5700 546.000000 0.000000 154.000000 72.000000
3.1700 70.6200 79.5700 546.000000 0.000000 154.000000 72.000000
3.1800 70.8800 79.5700 551.000000 0.000000 154.000000 72.000000
3.1900 71.0500 79.7300 559.000000 0.000000 154.000000 72.000000
3.2000 71.1700 79.9100 540.000000 0.000000 152.000000 73.000000
3.2100 71.2900 80.1900 510.000000 0.000000 152.000000 73.000000
3.2200 71.2900 80.5100 436.000000 0.000000 152.000000 73.000000
3.2300 71.1100 80.8700 316.000000 0.000000 152.000000 73.000000
3.2400 70.9500 81.0100 85.000000 0.000000 154.000000 72.000000
3.2500 70.9500 81.0100 0.000000 1.000000 154.000000 72.000000
3.2600 70.6900 81.1000 0.000000 0.000000 154.000000 72.000000
3.2700 70.6100 81.1000 0.000000 0.000000 154.000000 72.000000
3.2800 70.6100 81.1000 0.000000 0.000000 154.000000 72.000000
3.2900 70.7400 80.9600 0.000000 0.000000 154.000000 72.000000
3.3000 70.9200 80.8300 0.000000 0.000000 154.000000 72.000000
3.3100 71.1400 80.6900 0.000000 0.000000 152.000000 73.000000
3.3200 71.3800 80.6300 0.000000 0.000000 152.000000 73.000000
3.3300 71.6600 80.6300 0.000000 0.000000 152.000000 73.000000
3.3400 71.8800 80.6300 0.000000 0.000000 152.000000 73.000000
3.3500 71.8800 80.6300 90.000000 1.000000 149.000000 73.000000
3.3600 72.2000 80.4900 311.000000 0.000000 152.000000 73.000000
3.3700 72.2600 80.4200 373.000000 0.000000 152.000000 73.000000
3.3800 72.2600 80.3000 458.000000 0.000000 152.000000 73.000000
3.3900 72.2600 80.1300 540.000000 0.000000 152.000000 73.000000
3.4000 72.2600 79.9200 581.000000 0.000000 152.000000 73.000000
3.4100 72.3300 79.7100 595.000000 0.000000 152.000000 73.000000
3.4200 72.3300 79.4900 602.000000 0.000000 152.000000 73.000000
3.4300 72.3300 79.3500 611.000000 0.000000 152.000000 73.000000
3.4400 72.3800 79.2500 616.000000 0.000000 152.000000 73.000000
3.4500 72.3800 79.2500 610.000000 0.000000 152.000000 73.000000
3.4600 72.3800 79.2500 616.000000 0.000000 152.000000 73.000000
3.4700 72.3800 79.3100 617.000000 0.000000 152.000000 73.000000
3.4800 72.3800 79.4500 616.000000 0.000000 152.000000 73.000000
3.4900 72.3800 79.7100 617.000000 0.000000 152.000000 73.000000
3.5000 72.3800 80.0500 614.000000 0.000000 152.000000 73.000000
3.5100 72.4400 80.3700 614.000000 0.000000 152.000000 73.000000
3.5200 72.5200 80.6900 578.000000 0.000000 155.000000 74.000000
3.5300 72.6300 80.9700 527.000000 0.000000 155.000000 74.000000
3.5400 72.7400 81.1000 418.000000 0.000000 155.000000 74.000000
3.5500 72.8600 81.1000 279.000000 0.000000 155.000000 74.000000
3.5600 73.0200 81.1800 134.000000 0.000000 157.000000 73.000000
3.5700 73.2100 81.1800 56.000000 0.000000 157.000000 73.000000
3.5800 73.4400 81.0900 51.000000 0.000000 157.000000 73.000000
3.5900 73.6200 80.9800 108.000000 0.000000 157.000000 73.000000
3.6000 73.7600 80.8200 200.000000 0.000000 157.000000 73.000000
3.6100 73.8600 80.6300 296.000000 0.000000 157.000000 73.000000
3.6200 73.8600 80.4500 368.000000 0.000000 157.000000 73.000000
3.6300 73.8600 80.2800 440.000000 0.000000 155.000000 74.000000
3.6400 73.7700 80.1400 495.000000 0.000000 155.000000 74.000000
3.6500 73.7700 80.0300 520.000000 0.000000 155.000000 74.000000
3.6600 73.7700 79.9500 536.000000 0.000000 155.000000 74.000000
3.6700 73.7700 79.8400 548.000000 0.000000 155.000000 74.000000
3.6800 73.7700 79.7100 562.000000 0.000000 155.000000 74.000000
3.6900 73.7700 79.5500 586.000000 0.000000 155.000000 74.000000
3.7000 73.7700 79.4700 591.000000 0.000000 155.000000 74.000000
3.7100 73.7700 79.4700 606.000000 0.000000 154.000000 74.000000
3.7200 73.7700 79.4100 620.000000 0.000000 154.000000 74.000000
3.7300 73.7700 79.4100 638.000000 0.000000 154.000000 74.000000
3.7400 73.7700 79.4100 664.000000 0.000000 154.000000 74.000000
3.7500 73.7700 79.4900 682.000000 0.000000 154.000000 74.000000
3.7600 73.7700 79.6400 687.000000 0.000000 154.000000 74.000000
3.7700 73.8200 79.8500 688.000000 0.000000 154.000000 74.000000
3.7800 73.8200 80.0700 696.000000 0.000000 154.000000 74.000000
3.7900 73.8700 80.2900 682.000000 0.000000 154.000000 74.000000
3.8000 73.9300 80.5000 675.000000 0.000000 154.000000 74.000000
3.8100 74.0400 80.6600 646.000000 0.000000 155.000000 74.000000
3.8200 74.2100 80.7600 595.000000 0.000000 155.000000 74.000000
3.8300 74.4200 80.8200 519.000000 0.000000 155.000000 74.000000
3.8400 74.6300 80.8200 452.000000 0.000000 155.000000 74.000000
3.8500 74.6300 80.8200 400.000000 0.000000 155.000000 74.000000
3.8600 74.9800 80.7000 386.000000 0.000000 155.000000 74.000000
3.8700 75.1000 80.5700 376.000000 0.000000 155.000000 74.000000
3.8800 75.1000 80.4400 376.000000 0.000000 155.000000 74.000000
3.8900 75.1000 80.3000 371.000000 0.000000 155.000000 74.000000
3.9000 75.1800 80.2000 389.000000 0.000000 155.000000 74.000000
3.9100 75.1800 80.1300 415.000000 0.000000 155.000000 74.000000
3.9200 75.2600 80.1300 458.000000 0.000000 155.000000 74.000000
3.9300 75.3600 80.0700 502.000000 0.000000 155.000000 74.000000
3.9400 75.5000 80.1200 540.000000 0.000000 155.000000 74.000000
3.9500 75.6800 80.2100 564.000000 0.000000 155.000000 74.000000
3.9600 75.8800 80.3700 595.000000 0.000000 155.000000 74.000000
3.9700 76.0500 80.5300 595.000000 0.000000 155.000000 74.000000
3.9800 76.2000 80.6900 602.000000 0.000000 155.000000 74.000000
3.9900 76.2800 80.8800 605.000000 0.000000 155.000000 74.000000
4.0000 76.2800 81.0000 611.000000 0.000000 155.000000 74.000000
4.0100 76.1500 81.0700 608.000000 0.000000 155.000000 74.000000
4.0200 75.9800 81.0700 603.000000 0.000000 155.000000 74.000000
4.0300 75.7700 80.9000 608.000000 0.000000 155.000000 74.000000
4.0400 75.5400 80.6200 611.000000 0.000000 155.000000 74.000000
4.0500 75.3900 80.2800 620.000000 0.000000 155.000000 74.000000
4.0600 75.3900 79.9300 610.000000 0.000000 155.000000 74.000000
4.0700 75.5100 79.5300 614.000000 0.000000 155.000000 74.000000
4.0800 75.7900 79.1500 564.000000 0.000000 155.000000 74.000000
4.0900 76.1100 78.9300 361.000000 0.000000 159.000000 74.000000
4.1000 76.1100 78.9300 0.000000 1.000000 159.000000 74.000000
4.1100 76.8900 78.8100 0.000000 0.000000 159.000000 74.000000
4.1200 77.1900 78.9600 0.000000 0.000000 163.000000 73.000000
4.1300 77.2900 79.1400 0.000000 0.000000 163.000000 73.000000
4.1400 77.0900 79.4000 0.000000 0.000000 166.000000 74.000000
4.1500 76.6800 79.6500 0.000000 0.000000 165.000000 75.000000
4.1600 75.9400 79.9000 0.000000 0.000000 165.000000 75.000000
4.1700 74.7500 80.1600 0.000000 0.000000 164.000000 75.000000
4.1800 73.2600 80.4200 0.000000 0.000000 163.000000 76.000000
4.1900 71.6700 80.4200 0.000000 0.000000 158.000000 77.000000
4.2000 70.2000 80.3500 0.000000 0.000000 152.000000 78.000000
4.2100 68.9200 80.2700 0.000000 0.000000 145.000000 78.000000
4.2200 67.7100 80.2000 0.000000 0.000000 138.000000 78.000000
4.2300 66.7300 80.1300 0.000000 0.000000 138.000000 78.000000
4.2400 65.8900 80.2500 0.000000 0.000000 135.000000 77.000000
4.2500 65.0500 80.4900 0.000000 0.000000 135.000000 77.000000
4.2600 64.3900 81.0400 0.000000 0.000000 135.000000 77.000000
4.2700 63.8600 82.0100 0.000000 0.000000 138.000000 77.000000
4.2800 63.7400 83.2700 0.000000 0.000000 141.000000 76.000000
4.2900 64.2300 84.7000 0.000000 0.000000 146.000000 74.000000
4.3000 64.2300 84.7000 382.000000 1.000000 151.000000 74.000000
4.3100 66.0800 87.4500 466.000000 0.000000 154.000000 72.000000
4.3200 66.8500 87.9900 502.000000 0.000000 153.000000 71.000000
4.3300 67.4900 87.9900 578.000000 0.000000 157.000000 71.000000
4.3400 68.1700 87.8300 636.000000 0.000000 158.000000 70.000000
4.3500 68.4400 87.2300 733.000000 0.000000 158.000000 70.000000
4.3600 68.4400 86.3300 794.000000 0.000000 160.000000 70.000000
4.3700 67.7500 84.5700 790.000000 0.000000 160.000000 70.000000
4.3800 66.1600 82.4500 783.000000 0.000000 160.000000 70.000000
4.3900 63.9700 80.0800 779.000000 0.000000 160.000000 70.000000
4.4000 61.2900 78.3700 757.000000 0.000000 160.000000 70.000000
4.4100 58.5200 77.2500 708.000000 0.000000 160.000000 70.000000
4.4200 55.7000 76.5300 679.000000 0.000000 160.000000 70.000000
4.4300 53.2600 76.0500 693.000000 0.000000 157.000000 71.000000
4.4400 51.5900 76.0000 694.000000 0.000000 154.000000 70.000000
4.4500 50.4400 76.2500 678.000000 0.000000 152.000000 70.000000
4.4600 49.9100 77.2400 653.000000 0.000000 149.000000 69.000000
4.4700 50.0900 79.0400 627.000000 0.000000 149.000000 69.000000
4.4800 50.7500 81.3700 613.000000 0.000000 151.000000 68.000000
4.4900 52.4000 83.4200 617.000000 0.000000 148.000000 68.000000
4.5000 53.5100 84.2900 595.000000 0.000000 152.000000 68.000000
4.5100 54.2700 84.3800 588.000000 0.000000 152.000000 68.000000
4.5200 54.0900 84.2400 603.000000 0.000000 153.000000 67.000000
4.5300 53.1300 83.6500 617.000000 0.000000 153.000000 67.000000
4.5400 51.6400 82.7500 628.000000 0.000000 153.000000 67.000000
4.5500 49.6300 81.5400 644.000000 0.000000 154.000000 66.000000
4.5600 47.3200 80.0600 710.000000 0.000000 154.000000 66.000000
4.5700 44.8200 78.4100 733.000000 0.000000 153.000000 67.000000
4.5800 44.1700 77.6200 728.000000 0.000000 151.000000 66.000000
4.5900 44.4500 77.0300 724.000000 0.000000 149.000000 66.000000
4.6000 45.3600 76.5700 731.000000 0.000000 149.000000 66.000000
4.6100 47.7100 76.4800 760.000000 0.000000 149.000000 66.000000
4.6200 51.3100 76.6000 756.000000 0.000000 149.000000 66.000000
4.6300 55.7500 76.8600 713.000000 0.000000 149.000000 66.000000
4.6400 60.6800 76.7700 681.000000 0.000000 151.000000 66.000000
4.6500 65.1100 76.7700 691.000000 0.000000 152.000000 68.000000
4.6600 69.2100 76.9400 682.000000 0.000000 156.000000 68.000000
4.6700 72.3100 77.0200 673.000000 0.000000 161.000000 69.000000
4.6800 74.7600 77.2000 570.000000 0.000000 163.000000 70.000000
4.6900 76.7700 77.4600 448.000000 0.000000 169.000000 71.000000
4.7000 78.0400 77.6600 173.000000 0.000000 174.000000 71.000000
