0.0000 19.4600 24.3200 149.000000 1.000000 126.000000 56.000000
0.0100 19.7700 24.2500 186.000000 0.000000 126.000000 56.000000
0.0200 19.7700 24.4200 171.000000 0.000000 126.000000 57.000000
0.0300 19.7100 24.4200 186.000000 0.000000 126.000000 57.000000
0.0400 19.7100 24.4200 256.000000 0.000000 126.000000 58.000000
0.0500 19.7100 24.3600 291.000000 0.000000 126.000000 58.000000
0.0600 19.7100 24.3600 309.000000 0.000000 125.000000 59.000000
0.0700 19.7900 24.2400 340.000000 0.000000 125.000000 59.000000
0.0800 19.8400 24.1500 351.000000 0.000000 125.000000 59.000000
0.0900 19.8400 24.0600 369.000000 0.000000 125.000000 59.000000
0.1000 19.8400 24.0600 398.000000 0.000000 125.000000 59.000000
0.1100 19.8400 23.9800 404.000000 0.000000 125.000000 59.000000
0.1200 19.8400 23.9300 422.000000 0.000000 125.000000 59.000000
0.1300 19.7500 23.8700 414.000000 0.000000 125.000000 59.000000
0.1400 19.5800 23.8000 431.000000 0.000000 125.000000 59.000000
0.1500 19.3200 23.7100 440.000000 0.000000 125.000000 59.000000
0.1600 18.9300 23.7100 477.000000 0.000000 125.000000 59.000000
0.1700 18.4600 23.8000 507.000000 0.000000 127.000000 59.000000
0.1800 17.9100 23.9700 516.000000 0.000000 127.000000 59.000000
0.1900 17.3400 24.3000 537.000000 0.000000 127.000000 59.000000
0.2000 16.7600 24.7300 559.000000 0.000000 127.000000 59.000000
0.2100 16.2700 25.3200 561.000000 0.000000 127.000000 59.000000
0.2200 15.7800 26.1000 561.000000 0.000000 127.000000 59.000000
0.2300 15.5200 27.0000 563.000000 0.000000 127.000000 59.000000
0.2400 15.4000 28.2200 567.000000 0.000000 127.000000 59.000000
0.2500 15.5400 29.3900 565.000000 0.000000 128.000000 58.000000
0.2600 16.2000 30.4400 567.000000 0.000000 130.000000 58.000000
0.2700 17.2000 31.4200 565.000000 0.000000 130.000000 56.000000
0.2800 18.1900 32.2700 567.000000 0.000000 131.000000 56.000000
0.2900 19.2100 32.6600 567.000000 0.000000 131.000000 55.000000
0.3000 20.2400 32.7500 565.000000 0.000000 133.000000 54.000000
0.3100 21.2400 32.5200 567.000000 0.000000 131.000000 54.000000
0.3200 21.9300 31.9600 565.000000 0.000000 130.000000 53.000000
0.3300 22.4200 31.1700 554.000000 0.000000 131.000000 52.000000
0.3400 22.6700 30.2600 542.000000 0.000000 131.000000 52.000000
0.3500 22.4900 29.3200 535.000000 0.000000 130.000000 53.000000
0.3600 22.0300 28.3500 518.000000 0.000000 130.000000 53.000000
0.3700 21.2500 27.3100 512.000000 0.000000 130.000000 53.000000
0.3800 20.4200 26.6100 520.000000 0.000000 129.000000 53.000000
0.3900 19.5600 26.1300 519.000000 0.000000 128.000000 54.000000
0.4000 18.9000 25.8900 517.000000 0.000000 127.000000 55.000000
0.4100 18.5100 25.8900 520.000000 0.000000 127.000000 55.000000
0.4200 18.3000 25.9400 514.000000 0.000000 126.000000 56.000000
0.4300 18.3000 25.9400 514.000000 0.000000 127.000000 56.000000
0.4400 18.5100 25.9400 512.000000 0.000000 126.000000 57.000000
0.4500 18.8400 25.9400 515.000000 0.000000 127.000000 57.000000
0.4600 19.5200 25.9400 520.000000 0.000000 127.000000 57.000000
0.4700 20.4900 25.9400 512.000000 0.000000 127.000000 57.000000
0.4800 21.6500 25.8800 535.000000 0.000000 127.000000 57.000000
0.4900 22.5600 25.7800 545.000000 0.000000 126.000000 58.000000
0.5000 23.3200 25.6300 551.000000 0.000000 126.000000 58.000000
0.5100 23.9700 25.4600 551.000000 0.000000 124.000000 57.000000
0.5200 24.4800 25.2800 553.000000 0.000000 123.000000 58.000000
0.5300 24.7500 25.1100 545.000000 0.000000 123.000000 58.000000
0.5400 24.8600 24.9900 520.000000 0.000000 121.000000 58.000000
0.5500 24.9400 24.9100 422.000000 0.000000 123.000000 59.000000
0.5600 24.9400 24.9100 110.000000 0.000000 123.000000 59.000000
0.5700 24.9400 24.9100 0.000000 1.000000 123.000000 59.000000
0.5800 24.8400 24.9100 0.000000 0.000000 123.000000 59.000000
0.5900 24.8400 25.1700 0.000000 0.000000 123.000000 59.000000
0.6000 24.8400 25.4900 0.000000 0.000000 124.000000 60.000000
0.6100 25.3300 25.8600 0.000000 0.000000 125.000000 59.000000
0.6200 25.7300 26.2600 0.000000 0.000000 125.000000 59.000000
0.6300 26.0800 26.4200 0.000000 0.000000 127.000000 59.000000
0.6400 26.5700 26.4200 0.000000 0.000000 128.000000 58.000000
0.6500 26.9000 26.4200 0.000000 0.000000 128.000000 58.000000
0.6600 27.1100 26.2500 0.000000 0.000000 130.000000 58.000000
0.6700 27.1100 26.2500 398.000000 1.000000 130.000000 58.000000
0.6800 27.1100 26.2500 415.000000 0.000000 127.000000 57.000000
0.6900 27.1100 26.2500 428.000000 0.000000 127.000000 57.000000
0.7000 27.1100 26.2500 512.000000 0.000000 126.000000 57.000000
0.7100 27.1100 26.2500 551.000000 0.000000 124.000000 57.000000
0.7200 27.1100 26.2500 557.000000 0.000000 123.000000 58.000000
0.7300 27.1100 26.2500 540.000000 0.000000 122.000000 57.000000
0.7400 27.1100 26.2500 463.000000 0.000000 122.000000 57.000000
0.7500 27.1100 26.2500 242.000000 0.000000 123.000000 58.000000
0.7600 27.1100 26.2500 0.000000 1.000000 123.000000 58.000000
0.7700 27.6800 26.2300 0.000000 0.000000 123.000000 58.000000
0.7800 27.8100 26.3300 0.000000 0.000000 123.000000 58.000000
0.7900 27.8700 26.5400 0.000000 0.000000 123.000000 58.000000
0.8000 27.8700 26.8100 0.000000 0.000000 123.000000 58.000000
0.8100 28.0700 27.1200 0.000000 0.000000 123.000000 58.000000
0.8200 28.3100 27.3900 0.000000 0.000000 122.000000 57.000000
0.8300 28.7100 27.6200 0.000000 0.000000 122.000000 57.000000
0.8400 29.2100 27.8000 0.000000 0.000000 122.000000 56.000000
0.8500 29.7700 27.9500 0.000000 0.000000 121.000000 56.000000
0.8600 30.3300 28.0700 0.000000 0.000000 120.000000 55.000000
0.8700 30.8900 28.1800 0.000000 0.000000 119.000000 54.000000
0.8800 31.3400 28.3100 0.000000 0.000000 117.000000 55.000000
0.8900 31.7100 28.3800 0.000000 0.000000 117.000000 54.000000
0.9000 31.9000 28.3800 0.000000 0.000000 116.000000 55.000000
0.9100 31.9000 28.3800 0.000000 0.000000 116.000000 55.000000
0.9200 31.6600 28.3200 0.000000 0.000000 116.000000 55.000000
0.9300 31.4200 28.2100 0.000000 0.000000 116.000000 55.000000
0.9400 31.0400 28.1400 0.000000 0.000000 117.000000 56.000000
0.9500 30.5600 28.1400 0.000000 0.000000 117.000000 56.000000
0.9600 30.1200 28.1400 0.000000 0.000000 118.000000 56.000000
0.9700 29.6900 28.2500 0.000000 0.000000 118.000000 56.000000
0.9800 29.2900 28.4600 0.000000 0.000000 118.000000 56.000000
0.9900 28.8800 28.7900 0.000000 0.000000 120.000000 55.000000
1.0000 28.5000 29.0900 0.000000 0.000000 120.000000 55.000000
1.0100 28.1600 29.3100 0.000000 0.000000 121.000000 55.000000
1.0200 27.9100 29.4700 0.000000 0.000000 121.000000 55.000000
1.0300 27.7400 29.6200 0.000000 0.000000 123.000000 55.000000
1.0400 27.5600 29.7600 0.000000 0.000000 123.000000 55.000000
1.0500 27.3600 29.8800 0.000000 0.000000 124.000000 54.000000
1.0600 27.1200 30.0000 0.000000 0.000000 124.000000 54.000000
1.0700 26.8500 30.1600 0.000000 0.000000 125.000000 54.000000
1.0800 26.5500 30.3600 0.000000 0.000000 125.000000 54.000000
1.0900 26.3400 30.6300 0.000000 0.000000 125.000000 54.000000
1.1000 26.0600 30.8800 0.000000 0.000000 127.000000 53.000000
1.1100 26.0600 30.8800 158.000000 1.000000 127.000000 53.000000
1.1200 25.3600 32.0700 190.000000 0.000000 127.000000 53.000000
1.1300 25.0600 32.5600 220.000000 0.000000 128.000000 53.000000
1.1400 24.8000 32.7500 242.000000 0.000000 128.000000 53.000000
1.1500 24.8000 32.7500 267.000000 0.000000 128.000000 53.000000
1.1600 24.9900 32.4600 317.000000 0.000000 128.000000 53.000000
1.1700 25.3700 31.9900 364.000000 0.000000 129.000000 52.000000
1.1800 26.0000 31.1100 398.000000 0.000000 129.000000 52.000000
1.1900 26.7300 29.9300 412.000000 0.000000 130.000000 53.000000
1.2000 27.5200 28.5400 422.000000 0.000000 130.000000 53.000000
1.2100 28.2100 27.2600 414.000000 0.000000 130.000000 54.000000
1.2200 28.8300 26.4700 422.000000 0.000000 130.000000 54.000000
1.2300 29.3900 26.0100 423.000000 0.000000 130.000000 55.000000
1.2400 29.7900 25.8200 433.000000 0.000000 129.000000 56.000000
1.2500 30.0900 25.8200 449.000000 0.000000 127.000000 56.000000
1.2600 30.3300 26.0500 469.000000 0.000000 124.000000 57.000000
1.2700 30.5300 26.5400 472.000000 0.000000 123.000000 58.000000
1.2800 30.7500 27.3100 475.000000 0.000000 123.000000 58.000000
1.2900 30.8500 28.2700 481.000000 0.000000 123.000000 58.000000
1.3000 30.8500 29.1500 478.000000 0.000000 123.000000 58.000000
1.3100 31.0300 29.8100 478.000000 0.000000 124.000000 57.000000
1.3200 31.2200 30.3300 481.000000 0.000000 124.000000 57.000000
1.3300 31.4500 30.5400 481.000000 0.000000 126.000000 57.000000
1.3400 31.6900 30.5400 478.000000 0.000000 127.000000 56.000000
1.3500 31.9500 30.4000 480.000000 0.000000 129.000000 56.000000
1.3600 32.2400 30.1200 478.000000 0.000000 130.000000 55.000000
1.3700 32.5800 29.5700 477.000000 0.000000 130.000000 55.000000
1.3800 32.9600 28.8500 471.000000 0.000000 131.000000 55.000000
1.3900 33.3600 28.2800 443.000000 0.000000 130.000000 55.000000
1.4000 33.7300 27.7100 407.000000 0.000000 130.000000 55.000000
1.4100 33.9900 27.3800 387.000000 0.000000 130.000000 55.000000
1.4200 34.1900 27.2100 367.000000 0.000000 129.000000 56.000000
1.4300 34.3000 27.2800 361.000000 0.000000 130.000000 56.000000
1.4400 34.4400 27.6100 371.000000 0.000000 128.000000 57.000000
1.4500 34.6500 28.1200 373.000000 0.000000 128.000000 57.000000
1.4600 34.8600 28.9000 362.000000 0.000000 128.000000 57.000000
1.4700 35.0300 29.6900 381.000000 0.000000 130.000000 58.000000
1.4800 35.1600 30.4900 402.000000 0.000000 130.000000 58.000000
1.4900 35.3400 30.9900 420.000000 0.000000 130.000000 58.000000
1.5000 35.5600 31.2200 431.000000 0.000000 131.000000 57.000000
1.5100 35.8300 31.2200 443.000000 0.000000 134.000000 57.000000
1.5200 36.1200 31.1500 456.000000 0.000000 134.000000 57.000000
1.5300 36.6100 30.9000 470.000000 0.000000 134.000000 57.000000
1.5400 37.2300 30.5500 481.000000 0.000000 135.000000 57.000000
1.5500 37.9400 30.3100 491.000000 0.000000 136.000000 57.000000
1.5600 38.6100 30.3100 495.000000 0.000000 136.000000 57.000000
1.5700 39.2300 30.4100 496.000000 0.000000 136.000000 57.000000
1.5800 39.7100 30.8300 492.000000 0.000000 136.000000 57.000000
1.5900 40.1100 31.4500 492.000000 0.000000 136.000000 57.000000
1.6000 40.1100 32.2100 501.000000 0.000000 136.000000 57.000000
1.6100 39.6000 33.1500 485.000000 0.000000 136.000000 57.000000
1.6200 38.7200 34.3000 404.000000 0.000000 136.000000 57.000000
1.6300 37.3600 35.5800 363.000000 0.000000 136.000000 57.000000
1.6400 35.5200 36.8300 391.000000 0.000000 136.000000 57.000000
1.6500 33.3600 37.2000 422.000000 0.000000 135.000000 57.000000
1.6600 30.8800 36.9800 455.000000 0.000000 134.000000 56.000000
1.6700 27.9700 35.8500 498.000000 0.000000 134.000000 55.000000
1.6800 24.7600 34.0100 516.000000 0.000000 134.000000 55.000000
1.6900 21.5800 31.7000 546.000000 0.000000 133.000000 54.000000
1.7000 18.4200 28.8900 546.000000 0.000000 134.000000 54.000000
1.7100 16.4600 26.3600 564.000000 0.000000 134.000000 54.000000
1.7200 15.2800 24.0300 557.000000 0.000000 133.000000 54.000000
1.7300 15.3900 22.9600 557.000000 0.000000 134.000000 55.000000
1.7400 16.7400 22.5300 561.000000 0.000000 134.000000 55.000000
1.7500 18.9200 22.5300 560.000000 0.000000 132.000000 55.000000
1.7600 22.3600 23.7500 589.000000 0.000000 132.000000 57.000000
1.7700 26.3600 25.1700 636.000000 0.000000 132.000000 57.000000
1.7800 30.7400 26.7300 670.000000 0.000000 131.000000 57.000000
1.7900 34.3800 27.8600 691.000000 0.000000 132.000000 58.000000
1.8000 37.1800 28.5100 721.000000 0.000000 132.000000 58.000000
1.8100 39.4300 28.8400 746.000000 0.000000 132.000000 58.000000
1.8200 40.8500 29.0300 755.000000 0.000000 132.000000 58.000000
1.8300 41.6700 29.1800 758.000000 0.000000 132.000000 58.000000
1.8400 42.0800 29.2400 757.000000 0.000000 135.000000 58.000000
1.8500 42.0800 29.2400 694.000000 0.000000 135.000000 58.000000
1.8600 42.0800 29.2400 537.000000 0.000000 136.000000 57.000000
1.8700 41.9600 29.1400 309.000000 0.000000 136.000000 57.000000
