0.0000 20.3900 75.8500 55.000000 1.000000 136.000000 55.000000
0.0100 20.4800 75.5600 103.000000 0.000000 136.000000 55.000000
0.0200 20.4800 75.5600 148.000000 0.000000 138.000000 55.000000
0.0300 20.4800 75.4800 254.000000 0.000000 138.000000 55.000000
0.0400 20.4800 75.4200 329.000000 0.000000 136.000000 56.000000
0.0500 20.4300 75.4200 377.000000 0.000000 136.000000 56.000000
0.0600 20.4300 75.4200 423.000000 0.000000 136.000000 56.000000
0.0700 20.4300 75.4200 456.000000 0.000000 136.000000 56.000000
0.0800 20.4300 75.3700 509.000000 0.000000 136.000000 56.000000
0.0900 20.4300 75.3700 564.000000 0.000000 136.000000 56.000000
0.1000 20.4300 75.3700 594.000000 0.000000 136.000000 56.000000
0.1100 20.3800 75.3700 638.000000 0.000000 136.000000 56.000000
0.1200 20.3800 75.3700 670.000000 0.000000 136.000000 56.000000
0.1300 20.3300 75.3700 691.000000 0.000000 136.000000 56.000000
0.1400 20.2300 75.4300 721.000000 0.000000 136.000000 56.000000
0.1500 20.1600 75.4300 728.000000 0.000000 136.000000 56.000000
0.1600 19.9800 75.6100 743.000000 0.000000 138.000000 57.000000
0.1700 19.7200 75.7900 757.000000 0.000000 138.000000 57.000000
0.1800 19.5400 76.0100 760.000000 0.000000 138.000000 57.000000
0.1900 19.2800 76.3900 774.000000 0.000000 138.000000 57.000000
0.2000 18.9600 76.8800 779.000000 0.000000 138.000000 57.000000
0.2100 18.6700 77.5200 784.000000 0.000000 139.000000 57.000000
0.2200 18.4200 78.2200 784.000000 0.000000 139.000000 57.000000
0.2300 18.4200 78.9700 787.000000 0.000000 139.000000 57.000000
0.2400 18.6200 79.8700 790.000000 0.000000 139.000000 57.000000
0.2500 19.0100 80.8200 790.000000 0.000000 140.000000 56.000000
0.2600 19.5900 81.8100 788.000000 0.000000 140.000000 56.000000
0.2700 20.3000 82.5600 788.000000 0.000000 141.000000 56.000000
0.2800 21.2800 83.2700 790.000000 0.000000 141.000000 56.000000
0.2900 22.0500 83.5700 787.000000 0.000000 143.000000 55.000000
0.3000 22.6700 83.5700 784.000000 0.000000 141.000000 55.000000
0.3100 23.2000 83.5200 785.000000 0.000000 141.000000 55.000000
0.3200 23.6000 83.0800 780.000000 0.000000 142.000000 54.000000
0.3300 23.9100 82.4000 785.000000 0.000000 141.000000 53.000000
0.3400 23.9100 81.6200 785.000000 0.000000 141.000000 53.000000
0.3500 23.7300 80.8400 790.000000 0.000000 141.000000 53.000000
0.3600 23.3500 80.0700 788.000000 0.000000 140.000000 53.000000
0.3700 22.6400 79.2800 791.000000 0.000000 140.000000 53.000000
0.3800 21.8300 78.6500 794.000000 0.000000 139.000000 54.000000
0.3900 20.9400 78.1400 796.000000 0.000000 139.000000 54.000000
0.4000 20.3600 77.9400 797.000000 0.000000 137.000000 54.000000
0.4100 20.0100 77.9400 790.000000 0.000000 139.000000 55.000000
0.4200 19.8200 77.9400 788.000000 0.000000 139.000000 55.000000
0.4300 19.8800 78.0300 783.000000 0.000000 139.000000 55.000000
0.4400 19.9400 78.1300 785.000000 0.000000 139.000000 55.000000
0.4500 20.3500 78.2600 788.000000 0.000000 138.000000 55.000000
0.4600 20.9800 78.3500 790.000000 0.000000 138.000000 55.000000
0.4700 21.7900 78.4200 796.000000 0.000000 138.000000 55.000000
0.4800 22.6300 78.3200 805.000000 0.000000 138.000000 55.000000
0.4900 23.3800 78.1200 829.000000 0.000000 139.000000 55.000000
0.5000 24.0600 77.6600 837.000000 0.000000 138.000000 55.000000
0.5100 24.7600 77.2600 848.000000 0.000000 138.000000 55.000000
0.5200 25.2400 76.9100 855.000000 0.000000 138.000000 55.000000
0.5300 25.5700 76.5800 860.000000 0.000000 138.000000 55.000000
0.5400 25.7700 76.4100 863.000000 0.000000 139.000000 56.000000
0.5500 25.8500 76.3400 869.000000 0.000000 139.000000 56.000000
0.5600 25.8500 76.3400 854.000000 0.000000 139.000000 56.000000
0.5700 25.8500 76.3400 854.000000 0.000000 139.000000 56.000000
0.5800 25.8000 76.3400 790.000000 0.000000 140.000000 56.000000
0.5900 25.8000 76.3400 580.000000 0.000000 140.000000 56.000000
0.6000 25.8000 76.3400 8.000000 1.000000 140.000000 56.000000
0.6100 25.8000 76.3400 0.000000 0.000000 140.000000 56.000000
0.6200 25.8700 76.5300 0.000000 0.000000 142.000000 57.000000
0.6300 26.0700 76.8300 0.000000 0.000000 142.000000 57.000000
0.6400 26.5400 77.3200 0.000000 0.000000 142.000000 57.000000
0.6500 27.1800 77.7900 0.000000 0.000000 141.000000 56.000000
0.6600 27.7300 78.2000 0.000000 0.000000 141.000000 56.000000
0.6700 28.1500 78.2000 0.000000 0.000000 141.000000 55.000000
0.6800 28.1500 78.2000 344.000000 1.000000 141.000000 55.000000
0.6900 28.5900 77.6700 452.000000 0.000000 141.000000 55.000000
0.7000 28.4600 77.6200 526.000000 0.000000 142.000000 54.000000
0.7100 28.1600 77.7400 644.000000 0.000000 142.000000 54.000000
0.7200 28.1600 77.7400 760.000000 0.000000 141.000000 55.000000
0.7300 28.1600 77.7400 784.000000 0.000000 141.000000 55.000000
0.7400 28.1600 77.7400 787.000000 0.000000 143.000000 55.000000
0.7500 28.1600 77.7400 756.000000 0.000000 141.000000 56.000000
0.7600 28.2100 77.7400 671.000000 0.000000 141.000000 56.000000
0.7700 28.2900 77.7400 422.000000 0.000000 141.000000 56.000000
0.7800 28.2900 77.7400 0.000000 1.000000 141.000000 56.000000
0.7900 28.7100 77.8100 0.000000 0.000000 143.000000 55.000000
0.8000 29.0400 78.0000 0.000000 0.000000 143.000000 55.000000
0.8100 29.2000 78.4100 0.000000 0.000000 143.000000 55.000000
0.8200 29.3800 78.8900 0.000000 0.000000 141.000000 55.000000
0.8300 29.6900 79.4300 0.000000 0.000000 141.000000 55.000000
0.8400 30.0700 79.9400 0.000000 0.000000 140.000000 54.000000
0.8500 30.3700 80.4500 0.000000 0.000000 137.000000 54.000000
0.8600 30.6600 80.9600 0.000000 0.000000 137.000000 54.000000
0.8700 30.9500 81.3500 0.000000 0.000000 136.000000 54.000000
0.8800 31.1700 81.7400 0.000000 0.000000 136.000000 54.000000
0.8900 31.3900 81.9700 0.000000 0.000000 135.000000 53.000000
0.9000 31.3900 82.1100 0.000000 0.000000 134.000000 54.000000
0.9100 31.2400 82.1100 0.000000 0.000000 134.000000 54.000000
0.9200 31.1800 82.1600 0.000000 0.000000 136.000000 54.000000
0.9300 31.1800 82.1600 0.000000 0.000000 136.000000 54.000000
0.9400 31.1800 82.1600 463.000000 1.000000 137.000000 53.000000
0.9500 31.1800 82.1600 470.000000 0.000000 139.000000 54.000000
0.9600 30.7600 82.8200 509.000000 0.000000 140.000000 53.000000
0.9700 30.8900 83.0700 575.000000 0.000000 141.000000 53.000000
0.9800 31.0500 83.2000 617.000000 0.000000 142.000000 54.000000
0.9900 31.2400 83.2600 619.000000 0.000000 143.000000 53.000000
1.0000 31.4400 83.1600 628.000000 0.000000 145.000000 54.000000
1.0100 31.6900 82.7900 638.000000 0.000000 145.000000 54.000000
1.0200 32.0400 82.2400 668.000000 0.000000 146.000000 53.000000
1.0300 32.4400 81.1600 679.000000 0.000000 146.000000 53.000000
1.0400 32.7100 79.6900 693.000000 0.000000 146.000000 53.000000
1.0500 32.8900 77.9700 702.000000 0.000000 145.000000 54.000000
1.0600 33.1000 76.8300 700.000000 0.000000 145.000000 54.000000
1.0700 33.4600 76.0800 707.000000 0.000000 143.000000 53.000000
1.0800 33.9100 75.5900 713.000000 0.000000 142.000000 54.000000
1.0900 34.1700 75.1600 717.000000 0.000000 141.000000 53.000000
1.1000 34.3300 75.1100 745.000000 0.000000 139.000000 54.000000
1.1100 34.4300 75.3100 760.000000 0.000000 139.000000 54.000000
1.1200 34.6600 75.8900 765.000000 0.000000 137.000000 54.000000
1.1300 34.8600 76.8600 767.000000 0.000000 136.000000 54.000000
1.1400 35.0400 78.0900 762.000000 0.000000 136.000000 54.000000
1.1500 35.1800 79.5500 760.000000 0.000000 137.000000 54.000000
1.1600 35.4000 80.9700 762.000000 0.000000 137.000000 54.000000
1.1700 35.7400 81.9500 759.000000 0.000000 139.000000 55.000000
1.1800 36.1400 82.6500 759.000000 0.000000 141.000000 55.000000
1.1900 36.5300 83.0300 757.000000 0.000000 143.000000 55.000000
1.2000 36.8000 83.1200 751.000000 0.000000 145.000000 55.000000
1.2100 37.0000 83.0200 763.000000 0.000000 146.000000 54.000000
1.2200 37.2300 82.8300 763.000000 0.000000 147.000000 55.000000
1.2300 37.5100 82.6000 760.000000 0.000000 147.000000 55.000000
1.2400 37.8200 81.9700 761.000000 0.000000 150.000000 54.000000
1.2500 38.0900 81.0900 753.000000 0.000000 150.000000 54.000000
1.2600 38.2000 79.5300 757.000000 0.000000 149.000000 55.000000
1.2700 38.2000 78.1200 757.000000 0.000000 149.000000 55.000000
1.2800 38.4600 76.8000 757.000000 0.000000 149.000000 55.000000
1.2900 38.7300 75.9800 760.000000 0.000000 148.000000 56.000000
1.3000 39.0700 75.5000 762.000000 0.000000 146.000000 55.000000
1.3100 39.4200 75.2500 768.000000 0.000000 145.000000 56.000000
1.3200 39.4200 75.2500 771.000000 0.000000 145.000000 56.000000
1.3300 39.8000 75.3500 777.000000 0.000000 145.000000 56.000000
1.3400 40.0400 75.6300 788.000000 0.000000 144.000000 56.000000
1.3500 40.4300 76.0400 794.000000 0.000000 144.000000 56.000000
1.3600 40.9100 76.4500 788.000000 0.000000 144.000000 56.000000
1.3700 41.5400 76.8700 790.000000 0.000000 141.000000 56.000000
1.3800 42.1700 77.3800 793.000000 0.000000 141.000000 56.000000
1.3900 42.7600 77.7600 797.000000 0.000000 141.000000 56.000000
1.4000 43.4000 78.1000 799.000000 0.000000 141.000000 56.000000
1.4100 44.1100 78.1000 805.000000 0.000000 141.000000 56.000000
1.4200 44.6200 78.1000 802.000000 0.000000 144.000000 56.000000
1.4300 45.1100 77.9600 805.000000 0.000000 144.000000 56.000000
1.4400 45.5800 78.0100 806.000000 0.000000 144.000000 56.000000
1.4500 46.2300 78.1200 803.000000 0.000000 145.000000 56.000000
1.4600 46.9300 78.2600 806.000000 0.000000 145.000000 56.000000
1.4700 47.4900 78.6600 811.000000 0.000000 147.000000 56.000000
1.4800 47.9300 79.4600 818.000000 0.000000 148.000000 56.000000
1.4900 48.0600 80.5200 783.000000 0.000000 149.000000 56.000000
1.5000 47.5900 82.0000 793.000000 0.000000 149.000000 56.000000
1.5100 46.7200 83.3400 787.000000 0.000000 151.000000 56.000000
1.5200 45.5400 84.5900 758.000000 0.000000 152.000000 56.000000
1.5300 43.8400 85.5000 745.000000 0.000000 152.000000 56.000000
1.5400 41.8000 85.8100 740.000000 0.000000 153.000000 55.000000
1.5500 38.9200 85.7200 749.000000 0.000000 153.000000 55.000000
1.5600 35.5800 85.0200 739.000000 0.000000 153.000000 55.000000
1.5700 31.9400 84.0800 754.000000 0.000000 152.000000 54.000000
1.5800 28.7500 82.9700 761.000000 0.000000 152.000000 54.000000
1.5900 26.9700 81.7500 758.000000 0.000000 151.000000 53.000000
1.6000 26.1400 80.5600 749.000000 0.000000 151.000000 53.000000
1.6100 26.4000 79.4000 742.000000 0.000000 149.000000 53.000000
1.6200 27.4600 78.4900 745.000000 0.000000 149.000000 53.000000
1.6300 29.0400 78.1800 743.000000 0.000000 147.000000 53.000000
1.6400 31.5900 78.2700 740.000000 0.000000 146.000000 53.000000
1.6500 34.4500 79.2000 740.000000 0.000000 146.000000 53.000000
1.6600 37.5200 80.4200 731.000000 0.000000 145.000000 53.000000
1.6700 39.8200 81.8300 731.000000 0.000000 146.000000 53.000000
1.6800 41.0900 82.7900 736.000000 0.000000 146.000000 53.000000
1.6900 41.6800 83.3200 730.000000 0.000000 146.000000 53.000000
1.7000 41.1500 83.5600 707.000000 0.000000 147.000000 53.000000
1.7100 39.4100 84.5900 684.000000 0.000000 148.000000 54.000000
1.7200 36.8500 84.7100 687.000000 0.000000 149.000000 53.000000
1.7300 33.3500 84.2300 681.000000 0.000000 151.000000 53.000000
1.7400 29.3100 83.2000 696.000000 0.000000 151.000000 53.000000
1.7500 24.9200 81.4500 730.000000 0.000000 152.000000 53.000000
1.7600 20.0100 79.2200 773.000000 0.000000 151.000000 53.000000
1.7700 16.4300 77.0400 783.000000 0.000000 149.000000 53.000000
1.7800 13.7400 75.2500 783.000000 0.000000 149.000000 53.000000
1.7900 13.3000 73.7200 791.000000 0.000000 147.000000 53.000000
1.8000 14.0700 72.9800 796.000000 0.000000 146.000000 53.000000
1.8100 15.6400 72.7000 787.000000 0.000000 145.000000 53.000000
1.8200 18.2800 72.7000 785.000000 0.000000 142.000000 53.000000
1.8300 21.9800 73.6500 750.000000 0.000000 142.000000 53.000000
1.8400 26.3800 75.0700 585.000000 0.000000 141.000000 52.000000
