0.0000 10.9600 25.6700 399.000000 1.000000 132.000000 58.000000
0.0100 10.3500 25.6500 425.000000 0.000000 132.000000 58.000000
0.0200 10.1800 25.9800 488.000000 0.000000 134.000000 57.000000
0.0300 10.0500 26.3800 553.000000 0.000000 134.000000 57.000000
0.0400 10.1300 27.0200 584.000000 0.000000 134.000000 57.000000
0.0500 10.3200 27.8300 613.000000 0.000000 132.000000 57.000000
0.0600 10.7000 28.9000 647.000000 0.000000 132.000000 57.000000
0.0700 11.2500 30.1800 681.000000 0.000000 134.000000 56.000000
0.0800 11.9200 31.6100 694.000000 0.000000 132.000000 55.000000
0.0900 12.7600 33.1300 707.000000 0.000000 132.000000 55.000000
0.1000 13.6400 34.5000 721.000000 0.000000 132.000000 55.000000
0.1100 14.5900 35.2700 740.000000 0.000000 131.000000 55.000000
0.1200 15.2900 35.7000 763.000000 0.000000 131.000000 56.000000
0.1300 15.8300 35.8000 752.000000 0.000000 131.000000 56.000000
0.1400 15.9100 35.6700 746.000000 0.000000 131.000000 56.000000
0.1500 15.9100 35.3900 746.000000 0.000000 131.000000 56.000000
0.1600 15.8500 34.7900 740.000000 0.000000 131.000000 56.000000
0.1700 15.4800 33.8900 720.000000 0.000000 131.000000 56.000000
0.1800 14.8700 32.7900 733.000000 0.000000 132.000000 57.000000
0.1900 14.1100 31.8500 719.000000 0.000000 132.000000 57.000000
0.2000 13.6100 31.1700 702.000000 0.000000 132.000000 57.000000
0.2100 13.1500 30.6700 697.000000 0.000000 132.000000 57.000000
0.2200 12.7700 30.3700 713.000000 0.000000 132.000000 57.000000
0.2300 12.5800 30.2100 720.000000 0.000000 132.000000 57.000000
0.2400 12.5200 30.1400 734.000000 0.000000 132.000000 57.000000
0.2500 12.5200 30.1400 749.000000 0.000000 132.000000 57.000000
0.2600 12.5900 30.1400 750.000000 0.000000 132.000000 57.000000
0.2700 12.7100 30.1400 784.000000 0.000000 134.000000 56.000000
0.2800 13.1100 30.0800 796.000000 0.000000 134.000000 56.000000
0.2900 13.6800 30.0800 784.000000 0.000000 134.000000 56.000000
0.3000 14.2000 30.0800 787.000000 0.000000 134.000000 56.000000
0.3100 14.6000 30.0800 774.000000 0.000000 134.000000 56.000000
0.3200 14.9200 30.0800 722.000000 0.000000 132.000000 55.000000
0.3300 15.0200 30.0800 628.000000 0.000000 134.000000 56.000000
0.3400 15.1000 30.0200 452.000000 0.000000 134.000000 56.000000
0.3500 15.1700 29.9500 146.000000 0.000000 134.000000 56.000000
0.3600 15.1700 29.9500 0.000000 1.000000 134.000000 56.000000
0.3700 15.5100 29.8500 0.000000 0.000000 135.000000 57.000000
0.3800 15.5100 29.8500 0.000000 0.000000 135.000000 57.000000
0.3900 15.8000 29.9000 0.000000 0.000000 135.000000 57.000000
0.4000 15.8600 29.9000 0.000000 0.000000 135.000000 57.000000
0.4100 15.8600 29.8000 0.000000 0.000000 135.000000 57.000000
0.4200 15.7900 29.7000 0.000000 0.000000 135.000000 57.000000
0.4300 15.7400 29.5800 0.000000 0.000000 135.000000 57.000000
0.4400 15.8700 29.4700 0.000000 0.000000 135.000000 57.000000
0.4500 15.9300 29.3700 0.000000 0.000000 135.000000 57.000000
0.4600 15.9300 29.2800 0.000000 0.000000 135.000000 57.000000
0.4700 16.0100 29.2300 0.000000 0.000000 135.000000 57.000000
0.4800 16.1200 29.2300 0.000000 0.000000 135.000000 57.000000
0.4900 16.3100 29.1800 0.000000 0.000000 135.000000 57.000000
0.5000 16.3100 29.1800 177.000000 1.000000 136.000000 57.000000
0.5100 17.0200 29.2400 513.000000 0.000000 136.000000 57.000000
0.5200 17.0800 29.5900 671.000000 0.000000 136.000000 57.000000
0.5300 17.0800 29.6400 791.000000 0.000000 136.000000 57.000000
0.5400 17.0800 29.6400 830.000000 0.000000 138.000000 58.000000
0.5500 17.0100 29.6400 864.000000 0.000000 138.000000 58.000000
0.5600 17.0100 29.6400 860.000000 0.000000 138.000000 58.000000
0.5700 17.0100 29.5900 851.000000 0.000000 139.000000 58.000000
0.5800 16.9400 29.4900 818.000000 0.000000 139.000000 58.000000
0.5900 16.9400 29.3100 794.000000 0.000000 139.000000 58.000000
0.6000 16.9400 29.0800 757.000000 0.000000 141.000000 59.000000
0.6100 17.0000 28.9600 749.000000 0.000000 141.000000 59.000000
0.6200 17.0800 28.9000 755.000000 0.000000 141.000000 59.000000
0.6300 17.1400 28.9000 754.000000 0.000000 142.000000 59.000000
0.6400 17.1400 28.9000 758.000000 0.000000 142.000000 59.000000
0.6500 17.1400 29.0400 733.000000 0.000000 142.000000 59.000000
0.6600 17.0100 29.2200 661.000000 0.000000 142.000000 59.000000
0.6700 16.9600 29.3700 473.000000 0.000000 142.000000 59.000000
0.6800 16.9600 29.5000 68.000000 0.000000 142.000000 59.000000
0.6900 16.9600 29.5000 0.000000 1.000000 142.000000 59.000000
0.7000 17.1100 29.6500 0.000000 0.000000 142.000000 59.000000
0.7100 17.2000 29.6500 0.000000 0.000000 142.000000 59.000000
0.7200 17.2900 29.6500 0.000000 0.000000 142.000000 59.000000
0.7300 17.3700 29.5800 0.000000 0.000000 142.000000 59.000000
0.7400 17.6100 29.5000 0.000000 0.000000 142.000000 59.000000
0.7500 17.9600 29.5000 0.000000 0.000000 141.000000 59.000000
0.7600 18.3000 29.4400 0.000000 0.000000 141.000000 59.000000
0.7700 18.6000 29.5300 0.000000 0.000000 141.000000 59.000000
0.7800 18.8700 29.5900 0.000000 0.000000 139.000000 58.000000
0.7900 19.1700 29.6400 0.000000 0.000000 139.000000 58.000000
0.8000 19.4000 30.2100 0.000000 0.000000 139.000000 58.000000
0.8100 19.5900 30.6000 0.000000 0.000000 138.000000 58.000000
0.8200 19.7300 30.8700 0.000000 0.000000 139.000000 57.000000
0.8300 19.8800 31.2400 0.000000 0.000000 139.000000 57.000000
0.8400 20.0100 31.6000 0.000000 0.000000 138.000000 57.000000
0.8500 20.1100 32.0500 0.000000 0.000000 138.000000 57.000000
0.8600 20.2000 32.5700 0.000000 0.000000 138.000000 57.000000
0.8700 20.2000 32.6200 0.000000 0.000000 138.000000 57.000000
0.8800 20.2000 32.6200 349.000000 1.000000 138.000000 57.000000
0.8900 20.5200 33.6700 494.000000 0.000000 140.000000 56.000000
0.9000 20.3100 33.9300 586.000000 0.000000 140.000000 56.000000
0.9100 19.7600 33.9900 650.000000 0.000000 140.000000 56.000000
0.9200 19.5900 33.9100 676.000000 0.000000 142.000000 57.000000
0.9300 19.3800 33.5500 693.000000 0.000000 142.000000 57.000000
0.9400 19.1300 32.7300 702.000000 0.000000 143.000000 57.000000
0.9500 18.9200 31.6000 702.000000 0.000000 143.000000 57.000000
0.9600 18.7400 30.2800 687.000000 0.000000 144.000000 58.000000
0.9700 18.8400 29.1500 682.000000 0.000000 144.000000 58.000000
0.9800 19.1100 28.1600 678.000000 0.000000 144.000000 58.000000
0.9900 19.5500 27.4700 681.000000 0.000000 144.000000 58.000000
1.0000 20.0200 27.1300 690.000000 0.000000 146.000000 58.000000
1.0100 20.5400 27.0200 699.000000 0.000000 146.000000 58.000000
1.0200 21.0600 27.2200 730.000000 0.000000 145.000000 59.000000
1.0300 21.5200 27.6200 763.000000 0.000000 145.000000 59.000000
1.0400 21.9500 28.1500 784.000000 0.000000 145.000000 59.000000
1.0500 22.3700 28.8500 802.000000 0.000000 145.000000 59.000000
1.0600 22.7000 29.6500 802.000000 0.000000 145.000000 59.000000
1.0700 22.9600 30.5100 826.000000 0.000000 145.000000 59.000000
1.0800 22.9600 31.1300 822.000000 0.000000 144.000000 60.000000
1.0900 22.9600 31.5400 842.000000 0.000000 144.000000 60.000000
1.1000 22.8500 31.8100 840.000000 0.000000 142.000000 59.000000
1.1100 22.8500 31.8100 819.000000 0.000000 142.000000 59.000000
1.1200 22.7900 31.7400 824.000000 0.000000 144.000000 60.000000
1.1300 22.7900 31.4200 818.000000 0.000000 144.000000 60.000000
1.1400 22.7900 30.9400 809.000000 0.000000 144.000000 60.000000
1.1500 22.7900 30.3500 787.000000 0.000000 144.000000 60.000000
1.1600 22.8600 29.8800 793.000000 0.000000 145.000000 59.000000
1.1700 22.9900 29.4900 793.000000 0.000000 145.000000 59.000000
1.1800 23.1400 29.1600 787.000000 0.000000 145.000000 59.000000
1.1900 23.2800 28.9800 782.000000 0.000000 145.000000 59.000000
1.2000 23.5000 28.9100 791.000000 0.000000 145.000000 59.000000
1.2100 23.7500 28.9100 797.000000 0.000000 145.000000 59.000000
1.2200 24.0100 29.1100 793.000000 0.000000 145.000000 59.000000
1.2300 24.4000 29.3900 821.000000 0.000000 145.000000 59.000000
1.2400 24.7200 29.6600 826.000000 0.000000 145.000000 59.000000
1.2500 24.9400 30.0000 822.000000 0.000000 145.000000 59.000000
1.2600 25.1200 30.3900 851.000000 0.000000 145.000000 59.000000
1.2700 25.2000 30.6700 858.000000 0.000000 145.000000 59.000000
1.2800 25.2500 30.9000 863.000000 0.000000 145.000000 59.000000
1.2900 25.2500 31.0500 857.000000 0.000000 146.000000 58.000000
1.3000 25.3000 31.0500 848.000000 0.000000 146.000000 58.000000
1.3100 25.3000 31.0500 824.000000 0.000000 146.000000 58.000000
1.3200 25.3000 30.9600 821.000000 0.000000 146.000000 58.000000
1.3300 25.3000 30.7800 827.000000 0.000000 146.000000 58.000000
1.3400 25.3000 30.5200 824.000000 0.000000 147.000000 59.000000
1.3500 25.3900 30.1900 820.000000 0.000000 147.000000 59.000000
1.3600 25.4900 29.9100 811.000000 0.000000 147.000000 59.000000
1.3700 25.6400 29.6900 791.000000 0.000000 147.000000 59.000000
1.3800 25.8100 29.5400 794.000000 0.000000 147.000000 59.000000
1.3900 26.0100 29.4600 793.000000 0.000000 147.000000 59.000000
1.4000 26.3100 29.3600 790.000000 0.000000 147.000000 59.000000
1.4100 26.5800 29.3600 790.000000 0.000000 147.000000 59.000000
1.4200 26.8200 29.3600 796.000000 0.000000 147.000000 59.000000
1.4300 27.0700 29.4100 784.000000 0.000000 147.000000 59.000000
1.4400 27.1900 29.4800 803.000000 0.000000 147.000000 59.000000
1.4500 27.1900 29.5600 820.000000 0.000000 147.000000 59.000000
1.4600 27.2500 29.5600 823.000000 0.000000 147.000000 59.000000
1.4700 27.2500 29.6300 814.000000 0.000000 147.000000 59.000000
1.4800 27.2500 29.6300 806.000000 0.000000 147.000000 59.000000
1.4900 27.2500 29.6300 788.000000 0.000000 146.000000 58.000000
1.5000 27.2500 29.6300 794.000000 0.000000 146.000000 58.000000
1.5100 27.3500 29.6300 791.000000 0.000000 146.000000 58.000000
1.5200 27.4700 29.5400 793.000000 0.000000 146.000000 58.000000
1.5300 27.6100 29.4700 790.000000 0.000000 146.000000 58.000000
1.5400 27.7400 29.4000 793.000000 0.000000 146.000000 58.000000
1.5500 27.8800 29.3200 794.000000 0.000000 146.000000 58.000000
1.5600 28.0200 29.2500 785.000000 0.000000 146.000000 58.000000
1.5700 28.2700 29.2000 784.000000 0.000000 146.000000 58.000000
1.5800 28.5200 29.2000 787.000000 0.000000 146.000000 58.000000
1.5900 28.8100 29.1200 797.000000 0.000000 146.000000 58.000000
1.6000 29.1500 29.1200 785.000000 0.000000 146.000000 58.000000
1.6100 29.4700 29.1200 793.000000 0.000000 146.000000 58.000000
1.6200 29.7100 29.2100 797.000000 0.000000 146.000000 58.000000
1.6300 29.9200 29.2100 784.000000 0.000000 146.000000 58.000000
1.6400 29.9900 29.2700 803.000000 0.000000 146.000000 58.000000
1.6500 29.9900 29.2700 821.000000 0.000000 146.000000 58.000000
1.6600 29.9900 29.3300 819.000000 0.000000 146.000000 58.000000
1.6700 29.9900 29.4400 836.000000 0.000000 146.000000 58.000000
1.6800 29.9900 29.6000 849.000000 0.000000 146.000000 58.000000
1.6900 29.9900 29.8000 848.000000 0.000000 146.000000 58.000000
1.7000 30.1100 30.1800 857.000000 0.000000 146.000000 58.000000
1.7100 30.1600 30.6700 857.000000 0.000000 146.000000 58.000000
1.7200 30.1600 31.2200 858.000000 0.000000 146.000000 58.000000
1.7300 30.2200 31.8400 861.000000 0.000000 146.000000 58.000000
1.7400 30.2800 32.5100 872.000000 0.000000 146.000000 58.000000
1.7500 30.3600 33.1700 876.000000 0.000000 146.000000 58.000000
1.7600 30.4800 33.8000 885.000000 0.000000 146.000000 58.000000
1.7700 30.6900 34.3800 879.000000 0.000000 146.000000 58.000000
1.7800 31.2100 34.9300 888.000000 0.000000 146.000000 58.000000
1.7900 31.9100 35.3200 885.000000 0.000000 147.000000 59.000000
1.8000 32.7300 35.6000 897.000000 0.000000 147.000000 59.000000
1.8100 33.4300 35.7100 896.000000 0.000000 147.000000 59.000000
1.8200 34.0500 35.6600 900.000000 0.000000 147.000000 59.000000
1.8300 34.4500 35.5100 891.000000 0.000000 147.000000 59.000000
1.8400 34.7200 35.2500 888.000000 0.000000 147.000000 59.000000
1.8500 34.9100 34.9500 875.000000 0.000000 147.000000 59.000000
1.8600 34.9100 34.5900 884.000000 0.000000 147.000000 59.000000
1.8700 34.8500 34.2100 876.000000 0.000000 147.000000 59.000000
1.8800 34.6500 33.8400 884.000000 0.000000 147.000000 59.000000
1.8900 34.2900 33.5600 876.000000 0.000000 149.000000 58.000000
1.9000 33.9300 33.3200 866.000000 0.000000 149.000000 58.000000
1.9100 33.4600 33.1700 857.000000 0.000000 149.000000 58.000000
1.9200 32.9200 33.1100 867.000000 0.000000 149.000000 58.000000
1.9300 32.5400 33.1100 867.000000 0.000000 149.000000 58.000000
1.9400 32.2000 33.1100 858.000000 0.000000 149.000000 58.000000
1.9500 32.0400 33.2000 860.000000 0.000000 149.000000 58.000000
1.9600 31.9800 33.2700 870.000000 0.000000 149.000000 58.000000
1.9700 31.9800 33.3200 870.000000 0.000000 149.000000 58.000000
1.9800 31.9800 33.3700 875.000000 0.000000 149.000000 58.000000
1.9900 32.0300 33.3700 866.000000 0.000000 149.000000 58.000000
2.0000 32.1400 33.5700 857.000000 0.000000 149.000000 58.000000
2.0100 32.5200 33.8200 860.000000 0.000000 149.000000 58.000000
2.0200 33.0700 34.0500 863.000000 0.000000 149.000000 58.000000
2.0300 33.4300 34.2500 861.000000 0.000000 149.000000 58.000000
2.0400 33.6600 34.3700 857.000000 0.000000 149.000000 58.000000
2.0500 33.8100 34.4600 855.000000 0.000000 149.000000 58.000000
2.0600 33.8900 34.4600 861.000000 0.000000 149.000000 58.000000
2.0700 33.9700 34.4600 863.000000 0.000000 149.000000 58.000000
2.0800 34.1900 34.3800 867.000000 0.000000 150.000000 58.000000
2.0900 34.5000 34.3100 864.000000 0.000000 150.000000 58.000000
2.1000 34.8300 34.2100 867.000000 0.000000 150.000000 58.000000
2.1100 35.1200 34.0900 858.000000 0.000000 150.000000 58.000000
2.1200 35.3700 33.9300 864.000000 0.000000 150.000000 58.000000
2.1300 35.5700 33.7800 858.000000 0.000000 150.000000 58.000000
2.1400 35.7200 33.6100 861.000000 0.000000 150.000000 58.000000
2.1500 35.8400 33.4500 857.000000 0.000000 150.000000 58.000000
2.1600 35.9900 33.2900 863.000000 0.000000 150.000000 58.000000
2.1700 36.1300 33.1200 864.000000 0.000000 150.000000 58.000000
2.1800 36.2100 32.9400 872.000000 0.000000 150.000000 58.000000
2.1900 36.2100 32.7400 867.000000 0.000000 150.000000 58.000000
2.2000 36.2800 32.4900 885.000000 0.000000 150.000000 58.000000
2.2100 36.2800 32.1500 873.000000 0.000000 150.000000 58.000000
2.2200 36.1800 31.6500 879.000000 0.000000 150.000000 58.000000
2.2300 36.0000 31.0600 876.000000 0.000000 150.000000 58.000000
2.2400 35.6200 30.3300 888.000000 0.000000 150.000000 58.000000
2.2500 35.1100 29.6200 899.000000 0.000000 150.000000 58.000000
2.2600 34.4900 28.9200 909.000000 0.000000 150.000000 58.000000
2.2700 33.6500 28.1900 929.000000 0.000000 150.000000 58.000000
2.2800 32.6500 27.4600 933.000000 0.000000 150.000000 58.000000
2.2900 31.5000 26.7400 947.000000 0.000000 149.000000 59.000000
2.3000 30.3500 26.2500 976.000000 0.000000 149.000000 59.000000
2.3100 28.9800 25.9000 958.000000 0.000000 149.000000 59.000000
2.3200 27.4500 25.6500 965.000000 0.000000 149.000000 59.000000
2.3300 25.4600 25.4800 965.000000 0.000000 149.000000 59.000000
2.3400 23.3100 25.3700 968.000000 0.000000 149.000000 59.000000
2.3500 21.0400 25.2700 976.000000 0.000000 148.000000 60.000000
2.3600 18.3500 25.0900 991.000000 0.000000 148.000000 60.000000
2.3700 16.0300 25.0400 994.000000 0.000000 148.000000 60.000000
2.3800 13.9600 25.1000 1023.000000 0.000000 148.000000 60.000000
2.3900 12.8500 25.1800 1023.000000 0.000000 148.000000 60.000000
2.4000 12.2400 25.3700 1023.000000 0.000000 146.000000 60.000000
2.4100 11.9500 25.6400 1023.000000 0.000000 146.000000 60.000000
2.4200 12.2300 26.0000 1023.000000 0.000000 146.000000 60.000000
2.4300 13.7900 26.9100 1023.000000 0.000000 145.000000 60.000000
2.4400 16.1900 28.1800 1023.000000 0.000000 145.000000 60.000000
2.4500 19.8300 29.7400 1023.000000 0.000000 144.000000 60.000000
2.4600 24.1600 31.2400 1023.000000 0.000000 144.000000 60.000000
2.4700 28.9500 32.4500 1023.000000 0.000000 145.000000 60.000000
2.4800 32.8000 33.4800 1023.000000 0.000000 145.000000 60.000000
2.4900 35.7000 33.9800 1023.000000 0.000000 146.000000 60.000000
2.5000 37.9700 34.4400 1023.000000 0.000000 146.000000 60.000000
2.5100 39.0200 34.6500 1023.000000 0.000000 146.000000 60.000000
2.5200 39.4100 34.7200 1023.000000 0.000000 146.000000 60.000000
2.5300 39.3600 34.7200 1023.000000 0.000000 146.000000 60.000000
2.5400 39.3600 34.7200 1023.000000 0.000000 146.000000 60.000000
2.5500 39.3600 34.7200 1023.000000 0.000000 148.000000 60.000000
2.5600 39.3600 34.7200 1023.000000 0.000000 148.000000 60.000000
2.5700 39.3600 34.6600 1023.000000 0.000000 148.000000 60.000000
2.5800 39.3100 34.6100 1023.000000 0.000000 151.000000 60.000000
2.5900 39.3100 34.5600 1005.000000 0.000000 151.000000 60.000000
2.6000 39.3100 34.4700 965.000000 0.000000 151.000000 60.000000
2.6100 39.3100 34.3400 824.000000 0.000000 151.000000 60.000000
2.6200 39.2400 34.2400 581.000000 0.000000 152.000000 59.000000
