0.0000 90.2800 83.2600 311.000000 1.000000 173.000000 60.000000
0.0100 90.6600 83.0700 463.000000 0.000000 173.000000 59.000000
0.0200 90.7100 82.9300 569.000000 0.000000 173.000000 59.000000
0.0300 90.8100 82.7200 663.000000 0.000000 173.000000 59.000000
0.0400 91.0200 82.4300 724.000000 0.000000 172.000000 59.000000
0.0500 91.3000 82.1300 763.000000 0.000000 172.000000 59.000000
0.0600 91.5800 81.8000 794.000000 0.000000 170.000000 60.000000
0.0700 91.8500 81.5100 790.000000 0.000000 170.000000 60.000000
0.0800 92.1200 81.2300 794.000000 0.000000 168.000000 59.000000
0.0900 92.3900 81.0300 745.000000 0.000000 168.000000 60.000000
0.1000 92.6600 80.8900 656.000000 0.000000 168.000000 60.000000
0.1100 92.9300 80.7800 361.000000 0.000000 168.000000 60.000000
0.1200 92.9300 80.7800 0.000000 1.000000 169.000000 61.000000
0.1300 93.2700 81.0000 0.000000 0.000000 169.000000 62.000000
0.1400 93.0900 81.3100 0.000000 0.000000 171.000000 62.000000
0.1500 92.7300 81.5900 0.000000 0.000000 171.000000 62.000000
0.1600 92.3300 81.8500 0.000000 0.000000 173.000000 62.000000
0.1700 91.9500 82.0400 0.000000 0.000000 173.000000 62.000000
0.1800 91.6000 82.1400 0.000000 0.000000 173.000000 61.000000
0.1900 91.2900 82.1400 0.000000 0.000000 173.000000 61.000000
0.2000 91.1200 82.1400 0.000000 0.000000 173.000000 61.000000
0.2100 91.0400 82.1400 0.000000 0.000000 173.000000 61.000000
0.2200 91.1100 82.0500 0.000000 0.000000 173.000000 61.000000
0.2300 91.2000 81.9300 0.000000 0.000000 173.000000 60.000000
0.2400 91.3100 81.8200 0.000000 0.000000 173.000000 60.000000
0.2500 91.4400 81.7000 0.000000 0.000000 173.000000 60.000000
0.2600 91.5200 81.6100 0.000000 0.000000 173.000000 60.000000
0.2700 91.5700 81.5100 0.000000 0.000000 173.000000 60.000000
0.2800 91.5700 81.5100 15.000000 1.000000 173.000000 60.000000
0.2900 91.5700 81.5100 117.000000 0.000000 173.000000 61.000000
0.3000 91.6300 81.2200 249.000000 0.000000 173.000000 61.000000
0.3100 91.6300 81.1300 362.000000 0.000000 173.000000 61.000000
0.3200 91.6800 81.0800 478.000000 0.000000 173.000000 61.000000
0.3300 91.6800 81.0800 577.000000 0.000000 173.000000 61.000000
0.3400 91.7300 81.0800 662.000000 0.000000 173.000000 61.000000
0.3500 91.7300 81.0800 727.000000 0.000000 173.000000 62.000000
0.3600 91.8500 81.1400 782.000000 0.000000 171.000000 62.000000
0.3700 91.9600 81.3000 823.000000 0.000000 171.000000 62.000000
0.3800 92.1300 81.4400 819.000000 0.000000 169.000000 62.000000
0.3900 92.3600 81.7000 830.000000 0.000000 169.000000 62.000000
0.4000 92.7000 82.0600 843.000000 0.000000 169.000000 61.000000
0.4100 93.0200 82.4200 845.000000 0.000000 168.000000 60.000000
0.4200 93.3100 82.8800 851.000000 0.000000 168.000000 60.000000
0.4300 93.5700 83.4200 852.000000 0.000000 169.000000 61.000000
0.4400 93.6900 83.9600 855.000000 0.000000 169.000000 61.000000
0.4500 93.6900 84.4600 860.000000 0.000000 170.000000 60.000000
0.4600 93.6100 84.9200 855.000000 0.000000 170.000000 60.000000
0.4700 93.4000 85.2400 855.000000 0.000000 170.000000 60.000000
0.4800 93.1300 85.4600 854.000000 0.000000 170.000000 60.000000
0.4900 92.7800 85.5200 855.000000 0.000000 170.000000 60.000000
0.5000 92.4300 85.5200 860.000000 0.000000 170.000000 60.000000
0.5100 91.9900 85.4000 861.000000 0.000000 170.000000 59.000000
0.5200 91.4900 85.1000 853.000000 0.000000 170.000000 59.000000
0.5300 90.9400 84.6900 858.000000 0.000000 170.000000 59.000000
0.5400 90.3600 84.1600 854.000000 0.000000 168.000000 58.000000
0.5500 89.7600 83.5100 853.000000 0.000000 168.000000 58.000000
0.5600 89.2600 82.7700 863.000000 0.000000 168.000000 58.000000
0.5700 89.0200 81.9000 866.000000 0.000000 167.000000 58.000000
0.5800 88.9500 80.9800 866.000000 0.000000 166.000000 59.000000
0.5900 89.0700 80.0100 866.000000 0.000000 166.000000 59.000000
0.6000 89.3300 79.0600 869.000000 0.000000 165.000000 59.000000
0.6100 89.6800 78.3800 858.000000 0.000000 164.000000 60.000000
0.6200 90.0200 77.8800 873.000000 0.000000 162.000000 61.000000
0.6300 90.4000 77.5300 896.000000 0.000000 162.000000 61.000000
0.6400 90.8000 77.2900 917.000000 0.000000 159.000000 61.000000
0.6500 91.1900 77.1300 938.000000 0.000000 158.000000 62.000000
0.6600 91.6600 77.0800 967.000000 0.000000 158.000000 62.000000
0.6700 92.1200 77.2300 992.000000 0.000000 155.000000 63.000000
0.6800 92.5900 77.5200 983.000000 0.000000 155.000000 63.000000
0.6900 93.0600 78.0700 968.000000 0.000000 157.000000 63.000000
0.7000 93.4000 78.6100 935.000000 0.000000 157.000000 63.000000
0.7100 93.6000 79.1500 866.000000 0.000000 159.000000 64.000000
0.7200 93.7000 79.2500 673.000000 0.000000 162.000000 63.000000
0.7300 93.8700 79.3200 207.000000 0.000000 164.000000 63.000000
0.7400 93.8700 79.3200 0.000000 1.000000 166.000000 62.000000
0.7500 94.0300 78.9800 0.000000 0.000000 169.000000 62.000000
0.7600 93.8900 78.8500 0.000000 0.000000 169.000000 62.000000
0.7700 93.6800 78.7800 0.000000 0.000000 171.000000 62.000000
0.7800 93.4500 78.7800 0.000000 0.000000 173.000000 61.000000
0.7900 93.2100 78.7800 0.000000 0.000000 173.000000 61.000000
0.8000 93.0700 78.8300 0.000000 0.000000 173.000000 61.000000
0.8100 92.9700 78.9700 0.000000 0.000000 173.000000 61.000000
0.8200 92.9700 79.1100 0.000000 0.000000 173.000000 60.000000
0.8300 92.9700 79.3000 0.000000 0.000000 173.000000 60.000000
0.8400 93.1300 79.5300 0.000000 0.000000 171.000000 60.000000
0.8500 93.3500 79.8300 0.000000 0.000000 171.000000 60.000000
0.8600 93.6100 80.1000 0.000000 0.000000 169.000000 61.000000
0.8700 93.8800 80.3000 0.000000 0.000000 169.000000 62.000000
0.8800 94.1500 80.4200 0.000000 0.000000 168.000000 63.000000
0.8900 94.4500 80.4800 0.000000 0.000000 166.000000 62.000000
0.9000 94.6600 80.4800 0.000000 0.000000 166.000000 63.000000
0.9100 94.8000 80.4800 0.000000 0.000000 165.000000 64.000000
0.9200 94.8700 80.4000 0.000000 0.000000 165.000000 65.000000
0.9300 94.9600 80.4000 0.000000 0.000000 165.000000 65.000000
0.9400 95.1100 80.3400 0.000000 0.000000 165.000000 65.000000
0.9500 95.2600 80.3400 0.000000 0.000000 165.000000 65.000000
0.9600 95.4200 80.2900 0.000000 0.000000 165.000000 65.000000
0.9700 95.5300 80.2900 0.000000 0.000000 165.000000 65.000000
0.9800 95.6100 80.2300 0.000000 0.000000 165.000000 65.000000
0.9900 95.7100 80.2300 0.000000 0.000000 165.000000 65.000000
1.0000 95.8300 80.2300 0.000000 0.000000 165.000000 65.000000
1.0100 95.9700 80.2300 0.000000 0.000000 167.000000 65.000000
1.0200 96.1600 80.2300 0.000000 0.000000 166.000000 66.000000
1.0300 96.3900 80.2300 0.000000 0.000000 166.000000 66.000000
1.0400 96.5900 80.1500 0.000000 0.000000 166.000000 66.000000
1.0500 96.7600 80.0100 0.000000 0.000000 166.000000 66.000000
1.0600 96.7600 79.8300 0.000000 0.000000 168.000000 67.000000
1.0700 96.7600 79.5900 0.000000 0.000000 168.000000 67.000000
1.0800 96.7600 79.3300 0.000000 0.000000 168.000000 67.000000
1.0900 96.6500 79.0300 0.000000 0.000000 171.000000 66.000000
1.1000 96.5500 78.6800 0.000000 0.000000 171.000000 65.000000
1.1100 96.4400 78.3300 0.000000 0.000000 174.000000 64.000000
1.1200 96.3500 77.8700 0.000000 0.000000 174.000000 62.000000
1.1300 96.2000 77.3500 0.000000 0.000000 175.000000 61.000000
1.1400 96.0200 76.8100 0.000000 0.000000 175.000000 60.000000
1.1500 95.8400 76.3300 0.000000 0.000000 175.000000 59.000000
1.1600 95.6900 76.0200 0.000000 0.000000 175.000000 59.000000
1.1700 95.6900 75.8100 0.000000 0.000000 175.000000 59.000000
1.1800 95.8100 75.7600 0.000000 0.000000 175.000000 59.000000
1.1900 95.8100 75.7600 0.000000 0.000000 175.000000 59.000000
1.2000 95.8800 75.7600 0.000000 0.000000 175.000000 60.000000
1.2100 95.8800 75.7600 0.000000 0.000000 173.000000 60.000000
1.2200 95.8800 75.7600 0.000000 0.000000 173.000000 60.000000
1.2300 95.8800 75.6900 0.000000 0.000000 173.000000 60.000000
1.2400 95.8800 75.6100 0.000000 0.000000 173.000000 60.000000
1.2500 95.9300 75.5000 0.000000 0.000000 173.000000 61.000000
1.2600 95.9300 75.3700 0.000000 0.000000 173.000000 61.000000
1.2700 95.9300 75.2400 0.000000 0.000000 173.000000 61.000000
1.2800 95.9300 75.0800 0.000000 0.000000 173.000000 61.000000
1.2900 96.0000 74.8600 0.000000 0.000000 173.000000 62.000000
1.3000 96.0600 74.5500 0.000000 0.000000 173.000000 62.000000
1.3100 96.0600 74.5500 394.000000 1.000000 173.000000 62.000000
1.3200 96.3100 74.0000 527.000000 0.000000 170.000000 63.000000
1.3300 96.3100 73.9500 631.000000 0.000000 170.000000 63.000000
1.3400 96.3100 73.9500 759.000000 0.000000 168.000000 63.000000
1.3500 96.3700 73.9500 860.000000 0.000000 168.000000 63.000000
1.3600 96.3700 73.9500 912.000000 0.000000 166.000000 63.000000
1.3700 96.4600 73.9500 958.000000 0.000000 166.000000 63.000000
1.3800 96.6000 74.0400 982.000000 0.000000 163.000000 64.000000
1.3900 96.9000 74.2000 1023.000000 0.000000 163.000000 64.000000
1.4000 97.2700 74.5100 1023.000000 0.000000 163.000000 64.000000
1.4100 97.7500 74.9200 1023.000000 0.000000 161.000000 64.000000
1.4200 98.3200 75.5000 1023.000000 0.000000 161.000000 64.000000
1.4300 98.9500 76.2100 1023.000000 0.000000 161.000000 64.000000
1.4400 99.6000 77.0200 1023.000000 0.000000 161.000000 64.000000
1.4500 100.2800 78.0400 1015.000000 0.000000 161.000000 64.000000
1.4600 100.7500 79.1700 996.000000 0.000000 161.000000 64.000000
1.4700 101.0900 80.3700 992.000000 0.000000 162.000000 63.000000
1.4800 101.3000 81.5900 934.000000 0.000000 160.000000 63.000000
1.4900 101.3600 82.7800 917.000000 0.000000 160.000000 63.000000
1.5000 101.3600 83.9000 899.000000 0.000000 160.000000 63.000000
1.5100 101.2900 84.7000 894.000000 0.000000 161.000000 62.000000
1.5200 101.2300 85.2900 893.000000 0.000000 161.000000 62.000000
1.5300 101.1600 85.4800 900.000000 0.000000 161.000000 62.000000
1.5400 101.1600 85.4800 888.000000 0.000000 162.000000 61.000000
1.5500 101.1600 85.2700 891.000000 0.000000 162.000000 61.000000
1.5600 101.0300 84.6200 891.000000 0.000000 162.000000 61.000000
1.5700 100.8800 83.6500 897.000000 0.000000 162.000000 60.000000
1.5800 100.7200 82.4600 902.000000 0.000000 162.000000 60.000000
1.5900 100.6200 81.0700 896.000000 0.000000 162.000000 61.000000
1.6000 100.5300 79.7000 890.000000 0.000000 162.000000 61.000000
1.6100 100.4200 78.3800 887.000000 0.000000 160.000000 60.000000
1.6200 100.5700 77.6000 902.000000 0.000000 159.000000 61.000000
1.6300 100.8900 77.1500 908.000000 0.000000 159.000000 61.000000
1.6400 101.3300 76.9200 939.000000 0.000000 158.000000 62.000000
1.6500 101.7700 76.9200 940.000000 0.000000 156.000000 62.000000
1.6600 102.3100 76.9900 944.000000 0.000000 155.000000 63.000000
1.6700 102.9200 77.3600 947.000000 0.000000 157.000000 63.000000
1.6800 103.4100 77.9900 938.000000 0.000000 157.000000 63.000000
1.6900 103.7700 78.7900 942.000000 0.000000 157.000000 63.000000
1.7000 104.0500 79.8800 903.000000 0.000000 159.000000 64.000000
1.7100 104.1800 80.8700 903.000000 0.000000 159.000000 64.000000
1.7200 104.1800 81.8000 902.000000 0.000000 162.000000 63.000000
1.7300 104.1000 81.9500 870.000000 0.000000 164.000000 63.000000
1.7400 104.1000 81.7000 866.000000 0.000000 164.000000 63.000000
1.7500 104.0500 81.1900 869.000000 0.000000 164.000000 63.000000
1.7600 103.9800 80.3600 867.000000 0.000000 165.000000 62.000000
1.7700 103.9800 79.5300 860.000000 0.000000 165.000000 62.000000
1.7800 103.8800 78.7300 860.000000 0.000000 165.000000 62.000000
1.7900 103.7500 78.2700 866.000000 0.000000 164.000000 63.000000
1.8000 103.9100 78.0100 876.000000 0.000000 164.000000 63.000000
1.8100 104.0800 77.9000 888.000000 0.000000 164.000000 63.000000
1.8200 104.2500 77.9700 905.000000 0.000000 164.000000 63.000000
1.8300 104.6200 78.1500 890.000000 0.000000 162.000000 63.000000
1.8400 105.0700 78.5700 863.000000 0.000000 164.000000 63.000000
1.8500 105.5700 79.1300 861.000000 0.000000 164.000000 63.000000
1.8600 105.7200 79.7900 842.000000 0.000000 164.000000 63.000000
1.8700 105.8700 80.1200 837.000000 0.000000 166.000000 63.000000
1.8800 105.9300 80.1200 831.000000 0.000000 166.000000 63.000000
1.8900 105.9300 79.9100 839.000000 0.000000 168.000000 63.000000
1.9000 106.0700 79.4600 852.000000 0.000000 170.000000 64.000000
1.9100 106.2000 78.9200 860.000000 0.000000 169.000000 65.000000
1.9200 106.3300 78.3300 863.000000 0.000000 169.000000 65.000000
1.9300 106.4000 77.8000 869.000000 0.000000 169.000000 65.000000
1.9400 106.4000 77.4600 864.000000 0.000000 169.000000 65.000000
1.9500 106.6600 77.2600 891.000000 0.000000 169.000000 65.000000
1.9600 106.9400 77.1800 896.000000 0.000000 167.000000 64.000000
1.9700 107.5000 77.3200 900.000000 0.000000 167.000000 64.000000
1.9800 108.2300 77.6100 908.000000 0.000000 167.000000 64.000000
1.9900 109.0300 78.0500 906.000000 0.000000 169.000000 65.000000
2.0000 109.8800 78.6700 899.000000 0.000000 169.000000 65.000000
2.0100 110.7100 79.4200 906.000000 0.000000 169.000000 65.000000
2.0200 111.5200 80.3900 887.000000 0.000000 169.000000 65.000000
2.0300 112.0200 81.3600 878.000000 0.000000 169.000000 65.000000
2.0400 112.3000 82.1800 860.000000 0.000000 169.000000 65.000000
2.0500 112.4200 82.8900 861.000000 0.000000 170.000000 64.000000
2.0600 112.2700 83.3600 854.000000 0.000000 170.000000 64.000000
2.0700 111.9900 83.6100 830.000000 0.000000 170.000000 64.000000
2.0800 111.6200 83.7100 791.000000 0.000000 170.000000 63.000000
2.0900 111.0900 83.6400 779.000000 0.000000 170.000000 63.000000
2.1000 110.5700 83.4300 763.000000 0.000000 170.000000 63.000000
2.1100 110.1000 83.1400 731.000000 0.000000 171.000000 62.000000
2.1200 109.6800 82.7800 699.000000 0.000000 173.000000 62.000000
2.1300 109.4200 82.3900 673.000000 0.000000 173.000000 62.000000
2.1400 109.2500 81.9200 659.000000 0.000000 173.000000 62.000000
2.1500 109.1600 81.4000 650.000000 0.000000 174.000000 62.000000
2.1600 109.2100 80.8800 644.000000 0.000000 174.000000 63.000000
2.1700 109.3500 80.3600 646.000000 0.000000 174.000000 63.000000
2.1800 109.4600 79.9300 662.000000 0.000000 174.000000 63.000000
2.1900 109.6700 79.5700 666.000000 0.000000 174.000000 64.000000
2.2000 109.9400 79.2100 676.000000 0.000000 174.000000 64.000000
2.2100 110.2400 78.9800 684.000000 0.000000 174.000000 64.000000
2.2200 110.5500 78.8400 705.000000 0.000000 174.000000 64.000000
2.2300 110.8600 78.8400 717.000000 0.000000 172.000000 64.000000
2.2400 111.1800 79.0000 727.000000 0.000000 172.000000 64.000000
2.2500 111.6300 79.3000 721.000000 0.000000 170.000000 64.000000
2.2600 112.0900 79.6800 720.000000 0.000000 170.000000 64.000000
2.2700 112.5600 80.2300 727.000000 0.000000 168.000000 63.000000
2.2800 113.0000 80.9000 727.000000 0.000000 168.000000 63.000000
2.2900 113.4400 81.5500 714.000000 0.000000 166.000000 63.000000
2.3000 113.8500 82.2300 713.000000 0.000000 166.000000 63.000000
2.3100 114.0500 82.9200 705.000000 0.000000 166.000000 63.000000
2.3200 114.1100 83.6500 694.000000 0.000000 166.000000 63.000000
2.3300 113.8600 84.4300 693.000000 0.000000 166.000000 63.000000
2.3400 113.2000 85.2500 675.000000 0.000000 166.000000 63.000000
2.3500 112.2700 85.9000 681.000000 0.000000 165.000000 62.000000
2.3600 110.9000 86.1600 691.000000 0.000000 165.000000 62.000000
2.3700 108.9900 86.1600 725.000000 0.000000 165.000000 61.000000
2.3800 106.7100 85.6900 773.000000 0.000000 165.000000 61.000000
2.3900 104.0300 84.7800 808.000000 0.000000 165.000000 61.000000
2.4000 101.5000 83.5600 817.000000 0.000000 166.000000 60.000000
2.4100 99.0700 82.0300 830.000000 0.000000 164.000000 60.000000
2.4200 97.2300 80.4400 811.000000 0.000000 164.000000 60.000000
2.4300 96.2600 78.7600 808.000000 0.000000 164.000000 60.000000
2.4400 95.8700 77.0500 793.000000 0.000000 164.000000 60.000000
2.4500 95.9500 75.6400 796.000000 0.000000 162.000000 61.000000
2.4600 96.5700 74.5700 805.000000 0.000000 162.000000 61.000000
2.4700 97.5500 73.7200 827.000000 0.000000 162.000000 61.000000
2.4800 98.7100 73.3500 866.000000 0.000000 161.000000 62.000000
2.4900 100.1200 73.2000 896.000000 0.000000 161.000000 62.000000
2.5000 101.6900 73.2000 930.000000 0.000000 159.000000 61.000000
2.5100 103.6500 73.4300 942.000000 0.000000 159.000000 61.000000
2.5200 105.7800 73.8900 948.000000 0.000000 159.000000 61.000000
2.5300 108.0100 74.5000 938.000000 0.000000 158.000000 62.000000
2.5400 109.7300 75.2400 920.000000 0.000000 158.000000 62.000000
2.5500 111.1700 76.0500 908.000000 0.000000 158.000000 62.000000
2.5600 112.4100 76.9100 894.000000 0.000000 158.000000 62.000000
2.5700 113.1300 77.7200 891.000000 0.000000 160.000000 63.000000
2.5800 113.2400 78.5200 853.000000 0.000000 160.000000 63.000000
2.5900 112.9400 79.2900 818.000000 0.000000 160.000000 63.000000
2.6000 112.2500 80.0600 820.000000 0.000000 162.000000 63.000000
2.6100 110.9000 80.8400 827.000000 0.000000 162.000000 63.000000
2.6200 109.1200 80.9200 860.000000 0.000000 162.000000 63.000000
2.6300 107.1800 80.5400 890.000000 0.000000 162.000000 63.000000
2.6400 105.3500 79.8500 902.000000 0.000000 162.000000 63.000000
2.6500 103.5900 78.9400 902.000000 0.000000 162.000000 63.000000
2.6600 102.2400 78.0800 896.000000 0.000000 163.000000 62.000000
2.6700 101.2200 77.2500 909.000000 0.000000 161.000000 62.000000
2.6800 100.4200 76.5900 909.000000 0.000000 161.000000 62.000000
2.6900 100.1900 76.1800 902.000000 0.000000 159.000000 61.000000
2.7000 100.1900 75.9500 906.000000 0.000000 159.000000 61.000000
2.7100 100.3300 75.8200 896.000000 0.000000 157.000000 61.000000
2.7200 100.8100 75.8200 894.000000 0.000000 156.000000 61.000000
2.7300 101.7400 75.9000 897.000000 0.000000 156.000000 61.000000
2.7400 102.9600 76.1200 894.000000 0.000000 154.000000 60.000000
2.7500 104.2700 76.4400 909.000000 0.000000 155.000000 62.000000
2.7600 105.5900 76.8400 908.000000 0.000000 155.000000 62.000000
2.7700 106.5600 77.2500 896.000000 0.000000 155.000000 62.000000
2.7800 107.2900 77.6000 900.000000 0.000000 156.000000 62.000000
2.7900 107.3600 77.7600 893.000000 0.000000 158.000000 62.000000
2.8000 107.1100 77.8200 905.000000 0.000000 158.000000 62.000000
2.8100 106.6500 77.7400 897.000000 0.000000 160.000000 63.000000
2.8200 105.5200 77.5100 903.000000 0.000000 160.000000 63.000000
2.8300 104.1900 77.1700 899.000000 0.000000 160.000000 63.000000
2.8400 102.7200 76.7100 914.000000 0.000000 160.000000 63.000000
2.8500 101.4600 76.2400 929.000000 0.000000 160.000000 63.000000
2.8600 100.5500 75.7100 930.000000 0.000000 160.000000 63.000000
2.8700 99.8600 75.3500 926.000000 0.000000 158.000000 62.000000
2.8800 99.5700 75.1200 929.000000 0.000000 159.000000 61.000000
2.8900 99.5000 75.0000 933.000000 0.000000 159.000000 61.000000
2.9000 99.5800 74.9500 933.000000 0.000000 157.000000 61.000000
2.9100 99.5800 74.9500 933.000000 0.000000 157.000000 61.000000
2.9200 99.5800 74.9500 929.000000 0.000000 159.000000 61.000000
2.9300 99.5800 74.9500 903.000000 0.000000 159.000000 61.000000
2.9400 99.5800 74.9500 864.000000 0.000000 159.000000 61.000000
2.9500 99.5800 74.9500 719.000000 0.000000 161.000000 62.000000
2.9600 99.5800 74.9500 127.000000 0.000000 161.000000 62.000000
