0.0000 94.3600 26.0200 499.000000 1.000000 196.000000 60.000000
0.0100 94.6700 25.6800 644.000000 0.000000 197.000000 61.000000
0.0200 94.7200 25.8000 740.000000 0.000000 197.000000 62.000000
0.0300 94.7200 25.8000 833.000000 0.000000 198.000000 63.000000
0.0400 94.6300 25.8800 866.000000 0.000000 197.000000 64.000000
0.0500 94.4800 26.0000 884.000000 0.000000 195.000000 65.000000
0.0600 94.2500 26.2200 882.000000 0.000000 195.000000 65.000000
0.0700 93.9800 26.5000 891.000000 0.000000 194.000000 66.000000
0.0800 93.7100 26.8200 893.000000 0.000000 194.000000 66.000000
0.0900 93.4600 27.1400 894.000000 0.000000 192.000000 67.000000
0.1000 93.1900 27.5100 906.000000 0.000000 192.000000 67.000000
0.1100 92.9400 27.9100 902.000000 0.000000 191.000000 66.000000
0.1200 92.5500 28.3700 900.000000 0.000000 191.000000 66.000000
0.1300 92.2300 28.8100 899.000000 0.000000 191.000000 65.000000
0.1400 91.9600 29.2100 894.000000 0.000000 191.000000 65.000000
0.1500 91.8600 29.3400 906.000000 0.000000 190.000000 64.000000
0.1600 91.8600 29.3400 908.000000 0.000000 190.000000 63.000000
0.1700 91.8600 29.3400 909.000000 0.000000 190.000000 63.000000
0.1800 91.9100 29.2600 894.000000 0.000000 190.000000 63.000000
0.1900 91.9900 29.1500 899.000000 0.000000 187.000000 62.000000
0.2000 92.0900 28.9900 900.000000 0.000000 187.000000 62.000000
0.2100 92.1600 28.8400 914.000000 0.000000 187.000000 62.000000
0.2200 92.2700 28.7000 915.000000 0.000000 187.000000 62.000000
0.2300 92.3900 28.6100 935.000000 0.000000 187.000000 62.000000
0.2400 92.5100 28.6100 938.000000 0.000000 188.000000 63.000000
0.2500 92.6900 28.6100 962.000000 0.000000 190.000000 63.000000
0.2600 93.0300 28.7100 983.000000 0.000000 190.000000 63.000000
0.2700 93.4700 29.0100 982.000000 0.000000 190.000000 63.000000
0.2800 94.0300 29.4400 997.000000 0.000000 190.000000 63.000000
0.2900 94.5700 29.9000 1008.000000 0.000000 190.000000 63.000000
0.3000 95.0600 30.3600 1005.000000 0.000000 190.000000 63.000000
0.3100 95.4900 30.8200 1018.000000 0.000000 192.000000 63.000000
0.3200 95.8600 31.2600 1023.000000 0.000000 191.000000 62.000000
0.3300 96.2200 31.6800 1023.000000 0.000000 191.000000 62.000000
0.3400 96.2200 32.0700 1011.000000 0.000000 192.000000 60.000000
0.3500 95.9800 32.6400 988.000000 0.000000 192.000000 60.000000
0.3600 95.4800 33.3300 974.000000 0.000000 192.000000 60.000000
0.3700 94.6400 34.0000 933.000000 0.000000 192.000000 59.000000
0.3800 93.7100 34.5700 950.000000 0.000000 190.000000 60.000000
0.3900 92.7200 34.7900 946.000000 0.000000 190.000000 60.000000
0.4000 91.9000 34.7900 959.000000 0.000000 189.000000 60.000000
0.4100 91.0700 34.6800 995.000000 0.000000 187.000000 60.000000
0.4200 90.3600 34.1900 1017.000000 0.000000 185.000000 60.000000
0.4300 89.7200 33.4700 1023.000000 0.000000 183.000000 60.000000
0.4400 89.0800 32.4800 1023.000000 0.000000 183.000000 60.000000
0.4500 88.4600 31.2200 1023.000000 0.000000 183.000000 60.000000
0.4600 88.0600 29.7800 1023.000000 0.000000 182.000000 60.000000
0.4700 87.8000 28.3000 1023.000000 0.000000 182.000000 61.000000
0.4800 87.7000 26.9000 1023.000000 0.000000 182.000000 61.000000
0.4900 88.0500 25.5500 1023.000000 0.000000 184.000000 62.000000
0.5000 88.7000 24.6500 1023.000000 0.000000 184.000000 63.000000
0.5100 89.3800 24.1100 1023.000000 0.000000 184.000000 64.000000
0.5200 90.1000 23.8200 1023.000000 0.000000 184.000000 66.000000
0.5300 90.8400 23.6800 1023.000000 0.000000 185.000000 67.000000
0.5400 91.7800 23.7800 1023.000000 0.000000 185.000000 67.000000
0.5500 93.0000 24.0500 1023.000000 0.000000 185.000000 68.000000
0.5600 94.4000 24.3800 1023.000000 0.000000 185.000000 68.000000
0.5700 95.5700 24.7000 1023.000000 0.000000 185.000000 68.000000
0.5800 96.4700 25.0100 1023.000000 0.000000 185.000000 68.000000
0.5900 97.1800 25.3100 1023.000000 0.000000 185.000000 68.000000
0.6000 97.5900 25.6000 1023.000000 0.000000 187.000000 67.000000
0.6100 97.9400 25.8500 1023.000000 0.000000 189.000000 67.000000
0.6200 98.1100 26.0700 1023.000000 0.000000 192.000000 68.000000
0.6300 98.1700 26.2200 1023.000000 0.000000 195.000000 67.000000
0.6400 98.1700 26.2200 930.000000 0.000000 197.000000 67.000000
0.6500 98.1700 26.2200 770.000000 0.000000 197.000000 67.000000
0.6600 98.1100 26.1600 304.000000 0.000000 196.000000 66.000000
0.6700 98.1100 26.1600 0.000000 1.000000 198.000000 66.000000
0.6800 97.9400 25.5900 0.000000 0.000000 198.000000 66.000000
0.6900 97.8700 25.5900 0.000000 0.000000 198.000000 66.000000
0.7000 97.8200 25.5300 0.000000 0.000000 200.000000 65.000000
0.7100 97.6500 25.5300 0.000000 0.000000 201.000000 64.000000
0.7200 97.4700 25.3400 0.000000 0.000000 202.000000 62.000000
0.7300 97.2800 25.3400 0.000000 0.000000 203.000000 61.000000
0.7400 97.1500 25.4800 0.000000 0.000000 203.000000 59.000000
0.7500 97.0400 25.4800 0.000000 0.000000 203.000000 57.000000
0.7600 97.4100 25.4800 0.000000 0.000000 204.000000 55.000000
0.7700 97.7700 25.4800 0.000000 0.000000 204.000000 53.000000
0.7800 98.1200 25.6400 0.000000 0.000000 205.000000 50.000000
0.7900 98.4900 25.7200 0.000000 0.000000 205.000000 48.000000
0.8000 98.9400 25.7700 0.000000 0.000000 205.000000 46.000000
0.8100 99.4600 25.9500 0.000000 0.000000 206.000000 44.000000
0.8200 99.7600 26.1300 0.000000 0.000000 206.000000 42.000000
0.8300 99.8500 26.2600 0.000000 0.000000 206.000000 41.000000
0.8400 99.8000 26.2600 0.000000 0.000000 207.000000 41.000000
0.8500 99.5600 26.3100 0.000000 0.000000 207.000000 41.000000
0.8600 99.3000 26.1200 0.000000 0.000000 208.000000 41.000000
0.8700 99.0400 25.7800 0.000000 0.000000 209.000000 42.000000
0.8800 98.7700 25.7800 0.000000 0.000000 208.000000 44.000000
0.8900 98.5000 25.7000 0.000000 0.000000 207.000000 46.000000
0.9000 98.2500 25.7000 0.000000 0.000000 208.000000 48.000000
0.9100 97.9600 25.7000 0.000000 0.000000 206.000000 50.000000
0.9200 97.6400 25.7000 0.000000 0.000000 205.000000 52.000000
0.9300 97.3100 25.7000 0.000000 0.000000 204.000000 55.000000
0.9400 97.0500 25.5600 0.000000 0.000000 203.000000 57.000000
0.9500 96.8400 25.4100 0.000000 0.000000 202.000000 58.000000
0.9600 96.6000 25.2000 0.000000 0.000000 199.000000 60.000000
0.9700 96.3900 24.9200 0.000000 0.000000 199.000000 62.000000
0.9800 96.2800 24.7400 0.000000 0.000000 200.000000 63.000000
0.9900 96.2200 24.6700 0.000000 0.000000 198.000000 63.000000
1.0000 96.2200 24.3000 0.000000 0.000000 199.000000 64.000000
1.0100 96.2200 23.9200 0.000000 0.000000 197.000000 64.000000
1.0200 96.1400 23.4300 0.000000 0.000000 198.000000 65.000000
1.0300 96.1400 23.4300 291.000000 1.000000 198.000000 65.000000
1.0400 96.4200 23.0200 469.000000 0.000000 198.000000 66.000000
1.0500 96.4200 23.0700 614.000000 0.000000 198.000000 66.000000
1.0600 96.4200 23.0700 745.000000 0.000000 198.000000 66.000000
1.0700 96.5200 23.0700 818.000000 0.000000 196.000000 66.000000
1.0800 96.6200 23.1700 906.000000 0.000000 197.000000 67.000000
1.0900 96.7300 23.3400 939.000000 0.000000 197.000000 67.000000
1.1000 96.8800 23.6600 979.000000 0.000000 197.000000 67.000000
1.1100 97.1100 24.0900 1006.000000 0.000000 197.000000 67.000000
1.1200 97.3600 24.6000 1009.000000 0.000000 197.000000 67.000000
1.1300 97.5300 25.3700 1011.000000 0.000000 197.000000 67.000000
1.1400 97.6400 26.4800 994.000000 0.000000 197.000000 67.000000
1.1500 97.5300 27.8100 964.000000 0.000000 197.000000 67.000000
1.1600 97.2900 29.4400 951.000000 0.000000 197.000000 67.000000
1.1700 96.8100 31.1200 887.000000 0.000000 196.000000 66.000000
1.1800 96.1900 32.8300 848.000000 0.000000 195.000000 65.000000
1.1900 95.4700 34.4500 836.000000 0.000000 195.000000 64.000000
1.2000 94.8800 35.2300 836.000000 0.000000 192.000000 63.000000
1.2100 94.5600 35.4600 836.000000 0.000000 192.000000 63.000000
1.2200 94.4100 35.2200 846.000000 0.000000 189.000000 62.000000
1.2300 94.3600 34.3300 861.000000 0.000000 189.000000 61.000000
1.2400 94.5500 33.0200 885.000000 0.000000 187.000000 61.000000
1.2500 94.8900 31.2000 906.000000 0.000000 185.000000 60.000000
1.2600 95.3500 29.3200 917.000000 0.000000 185.000000 61.000000
1.2700 95.7600 27.5500 921.000000 0.000000 185.000000 61.000000
1.2800 96.1000 25.8800 917.000000 0.000000 186.000000 62.000000
1.2900 96.6400 24.8400 938.000000 0.000000 188.000000 63.000000
1.3000 97.3200 24.3000 964.000000 0.000000 188.000000 64.000000
1.3100 97.9500 24.1000 980.000000 0.000000 191.000000 65.000000
1.3200 98.6300 24.1800 997.000000 0.000000 191.000000 66.000000
1.3300 99.3500 24.5300 986.000000 0.000000 194.000000 66.000000
1.3400 99.8400 25.0700 979.000000 0.000000 195.000000 67.000000
1.3500 100.0900 26.0000 961.000000 0.000000 195.000000 67.000000
1.3600 100.1900 27.3300 933.000000 0.000000 197.000000 67.000000
1.3700 100.0800 28.9200 896.000000 0.000000 197.000000 67.000000
1.3800 99.7600 30.5200 905.000000 0.000000 196.000000 66.000000
1.3900 99.2900 31.3800 900.000000 0.000000 198.000000 65.000000
1.4000 99.1600 31.7500 897.000000 0.000000 197.000000 64.000000
1.4100 99.0800 31.6200 906.000000 0.000000 198.000000 63.000000
1.4200 99.0800 31.0500 896.000000 0.000000 197.000000 62.000000
1.4300 99.0800 30.2000 902.000000 0.000000 198.000000 61.000000
1.4400 99.2200 29.2400 905.000000 0.000000 198.000000 61.000000
1.4500 99.4500 28.3900 912.000000 0.000000 200.000000 60.000000
1.4600 99.6600 27.7300 920.000000 0.000000 200.000000 60.000000
1.4700 100.0100 27.1500 924.000000 0.000000 201.000000 61.000000
1.4800 100.4500 26.8700 930.000000 0.000000 200.000000 63.000000
1.4900 100.9400 26.8700 933.000000 0.000000 199.000000 64.000000
1.5000 101.3900 27.0300 929.000000 0.000000 198.000000 65.000000
1.5100 101.7500 27.3900 923.000000 0.000000 198.000000 65.000000
1.5200 101.9400 28.0000 912.000000 0.000000 195.000000 65.000000
1.5300 102.0400 28.7700 909.000000 0.000000 195.000000 65.000000
1.5400 102.0400 29.4800 909.000000 0.000000 195.000000 65.000000
1.5500 102.0400 29.8400 893.000000 0.000000 195.000000 65.000000
1.5600 102.0400 29.9700 894.000000 0.000000 195.000000 64.000000
1.5700 102.1000 29.7200 899.000000 0.000000 195.000000 64.000000
1.5800 102.2200 29.4100 900.000000 0.000000 194.000000 63.000000
1.5900 102.4100 29.0300 905.000000 0.000000 196.000000 63.000000
1.6000 102.5600 28.6500 906.000000 0.000000 196.000000 63.000000
1.6100 102.7000 28.4000 911.000000 0.000000 196.000000 63.000000
1.6200 102.8400 28.2200 921.000000 0.000000 196.000000 63.000000
1.6300 102.9700 28.2200 930.000000 0.000000 197.000000 64.000000
1.6400 103.1600 28.2900 927.000000 0.000000 197.000000 64.000000
1.6500 103.3800 28.5000 924.000000 0.000000 197.000000 64.000000
1.6600 103.7000 28.8600 924.000000 0.000000 197.000000 64.000000
1.6700 103.9700 29.2500 923.000000 0.000000 197.000000 64.000000
1.6800 104.1800 29.6500 926.000000 0.000000 197.000000 64.000000
1.6900 104.3700 29.6500 924.000000 0.000000 199.000000 64.000000
1.7000 104.5400 29.6500 926.000000 0.000000 199.000000 64.000000
1.7100 104.6900 29.6500 927.000000 0.000000 198.000000 63.000000
1.7200 104.8300 29.4900 926.000000 0.000000 198.000000 63.000000
1.7300 104.9600 29.3100 929.000000 0.000000 198.000000 63.000000
1.7400 105.1200 29.1500 930.000000 0.000000 198.000000 63.000000
1.7500 105.2400 29.0900 929.000000 0.000000 198.000000 63.000000
1.7600 105.4600 29.0900 930.000000 0.000000 198.000000 63.000000
1.7700 105.7300 29.1900 926.000000 0.000000 198.000000 63.000000
1.7800 105.9800 29.3000 924.000000 0.000000 200.000000 63.000000
1.7900 106.2400 29.4300 930.000000 0.000000 200.000000 63.000000
1.8000 106.5000 29.4900 933.000000 0.000000 200.000000 63.000000
1.8100 106.6800 29.4400 933.000000 0.000000 200.000000 63.000000
1.8200 106.9500 29.3100 934.000000 0.000000 202.000000 62.000000
1.8300 107.2700 29.2200 947.000000 0.000000 202.000000 62.000000
1.8400 107.5100 29.1300 962.000000 0.000000 202.000000 62.000000
1.8500 107.8000 29.0400 982.000000 0.000000 204.000000 62.000000
1.8600 108.1300 29.0400 986.000000 0.000000 204.000000 62.000000
1.8700 108.6300 29.0400 991.000000 0.000000 204.000000 62.000000
1.8800 109.3100 29.2000 988.000000 0.000000 205.000000 63.000000
1.8900 110.1100 29.4300 988.000000 0.000000 203.000000 63.000000
1.9000 111.0800 29.7400 992.000000 0.000000 203.000000 63.000000
1.9100 112.0900 30.1500 995.000000 0.000000 201.000000 64.000000
1.9200 113.1200 30.6500 977.000000 0.000000 197.000000 64.000000
1.9300 114.1300 31.2100 978.000000 0.000000 195.000000 65.000000
1.9400 115.0800 31.4900 994.000000 0.000000 191.000000 66.000000
1.9500 115.9000 32.2900 983.000000 0.000000 189.000000 66.000000
1.9600 116.3300 33.4400 983.000000 0.000000 187.000000 66.000000
1.9700 116.5000 34.0800 979.000000 0.000000 187.000000 66.000000
1.9800 116.3200 34.4900 973.000000 0.000000 184.000000 65.000000
1.9900 115.6900 34.7400 977.000000 0.000000 184.000000 65.000000
2.0000 114.7500 34.7400 988.000000 0.000000 186.000000 65.000000
2.0100 113.4400 34.5600 978.000000 0.000000 186.000000 64.000000
2.0200 111.4100 34.1800 1006.000000 0.000000 186.000000 64.000000
2.0300 108.8900 33.3100 1017.000000 0.000000 188.000000 64.000000
2.0400 106.2700 32.1700 1018.000000 0.000000 188.000000 63.000000
2.0500 103.6300 30.8600 1006.000000 0.000000 188.000000 63.000000
2.0600 100.9700 29.5600 1014.000000 0.000000 188.000000 63.000000
2.0700 98.4900 28.0700 1014.000000 0.000000 188.000000 63.000000
2.0800 96.8100 26.4600 997.000000 0.000000 188.000000 63.000000
2.0900 95.6700 25.1600 978.000000 0.000000 186.000000 63.000000
2.1000 95.2800 24.0600 973.000000 0.000000 186.000000 64.000000
2.1100 95.6700 23.1000 967.000000 0.000000 184.000000 65.000000
2.1200 96.5900 22.4000 976.000000 0.000000 184.000000 66.000000
2.1300 98.2200 22.1600 980.000000 0.000000 182.000000 66.000000
2.1400 100.3000 22.2200 988.000000 0.000000 182.000000 67.000000
2.1500 102.6800 22.5700 994.000000 0.000000 185.000000 68.000000
2.1600 105.2600 23.2400 987.000000 0.000000 185.000000 68.000000
2.1700 107.7800 24.1200 979.000000 0.000000 185.000000 68.000000
2.1800 110.0000 25.1500 979.000000 0.000000 185.000000 68.000000
2.1900 112.0400 26.3700 995.000000 0.000000 185.000000 68.000000
2.2000 113.4700 27.7300 979.000000 0.000000 185.000000 68.000000
2.2100 114.2400 29.1800 994.000000 0.000000 182.000000 68.000000
2.2200 114.5800 30.3600 985.000000 0.000000 180.000000 68.000000
2.2300 114.0800 31.3600 976.000000 0.000000 180.000000 68.000000
2.2400 112.8900 31.6200 967.000000 0.000000 178.000000 68.000000
2.2500 111.2400 31.6900 967.000000 0.000000 178.000000 68.000000
2.2600 109.0200 31.6400 965.000000 0.000000 178.000000 67.000000
2.2700 106.5200 31.0200 961.000000 0.000000 180.000000 66.000000
2.2800 103.8200 30.0600 962.000000 0.000000 180.000000 65.000000
2.2900 101.3500 28.8800 959.000000 0.000000 180.000000 65.000000
2.3000 99.4500 27.5900 958.000000 0.000000 182.000000 65.000000
2.3100 97.9200 26.4200 962.000000 0.000000 182.000000 64.000000
2.3200 97.2600 25.6100 965.000000 0.000000 184.000000 64.000000
2.3300 97.2600 25.0100 986.000000 0.000000 184.000000 65.000000
2.3400 97.5900 24.6200 981.000000 0.000000 182.000000 65.000000
2.3500 98.4300 24.4400 979.000000 0.000000 182.000000 66.000000
2.3600 99.9600 24.3900 988.000000 0.000000 182.000000 67.000000
2.3700 101.9400 24.6100 982.000000 0.000000 182.000000 67.000000
2.3800 104.0000 25.0800 986.000000 0.000000 182.000000 68.000000
2.3900 105.9800 25.7200 988.000000 0.000000 182.000000 68.000000
2.4000 107.9000 26.4500 974.000000 0.000000 182.000000 68.000000
2.4100 109.3600 27.1900 974.000000 0.000000 185.000000 68.000000
2.4200 110.1200 27.9300 961.000000 0.000000 185.000000 68.000000
2.4300 110.4200 28.2700 924.000000 0.000000 185.000000 68.000000
2.4400 109.9700 28.5800 894.000000 0.000000 185.000000 68.000000
2.4500 108.6700 28.4400 897.000000 0.000000 185.000000 68.000000
2.4600 106.7900 28.0200 864.000000 0.000000 185.000000 68.000000
2.4700 104.3700 27.1000 851.000000 0.000000 185.000000 68.000000
2.4800 101.7700 26.1700 843.000000 0.000000 185.000000 68.000000
2.4900 99.0400 25.2200 836.000000 0.000000 185.000000 68.000000
2.5000 97.0400 24.2500 830.000000 0.000000 182.000000 67.000000
2.5100 96.0800 23.6900 836.000000 0.000000 182.000000 67.000000
2.5200 95.8200 23.4300 870.000000 0.000000 182.000000 67.000000
2.5300 96.5400 23.3800 893.000000 0.000000 182.000000 67.000000
2.5400 98.1600 23.7100 905.000000 0.000000 182.000000 67.000000
2.5500 100.3700 24.2400 912.000000 0.000000 182.000000 67.000000
2.5600 102.7800 24.9000 914.000000 0.000000 182.000000 67.000000
2.5700 104.8200 25.5600 887.000000 0.000000 182.000000 67.000000
2.5800 106.6100 26.0400 770.000000 0.000000 182.000000 67.000000
2.5900 107.7300 26.3900 435.000000 0.000000 185.000000 67.000000
