0.0000 46.7400 38.0200 332.000000 1.000000 120.000000 54.000000
0.0100 46.5900 37.5100 417.000000 0.000000 120.000000 54.000000
0.0200 46.5900 37.5100 505.000000 0.000000 120.000000 55.000000
0.0300 46.5900 37.6700 533.000000 0.000000 121.000000 56.000000
0.0400 46.5900 38.1000 551.000000 0.000000 120.000000 57.000000
0.0500 46.7200 38.8500 585.000000 0.000000 121.000000 58.000000
0.0600 46.9300 39.8100 642.000000 0.000000 120.000000 58.000000
0.0700 47.2300 40.7000 658.000000 0.000000 120.000000 58.000000
0.0800 47.6100 42.2100 666.000000 0.000000 120.000000 58.000000
0.0900 48.2100 44.1300 690.000000 0.000000 120.000000 58.000000
0.1000 48.9300 45.6300 717.000000 0.000000 120.000000 58.000000
0.1100 49.8000 46.8000 728.000000 0.000000 121.000000 59.000000
0.1200 50.6100 47.7400 751.000000 0.000000 121.000000 59.000000
0.1300 51.3800 48.2300 763.000000 0.000000 121.000000 59.000000
0.1400 52.4100 48.3100 748.000000 0.000000 121.000000 59.000000
0.1500 52.6800 48.1200 739.000000 0.000000 124.000000 60.000000
0.1600 52.4500 47.6600 725.000000 0.000000 124.000000 60.000000
0.1700 52.3700 46.6900 659.000000 0.000000 124.000000 60.000000
0.1800 51.8700 45.3700 638.000000 0.000000 125.000000 59.000000
0.1900 51.0900 44.1700 630.000000 0.000000 125.000000 59.000000
0.2000 50.4000 43.3400 613.000000 0.000000 126.000000 60.000000
0.2100 49.7400 42.7600 602.000000 0.000000 128.000000 59.000000
0.2200 49.1400 42.3900 613.000000 0.000000 128.000000 59.000000
0.2300 48.5900 42.2300 624.000000 0.000000 128.000000 59.000000
0.2400 48.2400 42.2300 650.000000 0.000000 128.000000 59.000000
0.2500 48.0200 42.3500 708.000000 0.000000 128.000000 59.000000
0.2600 48.0200 42.4700 720.000000 0.000000 128.000000 59.000000
0.2700 48.0800 42.5800 756.000000 0.000000 128.000000 59.000000
0.2800 48.2200 42.7400 774.000000 0.000000 128.000000 59.000000
0.2900 48.5600 42.9300 808.000000 0.000000 126.000000 60.000000
0.3000 49.0100 42.9300 828.000000 0.000000 126.000000 60.000000
0.3100 49.5000 42.7100 851.000000 0.000000 126.000000 60.000000
0.3200 50.1000 42.3800 864.000000 0.000000 126.000000 60.000000
0.3300 50.7800 41.9600 858.000000 0.000000 126.000000 60.000000
0.3400 51.2200 41.5400 858.000000 0.000000 126.000000 60.000000
0.3500 51.4600 41.2100 860.000000 0.000000 126.000000 60.000000
0.3600 51.5700 40.9300 861.000000 0.000000 126.000000 60.000000
0.3700 51.6400 40.8000 860.000000 0.000000 126.000000 60.000000
0.3800 51.6400 40.7300 855.000000 0.000000 126.000000 60.000000
0.3900 51.6400 40.7300 834.000000 0.000000 126.000000 60.000000
0.4000 51.6400 40.7300 791.000000 0.000000 126.000000 60.000000
0.4100 51.5800 40.7900 637.000000 0.000000 126.000000 60.000000
0.4200 51.5800 40.9400 340.000000 0.000000 125.000000 60.000000
0.4300 51.5800 40.9400 0.000000 1.000000 125.000000 60.000000
0.4400 51.5200 41.2900 0.000000 0.000000 125.000000 60.000000
0.4500 51.4700 41.4400 0.000000 0.000000 125.000000 60.000000
0.4600 51.4700 41.5500 0.000000 0.000000 124.000000 60.000000
0.4700 51.6000 41.6300 0.000000 0.000000 124.000000 60.000000
0.4800 51.8500 41.6300 0.000000 0.000000 124.000000 60.000000
0.4900 52.2300 41.6300 0.000000 0.000000 124.000000 60.000000
0.5000 52.6200 41.6300 0.000000 0.000000 124.000000 60.000000
0.5100 52.9900 41.6300 0.000000 0.000000 124.000000 58.000000
0.5200 53.1800 41.5200 0.000000 0.000000 124.000000 58.000000
0.5300 53.2600 41.4400 0.000000 0.000000 124.000000 58.000000
0.5400 53.2600 41.3700 0.000000 0.000000 124.000000 58.000000
0.5500 53.2600 41.3700 0.000000 0.000000 124.000000 58.000000
0.5600 53.2600 41.3700 0.000000 0.000000 124.000000 58.000000
0.5700 53.4100 41.3700 0.000000 0.000000 124.000000 58.000000
0.5800 53.5500 41.4800 0.000000 0.000000 124.000000 58.000000
0.5900 53.5500 41.4800 384.000000 1.000000 124.000000 58.000000
0.6000 53.8900 41.3700 541.000000 0.000000 124.000000 58.000000
0.6100 53.8900 41.7600 691.000000 0.000000 125.000000 59.000000
0.6200 53.7600 41.9000 783.000000 0.000000 125.000000 59.000000
0.6300 53.7600 41.9000 839.000000 0.000000 125.000000 59.000000
0.6400 53.7000 41.9000 861.000000 0.000000 125.000000 59.000000
0.6500 53.7000 41.8400 857.000000 0.000000 126.000000 60.000000
0.6600 53.6400 41.8400 849.000000 0.000000 126.000000 60.000000
0.6700 53.5700 41.7300 827.000000 0.000000 126.000000 60.000000
0.6800 53.4800 41.4800 809.000000 0.000000 128.000000 59.000000
0.6900 53.3600 41.1300 750.000000 0.000000 129.000000 60.000000
0.7000 53.3600 40.8700 730.000000 0.000000 128.000000 61.000000
0.7100 53.5100 40.7400 722.000000 0.000000 128.000000 61.000000
0.7200 53.7000 40.7400 721.000000 0.000000 128.000000 61.000000
0.7300 53.8900 40.7400 737.000000 0.000000 128.000000 61.000000
0.7400 54.0900 40.8600 770.000000 0.000000 128.000000 61.000000
0.7500 54.2100 41.0100 785.000000 0.000000 128.000000 61.000000
0.7600 54.2700 41.1500 830.000000 0.000000 128.000000 61.000000
0.7700 54.2700 41.2900 836.000000 0.000000 128.000000 61.000000
0.7800 54.2700 41.4400 846.000000 0.000000 128.000000 61.000000
0.7900 54.1600 41.5700 837.000000 0.000000 128.000000 61.000000
0.8000 54.0800 41.6900 823.000000 0.000000 128.000000 61.000000
0.8100 53.9700 41.7500 762.000000 0.000000 128.000000 61.000000
0.8200 53.8500 41.7500 690.000000 0.000000 128.000000 61.000000
0.8300 53.7900 41.7500 541.000000 0.000000 128.000000 61.000000
0.8400 53.7900 41.6200 304.000000 0.000000 128.000000 61.000000
0.8500 53.7900 41.6200 0.000000 1.000000 128.000000 61.000000
0.8600 53.7900 41.2300 0.000000 0.000000 129.000000 61.000000
0.8700 53.7900 41.1600 0.000000 0.000000 129.000000 61.000000
0.8800 53.8900 41.1600 0.000000 0.000000 131.000000 61.000000
0.8900 54.0400 41.1600 0.000000 0.000000 131.000000 61.000000
0.9000 54.3500 41.2900 0.000000 0.000000 131.000000 61.000000
0.9100 54.7700 41.4600 0.000000 0.000000 131.000000 61.000000
0.9200 55.1000 41.3700 0.000000 0.000000 131.000000 61.000000
0.9300 55.6000 41.7000 0.000000 0.000000 131.000000 61.000000
0.9400 56.2100 42.3000 0.000000 0.000000 131.000000 61.000000
0.9500 56.9700 42.5200 0.000000 0.000000 131.000000 61.000000
0.9600 57.5100 42.6000 0.000000 0.000000 131.000000 61.000000
0.9700 57.9100 42.6000 0.000000 0.000000 131.000000 61.000000
0.9800 58.0900 43.0600 0.000000 0.000000 131.000000 60.000000
0.9900 58.0900 43.1200 0.000000 0.000000 131.000000 60.000000
1.0000 57.8700 42.9000 0.000000 0.000000 129.000000 59.000000
1.0100 57.4900 42.6700 0.000000 0.000000 131.000000 58.000000
1.0200 57.0400 42.3900 0.000000 0.000000 131.000000 58.000000
1.0300 56.5400 42.0400 0.000000 0.000000 130.000000 58.000000
1.0400 56.1900 41.7200 0.000000 0.000000 130.000000 58.000000
1.0500 55.9500 41.5000 0.000000 0.000000 130.000000 58.000000
1.0600 55.7800 41.3500 0.000000 0.000000 130.000000 58.000000
1.0700 55.7100 41.3000 0.000000 0.000000 130.000000 58.000000
1.0800 55.6500 41.3000 0.000000 0.000000 130.000000 58.000000
1.0900 55.6500 41.3700 0.000000 0.000000 130.000000 58.000000
1.1000 55.6500 41.4800 0.000000 0.000000 130.000000 58.000000
1.1100 55.6500 41.6500 0.000000 0.000000 130.000000 58.000000
1.1200 55.7100 41.8600 0.000000 0.000000 130.000000 58.000000
1.1300 55.7900 41.7400 0.000000 0.000000 129.000000 59.000000
1.1400 55.8800 42.1200 0.000000 0.000000 129.000000 59.000000
1.1500 56.0100 42.8400 0.000000 0.000000 131.000000 60.000000
1.1600 56.1500 43.2400 0.000000 0.000000 132.000000 60.000000
1.1700 56.3300 43.5800 0.000000 0.000000 132.000000 60.000000
1.1800 56.3300 43.5800 210.000000 1.000000 132.000000 60.000000
1.1900 56.6200 44.2000 325.000000 0.000000 132.000000 60.000000
1.2000 56.6200 44.4900 463.000000 0.000000 132.000000 60.000000
1.2100 56.6200 44.7100 578.000000 0.000000 132.000000 60.000000
1.2200 56.6200 44.8900 672.000000 0.000000 132.000000 60.000000
1.2300 56.6200 44.8900 725.000000 0.000000 132.000000 60.000000
1.2400 56.5300 44.8900 736.000000 0.000000 132.000000 60.000000
1.2500 56.4600 44.7600 752.000000 0.000000 132.000000 60.000000
1.2600 56.3600 44.3400 760.000000 0.000000 132.000000 60.000000
1.2700 56.2300 43.7100 763.000000 0.000000 132.000000 60.000000
1.2800 56.0800 42.7700 761.000000 0.000000 132.000000 60.000000
1.2900 56.0000 41.8300 731.000000 0.000000 132.000000 60.000000
1.3000 56.0000 40.9300 733.000000 0.000000 132.000000 60.000000
1.3100 56.2400 40.4300 728.000000 0.000000 132.000000 60.000000
1.3200 56.5300 40.1700 728.000000 0.000000 132.000000 60.000000
1.3300 56.8400 40.0200 731.000000 0.000000 132.000000 60.000000
1.3400 57.1500 40.0200 733.000000 0.000000 132.000000 60.000000
1.3500 57.5200 40.1900 755.000000 0.000000 132.000000 60.000000
1.3600 57.9700 40.5200 757.000000 0.000000 132.000000 60.000000
1.3700 58.3700 40.9200 773.000000 0.000000 132.000000 60.000000
1.3800 58.7200 41.3600 771.000000 0.000000 132.000000 60.000000
1.3900 58.9800 41.9300 773.000000 0.000000 132.000000 60.000000
1.4000 59.2400 42.6300 763.000000 0.000000 132.000000 60.000000
1.4100 59.3800 43.4300 760.000000 0.000000 134.000000 61.000000
1.4200 59.4300 44.1900 771.000000 0.000000 134.000000 61.000000
1.4300 59.3700 44.8500 787.000000 0.000000 134.000000 61.000000
1.4400 59.2900 45.1400 797.000000 0.000000 135.000000 62.000000
1.4500 59.1900 45.2300 803.000000 0.000000 135.000000 62.000000
1.4600 59.1900 45.2300 796.000000 0.000000 135.000000 62.000000
1.4700 59.1400 45.1400 788.000000 0.000000 135.000000 62.000000
1.4800 59.1400 44.7600 788.000000 0.000000 137.000000 62.000000
1.4900 59.0700 44.1700 787.000000 0.000000 137.000000 62.000000
1.5000 59.0000 43.3100 790.000000 0.000000 138.000000 61.000000
1.5100 59.0000 42.4500 773.000000 0.000000 138.000000 61.000000
1.5200 59.0000 41.7400 770.000000 0.000000 138.000000 61.000000
1.5300 59.1000 41.1300 771.000000 0.000000 138.000000 61.000000
1.5400 59.2800 40.7500 770.000000 0.000000 138.000000 61.000000
1.5500 59.4800 40.5200 771.000000 0.000000 138.000000 61.000000
1.5600 59.6800 40.4000 776.000000 0.000000 138.000000 61.000000
1.5700 59.8900 40.4000 779.000000 0.000000 138.000000 61.000000
1.5800 60.1200 40.4000 784.000000 0.000000 138.000000 61.000000
1.5900 60.3800 40.4900 785.000000 0.000000 138.000000 61.000000
1.6000 60.6700 40.5700 787.000000 0.000000 137.000000 62.000000
1.6100 61.0400 40.6500 787.000000 0.000000 137.000000 62.000000
1.6200 61.4800 40.7400 790.000000 0.000000 137.000000 62.000000
1.6300 61.4800 40.8300 790.000000 0.000000 137.000000 62.000000
1.6400 61.5500 40.9200 788.000000 0.000000 135.000000 62.000000
1.6500 61.7300 41.0200 794.000000 0.000000 135.000000 62.000000
1.6600 61.9000 41.1400 794.000000 0.000000 135.000000 62.000000
1.6700 62.0900 41.3400 787.000000 0.000000 135.000000 62.000000
1.6800 62.3200 41.5900 788.000000 0.000000 133.000000 62.000000
1.6900 62.5100 41.8700 796.000000 0.000000 133.000000 62.000000
1.7000 62.6700 42.0300 803.000000 0.000000 133.000000 62.000000
1.7100 62.8100 42.3100 811.000000 0.000000 133.000000 62.000000
1.7200 62.9400 42.6600 814.000000 0.000000 133.000000 62.000000
1.7300 63.1000 43.0500 809.000000 0.000000 133.000000 62.000000
1.7400 63.2800 43.6400 790.000000 0.000000 133.000000 62.000000
1.7500 63.5000 44.3700 797.000000 0.000000 133.000000 62.000000
1.7600 63.7100 45.1600 793.000000 0.000000 135.000000 62.000000
1.7700 63.8200 45.8900 797.000000 0.000000 135.000000 62.000000
1.7800 63.8700 46.3700 802.000000 0.000000 137.000000 62.000000
1.7900 63.7400 46.7000 803.000000 0.000000 137.000000 62.000000
1.8000 63.5500 46.9100 799.000000 0.000000 137.000000 62.000000
1.8100 63.3100 47.1000 802.000000 0.000000 137.000000 62.000000
1.8200 63.0000 47.2400 785.000000 0.000000 137.000000 62.000000
1.8300 62.7000 47.1600 787.000000 0.000000 137.000000 62.000000
1.8400 62.2400 46.9400 780.000000 0.000000 137.000000 62.000000
1.8500 61.6700 46.3300 784.000000 0.000000 138.000000 63.000000
1.8600 61.3200 45.5900 785.000000 0.000000 140.000000 62.000000
1.8700 61.1600 44.7600 793.000000 0.000000 140.000000 62.000000
1.8800 61.1600 43.9800 796.000000 0.000000 140.000000 62.000000
1.8900 61.2900 43.3500 788.000000 0.000000 140.000000 62.000000
1.9000 61.4600 42.8300 790.000000 0.000000 140.000000 62.000000
1.9100 61.6500 42.3700 802.000000 0.000000 140.000000 62.000000
1.9200 61.8900 42.0100 830.000000 0.000000 140.000000 62.000000
1.9300 62.1800 41.7200 824.000000 0.000000 138.000000 61.000000
1.9400 62.4800 41.4800 834.000000 0.000000 138.000000 61.000000
1.9500 62.7000 41.3300 840.000000 0.000000 138.000000 61.000000
1.9600 62.8600 41.2500 846.000000 0.000000 138.000000 61.000000
1.9700 63.0000 41.2500 861.000000 0.000000 138.000000 61.000000
1.9800 63.1400 41.2000 869.000000 0.000000 137.000000 62.000000
1.9900 63.2400 41.2000 853.000000 0.000000 135.000000 62.000000
2.0000 63.3000 41.1500 869.000000 0.000000 135.000000 62.000000
2.0100 63.3600 41.1500 855.000000 0.000000 135.000000 62.000000
2.0200 63.5800 41.1500 853.000000 0.000000 135.000000 62.000000
2.0300 63.7900 41.1500 869.000000 0.000000 133.000000 62.000000
2.0400 63.9800 41.1500 869.000000 0.000000 133.000000 62.000000
2.0500 64.1400 41.1500 854.000000 0.000000 133.000000 62.000000
2.0600 64.3000 41.2500 867.000000 0.000000 132.000000 61.000000
2.0700 64.4600 41.3500 853.000000 0.000000 132.000000 61.000000
2.0800 64.6000 41.4500 869.000000 0.000000 132.000000 61.000000
2.0900 64.7300 41.5400 858.000000 0.000000 132.000000 61.000000
2.1000 64.8500 41.6200 864.000000 0.000000 132.000000 61.000000
2.1100 64.9500 41.6200 876.000000 0.000000 132.000000 61.000000
2.1200 65.0300 41.7400 872.000000 0.000000 132.000000 61.000000
2.1300 65.1300 41.8500 879.000000 0.000000 132.000000 61.000000
2.1400 65.2000 41.9300 873.000000 0.000000 132.000000 61.000000
2.1500 65.2600 41.9900 879.000000 0.000000 132.000000 61.000000
2.1600 65.3500 42.0400 879.000000 0.000000 132.000000 61.000000
2.1700 65.4900 42.1400 884.000000 0.000000 132.000000 61.000000
2.1800 65.6700 42.2700 884.000000 0.000000 132.000000 61.000000
2.1900 65.8100 42.2700 887.000000 0.000000 132.000000 61.000000
2.2000 65.8700 42.2700 882.000000 0.000000 132.000000 61.000000
2.2100 65.9700 42.3400 888.000000 0.000000 132.000000 61.000000
2.2200 66.0200 42.3400 888.000000 0.000000 132.000000 61.000000
2.2300 66.0200 42.4200 890.000000 0.000000 132.000000 61.000000
2.2400 66.1900 42.5200 888.000000 0.000000 132.000000 61.000000
2.2500 66.3700 42.6700 896.000000 0.000000 132.000000 61.000000
2.2600 66.6100 42.8800 893.000000 0.000000 132.000000 61.000000
2.2700 66.8500 43.0800 899.000000 0.000000 132.000000 61.000000
2.2800 67.1000 43.3000 894.000000 0.000000 132.000000 61.000000
2.2900 67.3800 43.5900 903.000000 0.000000 132.000000 61.000000
2.3000 67.6300 43.9200 897.000000 0.000000 132.000000 61.000000
2.3100 67.8500 44.2200 908.000000 0.000000 132.000000 61.000000
2.3200 68.0500 44.5200 903.000000 0.000000 132.000000 61.000000
2.3300 68.2300 44.8100 909.000000 0.000000 133.000000 62.000000
2.3400 68.3800 45.1100 906.000000 0.000000 133.000000 62.000000
2.3500 68.5100 45.4800 908.000000 0.000000 133.000000 62.000000
2.3600 68.6900 45.9100 899.000000 0.000000 135.000000 63.000000
2.3700 68.8600 46.3700 906.000000 0.000000 135.000000 63.000000
2.3800 69.0200 46.8400 903.000000 0.000000 135.000000 63.000000
2.3900 69.0900 47.2800 905.000000 0.000000 137.000000 62.000000
2.4000 69.0900 47.7100 896.000000 0.000000 138.000000 63.000000
2.4100 69.0900 48.0900 911.000000 0.000000 138.000000 63.000000
2.4200 68.9400 48.4400 905.000000 0.000000 138.000000 63.000000
2.4300 68.7000 48.6500 897.000000 0.000000 140.000000 63.000000
2.4400 68.3400 48.8200 897.000000 0.000000 140.000000 63.000000
2.4500 67.7400 48.9500 882.000000 0.000000 140.000000 63.000000
2.4600 66.9900 48.7800 887.000000 0.000000 141.000000 63.000000
2.4700 66.1400 48.4200 896.000000 0.000000 141.000000 63.000000
2.4800 65.4300 47.8000 890.000000 0.000000 141.000000 63.000000
2.4900 65.1000 47.2500 897.000000 0.000000 141.000000 63.000000
2.5000 64.9600 46.7500 897.000000 0.000000 143.000000 62.000000
2.5100 65.1700 46.2600 900.000000 0.000000 143.000000 62.000000
2.5200 65.5600 45.8400 903.000000 0.000000 143.000000 62.000000
2.5300 66.0700 45.5900 893.000000 0.000000 143.000000 62.000000
2.5400 66.7200 45.4300 897.000000 0.000000 143.000000 62.000000
2.5500 67.3900 45.4800 912.000000 0.000000 143.000000 62.000000
2.5600 68.1000 45.6600 921.000000 0.000000 141.000000 61.000000
2.5700 68.8300 45.9300 936.000000 0.000000 141.000000 61.000000
2.5800 69.3500 46.2500 947.000000 0.000000 140.000000 62.000000
2.5900 69.7300 46.6200 944.000000 0.000000 140.000000 62.000000
2.6000 70.0700 47.0300 944.000000 0.000000 140.000000 62.000000
2.6100 70.2500 47.5600 949.000000 0.000000 140.000000 62.000000
2.6200 70.3200 48.0400 956.000000 0.000000 140.000000 63.000000
2.6300 70.3200 48.4800 956.000000 0.000000 140.000000 63.000000
2.6400 70.1400 48.8800 944.000000 0.000000 140.000000 63.000000
2.6500 69.9100 49.2800 937.000000 0.000000 141.000000 64.000000
2.6600 69.5500 49.6700 951.000000 0.000000 143.000000 63.000000
2.6700 68.9600 49.8900 934.000000 0.000000 143.000000 63.000000
2.6800 68.2100 49.9700 950.000000 0.000000 145.000000 64.000000
2.6900 67.7300 49.9700 948.000000 0.000000 145.000000 64.000000
2.7000 67.3000 49.7900 945.000000 0.000000 146.000000 63.000000
2.7100 66.9900 49.5900 936.000000 0.000000 146.000000 63.000000
2.7200 66.8900 49.3600 935.000000 0.000000 146.000000 63.000000
2.7300 66.8900 49.0900 933.000000 0.000000 147.000000 62.000000
2.7400 67.1800 48.7300 932.000000 0.000000 147.000000 62.000000
2.7500 67.4900 48.4900 929.000000 0.000000 147.000000 62.000000
2.7600 68.0000 48.3500 932.000000 0.000000 148.000000 61.000000
2.7700 68.6200 48.2900 932.000000 0.000000 148.000000 61.000000
2.7800 69.3000 48.3600 935.000000 0.000000 148.000000 61.000000
2.7900 69.8600 48.5200 936.000000 0.000000 148.000000 61.000000
2.8000 70.3500 48.7000 945.000000 0.000000 150.000000 60.000000
2.8100 70.5200 48.8700 935.000000 0.000000 150.000000 60.000000
2.8200 70.6800 49.0500 956.000000 0.000000 150.000000 60.000000
2.8300 70.7900 49.1200 979.000000 0.000000 150.000000 60.000000
2.8400 70.7900 49.1200 997.000000 0.000000 148.000000 61.000000
2.8500 70.7900 49.1200 979.000000 0.000000 148.000000 61.000000
2.8600 70.7400 49.1200 981.000000 0.000000 148.000000 61.000000
2.8700 70.6800 49.1200 994.000000 0.000000 150.000000 62.000000
2.8800 70.5800 49.0300 994.000000 0.000000 150.000000 62.000000
2.8900 70.3300 48.7000 992.000000 0.000000 150.000000 62.000000
2.9000 69.9200 48.1900 978.000000 0.000000 150.000000 62.000000
2.9100 69.4000 47.5100 979.000000 0.000000 150.000000 62.000000
2.9200 69.0900 46.7900 997.000000 0.000000 150.000000 62.000000
2.9300 68.8000 45.8700 1008.000000 0.000000 150.000000 62.000000
2.9400 68.5200 44.8400 1021.000000 0.000000 151.000000 63.000000
2.9500 68.5200 43.7700 1023.000000 0.000000 151.000000 63.000000
2.9600 68.6600 42.7600 1023.000000 0.000000 151.000000 63.000000
2.9700 68.8700 41.8000 1023.000000 0.000000 150.000000 64.000000
2.9800 69.1400 40.9900 1023.000000 0.000000 150.000000 64.000000
2.9900 69.1900 40.4800 1023.000000 0.000000 150.000000 64.000000
3.0000 69.1900 40.1800 1023.000000 0.000000 148.000000 65.000000
3.0100 69.0800 40.0100 1023.000000 0.000000 148.000000 65.000000
3.0200 68.8800 39.8400 1023.000000 0.000000 147.000000 65.000000
3.0300 67.8300 39.6700 1023.000000 0.000000 147.000000 65.000000
3.0400 66.2000 39.2700 1023.000000 0.000000 147.000000 65.000000
3.0500 64.0400 38.6700 1000.000000 0.000000 147.000000 65.000000
3.0600 61.2400 37.9400 979.000000 0.000000 146.000000 66.000000
3.0700 58.0000 37.1400 988.000000 0.000000 146.000000 66.000000
3.0800 54.8300 36.4500 977.000000 0.000000 146.000000 66.000000
3.0900 51.6800 35.9100 1012.000000 0.000000 144.000000 67.000000
3.1000 48.9700 35.4200 1023.000000 0.000000 142.000000 66.000000
3.1100 46.5300 35.0700 1023.000000 0.000000 142.000000 66.000000
3.1200 44.6200 35.0000 1023.000000 0.000000 140.000000 67.000000
3.1300 43.7700 35.1100 1023.000000 0.000000 139.000000 67.000000
3.1400 43.6300 35.3400 1023.000000 0.000000 139.000000 67.000000
3.1500 43.8700 35.8700 1023.000000 0.000000 139.000000 67.000000
3.1600 45.3800 36.6000 1023.000000 0.000000 137.000000 66.000000
3.1700 47.7400 38.2400 1023.000000 0.000000 137.000000 66.000000
3.1800 52.0100 40.0700 1023.000000 0.000000 137.000000 66.000000
3.1900 57.2300 42.0200 1023.000000 0.000000 137.000000 66.000000
3.2000 63.0800 43.4100 1023.000000 0.000000 137.000000 66.000000
3.2100 67.8400 44.3100 1023.000000 0.000000 137.000000 66.000000
3.2200 70.7400 44.8900 1023.000000 0.000000 139.000000 67.000000
3.2300 72.4000 45.3200 1023.000000 0.000000 139.000000 67.000000
3.2400 73.0100 45.4600 1023.000000 0.000000 139.000000 67.000000
3.2500 73.2300 45.4600 1023.000000 0.000000 140.000000 67.000000
3.2600 73.2300 45.4600 1023.000000 0.000000 142.000000 66.000000
3.2700 73.1800 45.4100 1023.000000 0.000000 144.000000 67.000000
3.2800 73.1300 45.4100 1023.000000 0.000000 146.000000 67.000000
3.2900 73.0500 45.4100 1023.000000 0.000000 150.000000 67.000000
3.3000 73.0500 45.3400 1023.000000 0.000000 152.000000 68.000000
3.3100 73.0500 45.3400 1023.000000 0.000000 155.000000 67.000000
3.3200 72.9200 45.2500 1023.000000 0.000000 155.000000 67.000000
3.3300 72.7900 45.1900 1023.000000 0.000000 158.000000 67.000000
3.3400 72.7900 45.1100 930.000000 0.000000 159.000000 67.000000
3.3500 72.7900 45.0600 468.000000 0.000000 159.000000 67.000000
