0.0000 28.0200 80.6400 160.000000 1.000000 151.000000 66.000000
0.0100 28.0200 80.6400 228.000000 0.000000 151.000000 66.000000
0.0200 27.8100 80.9900 400.000000 0.000000 154.000000 66.000000
0.0300 27.6900 81.0900 491.000000 0.000000 155.000000 65.000000
0.0400 27.5600 81.1700 537.000000 0.000000 157.000000 65.000000
0.0500 27.3300 81.2500 641.000000 0.000000 158.000000 64.000000
0.0600 27.0400 81.3100 703.000000 0.000000 158.000000 64.000000
0.0700 26.6200 81.3600 782.000000 0.000000 158.000000 64.000000
0.0800 26.1800 81.3600 834.000000 0.000000 157.000000 63.000000
0.0900 25.7300 81.3600 890.000000 0.000000 157.000000 63.000000
0.1000 25.1400 81.3600 929.000000 0.000000 157.000000 63.000000
0.1100 24.5700 81.3600 934.000000 0.000000 157.000000 63.000000
0.1200 23.9300 81.2500 956.000000 0.000000 157.000000 63.000000
0.1300 23.2300 81.0900 976.000000 0.000000 158.000000 62.000000
0.1400 22.6500 80.9400 991.000000 0.000000 158.000000 62.000000
0.1500 22.1600 80.8000 981.000000 0.000000 158.000000 62.000000
0.1600 21.7300 80.5700 996.000000 0.000000 157.000000 63.000000
0.1700 21.2900 80.2200 1003.000000 0.000000 157.000000 63.000000
0.1800 20.8500 79.7800 1008.000000 0.000000 155.000000 63.000000
0.1900 20.4300 79.3100 1012.000000 0.000000 155.000000 63.000000
0.2000 20.1000 78.8000 1023.000000 0.000000 155.000000 63.000000
0.2100 19.8500 78.2500 1023.000000 0.000000 155.000000 63.000000
0.2200 19.6600 77.6900 1023.000000 0.000000 154.000000 64.000000
0.2300 19.4900 77.2600 1023.000000 0.000000 154.000000 64.000000
0.2400 19.5600 76.7900 1023.000000 0.000000 154.000000 64.000000
0.2500 19.6900 76.3500 1023.000000 0.000000 154.000000 64.000000
0.2600 20.1700 75.9500 1023.000000 0.000000 154.000000 64.000000
0.2700 20.8700 75.6800 1023.000000 0.000000 155.000000 63.000000
0.2800 22.2200 75.6800 1023.000000 0.000000 155.000000 63.000000
0.2900 23.6400 75.9200 1023.000000 0.000000 154.000000 63.000000
0.3000 25.1100 76.1200 1023.000000 0.000000 155.000000 63.000000
0.3100 26.1100 76.2900 1023.000000 0.000000 155.000000 63.000000
0.3200 26.8600 76.4100 1023.000000 0.000000 155.000000 63.000000
0.3300 27.4300 76.4900 1023.000000 0.000000 155.000000 63.000000
0.3400 27.5300 76.4900 1023.000000 0.000000 155.000000 63.000000
0.3500 27.5300 76.4900 1023.000000 0.000000 154.000000 63.000000
0.3600 27.5300 76.4900 1023.000000 0.000000 154.000000 63.000000
0.3700 27.4700 76.4900 1023.000000 0.000000 154.000000 63.000000
0.3800 27.4700 76.4900 1023.000000 0.000000 154.000000 63.000000
0.3900 27.4700 76.4900 1023.000000 0.000000 152.000000 62.000000
0.4000 27.4700 76.4900 1023.000000 0.000000 153.000000 61.000000
0.4100 27.4700 76.4900 1023.000000 0.000000 153.000000 61.000000
0.4200 27.4700 76.4900 942.000000 0.000000 153.000000 61.000000
0.4300 27.4000 76.4900 548.000000 0.000000 153.000000 61.000000
0.4400 27.4000 76.4900 0.000000 1.000000 153.000000 61.000000
0.4500 27.2100 76.4900 0.000000 0.000000 153.000000 61.000000
0.4600 27.0300 76.7200 0.000000 0.000000 153.000000 61.000000
0.4700 27.1700 77.1600 0.000000 0.000000 154.000000 60.000000
0.4800 27.5800 77.6200 0.000000 0.000000 154.000000 60.000000
0.4900 28.1800 78.0700 0.000000 0.000000 153.000000 59.000000
0.5000 29.2600 78.5100 0.000000 0.000000 154.000000 58.000000
0.5100 30.1100 78.9400 0.000000 0.000000 154.000000 56.000000
0.5200 30.8100 79.3200 0.000000 0.000000 154.000000 55.000000
0.5300 31.4000 79.6700 0.000000 0.000000 155.000000 54.000000
0.5400 31.8000 79.9400 0.000000 0.000000 153.000000 54.000000
0.5500 32.0800 80.1800 0.000000 0.000000 154.000000 55.000000
0.5600 32.2300 80.3600 0.000000 0.000000 152.000000 57.000000
0.5700 32.3800 80.5300 0.000000 0.000000 152.000000 59.000000
0.5800 32.5400 80.7100 0.000000 0.000000 152.000000 60.000000
0.5900 32.7000 80.9400 0.000000 0.000000 152.000000 62.000000
0.6000 32.8800 81.2200 0.000000 0.000000 150.000000 64.000000
0.6100 33.0600 81.3800 0.000000 0.000000 150.000000 65.000000
0.6200 33.2200 81.5100 0.000000 0.000000 150.000000 65.000000
0.6300 33.4100 81.6200 0.000000 0.000000 150.000000 65.000000
0.6400 33.4100 81.6200 0.000000 0.000000 153.000000 65.000000
0.6500 33.4100 81.6200 0.000000 0.000000 153.000000 65.000000
0.6600 33.4100 81.6200 0.000000 0.000000 154.000000 64.000000
0.6700 33.4100 81.6200 0.000000 0.000000 154.000000 64.000000
0.6800 33.1100 81.4800 0.000000 0.000000 155.000000 63.000000
0.6900 33.0500 81.3800 0.000000 0.000000 155.000000 63.000000
0.7000 32.9900 81.2500 0.000000 0.000000 154.000000 63.000000
0.7100 32.9400 81.0700 0.000000 0.000000 154.000000 63.000000
0.7200 32.8400 80.8600 0.000000 0.000000 154.000000 63.000000
0.7300 32.7000 80.6500 0.000000 0.000000 153.000000 63.000000
0.7400 32.5600 80.4400 0.000000 0.000000 153.000000 63.000000
0.7500 32.4300 80.2700 0.000000 0.000000 153.000000 63.000000
0.7600 32.3000 80.1100 0.000000 0.000000 150.000000 64.000000
0.7700 32.1800 79.9600 0.000000 0.000000 150.000000 64.000000
0.7800 32.0500 79.8400 0.000000 0.000000 148.000000 65.000000
0.7900 31.9300 79.7500 0.000000 0.000000 148.000000 65.000000
0.8000 31.8200 79.7000 0.000000 0.000000 147.000000 65.000000
0.8100 31.7000 79.7000 0.000000 0.000000 145.000000 65.000000
0.8200 31.5800 79.8100 0.000000 0.000000 145.000000 65.000000
0.8300 31.5800 79.9100 0.000000 0.000000 145.000000 65.000000
0.8400 31.5000 80.1000 0.000000 0.000000 145.000000 65.000000
0.8500 31.5000 80.3600 0.000000 0.000000 145.000000 65.000000
0.8600 31.5000 80.6400 0.000000 0.000000 145.000000 65.000000
0.8700 31.5600 80.9400 0.000000 0.000000 145.000000 65.000000
0.8800 31.5600 81.2600 0.000000 0.000000 146.000000 64.000000
0.8900 31.6100 81.5400 0.000000 0.000000 148.000000 63.000000
0.9000 31.5600 81.8000 0.000000 0.000000 148.000000 63.000000
0.9100 31.4500 81.9800 0.000000 0.000000 149.000000 63.000000
0.9200 31.2800 82.1000 0.000000 0.000000 149.000000 63.000000
0.9300 31.1200 82.1700 0.000000 0.000000 150.000000 62.000000
0.9400 30.9700 82.2300 0.000000 0.000000 152.000000 62.000000
0.9500 30.9700 82.2300 316.000000 1.000000 153.000000 61.000000
0.9600 30.7100 82.0300 433.000000 0.000000 153.000000 61.000000
0.9700 30.5400 81.8300 569.000000 0.000000 154.000000 60.000000
0.9800 30.3900 81.5900 691.000000 0.000000 156.000000 61.000000
0.9900 30.0900 81.0100 773.000000 0.000000 156.000000 61.000000
1.0000 29.6800 79.9900 834.000000 0.000000 157.000000 60.000000
1.0100 29.1300 78.6800 900.000000 0.000000 157.000000 60.000000
1.0200 28.4300 77.1800 927.000000 0.000000 156.000000 61.000000
1.0300 27.6200 75.9800 943.000000 0.000000 156.000000 61.000000
1.0400 27.2000 74.9900 959.000000 0.000000 154.000000 60.000000
1.0500 27.0400 74.3500 970.000000 0.000000 151.000000 61.000000
1.0600 27.0400 74.0900 991.000000 0.000000 151.000000 61.000000
1.0700 27.1000 74.0900 1023.000000 0.000000 150.000000 60.000000
1.0800 27.2100 74.1900 1023.000000 0.000000 148.000000 60.000000
1.0900 27.6000 74.7200 1023.000000 0.000000 148.000000 60.000000
1.1000 28.1600 75.5300 1023.000000 0.000000 145.000000 60.000000
1.1100 28.6700 76.4900 1023.000000 0.000000 147.000000 61.000000
1.1200 29.2200 77.8700 1023.000000 0.000000 147.000000 61.000000
1.1300 29.8200 79.5300 1023.000000 0.000000 147.000000 61.000000
1.1400 30.4000 81.0000 1023.000000 0.000000 148.000000 61.000000
1.1500 30.7700 81.8100 1023.000000 0.000000 148.000000 61.000000
1.1600 31.0200 82.1900 1023.000000 0.000000 150.000000 62.000000
1.1700 31.0200 82.1900 1023.000000 0.000000 151.000000 61.000000
1.1800 31.0200 82.1900 1023.000000 0.000000 153.000000 61.000000
1.1900 30.9700 82.1400 1023.000000 0.000000 153.000000 61.000000
1.2000 30.8500 81.8200 1023.000000 0.000000 153.000000 61.000000
1.2100 30.5800 81.3600 1023.000000 0.000000 154.000000 60.000000
1.2200 30.2200 80.5900 1023.000000 0.000000 154.000000 60.000000
1.2300 29.7400 79.7000 1023.000000 0.000000 154.000000 60.000000
1.2400 29.4400 78.7400 1023.000000 0.000000 152.000000 60.000000
1.2500 29.2700 78.0700 1023.000000 0.000000 151.000000 61.000000
1.2600 29.3400 77.7300 1023.000000 0.000000 151.000000 61.000000
1.2700 29.4800 77.6200 1023.000000 0.000000 151.000000 61.000000
1.2800 29.7200 77.6200 1023.000000 0.000000 150.000000 60.000000
1.2900 30.2200 77.9100 1023.000000 0.000000 150.000000 60.000000
1.3000 30.8900 78.4500 1023.000000 0.000000 150.000000 60.000000
1.3100 31.6500 79.2500 1023.000000 0.000000 150.000000 60.000000
1.3200 32.3400 80.1100 1023.000000 0.000000 150.000000 60.000000
1.3300 32.9700 81.0100 1023.000000 0.000000 150.000000 60.000000
1.3400 33.4800 81.7800 1023.000000 0.000000 151.000000 61.000000
1.3500 33.7200 82.2700 1023.000000 0.000000 151.000000 61.000000
1.3600 33.7900 82.5800 1023.000000 0.000000 153.000000 61.000000
1.3700 33.7900 82.7300 1023.000000 0.000000 154.000000 60.000000
1.3800 33.8400 82.7300 1023.000000 0.000000 156.000000 61.000000
1.3900 33.8400 82.7300 1023.000000 0.000000 156.000000 61.000000
1.4000 33.8400 82.6200 1023.000000 0.000000 156.000000 61.000000
1.4100 33.8400 82.1900 1023.000000 0.000000 156.000000 61.000000
1.4200 33.7500 81.5500 1023.000000 0.000000 157.000000 60.000000
1.4300 33.7000 80.8400 1023.000000 0.000000 156.000000 61.000000
1.4400 33.5900 80.1300 1023.000000 0.000000 156.000000 61.000000
1.4500 33.4300 79.4200 1023.000000 0.000000 156.000000 61.000000
1.4600 33.5200 79.1700 1023.000000 0.000000 156.000000 61.000000
1.4700 33.6100 79.0300 1023.000000 0.000000 156.000000 61.000000
1.4800 33.7100 78.9600 1023.000000 0.000000 156.000000 61.000000
1.4900 34.0400 79.0300 1023.000000 0.000000 156.000000 61.000000
1.5000 34.5300 79.4300 1023.000000 0.000000 156.000000 61.000000
1.5100 35.0900 80.0500 1023.000000 0.000000 156.000000 61.000000
1.5200 35.6500 80.7000 1023.000000 0.000000 156.000000 61.000000
1.5300 36.2200 81.3000 1023.000000 0.000000 157.000000 61.000000
1.5400 36.8100 81.8100 1023.000000 0.000000 158.000000 60.000000
1.5500 37.2600 82.1500 1023.000000 0.000000 158.000000 60.000000
1.5600 37.6000 82.3900 1023.000000 0.000000 158.000000 60.000000
1.5700 37.7500 82.3900 1023.000000 0.000000 158.000000 60.000000
1.5800 37.8100 82.3900 1023.000000 0.000000 158.000000 60.000000
1.5900 37.8100 82.3900 1023.000000 0.000000 158.000000 60.000000
1.6000 37.7500 82.3200 1023.000000 0.000000 157.000000 60.000000
1.6100 37.6000 81.9800 1023.000000 0.000000 157.000000 60.000000
1.6200 37.3800 81.4800 1023.000000 0.000000 157.000000 59.000000
1.6300 37.1000 80.8900 1023.000000 0.000000 155.000000 60.000000
1.6400 36.8600 80.3100 1023.000000 0.000000 157.000000 60.000000
1.6500 36.7100 79.7400 1023.000000 0.000000 157.000000 60.000000
1.6600 36.5900 79.3800 1023.000000 0.000000 158.000000 60.000000
1.6700 36.5900 79.1800 1023.000000 0.000000 158.000000 60.000000
1.6800 36.6800 79.0800 1023.000000 0.000000 160.000000 60.000000
1.6900 36.8500 79.0800 1023.000000 0.000000 160.000000 60.000000
1.7000 37.3100 79.0200 1023.000000 0.000000 162.000000 61.000000
1.7100 37.9600 79.2200 1023.000000 0.000000 162.000000 61.000000
1.7200 38.6900 79.6000 1023.000000 0.000000 162.000000 61.000000
1.7300 39.3400 79.7800 1023.000000 0.000000 162.000000 61.000000
1.7400 39.9400 79.9400 1023.000000 0.000000 160.000000 60.000000
1.7500 40.2500 80.0800 1023.000000 0.000000 159.000000 61.000000
1.7600 40.3100 80.0800 1023.000000 0.000000 159.000000 61.000000
1.7700 40.2000 80.0800 1023.000000 0.000000 159.000000 61.000000
1.7800 40.2000 80.0000 1023.000000 0.000000 159.000000 61.000000
1.7900 40.1300 80.0000 1023.000000 0.000000 159.000000 61.000000
1.8000 40.1300 79.9500 1023.000000 0.000000 159.000000 61.000000
1.8100 40.1300 79.9500 1023.000000 0.000000 159.000000 61.000000
1.8200 40.1300 79.9500 1023.000000 0.000000 159.000000 61.000000
1.8300 40.1300 79.9500 1023.000000 0.000000 159.000000 61.000000
1.8400 40.1300 79.9500 1023.000000 0.000000 159.000000 61.000000
1.8500 40.1300 79.9500 1023.000000 0.000000 159.000000 61.000000
1.8600 40.1300 79.9500 1023.000000 0.000000 159.000000 61.000000
1.8700 40.1300 79.9500 1023.000000 0.000000 157.000000 61.000000
1.8800 40.1300 79.9500 1023.000000 0.000000 157.000000 61.000000
1.8900 40.1300 79.9500 1023.000000 0.000000 157.000000 61.000000
1.9000 40.1300 79.9500 1023.000000 0.000000 159.000000 61.000000
1.9100 40.1300 79.9500 1023.000000 0.000000 159.000000 61.000000
1.9200 40.1300 79.9500 1023.000000 0.000000 159.000000 61.000000
1.9300 40.1300 79.9500 1023.000000 0.000000 159.000000 61.000000
1.9400 40.1300 79.9500 1023.000000 0.000000 159.000000 61.000000
1.9500 40.1300 79.9500 1023.000000 0.000000 159.000000 61.000000
1.9600 40.1300 79.9500 1023.000000 0.000000 159.000000 61.000000
1.9700 40.1300 79.9500 1023.000000 0.000000 161.000000 62.000000
1.9800 40.1300 79.9500 1023.000000 0.000000 161.000000 62.000000
1.9900 40.1300 79.9500 1023.000000 0.000000 161.000000 62.000000
2.0000 40.1300 79.9500 1023.000000 0.000000 161.000000 62.000000
2.0100 40.1300 79.9500 1023.000000 0.000000 161.000000 62.000000
2.0200 40.1300 79.9500 1023.000000 0.000000 161.000000 62.000000
2.0300 40.1300 79.9500 1023.000000 0.000000 161.000000 62.000000
2.0400 40.1300 79.9500 1023.000000 0.000000 161.000000 62.000000
2.0500 40.1300 79.9500 1023.000000 0.000000 161.000000 62.000000
2.0600 40.1300 79.9500 1023.000000 0.000000 161.000000 62.000000
2.0700 40.1300 79.9500 1023.000000 0.000000 161.000000 62.000000
2.0800 40.1300 79.9500 1023.000000 0.000000 161.000000 62.000000
2.0900 40.1300 79.9500 1023.000000 0.000000 161.000000 62.000000
2.1000 40.1300 79.9500 1023.000000 0.000000 161.000000 62.000000
2.1100 40.1300 79.9500 1023.000000 0.000000 161.000000 62.000000
2.1200 40.1300 79.9500 1023.000000 0.000000 161.000000 62.000000
2.1300 40.1300 79.9500 1023.000000 0.000000 159.000000 61.000000
2.1400 40.1300 79.9500 1023.000000 0.000000 159.000000 61.000000
2.1500 40.1300 79.9500 1023.000000 0.000000 159.000000 61.000000
2.1600 40.1300 79.9500 1023.000000 0.000000 159.000000 61.000000
2.1700 39.4200 79.8700 1023.000000 0.000000 159.000000 61.000000
2.1800 38.3400 79.5300 1023.000000 0.000000 159.000000 61.000000
2.1900 36.9100 79.0600 1023.000000 0.000000 159.000000 61.000000
2.2000 34.7200 78.5800 1023.000000 0.000000 159.000000 61.000000
2.2100 31.9600 77.8600 1023.000000 0.000000 159.000000 61.000000
2.2200 28.8100 76.9700 1023.000000 0.000000 159.000000 61.000000
2.2300 25.8400 76.2000 1023.000000 0.000000 159.000000 61.000000
2.2400 23.8000 75.6200 1023.000000 0.000000 159.000000 61.000000
2.2500 22.3900 75.1700 1023.000000 0.000000 159.000000 61.000000
2.2600 21.2900 74.8300 1023.000000 0.000000 159.000000 61.000000
2.2700 20.7100 74.6700 1023.000000 0.000000 160.000000 60.000000
2.2800 20.4700 74.6700 1023.000000 0.000000 160.000000 60.000000
2.2900 20.3300 74.4700 1023.000000 0.000000 160.000000 60.000000
2.3000 20.2000 74.3100 1023.000000 0.000000 158.000000 60.000000
2.3100 20.1100 74.1700 1023.000000 0.000000 158.000000 60.000000
2.3200 20.0400 74.0700 1023.000000 0.000000 159.000000 59.000000
2.3300 20.0400 73.9900 1023.000000 0.000000 159.000000 59.000000
2.3400 19.9900 73.9900 1023.000000 0.000000 157.000000 59.000000
2.3500 19.9900 73.9900 1023.000000 0.000000 157.000000 59.000000
2.3600 20.0600 73.9900 1023.000000 0.000000 157.000000 59.000000
2.3700 20.5700 73.9900 1023.000000 0.000000 156.000000 59.000000
2.3800 21.3800 73.9900 1023.000000 0.000000 157.000000 59.000000
2.3900 23.2200 74.4300 1023.000000 0.000000 157.000000 59.000000
2.4000 26.0500 75.2000 1023.000000 0.000000 157.000000 59.000000
2.4100 29.5400 75.9600 1023.000000 0.000000 159.000000 59.000000
2.4200 33.4400 76.6600 1023.000000 0.000000 159.000000 59.000000
2.4300 37.4000 77.4600 1023.000000 0.000000 161.000000 60.000000
2.4400 41.3900 78.3600 1023.000000 0.000000 161.000000 60.000000
2.4500 44.0100 78.8200 1023.000000 0.000000 162.000000 60.000000
2.4600 45.3000 79.2100 1023.000000 0.000000 162.000000 60.000000
2.4700 45.7000 79.5500 1023.000000 0.000000 164.000000 60.000000
2.4800 45.7600 79.6400 1023.000000 0.000000 164.000000 60.000000
2.4900 45.7600 79.6400 1023.000000 0.000000 166.000000 60.000000
2.5000 45.7600 79.6400 1023.000000 0.000000 166.000000 60.000000
2.5100 45.7600 79.6400 1023.000000 0.000000 167.000000 61.000000
2.5200 45.7600 79.6400 1023.000000 0.000000 167.000000 61.000000
2.5300 45.7600 79.6400 1023.000000 0.000000 167.000000 61.000000
2.5400 45.7600 79.6400 1023.000000 0.000000 167.000000 61.000000
2.5500 45.7600 79.6400 591.000000 0.000000 166.000000 62.000000
