0.0000 34.3900 15.1000 374.000000 1.000000 156.000000 53.000000
0.0100 33.9600 15.4300 532.000000 0.000000 155.000000 54.000000
0.0200 33.1800 15.5000 611.000000 0.000000 155.000000 54.000000
0.0300 32.4000 15.5000 721.000000 0.000000 154.000000 55.000000
0.0400 31.3500 15.5000 799.000000 0.000000 154.000000 55.000000
0.0500 30.1300 15.4100 908.000000 0.000000 153.000000 56.000000
0.0600 28.8100 15.3200 989.000000 0.000000 153.000000 56.000000
0.0700 27.4900 14.9800 1023.000000 0.000000 152.000000 56.000000
0.0800 26.0000 14.6200 1023.000000 0.000000 152.000000 56.000000
0.0900 24.3800 13.9500 1023.000000 0.000000 152.000000 56.000000
0.1000 22.9500 13.0900 1023.000000 0.000000 150.000000 55.000000
0.1100 21.4100 11.8600 1023.000000 0.000000 150.000000 55.000000
0.1200 20.1700 10.6200 1023.000000 0.000000 151.000000 54.000000
0.1300 19.1500 9.6300 1023.000000 0.000000 151.000000 54.000000
0.1400 18.8100 8.8200 1023.000000 0.000000 152.000000 54.000000
0.1500 19.0200 8.1000 1023.000000 0.000000 152.000000 54.000000
0.1600 19.5900 7.3700 1023.000000 0.000000 153.000000 53.000000
0.1700 20.6500 6.7900 1023.000000 0.000000 154.000000 52.000000
0.1800 22.2000 6.3000 1023.000000 0.000000 154.000000 52.000000
0.1900 24.0700 6.1700 1023.000000 0.000000 156.000000 51.000000
0.2000 25.8600 6.3500 1023.000000 0.000000 156.000000 51.000000
0.2100 27.6900 6.7400 1023.000000 0.000000 155.000000 52.000000
0.2200 29.3400 7.4200 1023.000000 0.000000 155.000000 52.000000
0.2300 30.8500 8.2000 1023.000000 0.000000 156.000000 53.000000
0.2400 32.1000 9.0500 1023.000000 0.000000 155.000000 54.000000
0.2500 33.0200 9.9200 1023.000000 0.000000 154.000000 55.000000
0.2600 33.7300 10.8300 1023.000000 0.000000 152.000000 57.000000
0.2700 34.1100 11.7700 1023.000000 0.000000 151.000000 58.000000
0.2800 34.2100 12.6900 1023.000000 0.000000 149.000000 59.000000
0.2900 34.1200 13.2500 1023.000000 0.000000 150.000000 60.000000
0.3000 34.0700 13.5800 1023.000000 0.000000 148.000000 61.000000
0.3100 34.0200 13.7100 1023.000000 0.000000 147.000000 62.000000
0.3200 34.0200 13.7100 1023.000000 0.000000 147.000000 62.000000
0.3300 33.9500 13.6300 1023.000000 0.000000 147.000000 62.000000
0.3400 33.9500 13.3900 1023.000000 0.000000 147.000000 62.000000
0.3500 33.9500 13.2500 1023.000000 0.000000 147.000000 62.000000
0.3600 33.9500 13.1700 1023.000000 0.000000 147.000000 62.000000
0.3700 34.0000 13.1700 1023.000000 0.000000 149.000000 63.000000
0.3800 34.0000 13.1700 1023.000000 0.000000 149.000000 63.000000
0.3900 34.0000 13.1700 1023.000000 0.000000 149.000000 63.000000
0.4000 34.0000 13.1700 1023.000000 0.000000 149.000000 63.000000
0.4100 34.0000 13.2200 1023.000000 0.000000 147.000000 62.000000
0.4200 34.0000 13.2200 1023.000000 0.000000 149.000000 63.000000
0.4300 33.9500 13.2200 1023.000000 0.000000 149.000000 63.000000
0.4400 33.9500 13.2200 1023.000000 0.000000 149.000000 63.000000
0.4500 33.9500 13.2200 1023.000000 0.000000 149.000000 63.000000
0.4600 33.9500 13.2200 1023.000000 0.000000 149.000000 63.000000
0.4700 33.9500 13.2200 1023.000000 0.000000 149.000000 63.000000
0.4800 33.9500 13.2200 1023.000000 0.000000 147.000000 62.000000
0.4900 33.9500 13.2200 1023.000000 0.000000 147.000000 62.000000
0.5000 33.8400 13.1300 1023.000000 0.000000 147.000000 62.000000
0.5100 33.3100 12.8200 1023.000000 0.000000 147.000000 62.000000
0.5200 32.4500 12.3500 1023.000000 0.000000 147.000000 62.000000
0.5300 31.3700 11.6400 1023.000000 0.000000 148.000000 61.000000
0.5400 29.8600 10.8400 1023.000000 0.000000 148.000000 61.000000
0.5500 28.1200 9.9700 1023.000000 0.000000 150.000000 60.000000
0.5600 26.2300 9.0800 1023.000000 0.000000 150.000000 60.000000
0.5700 24.9300 8.4700 1023.000000 0.000000 149.000000 59.000000
0.5800 24.4000 8.0600 1023.000000 0.000000 150.000000 58.000000
0.5900 24.4000 7.9400 1023.000000 0.000000 152.000000 57.000000
0.6000 24.4000 7.9400 1023.000000 0.000000 153.000000 56.000000
0.6100 24.7200 8.0900 1023.000000 0.000000 155.000000 55.000000
0.6200 25.2000 8.3500 1023.000000 0.000000 155.000000 55.000000
0.6300 26.3900 8.7900 1023.000000 0.000000 156.000000 55.000000
0.6400 28.0000 9.3600 1023.000000 0.000000 155.000000 55.000000
0.6500 29.8900 10.3100 1023.000000 0.000000 155.000000 55.000000
0.6600 32.2800 11.6600 1023.000000 0.000000 154.000000 56.000000
0.6700 34.5500 13.2800 1023.000000 0.000000 154.000000 57.000000
0.6800 36.7400 14.7500 1023.000000 0.000000 153.000000 58.000000
0.6900 38.2600 15.8100 1023.000000 0.000000 152.000000 59.000000
0.7000 39.0800 16.5900 1023.000000 0.000000 152.000000 59.000000
0.7100 39.4200 16.9100 1023.000000 0.000000 150.000000 58.000000
0.7200 39.4200 17.0100 1023.000000 0.000000 150.000000 58.000000
0.7300 39.4200 16.9600 1023.000000 0.000000 150.000000 58.000000
0.7400 39.3100 16.7600 1023.000000 0.000000 150.000000 58.000000
0.7500 39.0200 16.2600 1023.000000 0.000000 151.000000 58.000000
0.7600 38.5400 15.5600 1023.000000 0.000000 150.000000 57.000000
0.7700 37.9400 14.5000 1023.000000 0.000000 150.000000 57.000000
0.7800 36.9100 13.1400 1023.000000 0.000000 149.000000 58.000000
0.7900 35.7800 11.5700 1023.000000 0.000000 147.000000 59.000000
0.8000 34.5800 10.4400 1023.000000 0.000000 147.000000 59.000000
0.8100 33.9500 9.7700 1023.000000 0.000000 148.000000 60.000000
0.8200 33.7200 9.4000 1023.000000 0.000000 148.000000 60.000000
0.8300 33.7200 9.4000 1023.000000 0.000000 148.000000 61.000000
0.8400 33.8200 9.5500 1023.000000 0.000000 148.000000 61.000000
0.8500 34.2300 9.8000 1023.000000 0.000000 150.000000 62.000000
0.8600 34.8800 10.7000 1023.000000 0.000000 150.000000 62.000000
0.8700 36.0500 11.8000 1023.000000 0.000000 149.000000 63.000000
0.8800 37.3400 13.0300 1023.000000 0.000000 149.000000 63.000000
0.8900 38.7100 14.3100 1023.000000 0.000000 149.000000 63.000000
0.9000 39.7600 15.1100 1023.000000 0.000000 147.000000 62.000000
0.9100 40.3400 15.5900 1023.000000 0.000000 146.000000 62.000000
0.9200 40.6000 15.8000 1023.000000 0.000000 146.000000 62.000000
0.9300 40.6000 15.8000 1023.000000 0.000000 144.000000 61.000000
0.9400 40.6000 15.8000 1023.000000 0.000000 144.000000 61.000000
0.9500 40.4800 15.6100 1023.000000 0.000000 145.000000 60.000000
0.9600 40.3600 14.9000 1023.000000 0.000000 144.000000 60.000000
0.9700 39.9300 13.8300 1023.000000 0.000000 145.000000 59.000000
0.9800 39.2800 12.2700 1023.000000 0.000000 144.000000 60.000000
0.9900 38.5100 10.7100 1023.000000 0.000000 144.000000 60.000000
1.0000 38.0100 9.7000 1023.000000 0.000000 142.000000 61.000000
1.0100 37.7000 9.0700 1023.000000 0.000000 142.000000 61.000000
1.0200 37.7000 8.8100 1023.000000 0.000000 141.000000 61.000000
1.0300 37.7000 8.8100 1023.000000 0.000000 139.000000 61.000000
1.0400 37.8300 8.9600 1023.000000 0.000000 139.000000 61.000000
1.0500 38.3500 9.5300 1023.000000 0.000000 139.000000 61.000000
1.0600 39.1400 10.4900 1023.000000 0.000000 136.000000 61.000000
1.0700 40.2100 11.7000 1023.000000 0.000000 138.000000 61.000000
1.0800 41.2600 12.9500 1023.000000 0.000000 138.000000 61.000000
1.0900 42.3000 13.7900 1023.000000 0.000000 137.000000 62.000000
1.1000 43.1000 14.3600 1023.000000 0.000000 138.000000 63.000000
1.1100 43.4900 14.6400 1023.000000 0.000000 140.000000 63.000000
1.1200 43.6000 14.6900 1023.000000 0.000000 141.000000 64.000000
1.1300 43.6000 14.5900 1023.000000 0.000000 143.000000 64.000000
1.1400 43.3400 14.2400 1023.000000 0.000000 145.000000 65.000000
1.1500 42.9100 13.3600 1023.000000 0.000000 147.000000 65.000000
1.1600 42.1900 12.1400 1023.000000 0.000000 147.000000 65.000000
1.1700 41.4300 10.8700 1023.000000 0.000000 147.000000 65.000000
1.1800 40.6400 9.9200 1023.000000 0.000000 147.000000 65.000000
1.1900 40.0400 9.1800 1023.000000 0.000000 145.000000 65.000000
1.2000 39.5600 8.6100 1023.000000 0.000000 145.000000 65.000000
1.2100 39.1700 8.2700 1023.000000 0.000000 143.000000 64.000000
1.2200 38.9500 8.0800 1023.000000 0.000000 145.000000 64.000000
1.2300 38.6100 8.0800 1023.000000 0.000000 143.000000 63.000000
1.2400 38.2000 8.1900 1023.000000 0.000000 143.000000 62.000000
1.2500 37.9700 8.3400 1023.000000 0.000000 142.000000 61.000000
1.2600 37.6900 8.4800 1023.000000 0.000000 144.000000 60.000000
1.2700 37.3700 8.4800 1023.000000 0.000000 145.000000 59.000000
1.2800 36.6000 8.3000 1023.000000 0.000000 146.000000 58.000000
1.2900 35.6200 8.0300 1023.000000 0.000000 147.000000 59.000000
1.3000 34.5000 7.7400 1023.000000 0.000000 150.000000 58.000000
1.3100 33.1000 7.4000 1023.000000 0.000000 152.000000 59.000000
1.3200 31.2000 6.9900 1023.000000 0.000000 153.000000 58.000000
1.3300 28.9600 6.5000 1023.000000 0.000000 155.000000 58.000000
1.3400 26.1900 5.8200 1023.000000 0.000000 156.000000 57.000000
1.3500 23.3300 5.0100 1023.000000 0.000000 158.000000 56.000000
1.3600 20.4100 4.2600 1023.000000 0.000000 159.000000 55.000000
1.3700 18.4400 3.6700 1023.000000 0.000000 160.000000 54.000000
1.3800 17.6000 3.1900 1023.000000 0.000000 158.000000 54.000000
1.3900 17.5100 3.1200 1023.000000 0.000000 159.000000 53.000000
1.4000 17.7700 3.1800 1023.000000 0.000000 158.000000 53.000000
1.4100 19.3100 3.3400 1023.000000 0.000000 158.000000 53.000000
1.4200 21.7100 4.0400 1023.000000 0.000000 158.000000 53.000000
1.4300 25.1700 5.0300 1023.000000 0.000000 158.000000 53.000000
1.4400 29.0100 6.2100 1023.000000 0.000000 158.000000 54.000000
1.4500 33.0900 7.4100 1023.000000 0.000000 158.000000 54.000000
1.4600 36.9800 8.3700 1023.000000 0.000000 160.000000 54.000000
1.4700 39.9900 9.1600 1023.000000 0.000000 159.000000 55.000000
1.4800 42.4200 9.5700 1023.000000 0.000000 160.000000 56.000000
1.4900 43.3300 9.7300 1023.000000 0.000000 160.000000 58.000000
1.5000 43.5700 9.7300 1023.000000 0.000000 159.000000 59.000000
1.5100 43.3600 9.7300 1023.000000 0.000000 160.000000 60.000000
1.5200 43.3100 9.7300 1023.000000 0.000000 159.000000 61.000000
1.5300 43.2600 9.7300 1023.000000 0.000000 158.000000 62.000000
1.5400 43.2000 9.8000 1023.000000 0.000000 157.000000 63.000000
1.5500 43.2000 9.8000 1023.000000 0.000000 156.000000 64.000000
1.5600 43.2600 9.8700 569.000000 0.000000 156.000000 64.000000
