0.0000 55.7900 43.6000 91.000000 1.000000 131.000000 46.000000
0.0100 55.6900 43.2000 115.000000 0.000000 130.000000 47.000000
0.0200 55.5800 43.3700 153.000000 0.000000 130.000000 47.000000
0.0300 55.5200 43.6200 207.000000 0.000000 130.000000 47.000000
0.0400 55.5200 44.0000 250.000000 0.000000 128.000000 47.000000
0.0500 55.6800 44.4900 304.000000 0.000000 128.000000 47.000000
0.0600 55.9100 45.0800 333.000000 0.000000 127.000000 48.000000
0.0700 56.2400 45.8800 351.000000 0.000000 127.000000 48.000000
0.0800 56.6400 46.8300 368.000000 0.000000 127.000000 48.000000
0.0900 57.0700 47.6700 364.000000 0.000000 127.000000 48.000000
0.1000 57.5600 48.5300 366.000000 0.000000 127.000000 48.000000
0.1100 57.8600 48.9800 371.000000 0.000000 130.000000 48.000000
0.1200 58.0300 49.1500 354.000000 0.000000 131.000000 47.000000
0.1300 58.1400 49.1500 344.000000 0.000000 132.000000 47.000000
0.1400 58.2700 48.8200 341.000000 0.000000 134.000000 47.000000
0.1500 58.4000 48.3300 346.000000 0.000000 134.000000 47.000000
0.1600 58.4900 47.4500 344.000000 0.000000 135.000000 46.000000
0.1700 58.5500 46.7700 343.000000 0.000000 135.000000 46.000000
0.1800 58.7100 46.2200 344.000000 0.000000 135.000000 47.000000
0.1900 58.9200 45.9200 346.000000 0.000000 135.000000 47.000000
0.2000 59.2300 45.9200 349.000000 0.000000 135.000000 47.000000
0.2100 59.8200 46.0300 356.000000 0.000000 135.000000 49.000000
0.2200 60.5800 46.6300 369.000000 0.000000 135.000000 49.000000
0.2300 61.4000 47.4800 384.000000 0.000000 136.000000 49.000000
0.2400 62.0500 48.5100 400.000000 0.000000 137.000000 48.000000
0.2500 62.5900 49.8200 402.000000 0.000000 137.000000 48.000000
0.2600 62.7700 50.8200 397.000000 0.000000 138.000000 48.000000
0.2700 62.5500 51.6100 388.000000 0.000000 138.000000 48.000000
0.2800 62.0500 53.0800 382.000000 0.000000 139.000000 47.000000
0.2900 61.2200 53.8200 368.000000 0.000000 140.000000 47.000000
0.3000 60.1100 54.0800 353.000000 0.000000 141.000000 46.000000
0.3100 58.8000 53.8800 336.000000 0.000000 141.000000 46.000000
0.3200 57.4500 53.1400 342.000000 0.000000 141.000000 46.000000
0.3300 55.9700 52.0400 337.000000 0.000000 142.000000 45.000000
0.3400 54.4000 50.3200 330.000000 0.000000 141.000000 45.000000
0.3500 53.0800 48.0900 335.000000 0.000000 140.000000 45.000000
0.3600 52.0200 45.5200 281.000000 0.000000 140.000000 45.000000
0.3700 51.1400 43.0700 265.000000 0.000000 138.000000 45.000000
0.3800 51.1400 41.6100 214.000000 0.000000 137.000000 44.000000
0.3900 51.6300 40.8000 212.000000 0.000000 135.000000 44.000000
0.4000 52.4400 40.5700 223.000000 0.000000 134.000000 45.000000
0.4100 53.4100 40.8900 225.000000 0.000000 133.000000 45.000000
0.4200 54.4000 41.5800 232.000000 0.000000 131.000000 45.000000
0.4300 55.4500 42.4100 242.000000 0.000000 130.000000 46.000000
0.4400 56.4900 43.1000 245.000000 0.000000 130.000000 47.000000
0.4500 57.4300 43.6900 247.000000 0.000000 130.000000 47.000000
0.4600 58.3100 44.0500 249.000000 0.000000 130.000000 47.000000
0.4700 58.9200 44.1400 249.000000 0.000000 131.000000 47.000000
0.4800 59.4600 44.0400 247.000000 0.000000 131.000000 47.000000
0.4900 59.9500 43.8500 250.000000 0.000000 132.000000 48.000000
0.5000 60.2800 43.6400 247.000000 0.000000 133.000000 48.000000
0.5100 60.5700 43.3900 254.000000 0.000000 134.000000 49.000000
0.5200 60.8300 43.3900 259.000000 0.000000 134.000000 49.000000
0.5300 61.1900 43.4700 270.000000 0.000000 135.000000 50.000000
0.5400 61.5600 43.9400 277.000000 0.000000 135.000000 50.000000
0.5500 62.0000 44.9400 296.000000 0.000000 135.000000 50.000000
0.5600 62.5200 46.2900 305.000000 0.000000 135.000000 50.000000
0.5700 63.0900 48.1800 337.000000 0.000000 135.000000 50.000000
0.5800 63.6800 50.1600 336.000000 0.000000 136.000000 49.000000
0.5900 64.4300 52.2100 333.000000 0.000000 137.000000 48.000000
0.6000 65.0800 53.8000 338.000000 0.000000 138.000000 48.000000
0.6100 65.6600 54.6800 334.000000 0.000000 137.000000 47.000000
0.6200 65.7500 55.0900 334.000000 0.000000 138.000000 47.000000
0.6300 65.7500 55.0900 324.000000 0.000000 139.000000 46.000000
0.6400 65.6300 54.4700 327.000000 0.000000 139.000000 46.000000
0.6500 65.4000 53.5200 334.000000 0.000000 140.000000 46.000000
0.6600 64.9600 51.8300 334.000000 0.000000 140.000000 46.000000
0.6700 64.3900 50.0900 332.000000 0.000000 141.000000 45.000000
0.6800 63.9000 48.2600 335.000000 0.000000 141.000000 45.000000
0.6900 63.5800 46.9600 334.000000 0.000000 140.000000 46.000000
0.7000 63.3800 46.0200 329.000000 0.000000 140.000000 46.000000
0.7100 63.4700 45.5200 329.000000 0.000000 140.000000 46.000000
0.7200 63.6100 45.3300 325.000000 0.000000 139.000000 46.000000
0.7300 63.8400 45.3300 329.000000 0.000000 138.000000 47.000000
0.7400 64.2500 45.5700 332.000000 0.000000 137.000000 47.000000
0.7500 64.7800 45.9200 334.000000 0.000000 136.000000 48.000000
0.7600 65.2900 46.3700 339.000000 0.000000 135.000000 49.000000
0.7700 65.9500 46.8700 341.000000 0.000000 135.000000 49.000000
0.7800 66.7000 47.3200 353.000000 0.000000 136.000000 49.000000
0.7900 67.6600 47.7200 362.000000 0.000000 136.000000 49.000000
0.8000 68.6200 48.1200 376.000000 0.000000 137.000000 48.000000
0.8100 69.5600 48.4100 381.000000 0.000000 138.000000 49.000000
0.8200 70.4400 48.6500 379.000000 0.000000 141.000000 49.000000
0.8300 71.0600 48.7200 364.000000 0.000000 143.000000 50.000000
0.8400 71.4800 48.7200 256.000000 0.000000 145.000000 50.000000
0.8500 71.7000 48.6500 1.000000 1.000000 146.000000 50.000000
0.8600 71.7000 48.6500 0.000000 0.000000 148.000000 50.000000
0.8700 70.9000 47.9900 0.000000 0.000000 149.000000 51.000000
0.8800 69.7800 47.8500 0.000000 0.000000 150.000000 51.000000
0.8900 68.4100 47.9300 0.000000 0.000000 150.000000 51.000000
0.9000 66.8700 48.1700 0.000000 0.000000 150.000000 51.000000
0.9100 65.1000 48.5700 0.000000 0.000000 149.000000 51.000000
0.9200 63.2600 48.9100 0.000000 0.000000 146.000000 50.000000
0.9300 61.3700 49.0000 0.000000 0.000000 146.000000 49.000000
0.9400 60.3500 48.9400 0.000000 0.000000 145.000000 48.000000
0.9500 60.3500 48.9400 277.000000 1.000000 144.000000 48.000000
0.9600 60.2200 48.0800 267.000000 0.000000 143.000000 48.000000
0.9700 60.2200 48.0800 265.000000 0.000000 143.000000 48.000000
0.9800 60.8000 48.1900 267.000000 0.000000 142.000000 47.000000
0.9900 61.7300 48.6200 275.000000 0.000000 143.000000 48.000000
1.0000 63.1100 49.2400 272.000000 0.000000 143.000000 48.000000
1.0100 64.2600 49.8800 179.000000 0.000000 144.000000 47.000000
1.0200 64.2600 49.8800 0.000000 1.000000 144.000000 47.000000
1.0300 65.9300 50.5100 0.000000 0.000000 145.000000 46.000000
1.0400 66.0700 50.6900 0.000000 0.000000 144.000000 46.000000
1.0500 65.8500 50.9900 0.000000 0.000000 144.000000 46.000000
1.0600 65.4000 51.3600 0.000000 0.000000 143.000000 45.000000
1.0700 64.9000 51.8800 0.000000 0.000000 143.000000 45.000000
1.0800 64.3700 52.6400 0.000000 0.000000 142.000000 44.000000
1.0900 63.9600 53.5600 0.000000 0.000000 143.000000 44.000000
1.1000 63.5800 54.6100 0.000000 0.000000 143.000000 44.000000
1.1100 63.5000 55.4000 0.000000 0.000000 143.000000 44.000000
1.1200 63.6100 56.0100 0.000000 0.000000 144.000000 43.000000
1.1300 63.6100 56.0100 239.000000 1.000000 143.000000 44.000000
1.1400 63.6100 56.0100 259.000000 0.000000 143.000000 44.000000
1.1500 63.6100 56.0100 257.000000 0.000000 143.000000 44.000000
1.1600 63.6100 56.0100 254.000000 0.000000 142.000000 44.000000
1.1700 63.0200 55.0900 274.000000 0.000000 143.000000 45.000000
1.1800 62.4600 53.7400 285.000000 0.000000 142.000000 45.000000
1.1900 61.5700 51.7500 274.000000 0.000000 142.000000 45.000000
1.2000 60.6700 49.4300 277.000000 0.000000 144.000000 46.000000
1.2100 59.7600 46.8800 279.000000 0.000000 143.000000 46.000000
1.2200 59.0400 45.0700 279.000000 0.000000 143.000000 46.000000
1.2300 58.6800 43.8700 276.000000 0.000000 142.000000 47.000000
1.2400 58.5600 43.0800 249.000000 0.000000 142.000000 47.000000
1.2500 58.6500 42.8600 206.000000 0.000000 139.000000 47.000000
1.2600 58.7400 42.8600 206.000000 0.000000 138.000000 48.000000
1.2700 58.8400 42.9900 206.000000 0.000000 137.000000 48.000000
1.2800 59.2600 43.5900 207.000000 0.000000 135.000000 49.000000
1.2900 59.8300 44.3700 209.000000 0.000000 134.000000 49.000000
1.3000 60.4900 45.2700 207.000000 0.000000 134.000000 49.000000
1.3100 61.0300 45.7000 209.000000 0.000000 134.000000 50.000000
1.3200 61.4000 45.8700 206.000000 0.000000 134.000000 50.000000
1.3300 61.6500 45.8700 211.000000 0.000000 134.000000 50.000000
1.3400 61.7500 45.7400 211.000000 0.000000 135.000000 51.000000
1.3500 61.8600 45.5800 218.000000 0.000000 135.000000 51.000000
1.3600 61.9800 45.3700 218.000000 0.000000 135.000000 51.000000
1.3700 62.1000 45.3100 240.000000 0.000000 135.000000 51.000000
1.3800 62.2900 45.3100 253.000000 0.000000 135.000000 51.000000
1.3900 62.5800 45.6300 264.000000 0.000000 135.000000 51.000000
1.4000 63.0400 46.2600 270.000000 0.000000 134.000000 50.000000
1.4100 63.6100 47.1200 274.000000 0.000000 134.000000 50.000000
1.4200 64.2400 48.4600 285.000000 0.000000 135.000000 50.000000
1.4300 64.9300 50.0500 289.000000 0.000000 136.000000 49.000000
1.4400 65.7300 51.8200 289.000000 0.000000 136.000000 48.000000
1.4500 66.4400 53.1300 292.000000 0.000000 137.000000 47.000000
1.4600 67.0900 54.0200 294.000000 0.000000 138.000000 47.000000
1.4700 67.3700 54.6300 287.000000 0.000000 139.000000 46.000000
1.4800 67.4500 54.6300 265.000000 0.000000 141.000000 46.000000
1.4900 67.4000 54.2100 265.000000 0.000000 142.000000 45.000000
1.5000 67.2700 53.4900 269.000000 0.000000 144.000000 46.000000
1.5100 66.9100 52.0200 270.000000 0.000000 144.000000 46.000000
1.5200 66.4000 50.2300 275.000000 0.000000 145.000000 45.000000
1.5300 65.9000 48.2400 272.000000 0.000000 145.000000 45.000000
1.5400 65.6000 46.7400 237.000000 0.000000 144.000000 46.000000
1.5500 65.4200 45.7400 158.000000 0.000000 144.000000 46.000000
1.5600 65.4200 45.7400 0.000000 1.000000 143.000000 46.000000
1.5700 65.5100 44.7400 0.000000 0.000000 140.000000 47.000000
1.5800 65.3800 44.6300 0.000000 0.000000 139.000000 47.000000
1.5900 65.1100 44.6300 0.000000 0.000000 137.000000 47.000000
1.6000 64.5500 44.9300 0.000000 0.000000 136.000000 48.000000
1.6100 63.7400 45.1800 0.000000 0.000000 134.000000 48.000000
1.6200 62.7500 45.3900 0.000000 0.000000 134.000000 48.000000
1.6300 61.5100 45.5400 0.000000 0.000000 134.000000 48.000000
1.6400 60.2700 45.3300 0.000000 0.000000 135.000000 47.000000
1.6500 59.0600 44.9000 0.000000 0.000000 136.000000 47.000000
1.6600 57.7300 44.0600 0.000000 0.000000 136.000000 47.000000
1.6700 56.3200 42.9100 0.000000 0.000000 136.000000 47.000000
1.6800 56.3200 42.9100 230.000000 1.000000 137.000000 46.000000
1.6900 54.4800 41.6900 247.000000 0.000000 136.000000 46.000000
1.7000 54.0000 41.8500 250.000000 0.000000 136.000000 46.000000
1.7100 54.2400 42.0400 302.000000 0.000000 135.000000 46.000000
1.7200 55.1000 42.4500 369.000000 0.000000 134.000000 46.000000
1.7300 56.3600 43.3700 418.000000 0.000000 134.000000 46.000000
1.7400 58.5700 44.6400 486.000000 0.000000 135.000000 46.000000
1.7500 60.8200 46.0600 519.000000 0.000000 135.000000 46.000000
1.7600 63.5000 47.4400 522.000000 0.000000 135.000000 46.000000
1.7700 66.4400 49.0300 535.000000 0.000000 136.000000 47.000000
1.7800 69.6600 50.7800 512.000000 0.000000 138.000000 47.000000
1.7900 72.2700 51.4500 431.000000 0.000000 140.000000 48.000000
1.8000 74.4700 52.4300 83.000000 0.000000 143.000000 48.000000
