0.0000 94.4600 32.6400 83.000000 1.000000 167.000000 49.000000
0.0100 94.4600 32.6400 100.000000 0.000000 168.000000 49.000000
0.0200 94.4600 32.6400 148.000000 0.000000 168.000000 49.000000
0.0300 94.4600 32.6400 200.000000 0.000000 169.000000 50.000000
0.0400 94.5200 32.9100 274.000000 0.000000 169.000000 50.000000
0.0500 94.5200 32.9800 329.000000 0.000000 169.000000 50.000000
0.0600 94.5200 32.9800 344.000000 0.000000 170.000000 51.000000
0.0700 94.5200 32.9800 343.000000 0.000000 170.000000 51.000000
0.0800 94.6100 32.8600 354.000000 0.000000 170.000000 51.000000
0.0900 94.7100 32.7400 377.000000 0.000000 170.000000 51.000000
0.1000 94.8200 32.5500 393.000000 0.000000 170.000000 51.000000
0.1100 94.8200 32.2900 388.000000 0.000000 170.000000 51.000000
0.1200 94.8200 31.9700 415.000000 0.000000 170.000000 51.000000
0.1300 94.8200 31.6200 425.000000 0.000000 170.000000 51.000000
0.1400 94.7300 31.2500 417.000000 0.000000 170.000000 51.000000
0.1500 94.6300 30.8500 418.000000 0.000000 170.000000 51.000000
0.1600 94.6300 30.5600 420.000000 0.000000 170.000000 51.000000
0.1700 94.6300 30.3400 422.000000 0.000000 170.000000 51.000000
0.1800 94.6300 30.2300 422.000000 0.000000 170.000000 51.000000
0.1900 94.6300 30.2300 423.000000 0.000000 170.000000 51.000000
0.2000 94.6300 30.2300 427.000000 0.000000 170.000000 51.000000
0.2100 94.6300 30.3100 422.000000 0.000000 170.000000 51.000000
0.2200 94.6300 30.5500 391.000000 0.000000 170.000000 51.000000
0.2300 94.6300 30.8700 399.000000 0.000000 170.000000 51.000000
0.2400 94.7000 31.2600 381.000000 0.000000 170.000000 51.000000
0.2500 94.7500 31.6300 361.000000 0.000000 170.000000 51.000000
0.2600 94.8000 31.9600 371.000000 0.000000 170.000000 51.000000
0.2700 94.8000 32.2000 374.000000 0.000000 170.000000 51.000000
0.2800 94.8000 32.3500 376.000000 0.000000 170.000000 51.000000
0.2900 94.8000 32.4300 381.000000 0.000000 170.000000 51.000000
0.3000 94.8000 32.4300 384.000000 0.000000 170.000000 51.000000
0.3100 94.9300 32.4800 384.000000 0.000000 171.000000 51.000000
0.3200 95.0300 32.4800 386.000000 0.000000 171.000000 51.000000
0.3300 95.2600 32.3700 386.000000 0.000000 172.000000 50.000000
0.3400 95.5700 32.2500 386.000000 0.000000 172.000000 50.000000
0.3500 95.7900 32.1200 386.000000 0.000000 172.000000 50.000000
0.3600 96.0100 31.9900 381.000000 0.000000 173.000000 50.000000
0.3700 96.2700 31.9300 381.000000 0.000000 173.000000 50.000000
0.3800 96.5600 31.9300 379.000000 0.000000 173.000000 50.000000
0.3900 96.9100 31.9300 379.000000 0.000000 173.000000 50.000000
0.4000 97.2800 32.0700 384.000000 0.000000 174.000000 50.000000
0.4100 97.6500 32.2900 387.000000 0.000000 174.000000 50.000000
0.4200 97.9600 32.6100 384.000000 0.000000 174.000000 50.000000
0.4300 98.2400 33.0400 394.000000 0.000000 174.000000 50.000000
0.4400 98.4700 33.5500 398.000000 0.000000 174.000000 51.000000
0.4500 98.5700 34.0700 417.000000 0.000000 174.000000 51.000000
0.4600 98.5700 34.5500 448.000000 0.000000 174.000000 51.000000
0.4700 98.3900 34.8500 466.000000 0.000000 174.000000 51.000000
0.4800 98.0200 35.0400 478.000000 0.000000 174.000000 52.000000
0.4900 97.5400 35.1400 481.000000 0.000000 174.000000 52.000000
0.5000 96.8300 35.1400 485.000000 0.000000 174.000000 52.000000
0.5100 95.8900 35.0400 486.000000 0.000000 174.000000 52.000000
0.5200 94.7900 34.8100 496.000000 0.000000 172.000000 52.000000
0.5300 93.7300 34.4700 488.000000 0.000000 172.000000 52.000000
0.5400 92.9400 34.1200 494.000000 0.000000 171.000000 52.000000
0.5500 92.3200 33.5800 502.000000 0.000000 171.000000 52.000000
0.5600 92.0200 32.9200 509.000000 0.000000 170.000000 52.000000
0.5700 91.7400 32.1700 512.000000 0.000000 169.000000 51.000000
0.5800 91.4700 31.3900 517.000000 0.000000 169.000000 51.000000
0.5900 91.3500 30.5700 519.000000 0.000000 167.000000 51.000000
0.6000 91.3500 29.8200 510.000000 0.000000 168.000000 50.000000
0.6100 91.3500 29.1200 509.000000 0.000000 168.000000 50.000000
0.6200 91.4800 28.4600 505.000000 0.000000 166.000000 51.000000
0.6300 91.7100 27.8900 505.000000 0.000000 166.000000 51.000000
0.6400 92.1300 27.3700 504.000000 0.000000 166.000000 51.000000
0.6500 92.6700 27.0400 494.000000 0.000000 166.000000 52.000000
0.6600 93.3300 26.8200 493.000000 0.000000 165.000000 53.000000
0.6700 94.0800 26.6700 486.000000 0.000000 166.000000 54.000000
0.6800 94.8900 26.6700 478.000000 0.000000 166.000000 54.000000
0.6900 95.5700 26.6700 477.000000 0.000000 165.000000 55.000000
0.7000 96.0600 26.8000 481.000000 0.000000 165.000000 55.000000
0.7100 96.4100 26.8600 467.000000 0.000000 167.000000 55.000000
0.7200 96.6700 26.8600 363.000000 0.000000 167.000000 55.000000
0.7300 96.8300 26.8600 60.000000 0.000000 167.000000 55.000000
0.7400 96.8300 26.8600 0.000000 1.000000 168.000000 55.000000
0.7500 96.9300 26.9900 0.000000 0.000000 168.000000 55.000000
0.7600 96.8500 27.1900 0.000000 0.000000 170.000000 56.000000
0.7700 96.6500 27.4700 0.000000 0.000000 170.000000 56.000000
0.7800 96.6500 27.9000 0.000000 0.000000 170.000000 56.000000
0.7900 96.6500 28.4400 0.000000 0.000000 170.000000 56.000000
0.8000 96.8200 28.8900 0.000000 0.000000 171.000000 56.000000
0.8100 97.1200 29.1800 0.000000 0.000000 171.000000 56.000000
0.8200 97.4500 29.3700 0.000000 0.000000 171.000000 56.000000
0.8300 97.7700 29.3700 0.000000 0.000000 173.000000 55.000000
0.8400 97.9800 29.3700 0.000000 0.000000 173.000000 55.000000
0.8500 98.1100 29.3100 0.000000 0.000000 173.000000 55.000000
0.8600 98.1100 29.2300 0.000000 0.000000 173.000000 55.000000
0.8700 97.9300 29.1600 0.000000 0.000000 171.000000 55.000000
0.8800 97.7100 29.2300 0.000000 0.000000 172.000000 54.000000
0.8900 97.5800 29.4100 0.000000 0.000000 172.000000 54.000000
0.9000 97.4700 29.5900 0.000000 0.000000 172.000000 54.000000
0.9100 97.3900 29.8100 0.000000 0.000000 170.000000 54.000000
0.9200 97.3200 30.0600 0.000000 0.000000 169.000000 53.000000
0.9300 97.3200 30.2600 0.000000 0.000000 169.000000 53.000000
0.9400 97.4200 30.4600 0.000000 0.000000 169.000000 53.000000
0.9500 97.5800 30.6400 0.000000 0.000000 168.000000 52.000000
0.9600 97.7500 30.7700 0.000000 0.000000 169.000000 53.000000
0.9700 97.9200 30.9700 0.000000 0.000000 169.000000 53.000000
0.9800 98.0500 31.2100 0.000000 0.000000 171.000000 52.000000
0.9900 98.1400 31.4500 0.000000 0.000000 171.000000 52.000000
1.0000 98.2000 31.7500 0.000000 0.000000 172.000000 52.000000
1.0100 98.2000 32.1000 0.000000 0.000000 173.000000 51.000000
1.0200 98.2000 32.3200 0.000000 0.000000 174.000000 51.000000
1.0300 98.2800 32.4200 0.000000 0.000000 174.000000 51.000000
1.0400 98.2800 32.4200 149.000000 1.000000 174.000000 50.000000
1.0500 98.2800 32.4200 179.000000 0.000000 174.000000 50.000000
1.0600 98.3300 32.8000 203.000000 0.000000 174.000000 50.000000
1.0700 98.4000 32.9900 256.000000 0.000000 174.000000 50.000000
1.0800 98.4000 33.1200 337.000000 0.000000 174.000000 51.000000
1.0900 98.4000 33.2200 397.000000 0.000000 174.000000 51.000000
1.1000 98.3400 33.2200 428.000000 0.000000 173.000000 51.000000
1.1100 98.3400 33.2200 444.000000 0.000000 173.000000 51.000000
1.1200 98.3400 33.2200 449.000000 0.000000 173.000000 51.000000
1.1300 98.3400 33.1300 440.000000 0.000000 171.000000 51.000000
1.1400 98.2900 33.0000 448.000000 0.000000 171.000000 51.000000
1.1500 98.2200 32.6900 461.000000 0.000000 171.000000 51.000000
1.1600 98.1100 32.2700 472.000000 0.000000 171.000000 51.000000
1.1700 97.9900 31.7500 483.000000 0.000000 171.000000 51.000000
1.1800 97.7300 31.1700 501.000000 0.000000 171.000000 51.000000
1.1900 97.3700 30.4000 519.000000 0.000000 171.000000 51.000000
1.2000 96.9600 29.5300 537.000000 0.000000 171.000000 52.000000
1.2100 96.5100 28.4600 536.000000 0.000000 171.000000 52.000000
1.2200 96.0300 27.5600 545.000000 0.000000 171.000000 52.000000
1.2300 95.8000 26.7700 542.000000 0.000000 171.000000 53.000000
1.2400 95.6800 26.1700 538.000000 0.000000 170.000000 54.000000
1.2500 95.6800 25.5700 509.000000 0.000000 169.000000 54.000000
1.2600 95.5900 25.1500 423.000000 0.000000 167.000000 55.000000
1.2700 95.5900 24.8400 218.000000 0.000000 166.000000 56.000000
1.2800 95.5900 24.8400 0.000000 1.000000 164.000000 57.000000
1.2900 95.5900 24.7900 0.000000 0.000000 164.000000 57.000000
1.3000 95.5900 25.0600 0.000000 0.000000 164.000000 57.000000
1.3100 95.5900 25.6800 0.000000 0.000000 163.000000 57.000000
1.3200 95.4900 26.4500 0.000000 0.000000 164.000000 57.000000
1.3300 95.4900 27.3300 0.000000 0.000000 164.000000 57.000000
1.3400 95.4900 27.8300 0.000000 0.000000 165.000000 56.000000
1.3500 95.4900 28.2900 0.000000 0.000000 165.000000 56.000000
1.3600 95.4900 28.4700 0.000000 0.000000 165.000000 55.000000
1.3700 95.5400 28.4700 0.000000 0.000000 165.000000 55.000000
1.3800 95.5400 28.5900 0.000000 0.000000 165.000000 55.000000
1.3900 95.5400 28.7400 0.000000 0.000000 165.000000 55.000000
1.4000 95.5400 28.9100 0.000000 0.000000 164.000000 54.000000
1.4100 95.4300 29.1300 0.000000 0.000000 164.000000 54.000000
1.4200 95.4300 29.1300 25.000000 1.000000 164.000000 54.000000
1.4300 95.1800 29.4500 110.000000 0.000000 166.000000 54.000000
1.4400 95.1200 29.5300 180.000000 0.000000 166.000000 54.000000
1.4500 95.1200 29.5300 246.000000 0.000000 166.000000 53.000000
1.4600 95.1800 29.5300 316.000000 0.000000 168.000000 53.000000
1.4700 95.1800 29.5300 361.000000 0.000000 168.000000 53.000000
1.4800 95.7000 29.5300 402.000000 0.000000 169.000000 53.000000
1.4900 96.2200 29.6000 423.000000 0.000000 169.000000 53.000000
1.5000 96.8400 29.6000 415.000000 0.000000 169.000000 53.000000
1.5100 97.4900 29.7200 394.000000 0.000000 171.000000 53.000000
1.5200 98.1800 29.8000 369.000000 0.000000 171.000000 53.000000
1.5300 98.8600 29.8700 274.000000 0.000000 171.000000 53.000000
1.5400 99.5200 29.8700 117.000000 0.000000 171.000000 52.000000
1.5500 99.5200 29.8700 0.000000 1.000000 171.000000 52.000000
1.5600 100.3900 29.8700 0.000000 0.000000 171.000000 52.000000
1.5700 100.3900 29.7700 0.000000 0.000000 170.000000 52.000000
1.5800 100.0200 29.6300 0.000000 0.000000 169.000000 53.000000
1.5900 99.4600 29.4200 0.000000 0.000000 168.000000 52.000000
1.6000 98.9600 29.1700 0.000000 0.000000 168.000000 52.000000
1.6100 98.7400 28.9100 0.000000 0.000000 167.000000 52.000000
1.6200 98.7400 28.6600 0.000000 0.000000 168.000000 53.000000
1.6300 98.7400 28.4300 0.000000 0.000000 168.000000 53.000000
1.6400 98.8100 28.2200 0.000000 0.000000 169.000000 53.000000
1.6500 98.9700 27.9900 0.000000 0.000000 170.000000 55.000000
1.6600 99.0600 27.7800 0.000000 0.000000 171.000000 55.000000
1.6700 99.1200 27.6400 0.000000 0.000000 173.000000 55.000000
1.6800 99.1200 27.5300 0.000000 0.000000 173.000000 56.000000
1.6900 99.0300 27.5300 0.000000 0.000000 174.000000 56.000000
1.7000 98.9100 27.6600 0.000000 0.000000 174.000000 56.000000
1.7100 98.9100 27.8700 0.000000 0.000000 174.000000 57.000000
1.7200 99.0000 28.1000 0.000000 0.000000 174.000000 57.000000
1.7300 99.1800 28.3300 0.000000 0.000000 174.000000 57.000000
1.7400 99.4300 28.5600 0.000000 0.000000 174.000000 56.000000
1.7500 99.4300 28.5600 56.000000 1.000000 174.000000 56.000000
1.7600 99.7900 29.0200 99.000000 0.000000 173.000000 56.000000
1.7700 99.7900 29.2100 146.000000 0.000000 171.000000 56.000000
1.7800 99.9100 29.3500 225.000000 0.000000 170.000000 55.000000
1.7900 99.9800 29.5300 273.000000 0.000000 169.000000 54.000000
1.8000 100.0500 29.7300 305.000000 0.000000 167.000000 54.000000
1.8100 100.1600 29.9400 335.000000 0.000000 166.000000 53.000000
1.8200 100.3100 30.1400 368.000000 0.000000 165.000000 53.000000
1.8300 100.4600 30.3400 367.000000 0.000000 164.000000 53.000000
1.8400 100.6000 30.4700 376.000000 0.000000 163.000000 52.000000
1.8500 100.7200 30.5600 376.000000 0.000000 164.000000 52.000000
1.8600 100.7200 30.5600 374.000000 0.000000 164.000000 52.000000
1.8700 100.7700 30.4800 379.000000 0.000000 165.000000 51.000000
1.8800 100.7100 30.3400 386.000000 0.000000 166.000000 51.000000
1.8900 100.6000 29.9900 398.000000 0.000000 166.000000 51.000000
1.9000 100.3100 29.5100 391.000000 0.000000 167.000000 51.000000
1.9100 99.9800 28.8700 392.000000 0.000000 167.000000 51.000000
1.9200 99.6200 28.0100 388.000000 0.000000 168.000000 52.000000
1.9300 99.1600 27.0100 396.000000 0.000000 168.000000 52.000000
1.9400 98.7600 26.2500 396.000000 0.000000 168.000000 53.000000
1.9500 98.4000 25.7400 394.000000 0.000000 169.000000 54.000000
1.9600 98.4000 25.4100 398.000000 0.000000 169.000000 54.000000
1.9700 98.3500 25.2900 394.000000 0.000000 170.000000 56.000000
1.9800 98.3500 25.2900 414.000000 0.000000 169.000000 57.000000
1.9900 98.4400 25.2900 428.000000 0.000000 169.000000 57.000000
2.0000 98.5200 25.4900 428.000000 0.000000 169.000000 58.000000
2.0100 98.8000 25.9900 425.000000 0.000000 169.000000 58.000000
2.0200 99.2100 26.6700 409.000000 0.000000 169.000000 58.000000
2.0300 99.7900 27.6200 361.000000 0.000000 169.000000 58.000000
2.0400 100.4200 28.9000 373.000000 0.000000 169.000000 58.000000
2.0500 101.1100 30.3900 366.000000 0.000000 168.000000 56.000000
2.0600 101.6100 31.5700 392.000000 0.000000 168.000000 55.000000
2.0700 101.9800 32.4200 418.000000 0.000000 169.000000 54.000000
2.0800 102.2400 33.0500 449.000000 0.000000 169.000000 53.000000
2.0900 102.3200 33.2200 440.000000 0.000000 169.000000 53.000000
2.1000 102.2700 33.2200 443.000000 0.000000 169.000000 53.000000
2.1100 102.3200 33.0700 449.000000 0.000000 170.000000 52.000000
2.1200 102.3200 32.7800 449.000000 0.000000 171.000000 52.000000
2.1300 102.4100 32.2900 442.000000 0.000000 171.000000 52.000000
2.1400 102.5300 31.6700 440.000000 0.000000 171.000000 51.000000
2.1500 102.6200 30.9800 440.000000 0.000000 171.000000 51.000000
2.1600 102.6700 30.2800 442.000000 0.000000 171.000000 52.000000
2.1700 102.6100 29.5700 439.000000 0.000000 171.000000 52.000000
2.1800 102.5400 28.9000 439.000000 0.000000 172.000000 52.000000
2.1900 102.4600 28.2700 433.000000 0.000000 172.000000 52.000000
2.2000 102.4600 27.6600 391.000000 0.000000 172.000000 53.000000
2.2100 102.4600 27.2700 344.000000 0.000000 172.000000 53.000000
2.2200 102.5300 27.0200 212.000000 0.000000 172.000000 53.000000
2.2300 102.5300 26.9000 51.000000 0.000000 172.000000 54.000000
2.2400 102.5300 26.9000 0.000000 1.000000 172.000000 54.000000
2.2500 102.4600 27.2300 0.000000 0.000000 171.000000 55.000000
2.2600 102.3100 27.6300 0.000000 0.000000 171.000000 55.000000
2.2700 102.0100 28.1500 0.000000 0.000000 171.000000 55.000000
2.2800 101.6200 28.7400 0.000000 0.000000 173.000000 55.000000
2.2900 101.0600 29.1300 0.000000 0.000000 173.000000 55.000000
2.3000 100.4100 29.3200 0.000000 0.000000 174.000000 55.000000
2.3100 99.6900 29.3900 0.000000 0.000000 174.000000 55.000000
2.3200 99.3300 29.2400 0.000000 0.000000 176.000000 55.000000
2.3300 99.3300 29.2400 387.000000 1.000000 177.000000 54.000000
2.3400 99.3300 29.2400 388.000000 0.000000 177.000000 54.000000
2.3500 99.0700 29.2700 301.000000 0.000000 177.000000 54.000000
2.3600 99.1800 29.3300 296.000000 0.000000 177.000000 54.000000
2.3700 99.4100 29.3800 345.000000 0.000000 179.000000 53.000000
2.3800 99.5600 29.3800 379.000000 0.000000 179.000000 53.000000
2.3900 99.7300 29.4400 404.000000 0.000000 179.000000 53.000000
2.4000 99.9800 29.4400 413.000000 0.000000 179.000000 53.000000
2.4100 100.3600 29.3200 422.000000 0.000000 177.000000 53.000000
2.4200 100.8500 29.3200 422.000000 0.000000 176.000000 53.000000
2.4300 101.4100 29.3200 420.000000 0.000000 175.000000 53.000000
2.4400 101.9600 29.2600 396.000000 0.000000 175.000000 53.000000
2.4500 102.5700 29.2600 376.000000 0.000000 173.000000 53.000000
2.4600 103.2400 29.3100 324.000000 0.000000 173.000000 53.000000
2.4700 103.8400 29.4200 250.000000 0.000000 173.000000 53.000000
2.4800 104.3500 29.5300 91.000000 0.000000 173.000000 53.000000
2.4900 104.3500 29.5300 0.000000 1.000000 175.000000 53.000000
2.5000 104.9700 29.8400 0.000000 0.000000 176.000000 53.000000
2.5100 105.0200 30.1000 0.000000 0.000000 176.000000 52.000000
2.5200 104.9700 30.4500 0.000000 0.000000 177.000000 52.000000
2.5300 104.9700 30.8600 0.000000 0.000000 177.000000 52.000000
2.5400 105.0400 31.3100 0.000000 0.000000 179.000000 52.000000
2.5500 105.2600 31.7200 0.000000 0.000000 179.000000 52.000000
2.5600 105.5600 32.0400 0.000000 0.000000 179.000000 51.000000
2.5700 105.8800 32.2900 0.000000 0.000000 179.000000 51.000000
2.5800 106.0500 32.3500 0.000000 0.000000 179.000000 51.000000
2.5900 106.0500 32.3500 216.000000 1.000000 179.000000 50.000000
2.6000 106.0500 32.3500 312.000000 0.000000 179.000000 50.000000
2.6100 106.0500 32.3500 305.000000 0.000000 179.000000 50.000000
2.6200 105.7800 32.4300 314.000000 0.000000 179.000000 50.000000
2.6300 105.7800 32.3400 310.000000 0.000000 179.000000 50.000000
2.6400 105.7100 32.2200 336.000000 0.000000 179.000000 50.000000
2.6500 105.6400 32.0500 354.000000 0.000000 179.000000 51.000000
2.6600 105.4400 31.6300 366.000000 0.000000 179.000000 51.000000
2.6700 105.2400 31.0400 362.000000 0.000000 179.000000 51.000000
2.6800 104.9900 30.4400 376.000000 0.000000 179.000000 51.000000
2.6900 104.7100 29.7400 379.000000 0.000000 179.000000 51.000000
2.7000 104.4000 29.0600 382.000000 0.000000 179.000000 52.000000
2.7100 104.0900 28.4400 386.000000 0.000000 177.000000 52.000000
2.7200 103.9000 27.8500 377.000000 0.000000 177.000000 52.000000
2.7300 103.7800 27.4700 377.000000 0.000000 176.000000 53.000000
2.7400 103.7200 27.2300 367.000000 0.000000 175.000000 53.000000
2.7500 103.7200 27.1300 367.000000 0.000000 175.000000 54.000000
2.7600 103.7200 27.2000 368.000000 0.000000 175.000000 54.000000
2.7700 103.8200 27.3900 359.000000 0.000000 173.000000 54.000000
2.7800 103.9400 27.7700 344.000000 0.000000 173.000000 54.000000
2.7900 104.2000 28.3700 327.000000 0.000000 173.000000 54.000000
2.8000 104.5400 29.1200 327.000000 0.000000 173.000000 54.000000
2.8100 104.8900 29.9700 325.000000 0.000000 175.000000 54.000000
2.8200 105.3000 30.8100 333.000000 0.000000 175.000000 54.000000
2.8300 105.7400 31.4700 369.000000 0.000000 175.000000 53.000000
2.8400 106.0100 32.0100 369.000000 0.000000 176.000000 53.000000
2.8500 106.1700 32.3100 397.000000 0.000000 176.000000 52.000000
2.8600 106.2600 32.4300 407.000000 0.000000 177.000000 52.000000
2.8700 106.3700 32.4300 423.000000 0.000000 177.000000 52.000000
2.8800 106.5200 32.3100 417.000000 0.000000 179.000000 51.000000
2.8900 106.7000 32.0400 425.000000 0.000000 179.000000 51.000000
2.9000 106.8900 31.6700 414.000000 0.000000 179.000000 51.000000
2.9100 107.0300 31.1800 422.000000 0.000000 179.000000 51.000000
2.9200 107.1400 30.6500 417.000000 0.000000 179.000000 51.000000
2.9300 107.2300 30.0600 412.000000 0.000000 179.000000 51.000000
2.9400 107.3400 29.5500 404.000000 0.000000 180.000000 51.000000
2.9500 107.4800 29.0900 396.000000 0.000000 180.000000 52.000000
2.9600 107.6500 28.7500 343.000000 0.000000 180.000000 52.000000
2.9700 107.8000 28.5300 255.000000 0.000000 180.000000 52.000000
2.9800 107.9300 28.3800 110.000000 0.000000 180.000000 53.000000
2.9900 107.9300 28.3800 0.000000 1.000000 179.000000 53.000000
3.0000 107.8600 28.6300 0.000000 0.000000 179.000000 53.000000
3.0100 107.7400 28.9200 0.000000 0.000000 179.000000 53.000000
3.0200 107.4500 29.3700 0.000000 0.000000 179.000000 53.000000
3.0300 107.0100 29.7900 0.000000 0.000000 179.000000 53.000000
3.0400 106.4600 30.1600 0.000000 0.000000 179.000000 53.000000
3.0500 105.9400 30.2900 0.000000 0.000000 179.000000 53.000000
3.0600 105.9400 30.2900 371.000000 1.000000 179.000000 53.000000
3.0700 105.5300 30.3500 377.000000 0.000000 179.000000 53.000000
3.0800 105.6200 30.3500 372.000000 0.000000 177.000000 52.000000
3.0900 105.9600 30.3000 389.000000 0.000000 177.000000 52.000000
3.1000 106.4700 30.2300 397.000000 0.000000 177.000000 52.000000
3.1100 107.0000 30.1800 407.000000 0.000000 177.000000 52.000000
3.1200 107.4600 30.1100 389.000000 0.000000 177.000000 52.000000
3.1300 107.8800 30.0400 340.000000 0.000000 177.000000 52.000000
3.1400 108.2700 29.9500 237.000000 0.000000 179.000000 52.000000
3.1500 108.5200 29.8300 51.000000 0.000000 179.000000 52.000000
3.1600 108.5200 29.8300 0.000000 1.000000 179.000000 52.000000
3.1700 108.4900 29.4700 0.000000 0.000000 179.000000 53.000000
3.1800 107.8400 29.2300 0.000000 0.000000 179.000000 53.000000
3.1900 106.8800 28.9200 0.000000 0.000000 179.000000 53.000000
3.2000 105.6900 28.5800 0.000000 0.000000 179.000000 54.000000
3.2100 104.4300 28.2400 0.000000 0.000000 179.000000 54.000000
3.2200 103.1100 27.9500 0.000000 0.000000 179.000000 54.000000
3.2300 101.8300 27.6500 0.000000 0.000000 177.000000 55.000000
3.2400 100.5600 27.3600 0.000000 0.000000 177.000000 54.000000
3.2500 99.2900 27.0000 0.000000 0.000000 176.000000 54.000000
3.2600 98.1600 26.6200 0.000000 0.000000 175.000000 54.000000
3.2700 97.1300 26.2100 0.000000 0.000000 173.000000 53.000000
3.2800 96.4100 25.8100 0.000000 0.000000 173.000000 53.000000
3.2900 96.0300 25.5700 0.000000 0.000000 172.000000 53.000000
3.3000 95.8700 25.4200 0.000000 0.000000 172.000000 53.000000
3.3100 95.7800 25.4200 0.000000 0.000000 172.000000 53.000000
3.3200 95.7800 25.4200 0.000000 0.000000 170.000000 54.000000
3.3300 95.7800 25.4200 0.000000 0.000000 170.000000 55.000000
3.3400 95.9100 26.0400 0.000000 0.000000 170.000000 56.000000
3.3500 95.9100 26.0400 42.000000 1.000000 168.000000 55.000000
3.3600 96.7600 26.4300 120.000000 0.000000 168.000000 56.000000
3.3700 96.9800 26.6100 134.000000 0.000000 168.000000 56.000000
3.3800 97.0500 26.8300 198.000000 0.000000 166.000000 56.000000
3.3900 97.2200 27.0900 294.000000 0.000000 166.000000 56.000000
3.4000 97.3600 27.4000 353.000000 0.000000 166.000000 56.000000
3.4100 97.3600 27.5300 394.000000 0.000000 166.000000 56.000000
3.4200 97.3600 27.6400 407.000000 0.000000 167.000000 55.000000
3.4300 97.2100 27.7300 409.000000 0.000000 168.000000 55.000000
3.4400 96.8400 27.7300 402.000000 0.000000 168.000000 55.000000
3.4500 96.3200 27.4400 399.000000 0.000000 169.000000 54.000000
3.4600 95.5200 27.0400 391.000000 0.000000 169.000000 54.000000
3.4700 94.6300 26.5800 389.000000 0.000000 169.000000 54.000000
3.4800 93.6700 26.1600 391.000000 0.000000 168.000000 55.000000
3.4900 93.0500 25.7700 387.000000 0.000000 167.000000 55.000000
3.5000 92.7300 25.4700 369.000000 0.000000 167.000000 55.000000
3.5100 92.6100 25.2100 362.000000 0.000000 165.000000 56.000000
3.5200 92.6700 24.9800 373.000000 0.000000 163.000000 57.000000
3.5300 92.9400 24.8800 353.000000 0.000000 163.000000 57.000000
3.5400 93.3500 24.8800 307.000000 0.000000 163.000000 57.000000
3.5500 93.9000 24.8800 273.000000 0.000000 161.000000 57.000000
3.5600 94.4600 25.0800 245.000000 0.000000 161.000000 57.000000
3.5700 95.0400 25.3200 220.000000 0.000000 162.000000 58.000000
3.5800 95.4900 25.5900 220.000000 0.000000 162.000000 58.000000
3.5900 95.8700 25.7900 207.000000 0.000000 162.000000 58.000000
3.6000 96.0700 25.9700 225.000000 0.000000 162.000000 58.000000
3.6100 96.0700 26.0400 249.000000 0.000000 164.000000 58.000000
3.6200 95.9300 26.0400 270.000000 0.000000 164.000000 58.000000
3.6300 95.5500 25.9800 272.000000 0.000000 164.000000 58.000000
3.6400 94.9300 25.8900 277.000000 0.000000 164.000000 57.000000
3.6500 94.1600 25.6400 287.000000 0.000000 164.000000 57.000000
3.6600 93.1300 25.2900 291.000000 0.000000 163.000000 57.000000
3.6700 92.1100 24.9600 356.000000 0.000000 163.000000 57.000000
3.6800 91.4600 24.7300 394.000000 0.000000 163.000000 57.000000
3.6900 91.0500 24.5700 391.000000 0.000000 161.000000 57.000000
3.7000 91.2000 24.4400 418.000000 0.000000 161.000000 57.000000
3.7100 91.9300 24.3100 466.000000 0.000000 161.000000 57.000000
3.7200 93.0500 24.3900 473.000000 0.000000 159.000000 57.000000
3.7300 94.8600 24.6100 488.000000 0.000000 159.000000 57.000000
3.7400 96.8200 24.8000 483.000000 0.000000 161.000000 57.000000
3.7500 98.8700 25.2000 467.000000 0.000000 161.000000 57.000000
3.7600 101.1500 25.7300 474.000000 0.000000 163.000000 57.000000
3.7700 103.6300 26.2800 453.000000 0.000000 164.000000 57.000000
3.7800 106.2500 26.8300 433.000000 0.000000 166.000000 57.000000
3.7900 108.6700 27.3100 425.000000 0.000000 167.000000 57.000000
3.8000 110.5900 27.7500 430.000000 0.000000 169.000000 58.000000
3.8100 112.1700 27.9800 443.000000 0.000000 169.000000 57.000000
3.8200 113.0300 28.0700 442.000000 0.000000 169.000000 57.000000
3.8300 113.5500 28.0700 440.000000 0.000000 169.000000 57.000000
3.8400 113.8500 27.9500 361.000000 0.000000 167.000000 57.000000
