0.0000 59.3600 53.0200 317.000000 1.000000 163.000000 62.000000
0.0100 58.4800 53.4200 564.000000 0.000000 161.000000 62.000000
0.0200 57.5000 53.8000 672.000000 0.000000 162.000000 61.000000
0.0300 56.2600 54.0100 827.000000 0.000000 162.000000 61.000000
0.0400 55.0300 54.1200 902.000000 0.000000 162.000000 61.000000
0.0500 53.7700 54.1700 974.000000 0.000000 162.000000 61.000000
0.0600 52.4900 54.1700 1023.000000 0.000000 162.000000 61.000000
0.0700 51.3000 53.9900 1023.000000 0.000000 160.000000 60.000000
0.0800 50.4500 53.6400 1023.000000 0.000000 160.000000 60.000000
0.0900 49.8200 53.4000 1023.000000 0.000000 158.000000 60.000000
0.1000 49.7500 53.1500 1023.000000 0.000000 157.000000 60.000000
0.1100 49.7500 52.9300 1023.000000 0.000000 157.000000 60.000000
0.1200 50.1900 52.7300 1023.000000 0.000000 156.000000 59.000000
0.1300 50.9300 52.4200 1023.000000 0.000000 156.000000 59.000000
0.1400 52.4700 52.2000 1023.000000 0.000000 156.000000 59.000000
0.1500 53.8500 52.0300 1023.000000 0.000000 156.000000 59.000000
0.1600 55.1300 51.6200 1023.000000 0.000000 156.000000 59.000000
0.1700 55.4300 51.1600 1023.000000 0.000000 156.000000 59.000000
0.1800 55.3700 50.5000 1023.000000 0.000000 157.000000 60.000000
0.1900 55.0800 49.7400 1023.000000 0.000000 157.000000 60.000000
0.2000 54.1700 49.1000 1023.000000 0.000000 158.000000 60.000000
0.2100 53.1500 48.5900 1023.000000 0.000000 157.000000 61.000000
0.2200 52.0600 48.1600 1023.000000 0.000000 157.000000 61.000000
0.2300 51.1300 48.0500 1023.000000 0.000000 156.000000 62.000000
0.2400 50.5500 48.2600 1023.000000 0.000000 156.000000 62.000000
0.2500 50.2000 48.6900 1023.000000 0.000000 154.000000 63.000000
0.2600 50.0000 49.1700 1023.000000 0.000000 152.000000 62.000000
0.2700 50.1400 49.6300 827.000000 0.000000 152.000000 62.000000
0.2800 50.5100 50.0300 388.000000 0.000000 150.000000 62.000000
0.2900 50.5100 50.0300 0.000000 1.000000 150.000000 62.000000
0.3000 52.0600 50.5400 0.000000 0.000000 148.000000 61.000000
0.3100 52.6000 50.7400 0.000000 0.000000 150.000000 60.000000
0.3200 52.9700 50.9400 0.000000 0.000000 150.000000 60.000000
0.3300 53.6200 50.9400 0.000000 0.000000 151.000000 61.000000
0.3400 54.2900 50.9400 0.000000 0.000000 151.000000 61.000000
0.3500 54.9900 50.9400 0.000000 0.000000 152.000000 60.000000
0.3600 55.6700 50.9400 0.000000 0.000000 154.000000 60.000000
0.3700 56.2000 50.9400 0.000000 0.000000 156.000000 61.000000
0.3800 56.6300 50.9400 0.000000 0.000000 157.000000 61.000000
0.3900 56.8800 50.8300 0.000000 0.000000 157.000000 61.000000
0.4000 57.0700 50.7600 0.000000 0.000000 159.000000 61.000000
0.4100 57.2100 50.7600 0.000000 0.000000 161.000000 62.000000
0.4200 57.3400 50.7000 0.000000 0.000000 163.000000 62.000000
0.4300 57.4600 50.7000 0.000000 0.000000 163.000000 62.000000
0.4400 57.5700 50.7000 0.000000 0.000000 165.000000 62.000000
0.4500 57.6900 50.5800 0.000000 0.000000 165.000000 62.000000
0.4600 57.6900 50.5800 586.000000 1.000000 165.000000 62.000000
0.4700 57.9500 50.1700 864.000000 0.000000 165.000000 62.000000
0.4800 57.8600 50.1700 1023.000000 0.000000 163.000000 62.000000
0.4900 57.6300 50.2800 1023.000000 0.000000 163.000000 62.000000
0.5000 57.6300 50.2800 1023.000000 0.000000 163.000000 62.000000
0.5100 57.6300 50.2800 1023.000000 0.000000 161.000000 62.000000
0.5200 57.6300 50.2800 1023.000000 0.000000 161.000000 62.000000
0.5300 57.6300 50.3400 1023.000000 0.000000 159.000000 61.000000
0.5400 57.6300 50.3400 1023.000000 0.000000 159.000000 61.000000
0.5500 57.6800 50.3400 1023.000000 0.000000 159.000000 61.000000
0.5600 57.6800 50.3400 1023.000000 0.000000 157.000000 61.000000
0.5700 57.6800 50.3400 1023.000000 0.000000 157.000000 61.000000
0.5800 57.6300 50.3400 800.000000 0.000000 157.000000 61.000000
0.5900 57.5800 50.3400 1.000000 1.000000 157.000000 61.000000
0.6000 57.5800 50.3400 0.000000 0.000000 157.000000 61.000000
0.6100 57.5500 50.8900 0.000000 0.000000 157.000000 61.000000
0.6200 57.9600 51.5900 0.000000 0.000000 157.000000 61.000000
0.6300 58.6100 52.4800 0.000000 0.000000 157.000000 61.000000
0.6400 59.2500 53.6300 0.000000 0.000000 157.000000 61.000000
0.6500 59.9000 54.6500 0.000000 0.000000 157.000000 61.000000
0.6600 60.4300 55.5900 0.000000 0.000000 158.000000 60.000000
0.6700 60.8700 55.9400 0.000000 0.000000 158.000000 60.000000
0.6800 60.8700 55.9400 597.000000 1.000000 158.000000 60.000000
0.6900 60.8500 56.1900 717.000000 0.000000 158.000000 60.000000
0.7000 60.6100 56.4000 861.000000 0.000000 160.000000 60.000000
0.7100 60.6100 56.3500 926.000000 0.000000 160.000000 60.000000
0.7200 60.5400 56.1300 988.000000 0.000000 159.000000 61.000000
0.7300 60.4000 55.4800 997.000000 0.000000 159.000000 61.000000
0.7400 60.2100 54.2800 997.000000 0.000000 157.000000 61.000000
0.7500 59.8800 52.7200 988.000000 0.000000 156.000000 62.000000
0.7600 59.4500 50.9200 977.000000 0.000000 155.000000 62.000000
0.7700 58.8000 49.1300 964.000000 0.000000 155.000000 62.000000
0.7800 58.4700 47.8500 962.000000 0.000000 152.000000 62.000000
0.7900 58.3500 46.9200 958.000000 0.000000 150.000000 62.000000
0.8000 58.4100 46.4800 956.000000 0.000000 147.000000 62.000000
0.8100 58.5200 46.4300 970.000000 0.000000 146.000000 63.000000
0.8200 58.8600 46.6400 994.000000 0.000000 145.000000 64.000000
0.8300 59.3500 47.3600 997.000000 0.000000 141.000000 64.000000
0.8400 59.8400 48.5300 983.000000 0.000000 143.000000 64.000000
0.8500 60.2100 49.9900 936.000000 0.000000 143.000000 64.000000
0.8600 60.4900 51.8400 909.000000 0.000000 145.000000 64.000000
0.8700 60.4900 53.7300 902.000000 0.000000 145.000000 64.000000
0.8800 60.5600 55.6400 944.000000 0.000000 146.000000 63.000000
0.8900 60.4300 56.3800 986.000000 0.000000 147.000000 62.000000
0.9000 60.1900 56.7200 1023.000000 0.000000 148.000000 61.000000
0.9100 60.0500 56.8000 1023.000000 0.000000 148.000000 61.000000
0.9200 59.9100 56.8000 1023.000000 0.000000 148.000000 61.000000
0.9300 59.7600 56.5000 1023.000000 0.000000 150.000000 60.000000
0.9400 59.4900 56.0300 1023.000000 0.000000 150.000000 60.000000
0.9500 59.1500 55.2100 1023.000000 0.000000 150.000000 60.000000
0.9600 58.8400 54.1400 1023.000000 0.000000 150.000000 60.000000
0.9700 58.9300 52.9000 1023.000000 0.000000 150.000000 60.000000
0.9800 59.2800 52.4300 1023.000000 0.000000 151.000000 60.000000
0.9900 60.1200 52.2500 1023.000000 0.000000 151.000000 60.000000
1.0000 60.9900 52.2500 1023.000000 0.000000 151.000000 60.000000
1.0100 62.0300 52.6700 977.000000 0.000000 151.000000 60.000000
1.0200 63.1700 53.3700 965.000000 0.000000 151.000000 60.000000
1.0300 63.9600 54.2600 943.000000 0.000000 152.000000 60.000000
1.0400 64.4700 55.2100 950.000000 0.000000 152.000000 60.000000
1.0500 64.7800 56.1400 974.000000 0.000000 154.000000 60.000000
1.0600 64.7800 57.0600 1023.000000 0.000000 155.000000 62.000000
1.0700 64.6300 57.4300 1023.000000 0.000000 156.000000 62.000000
1.0800 64.6300 57.4300 1023.000000 0.000000 156.000000 62.000000
1.0900 64.2200 57.5500 1023.000000 0.000000 156.000000 62.000000
1.1000 64.0100 57.2300 1023.000000 0.000000 156.000000 62.000000
1.1100 63.6000 56.3100 1023.000000 0.000000 156.000000 62.000000
1.1200 63.0800 54.9600 1023.000000 0.000000 157.000000 61.000000
1.1300 62.7300 53.0200 1023.000000 0.000000 157.000000 61.000000
1.1400 62.3400 51.0000 1023.000000 0.000000 157.000000 61.000000
1.1500 61.9200 48.9300 1023.000000 0.000000 155.000000 62.000000
1.1600 61.4900 47.3300 1023.000000 0.000000 155.000000 62.000000
1.1700 61.4900 46.4000 1023.000000 0.000000 152.000000 62.000000
1.1800 61.4900 45.9200 992.000000 0.000000 151.000000 63.000000
1.1900 61.6700 45.8200 911.000000 0.000000 148.000000 63.000000
1.2000 61.8400 46.0200 673.000000 0.000000 146.000000 64.000000
1.2100 61.8400 46.0200 0.000000 1.000000 145.000000 65.000000
1.2200 62.3400 47.1900 0.000000 0.000000 142.000000 65.000000
1.2300 62.5200 48.1000 0.000000 0.000000 142.000000 65.000000
1.2400 62.6200 49.1000 0.000000 0.000000 142.000000 65.000000
1.2500 63.1000 49.9200 0.000000 0.000000 142.000000 65.000000
1.2600 63.5800 50.5100 0.000000 0.000000 144.000000 66.000000
1.2700 64.0600 50.9400 0.000000 0.000000 145.000000 65.000000
1.2800 64.4100 51.2400 0.000000 0.000000 146.000000 64.000000
1.2900 64.6700 51.4900 0.000000 0.000000 148.000000 63.000000
1.3000 64.8200 51.6500 0.000000 0.000000 149.000000 63.000000
1.3100 64.9500 51.7800 0.000000 0.000000 149.000000 63.000000
1.3200 65.0600 51.9800 0.000000 0.000000 152.000000 62.000000
1.3300 65.2800 52.2200 0.000000 0.000000 152.000000 62.000000
1.3400 65.5000 52.3200 0.000000 0.000000 153.000000 61.000000
1.3500 65.7000 52.3900 0.000000 0.000000 155.000000 62.000000
1.3600 65.8200 52.3900 0.000000 0.000000 155.000000 62.000000
1.3700 65.9100 52.3900 0.000000 0.000000 156.000000 61.000000
1.3800 65.9100 52.3900 428.000000 1.000000 156.000000 61.000000
1.3900 65.9100 52.3900 585.000000 0.000000 156.000000 61.000000
1.4000 65.9100 52.3900 780.000000 0.000000 156.000000 61.000000
1.4100 65.9100 52.3900 869.000000 0.000000 156.000000 61.000000
1.4200 65.5100 52.7000 949.000000 0.000000 156.000000 61.000000
1.4300 65.2800 52.7700 1006.000000 0.000000 156.000000 61.000000
1.4400 65.0000 52.7700 1023.000000 0.000000 156.000000 61.000000
1.4500 64.6300 52.6500 1023.000000 0.000000 156.000000 61.000000
1.4600 64.1900 52.4000 1023.000000 0.000000 156.000000 61.000000
1.4700 63.8400 51.9600 1023.000000 0.000000 156.000000 61.000000
1.4800 63.5000 51.4900 1023.000000 0.000000 156.000000 61.000000
1.4900 63.4100 50.9800 1023.000000 0.000000 153.000000 61.000000
1.5000 63.4900 50.4900 1023.000000 0.000000 153.000000 61.000000
1.5100 63.7000 50.2500 1023.000000 0.000000 153.000000 61.000000
1.5200 63.9600 50.1500 1023.000000 0.000000 151.000000 61.000000
1.5300 64.3700 50.2400 1023.000000 0.000000 151.000000 61.000000
1.5400 64.8500 50.5600 1023.000000 0.000000 151.000000 61.000000
1.5500 65.1600 51.0300 1023.000000 0.000000 151.000000 61.000000
1.5600 65.4900 51.5900 1023.000000 0.000000 153.000000 61.000000
1.5700 65.7000 52.1500 1023.000000 0.000000 153.000000 61.000000
1.5800 65.8200 52.6800 1023.000000 0.000000 153.000000 61.000000
1.5900 65.8200 53.1800 1023.000000 0.000000 153.000000 61.000000
1.6000 65.8200 53.4900 1023.000000 0.000000 153.000000 61.000000
1.6100 65.7300 53.6300 1023.000000 0.000000 153.000000 61.000000
1.6200 65.7300 53.6300 1023.000000 0.000000 153.000000 61.000000
1.6300 65.6700 53.6300 1023.000000 0.000000 153.000000 61.000000
1.6400 65.6700 53.6300 1023.000000 0.000000 153.000000 61.000000
1.6500 65.6700 53.5700 1023.000000 0.000000 153.000000 61.000000
1.6600 65.6700 53.3100 1023.000000 0.000000 153.000000 61.000000
1.6700 65.5900 52.9500 1023.000000 0.000000 153.000000 61.000000
1.6800 65.5900 52.5900 1023.000000 0.000000 153.000000 61.000000
1.6900 65.5900 52.2800 1023.000000 0.000000 153.000000 61.000000
1.7000 65.7700 52.0000 1023.000000 0.000000 154.000000 60.000000
1.7100 65.9900 51.8800 1023.000000 0.000000 154.000000 60.000000
1.7200 66.4000 51.8800 1023.000000 0.000000 156.000000 61.000000
1.7300 66.9400 52.0500 1023.000000 0.000000 156.000000 61.000000
1.7400 67.5300 52.3400 1023.000000 0.000000 156.000000 61.000000
1.7500 68.1000 52.7300 1023.000000 0.000000 155.000000 62.000000
1.7600 68.5100 53.0700 1023.000000 0.000000 155.000000 62.000000
1.7700 68.8200 53.4100 1023.000000 0.000000 155.000000 62.000000
1.7800 68.9800 53.6800 1006.000000 0.000000 155.000000 62.000000
1.7900 69.0700 53.8200 1000.000000 0.000000 155.000000 62.000000
1.8000 69.0700 53.8700 994.000000 0.000000 155.000000 62.000000
1.8100 69.0700 53.8700 988.000000 0.000000 153.000000 61.000000
1.8200 69.0700 53.8700 982.000000 0.000000 153.000000 61.000000
1.8300 69.0700 53.8700 987.000000 0.000000 153.000000 61.000000
1.8400 69.1200 53.8700 1000.000000 0.000000 151.000000 61.000000
1.8500 69.1200 53.8700 1023.000000 0.000000 151.000000 61.000000
1.8600 69.0700 53.8700 1023.000000 0.000000 151.000000 61.000000
1.8700 68.9800 53.8200 1023.000000 0.000000 151.000000 61.000000
1.8800 68.7800 53.8200 1023.000000 0.000000 151.000000 61.000000
1.8900 68.4900 53.6900 1023.000000 0.000000 151.000000 61.000000
1.9000 68.1500 53.5000 1023.000000 0.000000 151.000000 61.000000
1.9100 67.7800 53.1000 1023.000000 0.000000 153.000000 61.000000
1.9200 67.4300 52.5700 1023.000000 0.000000 153.000000 61.000000
1.9300 67.2600 51.9600 1023.000000 0.000000 153.000000 61.000000
1.9400 67.2100 51.3400 1017.000000 0.000000 153.000000 61.000000
1.9500 67.4200 51.0000 1015.000000 0.000000 155.000000 62.000000
1.9600 67.8300 50.8600 1009.000000 0.000000 154.000000 63.000000
1.9700 68.3700 50.9200 1000.000000 0.000000 154.000000 63.000000
1.9800 69.0200 51.2400 986.000000 0.000000 154.000000 63.000000
1.9900 69.6000 51.7400 968.000000 0.000000 154.000000 63.000000
2.0000 70.1400 52.3300 938.000000 0.000000 154.000000 63.000000
2.0100 70.5900 53.1000 885.000000 0.000000 154.000000 63.000000
2.0200 71.0500 53.9900 763.000000 0.000000 154.000000 63.000000
2.0300 71.5000 55.2700 619.000000 0.000000 154.000000 63.000000
2.0400 71.8700 56.5900 554.000000 0.000000 155.000000 63.000000
2.0500 72.1900 57.9500 560.000000 0.000000 155.000000 63.000000
2.0600 72.4300 58.6400 620.000000 0.000000 157.000000 63.000000
2.0700 72.5000 58.8500 684.000000 0.000000 157.000000 63.000000
2.0800 72.4500 58.7500 730.000000 0.000000 160.000000 63.000000
2.0900 72.3100 58.5600 739.000000 0.000000 160.000000 63.000000
2.1000 72.1100 58.1700 752.000000 0.000000 162.000000 63.000000
2.1100 71.8700 57.6500 753.000000 0.000000 162.000000 63.000000
2.1200 71.7000 56.9400 796.000000 0.000000 162.000000 63.000000
2.1300 71.4900 56.1800 799.000000 0.000000 162.000000 63.000000
2.1400 71.2400 55.1800 826.000000 0.000000 162.000000 63.000000
2.1500 70.9600 54.0500 855.000000 0.000000 162.000000 63.000000
2.1600 70.7300 53.1400 888.000000 0.000000 161.000000 64.000000
2.1700 70.5600 52.4500 920.000000 0.000000 159.000000 64.000000
2.1800 70.4000 51.9100 939.000000 0.000000 159.000000 64.000000
2.1900 70.4000 51.6700 964.000000 0.000000 157.000000 63.000000
2.2000 70.4600 51.5700 996.000000 0.000000 157.000000 63.000000
2.2100 70.5700 51.5700 1023.000000 0.000000 155.000000 63.000000
2.2200 70.7100 51.7000 1023.000000 0.000000 155.000000 63.000000
2.2300 70.8700 51.9600 1023.000000 0.000000 154.000000 63.000000
2.2400 71.0600 52.3000 1023.000000 0.000000 155.000000 62.000000
2.2500 71.3400 52.8000 1023.000000 0.000000 156.000000 62.000000
2.2600 71.6300 53.3500 1023.000000 0.000000 155.000000 63.000000
2.2700 71.9400 53.9400 1023.000000 0.000000 155.000000 63.000000
2.2800 72.2500 54.4400 1023.000000 0.000000 155.000000 63.000000
2.2900 72.3800 54.6900 1023.000000 0.000000 155.000000 63.000000
2.3000 72.3800 54.7700 1023.000000 0.000000 155.000000 63.000000
2.3100 72.3800 54.7700 1023.000000 0.000000 155.000000 63.000000
2.3200 72.3300 54.7200 1023.000000 0.000000 155.000000 63.000000
2.3300 72.3300 54.6000 1023.000000 0.000000 155.000000 63.000000
2.3400 72.2000 54.3800 1023.000000 0.000000 155.000000 63.000000
2.3500 72.0600 54.0300 1023.000000 0.000000 155.000000 63.000000
2.3600 71.9200 53.5900 1023.000000 0.000000 155.000000 63.000000
2.3700 71.7600 53.1500 1023.000000 0.000000 155.000000 63.000000
2.3800 71.6400 52.7000 1023.000000 0.000000 155.000000 63.000000
2.3900 71.5900 52.2900 1023.000000 0.000000 155.000000 63.000000
2.4000 71.6700 52.0900 1023.000000 0.000000 157.000000 63.000000
2.4100 71.8400 51.9900 1023.000000 0.000000 157.000000 63.000000
2.4200 72.0800 51.9900 1023.000000 0.000000 158.000000 62.000000
2.4300 72.4600 52.2700 1023.000000 0.000000 158.000000 62.000000
2.4400 72.9300 52.6400 1023.000000 0.000000 160.000000 63.000000
2.4500 73.3900 53.0900 1023.000000 0.000000 159.000000 64.000000
2.4600 73.7800 53.6100 1023.000000 0.000000 159.000000 64.000000
2.4700 74.1200 54.1800 1023.000000 0.000000 161.000000 64.000000
2.4800 74.2500 54.6200 1023.000000 0.000000 161.000000 64.000000
2.4900 74.2500 54.8800 1023.000000 0.000000 161.000000 64.000000
2.5000 74.2000 55.0300 1023.000000 0.000000 161.000000 64.000000
2.5100 74.2000 55.0300 1023.000000 0.000000 161.000000 64.000000
2.5200 74.2000 55.0300 1023.000000 0.000000 161.000000 64.000000
2.5300 74.0800 54.9100 1023.000000 0.000000 161.000000 64.000000
2.5400 73.9500 54.6100 1023.000000 0.000000 161.000000 64.000000
2.5500 73.7800 54.1600 1023.000000 0.000000 161.000000 64.000000
2.5600 73.5900 53.5900 1023.000000 0.000000 161.000000 64.000000
2.5700 73.4200 53.0200 1023.000000 0.000000 161.000000 64.000000
2.5800 73.2600 52.6300 1023.000000 0.000000 161.000000 64.000000
2.5900 73.2600 52.3600 1023.000000 0.000000 161.000000 64.000000
2.6000 73.2600 52.2000 1023.000000 0.000000 161.000000 64.000000
2.6100 73.4400 52.0400 1023.000000 0.000000 161.000000 64.000000
2.6200 73.6600 52.0400 1023.000000 0.000000 161.000000 64.000000
2.6300 73.8900 52.1900 1023.000000 0.000000 161.000000 64.000000
2.6400 74.2200 52.4700 1023.000000 0.000000 161.000000 64.000000
2.6500 74.6100 52.8100 1023.000000 0.000000 163.000000 64.000000
2.6600 74.9900 53.2000 1023.000000 0.000000 163.000000 64.000000
2.6700 75.3700 53.7000 1023.000000 0.000000 163.000000 64.000000
2.6800 75.6300 54.2000 1023.000000 0.000000 163.000000 64.000000
2.6900 75.8200 54.4700 1023.000000 0.000000 163.000000 64.000000
2.7000 75.9300 54.6000 1023.000000 0.000000 163.000000 64.000000
2.7100 75.9300 54.6000 1023.000000 0.000000 163.000000 64.000000
2.7200 75.8700 54.6000 1023.000000 0.000000 163.000000 64.000000
2.7300 75.8200 54.6000 1023.000000 0.000000 163.000000 64.000000
2.7400 75.8200 54.6000 1023.000000 0.000000 163.000000 64.000000
2.7500 75.6700 54.4900 1023.000000 0.000000 163.000000 64.000000
2.7600 75.5100 54.3100 1023.000000 0.000000 163.000000 64.000000
2.7700 75.3600 54.0600 1023.000000 0.000000 163.000000 64.000000
2.7800 75.2000 53.7800 1023.000000 0.000000 163.000000 64.000000
2.7900 75.0500 53.5200 1023.000000 0.000000 163.000000 64.000000
2.8000 74.9900 53.3500 1023.000000 0.000000 163.000000 64.000000
2.8100 74.9900 53.1600 1023.000000 0.000000 165.000000 64.000000
2.8200 75.1000 53.0700 1023.000000 0.000000 165.000000 64.000000
2.8300 75.4700 53.0700 1023.000000 0.000000 165.000000 64.000000
2.8400 76.0300 53.2400 1023.000000 0.000000 165.000000 64.000000
2.8500 76.5000 53.5200 1023.000000 0.000000 165.000000 64.000000
2.8600 76.9900 53.8600 1023.000000 0.000000 165.000000 64.000000
2.8700 77.2800 54.1100 1023.000000 0.000000 165.000000 64.000000
2.8800 77.4400 54.1900 1023.000000 0.000000 165.000000 64.000000
2.8900 77.4400 54.1900 1023.000000 0.000000 165.000000 64.000000
2.9000 77.3800 54.1300 1023.000000 0.000000 165.000000 64.000000
2.9100 77.2900 54.0800 1023.000000 0.000000 165.000000 64.000000
2.9200 77.1600 53.9600 1023.000000 0.000000 165.000000 64.000000
2.9300 76.9900 53.7700 1023.000000 0.000000 165.000000 64.000000
2.9400 76.7800 53.5500 1023.000000 0.000000 167.000000 64.000000
2.9500 76.5700 53.3200 1023.000000 0.000000 167.000000 64.000000
2.9600 76.3700 52.9600 1023.000000 0.000000 167.000000 64.000000
2.9700 76.1900 52.6000 1023.000000 0.000000 167.000000 64.000000
2.9800 76.0300 52.2400 1023.000000 0.000000 167.000000 64.000000
2.9900 76.0300 52.0900 1023.000000 0.000000 167.000000 64.000000
3.0000 76.1100 52.0300 1023.000000 0.000000 167.000000 64.000000
3.0100 76.4500 52.0300 1023.000000 0.000000 169.000000 65.000000
3.0200 77.1100 52.1200 1023.000000 0.000000 169.000000 65.000000
3.0300 77.9800 52.3400 1023.000000 0.000000 169.000000 65.000000
3.0400 78.6300 52.6500 1023.000000 0.000000 171.000000 65.000000
3.0500 78.9900 52.6500 1023.000000 0.000000 171.000000 65.000000
3.0600 79.1600 52.6500 1023.000000 0.000000 171.000000 65.000000
3.0700 79.1100 52.6500 1023.000000 0.000000 171.000000 65.000000
3.0800 78.7900 52.6500 926.000000 0.000000 171.000000 65.000000
3.0900 78.7900 52.6500 0.000000 1.000000 171.000000 65.000000
3.1000 77.4100 52.5600 0.000000 0.000000 171.000000 65.000000
3.1100 76.8200 52.7700 0.000000 0.000000 171.000000 65.000000
3.1200 76.4100 53.0700 0.000000 0.000000 171.000000 65.000000
3.1300 76.1700 53.3600 0.000000 0.000000 169.000000 65.000000
3.1400 75.9500 53.8300 0.000000 0.000000 171.000000 65.000000
3.1500 75.7100 54.4300 0.000000 0.000000 172.000000 64.000000
3.1600 75.4500 55.0400 0.000000 0.000000 172.000000 64.000000
3.1700 75.2000 55.5000 0.000000 0.000000 172.000000 63.000000
3.1800 74.8400 55.8600 0.000000 0.000000 173.000000 62.000000
3.1900 74.3500 56.1500 0.000000 0.000000 173.000000 61.000000
3.2000 73.7800 56.4400 0.000000 0.000000 173.000000 60.000000
3.2100 73.1000 56.6800 0.000000 0.000000 173.000000 59.000000
3.2200 72.4200 56.8600 0.000000 0.000000 172.000000 58.000000
3.2300 71.7500 56.9500 0.000000 0.000000 170.000000 58.000000
3.2400 71.3300 56.9000 0.000000 0.000000 170.000000 58.000000
3.2500 71.3300 56.9000 108.000000 1.000000 169.000000 58.000000
3.2600 70.9800 56.5700 929.000000 0.000000 168.000000 58.000000
3.2700 70.8500 56.5700 1023.000000 0.000000 166.000000 59.000000
3.2800 70.8500 56.6500 1023.000000 0.000000 166.000000 60.000000
3.2900 71.0400 56.6500 1023.000000 0.000000 165.000000 61.000000
3.3000 71.5600 56.7100 1023.000000 0.000000 165.000000 62.000000
3.3100 72.1000 56.7600 940.000000 0.000000 162.000000 63.000000
3.3200 72.5300 56.7600 214.000000 0.000000 161.000000 64.000000
3.3300 72.5300 56.7600 0.000000 1.000000 161.000000 64.000000
3.3400 73.2000 56.6700 0.000000 0.000000 161.000000 64.000000
3.3500 73.4800 56.8000 0.000000 0.000000 163.000000 64.000000
3.3600 73.7500 56.9900 0.000000 0.000000 163.000000 64.000000
3.3700 74.2100 56.9900 0.000000 0.000000 166.000000 63.000000
3.3800 74.6200 56.9900 0.000000 0.000000 166.000000 62.000000
3.3900 74.8100 56.8500 0.000000 0.000000 169.000000 62.000000
3.4000 74.8600 56.6300 0.000000 0.000000 171.000000 61.000000
3.4100 74.8600 56.6300 979.000000 1.000000 171.000000 61.000000
3.4200 74.8600 56.6300 1023.000000 0.000000 171.000000 61.000000
3.4300 74.5900 56.6800 1023.000000 0.000000 171.000000 61.000000
3.4400 74.6800 56.7300 1023.000000 0.000000 171.000000 62.000000
3.4500 74.7800 56.8200 1023.000000 0.000000 170.000000 63.000000
3.4600 74.9100 56.9400 1023.000000 0.000000 170.000000 64.000000
3.4700 74.9100 56.9400 791.000000 0.000000 167.000000 64.000000
3.4800 74.9100 56.9400 0.000000 1.000000 167.000000 65.000000
3.4900 74.9100 56.8400 0.000000 0.000000 167.000000 65.000000
3.5000 74.9100 56.6700 0.000000 0.000000 167.000000 65.000000
3.5100 74.9100 56.6000 0.000000 0.000000 169.000000 66.000000
3.5200 75.1500 56.4300 0.000000 0.000000 169.000000 65.000000
3.5300 75.4100 55.8200 0.000000 0.000000 170.000000 64.000000
3.5400 75.6700 54.9600 0.000000 0.000000 172.000000 63.000000
3.5500 75.7400 54.4200 0.000000 0.000000 174.000000 62.000000
3.5600 75.7400 53.5000 0.000000 0.000000 175.000000 61.000000
3.5700 75.5200 52.3200 0.000000 0.000000 175.000000 60.000000
3.5800 75.0500 51.2600 0.000000 0.000000 175.000000 60.000000
3.5900 74.3900 50.3300 0.000000 0.000000 175.000000 61.000000
3.6000 73.4400 49.4900 0.000000 0.000000 174.000000 62.000000
3.6100 72.4000 48.8600 0.000000 0.000000 172.000000 63.000000
3.6200 71.2900 48.2300 0.000000 0.000000 172.000000 64.000000
3.6300 69.8700 47.6000 0.000000 0.000000 169.000000 65.000000
3.6400 68.2500 47.0300 0.000000 0.000000 169.000000 66.000000
3.6500 66.4900 46.5100 0.000000 0.000000 167.000000 65.000000
3.6600 66.4900 46.5100 567.000000 1.000000 166.000000 66.000000
3.6700 62.5700 45.7700 708.000000 0.000000 166.000000 66.000000
3.6800 60.6200 45.8500 736.000000 0.000000 163.000000 67.000000
3.6900 58.9500 46.1600 765.000000 0.000000 163.000000 67.000000
3.7000 57.3600 46.8800 817.000000 0.000000 163.000000 67.000000
3.7100 55.8300 47.8700 851.000000 0.000000 163.000000 67.000000
3.7200 54.8600 49.3100 893.000000 0.000000 161.000000 67.000000
3.7300 54.3300 50.9100 909.000000 0.000000 161.000000 67.000000
3.7400 54.1000 52.6300 900.000000 0.000000 162.000000 66.000000
3.7500 54.5400 54.5000 900.000000 0.000000 160.000000 66.000000
3.7600 55.5900 56.3400 905.000000 0.000000 162.000000 65.000000
3.7700 57.0400 58.0200 924.000000 0.000000 162.000000 65.000000
3.7800 59.2500 59.6000 924.000000 0.000000 163.000000 64.000000
3.7900 61.8200 60.8200 948.000000 0.000000 166.000000 63.000000
3.8000 64.6400 61.5700 934.000000 0.000000 168.000000 63.000000
3.8100 67.6700 62.0200 940.000000 0.000000 170.000000 63.000000
3.8200 70.3300 61.8000 941.000000 0.000000 173.000000 62.000000
3.8300 72.7300 60.9700 949.000000 0.000000 176.000000 62.000000
3.8400 74.3600 59.7300 976.000000 0.000000 178.000000 62.000000
3.8500 75.2100 58.1200 1002.000000 0.000000 180.000000 61.000000
3.8600 75.5500 56.4600 1023.000000 0.000000 180.000000 62.000000
3.8700 75.2800 54.7100 1023.000000 0.000000 182.000000 62.000000
3.8800 74.6100 52.9200 1023.000000 0.000000 182.000000 62.000000
3.8900 73.6700 51.1200 1023.000000 0.000000 182.000000 63.000000
3.9000 72.3400 49.3300 1023.000000 0.000000 182.000000 64.000000
3.9100 70.4400 47.7600 1023.000000 0.000000 180.000000 64.000000
3.9200 68.1500 46.3300 1023.000000 0.000000 180.000000 65.000000
3.9300 65.4700 45.2900 1023.000000 0.000000 180.000000 66.000000
3.9400 62.8700 44.7300 1023.000000 0.000000 178.000000 66.000000
3.9500 60.3100 44.4800 1023.000000 0.000000 175.000000 67.000000
3.9600 58.4300 44.5600 1023.000000 0.000000 173.000000 67.000000
3.9700 57.2200 44.9300 1023.000000 0.000000 168.000000 68.000000
3.9800 56.4600 45.5000 1023.000000 0.000000 165.000000 68.000000
3.9900 56.4600 46.0800 1023.000000 0.000000 162.000000 68.000000
4.0000 57.1300 47.1500 1023.000000 0.000000 162.000000 68.000000
4.0100 58.2900 48.5600 1023.000000 0.000000 160.000000 68.000000
4.0200 60.3400 50.1000 1023.000000 0.000000 160.000000 68.000000
4.0300 62.6200 51.2200 1023.000000 0.000000 161.000000 67.000000
4.0400 65.0600 52.0500 1023.000000 0.000000 162.000000 66.000000
4.0500 66.7600 52.4900 1023.000000 0.000000 164.000000 66.000000
4.0600 67.8800 52.5800 1023.000000 0.000000 167.000000 65.000000
4.0700 68.6000 52.4500 1023.000000 0.000000 169.000000 65.000000
4.0800 68.4100 52.0000 1023.000000 0.000000 172.000000 64.000000
4.0900 67.5400 51.3600 1023.000000 0.000000 172.000000 64.000000
4.1000 66.2200 50.5900 1023.000000 0.000000 174.000000 64.000000
4.1100 64.2200 49.6400 1023.000000 0.000000 174.000000 64.000000
4.1200 61.4700 48.4800 1023.000000 0.000000 174.000000 64.000000
4.1300 58.2200 47.1900 1023.000000 0.000000 171.000000 65.000000
4.1400 54.7800 46.1100 1023.000000 0.000000 169.000000 66.000000
4.1500 51.9200 45.0300 1023.000000 0.000000 166.000000 66.000000
4.1600 49.4500 44.2500 1023.000000 0.000000 164.000000 66.000000
4.1700 48.2300 43.6600 1023.000000 0.000000 159.000000 67.000000
4.1800 47.8800 43.5100 1023.000000 0.000000 155.000000 67.000000
4.1900 48.1100 43.6100 1023.000000 0.000000 153.000000 67.000000
4.2000 49.0500 43.8800 1023.000000 0.000000 152.000000 68.000000
4.2100 51.3400 44.4100 1023.000000 0.000000 150.000000 67.000000
4.2200 54.5300 45.1700 1023.000000 0.000000 150.000000 67.000000
4.2300 58.3200 46.0800 1023.000000 0.000000 152.000000 68.000000
4.2400 62.4700 47.0700 1023.000000 0.000000 152.000000 68.000000
4.2500 66.8700 48.1200 1023.000000 0.000000 154.000000 68.000000
4.2600 70.8200 49.2000 1023.000000 0.000000 158.000000 67.000000
4.2700 73.5200 49.9500 1023.000000 0.000000 160.000000 68.000000
4.2800 75.3900 50.3700 1023.000000 0.000000 165.000000 67.000000
4.2900 76.4500 50.5800 1023.000000 0.000000 171.000000 67.000000
4.3000 76.8800 50.6300 1023.000000 0.000000 173.000000 67.000000
4.3100 76.8800 50.6800 1023.000000 0.000000 176.000000 66.000000
4.3200 77.0100 50.7400 1023.000000 0.000000 178.000000 66.000000
4.3300 77.0100 50.7400 1023.000000 0.000000 180.000000 65.000000
4.3400 77.0100 50.6900 1023.000000 0.000000 180.000000 65.000000
4.3500 77.0100 50.6900 1023.000000 0.000000 180.000000 65.000000
4.3600 76.9600 50.6200 1023.000000 0.000000 180.000000 64.000000
4.3700 76.9600 50.6200 1023.000000 0.000000 180.000000 64.000000
4.3800 76.9600 50.6200 1023.000000 0.000000 180.000000 64.000000
4.3900 76.9600 50.6200 1023.000000 0.000000 180.000000 64.000000
4.4000 76.9600 50.6200 1023.000000 0.000000 180.000000 64.000000
4.4100 76.9600 50.6200 1023.000000 0.000000 178.000000 64.000000
4.4200 76.9600 50.6200 1023.000000 0.000000 178.000000 64.000000
4.4300 76.9600 50.6200 1023.000000 0.000000 178.000000 64.000000
4.4400 76.9600 50.6200 1023.000000 0.000000 178.000000 64.000000
4.4500 76.9600 50.6200 1023.000000 0.000000 176.000000 64.000000
4.4600 76.9600 50.6200 1023.000000 0.000000 176.000000 64.000000
4.4700 76.9600 50.6200 1023.000000 0.000000 176.000000 64.000000
4.4800 76.9600 50.6200 855.000000 0.000000 176.000000 64.000000
