0.0000 19.0700 81.8100 36.000000 1.000000 174.000000 56.000000
0.0100 19.4500 82.0400 109.000000 0.000000 174.000000 55.000000
0.0200 19.5700 82.0900 184.000000 0.000000 174.000000 55.000000
0.0300 19.7300 82.1600 269.000000 0.000000 174.000000 55.000000
0.0400 19.8800 82.2600 340.000000 0.000000 174.000000 55.000000
0.0500 19.9900 82.3400 398.000000 0.000000 173.000000 55.000000
0.0600 20.0800 82.4200 440.000000 0.000000 173.000000 55.000000
0.0700 20.1800 82.4900 488.000000 0.000000 173.000000 55.000000
0.0800 20.2500 82.5600 548.000000 0.000000 173.000000 55.000000
0.0900 20.2500 82.5600 592.000000 0.000000 173.000000 54.000000
0.1000 20.1600 82.5600 617.000000 0.000000 173.000000 54.000000
0.1100 20.1600 82.6100 624.000000 0.000000 173.000000 54.000000
0.1200 19.9800 82.6100 642.000000 0.000000 173.000000 54.000000
0.1300 19.7700 82.5600 637.000000 0.000000 173.000000 54.000000
0.1400 19.4300 82.4300 656.000000 0.000000 173.000000 54.000000
0.1500 19.0200 82.2600 659.000000 0.000000 173.000000 54.000000
0.1600 18.5700 82.0400 661.000000 0.000000 173.000000 54.000000
0.1700 18.0300 81.7800 650.000000 0.000000 172.000000 54.000000
0.1800 17.4900 81.4800 652.000000 0.000000 171.000000 55.000000
0.1900 16.9500 81.1800 649.000000 0.000000 171.000000 55.000000
0.2000 16.5200 80.8700 640.000000 0.000000 171.000000 55.000000
0.2100 16.1200 80.5300 637.000000 0.000000 170.000000 56.000000
0.2200 15.8700 80.2400 642.000000 0.000000 170.000000 56.000000
0.2300 15.7100 79.9900 642.000000 0.000000 168.000000 56.000000
0.2400 15.7100 79.7600 636.000000 0.000000 168.000000 56.000000
0.2500 15.6600 79.5800 622.000000 0.000000 167.000000 57.000000
0.2600 15.6600 79.4300 616.000000 0.000000 166.000000 57.000000
0.2700 15.8100 79.2600 613.000000 0.000000 166.000000 57.000000
0.2800 16.1000 79.1500 611.000000 0.000000 166.000000 57.000000
0.2900 16.4900 79.0800 606.000000 0.000000 166.000000 57.000000
0.3000 17.0700 79.0000 597.000000 0.000000 166.000000 57.000000
0.3100 17.6800 78.9200 588.000000 0.000000 166.000000 56.000000
0.3200 18.3600 78.8500 577.000000 0.000000 168.000000 56.000000
0.3300 19.0200 78.7800 564.000000 0.000000 168.000000 55.000000
0.3400 19.6500 78.6900 566.000000 0.000000 170.000000 56.000000
0.3500 20.3000 78.5500 572.000000 0.000000 170.000000 56.000000
0.3600 20.9500 78.3300 583.000000 0.000000 171.000000 55.000000
0.3700 21.6000 78.0400 589.000000 0.000000 171.000000 56.000000
0.3800 22.0500 77.6400 591.000000 0.000000 171.000000 56.000000
0.3900 22.3800 77.2300 605.000000 0.000000 171.000000 56.000000
0.4000 22.5400 76.8300 619.000000 0.000000 171.000000 57.000000
0.4100 22.5400 76.3500 619.000000 0.000000 171.000000 57.000000
0.4200 22.3800 75.8700 624.000000 0.000000 169.000000 57.000000
0.4300 22.0900 75.3900 638.000000 0.000000 169.000000 57.000000
0.4400 21.6800 74.9000 647.000000 0.000000 169.000000 57.000000
0.4500 21.1800 74.5500 642.000000 0.000000 168.000000 56.000000
0.4600 20.5600 74.2700 627.000000 0.000000 168.000000 56.000000
0.4700 19.9300 74.1400 625.000000 0.000000 168.000000 56.000000
0.4800 19.2800 74.1400 624.000000 0.000000 166.000000 57.000000
0.4900 18.7000 74.1400 619.000000 0.000000 166.000000 57.000000
0.5000 18.1200 74.3100 617.000000 0.000000 166.000000 57.000000
0.5100 17.5600 74.6000 633.000000 0.000000 166.000000 57.000000
0.5200 17.2000 75.0000 638.000000 0.000000 166.000000 57.000000
0.5300 16.9600 75.4000 668.000000 0.000000 166.000000 57.000000
0.5400 16.8400 75.7400 705.000000 0.000000 166.000000 57.000000
0.5500 16.8400 75.9700 719.000000 0.000000 165.000000 58.000000
0.5600 17.0200 76.1600 708.000000 0.000000 165.000000 58.000000
0.5700 17.3500 76.4200 693.000000 0.000000 165.000000 58.000000
0.5800 17.6600 76.6600 678.000000 0.000000 165.000000 58.000000
0.5900 17.9600 76.8100 646.000000 0.000000 165.000000 58.000000
0.6000 18.2100 76.8900 584.000000 0.000000 167.000000 58.000000
0.6100 18.3400 76.8900 436.000000 0.000000 167.000000 58.000000
0.6200 18.4000 76.8900 132.000000 0.000000 168.000000 58.000000
0.6300 18.4000 76.8900 0.000000 1.000000 170.000000 59.000000
0.6400 18.3000 76.8900 0.000000 0.000000 172.000000 59.000000
0.6500 18.1300 76.8900 0.000000 0.000000 172.000000 59.000000
0.6600 17.8300 76.9700 0.000000 0.000000 173.000000 59.000000
0.6700 17.5200 77.0300 0.000000 0.000000 174.000000 58.000000
0.6800 17.2000 77.0800 0.000000 0.000000 172.000000 58.000000
0.6900 16.9400 77.0800 0.000000 0.000000 172.000000 57.000000
0.7000 16.8500 77.0800 0.000000 0.000000 171.000000 56.000000
0.7100 16.8500 76.9900 0.000000 0.000000 170.000000 55.000000
0.7200 16.9400 77.3400 0.000000 0.000000 170.000000 54.000000
0.7300 17.1600 77.4900 0.000000 0.000000 169.000000 53.000000
0.7400 17.4700 77.4900 0.000000 0.000000 168.000000 52.000000
0.7500 17.8200 77.6100 0.000000 0.000000 167.000000 51.000000
0.7600 18.1700 77.7100 0.000000 0.000000 168.000000 50.000000
0.7700 18.5100 77.8100 0.000000 0.000000 168.000000 50.000000
0.7800 18.8300 77.9100 0.000000 0.000000 167.000000 50.000000
0.7900 19.1300 77.9700 0.000000 0.000000 167.000000 49.000000
0.8000 19.4200 78.0200 0.000000 0.000000 168.000000 49.000000
0.8100 19.7400 78.0200 0.000000 0.000000 168.000000 49.000000
0.8200 20.0800 78.0800 0.000000 0.000000 168.000000 49.000000
0.8300 20.4400 78.0800 0.000000 0.000000 168.000000 49.000000
0.8400 20.8300 78.0800 0.000000 0.000000 168.000000 49.000000
0.8500 21.2000 78.0000 0.000000 0.000000 169.000000 50.000000
0.8600 21.5900 77.9500 0.000000 0.000000 169.000000 50.000000
0.8700 21.9700 77.8900 0.000000 0.000000 169.000000 50.000000
0.8800 22.3500 77.8300 0.000000 0.000000 170.000000 50.000000
0.8900 22.7000 77.7800 0.000000 0.000000 170.000000 50.000000
0.9000 23.0400 77.6900 0.000000 0.000000 172.000000 50.000000
0.9100 23.3900 77.5800 0.000000 0.000000 172.000000 50.000000
0.9200 23.6900 77.4700 0.000000 0.000000 172.000000 50.000000
0.9300 23.9600 77.3500 0.000000 0.000000 173.000000 50.000000
0.9400 24.2300 77.2300 0.000000 0.000000 173.000000 50.000000
0.9500 24.5000 77.1300 0.000000 0.000000 174.000000 50.000000
0.9600 24.7800 77.0400 0.000000 0.000000 174.000000 50.000000
0.9700 25.0700 77.0400 0.000000 0.000000 175.000000 50.000000
0.9800 25.3700 76.9300 0.000000 0.000000 175.000000 50.000000
0.9900 25.6600 76.8400 0.000000 0.000000 175.000000 50.000000
1.0000 25.9400 76.7500 0.000000 0.000000 176.000000 51.000000
1.0100 26.1800 76.6800 0.000000 0.000000 176.000000 51.000000
1.0200 26.3300 76.6300 0.000000 0.000000 178.000000 51.000000
1.0300 26.4300 76.5700 0.000000 0.000000 178.000000 51.000000
1.0400 26.4900 76.5200 0.000000 0.000000 179.000000 51.000000
1.0500 26.4900 76.4700 0.000000 0.000000 179.000000 52.000000
1.0600 26.4900 76.4200 0.000000 0.000000 179.000000 52.000000
1.0700 26.4300 76.3700 0.000000 0.000000 179.000000 52.000000
1.0800 26.4300 76.3100 0.000000 0.000000 179.000000 52.000000
1.0900 26.3600 76.2500 0.000000 0.000000 179.000000 52.000000
1.1000 26.3000 76.1900 0.000000 0.000000 179.000000 53.000000
1.1100 26.2000 76.1900 0.000000 0.000000 177.000000 53.000000
1.1200 26.1000 76.1300 0.000000 0.000000 177.000000 53.000000
1.1300 25.9800 76.1300 0.000000 0.000000 176.000000 53.000000
1.1400 25.8500 76.1300 0.000000 0.000000 176.000000 54.000000
1.1500 25.7600 76.1300 0.000000 0.000000 175.000000 54.000000
1.1600 25.6700 76.1300 0.000000 0.000000 175.000000 54.000000
1.1700 25.5900 76.1900 0.000000 0.000000 175.000000 54.000000
1.1800 25.5200 76.2800 0.000000 0.000000 173.000000 54.000000
1.1900 25.4600 76.3800 0.000000 0.000000 173.000000 54.000000
1.2000 25.4600 76.4600 0.000000 0.000000 173.000000 54.000000
1.2100 25.3800 76.5300 0.000000 0.000000 173.000000 54.000000
1.2200 25.3100 76.5300 0.000000 0.000000 172.000000 54.000000
1.2300 25.2200 76.5300 0.000000 0.000000 172.000000 54.000000
1.2400 25.2200 76.5300 0.000000 0.000000 172.000000 54.000000
1.2500 25.2200 76.5300 0.000000 0.000000 172.000000 54.000000
1.2600 25.1700 76.4700 0.000000 0.000000 172.000000 54.000000
1.2700 25.1700 76.4700 0.000000 0.000000 172.000000 54.000000
1.2800 25.1700 76.4000 0.000000 0.000000 172.000000 54.000000
1.2900 25.1700 76.4000 0.000000 0.000000 172.000000 54.000000
1.3000 25.1700 76.4000 0.000000 0.000000 172.000000 54.000000
1.3100 25.1700 76.4000 0.000000 0.000000 172.000000 54.000000
1.3200 25.1700 76.4000 0.000000 0.000000 172.000000 54.000000
1.3300 25.1700 76.4000 0.000000 0.000000 172.000000 54.000000
1.3400 25.2200 76.4000 0.000000 0.000000 172.000000 54.000000
1.3500 25.2200 76.4000 0.000000 0.000000 170.000000 54.000000
1.3600 25.3000 76.4000 0.000000 0.000000 170.000000 54.000000
1.3700 25.3000 76.4000 0.000000 0.000000 170.000000 55.000000
1.3800 25.3900 76.1600 0.000000 0.000000 170.000000 55.000000
1.3900 25.3900 76.2600 0.000000 0.000000 170.000000 55.000000
1.4000 25.4600 76.6200 0.000000 0.000000 170.000000 55.000000
1.4100 25.4600 76.6800 0.000000 0.000000 170.000000 55.000000
1.4200 25.5400 76.7400 0.000000 0.000000 170.000000 55.000000
1.4300 25.5400 76.7400 0.000000 0.000000 170.000000 55.000000
1.4400 25.5400 76.8200 0.000000 0.000000 169.000000 54.000000
1.4500 25.5400 76.8200 0.000000 0.000000 169.000000 54.000000
1.4600 25.5400 76.8200 0.000000 0.000000 169.000000 54.000000
1.4700 25.5400 76.8200 0.000000 0.000000 169.000000 54.000000
1.4800 25.5400 76.8700 0.000000 0.000000 169.000000 54.000000
1.4900 25.5400 76.8700 0.000000 0.000000 169.000000 54.000000
1.5000 25.5400 76.8700 0.000000 0.000000 169.000000 54.000000
1.5100 25.5400 76.8700 0.000000 0.000000 169.000000 54.000000
1.5200 25.4900 76.8700 0.000000 0.000000 169.000000 54.000000
1.5300 25.4900 76.8700 0.000000 0.000000 169.000000 54.000000
1.5400 25.4900 76.8700 0.000000 0.000000 169.000000 54.000000
1.5500 25.4900 76.8700 0.000000 0.000000 169.000000 54.000000
1.5600 25.4900 76.8700 0.000000 0.000000 169.000000 54.000000
1.5700 25.1700 77.0700 0.000000 0.000000 169.000000 54.000000
1.5800 25.1100 77.0700 0.000000 0.000000 169.000000 54.000000
1.5900 25.1100 77.1500 0.000000 0.000000 169.000000 54.000000
1.6000 25.0600 77.1500 0.000000 0.000000 169.000000 54.000000
1.6100 25.0600 77.2000 0.000000 0.000000 169.000000 54.000000
1.6200 25.0600 77.2000 0.000000 0.000000 168.000000 55.000000
1.6300 25.0600 77.2500 0.000000 0.000000 168.000000 55.000000
1.6400 25.0600 77.2500 0.000000 0.000000 168.000000 55.000000
1.6500 25.0600 77.2500 0.000000 0.000000 168.000000 55.000000
1.6600 25.1300 77.2500 0.000000 0.000000 168.000000 55.000000
1.6700 25.1300 77.2500 0.000000 0.000000 168.000000 55.000000
1.6800 25.1300 77.2500 0.000000 0.000000 168.000000 55.000000
1.6900 25.1300 77.2500 0.000000 0.000000 168.000000 55.000000
1.7000 25.1300 77.2500 0.000000 0.000000 168.000000 55.000000
1.7100 25.1300 77.2500 0.000000 0.000000 168.000000 55.000000
1.7200 25.1300 77.2500 0.000000 0.000000 168.000000 55.000000
1.7300 25.1300 77.2500 0.000000 0.000000 168.000000 55.000000
1.7400 25.0800 77.2500 0.000000 0.000000 168.000000 55.000000
1.7500 25.0800 77.2500 0.000000 0.000000 168.000000 55.000000
1.7600 25.0800 77.2500 0.000000 0.000000 168.000000 55.000000
1.7700 25.0800 77.2500 0.000000 0.000000 168.000000 55.000000
1.7800 25.0100 77.2500 0.000000 0.000000 168.000000 55.000000
1.7900 25.0100 77.2500 0.000000 0.000000 168.000000 55.000000
1.8000 25.0100 77.2500 0.000000 0.000000 168.000000 55.000000
1.8100 25.0100 77.2500 0.000000 0.000000 168.000000 55.000000
1.8200 25.0100 77.2500 0.000000 0.000000 168.000000 55.000000
1.8300 25.0100 77.3000 0.000000 0.000000 168.000000 55.000000
1.8400 25.0100 77.3000 0.000000 0.000000 168.000000 55.000000
1.8500 25.0100 77.3000 0.000000 0.000000 168.000000 55.000000
1.8600 25.0100 77.3000 0.000000 0.000000 168.000000 55.000000
1.8700 25.0100 77.3000 0.000000 0.000000 168.000000 55.000000
1.8800 25.0100 77.3000 0.000000 0.000000 168.000000 55.000000
1.8900 25.0100 77.3000 0.000000 0.000000 168.000000 55.000000
1.9000 25.0100 77.3000 0.000000 0.000000 168.000000 55.000000
1.9100 25.0100 77.3000 0.000000 0.000000 168.000000 55.000000
1.9200 25.0100 77.3000 0.000000 0.000000 168.000000 55.000000
1.9300 24.9400 77.3000 0.000000 0.000000 168.000000 55.000000
1.9400 24.9400 77.3000 0.000000 0.000000 168.000000 55.000000
1.9500 24.8900 77.3000 0.000000 0.000000 169.000000 54.000000
1.9600 24.8900 77.3500 0.000000 0.000000 169.000000 54.000000
1.9700 24.8300 77.3500 0.000000 0.000000 169.000000 54.000000
1.9800 24.8300 77.3500 0.000000 0.000000 169.000000 54.000000
1.9900 24.8300 77.3500 0.000000 0.000000 169.000000 54.000000
2.0000 24.7400 77.3500 0.000000 0.000000 169.000000 54.000000
2.0100 24.7400 77.3500 0.000000 0.000000 169.000000 54.000000
2.0200 24.7400 77.4100 0.000000 0.000000 170.000000 55.000000
2.0300 24.7400 77.4100 0.000000 0.000000 170.000000 55.000000
2.0400 24.7400 77.4100 0.000000 0.000000 170.000000 55.000000
2.0500 24.7400 77.4100 0.000000 0.000000 170.000000 54.000000
2.0600 24.7400 77.4100 0.000000 0.000000 170.000000 54.000000
2.0700 24.7400 77.4100 0.000000 0.000000 170.000000 54.000000
2.0800 24.6600 77.4700 0.000000 0.000000 170.000000 54.000000
2.0900 24.6600 77.4700 0.000000 0.000000 172.000000 54.000000
2.1000 24.6100 77.4700 0.000000 0.000000 172.000000 54.000000
2.1100 24.6100 77.4700 0.000000 0.000000 172.000000 54.000000
2.1200 24.6100 77.4700 0.000000 0.000000 172.000000 54.000000
2.1300 24.6100 77.4700 0.000000 0.000000 172.000000 54.000000
2.1400 24.6800 77.3800 0.000000 0.000000 172.000000 54.000000
2.1500 24.7400 77.3100 0.000000 0.000000 172.000000 54.000000
2.1600 24.8400 77.1700 0.000000 0.000000 172.000000 54.000000
2.1700 24.8400 77.1700 368.000000 1.000000 171.000000 55.000000
2.1800 25.1000 76.7000 696.000000 0.000000 170.000000 55.000000
2.1900 25.1500 76.7000 892.000000 0.000000 170.000000 55.000000
2.2000 25.1500 76.7000 1023.000000 0.000000 168.000000 55.000000
2.2100 25.1500 76.7000 1023.000000 0.000000 168.000000 56.000000
2.2200 25.1500 76.6400 1023.000000 0.000000 166.000000 56.000000
2.2300 25.1500 76.6400 1023.000000 0.000000 166.000000 57.000000
2.2400 25.1500 76.6400 1023.000000 0.000000 164.000000 57.000000
2.2500 25.1500 76.6400 1023.000000 0.000000 164.000000 58.000000
2.2600 25.1500 76.6400 1023.000000 0.000000 162.000000 58.000000
2.2700 25.1500 76.6400 1023.000000 0.000000 162.000000 58.000000
2.2800 25.1500 76.6400 1023.000000 0.000000 162.000000 58.000000
2.2900 25.1500 76.6400 1023.000000 0.000000 161.000000 57.000000
2.3000 25.1500 76.6400 1023.000000 0.000000 162.000000 58.000000
2.3100 25.1500 76.6400 705.000000 0.000000 162.000000 58.000000
2.3200 25.1500 76.6400 0.000000 1.000000 162.000000 58.000000
2.3300 25.4800 76.7900 0.000000 0.000000 164.000000 58.000000
2.3400 25.9200 77.0400 0.000000 0.000000 164.000000 58.000000
2.3500 25.8400 77.2900 0.000000 0.000000 166.000000 57.000000
2.3600 25.7000 77.5400 0.000000 0.000000 168.000000 56.000000
2.3700 25.5200 77.7900 0.000000 0.000000 170.000000 56.000000
2.3800 25.3500 77.9300 0.000000 0.000000 172.000000 54.000000
2.3900 25.2100 77.9300 0.000000 0.000000 173.000000 53.000000
2.4000 25.2900 77.9300 0.000000 0.000000 175.000000 51.000000
2.4100 25.5000 77.9900 0.000000 0.000000 178.000000 49.000000
2.4200 25.8900 77.9900 0.000000 0.000000 179.000000 48.000000
2.4300 26.2800 77.9900 0.000000 0.000000 180.000000 46.000000
2.4400 26.6900 77.9900 0.000000 0.000000 180.000000 46.000000
2.4500 26.9900 77.9900 0.000000 0.000000 179.000000 45.000000
2.4600 27.2400 77.9900 0.000000 0.000000 178.000000 46.000000
2.4700 27.4200 77.9900 0.000000 0.000000 176.000000 46.000000
2.4800 27.5400 77.9900 0.000000 0.000000 175.000000 47.000000
2.4900 27.6200 77.9100 0.000000 0.000000 172.000000 48.000000
2.5000 27.6200 77.8400 0.000000 0.000000 171.000000 49.000000
2.5100 27.6800 77.7700 0.000000 0.000000 169.000000 50.000000
2.5200 27.6800 77.7700 0.000000 0.000000 168.000000 50.000000
2.5300 27.6800 77.7000 0.000000 0.000000 166.000000 51.000000
2.5400 27.6800 77.6500 0.000000 0.000000 166.000000 51.000000
2.5500 27.7600 77.6500 0.000000 0.000000 166.000000 51.000000
2.5600 27.7600 77.6500 0.000000 0.000000 166.000000 52.000000
2.5700 27.7600 77.6000 0.000000 0.000000 167.000000 52.000000
2.5800 27.6900 77.6000 0.000000 0.000000 167.000000 52.000000
2.5900 27.6900 77.6000 0.000000 0.000000 167.000000 52.000000
2.6000 27.6400 77.6000 0.000000 0.000000 167.000000 52.000000
2.6100 27.6400 77.6700 0.000000 0.000000 167.000000 52.000000
2.6200 27.5700 77.6700 0.000000 0.000000 167.000000 52.000000
2.6300 27.5700 77.7300 0.000000 0.000000 167.000000 52.000000
2.6400 27.5100 77.7300 0.000000 0.000000 167.000000 52.000000
2.6500 27.5100 77.8200 0.000000 0.000000 167.000000 52.000000
2.6600 27.5100 77.8800 0.000000 0.000000 166.000000 52.000000
2.6700 27.4600 77.9400 0.000000 0.000000 166.000000 52.000000
2.6800 27.4600 78.0000 0.000000 0.000000 167.000000 52.000000
2.6900 27.4600 78.0000 0.000000 0.000000 167.000000 52.000000
2.7000 27.4600 78.0000 0.000000 0.000000 167.000000 52.000000
2.7100 27.4000 78.0000 0.000000 0.000000 167.000000 52.000000
2.7200 27.4000 78.0000 0.000000 0.000000 167.000000 52.000000
2.7300 27.3300 77.9500 0.000000 0.000000 167.000000 52.000000
2.7400 27.3300 77.9500 0.000000 0.000000 167.000000 52.000000
2.7500 27.2600 77.9000 0.000000 0.000000 167.000000 52.000000
2.7600 27.2600 77.9000 0.000000 0.000000 167.000000 52.000000
2.7700 27.2000 77.8300 0.000000 0.000000 167.000000 52.000000
2.7800 27.2000 77.7700 0.000000 0.000000 167.000000 52.000000
2.7900 27.1500 77.7100 0.000000 0.000000 167.000000 52.000000
2.8000 27.1500 77.6500 0.000000 0.000000 167.000000 52.000000
2.8100 27.1500 77.6000 0.000000 0.000000 167.000000 52.000000
2.8200 27.1500 77.6000 0.000000 0.000000 167.000000 52.000000
2.8300 27.1500 77.6000 0.000000 0.000000 167.000000 52.000000
2.8400 27.1500 77.6000 0.000000 0.000000 167.000000 52.000000
2.8500 27.1500 77.6000 0.000000 0.000000 167.000000 52.000000
2.8600 27.1500 77.6000 0.000000 0.000000 167.000000 52.000000
2.8700 27.0700 77.6000 0.000000 0.000000 167.000000 52.000000
2.8800 27.0200 77.6500 0.000000 0.000000 166.000000 52.000000
2.8900 26.9500 77.6500 0.000000 0.000000 166.000000 52.000000
2.9000 26.8900 77.7000 0.000000 0.000000 166.000000 52.000000
2.9100 26.8900 77.7000 0.000000 0.000000 167.000000 52.000000
2.9200 26.8300 77.7800 0.000000 0.000000 167.000000 52.000000
2.9300 26.8300 77.7800 0.000000 0.000000 168.000000 52.000000
2.9400 26.7700 77.8300 0.000000 0.000000 171.000000 53.000000
2.9500 26.7700 77.8300 0.000000 0.000000 172.000000 53.000000
2.9600 26.7700 77.8300 0.000000 0.000000 173.000000 53.000000
2.9700 26.7200 77.8300 0.000000 0.000000 175.000000 53.000000
2.9800 26.7200 77.8300 0.000000 0.000000 176.000000 53.000000
2.9900 26.7200 77.8300 0.000000 0.000000 177.000000 53.000000
3.0000 26.7200 77.8300 0.000000 0.000000 177.000000 53.000000
3.0100 26.7200 77.8300 0.000000 0.000000 177.000000 53.000000
3.0200 26.7200 77.8300 0.000000 0.000000 179.000000 53.000000
3.0300 26.7900 77.8300 0.000000 0.000000 179.000000 53.000000
3.0400 26.7900 77.8300 0.000000 0.000000 179.000000 53.000000
3.0500 26.8500 77.7500 0.000000 0.000000 177.000000 53.000000
3.0600 26.8500 77.6700 0.000000 0.000000 176.000000 53.000000
3.0700 26.9200 77.5300 0.000000 0.000000 175.000000 53.000000
3.0800 26.9200 77.3800 0.000000 0.000000 173.000000 53.000000
3.0900 26.9200 77.2000 0.000000 0.000000 172.000000 53.000000
3.1000 26.9700 77.0300 0.000000 0.000000 171.000000 53.000000
3.1100 26.9700 76.8800 0.000000 0.000000 168.000000 52.000000
3.1200 27.0200 76.7500 0.000000 0.000000 167.000000 52.000000
3.1300 27.0200 76.6300 0.000000 0.000000 167.000000 52.000000
3.1400 27.0200 76.5500 0.000000 0.000000 166.000000 52.000000
3.1500 27.0200 76.4700 0.000000 0.000000 166.000000 52.000000
3.1600 27.0200 76.4200 0.000000 0.000000 166.000000 52.000000
3.1700 26.9700 76.4200 0.000000 0.000000 166.000000 52.000000
3.1800 26.9700 76.4200 0.000000 0.000000 166.000000 52.000000
3.1900 26.9700 76.4200 0.000000 0.000000 166.000000 52.000000
3.2000 26.9700 76.4200 0.000000 0.000000 164.000000 52.000000
3.2100 26.9700 76.5000 0.000000 0.000000 164.000000 52.000000
3.2200 26.9700 76.5700 0.000000 0.000000 164.000000 52.000000
3.2300 26.9700 76.6900 0.000000 0.000000 164.000000 52.000000
3.2400 27.0400 76.8400 0.000000 0.000000 164.000000 52.000000
3.2500 27.0900 77.0100 0.000000 0.000000 164.000000 52.000000
3.2600 27.0900 77.2200 0.000000 0.000000 166.000000 52.000000
3.2700 27.1800 77.4100 0.000000 0.000000 166.000000 52.000000
3.2800 27.1800 77.6000 0.000000 0.000000 166.000000 52.000000
3.2900 27.2600 77.6600 0.000000 0.000000 166.000000 52.000000
3.3000 27.2600 77.7100 0.000000 0.000000 166.000000 53.000000
3.3100 27.2600 77.7600 0.000000 0.000000 166.000000 53.000000
3.3200 27.2600 77.7600 0.000000 0.000000 166.000000 53.000000
3.3300 27.2600 77.6800 0.000000 0.000000 166.000000 53.000000
3.3400 27.3400 77.6300 0.000000 0.000000 168.000000 53.000000
3.3500 27.3400 77.6300 0.000000 0.000000 168.000000 53.000000
3.3600 27.3900 77.5200 0.000000 0.000000 168.000000 53.000000
3.3700 27.3900 77.4100 0.000000 0.000000 168.000000 53.000000
3.3800 27.3900 77.3100 0.000000 0.000000 168.000000 53.000000
3.3900 27.3900 77.2000 0.000000 0.000000 168.000000 53.000000
3.4000 27.3400 77.0900 0.000000 0.000000 168.000000 53.000000
3.4100 27.3400 77.0300 0.000000 0.000000 168.000000 53.000000
3.4200 27.3400 77.0300 0.000000 0.000000 168.000000 53.000000
3.4300 27.2900 77.0300 0.000000 0.000000 168.000000 53.000000
3.4400 27.2400 77.0300 0.000000 0.000000 168.000000 53.000000
3.4500 27.2400 77.0800 0.000000 0.000000 168.000000 53.000000
3.4600 27.1800 77.1600 0.000000 0.000000 168.000000 53.000000
3.4700 27.1800 77.2400 0.000000 0.000000 168.000000 53.000000
3.4800 27.1800 77.3800 0.000000 0.000000 166.000000 53.000000
3.4900 27.1800 77.5500 0.000000 0.000000 166.000000 53.000000
3.5000 27.1800 77.7400 0.000000 0.000000 166.000000 53.000000
3.5100 27.1800 77.9600 0.000000 0.000000 168.000000 53.000000
3.5200 27.1800 78.2000 0.000000 0.000000 168.000000 53.000000
3.5300 27.1800 78.4500 0.000000 0.000000 168.000000 53.000000
3.5400 27.1800 78.6700 0.000000 0.000000 168.000000 53.000000
3.5500 27.2600 78.8300 0.000000 0.000000 168.000000 53.000000
3.5600 27.3300 78.9500 0.000000 0.000000 168.000000 53.000000
3.5700 27.3300 79.0600 0.000000 0.000000 168.000000 53.000000
3.5800 27.3300 79.1500 0.000000 0.000000 168.000000 53.000000
3.5900 27.3800 79.1500 0.000000 0.000000 168.000000 53.000000
3.6000 27.3800 79.2100 0.000000 0.000000 169.000000 53.000000
3.6100 27.4600 79.2100 0.000000 0.000000 169.000000 53.000000
3.6200 27.4600 79.2100 0.000000 0.000000 169.000000 53.000000
3.6300 27.4600 79.2700 0.000000 0.000000 169.000000 53.000000
3.6400 27.4600 79.2700 0.000000 0.000000 169.000000 53.000000
3.6500 27.4600 79.2700 0.000000 0.000000 169.000000 53.000000
3.6600 27.4600 79.1600 0.000000 0.000000 169.000000 53.000000
3.6700 27.4100 79.0700 0.000000 0.000000 169.000000 53.000000
3.6800 27.4100 78.9900 0.000000 0.000000 169.000000 53.000000
3.6900 27.3500 78.9000 0.000000 0.000000 169.000000 53.000000
3.7000 27.3500 78.8500 0.000000 0.000000 169.000000 54.000000
3.7100 27.3000 78.7900 0.000000 0.000000 169.000000 54.000000
3.7200 27.3000 78.7900 0.000000 0.000000 169.000000 54.000000
3.7300 27.3000 78.7900 0.000000 0.000000 169.000000 54.000000
3.7400 27.3000 78.6900 0.000000 0.000000 169.000000 54.000000
3.7500 27.3000 78.6400 0.000000 0.000000 169.000000 54.000000
3.7600 27.3000 78.6400 0.000000 0.000000 169.000000 54.000000
3.7700 27.2400 78.5700 0.000000 0.000000 169.000000 54.000000
3.7800 27.1900 78.5200 0.000000 0.000000 169.000000 54.000000
3.7900 27.1900 78.4700 0.000000 0.000000 169.000000 54.000000
3.8000 27.1900 78.4100 0.000000 0.000000 167.000000 54.000000
3.8100 27.1900 78.3600 0.000000 0.000000 167.000000 54.000000
3.8200 27.1900 78.3600 0.000000 0.000000 167.000000 54.000000
3.8300 27.1900 78.2900 0.000000 0.000000 167.000000 54.000000
3.8400 27.1300 78.2900 0.000000 0.000000 167.000000 54.000000
3.8500 27.0800 78.2400 0.000000 0.000000 168.000000 53.000000
3.8600 27.0000 78.2400 0.000000 0.000000 168.000000 53.000000
3.8700 27.0000 78.1600 0.000000 0.000000 166.000000 53.000000
3.8800 26.9500 78.0700 0.000000 0.000000 166.000000 53.000000
3.8900 26.9500 77.9500 0.000000 0.000000 166.000000 53.000000
3.9000 26.9000 77.8300 0.000000 0.000000 166.000000 53.000000
3.9100 26.9000 77.7300 0.000000 0.000000 167.000000 52.000000
3.9200 26.9000 77.6300 0.000000 0.000000 167.000000 52.000000
3.9300 26.8500 77.5500 0.000000 0.000000 167.000000 52.000000
3.9400 26.8500 77.4900 0.000000 0.000000 167.000000 52.000000
3.9500 26.8500 77.3500 0.000000 0.000000 166.000000 52.000000
3.9600 26.8500 77.2100 0.000000 0.000000 166.000000 52.000000
3.9700 26.8500 77.0800 0.000000 0.000000 166.000000 52.000000
3.9800 26.9200 76.9600 0.000000 0.000000 166.000000 52.000000
3.9900 26.9200 76.8200 0.000000 0.000000 166.000000 52.000000
4.0000 26.9200 76.7200 0.000000 0.000000 166.000000 52.000000
4.0100 26.9200 76.6600 0.000000 0.000000 166.000000 52.000000
4.0200 26.9200 76.6600 0.000000 0.000000 166.000000 52.000000
4.0300 26.9700 76.6600 0.000000 0.000000 166.000000 52.000000
4.0400 26.9700 76.6600 0.000000 0.000000 166.000000 52.000000
4.0500 26.9700 76.7200 0.000000 0.000000 166.000000 52.000000
4.0600 26.9700 76.8200 0.000000 0.000000 164.000000 52.000000
4.0700 26.9700 76.9700 0.000000 0.000000 166.000000 52.000000
4.0800 26.9700 77.1600 0.000000 0.000000 166.000000 52.000000
4.0900 27.0400 77.3900 0.000000 0.000000 166.000000 52.000000
4.1000 27.0400 77.6600 0.000000 0.000000 166.000000 52.000000
4.1100 27.0400 77.9200 0.000000 0.000000 166.000000 52.000000
4.1200 27.0400 78.1700 0.000000 0.000000 165.000000 53.000000
4.1300 27.0400 78.3500 0.000000 0.000000 165.000000 53.000000
4.1400 27.0400 78.4900 0.000000 0.000000 166.000000 53.000000
4.1500 27.0400 78.5600 0.000000 0.000000 166.000000 53.000000
4.1600 27.0400 78.6100 0.000000 0.000000 166.000000 54.000000
4.1700 27.1100 78.6100 0.000000 0.000000 166.000000 54.000000
4.1800 27.1100 78.6100 0.000000 0.000000 166.000000 54.000000
4.1900 27.1800 78.6900 0.000000 0.000000 166.000000 54.000000
4.2000 27.1800 78.7600 0.000000 0.000000 166.000000 54.000000
4.2100 27.1800 78.8100 0.000000 0.000000 167.000000 54.000000
4.2200 27.1800 78.8600 0.000000 0.000000 167.000000 54.000000
4.2300 27.1800 78.9500 0.000000 0.000000 167.000000 54.000000
4.2400 27.1200 79.0800 0.000000 0.000000 167.000000 54.000000
4.2500 27.1200 79.1800 0.000000 0.000000 167.000000 54.000000
4.2600 27.1200 79.2600 0.000000 0.000000 166.000000 54.000000
4.2700 27.1200 79.3200 0.000000 0.000000 166.000000 54.000000
4.2800 27.1200 79.3200 0.000000 0.000000 166.000000 54.000000
4.2900 27.1800 79.3200 0.000000 0.000000 167.000000 54.000000
4.3000 27.1800 79.3900 0.000000 0.000000 168.000000 53.000000
4.3100 27.1800 79.3900 0.000000 0.000000 168.000000 53.000000
4.3200 27.1800 79.4400 0.000000 0.000000 168.000000 53.000000
4.3300 27.1300 79.4400 0.000000 0.000000 168.000000 53.000000
4.3400 27.0400 79.4400 0.000000 0.000000 168.000000 53.000000
4.3500 27.0400 79.5200 0.000000 0.000000 168.000000 53.000000
4.3600 26.9600 79.5200 0.000000 0.000000 168.000000 53.000000
4.3700 26.9600 79.5900 0.000000 0.000000 168.000000 53.000000
4.3800 26.8900 79.5900 0.000000 0.000000 168.000000 53.000000
4.3900 26.8100 79.6800 0.000000 0.000000 167.000000 54.000000
4.4000 26.8100 79.8900 0.000000 0.000000 167.000000 54.000000
4.4100 26.7000 80.0700 0.000000 0.000000 168.000000 55.000000
4.4200 26.6100 80.2400 0.000000 0.000000 168.000000 56.000000
4.4300 26.5300 80.4200 0.000000 0.000000 169.000000 57.000000
4.4400 26.4700 80.6100 0.000000 0.000000 170.000000 58.000000
4.4500 26.4700 80.7200 0.000000 0.000000 172.000000 58.000000
4.4600 26.4700 80.8300 0.000000 0.000000 172.000000 59.000000
4.4700 26.4700 80.9300 0.000000 0.000000 173.000000 59.000000
4.4800 26.5300 81.0000 0.000000 0.000000 173.000000 59.000000
4.4900 26.5300 81.0000 0.000000 0.000000 175.000000 58.000000
4.5000 26.5300 81.0000 0.000000 0.000000 175.000000 58.000000
4.5100 26.5300 81.0000 0.000000 0.000000 175.000000 58.000000
4.5200 26.5300 80.9400 0.000000 0.000000 175.000000 58.000000
4.5300 26.5800 80.7900 0.000000 0.000000 175.000000 58.000000
4.5400 26.6700 80.5600 0.000000 0.000000 175.000000 58.000000
4.5500 26.7900 80.2400 0.000000 0.000000 175.000000 58.000000
4.5600 26.9200 79.8900 0.000000 0.000000 175.000000 58.000000
4.5700 27.0200 79.5300 0.000000 0.000000 175.000000 58.000000
4.5800 27.0700 79.2500 0.000000 0.000000 174.000000 58.000000
4.5900 27.0700 78.9600 0.000000 0.000000 172.000000 58.000000
4.6000 27.0700 78.7400 0.000000 0.000000 171.000000 57.000000
4.6100 27.0700 78.5800 0.000000 0.000000 169.000000 57.000000
4.6200 27.0700 78.4900 0.000000 0.000000 168.000000 55.000000
4.6300 27.1200 78.4000 0.000000 0.000000 167.000000 55.000000
4.6400 27.1800 78.3100 0.000000 0.000000 167.000000 54.000000
4.6500 27.1800 78.2200 0.000000 0.000000 166.000000 53.000000
4.6600 27.2600 78.1200 0.000000 0.000000 166.000000 53.000000
4.6700 27.2600 78.0000 0.000000 0.000000 167.000000 52.000000
4.6800 27.3200 77.8500 0.000000 0.000000 167.000000 52.000000
4.6900 27.3200 77.7100 0.000000 0.000000 166.000000 52.000000
4.7000 27.3200 77.6300 0.000000 0.000000 166.000000 52.000000
4.7100 27.3200 77.5700 0.000000 0.000000 166.000000 52.000000
4.7200 27.3200 77.5700 0.000000 0.000000 166.000000 52.000000
4.7300 27.2500 77.5700 0.000000 0.000000 166.000000 52.000000
4.7400 27.2500 77.5700 0.000000 0.000000 166.000000 52.000000
4.7500 27.1700 77.5700 0.000000 0.000000 166.000000 52.000000
4.7600 27.1200 77.5700 0.000000 0.000000 166.000000 52.000000
4.7700 27.1200 77.5700 0.000000 0.000000 166.000000 52.000000
4.7800 27.0400 77.5700 0.000000 0.000000 166.000000 52.000000
4.7900 26.9800 77.5700 0.000000 0.000000 166.000000 52.000000
4.8000 26.9000 77.6300 0.000000 0.000000 166.000000 52.000000
4.8100 26.8300 77.6300 0.000000 0.000000 166.000000 52.000000
4.8200 26.8300 77.6300 0.000000 0.000000 167.000000 52.000000
4.8300 26.7500 77.7400 0.000000 0.000000 166.000000 53.000000
4.8400 26.7000 77.8300 0.000000 0.000000 168.000000 53.000000
4.8500 26.6400 77.9700 0.000000 0.000000 169.000000 53.000000
4.8600 26.5900 78.1400 0.000000 0.000000 170.000000 54.000000
4.8700 26.5100 78.2900 0.000000 0.000000 171.000000 55.000000
4.8800 26.4300 78.4200 0.000000 0.000000 173.000000 55.000000
4.8900 26.3600 78.5200 0.000000 0.000000 174.000000 55.000000
4.9000 26.3600 78.5200 0.000000 0.000000 174.000000 55.000000
4.9100 26.3600 78.5200 0.000000 0.000000 174.000000 56.000000
4.9200 26.4100 78.5200 0.000000 0.000000 174.000000 56.000000
4.9300 26.4700 78.5200 0.000000 0.000000 174.000000 56.000000
4.9400 26.5400 78.5200 0.000000 0.000000 173.000000 56.000000
4.9500 26.5900 78.5200 0.000000 0.000000 173.000000 56.000000
4.9600 26.6400 78.5200 0.000000 0.000000 173.000000 56.000000
4.9700 26.6400 78.5200 0.000000 0.000000 173.000000 56.000000
4.9800 26.6400 78.5200 0.000000 0.000000 171.000000 56.000000
4.9900 26.6400 78.5900 0.000000 0.000000 171.000000 56.000000
5.0000 26.6400 78.6700 0.000000 0.000000 171.000000 56.000000
5.0100 26.6400 78.7600 0.000000 0.000000 171.000000 56.000000
5.0200 26.7000 78.9200 0.000000 0.000000 171.000000 56.000000
5.0300 26.7500 79.0900 0.000000 0.000000 171.000000 56.000000
5.0400 26.7500 79.2600 0.000000 0.000000 171.000000 56.000000
5.0500 26.7500 79.4000 0.000000 0.000000 171.000000 56.000000
5.0600 26.8100 79.5500 0.000000 0.000000 171.000000 56.000000
5.0700 26.8100 79.7100 0.000000 0.000000 171.000000 56.000000
5.0800 26.8100 79.9100 0.000000 0.000000 171.000000 56.000000
5.0900 26.8100 80.0700 0.000000 0.000000 171.000000 57.000000
5.1000 26.7600 80.2200 0.000000 0.000000 171.000000 57.000000
5.1100 26.7600 80.3800 0.000000 0.000000 171.000000 57.000000
5.1200 26.7600 80.5600 0.000000 0.000000 170.000000 58.000000
5.1300 26.7600 80.7600 0.000000 0.000000 170.000000 58.000000
5.1400 26.7600 80.9800 0.000000 0.000000 169.000000 58.000000
5.1500 26.7600 81.2300 0.000000 0.000000 169.000000 58.000000
5.1600 26.7600 81.2300 91.000000 1.000000 169.000000 58.000000
5.1700 26.7600 81.8800 207.000000 0.000000 169.000000 57.000000
5.1800 26.7000 82.1700 305.000000 0.000000 170.000000 56.000000
5.1900 26.7000 82.4200 404.000000 0.000000 170.000000 56.000000
5.2000 26.7000 82.5700 492.000000 0.000000 170.000000 56.000000
5.2100 26.6100 82.6500 565.000000 0.000000 170.000000 55.000000
5.2200 26.6100 82.6500 585.000000 0.000000 170.000000 55.000000
5.2300 26.6100 82.6500 606.000000 0.000000 170.000000 55.000000
5.2400 26.6100 82.5800 611.000000 0.000000 170.000000 54.000000
5.2500 26.6100 82.3000 647.000000 0.000000 170.000000 54.000000
5.2600 26.4800 81.8700 659.000000 0.000000 170.000000 54.000000
5.2700 26.3300 81.1300 664.000000 0.000000 170.000000 54.000000
5.2800 26.2600 80.1400 675.000000 0.000000 170.000000 55.000000
5.2900 26.2600 78.9900 678.000000 0.000000 170.000000 55.000000
5.3000 26.2600 77.9600 667.000000 0.000000 170.000000 55.000000
5.3100 26.4000 77.0300 670.000000 0.000000 170.000000 56.000000
5.3200 26.5800 76.1600 659.000000 0.000000 168.000000 55.000000
5.3300 26.8300 75.4600 650.000000 0.000000 168.000000 56.000000
5.3400 27.0300 74.9200 643.000000 0.000000 168.000000 56.000000
5.3500 27.2100 74.4800 641.000000 0.000000 166.000000 57.000000
5.3600 27.4100 74.1900 638.000000 0.000000 164.000000 57.000000
5.3700 27.6300 74.0100 640.000000 0.000000 164.000000 57.000000
5.3800 27.8700 73.9100 641.000000 0.000000 164.000000 57.000000
5.3900 28.0400 73.9900 640.000000 0.000000 163.000000 57.000000
5.4000 28.1800 74.2700 636.000000 0.000000 163.000000 57.000000
5.4100 28.3400 74.6900 639.000000 0.000000 164.000000 57.000000
5.4200 28.4800 75.3800 619.000000 0.000000 164.000000 57.000000
5.4300 28.5400 76.2900 592.000000 0.000000 166.000000 57.000000
5.4400 28.5400 77.3600 575.000000 0.000000 166.000000 57.000000
5.4500 28.4500 78.5400 553.000000 0.000000 167.000000 57.000000
5.4600 28.2100 79.7200 556.000000 0.000000 168.000000 56.000000
5.4700 27.8900 80.8900 556.000000 0.000000 168.000000 56.000000
5.4800 27.5200 81.7400 570.000000 0.000000 168.000000 55.000000
5.4900 27.1100 82.3700 566.000000 0.000000 168.000000 55.000000
5.5000 26.6800 82.8800 578.000000 0.000000 169.000000 54.000000
5.5100 26.3200 83.3500 588.000000 0.000000 169.000000 54.000000
5.5200 25.9600 83.7500 586.000000 0.000000 169.000000 54.000000
5.5300 25.7400 83.9900 602.000000 0.000000 169.000000 53.000000
5.5400 25.6100 84.1200 617.000000 0.000000 169.000000 53.000000
5.5500 25.6100 84.1200 624.000000 0.000000 169.000000 53.000000
5.5600 25.6100 84.1200 620.000000 0.000000 170.000000 54.000000
5.5700 25.6100 84.0600 620.000000 0.000000 170.000000 54.000000
5.5800 25.6100 83.7700 620.000000 0.000000 170.000000 54.000000
5.5900 25.7800 83.3100 620.000000 0.000000 170.000000 54.000000
5.6000 25.9000 82.5100 622.000000 0.000000 170.000000 54.000000
5.6100 25.9900 81.5300 631.000000 0.000000 169.000000 53.000000
5.6200 26.2100 80.4300 630.000000 0.000000 169.000000 54.000000
5.6300 26.3300 79.4600 630.000000 0.000000 169.000000 54.000000
5.6400 26.4300 78.7500 631.000000 0.000000 169.000000 54.000000
5.6500 26.5300 78.2100 628.000000 0.000000 168.000000 55.000000
5.6600 26.6700 77.8600 638.000000 0.000000 167.000000 55.000000
5.6700 26.8300 77.6900 659.000000 0.000000 166.000000 56.000000
5.6800 27.0200 77.6400 687.000000 0.000000 166.000000 56.000000
5.6900 27.3000 77.7500 703.000000 0.000000 165.000000 56.000000
5.7000 27.6800 78.0700 724.000000 0.000000 165.000000 56.000000
5.7100 28.0200 78.5400 719.000000 0.000000 165.000000 56.000000
5.7200 28.2600 79.3300 711.000000 0.000000 165.000000 56.000000
5.7300 28.4400 80.2500 696.000000 0.000000 165.000000 56.000000
5.7400 28.5300 81.2600 687.000000 0.000000 167.000000 55.000000
5.7500 28.5300 81.8800 682.000000 0.000000 167.000000 55.000000
5.7600 28.5300 82.1200 675.000000 0.000000 168.000000 55.000000
5.7700 28.5300 82.1200 662.000000 0.000000 171.000000 55.000000
5.7800 28.5900 81.8900 661.000000 0.000000 173.000000 55.000000
5.7900 28.5900 81.4100 662.000000 0.000000 173.000000 55.000000
5.8000 28.5900 80.7400 662.000000 0.000000 174.000000 55.000000
5.8100 28.5900 80.1900 664.000000 0.000000 174.000000 55.000000
5.8200 28.5900 79.6800 658.000000 0.000000 174.000000 55.000000
5.8300 28.6900 79.2000 659.000000 0.000000 174.000000 55.000000
5.8400 28.7900 78.9400 665.000000 0.000000 174.000000 55.000000
5.8500 28.9000 78.8300 678.000000 0.000000 173.000000 56.000000
5.8600 29.0500 78.8300 700.000000 0.000000 173.000000 56.000000
5.8700 29.2800 79.0000 696.000000 0.000000 171.000000 56.000000
5.8800 29.5100 79.2100 699.000000 0.000000 171.000000 56.000000
5.8900 29.7400 79.4600 699.000000 0.000000 171.000000 55.000000
5.9000 29.9500 79.7200 699.000000 0.000000 170.000000 55.000000
5.9100 30.0600 79.9000 699.000000 0.000000 170.000000 55.000000
5.9200 30.0600 79.9800 697.000000 0.000000 170.000000 55.000000
5.9300 30.1500 80.0300 702.000000 0.000000 171.000000 55.000000
5.9400 30.2100 80.0300 694.000000 0.000000 171.000000 56.000000
5.9500 30.2900 80.0900 691.000000 0.000000 171.000000 56.000000
5.9600 30.2900 80.0900 690.000000 0.000000 171.000000 56.000000
5.9700 30.2900 80.0900 691.000000 0.000000 171.000000 56.000000
5.9800 30.3400 80.0900 694.000000 0.000000 171.000000 56.000000
5.9900 30.3900 80.1800 696.000000 0.000000 171.000000 56.000000
6.0000 30.4900 80.3500 700.000000 0.000000 171.000000 56.000000
6.0100 30.6000 80.6200 700.000000 0.000000 171.000000 56.000000
6.0200 30.7200 80.9600 691.000000 0.000000 171.000000 55.000000
6.0300 30.8800 81.3900 688.000000 0.000000 171.000000 55.000000
6.0400 30.9700 81.9400 664.000000 0.000000 171.000000 55.000000
6.0500 31.0200 82.5700 644.000000 0.000000 171.000000 55.000000
6.0600 31.0200 83.1900 641.000000 0.000000 171.000000 55.000000
6.0700 31.0200 83.7500 640.000000 0.000000 171.000000 55.000000
6.0800 30.9700 84.0600 643.000000 0.000000 172.000000 54.000000
6.0900 30.9700 84.2200 644.000000 0.000000 173.000000 54.000000
6.1000 30.9700 84.2200 641.000000 0.000000 173.000000 54.000000
6.1100 30.8900 84.2200 638.000000 0.000000 173.000000 53.000000
6.1200 30.8900 84.2200 637.000000 0.000000 173.000000 53.000000
6.1300 30.8400 84.0700 647.000000 0.000000 173.000000 53.000000
6.1400 30.8400 83.9000 637.000000 0.000000 173.000000 53.000000
6.1500 30.8400 83.4900 643.000000 0.000000 173.000000 53.000000
6.1600 30.8400 82.9300 653.000000 0.000000 173.000000 53.000000
6.1700 30.8400 82.1900 664.000000 0.000000 173.000000 53.000000
6.1800 30.8400 81.3100 668.000000 0.000000 173.000000 53.000000
6.1900 30.8900 80.3300 670.000000 0.000000 173.000000 54.000000
6.2000 30.8900 79.3200 663.000000 0.000000 172.000000 54.000000
6.2100 30.9700 78.4700 667.000000 0.000000 172.000000 54.000000
6.2200 31.0400 77.7300 675.000000 0.000000 170.000000 55.000000
6.2300 31.1400 77.0000 676.000000 0.000000 168.000000 55.000000
6.2400 31.2800 76.4000 681.000000 0.000000 167.000000 55.000000
6.2500 31.4400 75.9000 682.000000 0.000000 165.000000 56.000000
6.2600 31.6000 75.5300 688.000000 0.000000 165.000000 56.000000
6.2700 31.6600 75.3400 694.000000 0.000000 163.000000 56.000000
6.2800 31.7200 75.2700 690.000000 0.000000 162.000000 56.000000
6.2900 31.7200 75.2700 684.000000 0.000000 162.000000 56.000000
6.3000 31.8400 75.3600 664.000000 0.000000 162.000000 56.000000
6.3100 31.9600 75.5000 647.000000 0.000000 160.000000 55.000000
6.3200 31.9600 75.6700 605.000000 0.000000 160.000000 55.000000
6.3300 32.1600 76.0300 548.000000 0.000000 160.000000 55.000000
6.3400 32.3900 76.5200 477.000000 0.000000 160.000000 55.000000
6.3500 32.4800 77.0200 433.000000 0.000000 160.000000 55.000000
6.3600 32.5700 77.5300 414.000000 0.000000 160.000000 55.000000
6.3700 32.6600 78.0600 425.000000 0.000000 162.000000 56.000000
6.3800 32.7100 78.4100 422.000000 0.000000 162.000000 56.000000
6.3900 32.7100 78.7500 440.000000 0.000000 163.000000 55.000000
6.4000 32.9100 79.0400 447.000000 0.000000 163.000000 55.000000
6.4100 33.0300 79.2700 466.000000 0.000000 164.000000 55.000000
6.4200 33.1300 79.3800 471.000000 0.000000 164.000000 54.000000
6.4300 33.2800 79.3800 465.000000 0.000000 164.000000 54.000000
6.4400 33.3900 79.3800 486.000000 0.000000 165.000000 53.000000
6.4500 33.4600 79.1800 514.000000 0.000000 165.000000 53.000000
6.4600 33.4600 78.8500 535.000000 0.000000 166.000000 52.000000
6.4700 33.5200 78.4100 546.000000 0.000000 166.000000 52.000000
6.4800 33.4100 78.0300 562.000000 0.000000 165.000000 53.000000
6.4900 33.2000 77.6800 561.000000 0.000000 165.000000 53.000000
6.5000 32.9900 77.4400 569.000000 0.000000 164.000000 54.000000
6.5100 32.8000 77.2600 572.000000 0.000000 164.000000 54.000000
6.5200 32.6300 77.2600 564.000000 0.000000 164.000000 55.000000
6.5300 32.4700 77.3100 567.000000 0.000000 163.000000 55.000000
6.5400 32.3000 77.4300 556.000000 0.000000 162.000000 56.000000
6.5500 32.1900 77.6800 539.000000 0.000000 162.000000 56.000000
6.5600 32.1300 78.0400 537.000000 0.000000 162.000000 56.000000
6.5700 32.1300 78.4800 537.000000 0.000000 162.000000 56.000000
6.5800 32.3000 79.0000 537.000000 0.000000 162.000000 56.000000
6.5900 32.4600 79.2900 546.000000 0.000000 163.000000 55.000000
6.6000 32.6000 79.4200 548.000000 0.000000 164.000000 55.000000
6.6100 32.7700 79.4800 551.000000 0.000000 164.000000 54.000000
6.6200 32.9600 79.3900 564.000000 0.000000 164.000000 54.000000
6.6300 33.1700 79.1900 574.000000 0.000000 164.000000 54.000000
6.6400 33.3700 78.9200 591.000000 0.000000 164.000000 54.000000
6.6500 33.5500 78.6500 592.000000 0.000000 165.000000 53.000000
6.6600 33.6200 78.4400 592.000000 0.000000 165.000000 53.000000
6.6700 33.6200 78.2800 597.000000 0.000000 165.000000 53.000000
6.6800 33.6200 78.1800 606.000000 0.000000 165.000000 53.000000
6.6900 33.6900 78.1800 620.000000 0.000000 165.000000 53.000000
6.7000 33.6900 78.1800 645.000000 0.000000 164.000000 54.000000
6.7100 33.8000 78.1800 645.000000 0.000000 163.000000 54.000000
6.7200 33.8900 78.3300 642.000000 0.000000 163.000000 54.000000
6.7300 34.0400 78.5600 638.000000 0.000000 164.000000 54.000000
6.7400 34.2300 78.9000 628.000000 0.000000 164.000000 54.000000
6.7500 34.3400 79.4100 620.000000 0.000000 164.000000 54.000000
6.7600 34.4100 80.0300 613.000000 0.000000 166.000000 53.000000
6.7700 34.5800 80.5300 605.000000 0.000000 166.000000 53.000000
6.7800 34.5800 80.7300 608.000000 0.000000 166.000000 53.000000
6.7900 34.5800 80.7300 603.000000 0.000000 168.000000 53.000000
6.8000 34.5800 80.6300 605.000000 0.000000 168.000000 53.000000
6.8100 34.6500 80.3200 611.000000 0.000000 167.000000 54.000000
6.8200 34.7100 79.8700 616.000000 0.000000 169.000000 54.000000
6.8300 34.7600 79.3500 613.000000 0.000000 169.000000 54.000000
6.8400 34.7600 78.9500 628.000000 0.000000 167.000000 54.000000
6.8500 34.7600 78.6700 620.000000 0.000000 167.000000 54.000000
6.8600 34.7600 78.4500 627.000000 0.000000 167.000000 54.000000
6.8700 34.7600 78.3900 642.000000 0.000000 166.000000 54.000000
6.8800 34.7600 78.3900 641.000000 0.000000 166.000000 54.000000
6.8900 34.7600 78.3900 650.000000 0.000000 164.000000 54.000000
6.9000 34.8300 78.3900 658.000000 0.000000 164.000000 54.000000
6.9100 34.9200 78.4900 661.000000 0.000000 164.000000 54.000000
6.9200 35.0500 78.5900 664.000000 0.000000 164.000000 53.000000
6.9300 35.2000 78.7800 665.000000 0.000000 164.000000 53.000000
6.9400 35.3100 79.0900 664.000000 0.000000 164.000000 53.000000
6.9500 35.4900 79.4700 653.000000 0.000000 165.000000 53.000000
6.9600 35.6500 80.1500 646.000000 0.000000 165.000000 53.000000
6.9700 35.7700 80.9400 620.000000 0.000000 166.000000 53.000000
6.9800 35.8500 81.8100 594.000000 0.000000 168.000000 53.000000
6.9900 35.8000 82.9200 592.000000 0.000000 169.000000 53.000000
7.0000 35.6500 84.2500 577.000000 0.000000 170.000000 54.000000
7.0100 35.3600 85.7400 581.000000 0.000000 170.000000 54.000000
7.0200 35.1100 86.9000 572.000000 0.000000 170.000000 54.000000
7.0300 34.9700 87.4000 572.000000 0.000000 170.000000 54.000000
7.0400 34.9100 87.4500 570.000000 0.000000 170.000000 54.000000
7.0500 34.9100 87.2300 572.000000 0.000000 170.000000 54.000000
7.0600 35.0100 86.6200 580.000000 0.000000 170.000000 54.000000
7.0700 35.1300 85.7500 589.000000 0.000000 170.000000 54.000000
7.0800 35.3000 84.4400 585.000000 0.000000 169.000000 53.000000
7.0900 35.5100 83.0100 592.000000 0.000000 169.000000 53.000000
7.1000 35.6100 81.5000 597.000000 0.000000 170.000000 54.000000
7.1100 35.6100 79.9700 597.000000 0.000000 170.000000 54.000000
7.1200 35.6100 78.7800 599.000000 0.000000 170.000000 54.000000
7.1300 35.7700 77.8200 606.000000 0.000000 169.000000 53.000000
7.1400 35.9400 77.1500 616.000000 0.000000 169.000000 54.000000
7.1500 36.1700 76.7300 633.000000 0.000000 167.000000 54.000000
7.1600 36.4200 76.4900 647.000000 0.000000 167.000000 54.000000
7.1700 36.6900 76.4900 662.000000 0.000000 167.000000 55.000000
7.1800 36.9700 76.6100 661.000000 0.000000 165.000000 55.000000
7.1900 37.2600 76.8700 647.000000 0.000000 165.000000 55.000000
7.2000 37.5500 77.5100 625.000000 0.000000 165.000000 55.000000
7.2100 37.8100 78.3200 600.000000 0.000000 167.000000 55.000000
7.2200 37.9600 79.2400 591.000000 0.000000 167.000000 55.000000
7.2300 38.0300 80.0600 595.000000 0.000000 168.000000 55.000000
7.2400 38.0300 80.6400 586.000000 0.000000 169.000000 54.000000
7.2500 37.9100 81.0700 594.000000 0.000000 170.000000 55.000000
7.2600 37.7600 81.1700 592.000000 0.000000 170.000000 55.000000
7.2700 37.6600 81.1700 588.000000 0.000000 170.000000 54.000000
7.2800 37.5000 81.0100 586.000000 0.000000 172.000000 54.000000
7.2900 37.3000 80.8400 595.000000 0.000000 172.000000 54.000000
7.3000 37.1400 80.6600 577.000000 0.000000 172.000000 54.000000
7.3100 37.0300 80.4200 563.000000 0.000000 172.000000 54.000000
7.3200 37.0300 80.1500 570.000000 0.000000 172.000000 54.000000
7.3300 37.1000 79.7200 570.000000 0.000000 171.000000 55.000000
7.3400 37.2500 79.1900 594.000000 0.000000 171.000000 55.000000
7.3500 37.5000 78.7700 605.000000 0.000000 171.000000 55.000000
7.3600 37.7000 78.5200 613.000000 0.000000 171.000000 55.000000
7.3700 37.8500 78.3800 643.000000 0.000000 170.000000 55.000000
7.3800 37.9700 78.3100 662.000000 0.000000 170.000000 55.000000
7.3900 38.0600 78.3100 696.000000 0.000000 170.000000 55.000000
7.4000 38.1200 78.3800 700.000000 0.000000 169.000000 54.000000
7.4100 38.2300 78.6200 694.000000 0.000000 169.000000 54.000000
7.4200 38.3400 78.9900 681.000000 0.000000 169.000000 54.000000
7.4300 38.4700 79.4600 670.000000 0.000000 169.000000 53.000000
7.4400 38.5500 79.9600 670.000000 0.000000 169.000000 53.000000
7.4500 38.6000 80.3800 667.000000 0.000000 170.000000 54.000000
7.4600 38.6000 80.6400 664.000000 0.000000 172.000000 54.000000
7.4700 38.6000 80.7000 650.000000 0.000000 172.000000 54.000000
7.4800 38.6500 80.6300 644.000000 0.000000 173.000000 53.000000
7.4900 38.6500 80.5100 641.000000 0.000000 173.000000 54.000000
7.5000 38.6500 80.2300 638.000000 0.000000 173.000000 54.000000
7.5100 38.6500 79.8400 638.000000 0.000000 173.000000 54.000000
7.5200 38.7200 79.3700 639.000000 0.000000 173.000000 54.000000
7.5300 38.7700 79.0000 642.000000 0.000000 173.000000 54.000000
7.5400 38.8200 78.7000 645.000000 0.000000 173.000000 54.000000
7.5500 38.8700 78.5200 641.000000 0.000000 173.000000 54.000000
7.5600 38.9700 78.4600 653.000000 0.000000 173.000000 54.000000
7.5700 39.0800 78.4600 668.000000 0.000000 173.000000 54.000000
7.5800 39.2300 78.5900 671.000000 0.000000 173.000000 54.000000
7.5900 39.5000 78.8400 668.000000 0.000000 173.000000 54.000000
7.6000 39.8400 79.1800 664.000000 0.000000 173.000000 54.000000
7.6100 40.0200 79.5600 653.000000 0.000000 173.000000 54.000000
7.6200 40.1600 80.0900 637.000000 0.000000 173.000000 53.000000
7.6300 40.2800 80.7100 631.000000 0.000000 173.000000 53.000000
7.6400 40.3400 81.0700 631.000000 0.000000 175.000000 53.000000
7.6500 40.3400 81.2200 627.000000 0.000000 175.000000 53.000000
7.6600 40.3400 81.2200 619.000000 0.000000 175.000000 53.000000
7.6700 40.3400 81.1300 617.000000 0.000000 175.000000 53.000000
7.6800 40.3400 80.9900 613.000000 0.000000 176.000000 54.000000
7.6900 40.3400 80.7600 610.000000 0.000000 176.000000 54.000000
7.7000 40.3400 80.3900 611.000000 0.000000 176.000000 54.000000
7.7100 40.4300 79.9200 613.000000 0.000000 176.000000 54.000000
7.7200 40.4900 79.4100 614.000000 0.000000 175.000000 54.000000
7.7300 40.5600 79.1100 617.000000 0.000000 175.000000 54.000000
7.7400 40.6500 78.9600 617.000000 0.000000 175.000000 54.000000
7.7500 40.7800 78.8400 633.000000 0.000000 173.000000 54.000000
7.7600 40.9700 78.8400 641.000000 0.000000 173.000000 54.000000
7.7700 41.2200 78.8400 641.000000 0.000000 173.000000 53.000000
7.7800 41.5300 79.1100 641.000000 0.000000 172.000000 53.000000
7.7900 41.8400 79.3800 630.000000 0.000000 172.000000 53.000000
7.8000 42.1600 79.6800 631.000000 0.000000 172.000000 53.000000
7.8100 42.4600 79.8900 630.000000 0.000000 172.000000 53.000000
7.8200 42.6600 79.9900 630.000000 0.000000 172.000000 53.000000
7.8300 42.7600 79.9900 628.000000 0.000000 172.000000 53.000000
7.8400 42.8500 79.9900 625.000000 0.000000 172.000000 54.000000
7.8500 42.9000 79.9900 622.000000 0.000000 172.000000 54.000000
7.8600 42.9000 79.9100 616.000000 0.000000 172.000000 54.000000
7.8700 42.9000 79.9100 589.000000 0.000000 172.000000 54.000000
7.8800 42.9500 79.8500 561.000000 0.000000 171.000000 55.000000
7.8900 42.9500 79.8000 546.000000 0.000000 171.000000 55.000000
7.9000 43.0100 79.7400 522.000000 0.000000 171.000000 55.000000
7.9100 43.1200 79.6500 501.000000 0.000000 171.000000 55.000000
7.9200 43.3300 79.5400 480.000000 0.000000 171.000000 55.000000
7.9300 43.5100 79.4800 465.000000 0.000000 171.000000 55.000000
7.9400 43.6500 79.4800 464.000000 0.000000 171.000000 55.000000
7.9500 43.7500 79.4200 473.000000 0.000000 170.000000 55.000000
7.9600 43.7500 79.4200 474.000000 0.000000 170.000000 54.000000
7.9700 43.7500 79.3700 467.000000 0.000000 170.000000 54.000000
7.9800 43.7500 79.3700 477.000000 0.000000 169.000000 53.000000
7.9900 43.7000 79.3700 483.000000 0.000000 169.000000 53.000000
8.0000 43.6400 79.3700 485.000000 0.000000 170.000000 52.000000
8.0100 43.5900 79.4200 486.000000 0.000000 169.000000 51.000000
8.0200 43.5900 79.4200 496.000000 0.000000 169.000000 50.000000
8.0300 43.5200 79.4200 492.000000 0.000000 169.000000 50.000000
8.0400 43.5200 79.4200 504.000000 0.000000 169.000000 50.000000
8.0500 43.5200 79.4200 519.000000 0.000000 169.000000 50.000000
8.0600 43.5200 79.4200 526.000000 0.000000 169.000000 50.000000
8.0700 43.5200 79.4200 540.000000 0.000000 169.000000 50.000000
8.0800 43.5200 79.4200 539.000000 0.000000 169.000000 50.000000
8.0900 43.5200 79.4200 550.000000 0.000000 169.000000 50.000000
8.1000 43.5200 79.4200 564.000000 0.000000 169.000000 50.000000
8.1100 43.5200 79.4200 567.000000 0.000000 169.000000 50.000000
8.1200 43.5200 79.4200 577.000000 0.000000 169.000000 50.000000
8.1300 43.5200 79.4200 580.000000 0.000000 169.000000 50.000000
8.1400 43.4700 79.4200 580.000000 0.000000 169.000000 50.000000
8.1500 43.4700 79.4200 583.000000 0.000000 169.000000 50.000000
8.1600 43.4700 79.4200 588.000000 0.000000 169.000000 50.000000
8.1700 43.4700 79.4200 592.000000 0.000000 169.000000 50.000000
8.1800 43.4700 79.4200 585.000000 0.000000 169.000000 50.000000
8.1900 43.4700 79.4200 588.000000 0.000000 169.000000 50.000000
8.2000 43.4700 79.4200 589.000000 0.000000 170.000000 51.000000
8.2100 43.4700 79.4200 592.000000 0.000000 170.000000 52.000000
8.2200 43.4700 79.4200 591.000000 0.000000 170.000000 52.000000
8.2300 43.4700 79.4200 592.000000 0.000000 169.000000 53.000000
8.2400 43.4700 79.4200 591.000000 0.000000 169.000000 53.000000
8.2500 43.4700 79.4200 585.000000 0.000000 169.000000 53.000000
8.2600 43.4700 79.4200 578.000000 0.000000 169.000000 54.000000
8.2700 43.4700 79.4200 565.000000 0.000000 169.000000 54.000000
8.2800 43.4700 79.4200 540.000000 0.000000 169.000000 54.000000
8.2900 43.4700 79.4200 472.000000 0.000000 169.000000 54.000000
8.3000 43.4700 79.4700 361.000000 0.000000 169.000000 54.000000
8.3100 43.4700 79.4700 134.000000 0.000000 169.000000 54.000000
8.3200 43.4700 79.4700 0.000000 1.000000 169.000000 54.000000
8.3300 43.5800 79.4700 0.000000 0.000000 169.000000 54.000000
8.3400 43.5800 79.4700 0.000000 0.000000 170.000000 55.000000
8.3500 43.5800 79.4700 0.000000 0.000000 170.000000 55.000000
8.3600 43.5200 79.5700 0.000000 0.000000 170.000000 55.000000
8.3700 43.3700 79.5700 0.000000 0.000000 170.000000 54.000000
8.3800 43.1500 79.4800 0.000000 0.000000 172.000000 54.000000
8.3900 43.0100 79.4000 0.000000 0.000000 172.000000 54.000000
8.4000 42.8900 79.2500 0.000000 0.000000 172.000000 54.000000
8.4100 42.8100 79.1000 0.000000 0.000000 172.000000 54.000000
8.4200 42.8100 78.9500 0.000000 0.000000 172.000000 54.000000
8.4300 42.8100 78.8100 0.000000 0.000000 172.000000 54.000000
8.4400 42.7600 78.6800 0.000000 0.000000 172.000000 54.000000
8.4500 42.7600 78.5600 0.000000 0.000000 172.000000 53.000000
8.4600 42.7600 78.4400 0.000000 0.000000 172.000000 54.000000
8.4700 42.7600 78.3300 0.000000 0.000000 172.000000 54.000000
8.4800 42.7600 78.2100 0.000000 0.000000 172.000000 54.000000
8.4900 42.8500 78.1000 0.000000 0.000000 172.000000 54.000000
8.5000 42.8500 77.9700 0.000000 0.000000 171.000000 55.000000
8.5100 42.7600 77.8100 0.000000 0.000000 171.000000 55.000000
8.5200 42.6300 77.6300 0.000000 0.000000 171.000000 55.000000
8.5300 42.4900 77.4200 0.000000 0.000000 171.000000 55.000000
8.5400 42.3600 77.2100 0.000000 0.000000 172.000000 54.000000
8.5500 42.2300 76.9900 0.000000 0.000000 172.000000 54.000000
8.5600 42.2300 76.7700 0.000000 0.000000 172.000000 54.000000
8.5700 42.2300 76.6800 0.000000 0.000000 170.000000 54.000000
8.5800 42.2300 76.6800 0.000000 0.000000 170.000000 54.000000
8.5900 42.3500 76.6800 0.000000 0.000000 170.000000 54.000000
8.6000 42.4600 76.6800 0.000000 0.000000 171.000000 53.000000
8.6100 42.5800 76.6800 0.000000 0.000000 171.000000 53.000000
8.6200 42.6900 76.6800 0.000000 0.000000 171.000000 53.000000
8.6300 42.7700 76.7400 0.000000 0.000000 171.000000 53.000000
8.6400 42.8400 76.7400 0.000000 0.000000 171.000000 53.000000
8.6500 42.9200 76.7400 0.000000 0.000000 171.000000 53.000000
8.6600 42.9800 76.7900 0.000000 0.000000 171.000000 52.000000
8.6700 42.9800 76.7900 0.000000 0.000000 171.000000 52.000000
8.6800 42.9800 76.8400 0.000000 0.000000 171.000000 52.000000
8.6900 42.9800 76.8400 0.000000 0.000000 171.000000 52.000000
8.7000 42.9800 76.9300 0.000000 0.000000 171.000000 52.000000
8.7100 42.9800 77.0000 0.000000 0.000000 171.000000 52.000000
8.7200 42.9800 77.0500 0.000000 0.000000 171.000000 52.000000
8.7300 42.9800 77.0500 0.000000 0.000000 171.000000 52.000000
8.7400 43.0300 77.0500 0.000000 0.000000 171.000000 52.000000
8.7500 43.1100 77.0500 0.000000 0.000000 171.000000 52.000000
8.7600 43.1900 77.0500 0.000000 0.000000 171.000000 52.000000
8.7700 43.2500 77.0000 0.000000 0.000000 171.000000 52.000000
8.7800 43.3600 76.9400 0.000000 0.000000 171.000000 52.000000
8.7900 43.4700 76.8400 0.000000 0.000000 171.000000 52.000000
8.8000 43.5600 76.7100 0.000000 0.000000 171.000000 53.000000
8.8100 43.6500 76.5100 0.000000 0.000000 171.000000 53.000000
8.8200 43.6500 76.5100 284.000000 1.000000 171.000000 53.000000
8.8300 43.5300 76.1100 443.000000 0.000000 170.000000 54.000000
8.8400 43.2500 75.9800 583.000000 0.000000 170.000000 54.000000
8.8500 42.6400 75.7700 700.000000 0.000000 170.000000 55.000000
8.8600 41.8200 75.4900 776.000000 0.000000 170.000000 55.000000
8.8700 40.6300 75.2000 821.000000 0.000000 170.000000 55.000000
8.8800 39.2200 74.8800 869.000000 0.000000 169.000000 54.000000
8.8900 37.6700 74.5800 887.000000 0.000000 169.000000 54.000000
8.9000 36.1100 74.3000 894.000000 0.000000 169.000000 54.000000
8.9100 34.6200 74.1900 903.000000 0.000000 168.000000 55.000000
8.9200 33.1700 74.0700 906.000000 0.000000 168.000000 55.000000
8.9300 31.7300 74.1300 903.000000 0.000000 168.000000 55.000000
8.9400 30.4200 74.3200 909.000000 0.000000 167.000000 55.000000
8.9500 29.1400 74.7500 891.000000 0.000000 166.000000 56.000000
8.9600 28.0300 75.3900 890.000000 0.000000 165.000000 56.000000
8.9700 27.0200 76.1700 888.000000 0.000000 165.000000 56.000000
8.9800 26.1600 77.0600 881.000000 0.000000 163.000000 56.000000
8.9900 25.6000 78.0100 873.000000 0.000000 163.000000 56.000000
9.0000 25.2500 79.0000 869.000000 0.000000 163.000000 56.000000
9.0100 25.2500 80.1500 860.000000 0.000000 162.000000 56.000000
9.0200 25.2500 81.2500 869.000000 0.000000 162.000000 56.000000
9.0300 25.7500 82.2600 854.000000 0.000000 162.000000 56.000000
9.0400 26.5400 83.2100 846.000000 0.000000 160.000000 55.000000
9.0500 27.8000 83.9500 827.000000 0.000000 161.000000 55.000000
9.0600 29.4800 84.5600 826.000000 0.000000 161.000000 55.000000
9.0700 31.4400 85.0700 805.000000 0.000000 162.000000 54.000000
9.0800 33.9300 85.3100 797.000000 0.000000 162.000000 54.000000
9.0900 36.4600 85.3800 788.000000 0.000000 164.000000 53.000000
9.1000 39.0800 84.9000 797.000000 0.000000 165.000000 53.000000
9.1100 41.1400 83.9600 803.000000 0.000000 165.000000 53.000000
9.1200 42.8200 82.7100 809.000000 0.000000 167.000000 52.000000
9.1300 43.3600 81.1000 825.000000 0.000000 168.000000 52.000000
9.1400 42.9600 79.3600 860.000000 0.000000 169.000000 53.000000
9.1500 41.9300 77.5400 882.000000 0.000000 171.000000 53.000000
9.1600 40.1600 75.8500 878.000000 0.000000 170.000000 54.000000
9.1700 37.8800 74.4100 876.000000 0.000000 170.000000 54.000000
9.1800 35.2600 73.1400 882.000000 0.000000 170.000000 54.000000
9.1900 32.9100 72.3200 882.000000 0.000000 169.000000 54.000000
9.2000 30.9100 72.0100 902.000000 0.000000 167.000000 54.000000
9.2100 29.1300 72.0100 905.000000 0.000000 167.000000 55.000000
9.2200 27.8400 72.3600 894.000000 0.000000 165.000000 56.000000
9.2300 27.0800 73.0500 908.000000 0.000000 163.000000 56.000000
9.2400 26.6700 73.9900 858.000000 0.000000 161.000000 57.000000
9.2500 26.6700 75.2500 830.000000 0.000000 160.000000 56.000000
9.2600 27.2500 76.5000 794.000000 0.000000 160.000000 56.000000
9.2700 28.2600 77.7400 784.000000 0.000000 158.000000 56.000000
9.2800 29.9800 78.7100 782.000000 0.000000 158.000000 56.000000
9.2900 31.9400 79.3500 780.000000 0.000000 158.000000 56.000000
9.3000 34.0600 79.7700 779.000000 0.000000 159.000000 55.000000
9.3100 35.9400 79.9300 776.000000 0.000000 159.000000 55.000000
9.3200 37.4800 79.8200 757.000000 0.000000 161.000000 55.000000
9.3300 38.7800 79.5400 754.000000 0.000000 163.000000 55.000000
9.3400 39.4100 79.2900 745.000000 0.000000 164.000000 55.000000
9.3500 39.6000 79.0200 728.000000 0.000000 166.000000 54.000000
9.3600 39.4900 78.7000 737.000000 0.000000 166.000000 54.000000
9.3700 38.8900 78.2300 760.000000 0.000000 167.000000 54.000000
9.3800 37.5400 77.6500 790.000000 0.000000 167.000000 54.000000
9.3900 35.6900 76.9600 799.000000 0.000000 167.000000 54.000000
9.4000 33.4800 75.9400 851.000000 0.000000 167.000000 54.000000
9.4100 31.1300 74.7100 888.000000 0.000000 165.000000 55.000000
9.4200 28.6800 74.0400 905.000000 0.000000 164.000000 55.000000
9.4300 26.5600 73.1500 932.000000 0.000000 164.000000 55.000000
9.4400 24.9100 72.1200 948.000000 0.000000 162.000000 56.000000
9.4500 23.5600 71.3700 951.000000 0.000000 160.000000 55.000000
9.4600 22.8000 70.7400 948.000000 0.000000 159.000000 55.000000
9.4700 22.4900 70.1800 926.000000 0.000000 157.000000 56.000000
9.4800 22.4900 69.9500 923.000000 0.000000 155.000000 55.000000
9.4900 22.6700 69.7200 908.000000 0.000000 154.000000 56.000000
9.5000 23.2600 69.7200 896.000000 0.000000 152.000000 57.000000
9.5100 24.1200 69.7700 890.000000 0.000000 152.000000 57.000000
9.5200 25.5900 70.1500 887.000000 0.000000 150.000000 57.000000
9.5300 27.2800 70.7200 858.000000 0.000000 150.000000 57.000000
9.5400 29.1100 71.4300 855.000000 0.000000 150.000000 57.000000
9.5500 31.3600 72.4800 863.000000 0.000000 150.000000 57.000000
9.5600 33.6500 73.5700 861.000000 0.000000 152.000000 57.000000
9.5700 36.0400 74.7000 853.000000 0.000000 152.000000 57.000000
9.5800 38.5100 75.6900 896.000000 0.000000 153.000000 56.000000
9.5900 41.0300 76.4300 930.000000 0.000000 155.000000 55.000000
9.6000 43.1200 77.0100 952.000000 0.000000 155.000000 55.000000
9.6100 44.4000 77.3100 968.000000 0.000000 155.000000 55.000000
9.6200 45.1500 77.4400 985.000000 0.000000 156.000000 55.000000
9.6300 45.4300 77.4400 977.000000 0.000000 156.000000 55.000000
9.6400 45.4900 77.4400 991.000000 0.000000 156.000000 55.000000
9.6500 45.3900 77.4400 977.000000 0.000000 156.000000 55.000000
9.6600 45.3400 77.3200 949.000000 0.000000 156.000000 55.000000
9.6700 45.2900 77.2100 935.000000 0.000000 156.000000 55.000000
9.6800 45.1700 77.0900 909.000000 0.000000 156.000000 55.000000
9.6900 45.0100 76.9800 836.000000 0.000000 156.000000 55.000000
9.7000 45.0100 76.8900 739.000000 0.000000 156.000000 55.000000
9.7100 45.0100 76.8900 509.000000 0.000000 158.000000 55.000000
