0.0000 21.5500 36.7300 538.000000 1.000000 147.000000 61.000000
0.0100 20.4200 37.3700 649.000000 0.000000 146.000000 62.000000
0.0200 19.3400 37.4900 814.000000 0.000000 147.000000 62.000000
0.0300 18.2100 37.4900 933.000000 0.000000 147.000000 62.000000
0.0400 17.0400 37.3800 988.000000 0.000000 147.000000 62.000000
0.0500 15.8300 37.1500 1017.000000 0.000000 149.000000 63.000000
0.0600 14.6800 36.8500 1023.000000 0.000000 149.000000 63.000000
0.0700 13.9300 36.4400 1023.000000 0.000000 149.000000 63.000000
0.0800 13.4200 36.0900 1023.000000 0.000000 149.000000 63.000000
0.0900 13.3200 35.7700 991.000000 0.000000 149.000000 63.000000
0.1000 13.3800 35.6000 994.000000 0.000000 148.000000 63.000000
0.1100 13.5400 35.4900 994.000000 0.000000 148.000000 63.000000
0.1200 14.2000 35.4300 978.000000 0.000000 148.000000 63.000000
0.1300 15.3400 35.5400 984.000000 0.000000 146.000000 64.000000
0.1400 16.8100 35.5400 991.000000 0.000000 146.000000 64.000000
0.1500 17.7300 35.5400 1015.000000 0.000000 145.000000 65.000000
0.1600 18.2200 35.1900 1023.000000 0.000000 145.000000 65.000000
0.1700 18.4200 34.7800 1023.000000 0.000000 145.000000 65.000000
0.1800 18.3300 34.1100 1023.000000 0.000000 145.000000 65.000000
0.1900 17.7900 33.2700 1023.000000 0.000000 145.000000 65.000000
0.2000 16.9600 32.4700 1023.000000 0.000000 146.000000 64.000000
0.2100 16.1200 31.9900 1023.000000 0.000000 148.000000 65.000000
0.2200 15.3900 31.7200 1023.000000 0.000000 148.000000 65.000000
0.2300 14.9400 31.6500 1023.000000 0.000000 148.000000 65.000000
0.2400 14.6400 31.7200 1023.000000 0.000000 150.000000 65.000000
0.2500 14.3300 31.8900 1023.000000 0.000000 150.000000 65.000000
0.2600 14.0700 32.1400 1023.000000 0.000000 151.000000 66.000000
0.2700 14.0700 32.3900 1023.000000 0.000000 151.000000 66.000000
0.2800 14.1500 32.7000 799.000000 0.000000 151.000000 66.000000
0.2900 14.4200 33.0400 217.000000 0.000000 151.000000 66.000000
0.3000 14.4200 33.0400 0.000000 1.000000 151.000000 66.000000
0.3100 15.3400 32.9900 0.000000 0.000000 151.000000 66.000000
0.3200 15.8200 33.3500 0.000000 0.000000 152.000000 65.000000
0.3300 16.3800 33.4400 0.000000 0.000000 152.000000 65.000000
0.3400 17.0600 33.5100 0.000000 0.000000 150.000000 65.000000
0.3500 17.7100 33.5900 0.000000 0.000000 150.000000 64.000000
0.3600 18.3400 33.7100 0.000000 0.000000 148.000000 63.000000
0.3700 18.8800 33.8600 0.000000 0.000000 148.000000 63.000000
0.3800 19.2900 33.9400 0.000000 0.000000 147.000000 62.000000
0.3900 19.6100 34.0200 0.000000 0.000000 146.000000 62.000000
0.4000 19.7400 34.0200 0.000000 0.000000 146.000000 62.000000
0.4100 19.8700 34.0800 0.000000 0.000000 145.000000 60.000000
0.4200 20.0500 34.0800 0.000000 0.000000 144.000000 61.000000
0.4300 20.2900 34.0800 0.000000 0.000000 146.000000 62.000000
0.4400 20.6100 34.0800 0.000000 0.000000 146.000000 62.000000
0.4500 20.6100 34.0800 536.000000 1.000000 144.000000 62.000000
0.4600 21.0300 33.9200 751.000000 0.000000 146.000000 63.000000
0.4700 21.0300 33.9200 1023.000000 0.000000 146.000000 63.000000
0.4800 21.0300 33.9200 1023.000000 0.000000 145.000000 64.000000
0.4900 21.0300 33.9200 1023.000000 0.000000 145.000000 64.000000
0.5000 21.0300 33.9200 1023.000000 0.000000 143.000000 64.000000
0.5100 21.0300 33.9200 1023.000000 0.000000 143.000000 64.000000
0.5200 21.0300 33.9200 1023.000000 0.000000 143.000000 64.000000
0.5300 21.0300 33.9200 1023.000000 0.000000 143.000000 64.000000
0.5400 20.9800 33.9200 1023.000000 0.000000 143.000000 64.000000
0.5500 20.9800 33.9200 1023.000000 0.000000 143.000000 64.000000
0.5600 20.9800 33.9200 1023.000000 0.000000 143.000000 64.000000
0.5700 20.9800 33.9200 1023.000000 0.000000 143.000000 64.000000
0.5800 20.9800 33.9200 900.000000 0.000000 143.000000 64.000000
0.5900 20.9800 33.9200 369.000000 0.000000 143.000000 64.000000
0.6000 20.9800 33.9200 0.000000 1.000000 143.000000 64.000000
0.6100 21.1200 34.2300 0.000000 0.000000 143.000000 64.000000
0.6200 21.3100 34.7000 0.000000 0.000000 143.000000 64.000000
0.6300 21.5000 35.4800 0.000000 0.000000 143.000000 64.000000
0.6400 21.6800 36.4300 0.000000 0.000000 143.000000 64.000000
0.6500 22.0900 37.5000 0.000000 0.000000 143.000000 64.000000
0.6600 22.4300 38.5100 0.000000 0.000000 141.000000 64.000000
0.6700 22.7100 39.2200 0.000000 0.000000 141.000000 64.000000
0.6800 23.0100 39.7400 0.000000 0.000000 143.000000 63.000000
0.6900 23.0100 39.7400 399.000000 1.000000 141.000000 63.000000
0.7000 23.4600 40.2200 578.000000 0.000000 143.000000 62.000000
0.7100 23.3700 40.2900 750.000000 0.000000 143.000000 62.000000
0.7200 23.3000 40.2900 848.000000 0.000000 143.000000 62.000000
0.7300 23.2400 40.0300 915.000000 0.000000 146.000000 62.000000
0.7400 23.1400 39.6100 970.000000 0.000000 146.000000 62.000000
0.7500 23.0600 38.8700 990.000000 0.000000 146.000000 62.000000
0.7600 22.9800 37.7800 1015.000000 0.000000 146.000000 62.000000
0.7700 22.8100 36.4700 1023.000000 0.000000 144.000000 62.000000
0.7800 22.5800 35.0100 1017.000000 0.000000 144.000000 62.000000
0.7900 22.2900 33.7700 1006.000000 0.000000 144.000000 62.000000
0.8000 22.1300 32.6800 994.000000 0.000000 143.000000 63.000000
0.8100 22.2400 32.2000 991.000000 0.000000 141.000000 64.000000
0.8200 22.4700 32.0200 995.000000 0.000000 141.000000 64.000000
0.8300 22.6800 32.0200 982.000000 0.000000 140.000000 65.000000
0.8400 23.0100 32.5000 1006.000000 0.000000 140.000000 65.000000
0.8500 23.4200 33.2500 1002.000000 0.000000 140.000000 65.000000
0.8600 23.6000 34.2000 1009.000000 0.000000 140.000000 65.000000
0.8700 23.6500 35.3500 1008.000000 0.000000 140.000000 65.000000
0.8800 23.6000 36.7400 1014.000000 0.000000 140.000000 65.000000
0.8900 23.3700 38.2800 1023.000000 0.000000 140.000000 65.000000
0.9000 23.1700 39.6100 1023.000000 0.000000 140.000000 65.000000
0.9100 23.0900 40.2900 1023.000000 0.000000 141.000000 64.000000
0.9200 23.0900 40.5400 1023.000000 0.000000 141.000000 64.000000
0.9300 22.9600 40.7500 1023.000000 0.000000 143.000000 63.000000
0.9400 22.8700 40.8100 1023.000000 0.000000 143.000000 63.000000
0.9500 22.8100 40.8100 1023.000000 0.000000 144.000000 62.000000
0.9600 22.8100 40.7000 1023.000000 0.000000 144.000000 62.000000
0.9700 22.6100 40.2800 1023.000000 0.000000 146.000000 62.000000
0.9800 22.3600 39.6400 1023.000000 0.000000 146.000000 62.000000
0.9900 22.4800 39.0200 1023.000000 0.000000 146.000000 62.000000
1.0000 22.8600 38.3700 1023.000000 0.000000 144.000000 61.000000
1.0100 23.4200 37.8900 1023.000000 0.000000 144.000000 61.000000
1.0200 24.1200 37.5400 1023.000000 0.000000 143.000000 62.000000
1.0300 25.0600 37.5400 1023.000000 0.000000 143.000000 62.000000
1.0400 26.1700 37.8000 1023.000000 0.000000 144.000000 62.000000
1.0500 27.2500 38.2000 1023.000000 0.000000 143.000000 63.000000
1.0600 27.9000 38.7300 1023.000000 0.000000 143.000000 63.000000
1.0700 28.2700 39.3300 1023.000000 0.000000 143.000000 63.000000
1.0800 28.4500 39.9800 1023.000000 0.000000 143.000000 63.000000
1.0900 28.4000 40.5500 1023.000000 0.000000 143.000000 63.000000
1.1000 28.1900 41.0600 1023.000000 0.000000 144.000000 62.000000
1.1100 27.8700 41.2400 1023.000000 0.000000 144.000000 62.000000
1.1200 27.4200 41.2400 1023.000000 0.000000 144.000000 62.000000
1.1300 26.8900 40.8900 1023.000000 0.000000 144.000000 62.000000
1.1400 26.2700 40.2000 1023.000000 0.000000 146.000000 62.000000
1.1500 25.8600 39.2900 1023.000000 0.000000 146.000000 62.000000
1.1600 25.5900 37.9000 1023.000000 0.000000 144.000000 62.000000
1.1700 25.4700 36.1700 1023.000000 0.000000 144.000000 62.000000
1.1800 25.3700 34.2100 1023.000000 0.000000 144.000000 62.000000
1.1900 25.3100 32.3600 1023.000000 0.000000 143.000000 63.000000
1.2000 25.4600 31.0800 1023.000000 0.000000 145.000000 64.000000
1.2100 25.7300 30.1900 1023.000000 0.000000 143.000000 64.000000
1.2200 26.0800 29.7500 863.000000 0.000000 142.000000 65.000000
1.2300 26.4600 29.7500 351.000000 0.000000 142.000000 65.000000
1.2400 26.4600 29.7500 0.000000 1.000000 140.000000 66.000000
1.2500 26.6300 30.4200 0.000000 0.000000 140.000000 66.000000
1.2600 26.4300 30.9800 0.000000 0.000000 140.000000 66.000000
1.2700 26.2400 31.6000 0.000000 0.000000 142.000000 66.000000
1.2800 26.2400 32.2600 0.000000 0.000000 142.000000 66.000000
1.2900 26.4400 32.9500 0.000000 0.000000 142.000000 66.000000
1.3000 26.6700 33.6600 0.000000 0.000000 142.000000 66.000000
1.3100 26.9100 34.3700 0.000000 0.000000 144.000000 66.000000
1.3200 27.1700 34.9200 0.000000 0.000000 142.000000 65.000000
1.3300 27.4300 35.3700 0.000000 0.000000 141.000000 64.000000
1.3400 27.5900 35.6200 0.000000 0.000000 141.000000 63.000000
1.3500 27.6900 35.8100 0.000000 0.000000 140.000000 62.000000
1.3600 27.7900 35.9100 0.000000 0.000000 138.000000 61.000000
1.3700 27.8500 35.9100 0.000000 0.000000 138.000000 60.000000
1.3800 27.8500 35.9100 0.000000 0.000000 138.000000 60.000000
1.3900 27.9500 35.9100 0.000000 0.000000 136.000000 61.000000
1.4000 28.0200 35.9100 0.000000 0.000000 136.000000 61.000000
1.4100 28.0900 35.8600 0.000000 0.000000 136.000000 61.000000
1.4200 28.1500 35.8600 0.000000 0.000000 137.000000 62.000000
1.4300 28.1500 35.8600 270.000000 1.000000 137.000000 62.000000
1.4400 28.1500 35.8600 526.000000 0.000000 137.000000 63.000000
1.4500 28.1500 35.8600 776.000000 0.000000 135.000000 64.000000
1.4600 28.0000 36.1900 899.000000 0.000000 135.000000 64.000000
1.4700 28.0000 36.4500 974.000000 0.000000 135.000000 64.000000
1.4800 27.8900 36.7400 1023.000000 0.000000 135.000000 64.000000
1.4900 27.7600 36.8600 1023.000000 0.000000 135.000000 64.000000
1.5000 27.6600 36.9600 1023.000000 0.000000 135.000000 64.000000
1.5100 27.5200 37.0300 1023.000000 0.000000 135.000000 64.000000
1.5200 27.3500 36.9200 1023.000000 0.000000 137.000000 63.000000
1.5300 27.1200 36.6900 1023.000000 0.000000 137.000000 63.000000
1.5400 26.8500 36.2000 1023.000000 0.000000 138.000000 63.000000
1.5500 26.5500 35.6500 1023.000000 0.000000 137.000000 63.000000
1.5600 26.5500 35.0000 1023.000000 0.000000 138.000000 64.000000
1.5700 26.6600 34.4300 1023.000000 0.000000 138.000000 64.000000
1.5800 26.8200 33.9300 1023.000000 0.000000 137.000000 65.000000
1.5900 27.0700 33.7200 1023.000000 0.000000 137.000000 65.000000
1.6000 27.3800 33.7200 1023.000000 0.000000 137.000000 65.000000
1.6100 27.7300 33.7800 1023.000000 0.000000 133.000000 65.000000
1.6200 28.0600 34.0700 1023.000000 0.000000 133.000000 65.000000
1.6300 28.3600 34.4800 1023.000000 0.000000 133.000000 65.000000
1.6400 28.5100 34.9700 1023.000000 0.000000 133.000000 65.000000
1.6500 28.5600 35.4100 1023.000000 0.000000 133.000000 65.000000
1.6600 28.5600 35.8400 1023.000000 0.000000 133.000000 65.000000
1.6700 28.4800 36.2000 1023.000000 0.000000 133.000000 65.000000
1.6800 28.4200 36.4500 1023.000000 0.000000 133.000000 65.000000
1.6900 28.3700 36.6100 1023.000000 0.000000 133.000000 65.000000
1.7000 28.3200 36.7100 1023.000000 0.000000 135.000000 64.000000
1.7100 28.3200 36.7100 1023.000000 0.000000 135.000000 64.000000
1.7200 28.3200 36.7100 1023.000000 0.000000 135.000000 64.000000
1.7300 28.3200 36.7100 1023.000000 0.000000 137.000000 63.000000
1.7400 28.3200 36.6200 1023.000000 0.000000 137.000000 63.000000
1.7500 28.3200 36.3200 1023.000000 0.000000 137.000000 63.000000
1.7600 28.3700 35.9000 1023.000000 0.000000 137.000000 63.000000
1.7700 28.4500 35.5200 1023.000000 0.000000 137.000000 63.000000
1.7800 28.5700 35.1000 1023.000000 0.000000 135.000000 64.000000
1.7900 28.7100 34.8900 1023.000000 0.000000 135.000000 64.000000
1.8000 28.8400 34.8400 1023.000000 0.000000 133.000000 65.000000
1.8100 29.0700 34.8400 1023.000000 0.000000 133.000000 65.000000
1.8200 29.3400 35.0100 1023.000000 0.000000 132.000000 65.000000
1.8300 29.6400 35.2600 1023.000000 0.000000 132.000000 65.000000
1.8400 29.9100 35.5900 1023.000000 0.000000 132.000000 65.000000
1.8500 30.0900 35.9700 1023.000000 0.000000 132.000000 65.000000
1.8600 30.2400 36.3800 1023.000000 0.000000 132.000000 65.000000
1.8700 30.4200 36.7700 1023.000000 0.000000 132.000000 65.000000
1.8800 30.5600 37.0700 1023.000000 0.000000 133.000000 65.000000
1.8900 30.6800 37.2900 1023.000000 0.000000 133.000000 65.000000
1.9000 30.7700 37.4900 1023.000000 0.000000 135.000000 64.000000
1.9100 30.8500 37.4900 1023.000000 0.000000 137.000000 63.000000
1.9200 30.9100 37.4900 1023.000000 0.000000 137.000000 63.000000
1.9300 31.1200 37.4900 1023.000000 0.000000 138.000000 63.000000
1.9400 31.2500 37.4900 1023.000000 0.000000 138.000000 63.000000
1.9500 31.3200 37.4100 1017.000000 0.000000 140.000000 62.000000
1.9600 31.4000 37.4100 1018.000000 0.000000 140.000000 62.000000
1.9700 31.5000 37.5000 1021.000000 0.000000 141.000000 63.000000
1.9800 31.6500 37.5600 1023.000000 0.000000 141.000000 63.000000
1.9900 31.7600 37.6800 1023.000000 0.000000 140.000000 63.000000
2.0000 31.8500 37.8400 1023.000000 0.000000 140.000000 63.000000
2.0100 31.9000 37.9200 1023.000000 0.000000 141.000000 64.000000
2.0200 31.9000 37.9800 1023.000000 0.000000 141.000000 64.000000
2.0300 31.8000 37.9800 1023.000000 0.000000 141.000000 64.000000
2.0400 31.7400 37.9800 1023.000000 0.000000 141.000000 64.000000
2.0500 31.6100 37.9800 1023.000000 0.000000 140.000000 65.000000
2.0600 31.4300 37.9200 1023.000000 0.000000 140.000000 65.000000
2.0700 31.3300 37.8500 1023.000000 0.000000 140.000000 65.000000
2.0800 31.1700 37.6000 1023.000000 0.000000 140.000000 65.000000
2.0900 30.9800 37.2300 1023.000000 0.000000 140.000000 65.000000
2.1000 30.7700 36.7100 1023.000000 0.000000 140.000000 65.000000
2.1100 30.5200 36.1800 1023.000000 0.000000 140.000000 65.000000
2.1200 30.3500 35.6100 1023.000000 0.000000 138.000000 65.000000
2.1300 30.3500 35.2000 1023.000000 0.000000 137.000000 65.000000
2.1400 30.4000 34.9000 1023.000000 0.000000 137.000000 65.000000
2.1500 30.7000 34.8100 1023.000000 0.000000 135.000000 65.000000
2.1600 31.1400 34.9500 1023.000000 0.000000 135.000000 65.000000
2.1700 31.6400 35.2500 1023.000000 0.000000 133.000000 66.000000
2.1800 32.1300 35.7300 1023.000000 0.000000 133.000000 66.000000
2.1900 32.6100 36.2900 1023.000000 0.000000 133.000000 66.000000
2.2000 32.9100 36.9000 1023.000000 0.000000 135.000000 67.000000
2.2100 33.1200 37.6800 974.000000 0.000000 135.000000 67.000000
2.2200 33.3100 38.6700 921.000000 0.000000 137.000000 66.000000
2.2300 33.5100 39.8000 884.000000 0.000000 138.000000 65.000000
2.2400 33.6400 40.5800 870.000000 0.000000 140.000000 66.000000
2.2500 33.7300 41.1000 887.000000 0.000000 142.000000 65.000000
2.2600 33.7300 41.4600 908.000000 0.000000 143.000000 64.000000
2.2700 33.7300 41.6300 897.000000 0.000000 145.000000 64.000000
2.2800 33.7300 41.6300 897.000000 0.000000 146.000000 63.000000
2.2900 33.7300 41.5400 900.000000 0.000000 146.000000 63.000000
2.3000 33.7300 41.2800 903.000000 0.000000 146.000000 63.000000
2.3100 33.6800 40.9800 935.000000 0.000000 147.000000 62.000000
2.3200 33.5900 40.3800 935.000000 0.000000 147.000000 62.000000
2.3300 33.4700 39.6100 979.000000 0.000000 146.000000 63.000000
2.3400 33.3000 38.5400 987.000000 0.000000 146.000000 63.000000
2.3500 33.1000 37.4400 1006.000000 0.000000 146.000000 63.000000
2.3600 32.9800 36.3300 1020.000000 0.000000 145.000000 64.000000
2.3700 32.9100 35.5500 1023.000000 0.000000 143.000000 64.000000
2.3800 32.9600 35.0600 1023.000000 0.000000 142.000000 65.000000
2.3900 33.0100 34.7700 1023.000000 0.000000 140.000000 66.000000
2.4000 33.0100 34.6900 1023.000000 0.000000 139.000000 67.000000
2.4100 33.0600 34.7400 1023.000000 0.000000 137.000000 67.000000
2.4200 33.0600 34.8900 1023.000000 0.000000 137.000000 67.000000
2.4300 33.0600 35.1300 1023.000000 0.000000 135.000000 68.000000
2.4400 33.0600 35.5500 1023.000000 0.000000 135.000000 68.000000
2.4500 33.0000 36.1000 1023.000000 0.000000 133.000000 67.000000
2.4600 33.0000 36.6000 1023.000000 0.000000 133.000000 67.000000
2.4700 33.0000 37.1000 1023.000000 0.000000 137.000000 67.000000
2.4800 33.0700 37.5900 1023.000000 0.000000 137.000000 67.000000
2.4900 33.2200 37.9000 1023.000000 0.000000 139.000000 67.000000
2.5000 33.2700 38.0100 1023.000000 0.000000 139.000000 67.000000
2.5100 33.2700 38.0100 1023.000000 0.000000 140.000000 66.000000
2.5200 33.2700 37.9000 1023.000000 0.000000 140.000000 66.000000
2.5300 33.3200 37.7500 1023.000000 0.000000 142.000000 66.000000
2.5400 33.3800 37.4500 1023.000000 0.000000 144.000000 66.000000
2.5500 33.4600 37.0600 1023.000000 0.000000 144.000000 66.000000
2.5600 33.4600 36.7200 1023.000000 0.000000 144.000000 66.000000
2.5700 33.4600 36.3700 1023.000000 0.000000 142.000000 66.000000
2.5800 33.5700 36.1200 1023.000000 0.000000 142.000000 66.000000
2.5900 33.6600 35.9500 1023.000000 0.000000 140.000000 66.000000
2.6000 33.7400 35.8100 1023.000000 0.000000 139.000000 67.000000
2.6100 34.0200 35.8700 1023.000000 0.000000 139.000000 67.000000
2.6200 34.3500 36.0600 1023.000000 0.000000 137.000000 67.000000
2.6300 34.6700 36.3500 1023.000000 0.000000 137.000000 67.000000
2.6400 34.9700 36.7100 1023.000000 0.000000 137.000000 67.000000
2.6500 35.1600 37.1200 1023.000000 0.000000 139.000000 68.000000
2.6600 35.2900 37.6000 1023.000000 0.000000 139.000000 68.000000
2.6700 35.3900 38.1000 1023.000000 0.000000 140.000000 67.000000
2.6800 35.3900 38.6200 1023.000000 0.000000 140.000000 67.000000
2.6900 35.3900 38.8700 1023.000000 0.000000 142.000000 66.000000
2.7000 35.3900 38.9500 1023.000000 0.000000 144.000000 66.000000
2.7100 35.3900 38.9500 1023.000000 0.000000 144.000000 66.000000
2.7200 35.3900 38.9500 1023.000000 0.000000 144.000000 66.000000
2.7300 35.3900 38.8600 1023.000000 0.000000 147.000000 65.000000
2.7400 35.3400 38.7300 1023.000000 0.000000 147.000000 65.000000
2.7500 35.2900 38.5200 1023.000000 0.000000 147.000000 65.000000
2.7600 35.2100 38.0800 1023.000000 0.000000 147.000000 65.000000
2.7700 35.2100 37.4900 1023.000000 0.000000 147.000000 65.000000
2.7800 35.1600 36.9500 1023.000000 0.000000 146.000000 66.000000
2.7900 35.1600 36.4800 1023.000000 0.000000 146.000000 66.000000
2.8000 35.2400 36.0500 1023.000000 0.000000 146.000000 66.000000
2.8100 35.3500 35.8400 1023.000000 0.000000 144.000000 67.000000
2.8200 35.4700 35.7700 1023.000000 0.000000 142.000000 68.000000
2.8300 35.6300 35.7700 1023.000000 0.000000 142.000000 68.000000
2.8400 35.8700 36.0000 1023.000000 0.000000 141.000000 68.000000
2.8500 36.0600 36.3100 1023.000000 0.000000 141.000000 68.000000
2.8600 36.2200 36.7000 1023.000000 0.000000 141.000000 68.000000
2.8700 36.3400 37.0700 1023.000000 0.000000 141.000000 68.000000
2.8800 36.4000 37.5400 1023.000000 0.000000 141.000000 68.000000
2.8900 36.4000 38.0700 1023.000000 0.000000 141.000000 68.000000
2.9000 36.4500 38.4300 1023.000000 0.000000 142.000000 68.000000
2.9100 36.4500 38.7800 1023.000000 0.000000 144.000000 67.000000
2.9200 36.4500 38.9600 1023.000000 0.000000 148.000000 67.000000
2.9300 36.4500 39.0400 1023.000000 0.000000 148.000000 67.000000
2.9400 36.4500 39.0400 1023.000000 0.000000 148.000000 67.000000
2.9500 36.4500 39.0400 1023.000000 0.000000 149.000000 66.000000
2.9600 36.5000 39.0400 1023.000000 0.000000 149.000000 66.000000
2.9700 36.5000 38.9800 1023.000000 0.000000 149.000000 66.000000
2.9800 36.5000 38.8900 1023.000000 0.000000 149.000000 66.000000
2.9900 36.5000 38.7300 1023.000000 0.000000 149.000000 66.000000
3.0000 36.5000 38.5000 1023.000000 0.000000 149.000000 66.000000
3.0100 36.5000 38.1800 1023.000000 0.000000 149.000000 66.000000
3.0200 36.5000 37.8100 1023.000000 0.000000 149.000000 66.000000
3.0300 36.4300 37.3200 1023.000000 0.000000 149.000000 66.000000
3.0400 36.3600 36.9500 1023.000000 0.000000 148.000000 67.000000
3.0500 36.4300 36.6600 1023.000000 0.000000 148.000000 67.000000
3.0600 36.5900 36.4800 1023.000000 0.000000 148.000000 67.000000
3.0700 36.7300 36.4000 1023.000000 0.000000 144.000000 67.000000
3.0800 36.8800 36.4000 1023.000000 0.000000 144.000000 67.000000
3.0900 37.0700 36.4000 1023.000000 0.000000 144.000000 67.000000
3.1000 37.2800 36.6000 1023.000000 0.000000 142.000000 68.000000
3.1100 37.4900 36.8500 1023.000000 0.000000 142.000000 68.000000
3.1200 37.6600 37.1700 1023.000000 0.000000 140.000000 67.000000
3.1300 37.7700 37.5600 1023.000000 0.000000 140.000000 67.000000
3.1400 37.8300 37.9900 1023.000000 0.000000 142.000000 66.000000
3.1500 37.8300 38.4900 1023.000000 0.000000 140.000000 66.000000
3.1600 37.8300 38.8400 1023.000000 0.000000 140.000000 66.000000
3.1700 37.8300 39.0800 1023.000000 0.000000 142.000000 65.000000
3.1800 37.7500 39.1900 1023.000000 0.000000 140.000000 65.000000
3.1900 37.7500 39.2600 1023.000000 0.000000 142.000000 65.000000
3.2000 37.6700 39.2600 1023.000000 0.000000 143.000000 64.000000
3.2100 37.6700 39.2600 1023.000000 0.000000 143.000000 64.000000
3.2200 37.6700 39.2600 1023.000000 0.000000 143.000000 64.000000
3.2300 37.6100 39.0700 1023.000000 0.000000 143.000000 64.000000
3.2400 37.6100 38.8100 1023.000000 0.000000 145.000000 64.000000
3.2500 37.5400 38.5500 1023.000000 0.000000 146.000000 64.000000
3.2600 37.5400 38.1200 1023.000000 0.000000 145.000000 65.000000
3.2700 37.5400 37.5900 1023.000000 0.000000 145.000000 65.000000
3.2800 37.6500 37.0000 1023.000000 0.000000 145.000000 65.000000
3.2900 37.7600 36.7000 1023.000000 0.000000 142.000000 65.000000
3.3000 37.8500 36.5900 1023.000000 0.000000 142.000000 65.000000
3.3100 38.0100 36.5000 1023.000000 0.000000 140.000000 66.000000
3.3200 38.2300 36.6300 1023.000000 0.000000 138.000000 65.000000
3.3300 38.5500 36.9200 1023.000000 0.000000 138.000000 65.000000
3.3400 38.8500 37.2500 1023.000000 0.000000 138.000000 65.000000
3.3500 39.0600 37.6500 1023.000000 0.000000 138.000000 65.000000
3.3600 39.2300 38.1100 1023.000000 0.000000 138.000000 65.000000
3.3700 39.3000 38.5200 1023.000000 0.000000 138.000000 65.000000
3.3800 39.3000 38.8600 1023.000000 0.000000 140.000000 66.000000
3.3900 39.3500 39.1000 1023.000000 0.000000 142.000000 66.000000
3.4000 39.3500 39.3200 1023.000000 0.000000 144.000000 66.000000
3.4100 39.2800 39.5400 1023.000000 0.000000 146.000000 66.000000
3.4200 39.2200 39.6000 1023.000000 0.000000 146.000000 66.000000
3.4300 39.2200 39.6600 1023.000000 0.000000 147.000000 65.000000
3.4400 39.2200 39.6600 1023.000000 0.000000 147.000000 65.000000
3.4500 39.2200 39.7100 1023.000000 0.000000 147.000000 65.000000
3.4600 39.2800 39.7800 1023.000000 0.000000 148.000000 65.000000
3.4700 39.5700 39.8900 1023.000000 0.000000 148.000000 65.000000
3.4800 40.0000 39.8900 1023.000000 0.000000 148.000000 65.000000
3.4900 40.4800 39.8900 1023.000000 0.000000 150.000000 65.000000
3.5000 40.7800 39.8000 1023.000000 0.000000 150.000000 65.000000
3.5100 40.9600 39.5800 1023.000000 0.000000 150.000000 65.000000
3.5200 40.9600 39.2300 1023.000000 0.000000 150.000000 65.000000
3.5300 40.7500 38.8900 1023.000000 0.000000 150.000000 65.000000
3.5400 40.4600 38.5500 1023.000000 0.000000 149.000000 66.000000
3.5500 40.1500 38.0400 1023.000000 0.000000 149.000000 66.000000
3.5600 39.8600 37.5300 1023.000000 0.000000 149.000000 66.000000
3.5700 39.5800 37.1300 1023.000000 0.000000 148.000000 67.000000
3.5800 39.5800 36.8200 1023.000000 0.000000 148.000000 67.000000
3.5900 39.5800 36.6800 1023.000000 0.000000 146.000000 66.000000
3.6000 39.6900 36.6100 1023.000000 0.000000 144.000000 67.000000
3.6100 39.7900 36.6100 1023.000000 0.000000 144.000000 67.000000
3.6200 40.3100 36.8800 1023.000000 0.000000 142.000000 66.000000
3.6300 41.0300 37.2600 1023.000000 0.000000 142.000000 66.000000
3.6400 41.8800 37.7100 1023.000000 0.000000 144.000000 67.000000
3.6500 42.4100 37.9500 1023.000000 0.000000 144.000000 67.000000
3.6600 42.6700 38.0400 1023.000000 0.000000 146.000000 67.000000
3.6700 42.7500 38.0400 1023.000000 0.000000 146.000000 67.000000
3.6800 42.6900 38.0400 1023.000000 0.000000 148.000000 68.000000
3.6900 42.6300 37.9600 1023.000000 0.000000 151.000000 68.000000
3.7000 42.2500 37.8500 961.000000 0.000000 151.000000 68.000000
3.7100 41.6500 37.7000 93.000000 0.000000 153.000000 69.000000
3.7200 41.6500 37.7000 0.000000 1.000000 153.000000 69.000000
3.7300 40.9700 38.0400 0.000000 0.000000 153.000000 69.000000
3.7400 40.6600 38.4500 0.000000 0.000000 151.000000 68.000000
3.7500 40.3900 38.9300 0.000000 0.000000 151.000000 68.000000
3.7600 40.1800 39.4500 0.000000 0.000000 148.000000 68.000000
3.7700 39.8900 39.7700 0.000000 0.000000 148.000000 68.000000
3.7800 39.5100 40.0600 0.000000 0.000000 146.000000 67.000000
3.7900 39.0000 40.2700 0.000000 0.000000 144.000000 67.000000
3.8000 38.2400 40.4600 0.000000 0.000000 144.000000 66.000000
3.8100 37.3200 40.6000 0.000000 0.000000 142.000000 65.000000
3.8200 36.3900 40.7000 0.000000 0.000000 141.000000 64.000000
3.8300 35.4600 40.7000 0.000000 0.000000 141.000000 64.000000
3.8400 34.5200 40.7000 0.000000 0.000000 141.000000 64.000000
3.8500 33.6700 40.5600 0.000000 0.000000 143.000000 63.000000
3.8600 33.1400 40.3700 0.000000 0.000000 145.000000 64.000000
3.8700 33.1400 40.3700 739.000000 1.000000 145.000000 64.000000
3.8800 32.7100 39.7700 846.000000 0.000000 148.000000 63.000000
3.8900 32.6400 39.7700 977.000000 0.000000 148.000000 63.000000
3.9000 32.9500 39.8600 1017.000000 0.000000 148.000000 63.000000
3.9100 33.5000 40.0100 987.000000 0.000000 148.000000 63.000000
3.9200 34.4100 40.1400 836.000000 0.000000 148.000000 63.000000
3.9300 35.1900 40.2700 256.000000 0.000000 148.000000 63.000000
3.9400 35.1900 40.2700 0.000000 1.000000 148.000000 63.000000
3.9500 36.0900 40.3200 0.000000 0.000000 150.000000 64.000000
3.9600 36.1900 40.4300 0.000000 0.000000 150.000000 64.000000
3.9700 36.1900 40.5900 0.000000 0.000000 151.000000 64.000000
3.9800 36.3600 40.5900 0.000000 0.000000 153.000000 65.000000
3.9900 36.4600 40.5900 0.000000 0.000000 153.000000 65.000000
4.0000 36.5300 40.5900 0.000000 0.000000 155.000000 65.000000
4.0100 36.5300 40.5100 0.000000 0.000000 155.000000 65.000000
4.0200 36.5300 40.5100 829.000000 1.000000 157.000000 65.000000
4.0300 36.5300 40.5100 986.000000 0.000000 157.000000 65.000000
4.0400 36.7400 40.8000 1023.000000 0.000000 157.000000 65.000000
4.0500 36.9000 40.9800 1023.000000 0.000000 157.000000 65.000000
4.0600 37.1700 41.1400 1023.000000 0.000000 157.000000 65.000000
4.0700 37.4900 41.2800 934.000000 0.000000 156.000000 64.000000
4.0800 37.8300 41.2000 376.000000 0.000000 156.000000 64.000000
4.0900 37.8300 41.2000 0.000000 1.000000 153.000000 65.000000
4.1000 38.1100 40.7800 0.000000 0.000000 153.000000 65.000000
4.1100 37.9900 40.5600 0.000000 0.000000 151.000000 64.000000
4.1200 37.9300 40.3300 0.000000 0.000000 151.000000 64.000000
4.1300 38.2200 40.0200 0.000000 0.000000 148.000000 65.000000
4.1400 38.7500 39.5000 0.000000 0.000000 145.000000 64.000000
4.1500 39.2700 38.8400 0.000000 0.000000 141.000000 64.000000
4.1600 39.7300 37.9300 0.000000 0.000000 140.000000 63.000000
4.1700 39.9600 36.9300 0.000000 0.000000 138.000000 63.000000
4.1800 40.0500 35.8600 0.000000 0.000000 138.000000 61.000000
4.1900 39.5900 34.9400 0.000000 0.000000 139.000000 61.000000
4.2000 38.7900 33.9200 0.000000 0.000000 138.000000 60.000000
4.2100 37.7500 32.8300 0.000000 0.000000 141.000000 60.000000
4.2200 36.3600 32.2800 0.000000 0.000000 142.000000 61.000000
4.2300 36.3600 32.2800 687.000000 1.000000 144.000000 61.000000
4.2400 33.1200 30.5700 750.000000 0.000000 146.000000 62.000000
4.2500 30.9800 30.5000 748.000000 0.000000 149.000000 63.000000
4.2600 28.8700 30.2700 759.000000 0.000000 150.000000 64.000000
4.2700 26.7800 29.9400 763.000000 0.000000 150.000000 65.000000
4.2800 24.5900 29.9400 768.000000 0.000000 151.000000 66.000000
4.2900 22.4500 30.1700 760.000000 0.000000 152.000000 68.000000
4.3000 20.3300 30.6600 788.000000 0.000000 152.000000 68.000000
4.3100 18.3500 31.4700 861.000000 0.000000 152.000000 68.000000
4.3200 16.7600 32.5900 905.000000 0.000000 152.000000 68.000000
4.3300 15.4200 33.9300 987.000000 0.000000 154.000000 68.000000
4.3400 15.0000 35.4400 979.000000 0.000000 154.000000 68.000000
4.3500 15.4500 37.2500 1006.000000 0.000000 154.000000 68.000000
4.3600 16.4700 39.2600 1017.000000 0.000000 154.000000 68.000000
4.3700 18.5900 41.1900 1011.000000 0.000000 156.000000 68.000000
4.3800 21.5100 43.1200 1009.000000 0.000000 156.000000 68.000000
4.3900 24.9700 44.5000 994.000000 0.000000 158.000000 67.000000
4.4000 28.3500 45.5100 993.000000 0.000000 160.000000 68.000000
4.4100 31.4000 45.6800 981.000000 0.000000 160.000000 68.000000
4.4200 34.2400 45.3500 987.000000 0.000000 162.000000 68.000000
4.4300 36.3400 44.6900 1000.000000 0.000000 162.000000 68.000000
4.4400 37.6400 43.4000 1023.000000 0.000000 165.000000 68.000000
4.4500 38.4000 41.8500 1023.000000 0.000000 165.000000 68.000000
4.4600 38.6100 40.1300 1023.000000 0.000000 165.000000 68.000000
4.4700 38.3700 38.1200 1023.000000 0.000000 165.000000 68.000000
4.4800 37.8400 35.9800 1023.000000 0.000000 165.000000 68.000000
4.4900 36.6300 33.7600 1023.000000 0.000000 164.000000 69.000000
4.5000 34.9500 31.6400 1023.000000 0.000000 164.000000 69.000000
4.5100 32.9500 29.8500 1023.000000 0.000000 164.000000 69.000000
4.5200 30.4700 28.2700 1023.000000 0.000000 163.000000 70.000000
4.5300 27.9900 27.0800 1023.000000 0.000000 160.000000 70.000000
4.5400 25.8200 26.5300 1023.000000 0.000000 159.000000 71.000000
4.5500 23.8500 26.4100 1023.000000 0.000000 162.000000 71.000000
4.5600 22.1100 26.6300 1023.000000 0.000000 161.000000 72.000000
4.5700 20.8600 27.1600 1023.000000 0.000000 158.000000 72.000000
4.5800 19.9300 27.9000 1023.000000 0.000000 158.000000 72.000000
4.5900 19.7400 28.7000 1023.000000 0.000000 158.000000 72.000000
4.6000 19.9600 29.6800 1023.000000 0.000000 155.000000 71.000000
4.6100 20.4400 30.7800 1023.000000 0.000000 155.000000 71.000000
4.6200 21.5700 31.8000 1023.000000 0.000000 157.000000 71.000000
4.6300 22.7500 32.8700 1023.000000 0.000000 154.000000 70.000000
4.6400 23.9500 33.5700 1023.000000 0.000000 154.000000 70.000000
4.6500 24.7100 34.0100 1023.000000 0.000000 155.000000 69.000000
4.6600 24.9300 34.0100 1023.000000 0.000000 155.000000 69.000000
4.6700 24.8000 33.9300 1023.000000 0.000000 158.000000 70.000000
4.6800 24.2400 33.7100 1023.000000 0.000000 158.000000 70.000000
4.6900 22.7500 32.8500 1023.000000 0.000000 158.000000 70.000000
4.7000 20.6300 31.9400 1023.000000 0.000000 158.000000 70.000000
4.7100 18.2700 30.9600 1023.000000 0.000000 158.000000 70.000000
4.7200 15.8900 29.9300 1023.000000 0.000000 158.000000 70.000000
4.7300 13.5000 28.8700 1023.000000 0.000000 157.000000 71.000000
4.7400 12.0300 28.0100 1023.000000 0.000000 159.000000 71.000000
4.7500 11.5200 27.6800 1023.000000 0.000000 159.000000 71.000000
4.7600 11.6500 27.6800 1023.000000 0.000000 159.000000 71.000000
4.7700 12.8400 28.0900 1023.000000 0.000000 159.000000 71.000000
4.7800 15.7400 28.9900 1023.000000 0.000000 159.000000 71.000000
4.7900 19.7900 30.2300 1023.000000 0.000000 159.000000 71.000000
4.8000 25.0000 31.5600 1023.000000 0.000000 159.000000 71.000000
4.8100 30.3300 32.9100 1023.000000 0.000000 159.000000 71.000000
4.8200 35.7400 34.2800 1023.000000 0.000000 157.000000 71.000000
4.8300 39.8900 35.1500 1023.000000 0.000000 157.000000 71.000000
4.8400 42.2600 35.6200 1023.000000 0.000000 154.000000 70.000000
4.8500 43.4500 35.8300 1023.000000 0.000000 154.000000 70.000000
4.8600 43.3700 35.7500 1023.000000 0.000000 153.000000 71.000000
4.8700 42.9800 35.6500 1023.000000 0.000000 150.000000 71.000000
4.8800 42.3900 35.5100 1023.000000 0.000000 150.000000 71.000000
4.8900 41.8400 35.3400 1023.000000 0.000000 150.000000 71.000000
4.9000 41.7100 35.2200 1023.000000 0.000000 150.000000 71.000000
4.9100 41.8600 35.2200 1023.000000 0.000000 150.000000 71.000000
4.9200 41.9700 35.2900 662.000000 0.000000 148.000000 70.000000
