0.0000 21.9300 73.2900 489.000000 1.000000 156.000000 62.000000
0.0100 20.2400 74.0800 532.000000 0.000000 159.000000 61.000000
0.0200 18.9800 74.4800 667.000000 0.000000 161.000000 62.000000
0.0300 17.6500 74.4300 770.000000 0.000000 161.000000 62.000000
0.0400 16.2600 74.3500 834.000000 0.000000 163.000000 61.000000
0.0500 15.1900 74.0600 867.000000 0.000000 163.000000 61.000000
0.0600 14.5300 73.6500 864.000000 0.000000 163.000000 61.000000
0.0700 14.1300 73.3500 863.000000 0.000000 164.000000 60.000000
0.0800 14.0200 73.0500 861.000000 0.000000 164.000000 60.000000
0.0900 14.1100 72.7400 854.000000 0.000000 164.000000 60.000000
0.1000 14.3200 72.4500 876.000000 0.000000 162.000000 60.000000
0.1100 15.0300 72.2400 906.000000 0.000000 161.000000 59.000000
0.1200 16.0400 72.1100 909.000000 0.000000 161.000000 59.000000
0.1300 17.2500 71.9900 926.000000 0.000000 160.000000 58.000000
0.1400 17.9400 71.6600 958.000000 0.000000 160.000000 58.000000
0.1500 18.2400 71.1800 990.000000 0.000000 159.000000 59.000000
0.1600 18.2400 70.5800 1023.000000 0.000000 157.000000 59.000000
0.1700 17.9200 69.8400 1023.000000 0.000000 157.000000 59.000000
0.1800 17.0900 69.0000 1023.000000 0.000000 157.000000 60.000000
0.1900 15.9500 68.4000 1023.000000 0.000000 157.000000 60.000000
0.2000 15.1600 68.1200 1023.000000 0.000000 156.000000 61.000000
0.2100 14.5700 68.0600 1023.000000 0.000000 155.000000 62.000000
0.2200 14.1000 68.2700 1023.000000 0.000000 155.000000 62.000000
0.2300 13.6800 68.7600 1023.000000 0.000000 154.000000 63.000000
0.2400 13.3100 69.4500 1023.000000 0.000000 154.000000 63.000000
0.2500 13.3600 69.8100 1023.000000 0.000000 154.000000 63.000000
0.2600 13.6800 70.2400 985.000000 0.000000 154.000000 63.000000
0.2700 14.2200 70.7100 854.000000 0.000000 152.000000 62.000000
0.2800 14.8200 70.9500 595.000000 0.000000 152.000000 62.000000
0.2900 14.8200 70.9500 0.000000 1.000000 152.000000 62.000000
0.3000 15.8100 70.7900 0.000000 0.000000 152.000000 62.000000
0.3100 16.0800 70.5900 0.000000 0.000000 155.000000 62.000000
0.3200 16.3700 70.4200 0.000000 0.000000 155.000000 62.000000
0.3300 16.7900 70.2800 0.000000 0.000000 155.000000 62.000000
0.3400 17.2900 70.1400 0.000000 0.000000 154.000000 63.000000
0.3500 17.7900 70.1400 0.000000 0.000000 154.000000 63.000000
0.3600 18.3000 70.1400 0.000000 0.000000 153.000000 63.000000
0.3700 18.8000 70.1400 0.000000 0.000000 151.000000 63.000000
0.3800 19.1900 70.1400 0.000000 0.000000 150.000000 64.000000
0.3900 19.5000 70.1400 0.000000 0.000000 150.000000 64.000000
0.4000 19.7100 70.1400 0.000000 0.000000 150.000000 64.000000
0.4100 19.8800 70.1400 0.000000 0.000000 150.000000 64.000000
0.4200 20.0200 70.0900 0.000000 0.000000 150.000000 64.000000
0.4300 20.1800 70.0900 0.000000 0.000000 150.000000 64.000000
0.4400 20.2800 70.0400 0.000000 0.000000 150.000000 64.000000
0.4500 20.3500 70.0400 0.000000 0.000000 151.000000 64.000000
0.4600 20.3500 70.0400 200.000000 1.000000 151.000000 64.000000
0.4700 20.3500 70.0400 377.000000 0.000000 153.000000 63.000000
0.4800 20.3500 70.0400 616.000000 0.000000 153.000000 63.000000
0.4900 20.3500 70.0400 837.000000 0.000000 153.000000 63.000000
0.5000 20.0100 69.7700 1023.000000 0.000000 154.000000 64.000000
0.5100 19.9200 69.6800 1023.000000 0.000000 154.000000 64.000000
0.5200 19.8600 69.5500 1023.000000 0.000000 154.000000 64.000000
0.5300 19.8600 69.5500 1023.000000 0.000000 155.000000 63.000000
0.5400 19.8600 69.5500 1023.000000 0.000000 154.000000 63.000000
0.5500 19.8600 69.5500 1023.000000 0.000000 154.000000 63.000000
0.5600 19.9100 69.6100 1023.000000 0.000000 154.000000 63.000000
0.5700 19.9100 69.6100 1023.000000 0.000000 154.000000 63.000000
0.5800 19.9100 69.6100 1023.000000 0.000000 154.000000 63.000000
0.5900 19.9100 69.6100 1023.000000 0.000000 155.000000 63.000000
0.6000 19.9100 69.6100 1023.000000 0.000000 155.000000 63.000000
0.6100 19.9100 69.6100 1023.000000 0.000000 155.000000 63.000000
0.6200 19.9100 69.6600 1023.000000 0.000000 155.000000 63.000000
0.6300 19.9100 69.6600 1023.000000 0.000000 155.000000 63.000000
0.6400 19.9100 69.6600 1023.000000 0.000000 155.000000 63.000000
0.6500 19.9100 69.6600 1023.000000 0.000000 155.000000 63.000000
0.6600 19.9100 69.6600 1023.000000 0.000000 155.000000 63.000000
0.6700 19.9100 69.6100 1023.000000 0.000000 155.000000 63.000000
0.6800 19.9100 69.6100 671.000000 0.000000 155.000000 63.000000
0.6900 19.9100 69.6100 0.000000 1.000000 155.000000 63.000000
0.7000 20.2000 69.7600 0.000000 0.000000 154.000000 63.000000
0.7100 20.6600 70.4200 0.000000 0.000000 154.000000 63.000000
0.7200 21.2000 71.2300 0.000000 0.000000 154.000000 63.000000
0.7300 21.8400 72.1500 0.000000 0.000000 154.000000 63.000000
0.7400 22.5400 72.9900 0.000000 0.000000 154.000000 63.000000
0.7500 22.9700 73.7700 0.000000 0.000000 155.000000 62.000000
0.7600 23.1400 74.1900 0.000000 0.000000 155.000000 62.000000
0.7700 23.1400 74.4000 0.000000 0.000000 156.000000 61.000000
0.7800 23.0600 74.5100 0.000000 0.000000 157.000000 60.000000
0.7900 23.0600 74.5100 653.000000 1.000000 158.000000 60.000000
0.8000 23.0600 74.5100 758.000000 0.000000 159.000000 59.000000
0.8100 23.0600 74.5100 852.000000 0.000000 159.000000 59.000000
0.8200 23.0600 74.5100 947.000000 0.000000 159.000000 59.000000
0.8300 22.9800 74.2600 990.000000 0.000000 159.000000 59.000000
0.8400 23.0700 73.5500 1023.000000 0.000000 159.000000 59.000000
0.8500 23.0700 72.5500 1023.000000 0.000000 159.000000 59.000000
0.8600 22.9100 71.3700 1023.000000 0.000000 158.000000 60.000000
0.8700 22.6600 69.8500 1023.000000 0.000000 158.000000 60.000000
0.8800 22.3900 68.6100 1023.000000 0.000000 157.000000 61.000000
0.8900 22.1100 67.5500 1023.000000 0.000000 156.000000 62.000000
0.9000 22.1100 67.1700 1023.000000 0.000000 155.000000 63.000000
0.9100 22.2700 67.0700 1023.000000 0.000000 154.000000 64.000000
0.9200 22.5000 67.1500 1023.000000 0.000000 153.000000 65.000000
0.9300 22.6400 67.5000 1023.000000 0.000000 152.000000 65.000000
0.9400 22.8400 68.2000 1023.000000 0.000000 149.000000 66.000000
0.9500 23.0800 69.1400 1023.000000 0.000000 151.000000 66.000000
0.9600 23.1300 70.4100 1023.000000 0.000000 151.000000 66.000000
0.9700 23.1300 71.7800 1023.000000 0.000000 152.000000 65.000000
0.9800 22.9900 73.2300 1023.000000 0.000000 153.000000 65.000000
0.9900 23.0500 74.1800 1023.000000 0.000000 154.000000 64.000000
1.0000 22.9400 74.7700 1023.000000 0.000000 155.000000 63.000000
1.0100 22.7200 75.1100 1023.000000 0.000000 156.000000 62.000000
1.0200 22.6300 75.2000 1023.000000 0.000000 157.000000 61.000000
1.0300 22.4700 75.2800 1023.000000 0.000000 157.000000 61.000000
1.0400 22.2600 75.0300 1023.000000 0.000000 158.000000 60.000000
1.0500 22.0200 74.5700 1023.000000 0.000000 158.000000 60.000000
1.0600 21.7800 74.0000 1023.000000 0.000000 158.000000 60.000000
1.0700 21.5400 73.3400 1023.000000 0.000000 159.000000 59.000000
1.0800 21.6600 72.6100 1023.000000 0.000000 159.000000 59.000000
1.0900 21.8100 72.3000 1023.000000 0.000000 159.000000 59.000000
1.1000 22.3700 71.9600 1023.000000 0.000000 157.000000 59.000000
1.1100 23.2000 71.8800 1023.000000 0.000000 157.000000 60.000000
1.1200 24.0900 71.9900 1023.000000 0.000000 157.000000 60.000000
1.1300 24.9200 72.4600 1023.000000 0.000000 157.000000 60.000000
1.1400 25.7200 73.0100 1023.000000 0.000000 158.000000 60.000000
1.1500 26.2600 73.6200 1023.000000 0.000000 158.000000 60.000000
1.1600 26.4800 74.3600 1023.000000 0.000000 160.000000 60.000000
1.1700 26.4800 75.1600 1023.000000 0.000000 160.000000 60.000000
1.1800 26.4100 76.0000 1023.000000 0.000000 162.000000 61.000000
1.1900 26.3100 76.3900 1023.000000 0.000000 162.000000 61.000000
1.2000 26.1900 76.5400 1023.000000 0.000000 163.000000 61.000000
1.2100 26.1900 76.5400 1023.000000 0.000000 163.000000 61.000000
1.2200 26.0700 76.3300 1023.000000 0.000000 163.000000 61.000000
1.2300 25.9100 75.8000 1023.000000 0.000000 163.000000 61.000000
1.2400 25.7100 75.0400 1023.000000 0.000000 163.000000 61.000000
1.2500 25.5800 73.7500 1023.000000 0.000000 163.000000 61.000000
1.2600 25.4000 72.1900 1023.000000 0.000000 162.000000 61.000000
1.2700 25.1900 70.4400 1023.000000 0.000000 162.000000 61.000000
1.2800 25.1900 68.7600 1023.000000 0.000000 161.000000 62.000000
1.2900 25.2900 67.6500 1023.000000 0.000000 161.000000 62.000000
1.3000 25.3600 66.9200 1023.000000 0.000000 158.000000 62.000000
1.3100 25.5600 66.6500 1023.000000 0.000000 157.000000 63.000000
1.3200 25.8600 66.5600 1023.000000 0.000000 156.000000 64.000000
1.3300 26.1300 66.5600 1023.000000 0.000000 153.000000 65.000000
1.3400 26.3300 66.8400 811.000000 0.000000 154.000000 66.000000
1.3500 26.5100 67.2500 207.000000 0.000000 153.000000 67.000000
1.3600 26.5100 67.2500 0.000000 1.000000 152.000000 68.000000
1.3700 26.5600 68.2300 0.000000 0.000000 152.000000 68.000000
1.3800 26.5600 68.7100 0.000000 0.000000 153.000000 67.000000
1.3900 26.5600 69.1800 0.000000 0.000000 153.000000 67.000000
1.4000 26.7100 69.6100 0.000000 0.000000 153.000000 67.000000
1.4100 26.8900 69.9800 0.000000 0.000000 154.000000 66.000000
1.4200 27.0800 70.2900 0.000000 0.000000 154.000000 66.000000
1.4300 27.2900 70.5500 0.000000 0.000000 153.000000 65.000000
1.4400 27.5100 70.7500 0.000000 0.000000 153.000000 65.000000
1.4500 27.7200 70.9400 0.000000 0.000000 153.000000 65.000000
1.4600 27.9300 71.1000 0.000000 0.000000 153.000000 63.000000
1.4700 28.1600 71.2400 0.000000 0.000000 153.000000 63.000000
1.4800 28.1600 71.2400 371.000000 1.000000 155.000000 63.000000
1.4900 28.4300 71.3900 564.000000 0.000000 155.000000 63.000000
1.5000 28.4800 71.5100 799.000000 0.000000 155.000000 63.000000
1.5100 28.4800 71.5900 903.000000 0.000000 158.000000 62.000000
1.5200 28.4800 71.6800 983.000000 0.000000 160.000000 63.000000
1.5300 28.3600 71.7800 1023.000000 0.000000 160.000000 63.000000
1.5400 28.2400 71.8900 1023.000000 0.000000 161.000000 62.000000
1.5500 28.0000 71.8900 1023.000000 0.000000 159.000000 61.000000
1.5600 27.6800 71.8900 1023.000000 0.000000 159.000000 61.000000
1.5700 27.2400 71.7000 1023.000000 0.000000 157.000000 61.000000
1.5800 27.0000 71.4500 1023.000000 0.000000 156.000000 61.000000
1.5900 26.8800 70.9300 1023.000000 0.000000 154.000000 60.000000
1.6000 26.6900 70.4100 1023.000000 0.000000 154.000000 60.000000
1.6100 26.6400 69.8900 1023.000000 0.000000 154.000000 60.000000
1.6200 26.6900 69.6300 1023.000000 0.000000 152.000000 60.000000
1.6300 26.9800 69.5300 1023.000000 0.000000 151.000000 61.000000
1.6400 27.2800 69.5300 1023.000000 0.000000 151.000000 61.000000
1.6500 27.6000 69.6300 1023.000000 0.000000 151.000000 61.000000
1.6600 27.9100 69.8800 1023.000000 0.000000 150.000000 62.000000
1.6700 28.2300 70.2200 1023.000000 0.000000 150.000000 62.000000
1.6800 28.3700 70.5300 1023.000000 0.000000 150.000000 62.000000
1.6900 28.3700 70.8900 1023.000000 0.000000 150.000000 62.000000
1.7000 28.3700 71.2800 1023.000000 0.000000 150.000000 62.000000
1.7100 28.2700 71.5800 1023.000000 0.000000 150.000000 60.000000
1.7200 28.2700 71.8100 1023.000000 0.000000 150.000000 60.000000
1.7300 28.2000 71.9900 1023.000000 0.000000 150.000000 60.000000
1.7400 28.2000 72.0900 1023.000000 0.000000 151.000000 60.000000
1.7500 28.2000 72.1500 1023.000000 0.000000 151.000000 60.000000
1.7600 28.2000 72.1500 1023.000000 0.000000 151.000000 60.000000
1.7700 28.1500 72.0800 1023.000000 0.000000 152.000000 59.000000
1.7800 28.1500 71.9700 1023.000000 0.000000 152.000000 59.000000
1.7900 28.1500 71.7000 1023.000000 0.000000 152.000000 59.000000
1.8000 28.1500 71.3500 1023.000000 0.000000 152.000000 59.000000
1.8100 28.1000 71.1400 1023.000000 0.000000 152.000000 59.000000
1.8200 28.1900 70.8900 1023.000000 0.000000 151.000000 60.000000
1.8300 28.3500 70.6200 1023.000000 0.000000 151.000000 60.000000
1.8400 28.5700 70.6200 1023.000000 0.000000 151.000000 60.000000
1.8500 28.8200 70.5600 1023.000000 0.000000 151.000000 60.000000
1.8600 29.0500 70.6300 1023.000000 0.000000 151.000000 60.000000
1.8700 29.2000 70.7900 1023.000000 0.000000 151.000000 60.000000
1.8800 29.3000 71.0600 1023.000000 0.000000 151.000000 60.000000
1.8900 29.4400 71.3200 1023.000000 0.000000 151.000000 60.000000
1.9000 29.5700 71.6400 1023.000000 0.000000 151.000000 60.000000
1.9100 29.6700 71.9900 1023.000000 0.000000 152.000000 60.000000
1.9200 29.7500 72.1600 1023.000000 0.000000 152.000000 60.000000
1.9300 29.8000 72.2100 1023.000000 0.000000 152.000000 60.000000
1.9400 29.8000 72.2100 1023.000000 0.000000 152.000000 60.000000
1.9500 29.8000 72.1600 1023.000000 0.000000 152.000000 60.000000
1.9600 29.9400 72.1600 1023.000000 0.000000 153.000000 59.000000
1.9700 30.0600 72.0600 1023.000000 0.000000 155.000000 60.000000
1.9800 30.1700 72.0600 1023.000000 0.000000 155.000000 60.000000
1.9900 30.4000 72.0600 1023.000000 0.000000 155.000000 60.000000
2.0000 30.6200 72.0600 1023.000000 0.000000 155.000000 60.000000
2.0100 30.8000 72.2000 1023.000000 0.000000 157.000000 60.000000
2.0200 30.9600 72.2800 1023.000000 0.000000 157.000000 60.000000
2.0300 30.9600 72.3400 1023.000000 0.000000 157.000000 60.000000
2.0400 30.9600 72.4100 1023.000000 0.000000 157.000000 60.000000
2.0500 30.9600 72.4900 1023.000000 0.000000 157.000000 60.000000
2.0600 30.9600 72.5600 1023.000000 0.000000 157.000000 60.000000
2.0700 30.9600 72.5600 1023.000000 0.000000 157.000000 60.000000
2.0800 30.8700 72.5600 1023.000000 0.000000 157.000000 60.000000
2.0900 30.8100 72.5600 1023.000000 0.000000 157.000000 60.000000
2.1000 30.6300 72.4400 1023.000000 0.000000 157.000000 60.000000
2.1100 30.3600 72.0800 1023.000000 0.000000 157.000000 60.000000
2.1200 30.0000 71.5500 1023.000000 0.000000 155.000000 60.000000
2.1300 29.8100 71.2400 1023.000000 0.000000 154.000000 60.000000
2.1400 29.7200 70.9300 1023.000000 0.000000 154.000000 60.000000
2.1500 29.8800 70.6100 1023.000000 0.000000 154.000000 60.000000
2.1600 30.0700 70.6100 1023.000000 0.000000 153.000000 61.000000
2.1700 30.2800 70.6600 1023.000000 0.000000 151.000000 61.000000
2.1800 30.6900 70.9100 1023.000000 0.000000 151.000000 61.000000
2.1900 31.2200 71.3100 1023.000000 0.000000 153.000000 61.000000
2.2000 31.7600 71.8500 1023.000000 0.000000 153.000000 61.000000
2.2100 32.2400 72.4700 1023.000000 0.000000 153.000000 61.000000
2.2200 32.4800 73.1500 1023.000000 0.000000 153.000000 61.000000
2.2300 32.5600 74.0200 979.000000 0.000000 154.000000 60.000000
2.2400 32.4600 75.0500 948.000000 0.000000 154.000000 60.000000
2.2500 32.3600 76.1900 930.000000 0.000000 154.000000 60.000000
2.2600 32.2900 76.8100 939.000000 0.000000 155.000000 60.000000
2.2700 32.2900 77.0700 944.000000 0.000000 155.000000 60.000000
2.2800 32.2900 77.0700 951.000000 0.000000 155.000000 60.000000
2.2900 32.2900 76.9900 950.000000 0.000000 155.000000 60.000000
2.3000 32.2900 76.6900 940.000000 0.000000 155.000000 60.000000
2.3100 32.2900 76.2700 944.000000 0.000000 155.000000 60.000000
2.3200 32.2900 75.6700 944.000000 0.000000 153.000000 59.000000
2.3300 32.1700 74.9100 947.000000 0.000000 155.000000 60.000000
2.3400 32.0800 74.0400 955.000000 0.000000 155.000000 60.000000
2.3500 32.0800 73.1600 977.000000 0.000000 155.000000 60.000000
2.3600 32.0800 72.3800 983.000000 0.000000 155.000000 60.000000
2.3700 32.0800 71.6700 982.000000 0.000000 157.000000 60.000000
2.3800 32.2900 71.2400 982.000000 0.000000 157.000000 60.000000
2.3900 32.3900 71.0000 1005.000000 0.000000 157.000000 60.000000
2.4000 32.4500 70.9000 1023.000000 0.000000 156.000000 61.000000
2.4100 32.4500 70.9000 1023.000000 0.000000 156.000000 61.000000
2.4200 32.5500 71.0400 1023.000000 0.000000 157.000000 61.000000
2.4300 32.6600 71.2400 1023.000000 0.000000 157.000000 61.000000
2.4400 32.8500 71.6000 1023.000000 0.000000 157.000000 61.000000
2.4500 33.0300 71.9600 1023.000000 0.000000 157.000000 61.000000
2.4600 33.1800 72.3400 1023.000000 0.000000 157.000000 61.000000
2.4700 33.3400 72.7900 1023.000000 0.000000 159.000000 61.000000
2.4800 33.4400 73.1900 1023.000000 0.000000 159.000000 61.000000
2.4900 33.4900 73.5700 1023.000000 0.000000 160.000000 60.000000
2.5000 33.5500 73.7800 1023.000000 0.000000 160.000000 60.000000
2.5100 33.5500 73.8300 1023.000000 0.000000 160.000000 60.000000
2.5200 33.5500 73.7800 1023.000000 0.000000 161.000000 60.000000
2.5300 33.5500 73.6800 1023.000000 0.000000 161.000000 60.000000
2.5400 33.4300 73.4000 1023.000000 0.000000 161.000000 60.000000
2.5500 33.3300 73.0000 1023.000000 0.000000 161.000000 60.000000
2.5600 33.2300 72.6100 1023.000000 0.000000 161.000000 60.000000
2.5700 33.1200 72.1900 1023.000000 0.000000 161.000000 60.000000
2.5800 33.1200 71.9400 1023.000000 0.000000 160.000000 60.000000
2.5900 33.1200 71.8100 1023.000000 0.000000 160.000000 60.000000
2.6000 33.2900 71.6100 1023.000000 0.000000 160.000000 60.000000
2.6100 33.4600 71.5400 1023.000000 0.000000 160.000000 60.000000
2.6200 33.6700 71.5400 1023.000000 0.000000 160.000000 60.000000
2.6300 33.9600 71.5900 1023.000000 0.000000 159.000000 61.000000
2.6400 34.2900 71.8600 1023.000000 0.000000 159.000000 61.000000
2.6500 34.6300 72.3000 1023.000000 0.000000 161.000000 62.000000
2.6600 34.8700 72.6500 1023.000000 0.000000 161.000000 62.000000
2.6700 34.9700 73.0100 1023.000000 0.000000 162.000000 61.000000
2.6800 34.9700 73.3500 1023.000000 0.000000 162.000000 61.000000
2.6900 34.9700 73.6500 1023.000000 0.000000 163.000000 61.000000
2.7000 34.9700 73.7600 1023.000000 0.000000 163.000000 61.000000
2.7100 34.9700 73.7600 1023.000000 0.000000 163.000000 61.000000
2.7200 34.9700 73.7600 1023.000000 0.000000 164.000000 60.000000
2.7300 34.9700 73.6900 1023.000000 0.000000 164.000000 60.000000
2.7400 34.9700 73.6000 1023.000000 0.000000 164.000000 60.000000
2.7500 34.9100 73.3100 1023.000000 0.000000 164.000000 60.000000
2.7600 34.8500 72.8900 1023.000000 0.000000 164.000000 60.000000
2.7700 34.7800 72.4400 1023.000000 0.000000 164.000000 60.000000
2.7800 34.5900 72.0000 1023.000000 0.000000 164.000000 60.000000
2.7900 34.6400 71.7900 1023.000000 0.000000 164.000000 60.000000
2.8000 34.8600 71.7300 1023.000000 0.000000 162.000000 60.000000
2.8100 34.9700 71.7300 1023.000000 0.000000 162.000000 61.000000
2.8200 35.1000 71.7300 1023.000000 0.000000 162.000000 61.000000
2.8300 35.3800 71.8400 1023.000000 0.000000 162.000000 61.000000
2.8400 35.7400 72.1400 1023.000000 0.000000 163.000000 61.000000
2.8500 35.9200 72.4300 1023.000000 0.000000 163.000000 61.000000
2.8600 36.1000 72.7000 1023.000000 0.000000 163.000000 61.000000
2.8700 36.2800 73.0000 1023.000000 0.000000 163.000000 61.000000
2.8800 36.3800 73.2700 1023.000000 0.000000 165.000000 61.000000
2.8900 36.4300 73.4900 1023.000000 0.000000 165.000000 61.000000
2.9000 36.4300 73.6800 1023.000000 0.000000 165.000000 61.000000
2.9100 36.4300 73.8700 1023.000000 0.000000 165.000000 61.000000
2.9200 36.4300 73.8700 1023.000000 0.000000 166.000000 60.000000
2.9300 36.4300 73.8700 1023.000000 0.000000 168.000000 60.000000
2.9400 36.4300 73.8700 1023.000000 0.000000 168.000000 60.000000
2.9500 36.4300 73.8700 1023.000000 0.000000 168.000000 60.000000
2.9600 36.4300 73.8700 1023.000000 0.000000 168.000000 60.000000
2.9700 36.4300 73.8700 1023.000000 0.000000 168.000000 60.000000
2.9800 36.3800 73.5500 1023.000000 0.000000 168.000000 60.000000
2.9900 36.3800 73.4200 1023.000000 0.000000 168.000000 60.000000
3.0000 36.3800 73.2900 1023.000000 0.000000 168.000000 60.000000
3.0100 36.3800 73.1800 1023.000000 0.000000 168.000000 60.000000
3.0200 36.3800 73.1100 1023.000000 0.000000 168.000000 60.000000
3.0300 36.3800 73.0600 1023.000000 0.000000 166.000000 60.000000
3.0400 36.4800 73.0600 1023.000000 0.000000 168.000000 60.000000
3.0500 36.5500 73.0600 1023.000000 0.000000 168.000000 60.000000
3.0600 36.6200 73.0600 1023.000000 0.000000 168.000000 60.000000
3.0700 36.6900 73.0600 1023.000000 0.000000 168.000000 60.000000
3.0800 36.7700 73.0600 1023.000000 0.000000 168.000000 60.000000
3.0900 36.7700 73.0600 1023.000000 0.000000 168.000000 60.000000
3.1000 36.7700 73.0600 1023.000000 0.000000 168.000000 60.000000
3.1100 36.7700 73.0600 1023.000000 0.000000 168.000000 60.000000
3.1200 36.7700 73.0600 1023.000000 0.000000 168.000000 60.000000
3.1300 36.7700 73.0600 1023.000000 0.000000 168.000000 60.000000
3.1400 36.7700 73.0600 1023.000000 0.000000 168.000000 60.000000
3.1500 36.7700 73.0600 1023.000000 0.000000 168.000000 59.000000
3.1600 36.7700 73.0600 1023.000000 0.000000 168.000000 60.000000
3.1700 36.7100 72.9900 1023.000000 0.000000 168.000000 60.000000
3.1800 36.6500 72.9100 1023.000000 0.000000 168.000000 60.000000
3.1900 36.5800 72.7400 1023.000000 0.000000 168.000000 60.000000
3.2000 36.5200 72.5000 1023.000000 0.000000 168.000000 60.000000
3.2100 36.5200 72.2700 1023.000000 0.000000 168.000000 60.000000
3.2200 36.6000 72.0500 1023.000000 0.000000 168.000000 60.000000
3.2300 36.8000 72.0500 1023.000000 0.000000 167.000000 61.000000
3.2400 37.1600 72.0500 1023.000000 0.000000 167.000000 61.000000
3.2500 37.4700 72.0500 1023.000000 0.000000 167.000000 61.000000
3.2600 37.7500 72.1800 1023.000000 0.000000 165.000000 61.000000
3.2700 38.0300 72.4300 1023.000000 0.000000 163.000000 61.000000
3.2800 38.2000 72.6400 1023.000000 0.000000 163.000000 61.000000
3.2900 38.2900 72.8800 1023.000000 0.000000 162.000000 61.000000
3.3000 38.3700 73.1400 1023.000000 0.000000 160.000000 60.000000
3.3100 38.4500 73.3200 1023.000000 0.000000 158.000000 60.000000
3.3200 38.5000 73.4500 1023.000000 0.000000 158.000000 60.000000
3.3300 38.5000 73.5400 1023.000000 0.000000 159.000000 59.000000
3.3400 38.5000 73.6300 1023.000000 0.000000 159.000000 59.000000
3.3500 38.4300 73.7800 1023.000000 0.000000 159.000000 59.000000
3.3600 38.3700 73.9800 1023.000000 0.000000 159.000000 59.000000
3.3700 38.3700 73.9800 1023.000000 0.000000 159.000000 59.000000
3.3800 38.3200 73.9800 1023.000000 0.000000 159.000000 59.000000
3.3900 38.3200 73.9800 1023.000000 0.000000 159.000000 59.000000
3.4000 38.2500 73.9300 1023.000000 0.000000 159.000000 59.000000
3.4100 38.2500 73.9300 1023.000000 0.000000 159.000000 59.000000
3.4200 38.2500 73.9300 1023.000000 0.000000 159.000000 59.000000
3.4300 38.2500 73.8700 1023.000000 0.000000 159.000000 59.000000
3.4400 38.3400 73.8700 1023.000000 0.000000 159.000000 59.000000
3.4500 38.4300 73.8700 1023.000000 0.000000 157.000000 59.000000
3.4600 38.5800 73.8000 1023.000000 0.000000 159.000000 59.000000
3.4700 38.8900 73.7500 1023.000000 0.000000 159.000000 59.000000
3.4800 39.2900 73.8500 1023.000000 0.000000 159.000000 59.000000
3.4900 39.5300 74.0400 1023.000000 0.000000 161.000000 60.000000
3.5000 39.6500 74.0400 1023.000000 0.000000 162.000000 60.000000
3.5100 39.6500 74.0900 1023.000000 0.000000 162.000000 60.000000
3.5200 39.6500 74.0900 1023.000000 0.000000 164.000000 60.000000
3.5300 39.6500 74.0900 1023.000000 0.000000 166.000000 60.000000
3.5400 39.6500 74.0900 1023.000000 0.000000 166.000000 60.000000
3.5500 39.7200 74.0300 1023.000000 0.000000 166.000000 60.000000
3.5600 39.8300 73.9400 1023.000000 0.000000 166.000000 60.000000
3.5700 39.8300 73.8600 1023.000000 0.000000 166.000000 60.000000
3.5800 39.8300 73.8000 1023.000000 0.000000 166.000000 60.000000
3.5900 39.8300 73.6800 1023.000000 0.000000 166.000000 60.000000
3.6000 39.7100 73.5000 1023.000000 0.000000 166.000000 60.000000
3.6100 39.4700 73.1300 1023.000000 0.000000 166.000000 60.000000
3.6200 39.1900 72.6500 1023.000000 0.000000 166.000000 60.000000
3.6300 38.9300 72.2800 1023.000000 0.000000 164.000000 60.000000
3.6400 38.7200 71.9800 1023.000000 0.000000 164.000000 60.000000
3.6500 38.5600 71.7300 1023.000000 0.000000 162.000000 60.000000
3.6600 38.6300 71.5300 1023.000000 0.000000 162.000000 61.000000
3.6700 38.8400 71.4300 1023.000000 0.000000 162.000000 61.000000
3.6800 39.1400 71.4300 1023.000000 0.000000 160.000000 60.000000
3.6900 40.1600 71.4300 1023.000000 0.000000 160.000000 60.000000
3.7000 41.6500 71.6300 1023.000000 0.000000 162.000000 61.000000
3.7100 42.7700 72.0200 1023.000000 0.000000 162.000000 61.000000
3.7200 43.2100 72.0800 1023.000000 0.000000 162.000000 61.000000
3.7300 43.2100 72.0800 1023.000000 0.000000 163.000000 61.000000
3.7400 43.2100 72.0800 1023.000000 0.000000 165.000000 61.000000
3.7500 42.9400 72.0800 1023.000000 0.000000 165.000000 61.000000
3.7600 42.5800 71.9900 1023.000000 0.000000 167.000000 61.000000
3.7700 41.6500 71.8700 1005.000000 0.000000 167.000000 61.000000
3.7800 41.6500 71.8700 0.000000 1.000000 167.000000 61.000000
3.7900 40.2800 71.7500 0.000000 0.000000 167.000000 61.000000
3.8000 39.7900 71.9200 0.000000 0.000000 166.000000 62.000000
3.8100 39.5100 72.2600 0.000000 0.000000 166.000000 62.000000
3.8200 39.3600 72.6700 0.000000 0.000000 165.000000 62.000000
3.8300 39.2400 73.1300 0.000000 0.000000 163.000000 62.000000
3.8400 39.0300 73.5800 0.000000 0.000000 162.000000 61.000000
3.8500 38.4900 74.0300 0.000000 0.000000 160.000000 60.000000
3.8600 37.7500 74.4900 0.000000 0.000000 159.000000 59.000000
3.8700 36.9900 74.9600 0.000000 0.000000 158.000000 58.000000
3.8800 36.0500 75.3300 0.000000 0.000000 159.000000 57.000000
3.8900 35.0000 75.6900 0.000000 0.000000 160.000000 56.000000
3.9000 34.0300 76.0400 0.000000 0.000000 160.000000 55.000000
3.9100 33.0800 76.2900 0.000000 0.000000 160.000000 55.000000
3.9200 32.1800 76.4000 0.000000 0.000000 162.000000 56.000000
3.9300 31.5500 76.4000 0.000000 0.000000 163.000000 55.000000
3.9400 31.0800 76.2000 0.000000 0.000000 162.000000 56.000000
3.9500 31.0800 76.2000 665.000000 1.000000 162.000000 56.000000
3.9600 30.4500 75.7200 797.000000 0.000000 162.000000 56.000000
3.9700 30.3300 75.5200 976.000000 0.000000 160.000000 56.000000
3.9800 30.3300 75.6400 1023.000000 0.000000 159.000000 57.000000
3.9900 30.5400 75.6400 1023.000000 0.000000 159.000000 57.000000
4.0000 31.4400 75.5400 1023.000000 0.000000 158.000000 58.000000
4.0100 32.7800 75.7600 1023.000000 0.000000 158.000000 58.000000
4.0200 34.1400 75.8700 985.000000 0.000000 159.000000 59.000000
4.0300 35.1500 75.8700 344.000000 0.000000 159.000000 59.000000
4.0400 35.1500 75.8700 0.000000 1.000000 159.000000 59.000000
4.0500 36.1900 75.8300 0.000000 0.000000 161.000000 60.000000
4.0600 36.3200 76.0000 0.000000 0.000000 161.000000 60.000000
4.0700 36.3700 76.0000 0.000000 0.000000 163.000000 59.000000
4.0800 36.5300 76.2700 0.000000 0.000000 165.000000 59.000000
4.0900 36.6900 76.3300 0.000000 0.000000 167.000000 58.000000
4.1000 36.7600 76.1700 0.000000 0.000000 168.000000 58.000000
4.1100 36.7600 76.1700 564.000000 1.000000 170.000000 59.000000
4.1200 36.8400 75.9100 906.000000 0.000000 170.000000 58.000000
4.1300 36.9300 75.9700 1023.000000 0.000000 172.000000 59.000000
4.1400 37.1700 76.1400 1023.000000 0.000000 172.000000 59.000000
4.1500 37.5200 76.2400 1023.000000 0.000000 172.000000 59.000000
4.1600 37.7600 76.2400 860.000000 0.000000 171.000000 60.000000
4.1700 37.9300 76.2400 1.000000 1.000000 171.000000 61.000000
4.1800 37.9300 76.2400 0.000000 0.000000 169.000000 61.000000
4.1900 37.8500 75.8800 0.000000 0.000000 169.000000 61.000000
4.2000 37.4800 75.8800 0.000000 0.000000 168.000000 60.000000
4.2100 37.0000 75.8800 0.000000 0.000000 168.000000 60.000000
4.2200 36.9100 75.5800 0.000000 0.000000 168.000000 60.000000
4.2300 37.0100 75.0500 0.000000 0.000000 166.000000 59.000000
4.2400 37.2300 75.0000 0.000000 0.000000 165.000000 58.000000
4.2500 37.3400 74.4800 0.000000 0.000000 163.000000 57.000000
4.2600 37.4500 73.6400 0.000000 0.000000 160.000000 55.000000
4.2700 37.5500 72.7500 0.000000 0.000000 156.000000 55.000000
4.2800 37.4700 71.8200 0.000000 0.000000 155.000000 54.000000
4.2900 37.1800 70.8500 0.000000 0.000000 151.000000 54.000000
4.3000 36.7400 69.8900 0.000000 0.000000 149.000000 55.000000
4.3100 36.1600 69.0200 0.000000 0.000000 149.000000 56.000000
4.3200 35.4500 68.2200 0.000000 0.000000 151.000000 58.000000
4.3300 34.6600 67.5800 0.000000 0.000000 152.000000 59.000000
4.3400 33.7800 67.0100 0.000000 0.000000 157.000000 60.000000
4.3500 32.5000 66.5000 0.000000 0.000000 160.000000 60.000000
4.3600 30.9600 66.0500 0.000000 0.000000 163.000000 61.000000
4.3700 29.2700 65.6600 0.000000 0.000000 168.000000 60.000000
4.3800 27.2700 65.3000 0.000000 0.000000 168.000000 60.000000
4.3900 25.0600 64.8800 0.000000 0.000000 168.000000 60.000000
4.4000 25.0600 64.8800 733.000000 1.000000 165.000000 61.000000
4.4100 20.6200 64.9000 713.000000 0.000000 163.000000 62.000000
4.4200 18.3000 65.4300 627.000000 0.000000 160.000000 63.000000
4.4300 15.9600 65.8700 613.000000 0.000000 158.000000 64.000000
4.4400 14.4200 66.9000 610.000000 0.000000 157.000000 65.000000
4.4500 13.4100 68.3200 637.000000 0.000000 160.000000 66.000000
4.4600 13.3200 70.0500 638.000000 0.000000 162.000000 66.000000
4.4700 14.0500 71.7400 676.000000 0.000000 164.000000 66.000000
4.4800 15.3300 73.6900 787.000000 0.000000 166.000000 66.000000
4.4900 17.5100 75.8300 869.000000 0.000000 166.000000 66.000000
4.5000 20.0400 77.6000 885.000000 0.000000 168.000000 67.000000
4.5100 22.8100 78.9100 906.000000 0.000000 171.000000 66.000000
4.5200 25.6200 79.9100 894.000000 0.000000 173.000000 66.000000
4.5300 28.4600 80.2000 908.000000 0.000000 176.000000 65.000000
4.5400 30.9200 79.9000 909.000000 0.000000 178.000000 65.000000
4.5500 33.1200 79.2200 897.000000 0.000000 178.000000 64.000000
4.5600 34.8400 78.0200 906.000000 0.000000 178.000000 64.000000
4.5700 35.9900 76.4300 924.000000 0.000000 178.000000 64.000000
4.5800 36.7700 74.5900 944.000000 0.000000 178.000000 64.000000
4.5900 36.8300 72.5300 985.000000 0.000000 180.000000 64.000000
4.6000 36.1600 70.4400 1023.000000 0.000000 180.000000 64.000000
4.6100 34.9900 68.3300 1023.000000 0.000000 178.000000 64.000000
4.6200 33.4000 66.6100 1023.000000 0.000000 178.000000 65.000000
4.6300 31.3600 65.2200 1023.000000 0.000000 176.000000 65.000000
4.6400 29.0100 64.0600 1023.000000 0.000000 176.000000 65.000000
4.6500 26.5500 63.2800 1023.000000 0.000000 173.000000 66.000000
4.6600 24.3500 62.9900 1023.000000 0.000000 173.000000 67.000000
4.6700 22.6200 62.9900 1023.000000 0.000000 171.000000 67.000000
4.6800 21.1100 63.2900 1023.000000 0.000000 170.000000 68.000000
4.6900 20.3400 63.7400 1023.000000 0.000000 168.000000 68.000000
4.7000 20.1300 64.3000 1023.000000 0.000000 168.000000 68.000000
4.7100 20.2900 65.2500 1023.000000 0.000000 167.000000 69.000000
4.7200 21.1600 66.3600 1023.000000 0.000000 167.000000 69.000000
4.7300 22.5200 67.5800 1023.000000 0.000000 165.000000 68.000000
4.7400 24.2100 68.6400 1023.000000 0.000000 165.000000 68.000000
4.7500 25.3500 69.1800 1023.000000 0.000000 167.000000 69.000000
4.7600 25.9400 69.3800 1023.000000 0.000000 167.000000 69.000000
4.7700 26.1500 69.3800 1023.000000 0.000000 168.000000 68.000000
4.7800 26.0100 69.3200 1023.000000 0.000000 170.000000 68.000000
4.7900 25.2100 68.8600 1023.000000 0.000000 170.000000 68.000000
4.8000 23.9600 68.1600 1023.000000 0.000000 173.000000 67.000000
4.8100 21.3000 67.2700 1023.000000 0.000000 173.000000 68.000000
4.8200 18.6500 66.3700 1023.000000 0.000000 173.000000 68.000000
4.8300 16.1000 65.4600 1023.000000 0.000000 170.000000 68.000000
4.8400 13.6200 64.5800 1023.000000 0.000000 167.000000 69.000000
4.8500 12.2100 63.9600 1023.000000 0.000000 165.000000 68.000000
4.8600 11.8900 63.5000 1023.000000 0.000000 162.000000 68.000000
4.8700 12.3000 63.6100 1023.000000 0.000000 160.000000 68.000000
4.8800 13.9000 64.3700 1023.000000 0.000000 158.000000 67.000000
4.8900 17.8800 65.5700 1023.000000 0.000000 158.000000 67.000000
4.9000 23.4400 67.3700 1023.000000 0.000000 158.000000 67.000000
4.9100 29.8000 69.2200 1023.000000 0.000000 160.000000 68.000000
4.9200 35.7300 71.1100 1023.000000 0.000000 162.000000 68.000000
4.9300 41.3700 72.2100 1023.000000 0.000000 165.000000 67.000000
4.9400 45.6000 72.9400 1023.000000 0.000000 168.000000 67.000000
4.9500 47.9400 73.4300 1023.000000 0.000000 171.000000 66.000000
4.9600 49.0100 73.6100 1023.000000 0.000000 174.000000 65.000000
4.9700 48.8800 73.6100 1023.000000 0.000000 176.000000 64.000000
4.9800 47.8800 73.4100 1023.000000 0.000000 176.000000 63.000000
4.9900 46.3000 73.2400 10.000000 1.000000 176.000000 63.000000
