0.0000 55.4100 80.7800 90.000000 1.000000 164.000000 55.000000
0.0100 55.4100 80.7800 141.000000 0.000000 164.000000 55.000000
0.0200 55.8300 80.9100 170.000000 0.000000 164.000000 55.000000
0.0300 56.0200 81.0100 218.000000 0.000000 164.000000 55.000000
0.0400 56.3000 81.1200 307.000000 0.000000 164.000000 55.000000
0.0500 56.4900 81.2400 368.000000 0.000000 164.000000 55.000000
0.0600 56.6300 81.3700 382.000000 0.000000 164.000000 55.000000
0.0700 56.8300 81.4800 423.000000 0.000000 164.000000 55.000000
0.0800 56.9400 81.5700 488.000000 0.000000 165.000000 55.000000
0.0900 56.9400 81.5700 556.000000 0.000000 166.000000 54.000000
0.1000 56.9400 81.5700 595.000000 0.000000 166.000000 54.000000
0.1100 56.9400 81.6200 611.000000 0.000000 166.000000 54.000000
0.1200 56.8700 81.6200 630.000000 0.000000 166.000000 54.000000
0.1300 56.5400 81.5400 630.000000 0.000000 167.000000 54.000000
0.1400 56.0100 81.4400 638.000000 0.000000 167.000000 54.000000
0.1500 55.2200 81.3100 637.000000 0.000000 168.000000 53.000000
0.1600 54.5000 81.1600 645.000000 0.000000 168.000000 53.000000
0.1700 53.8300 81.0700 619.000000 0.000000 168.000000 53.000000
0.1800 53.7700 81.0100 591.000000 0.000000 168.000000 53.000000
0.1900 53.9700 80.8800 588.000000 0.000000 168.000000 53.000000
0.2000 54.3400 80.7500 581.000000 0.000000 167.000000 54.000000
0.2100 54.9300 80.6500 561.000000 0.000000 167.000000 54.000000
0.2200 55.6100 80.5700 556.000000 0.000000 167.000000 54.000000
0.2300 56.3500 80.4800 540.000000 0.000000 166.000000 54.000000
0.2400 56.8500 80.3700 536.000000 0.000000 166.000000 54.000000
0.2500 57.1400 80.2500 537.000000 0.000000 166.000000 54.000000
0.2600 57.2900 80.1300 553.000000 0.000000 166.000000 54.000000
0.2700 57.2900 79.9800 572.000000 0.000000 166.000000 54.000000
0.2800 57.2900 79.9800 592.000000 0.000000 167.000000 55.000000
0.2900 56.9500 79.7500 634.000000 0.000000 167.000000 55.000000
0.3000 56.4400 79.6500 646.000000 0.000000 167.000000 55.000000
0.3100 55.9000 79.6000 652.000000 0.000000 167.000000 55.000000
0.3200 55.3400 79.6000 641.000000 0.000000 166.000000 56.000000
0.3300 54.8100 79.6000 633.000000 0.000000 166.000000 56.000000
0.3400 54.5300 79.6000 514.000000 0.000000 166.000000 56.000000
0.3500 54.4100 79.6000 213.000000 0.000000 166.000000 57.000000
0.3600 54.4100 79.6000 0.000000 1.000000 166.000000 57.000000
0.3700 55.4100 79.4800 0.000000 0.000000 166.000000 57.000000
0.3800 56.3900 79.6400 0.000000 0.000000 167.000000 57.000000
0.3900 57.3100 79.8300 0.000000 0.000000 167.000000 57.000000
0.4000 58.2700 80.0300 0.000000 0.000000 167.000000 58.000000
0.4100 59.1700 80.1400 0.000000 0.000000 167.000000 58.000000
0.4200 60.0200 80.0800 0.000000 0.000000 167.000000 58.000000
0.4300 60.5700 79.9200 0.000000 0.000000 167.000000 58.000000
0.4400 60.7300 79.6400 0.000000 0.000000 167.000000 58.000000
0.4500 60.6200 79.4100 0.000000 0.000000 168.000000 58.000000
0.4600 60.6200 79.4100 473.000000 1.000000 169.000000 58.000000
0.4700 60.0700 79.3200 463.000000 0.000000 169.000000 57.000000
0.4800 59.7700 79.5900 466.000000 0.000000 171.000000 57.000000
0.4900 59.6100 79.6600 475.000000 0.000000 171.000000 56.000000
0.5000 59.5500 79.7300 488.000000 0.000000 171.000000 56.000000
0.5100 59.4800 79.7900 480.000000 0.000000 173.000000 56.000000
0.5200 59.4800 79.7900 388.000000 0.000000 174.000000 56.000000
0.5300 59.4800 79.7100 275.000000 0.000000 174.000000 56.000000
0.5400 59.4800 79.6200 91.000000 0.000000 174.000000 56.000000
0.5500 59.4800 79.6200 0.000000 1.000000 174.000000 57.000000
0.5600 59.5500 79.3700 0.000000 0.000000 174.000000 57.000000
0.5700 59.6600 79.4800 0.000000 0.000000 174.000000 57.000000
0.5800 59.7900 79.6300 0.000000 0.000000 174.000000 57.000000
0.5900 59.9700 79.8000 0.000000 0.000000 174.000000 57.000000
0.6000 60.2300 79.9100 0.000000 0.000000 174.000000 57.000000
0.6100 60.5700 80.0400 0.000000 0.000000 172.000000 57.000000
0.6200 60.9400 80.1800 0.000000 0.000000 172.000000 57.000000
0.6300 61.2500 80.2300 0.000000 0.000000 171.000000 57.000000
0.6400 61.3700 80.2900 0.000000 0.000000 170.000000 58.000000
0.6500 61.3700 80.2900 319.000000 1.000000 170.000000 58.000000
0.6600 61.3700 80.6300 371.000000 0.000000 169.000000 58.000000
0.6700 61.2400 81.0100 415.000000 0.000000 169.000000 58.000000
0.6800 61.0400 81.2300 522.000000 0.000000 171.000000 57.000000
0.6900 60.9600 81.4300 602.000000 0.000000 171.000000 57.000000
0.7000 60.8900 81.5900 650.000000 0.000000 171.000000 56.000000
0.7100 60.8400 81.6800 658.000000 0.000000 173.000000 56.000000
0.7200 60.8400 81.6800 636.000000 0.000000 173.000000 56.000000
0.7300 60.8400 81.6300 627.000000 0.000000 174.000000 55.000000
0.7400 60.8400 81.4500 606.000000 0.000000 174.000000 55.000000
0.7500 60.8400 81.1800 572.000000 0.000000 174.000000 55.000000
0.7600 60.9100 80.8500 562.000000 0.000000 174.000000 55.000000
0.7700 60.9600 80.4600 537.000000 0.000000 174.000000 55.000000
0.7800 61.0700 80.0300 529.000000 0.000000 173.000000 55.000000
0.7900 61.1600 79.6100 520.000000 0.000000 173.000000 55.000000
0.8000 61.2100 79.3300 514.000000 0.000000 173.000000 55.000000
0.8100 61.2600 79.1500 519.000000 0.000000 173.000000 55.000000
0.8200 61.3100 79.1500 519.000000 0.000000 173.000000 55.000000
0.8300 61.3100 79.1500 526.000000 0.000000 173.000000 55.000000
0.8400 61.3100 79.3300 526.000000 0.000000 172.000000 54.000000
0.8500 61.3700 79.6900 521.000000 0.000000 173.000000 54.000000
0.8600 61.3100 80.1000 521.000000 0.000000 173.000000 54.000000
0.8700 61.2000 80.5400 507.000000 0.000000 173.000000 54.000000
0.8800 61.0000 80.9900 510.000000 0.000000 173.000000 54.000000
0.8900 60.8100 81.4300 518.000000 0.000000 173.000000 54.000000
0.9000 60.7100 81.6700 522.000000 0.000000 173.000000 54.000000
0.9100 60.7100 81.7800 521.000000 0.000000 173.000000 55.000000
0.9200 60.7100 81.7800 521.000000 0.000000 173.000000 55.000000
0.9300 60.7100 81.7800 519.000000 0.000000 173.000000 55.000000
0.9400 60.8100 81.6100 521.000000 0.000000 173.000000 55.000000
0.9500 60.9600 81.4000 519.000000 0.000000 173.000000 54.000000
0.9600 61.1300 81.1200 519.000000 0.000000 173.000000 55.000000
0.9700 61.3100 80.7800 512.000000 0.000000 173.000000 55.000000
0.9800 61.5200 80.4200 519.000000 0.000000 173.000000 55.000000
0.9900 61.8000 80.1400 515.000000 0.000000 173.000000 55.000000
1.0000 62.1200 79.9200 517.000000 0.000000 173.000000 55.000000
1.0100 62.3800 79.9200 516.000000 0.000000 173.000000 56.000000
1.0200 62.6500 80.0000 545.000000 0.000000 173.000000 56.000000
1.0300 62.8300 80.1600 565.000000 0.000000 173.000000 56.000000
1.0400 62.9500 80.4500 603.000000 0.000000 171.000000 56.000000
1.0500 62.9500 80.7400 609.000000 0.000000 171.000000 56.000000
1.0600 62.9500 81.0900 616.000000 0.000000 171.000000 56.000000
1.0700 62.7900 81.4800 617.000000 0.000000 171.000000 56.000000
1.0800 62.6100 81.7000 611.000000 0.000000 171.000000 56.000000
1.0900 62.4800 81.7700 617.000000 0.000000 171.000000 55.000000
1.1000 62.4000 81.7700 602.000000 0.000000 171.000000 55.000000
1.1100 62.3400 81.6000 586.000000 0.000000 171.000000 55.000000
1.1200 62.3400 81.3200 580.000000 0.000000 171.000000 55.000000
1.1300 62.4100 80.9400 548.000000 0.000000 172.000000 54.000000
1.1400 62.5600 80.5900 544.000000 0.000000 172.000000 54.000000
1.1500 62.7600 80.2300 498.000000 0.000000 171.000000 55.000000
1.1600 62.9900 79.8600 441.000000 0.000000 171.000000 55.000000
1.1700 63.2400 79.5400 361.000000 0.000000 171.000000 55.000000
1.1800 63.5700 79.2600 299.000000 0.000000 171.000000 55.000000
1.1900 63.9400 79.1000 244.000000 0.000000 170.000000 55.000000
1.2000 64.2900 79.1000 247.000000 0.000000 170.000000 55.000000
1.2100 64.6100 79.2000 282.000000 0.000000 170.000000 55.000000
1.2200 64.8000 79.4200 377.000000 0.000000 170.000000 55.000000
1.2300 64.8900 79.6800 474.000000 0.000000 169.000000 53.000000
1.2400 64.8900 79.9700 535.000000 0.000000 169.000000 53.000000
1.2500 64.8400 80.2400 594.000000 0.000000 169.000000 54.000000
1.2600 64.6500 80.5100 613.000000 0.000000 169.000000 54.000000
1.2700 64.3800 80.7600 639.000000 0.000000 169.000000 54.000000
1.2800 64.0900 80.8800 644.000000 0.000000 168.000000 55.000000
1.2900 63.8100 80.8800 627.000000 0.000000 170.000000 56.000000
1.3000 63.6900 80.8300 586.000000 0.000000 170.000000 56.000000
1.3100 63.6900 80.6900 588.000000 0.000000 170.000000 56.000000
1.3200 63.6900 80.4600 560.000000 0.000000 170.000000 56.000000
1.3300 63.8100 80.1800 554.000000 0.000000 170.000000 56.000000
1.3400 64.0300 79.9100 536.000000 0.000000 170.000000 56.000000
1.3500 64.2600 79.7100 544.000000 0.000000 170.000000 56.000000
1.3600 64.4800 79.5400 536.000000 0.000000 170.000000 56.000000
1.3700 64.6600 79.3800 539.000000 0.000000 170.000000 56.000000
1.3800 64.8100 79.3800 542.000000 0.000000 168.000000 55.000000
1.3900 64.9600 79.4800 550.000000 0.000000 168.000000 55.000000
1.4000 65.1100 79.6100 559.000000 0.000000 168.000000 55.000000
1.4100 65.1800 79.8000 568.000000 0.000000 168.000000 55.000000
1.4200 65.1800 80.0300 578.000000 0.000000 168.000000 55.000000
1.4300 65.1800 80.2200 594.000000 0.000000 168.000000 55.000000
1.4400 65.0600 80.3800 602.000000 0.000000 168.000000 55.000000
1.4500 64.9200 80.4800 599.000000 0.000000 168.000000 55.000000
1.4600 64.7600 80.4800 595.000000 0.000000 168.000000 55.000000
1.4700 64.7600 80.4000 586.000000 0.000000 168.000000 55.000000
1.4800 64.9600 80.2100 577.000000 0.000000 168.000000 55.000000
1.4900 65.2800 79.9700 569.000000 0.000000 168.000000 55.000000
1.5000 65.6100 79.7100 564.000000 0.000000 168.000000 55.000000
1.5100 65.9100 79.5400 570.000000 0.000000 168.000000 55.000000
1.5200 66.1200 79.4200 586.000000 0.000000 168.000000 55.000000
1.5300 66.2800 79.4200 588.000000 0.000000 168.000000 55.000000
1.5400 66.4700 79.4200 589.000000 0.000000 168.000000 55.000000
1.5500 66.5700 79.4200 591.000000 0.000000 168.000000 55.000000
1.5600 66.6200 79.6000 589.000000 0.000000 168.000000 55.000000
1.5700 66.6700 79.8300 581.000000 0.000000 168.000000 55.000000
1.5800 66.6700 80.0800 578.000000 0.000000 168.000000 55.000000
1.5900 66.5500 80.3500 575.000000 0.000000 168.000000 55.000000
1.6000 66.3700 80.6300 595.000000 0.000000 168.000000 55.000000
1.6100 66.2400 80.9200 594.000000 0.000000 170.000000 56.000000
1.6200 66.2400 80.9200 603.000000 0.000000 170.000000 56.000000
1.6300 66.2400 80.9200 603.000000 0.000000 170.000000 56.000000
1.6400 66.2900 80.9200 602.000000 0.000000 170.000000 56.000000
1.6500 66.4100 80.7300 597.000000 0.000000 170.000000 56.000000
1.6600 66.5600 80.5100 592.000000 0.000000 170.000000 56.000000
1.6700 66.7300 80.2500 595.000000 0.000000 170.000000 56.000000
1.6800 66.8700 79.9700 574.000000 0.000000 170.000000 56.000000
1.6900 67.0300 79.7000 566.000000 0.000000 170.000000 56.000000
1.7000 67.1900 79.3700 561.000000 0.000000 170.000000 56.000000
1.7100 67.3500 79.1700 557.000000 0.000000 170.000000 56.000000
1.7200 67.4100 79.0700 577.000000 0.000000 170.000000 56.000000
1.7300 67.4100 79.1200 603.000000 0.000000 171.000000 55.000000
1.7400 67.4100 79.2700 613.000000 0.000000 171.000000 55.000000
1.7500 67.3500 79.4900 631.000000 0.000000 171.000000 55.000000
1.7600 67.2700 79.9200 639.000000 0.000000 172.000000 54.000000
1.7700 67.2100 80.3300 644.000000 0.000000 172.000000 54.000000
1.7800 67.2100 80.7300 630.000000 0.000000 171.000000 55.000000
1.7900 67.2800 81.0500 619.000000 0.000000 171.000000 55.000000
1.8000 67.4100 81.3000 564.000000 0.000000 171.000000 55.000000
1.8100 67.5700 81.4200 468.000000 0.000000 171.000000 55.000000
1.8200 67.7600 81.4200 225.000000 0.000000 171.000000 55.000000
1.8300 67.7600 81.4200 0.000000 1.000000 171.000000 55.000000
1.8400 68.3400 81.4200 0.000000 0.000000 173.000000 55.000000
1.8500 68.6100 81.4200 0.000000 0.000000 173.000000 55.000000
1.8600 68.8400 81.4200 0.000000 0.000000 173.000000 55.000000
1.8700 69.1100 81.5200 0.000000 0.000000 174.000000 55.000000
1.8800 69.3900 81.6100 0.000000 0.000000 174.000000 55.000000
1.8900 69.5800 81.6700 0.000000 0.000000 176.000000 55.000000
1.9000 69.5800 81.6700 297.000000 1.000000 176.000000 55.000000
1.9100 69.5800 81.6700 335.000000 0.000000 177.000000 55.000000
1.9200 69.7200 82.2400 391.000000 0.000000 177.000000 55.000000
1.9300 69.6500 82.4800 488.000000 0.000000 177.000000 55.000000
1.9400 69.6500 82.7000 622.000000 0.000000 177.000000 55.000000
1.9500 69.6500 82.8700 690.000000 0.000000 177.000000 55.000000
1.9600 69.5500 82.9400 691.000000 0.000000 177.000000 55.000000
1.9700 69.5500 82.9400 691.000000 0.000000 176.000000 55.000000
1.9800 69.5500 82.8900 699.000000 0.000000 175.000000 54.000000
1.9900 69.5500 82.7400 694.000000 0.000000 173.000000 54.000000
2.0000 69.6400 82.5200 688.000000 0.000000 172.000000 54.000000
2.0100 69.7100 82.1600 691.000000 0.000000 170.000000 54.000000
2.0200 69.7600 81.7100 691.000000 0.000000 170.000000 54.000000
2.0300 69.8200 81.2400 688.000000 0.000000 170.000000 54.000000
2.0400 69.8200 80.7400 682.000000 0.000000 169.000000 53.000000
2.0500 69.8200 80.2200 664.000000 0.000000 169.000000 53.000000
2.0600 69.8200 79.8600 640.000000 0.000000 170.000000 54.000000
2.0700 70.0000 79.6000 586.000000 0.000000 170.000000 54.000000
2.0800 70.1100 79.4300 536.000000 0.000000 170.000000 55.000000
2.0900 70.2000 79.4300 456.000000 0.000000 171.000000 55.000000
2.1000 70.2000 79.6200 101.000000 0.000000 173.000000 55.000000
2.1100 70.2000 79.6200 0.000000 1.000000 174.000000 56.000000
2.1200 70.2700 80.3300 0.000000 0.000000 176.000000 56.000000
2.1300 70.0900 80.8200 0.000000 0.000000 176.000000 56.000000
2.1400 69.7400 81.3100 0.000000 0.000000 177.000000 56.000000
2.1500 69.2800 81.5700 0.000000 0.000000 177.000000 56.000000
2.1600 69.2800 81.5700 247.000000 1.000000 179.000000 56.000000
2.1700 68.7700 81.4400 530.000000 0.000000 179.000000 56.000000
2.1800 68.6300 81.6700 562.000000 0.000000 177.000000 56.000000
2.1900 68.5200 81.7700 570.000000 0.000000 176.000000 56.000000
2.2000 68.6700 81.6200 605.000000 0.000000 174.000000 56.000000
2.2100 68.8000 81.6200 641.000000 0.000000 173.000000 56.000000
2.2200 68.9200 81.5100 670.000000 0.000000 171.000000 55.000000
2.2300 69.1400 81.4300 637.000000 0.000000 170.000000 55.000000
2.2400 69.5400 81.3400 550.000000 0.000000 169.000000 54.000000
2.2500 70.0600 81.2400 322.000000 0.000000 169.000000 53.000000
2.2600 70.0600 81.2400 0.000000 1.000000 170.000000 55.000000
2.2700 70.8800 80.9900 0.000000 0.000000 170.000000 55.000000
2.2800 71.0200 80.9900 0.000000 0.000000 171.000000 55.000000
2.2900 71.0200 80.9900 0.000000 0.000000 173.000000 55.000000
2.3000 71.0200 80.9300 0.000000 0.000000 174.000000 56.000000
2.3100 71.2500 80.8700 0.000000 0.000000 174.000000 56.000000
2.3200 71.5300 80.7900 0.000000 0.000000 176.000000 56.000000
2.3300 71.6000 80.7000 0.000000 0.000000 175.000000 57.000000
2.3400 71.6000 80.6400 0.000000 0.000000 175.000000 57.000000
2.3500 71.6000 80.6400 247.000000 1.000000 175.000000 57.000000
2.3600 71.6000 80.6400 388.000000 0.000000 175.000000 57.000000
2.3700 71.3500 80.7600 473.000000 0.000000 175.000000 57.000000
2.3800 71.2800 80.8800 559.000000 0.000000 175.000000 57.000000
2.3900 71.2800 80.8800 610.000000 0.000000 175.000000 57.000000
2.4000 71.2800 80.9600 627.000000 0.000000 175.000000 57.000000
2.4100 71.2800 80.9600 625.000000 0.000000 176.000000 56.000000
2.4200 71.2800 80.9000 624.000000 0.000000 174.000000 56.000000
2.4300 71.2800 80.7800 611.000000 0.000000 174.000000 56.000000
2.4400 71.3500 80.5800 605.000000 0.000000 174.000000 56.000000
2.4500 71.4600 80.3400 580.000000 0.000000 173.000000 56.000000
2.4600 71.5600 80.0700 553.000000 0.000000 173.000000 56.000000
2.4700 71.6100 79.8500 522.000000 0.000000 172.000000 57.000000
2.4800 71.6100 79.7000 465.000000 0.000000 172.000000 57.000000
2.4900 71.6100 79.5900 329.000000 0.000000 172.000000 57.000000
2.5000 71.6600 79.5900 42.000000 0.000000 174.000000 58.000000
2.5100 71.6600 79.5900 0.000000 1.000000 174.000000 58.000000
2.5200 71.3600 79.9600 0.000000 0.000000 174.000000 58.000000
2.5300 71.1800 80.4400 0.000000 0.000000 175.000000 58.000000
2.5400 71.0200 80.8800 0.000000 0.000000 175.000000 58.000000
2.5500 71.0200 81.2600 0.000000 0.000000 175.000000 58.000000
2.5600 71.2200 81.6000 0.000000 0.000000 175.000000 58.000000
2.5700 71.2800 81.7600 0.000000 0.000000 175.000000 58.000000
2.5800 71.2800 81.7600 346.000000 1.000000 175.000000 57.000000
2.5900 71.2800 81.7600 428.000000 0.000000 175.000000 57.000000
2.6000 71.2800 81.7600 439.000000 0.000000 176.000000 56.000000
2.6100 71.2800 81.7600 501.000000 0.000000 176.000000 56.000000
2.6200 71.2800 81.7600 570.000000 0.000000 176.000000 56.000000
2.6300 71.3400 82.0400 561.000000 0.000000 176.000000 55.000000
2.6400 71.5100 82.0400 536.000000 0.000000 176.000000 55.000000
2.6500 71.7700 82.0400 469.000000 0.000000 174.000000 55.000000
2.6600 72.1000 81.9200 226.000000 0.000000 175.000000 54.000000
2.6700 72.1000 81.9200 0.000000 1.000000 175.000000 54.000000
2.6800 72.7400 81.6700 0.000000 0.000000 175.000000 54.000000
2.6900 72.8700 81.6700 0.000000 0.000000 173.000000 54.000000
2.7000 72.8700 81.6700 0.000000 0.000000 175.000000 54.000000
2.7100 72.9800 81.5200 0.000000 0.000000 175.000000 54.000000
2.7200 73.1100 81.3600 0.000000 0.000000 174.000000 55.000000
2.7300 73.2000 81.1600 0.000000 0.000000 174.000000 55.000000
2.7400 73.2500 80.9500 0.000000 0.000000 174.000000 55.000000
2.7500 73.1700 80.8000 0.000000 0.000000 174.000000 56.000000
2.7600 73.0600 80.6800 0.000000 0.000000 174.000000 56.000000
2.7700 73.0600 80.6800 203.000000 1.000000 173.000000 56.000000
2.7800 73.0600 80.6800 324.000000 0.000000 172.000000 57.000000
2.7900 72.7500 80.6900 391.000000 0.000000 174.000000 57.000000
2.8000 72.7500 80.8600 455.000000 0.000000 174.000000 57.000000
2.8100 72.7500 80.9200 520.000000 0.000000 174.000000 57.000000
2.8200 72.7500 80.9200 524.000000 0.000000 174.000000 57.000000
2.8300 72.7500 80.9200 521.000000 0.000000 174.000000 57.000000
2.8400 72.7500 80.7800 514.000000 0.000000 174.000000 57.000000
2.8500 72.8100 80.5200 502.000000 0.000000 174.000000 57.000000
2.8600 72.8800 80.1700 486.000000 0.000000 174.000000 57.000000
2.8700 72.9300 79.8100 466.000000 0.000000 174.000000 57.000000
2.8800 73.0100 79.5400 450.000000 0.000000 174.000000 57.000000
2.8900 73.0800 79.3200 444.000000 0.000000 174.000000 57.000000
2.9000 73.1300 79.2000 444.000000 0.000000 175.000000 57.000000
2.9100 73.1300 79.2000 439.000000 0.000000 175.000000 57.000000
2.9200 73.0800 79.3700 448.000000 0.000000 176.000000 56.000000
2.9300 73.0800 79.5200 485.000000 0.000000 176.000000 56.000000
2.9400 73.0800 79.8000 509.000000 0.000000 176.000000 56.000000
2.9500 73.0800 80.1700 535.000000 0.000000 176.000000 56.000000
2.9600 73.0800 80.4800 546.000000 0.000000 176.000000 55.000000
2.9700 73.1300 80.8000 540.000000 0.000000 176.000000 55.000000
2.9800 73.2700 81.1100 546.000000 0.000000 176.000000 56.000000
2.9900 73.3700 81.2100 543.000000 0.000000 174.000000 56.000000
3.0000 73.4300 81.2100 540.000000 0.000000 174.000000 56.000000
3.0100 73.5300 81.1000 548.000000 0.000000 174.000000 56.000000
3.0200 73.6700 80.8400 556.000000 0.000000 174.000000 56.000000
3.0300 73.8600 80.4800 561.000000 0.000000 174.000000 56.000000
3.0400 74.0500 80.1400 554.000000 0.000000 174.000000 56.000000
3.0500 74.2300 79.8700 546.000000 0.000000 174.000000 56.000000
3.0600 74.4100 79.6500 512.000000 0.000000 174.000000 57.000000
3.0700 74.5300 79.5100 388.000000 0.000000 175.000000 57.000000
3.0800 74.6100 79.4300 104.000000 0.000000 175.000000 57.000000
3.0900 74.6100 79.4300 0.000000 1.000000 175.000000 57.000000
3.1000 74.2900 79.3800 0.000000 0.000000 176.000000 56.000000
3.1100 73.8600 79.6200 0.000000 0.000000 176.000000 56.000000
3.1200 73.2600 79.9800 0.000000 0.000000 175.000000 57.000000
3.1300 72.5300 80.3000 0.000000 0.000000 175.000000 57.000000
3.1400 71.7200 80.3700 0.000000 0.000000 175.000000 57.000000
3.1500 71.2800 80.2700 0.000000 0.000000 174.000000 58.000000
3.1600 70.9300 79.7500 0.000000 0.000000 172.000000 58.000000
3.1700 70.6500 79.3800 0.000000 0.000000 172.000000 58.000000
3.1800 70.1400 79.1200 0.000000 0.000000 170.000000 58.000000
3.1900 69.6500 78.8200 0.000000 0.000000 170.000000 58.000000
3.2000 69.2400 78.6600 0.000000 0.000000 170.000000 58.000000
3.2100 69.2400 78.6600 51.000000 1.000000 172.000000 57.000000
3.2200 68.6800 78.6600 70.000000 0.000000 173.000000 56.000000
3.2300 68.5000 78.7600 75.000000 0.000000 173.000000 55.000000
3.2400 68.4500 78.8800 86.000000 0.000000 174.000000 55.000000
3.2500 68.4500 78.9900 107.000000 0.000000 174.000000 55.000000
3.2600 68.4500 79.0500 132.000000 0.000000 174.000000 55.000000
3.2700 68.4500 79.0500 134.000000 0.000000 174.000000 55.000000
3.2800 68.4500 79.0000 180.000000 0.000000 174.000000 55.000000
3.2900 68.4500 79.0000 253.000000 0.000000 174.000000 55.000000
3.3000 68.4500 78.9400 284.000000 0.000000 173.000000 55.000000
3.3100 68.4500 78.9400 335.000000 0.000000 173.000000 55.000000
3.3200 68.4000 78.9400 369.000000 0.000000 173.000000 55.000000
3.3300 68.4000 78.9400 413.000000 0.000000 173.000000 55.000000
3.3400 68.4000 78.9400 449.000000 0.000000 173.000000 55.000000
3.3500 68.4000 78.9400 467.000000 0.000000 173.000000 55.000000
3.3600 68.4000 78.9400 502.000000 0.000000 173.000000 55.000000
3.3700 68.4000 78.9400 533.000000 0.000000 171.000000 55.000000
3.3800 68.4000 78.9400 564.000000 0.000000 171.000000 55.000000
3.3900 68.4000 78.9400 592.000000 0.000000 171.000000 55.000000
3.4000 68.4000 78.8800 614.000000 0.000000 171.000000 55.000000
3.4100 68.3400 78.7800 622.000000 0.000000 171.000000 55.000000
3.4200 68.3400 78.6400 628.000000 0.000000 171.000000 55.000000
3.4300 68.2600 78.4300 639.000000 0.000000 170.000000 55.000000
3.4400 68.3400 78.1900 644.000000 0.000000 170.000000 56.000000
3.4500 68.4900 77.8800 644.000000 0.000000 170.000000 56.000000
3.4600 68.5600 77.5200 658.000000 0.000000 171.000000 56.000000
3.4700 68.8100 77.2400 662.000000 0.000000 171.000000 57.000000
3.4800 69.1800 77.0200 668.000000 0.000000 171.000000 57.000000
3.4900 69.6800 76.8400 664.000000 0.000000 172.000000 58.000000
3.5000 70.1900 76.7400 661.000000 0.000000 172.000000 58.000000
3.5100 70.8800 76.7400 656.000000 0.000000 174.000000 58.000000
3.5200 71.6800 76.8000 644.000000 0.000000 175.000000 58.000000
3.5300 72.4900 76.9700 644.000000 0.000000 175.000000 58.000000
3.5400 73.3300 77.2600 637.000000 0.000000 175.000000 58.000000
3.5500 74.1800 77.6400 637.000000 0.000000 175.000000 58.000000
3.5600 74.8600 78.2500 636.000000 0.000000 175.000000 58.000000
3.5700 75.3800 78.9600 638.000000 0.000000 175.000000 58.000000
3.5800 75.7900 79.7400 644.000000 0.000000 175.000000 57.000000
3.5900 76.0800 80.7200 637.000000 0.000000 175.000000 57.000000
3.6000 76.1700 81.6700 638.000000 0.000000 175.000000 57.000000
3.6100 76.1200 82.6400 652.000000 0.000000 176.000000 56.000000
3.6200 75.9000 83.6300 644.000000 0.000000 176.000000 56.000000
3.6300 75.4600 84.6400 642.000000 0.000000 176.000000 56.000000
3.6400 74.8700 85.6500 628.000000 0.000000 176.000000 55.000000
3.6500 73.9900 86.6600 622.000000 0.000000 176.000000 56.000000
3.6600 72.9800 87.4700 611.000000 0.000000 177.000000 56.000000
3.6700 71.8900 88.2600 616.000000 0.000000 177.000000 56.000000
3.6800 70.6000 88.8400 622.000000 0.000000 177.000000 56.000000
3.6900 69.0700 89.3000 641.000000 0.000000 177.000000 56.000000
3.7000 67.3800 89.8100 631.000000 0.000000 177.000000 56.000000
3.7100 65.6500 90.0400 641.000000 0.000000 177.000000 55.000000
3.7200 63.7400 90.0900 641.000000 0.000000 177.000000 55.000000
3.7300 61.7200 90.0900 655.000000 0.000000 177.000000 54.000000
3.7400 59.7000 90.0900 662.000000 0.000000 176.000000 53.000000
3.7500 57.6200 89.9400 661.000000 0.000000 176.000000 52.000000
3.7600 55.6300 89.7000 664.000000 0.000000 175.000000 52.000000
3.7700 53.7000 89.2200 662.000000 0.000000 174.000000 52.000000
3.7800 51.9200 88.6900 664.000000 0.000000 172.000000 52.000000
3.7900 50.4900 88.0700 650.000000 0.000000 172.000000 52.000000
3.8000 49.2800 87.3500 641.000000 0.000000 171.000000 53.000000
3.8100 48.3400 86.4500 637.000000 0.000000 170.000000 54.000000
3.8200 47.6000 85.4400 647.000000 0.000000 169.000000 54.000000
3.8300 46.9900 84.4400 641.000000 0.000000 167.000000 54.000000
3.8400 46.5400 83.4800 630.000000 0.000000 167.000000 54.000000
3.8500 46.1500 82.5600 622.000000 0.000000 166.000000 54.000000
3.8600 46.0700 81.6700 620.000000 0.000000 166.000000 54.000000
3.8700 46.1700 80.7500 611.000000 0.000000 164.000000 54.000000
3.8800 46.4800 79.7600 597.000000 0.000000 163.000000 54.000000
3.8900 46.8400 78.7400 595.000000 0.000000 162.000000 54.000000
3.9000 47.4600 77.9500 597.000000 0.000000 161.000000 55.000000
3.9100 48.2400 77.2800 606.000000 0.000000 160.000000 54.000000
3.9200 49.2300 76.6800 613.000000 0.000000 160.000000 54.000000
3.9300 50.3900 76.2400 619.000000 0.000000 160.000000 55.000000
3.9400 51.6600 75.9500 613.000000 0.000000 160.000000 55.000000
3.9500 53.0700 75.7700 633.000000 0.000000 160.000000 55.000000
3.9600 54.3800 75.5900 645.000000 0.000000 160.000000 55.000000
3.9700 55.6100 75.4100 645.000000 0.000000 160.000000 55.000000
3.9800 56.7800 75.3100 642.000000 0.000000 160.000000 55.000000
3.9900 57.8800 75.3100 636.000000 0.000000 162.000000 56.000000
4.0000 58.9400 75.3100 636.000000 0.000000 162.000000 56.000000
4.0100 59.9200 75.4200 641.000000 0.000000 162.000000 56.000000
4.0200 60.9100 75.5500 636.000000 0.000000 163.000000 56.000000
4.0300 61.9300 75.6400 638.000000 0.000000 165.000000 56.000000
4.0400 62.9400 75.7400 638.000000 0.000000 165.000000 56.000000
4.0500 63.8400 75.8600 639.000000 0.000000 166.000000 56.000000
4.0600 64.6800 75.9800 645.000000 0.000000 166.000000 56.000000
4.0700 65.4200 76.1400 638.000000 0.000000 166.000000 56.000000
4.0800 66.1500 76.3200 644.000000 0.000000 166.000000 56.000000
4.0900 66.8800 76.5100 646.000000 0.000000 166.000000 57.000000
4.1000 67.5900 76.7400 650.000000 0.000000 166.000000 57.000000
4.1100 68.2200 77.0100 661.000000 0.000000 167.000000 57.000000
4.1200 68.8000 77.2200 664.000000 0.000000 167.000000 57.000000
4.1300 69.3200 77.4200 666.000000 0.000000 169.000000 58.000000
4.1400 69.7100 77.6400 669.000000 0.000000 170.000000 58.000000
4.1500 70.0000 77.9100 670.000000 0.000000 172.000000 58.000000
4.1600 70.2800 78.1900 675.000000 0.000000 174.000000 58.000000
4.1700 70.5400 78.4800 682.000000 0.000000 175.000000 58.000000
4.1800 70.7800 78.7800 682.000000 0.000000 177.000000 58.000000
4.1900 70.9700 79.0800 697.000000 0.000000 178.000000 58.000000
4.2000 70.9700 79.3200 699.000000 0.000000 178.000000 57.000000
4.2100 70.9200 79.5500 716.000000 0.000000 178.000000 57.000000
4.2200 70.8600 79.7500 708.000000 0.000000 177.000000 57.000000
4.2300 70.6200 79.9400 717.000000 0.000000 177.000000 56.000000
4.2400 70.2600 80.0700 710.000000 0.000000 176.000000 56.000000
4.2500 69.6900 80.1200 716.000000 0.000000 174.000000 57.000000
4.2600 69.0500 80.1200 711.000000 0.000000 172.000000 57.000000
4.2700 68.3500 80.0500 711.000000 0.000000 171.000000 57.000000
4.2800 67.6600 79.8500 713.000000 0.000000 169.000000 57.000000
4.2900 66.9800 79.5800 714.000000 0.000000 169.000000 57.000000
4.3000 66.3200 79.3200 717.000000 0.000000 168.000000 56.000000
4.3100 65.6600 79.0800 710.000000 0.000000 168.000000 56.000000
4.3200 65.0600 78.8300 708.000000 0.000000 168.000000 56.000000
4.3300 64.3000 78.5400 694.000000 0.000000 168.000000 56.000000
4.3400 63.4400 78.2200 699.000000 0.000000 168.000000 56.000000
4.3500 62.6400 77.9100 700.000000 0.000000 168.000000 56.000000
4.3600 62.1900 77.6100 687.000000 0.000000 168.000000 56.000000
4.3700 61.9600 77.2600 684.000000 0.000000 168.000000 56.000000
4.3800 61.7200 76.9100 691.000000 0.000000 168.000000 56.000000
4.3900 61.4800 76.6100 691.000000 0.000000 167.000000 57.000000
4.4000 61.2200 76.3500 696.000000 0.000000 167.000000 57.000000
4.4100 60.9000 76.0200 700.000000 0.000000 167.000000 57.000000
4.4200 60.5500 75.7200 700.000000 0.000000 167.000000 57.000000
4.4300 60.2200 75.4600 694.000000 0.000000 169.000000 58.000000
4.4400 60.0700 75.2300 688.000000 0.000000 169.000000 58.000000
4.4500 60.0700 75.0400 684.000000 0.000000 169.000000 58.000000
4.4600 60.0700 74.8500 682.000000 0.000000 169.000000 58.000000
4.4700 60.1200 74.6600 685.000000 0.000000 169.000000 57.000000
4.4800 60.1700 74.5100 685.000000 0.000000 169.000000 57.000000
4.4900 60.2200 74.3900 696.000000 0.000000 169.000000 57.000000
4.5000 60.3200 74.2800 702.000000 0.000000 169.000000 57.000000
4.5100 60.4600 74.2000 697.000000 0.000000 169.000000 57.000000
4.5200 60.5400 74.1500 708.000000 0.000000 170.000000 56.000000
4.5300 60.5900 74.1500 716.000000 0.000000 168.000000 55.000000
4.5400 60.6900 74.1500 719.000000 0.000000 168.000000 55.000000
4.5500 60.8300 74.1500 721.000000 0.000000 167.000000 55.000000
4.5600 60.9600 74.1500 727.000000 0.000000 167.000000 55.000000
4.5700 61.0600 74.1500 727.000000 0.000000 167.000000 55.000000
4.5800 61.0600 74.1500 746.000000 0.000000 165.000000 55.000000
4.5900 61.0600 74.1500 752.000000 0.000000 165.000000 55.000000
4.6000 60.9900 74.1500 748.000000 0.000000 165.000000 55.000000
4.6100 60.8200 74.0700 749.000000 0.000000 165.000000 55.000000
4.6200 60.6100 74.0200 751.000000 0.000000 165.000000 55.000000
4.6300 60.3700 73.9400 751.000000 0.000000 165.000000 55.000000
4.6400 60.2600 73.8300 748.000000 0.000000 165.000000 55.000000
4.6500 60.2000 73.7100 739.000000 0.000000 165.000000 55.000000
4.6600 60.2000 73.6300 734.000000 0.000000 165.000000 56.000000
4.6700 60.2000 73.5500 737.000000 0.000000 165.000000 56.000000
4.6800 60.3200 73.4600 743.000000 0.000000 165.000000 56.000000
4.6900 60.4500 73.4000 746.000000 0.000000 165.000000 56.000000
4.7000 60.6700 73.4000 760.000000 0.000000 165.000000 56.000000
4.7100 61.0700 73.3300 750.000000 0.000000 165.000000 56.000000
4.7200 61.6000 73.4000 751.000000 0.000000 165.000000 56.000000
4.7300 62.3300 73.5400 763.000000 0.000000 165.000000 56.000000
4.7400 63.2200 73.7300 754.000000 0.000000 165.000000 56.000000
4.7500 64.2100 73.9800 754.000000 0.000000 165.000000 56.000000
4.7600 65.1900 74.2800 754.000000 0.000000 163.000000 56.000000
4.7700 66.1700 74.4300 755.000000 0.000000 164.000000 55.000000
4.7800 67.0200 74.5500 755.000000 0.000000 164.000000 55.000000
4.7900 67.7700 74.6300 755.000000 0.000000 164.000000 55.000000
4.8000 68.3800 74.6800 763.000000 0.000000 163.000000 55.000000
4.8100 68.6200 74.6800 759.000000 0.000000 163.000000 55.000000
4.8200 68.6200 74.6800 777.000000 0.000000 163.000000 55.000000
4.8300 68.5400 74.6800 768.000000 0.000000 161.000000 55.000000
4.8400 68.2800 74.6800 767.000000 0.000000 161.000000 55.000000
4.8500 67.8900 74.6800 752.000000 0.000000 161.000000 55.000000
4.8600 67.0900 74.6300 728.000000 0.000000 161.000000 55.000000
4.8700 65.8300 74.5700 699.000000 0.000000 161.000000 55.000000
4.8800 64.2500 74.5700 670.000000 0.000000 161.000000 55.000000
4.8900 62.6100 74.5100 658.000000 0.000000 161.000000 55.000000
4.9000 61.0700 74.4500 640.000000 0.000000 163.000000 55.000000
4.9100 60.1000 74.3100 636.000000 0.000000 164.000000 55.000000
4.9200 59.4800 74.0400 634.000000 0.000000 165.000000 55.000000
4.9300 59.1800 73.7800 645.000000 0.000000 165.000000 55.000000
4.9400 58.9000 73.4700 650.000000 0.000000 165.000000 55.000000
4.9500 58.7700 73.3200 664.000000 0.000000 165.000000 55.000000
4.9600 58.7700 73.3200 671.000000 0.000000 165.000000 55.000000
4.9700 58.7700 73.3200 670.000000 0.000000 165.000000 55.000000
4.9800 58.8800 73.3200 690.000000 0.000000 165.000000 55.000000
4.9900 59.3300 73.3200 717.000000 0.000000 165.000000 55.000000
5.0000 59.9900 73.4000 749.000000 0.000000 165.000000 55.000000
5.0100 61.3300 73.5700 754.000000 0.000000 164.000000 55.000000
5.0200 63.2900 73.9300 730.000000 0.000000 164.000000 55.000000
5.0300 65.6700 74.4300 714.000000 0.000000 163.000000 56.000000
5.0400 68.2400 75.0600 663.000000 0.000000 163.000000 56.000000
5.0500 70.6600 75.6600 664.000000 0.000000 165.000000 56.000000
5.0600 72.9700 76.2400 685.000000 0.000000 165.000000 56.000000
5.0700 74.5000 76.3500 700.000000 0.000000 165.000000 56.000000
5.0800 75.7300 76.4500 720.000000 0.000000 164.000000 57.000000
5.0900 76.7600 76.5400 749.000000 0.000000 166.000000 57.000000
5.1000 77.7300 76.6900 762.000000 0.000000 166.000000 57.000000
5.1100 78.4900 76.8500 780.000000 0.000000 167.000000 57.000000
5.1200 79.1100 77.0300 793.000000 0.000000 167.000000 57.000000
5.1300 79.5000 77.2200 794.000000 0.000000 167.000000 57.000000
5.1400 79.6000 77.2200 808.000000 0.000000 167.000000 57.000000
5.1500 79.5000 77.2200 815.000000 0.000000 169.000000 58.000000
5.1600 79.5000 77.2200 814.000000 0.000000 169.000000 58.000000
5.1700 79.4500 77.2200 806.000000 0.000000 169.000000 58.000000
5.1800 79.4500 77.2200 780.000000 0.000000 169.000000 58.000000
5.1900 79.4500 77.2200 702.000000 0.000000 169.000000 58.000000
5.2000 79.4500 77.2200 533.000000 0.000000 169.000000 58.000000
5.2100 79.4500 77.2200 185.000000 0.000000 169.000000 58.000000
