0.0000 54.4400 87.0600 141.000000 1.000000 173.000000 55.000000
0.0100 53.1000 87.2300 222.000000 0.000000 173.000000 56.000000
0.0200 52.1900 87.2300 287.000000 0.000000 174.000000 56.000000
0.0300 51.2200 87.1300 340.000000 0.000000 174.000000 56.000000
0.0400 50.4200 86.9200 377.000000 0.000000 174.000000 57.000000
0.0500 49.6800 86.6000 381.000000 0.000000 175.000000 57.000000
0.0600 49.2700 86.2400 381.000000 0.000000 175.000000 57.000000
0.0700 49.0500 85.8000 382.000000 0.000000 177.000000 57.000000
0.0800 49.2700 85.3200 387.000000 0.000000 177.000000 57.000000
0.0900 49.8200 84.8000 386.000000 0.000000 177.000000 57.000000
0.1000 50.5900 84.2900 364.000000 0.000000 177.000000 56.000000
0.1100 51.6800 83.8400 369.000000 0.000000 177.000000 56.000000
0.1200 52.7800 83.4100 363.000000 0.000000 177.000000 55.000000
0.1300 53.6300 82.9200 353.000000 0.000000 177.000000 55.000000
0.1400 54.3000 82.4100 369.000000 0.000000 176.000000 55.000000
0.1500 54.5100 81.9000 381.000000 0.000000 176.000000 54.000000
0.1600 54.3800 81.4700 418.000000 0.000000 176.000000 54.000000
0.1700 54.0200 81.0900 455.000000 0.000000 175.000000 54.000000
0.1800 53.2300 80.8000 519.000000 0.000000 174.000000 55.000000
0.1900 52.3400 80.6000 545.000000 0.000000 174.000000 55.000000
0.2000 51.3700 80.4600 551.000000 0.000000 174.000000 55.000000
0.2100 50.4900 80.4600 543.000000 0.000000 174.000000 55.000000
0.2200 49.8100 80.4600 510.000000 0.000000 176.000000 55.000000
0.2300 49.2700 80.6100 465.000000 0.000000 176.000000 55.000000
0.2400 49.0700 80.7200 339.000000 0.000000 177.000000 55.000000
0.2500 49.1200 80.8000 60.000000 0.000000 177.000000 56.000000
0.2600 49.1200 80.8000 0.000000 1.000000 179.000000 56.000000
0.2700 49.8300 80.8600 0.000000 0.000000 179.000000 56.000000
0.2800 50.3700 80.9900 0.000000 0.000000 179.000000 56.000000
0.2900 50.9300 81.1200 0.000000 0.000000 177.000000 56.000000
0.3000 51.6100 81.1900 0.000000 0.000000 177.000000 56.000000
0.3100 52.4300 81.1900 0.000000 0.000000 175.000000 57.000000
0.3200 53.3300 81.1000 0.000000 0.000000 174.000000 57.000000
0.3300 54.2200 81.1000 0.000000 0.000000 174.000000 57.000000
0.3400 55.0000 81.1000 0.000000 0.000000 174.000000 58.000000
0.3500 55.7100 81.1500 0.000000 0.000000 172.000000 58.000000
0.3600 56.1900 81.1500 0.000000 0.000000 172.000000 58.000000
0.3700 56.4200 81.1500 0.000000 0.000000 172.000000 58.000000
0.3800 56.4900 81.0500 0.000000 0.000000 174.000000 58.000000
0.3900 56.4900 81.0500 510.000000 1.000000 174.000000 58.000000
0.4000 56.4900 81.0500 564.000000 0.000000 174.000000 58.000000
0.4100 56.1200 81.1500 616.000000 0.000000 174.000000 58.000000
0.4200 56.0700 81.1500 638.000000 0.000000 174.000000 58.000000
0.4300 56.0700 81.1500 617.000000 0.000000 174.000000 57.000000
0.4400 56.0700 81.1500 496.000000 0.000000 174.000000 57.000000
0.4500 56.0700 81.1500 49.000000 0.000000 174.000000 57.000000
0.4600 56.0700 81.1500 0.000000 1.000000 172.000000 57.000000
0.4700 55.9200 81.1500 0.000000 0.000000 172.000000 57.000000
0.4800 55.7300 81.2300 0.000000 0.000000 172.000000 57.000000
0.4900 55.6200 81.2900 0.000000 0.000000 171.000000 57.000000
0.5000 55.5600 81.3600 0.000000 0.000000 170.000000 58.000000
0.5100 55.5600 81.4500 0.000000 0.000000 170.000000 58.000000
0.5200 55.7100 81.5500 0.000000 0.000000 169.000000 58.000000
0.5300 55.9400 81.7000 0.000000 0.000000 169.000000 58.000000
0.5400 56.2500 81.7700 0.000000 0.000000 167.000000 57.000000
0.5500 56.3900 81.7700 0.000000 0.000000 167.000000 58.000000
0.5600 56.4400 82.2100 0.000000 0.000000 167.000000 58.000000
0.5700 56.4400 82.3900 0.000000 0.000000 165.000000 58.000000
0.5800 56.2500 82.3900 0.000000 0.000000 165.000000 58.000000
0.5900 56.0200 82.4800 0.000000 0.000000 164.000000 58.000000
0.6000 55.7700 82.5700 0.000000 0.000000 164.000000 58.000000
0.6100 55.5900 82.6500 0.000000 0.000000 161.000000 59.000000
0.6200 55.4300 82.8000 0.000000 0.000000 161.000000 59.000000
0.6300 55.3400 83.0000 0.000000 0.000000 160.000000 58.000000
0.6400 55.3400 83.2400 0.000000 0.000000 158.000000 58.000000
0.6500 55.3400 83.5800 0.000000 0.000000 157.000000 58.000000
0.6600 55.4000 83.9800 0.000000 0.000000 157.000000 58.000000
0.6700 55.6100 84.4200 0.000000 0.000000 155.000000 58.000000
0.6800 55.9100 84.8800 0.000000 0.000000 155.000000 58.000000
0.6900 56.1900 85.3600 0.000000 0.000000 155.000000 58.000000
0.7000 56.4000 85.7300 0.000000 0.000000 156.000000 57.000000
0.7100 56.5600 86.0500 0.000000 0.000000 157.000000 57.000000
0.7200 56.6600 86.3200 0.000000 0.000000 157.000000 57.000000
0.7300 56.6600 86.5600 0.000000 0.000000 158.000000 56.000000
0.7400 56.5500 86.6800 0.000000 0.000000 160.000000 56.000000
0.7500 56.5500 86.8000 0.000000 0.000000 160.000000 56.000000
0.7600 56.4800 86.9000 0.000000 0.000000 160.000000 55.000000
0.7700 56.4800 86.9000 0.000000 0.000000 160.000000 55.000000
0.7800 56.4800 86.9000 0.000000 0.000000 160.000000 55.000000
0.7900 56.4800 86.9000 0.000000 0.000000 161.000000 55.000000
0.8000 56.4800 86.9000 0.000000 0.000000 161.000000 55.000000
0.8100 56.2300 86.6900 0.000000 0.000000 161.000000 55.000000
0.8200 56.0900 86.5300 0.000000 0.000000 162.000000 54.000000
0.8300 55.9700 86.3800 0.000000 0.000000 162.000000 54.000000
0.8400 55.8700 86.2300 0.000000 0.000000 162.000000 54.000000
0.8500 55.8000 86.1000 0.000000 0.000000 162.000000 54.000000
0.8600 55.8000 86.0000 0.000000 0.000000 162.000000 53.000000
0.8700 55.7400 85.9400 0.000000 0.000000 161.000000 52.000000
0.8800 55.7400 85.8500 0.000000 0.000000 161.000000 52.000000
0.8900 55.7400 85.7500 0.000000 0.000000 161.000000 52.000000
0.9000 55.7400 85.7500 0.000000 0.000000 162.000000 53.000000
0.9100 55.8100 85.7000 0.000000 0.000000 162.000000 53.000000
0.9200 55.8100 85.6500 0.000000 0.000000 162.000000 53.000000
0.9300 55.8100 85.6500 0.000000 0.000000 163.000000 52.000000
0.9400 55.8100 85.6500 0.000000 0.000000 163.000000 52.000000
0.9500 55.8100 85.6500 0.000000 0.000000 163.000000 52.000000
0.9600 55.7300 85.6000 0.000000 0.000000 164.000000 52.000000
0.9700 55.6500 85.6000 0.000000 0.000000 164.000000 52.000000
0.9800 55.5600 85.6000 0.000000 0.000000 164.000000 52.000000
0.9900 55.5000 85.6000 0.000000 0.000000 164.000000 52.000000
1.0000 55.4500 85.6000 0.000000 0.000000 164.000000 52.000000
1.0100 55.3700 85.5300 0.000000 0.000000 164.000000 52.000000
1.0200 55.2600 85.4600 0.000000 0.000000 165.000000 51.000000
1.0300 55.1800 85.3900 0.000000 0.000000 165.000000 51.000000
1.0400 55.1100 85.3400 0.000000 0.000000 164.000000 51.000000
1.0500 55.0400 85.3400 0.000000 0.000000 164.000000 51.000000
1.0600 54.9500 85.2600 0.000000 0.000000 164.000000 51.000000
1.0700 54.8400 85.2600 0.000000 0.000000 164.000000 51.000000
1.0800 54.8400 85.3200 0.000000 0.000000 164.000000 51.000000
1.0900 54.7800 85.3200 0.000000 0.000000 164.000000 51.000000
1.1000 54.7800 85.3800 0.000000 0.000000 164.000000 50.000000
1.1100 54.7800 85.3800 0.000000 0.000000 164.000000 50.000000
1.1200 54.7200 85.4400 0.000000 0.000000 164.000000 50.000000
1.1300 54.7200 85.4400 0.000000 0.000000 164.000000 50.000000
1.1400 54.7200 85.4400 0.000000 0.000000 163.000000 50.000000
1.1500 54.7200 85.4400 0.000000 0.000000 163.000000 50.000000
1.1600 54.6400 85.4400 0.000000 0.000000 163.000000 50.000000
1.1700 54.5700 85.3900 0.000000 0.000000 163.000000 50.000000
1.1800 54.5700 85.3900 0.000000 0.000000 163.000000 50.000000
1.1900 54.5700 85.3200 0.000000 0.000000 162.000000 51.000000
1.2000 54.5000 85.3200 0.000000 0.000000 162.000000 51.000000
1.2100 54.4500 85.3200 0.000000 0.000000 162.000000 51.000000
1.2200 54.4500 85.2200 0.000000 0.000000 162.000000 51.000000
1.2300 54.4500 85.1500 0.000000 0.000000 162.000000 51.000000
1.2400 54.3800 85.0700 0.000000 0.000000 161.000000 50.000000
1.2500 54.3800 85.0100 0.000000 0.000000 161.000000 50.000000
1.2600 54.3000 84.9400 0.000000 0.000000 161.000000 50.000000
1.2700 54.3000 84.8700 0.000000 0.000000 161.000000 50.000000
1.2800 54.3000 84.8700 0.000000 0.000000 160.000000 51.000000
1.2900 54.3000 84.9400 0.000000 0.000000 160.000000 51.000000
1.3000 54.4000 84.9400 0.000000 0.000000 160.000000 51.000000
1.3100 54.5100 85.0500 0.000000 0.000000 162.000000 52.000000
1.3200 54.6800 85.2300 0.000000 0.000000 162.000000 52.000000
1.3300 54.9000 85.3800 0.000000 0.000000 162.000000 52.000000
1.3400 55.1400 85.6600 0.000000 0.000000 164.000000 51.000000
1.3500 55.4800 86.0300 0.000000 0.000000 164.000000 51.000000
1.3600 55.8500 86.1100 0.000000 0.000000 165.000000 50.000000
1.3700 56.2900 86.6000 0.000000 0.000000 167.000000 50.000000
1.3800 56.6000 87.3600 0.000000 0.000000 168.000000 49.000000
1.3900 56.8300 87.4800 0.000000 0.000000 170.000000 49.000000
1.4000 57.1700 87.6400 0.000000 0.000000 171.000000 48.000000
1.4100 57.6600 87.8300 0.000000 0.000000 172.000000 47.000000
1.4200 58.2600 87.9300 0.000000 0.000000 172.000000 46.000000
1.4300 58.9200 88.0200 0.000000 0.000000 171.000000 45.000000
1.4400 59.5600 87.9200 0.000000 0.000000 169.000000 44.000000
1.4500 60.1400 87.7100 0.000000 0.000000 167.000000 43.000000
1.4600 60.6900 87.4200 0.000000 0.000000 166.000000 42.000000
1.4700 61.1600 87.0200 0.000000 0.000000 164.000000 43.000000
1.4800 61.5200 86.5400 0.000000 0.000000 162.000000 43.000000
1.4900 61.8100 85.9900 0.000000 0.000000 159.000000 43.000000
1.5000 62.0000 85.4400 0.000000 0.000000 158.000000 44.000000
1.5100 62.0000 84.9100 0.000000 0.000000 158.000000 45.000000
1.5200 61.8400 84.3900 0.000000 0.000000 158.000000 46.000000
1.5300 61.6700 83.9900 0.000000 0.000000 158.000000 48.000000
1.5400 61.4700 83.6900 0.000000 0.000000 157.000000 49.000000
1.5500 61.2500 83.4500 0.000000 0.000000 157.000000 51.000000
1.5600 61.0600 83.3500 0.000000 0.000000 156.000000 51.000000
1.5700 60.8900 83.3000 0.000000 0.000000 155.000000 52.000000
1.5800 60.7800 83.3000 0.000000 0.000000 155.000000 52.000000
1.5900 60.7100 83.3600 0.000000 0.000000 154.000000 53.000000
1.6000 60.7100 83.5200 0.000000 0.000000 154.000000 53.000000
1.6100 60.7100 83.7400 0.000000 0.000000 154.000000 53.000000
1.6200 60.7100 83.9400 0.000000 0.000000 156.000000 53.000000
1.6300 60.7800 84.2100 0.000000 0.000000 156.000000 53.000000
1.6400 60.7800 84.5200 0.000000 0.000000 156.000000 53.000000
1.6500 60.7000 84.7800 0.000000 0.000000 156.000000 53.000000
1.6600 60.5900 85.0400 0.000000 0.000000 156.000000 53.000000
1.6700 60.4500 85.2900 0.000000 0.000000 156.000000 53.000000
1.6800 60.3000 85.5300 0.000000 0.000000 156.000000 53.000000
1.6900 60.1400 85.7700 0.000000 0.000000 158.000000 53.000000
1.7000 59.8800 85.9900 0.000000 0.000000 158.000000 52.000000
1.7100 59.5700 86.2000 0.000000 0.000000 158.000000 52.000000
1.7200 59.1600 86.3700 0.000000 0.000000 158.000000 52.000000
1.7300 58.7700 86.5200 0.000000 0.000000 159.000000 51.000000
1.7400 58.4100 86.6100 0.000000 0.000000 159.000000 51.000000
1.7500 58.1400 86.6700 0.000000 0.000000 159.000000 51.000000
1.7600 58.0400 86.6700 0.000000 0.000000 160.000000 51.000000
1.7700 58.0400 86.6700 0.000000 0.000000 160.000000 52.000000
1.7800 58.1400 86.6700 0.000000 0.000000 160.000000 52.000000
1.7900 58.2200 86.5500 0.000000 0.000000 161.000000 52.000000
1.8000 58.2700 86.4200 0.000000 0.000000 160.000000 53.000000
1.8100 58.2700 86.2900 0.000000 0.000000 162.000000 54.000000
1.8200 58.2700 86.1700 0.000000 0.000000 162.000000 54.000000
1.8300 58.1600 86.1000 0.000000 0.000000 163.000000 54.000000
1.8400 58.0500 86.1000 0.000000 0.000000 163.000000 55.000000
1.8500 58.0500 86.1500 0.000000 0.000000 163.000000 55.000000
1.8600 58.0500 86.2700 0.000000 0.000000 163.000000 55.000000
1.8700 58.0500 86.5000 0.000000 0.000000 163.000000 55.000000
1.8800 58.1000 86.8000 0.000000 0.000000 163.000000 55.000000
1.8900 58.2000 87.1300 0.000000 0.000000 162.000000 56.000000
1.9000 58.2000 87.1300 158.000000 1.000000 162.000000 56.000000
1.9100 58.2000 87.1300 185.000000 0.000000 163.000000 56.000000
1.9200 58.2000 87.1300 254.000000 0.000000 163.000000 57.000000
1.9300 58.3500 86.6900 294.000000 0.000000 163.000000 57.000000
1.9400 58.3500 85.8800 351.000000 0.000000 164.000000 57.000000
1.9500 58.3500 84.6500 386.000000 0.000000 164.000000 57.000000
1.9600 58.3500 83.5300 394.000000 0.000000 164.000000 57.000000
1.9700 58.2000 82.4800 382.000000 0.000000 164.000000 57.000000
1.9800 58.0800 81.5000 364.000000 0.000000 165.000000 56.000000
1.9900 57.9900 80.9000 343.000000 0.000000 165.000000 56.000000
2.0000 57.9900 80.5500 345.000000 0.000000 165.000000 56.000000
2.0100 57.9900 80.6300 325.000000 0.000000 165.000000 55.000000
2.0200 58.0600 81.0400 250.000000 0.000000 166.000000 56.000000
2.0300 58.1600 81.6700 244.000000 0.000000 166.000000 56.000000
2.0400 58.3500 82.5500 233.000000 0.000000 166.000000 56.000000
2.0500 58.5400 83.6900 230.000000 0.000000 166.000000 56.000000
2.0600 58.7200 85.0100 265.000000 0.000000 166.000000 56.000000
2.0700 58.7200 86.4100 341.000000 0.000000 166.000000 56.000000
2.0800 58.6400 87.7100 412.000000 0.000000 166.000000 56.000000
2.0900 58.4300 88.2800 441.000000 0.000000 166.000000 56.000000
2.1000 58.3500 88.4100 448.000000 0.000000 166.000000 56.000000
2.1100 58.2700 88.4100 471.000000 0.000000 166.000000 56.000000
2.1200 58.1600 88.0500 494.000000 0.000000 166.000000 56.000000
2.1300 58.0200 87.5000 524.000000 0.000000 164.000000 57.000000
2.1400 58.0200 86.7700 543.000000 0.000000 164.000000 57.000000
2.1500 58.2700 86.0400 559.000000 0.000000 164.000000 57.000000
2.1600 58.6700 85.4100 564.000000 0.000000 166.000000 57.000000
2.1700 59.2900 84.8600 553.000000 0.000000 166.000000 56.000000
2.1800 59.9200 84.5900 544.000000 0.000000 166.000000 56.000000
2.1900 60.5500 84.5900 513.000000 0.000000 168.000000 56.000000
2.2000 61.2000 84.7700 468.000000 0.000000 168.000000 56.000000
2.2100 61.8300 85.3300 405.000000 0.000000 168.000000 56.000000
2.2200 62.4500 86.0900 400.000000 0.000000 168.000000 56.000000
2.2300 63.0300 86.9900 409.000000 0.000000 168.000000 56.000000
2.2400 63.3600 87.8800 438.000000 0.000000 168.000000 56.000000
2.2500 63.5100 88.7300 496.000000 0.000000 168.000000 56.000000
2.2600 63.3600 89.0700 524.000000 0.000000 168.000000 56.000000
2.2700 63.0200 89.0700 578.000000 0.000000 168.000000 56.000000
2.2800 62.5500 88.6400 639.000000 0.000000 168.000000 56.000000
2.2900 61.9300 87.7200 669.000000 0.000000 168.000000 56.000000
2.3000 61.3500 86.4800 696.000000 0.000000 169.000000 57.000000
2.3100 60.8200 84.9800 685.000000 0.000000 169.000000 57.000000
2.3200 60.5200 83.6400 656.000000 0.000000 169.000000 57.000000
2.3300 60.3700 82.4100 586.000000 0.000000 171.000000 57.000000
2.3400 60.5000 81.5700 422.000000 0.000000 171.000000 57.000000
2.3500 60.5000 81.5700 0.000000 1.000000 171.000000 57.000000
2.3600 61.1100 80.7000 0.000000 0.000000 171.000000 57.000000
2.3700 61.4500 80.7800 0.000000 0.000000 171.000000 57.000000
2.3800 61.7400 81.1000 0.000000 0.000000 171.000000 57.000000
2.3900 62.0000 81.5900 0.000000 0.000000 170.000000 58.000000
2.4000 62.3000 81.9800 0.000000 0.000000 169.000000 58.000000
2.4100 62.5700 82.3100 0.000000 0.000000 169.000000 58.000000
2.4200 62.7400 82.5000 0.000000 0.000000 167.000000 57.000000
2.4300 62.8400 82.6400 0.000000 0.000000 167.000000 57.000000
2.4400 62.8400 82.6900 0.000000 0.000000 167.000000 57.000000
2.4500 62.8400 82.6900 0.000000 0.000000 166.000000 57.000000
2.4600 62.7600 82.6000 0.000000 0.000000 166.000000 57.000000
2.4700 62.7600 82.5500 0.000000 0.000000 166.000000 56.000000
2.4800 62.7600 82.4800 0.000000 0.000000 166.000000 56.000000
2.4900 62.7600 82.4000 0.000000 0.000000 166.000000 56.000000
2.5000 62.8600 82.3000 0.000000 0.000000 166.000000 56.000000
2.5100 62.9900 82.2100 0.000000 0.000000 168.000000 56.000000
2.5200 63.1500 82.2100 0.000000 0.000000 168.000000 56.000000
2.5300 63.1500 82.2100 24.000000 1.000000 168.000000 56.000000
2.5400 63.4700 82.2100 80.000000 0.000000 168.000000 56.000000
2.5500 63.5900 82.2100 148.000000 0.000000 168.000000 56.000000
2.5600 63.7000 82.3400 195.000000 0.000000 168.000000 56.000000
2.5700 63.8100 82.4900 235.000000 0.000000 168.000000 56.000000
2.5800 63.9200 82.7300 279.000000 0.000000 168.000000 56.000000
2.5900 63.9800 82.9800 349.000000 0.000000 168.000000 56.000000
2.6000 63.9800 83.2400 392.000000 0.000000 168.000000 56.000000
2.6100 63.9300 83.5200 456.000000 0.000000 168.000000 55.000000
2.6200 63.7900 83.7600 521.000000 0.000000 168.000000 55.000000
2.6300 63.6200 83.9700 566.000000 0.000000 170.000000 56.000000
2.6400 63.3500 83.9700 594.000000 0.000000 170.000000 56.000000
2.6500 63.0800 83.9200 600.000000 0.000000 170.000000 56.000000
2.6600 62.8000 83.7000 614.000000 0.000000 170.000000 56.000000
2.6700 62.6000 83.3800 614.000000 0.000000 170.000000 56.000000
2.6800 62.4700 82.9100 602.000000 0.000000 170.000000 56.000000
2.6900 62.4700 82.4500 585.000000 0.000000 170.000000 56.000000
2.7000 62.5700 82.0000 568.000000 0.000000 170.000000 56.000000
2.7100 62.7800 81.6700 529.000000 0.000000 170.000000 56.000000
2.7200 62.9500 81.4100 494.000000 0.000000 170.000000 56.000000
2.7300 63.1200 81.4100 486.000000 0.000000 170.000000 56.000000
2.7400 63.2900 81.5000 468.000000 0.000000 170.000000 56.000000
2.7500 63.4800 81.7500 440.000000 0.000000 170.000000 56.000000
2.7600 63.6900 82.1400 452.000000 0.000000 170.000000 56.000000
2.7700 63.9000 82.6000 469.000000 0.000000 170.000000 56.000000
2.7800 64.0500 83.1200 512.000000 0.000000 170.000000 56.000000
2.7900 64.1000 83.5200 569.000000 0.000000 170.000000 56.000000
2.8000 64.1000 83.7300 624.000000 0.000000 170.000000 56.000000
2.8100 64.1000 83.8100 647.000000 0.000000 170.000000 56.000000
2.8200 64.0300 83.7200 643.000000 0.000000 168.000000 55.000000
2.8300 63.9800 83.5900 653.000000 0.000000 168.000000 55.000000
2.8400 63.9300 83.2500 650.000000 0.000000 168.000000 55.000000
2.8500 63.9300 82.8000 645.000000 0.000000 168.000000 55.000000
2.8600 63.9300 82.4200 603.000000 0.000000 168.000000 55.000000
2.8700 64.0000 82.1900 561.000000 0.000000 168.000000 55.000000
2.8800 64.0900 82.0500 546.000000 0.000000 168.000000 55.000000
2.8900 64.0900 82.0500 516.000000 0.000000 168.000000 55.000000
2.9000 64.0900 82.0500 499.000000 0.000000 168.000000 55.000000
2.9100 64.5000 82.3300 489.000000 0.000000 168.000000 55.000000
2.9200 64.7100 82.6000 489.000000 0.000000 168.000000 55.000000
2.9300 64.9200 82.8600 489.000000 0.000000 168.000000 55.000000
2.9400 65.1500 83.1100 509.000000 0.000000 168.000000 55.000000
2.9500 65.4000 83.3200 529.000000 0.000000 168.000000 55.000000
2.9600 65.6600 83.5100 540.000000 0.000000 168.000000 55.000000
2.9700 65.8600 83.6500 570.000000 0.000000 168.000000 55.000000
2.9800 66.0500 83.7500 584.000000 0.000000 168.000000 55.000000
2.9900 66.1000 83.7500 595.000000 0.000000 170.000000 56.000000
3.0000 66.1000 83.6500 591.000000 0.000000 170.000000 56.000000
3.0100 66.1000 83.3800 595.000000 0.000000 170.000000 56.000000
3.0200 66.1000 83.0600 546.000000 0.000000 170.000000 56.000000
3.0300 65.9700 82.6500 371.000000 0.000000 170.000000 56.000000
3.0400 65.9700 82.6500 0.000000 1.000000 170.000000 56.000000
3.0500 66.0100 82.0800 0.000000 0.000000 169.000000 57.000000
3.0600 66.2500 82.0800 0.000000 0.000000 169.000000 57.000000
3.0700 66.6700 82.4100 0.000000 0.000000 169.000000 57.000000
3.0800 67.1800 82.8500 0.000000 0.000000 171.000000 57.000000
3.0900 67.7500 83.3500 0.000000 0.000000 171.000000 57.000000
3.1000 68.2600 83.8200 0.000000 0.000000 172.000000 57.000000
3.1100 68.6300 84.3700 0.000000 0.000000 172.000000 57.000000
3.1200 68.9200 84.9800 0.000000 0.000000 174.000000 57.000000
3.1300 69.1000 85.8300 0.000000 0.000000 175.000000 57.000000
3.1400 69.1500 86.8300 0.000000 0.000000 176.000000 56.000000
3.1500 69.1500 86.8300 359.000000 1.000000 177.000000 56.000000
3.1600 68.9500 88.5300 422.000000 0.000000 177.000000 56.000000
3.1700 68.8000 88.6700 492.000000 0.000000 177.000000 57.000000
3.1800 68.6500 88.5000 600.000000 0.000000 178.000000 57.000000
3.1900 68.5100 88.1000 685.000000 0.000000 178.000000 57.000000
3.2000 68.3500 87.4000 725.000000 0.000000 178.000000 57.000000
3.2100 68.1900 86.5000 731.000000 0.000000 178.000000 57.000000
3.2200 68.0600 85.3500 731.000000 0.000000 177.000000 57.000000
3.2300 68.0000 84.2000 733.000000 0.000000 177.000000 57.000000
3.2400 68.0000 83.3300 696.000000 0.000000 177.000000 57.000000
3.2500 68.0800 82.6500 636.000000 0.000000 175.000000 57.000000
3.2600 68.0800 82.1400 588.000000 0.000000 175.000000 57.000000
3.2700 68.0800 81.9300 543.000000 0.000000 175.000000 57.000000
3.2800 68.0200 81.9300 512.000000 0.000000 175.000000 57.000000
3.2900 67.9500 82.1200 483.000000 0.000000 175.000000 57.000000
3.3000 67.8900 82.4700 472.000000 0.000000 175.000000 57.000000
3.3100 67.7900 82.9100 486.000000 0.000000 175.000000 57.000000
3.3200 67.6700 83.2800 502.000000 0.000000 174.000000 57.000000
3.3300 67.5000 83.6500 521.000000 0.000000 174.000000 57.000000
3.3400 67.3300 83.9500 559.000000 0.000000 174.000000 57.000000
3.3500 67.1700 84.1200 570.000000 0.000000 174.000000 57.000000
3.3600 67.0500 84.2100 588.000000 0.000000 172.000000 57.000000
3.3700 67.0500 84.2600 594.000000 0.000000 172.000000 57.000000
3.3800 67.1000 84.2600 585.000000 0.000000 172.000000 57.000000
3.3900 67.2300 84.2100 591.000000 0.000000 171.000000 57.000000
3.4000 67.5500 84.2100 578.000000 0.000000 171.000000 57.000000
3.4100 67.9900 84.2100 561.000000 0.000000 171.000000 57.000000
3.4200 68.4400 84.2800 542.000000 0.000000 172.000000 57.000000
3.4300 68.9800 84.2800 530.000000 0.000000 172.000000 57.000000
3.4400 69.5700 84.3600 529.000000 0.000000 174.000000 57.000000
3.4500 69.9600 84.3600 536.000000 0.000000 175.000000 57.000000
3.4600 70.1500 84.3600 565.000000 0.000000 175.000000 57.000000
3.4700 70.2100 84.2500 588.000000 0.000000 177.000000 57.000000
3.4800 70.2100 84.1000 630.000000 0.000000 178.000000 57.000000
3.4900 70.0500 83.8400 650.000000 0.000000 180.000000 57.000000
3.5000 69.8700 83.5100 646.000000 0.000000 180.000000 57.000000
3.5100 69.6700 83.1500 594.000000 0.000000 180.000000 56.000000
3.5200 69.4900 82.8000 400.000000 0.000000 180.000000 56.000000
3.5300 69.4900 82.8000 0.000000 1.000000 180.000000 57.000000
3.5400 69.5700 82.5500 0.000000 0.000000 180.000000 57.000000
3.5500 69.8400 82.7500 0.000000 0.000000 180.000000 57.000000
3.5600 70.1500 83.1100 0.000000 0.000000 180.000000 57.000000
3.5700 70.5600 83.5900 0.000000 0.000000 180.000000 57.000000
3.5800 71.0300 84.0000 0.000000 0.000000 178.000000 57.000000
3.5900 71.3000 84.3800 0.000000 0.000000 178.000000 57.000000
3.6000 71.3000 84.3800 448.000000 1.000000 178.000000 57.000000
3.6100 71.3200 85.0000 542.000000 0.000000 178.000000 57.000000
3.6200 71.1800 85.3200 595.000000 0.000000 178.000000 57.000000
3.6300 71.0700 85.4100 597.000000 0.000000 178.000000 57.000000
3.6400 70.9800 85.4800 546.000000 0.000000 180.000000 57.000000
3.6500 70.9800 85.4800 277.000000 0.000000 180.000000 57.000000
3.6600 70.9800 85.4800 0.000000 1.000000 180.000000 57.000000
3.6700 71.0300 85.2400 0.000000 0.000000 180.000000 57.000000
3.6800 71.1300 85.0700 0.000000 0.000000 180.000000 57.000000
3.6900 71.3500 84.8900 0.000000 0.000000 180.000000 57.000000
3.7000 71.6300 84.6900 0.000000 0.000000 178.000000 57.000000
3.7100 72.0300 84.4900 0.000000 0.000000 178.000000 57.000000
3.7200 72.5100 84.2800 0.000000 0.000000 177.000000 57.000000
3.7300 72.8200 84.0900 0.000000 0.000000 175.000000 57.000000
3.7400 72.9000 83.9200 0.000000 0.000000 174.000000 56.000000
3.7500 72.8200 83.8000 0.000000 0.000000 174.000000 56.000000
3.7600 72.5200 83.7300 0.000000 0.000000 173.000000 56.000000
3.7700 72.2000 83.7300 0.000000 0.000000 173.000000 55.000000
3.7800 71.8700 83.7300 0.000000 0.000000 171.000000 55.000000
3.7900 71.6500 83.7300 0.000000 0.000000 171.000000 56.000000
3.8000 71.4600 83.7300 0.000000 0.000000 171.000000 56.000000
3.8100 71.4600 83.7800 0.000000 0.000000 171.000000 56.000000
3.8200 71.5300 83.7800 0.000000 0.000000 173.000000 56.000000
3.8300 71.6600 83.8400 0.000000 0.000000 173.000000 56.000000
3.8400 71.8000 83.8400 0.000000 0.000000 173.000000 56.000000
3.8500 71.9300 83.9100 0.000000 0.000000 173.000000 56.000000
3.8600 72.0600 83.9600 0.000000 0.000000 174.000000 56.000000
3.8700 72.1900 83.9600 0.000000 0.000000 174.000000 56.000000
3.8800 72.3300 84.0500 0.000000 0.000000 174.000000 56.000000
3.8900 72.4400 84.1300 0.000000 0.000000 174.000000 57.000000
3.9000 72.4400 84.1300 113.000000 1.000000 174.000000 57.000000
3.9100 72.4400 84.1300 183.000000 0.000000 174.000000 57.000000
3.9200 72.6000 84.4800 363.000000 0.000000 174.000000 57.000000
3.9300 72.6000 84.7000 465.000000 0.000000 175.000000 57.000000
3.9400 72.6000 84.8400 551.000000 0.000000 175.000000 57.000000
3.9500 72.6000 84.9600 594.000000 0.000000 175.000000 57.000000
3.9600 72.6000 84.9600 608.000000 0.000000 177.000000 57.000000
3.9700 72.5200 84.8200 610.000000 0.000000 177.000000 57.000000
3.9800 72.4400 84.4500 619.000000 0.000000 177.000000 57.000000
3.9900 72.2900 84.0300 619.000000 0.000000 177.000000 57.000000
4.0000 72.1700 83.5400 605.000000 0.000000 177.000000 57.000000
4.0100 72.1100 83.1000 594.000000 0.000000 177.000000 57.000000
4.0200 72.1100 82.7800 574.000000 0.000000 177.000000 57.000000
4.0300 72.1800 82.5100 542.000000 0.000000 177.000000 57.000000
4.0400 72.2900 82.4000 527.000000 0.000000 177.000000 57.000000
4.0500 72.4100 82.4000 488.000000 0.000000 175.000000 57.000000
4.0600 72.5300 82.5400 423.000000 0.000000 175.000000 57.000000
4.0700 72.7600 82.7700 391.000000 0.000000 175.000000 57.000000
4.0800 73.0100 83.0000 361.000000 0.000000 175.000000 57.000000
4.0900 73.3000 83.2900 345.000000 0.000000 175.000000 57.000000
4.1000 73.6200 83.6200 334.000000 0.000000 175.000000 57.000000
4.1100 73.9500 83.9600 351.000000 0.000000 175.000000 57.000000
4.1200 74.2100 84.2600 387.000000 0.000000 174.000000 57.000000
4.1300 74.4400 84.4700 460.000000 0.000000 174.000000 57.000000
4.1400 74.4400 84.5800 535.000000 0.000000 174.000000 57.000000
4.1500 74.4400 84.5800 563.000000 0.000000 174.000000 57.000000
4.1600 74.3800 84.5800 591.000000 0.000000 174.000000 57.000000
4.1700 74.3800 84.4400 585.000000 0.000000 174.000000 57.000000
4.1800 74.2400 84.1700 589.000000 0.000000 174.000000 57.000000
4.1900 74.0800 83.7900 591.000000 0.000000 174.000000 57.000000
4.2000 74.0100 83.3600 588.000000 0.000000 174.000000 57.000000
4.2100 74.0100 82.9300 584.000000 0.000000 174.000000 57.000000
4.2200 74.0900 82.6600 560.000000 0.000000 174.000000 57.000000
4.2300 74.3100 82.5100 543.000000 0.000000 174.000000 57.000000
4.2400 74.6400 82.5100 468.000000 0.000000 174.000000 57.000000
4.2500 74.9900 82.7600 404.000000 0.000000 174.000000 57.000000
4.2600 75.3700 83.0900 335.000000 0.000000 174.000000 57.000000
4.2700 75.7400 83.5300 307.000000 0.000000 174.000000 57.000000
4.2800 76.0000 83.9600 319.000000 0.000000 174.000000 57.000000
4.2900 76.2000 84.4200 379.000000 0.000000 174.000000 57.000000
4.3000 76.2000 84.9000 470.000000 0.000000 175.000000 57.000000
4.3100 76.1000 85.1400 546.000000 0.000000 175.000000 57.000000
4.3200 75.9200 85.0600 603.000000 0.000000 175.000000 57.000000
4.3300 75.6200 84.7600 649.000000 0.000000 175.000000 57.000000
4.3400 75.3300 84.2600 658.000000 0.000000 175.000000 57.000000
4.3500 75.1100 83.7600 645.000000 0.000000 175.000000 57.000000
4.3600 74.9700 83.2600 554.000000 0.000000 175.000000 57.000000
4.3700 75.0300 82.9700 257.000000 0.000000 175.000000 57.000000
4.3800 75.0300 82.9700 0.000000 1.000000 175.000000 57.000000
4.3900 75.6100 82.8200 0.000000 0.000000 175.000000 57.000000
4.4000 75.9800 82.9800 0.000000 0.000000 174.000000 57.000000
4.4100 76.3300 83.3400 0.000000 0.000000 174.000000 57.000000
4.4200 76.8400 83.6200 0.000000 0.000000 175.000000 57.000000
4.4300 77.4000 83.8700 0.000000 0.000000 175.000000 57.000000
4.4400 77.9500 84.0700 0.000000 0.000000 175.000000 57.000000
4.4500 78.4800 84.2000 0.000000 0.000000 177.000000 57.000000
4.4600 78.8400 84.2600 0.000000 0.000000 177.000000 57.000000
4.4700 79.0300 84.2600 0.000000 0.000000 178.000000 57.000000
4.4800 79.1000 84.2600 0.000000 0.000000 179.000000 56.000000
4.4900 78.9300 84.2000 0.000000 0.000000 179.000000 56.000000
4.5000 78.6500 84.1400 0.000000 0.000000 179.000000 56.000000
4.5100 78.3000 84.0900 0.000000 0.000000 179.000000 56.000000
4.5200 78.0200 84.0400 0.000000 0.000000 179.000000 56.000000
4.5300 77.7800 84.0400 0.000000 0.000000 179.000000 56.000000
4.5400 77.6300 83.9900 0.000000 0.000000 179.000000 56.000000
4.5500 77.5600 83.9900 0.000000 0.000000 179.000000 56.000000
4.5600 77.5600 83.9900 0.000000 0.000000 177.000000 56.000000
4.5700 77.5600 83.9900 0.000000 0.000000 177.000000 56.000000
4.5800 77.5000 83.9900 0.000000 0.000000 177.000000 56.000000
4.5900 77.5000 83.9200 0.000000 0.000000 177.000000 56.000000
4.6000 77.4100 83.9200 0.000000 0.000000 177.000000 56.000000
4.6100 77.3300 83.8300 0.000000 0.000000 177.000000 56.000000
4.6200 77.2400 83.8300 0.000000 0.000000 177.000000 56.000000
4.6300 77.1600 83.8300 0.000000 0.000000 177.000000 56.000000
4.6400 77.1100 83.8300 0.000000 0.000000 177.000000 56.000000
4.6500 77.1100 83.8300 0.000000 0.000000 177.000000 56.000000
4.6600 77.1100 83.8300 0.000000 0.000000 176.000000 56.000000
4.6700 77.1100 83.8300 0.000000 0.000000 176.000000 56.000000
4.6800 77.2000 83.9200 0.000000 0.000000 176.000000 56.000000
4.6900 77.2000 83.9200 0.000000 0.000000 176.000000 56.000000
4.7000 77.2000 84.0000 0.000000 0.000000 176.000000 56.000000
4.7100 77.2000 84.0000 0.000000 0.000000 176.000000 56.000000
4.7200 77.2000 84.0000 0.000000 0.000000 177.000000 56.000000
4.7300 77.2500 84.0700 0.000000 0.000000 177.000000 56.000000
4.7400 77.2500 84.0700 0.000000 0.000000 177.000000 56.000000
4.7500 77.2500 84.1200 0.000000 0.000000 177.000000 56.000000
4.7600 77.2500 84.1200 0.000000 0.000000 177.000000 56.000000
4.7700 77.2500 84.1200 0.000000 0.000000 177.000000 56.000000
4.7800 77.2500 84.1200 0.000000 0.000000 177.000000 56.000000
4.7900 77.2500 84.1200 0.000000 0.000000 177.000000 56.000000
4.8000 77.2500 84.1700 0.000000 0.000000 177.000000 56.000000
4.8100 77.1800 84.1700 0.000000 0.000000 177.000000 56.000000
4.8200 77.1800 84.1700 0.000000 0.000000 177.000000 56.000000
4.8300 77.1800 84.1700 0.000000 0.000000 177.000000 56.000000
4.8400 77.1200 84.1700 0.000000 0.000000 177.000000 56.000000
4.8500 77.1200 84.1700 0.000000 0.000000 177.000000 56.000000
4.8600 77.1200 84.1700 0.000000 0.000000 177.000000 56.000000
4.8700 77.1200 84.1700 0.000000 0.000000 177.000000 56.000000
4.8800 77.1200 84.2200 0.000000 0.000000 177.000000 56.000000
4.8900 77.1200 84.2200 0.000000 0.000000 177.000000 56.000000
4.9000 77.1800 84.2700 0.000000 0.000000 177.000000 56.000000
4.9100 77.1800 84.2700 0.000000 0.000000 177.000000 56.000000
4.9200 77.1800 84.2700 0.000000 0.000000 177.000000 56.000000
4.9300 77.2300 84.3300 0.000000 0.000000 177.000000 56.000000
4.9400 77.2300 84.3800 0.000000 0.000000 177.000000 56.000000
4.9500 77.2800 84.3800 0.000000 0.000000 177.000000 56.000000
4.9600 77.2800 84.3800 0.000000 0.000000 177.000000 56.000000
4.9700 77.3400 84.4300 0.000000 0.000000 177.000000 56.000000
4.9800 77.3400 84.4300 0.000000 0.000000 177.000000 55.000000
4.9900 77.3400 84.4300 0.000000 0.000000 177.000000 55.000000
5.0000 77.3400 84.4300 0.000000 0.000000 179.000000 55.000000
5.0100 77.2600 84.4300 0.000000 0.000000 179.000000 55.000000
5.0200 77.2000 84.4300 0.000000 0.000000 179.000000 55.000000
5.0300 77.2000 84.4900 0.000000 0.000000 179.000000 55.000000
5.0400 77.1200 84.3400 0.000000 0.000000 179.000000 55.000000
5.0500 77.0400 84.0800 0.000000 0.000000 179.000000 55.000000
5.0600 76.9700 84.7100 0.000000 0.000000 179.000000 55.000000
5.0700 76.8900 85.0100 0.000000 0.000000 179.000000 55.000000
5.0800 76.8100 85.1000 0.000000 0.000000 180.000000 55.000000
5.0900 76.7400 85.4100 0.000000 0.000000 180.000000 55.000000
5.1000 76.7400 85.8000 0.000000 0.000000 180.000000 55.000000
5.1100 76.7400 86.2500 0.000000 0.000000 180.000000 55.000000
5.1200 76.7400 86.7200 0.000000 0.000000 180.000000 55.000000
5.1300 76.7400 87.1000 0.000000 0.000000 180.000000 54.000000
5.1400 76.8000 87.7600 0.000000 0.000000 180.000000 53.000000
5.1500 76.9500 88.6300 0.000000 0.000000 180.000000 52.000000
5.1600 77.1200 89.3900 0.000000 0.000000 180.000000 51.000000
5.1700 77.2500 90.0500 0.000000 0.000000 180.000000 51.000000
5.1800 77.3500 90.6400 0.000000 0.000000 180.000000 51.000000
5.1900 77.3500 91.0700 0.000000 0.000000 180.000000 51.000000
5.2000 77.3500 91.4600 0.000000 0.000000 180.000000 52.000000
5.2100 77.3500 91.7500 0.000000 0.000000 180.000000 53.000000
5.2200 77.2900 91.9900 0.000000 0.000000 181.000000 54.000000
5.2300 77.2900 92.1700 0.000000 0.000000 181.000000 55.000000
5.2400 77.2900 92.1700 0.000000 0.000000 181.000000 56.000000
5.2500 77.2900 92.1700 0.000000 0.000000 182.000000 57.000000
5.2600 76.9200 92.1900 0.000000 0.000000 180.000000 58.000000
5.2700 76.7200 92.0500 0.000000 0.000000 180.000000 58.000000
5.2800 76.5000 91.9100 0.000000 0.000000 180.000000 58.000000
5.2900 76.3600 91.8600 0.000000 0.000000 180.000000 58.000000
5.3000 76.2500 91.8600 0.000000 0.000000 178.000000 58.000000
5.3100 76.1600 91.9900 0.000000 0.000000 178.000000 58.000000
5.3200 76.0600 92.1500 0.000000 0.000000 177.000000 58.000000
5.3300 75.9300 92.3500 0.000000 0.000000 177.000000 58.000000
5.3400 75.7900 92.6000 0.000000 0.000000 175.000000 58.000000
5.3500 75.5900 92.4600 0.000000 0.000000 175.000000 57.000000
5.3600 75.4700 92.0500 0.000000 0.000000 175.000000 57.000000
5.3700 75.3900 92.0500 0.000000 0.000000 174.000000 57.000000
5.3800 75.3300 92.0500 0.000000 0.000000 174.000000 57.000000
5.3900 75.1500 91.9600 0.000000 0.000000 174.000000 57.000000
5.4000 74.8800 91.7300 0.000000 0.000000 172.000000 57.000000
5.4100 74.6400 91.5200 0.000000 0.000000 172.000000 57.000000
5.4200 74.4000 91.3800 0.000000 0.000000 171.000000 57.000000
5.4300 74.1900 91.3300 0.000000 0.000000 171.000000 57.000000
5.4400 74.0900 91.3300 0.000000 0.000000 169.000000 57.000000
5.4500 74.0900 91.3300 0.000000 0.000000 168.000000 55.000000
5.4600 73.9000 91.3900 0.000000 0.000000 168.000000 55.000000
5.4700 73.6000 91.4600 0.000000 0.000000 167.000000 55.000000
5.4800 73.2200 91.6800 0.000000 0.000000 167.000000 54.000000
5.4900 72.7200 91.9300 0.000000 0.000000 166.000000 54.000000
5.5000 72.1500 92.1900 0.000000 0.000000 166.000000 54.000000
5.5100 71.1700 92.7100 0.000000 0.000000 165.000000 53.000000
5.5200 70.4100 93.3200 0.000000 0.000000 164.000000 53.000000
5.5300 69.8000 94.0000 0.000000 0.000000 162.000000 53.000000
5.5400 69.4800 94.6500 0.000000 0.000000 160.000000 51.000000
5.5500 69.4800 95.5700 0.000000 0.000000 159.000000 51.000000
5.5600 69.6000 96.4900 0.000000 0.000000 0.000000 90.000000
5.5700 69.6000 96.4900 0.000000 0.000000 0.000000 90.000000
5.5800 68.8900 96.4900 0.000000 0.000000 0.000000 90.000000
5.5900 67.7800 95.4700 0.000000 0.000000 158.000000 48.000000
5.6000 67.1400 94.7200 0.000000 0.000000 159.000000 48.000000
5.6100 66.5400 94.0000 0.000000 0.000000 161.000000 47.000000
5.6200 66.2900 93.2900 0.000000 0.000000 162.000000 49.000000
5.6300 66.2900 92.2200 0.000000 0.000000 165.000000 49.000000
5.6400 66.2900 90.9900 0.000000 0.000000 166.000000 49.000000
5.6500 66.2900 89.6600 0.000000 0.000000 168.000000 49.000000
5.6600 66.5000 88.3000 0.000000 0.000000 172.000000 49.000000
5.6700 66.8100 86.9800 0.000000 0.000000 173.000000 49.000000
5.6800 67.3100 85.7000 0.000000 0.000000 174.000000 49.000000
5.6900 67.8400 84.5300 0.000000 0.000000 174.000000 49.000000
5.7000 68.4200 83.4500 0.000000 0.000000 173.000000 49.000000
5.7100 69.0300 82.5700 0.000000 0.000000 173.000000 50.000000
5.7200 69.6500 81.8800 0.000000 0.000000 170.000000 51.000000
5.7300 70.2800 81.3300 0.000000 0.000000 168.000000 52.000000
5.7400 70.9200 80.9500 0.000000 0.000000 164.000000 54.000000
5.7500 71.6100 80.8300 0.000000 0.000000 161.000000 57.000000
5.7600 72.3300 80.8800 0.000000 0.000000 157.000000 58.000000
5.7700 73.1000 81.1900 0.000000 0.000000 154.000000 58.000000
5.7800 73.8600 81.7100 0.000000 0.000000 153.000000 59.000000
5.7900 74.6200 82.3600 0.000000 0.000000 153.000000 59.000000
5.8000 75.3000 83.3400 0.000000 0.000000 155.000000 60.000000
5.8100 75.9400 84.7300 0.000000 0.000000 157.000000 59.000000
5.8200 76.6100 86.3900 0.000000 0.000000 162.000000 58.000000
5.8300 77.2800 88.1200 0.000000 0.000000 167.000000 55.000000
5.8400 77.6800 89.9300 0.000000 0.000000 170.000000 54.000000
5.8500 77.9100 91.8000 0.000000 0.000000 174.000000 51.000000
5.8600 78.7300 92.7500 0.000000 0.000000 174.000000 49.000000
5.8700 79.0700 93.3000 0.000000 0.000000 173.000000 49.000000
5.8800 79.0700 93.5800 0.000000 0.000000 171.000000 48.000000
5.8900 78.7800 93.5800 0.000000 0.000000 169.000000 48.000000
5.9000 78.2700 93.1400 0.000000 0.000000 166.000000 48.000000
5.9100 77.6300 92.4100 0.000000 0.000000 165.000000 49.000000
5.9200 77.1400 91.4700 0.000000 0.000000 164.000000 50.000000
5.9300 76.7100 90.4800 0.000000 0.000000 165.000000 49.000000
5.9400 76.3800 89.0400 0.000000 0.000000 165.000000 48.000000
5.9500 76.1000 87.3200 0.000000 0.000000 169.000000 46.000000
5.9600 75.8700 86.4900 0.000000 0.000000 174.000000 45.000000
5.9700 75.7600 85.7600 0.000000 0.000000 177.000000 44.000000
5.9800 75.7600 85.1000 0.000000 0.000000 180.000000 43.000000
5.9900 75.8500 84.6000 0.000000 0.000000 180.000000 42.000000
6.0000 75.9000 83.8600 0.000000 0.000000 179.000000 43.000000
6.0100 75.9000 83.7100 0.000000 0.000000 178.000000 44.000000
6.0200 75.7100 84.0400 0.000000 0.000000 177.000000 46.000000
6.0300 75.6400 83.8900 0.000000 0.000000 177.000000 49.000000
6.0400 75.6400 83.7800 0.000000 0.000000 175.000000 51.000000
6.0500 75.6400 83.7100 0.000000 0.000000 175.000000 52.000000
6.0600 75.5400 83.7100 0.000000 0.000000 175.000000 53.000000
6.0700 75.4400 83.7100 0.000000 0.000000 173.000000 53.000000
6.0800 75.3500 83.8300 0.000000 0.000000 173.000000 53.000000
6.0900 75.1700 83.9300 0.000000 0.000000 173.000000 53.000000
6.1000 74.9400 84.0200 0.000000 0.000000 172.000000 53.000000
6.1100 74.6000 84.1600 0.000000 0.000000 172.000000 53.000000
6.1200 74.3600 84.3400 0.000000 0.000000 172.000000 53.000000
6.1300 74.1800 84.4700 0.000000 0.000000 171.000000 53.000000
6.1400 74.0500 84.6100 0.000000 0.000000 171.000000 53.000000
6.1500 73.9100 84.7200 0.000000 0.000000 171.000000 53.000000
6.1600 73.7500 84.8400 0.000000 0.000000 169.000000 53.000000
6.1700 73.6600 84.9500 0.000000 0.000000 169.000000 53.000000
6.1800 73.5900 85.0800 0.000000 0.000000 169.000000 53.000000
6.1900 73.5300 85.1900 0.000000 0.000000 169.000000 53.000000
6.2000 73.5300 85.1900 0.000000 0.000000 170.000000 54.000000
6.2100 73.5300 85.1900 0.000000 0.000000 170.000000 54.000000
6.2200 73.3800 85.5500 0.000000 0.000000 170.000000 54.000000
6.2300 73.3800 85.7100 0.000000 0.000000 170.000000 54.000000
6.2400 73.3800 85.8700 0.000000 0.000000 170.000000 54.000000
6.2500 73.3800 86.0200 0.000000 0.000000 170.000000 54.000000
6.2600 73.4700 86.1700 0.000000 0.000000 170.000000 54.000000
6.2700 73.4700 86.3200 0.000000 0.000000 170.000000 54.000000
6.2800 73.4700 86.4500 0.000000 0.000000 170.000000 54.000000
6.2900 73.4100 86.5100 0.000000 0.000000 170.000000 55.000000
6.3000 73.4100 86.5100 299.000000 1.000000 171.000000 55.000000
6.3100 73.4100 86.5100 420.000000 0.000000 171.000000 55.000000
6.3200 73.0200 86.6700 470.000000 0.000000 171.000000 56.000000
6.3300 72.9000 86.7700 514.000000 0.000000 171.000000 56.000000
6.3400 72.9000 86.8300 493.000000 0.000000 172.000000 57.000000
6.3500 72.9000 86.8300 309.000000 0.000000 172.000000 57.000000
