0.0000 13.9200 29.1900 51.000000 1.000000 177.000000 57.000000
0.0100 14.3700 30.6400 141.000000 0.000000 177.000000 57.000000
0.0200 14.4600 31.4300 195.000000 0.000000 175.000000 58.000000
0.0300 14.5600 32.3600 260.000000 0.000000 177.000000 58.000000
0.0400 14.6800 33.3800 371.000000 0.000000 177.000000 58.000000
0.0500 14.8200 34.4100 439.000000 0.000000 177.000000 57.000000
0.0600 14.9400 35.3900 529.000000 0.000000 177.000000 57.000000
0.0700 15.0600 36.3000 600.000000 0.000000 176.000000 56.000000
0.0800 15.1400 36.7600 640.000000 0.000000 174.000000 56.000000
0.0900 15.1900 36.9400 637.000000 0.000000 173.000000 55.000000
0.1000 15.1900 36.8900 637.000000 0.000000 171.000000 55.000000
0.1100 15.2600 36.4400 650.000000 0.000000 171.000000 55.000000
0.1200 15.3900 35.7300 696.000000 0.000000 170.000000 54.000000
0.1300 15.3900 34.3000 730.000000 0.000000 170.000000 54.000000
0.1400 15.3900 32.4900 767.000000 0.000000 172.000000 54.000000
0.1500 15.3900 30.4200 783.000000 0.000000 171.000000 55.000000
0.1600 15.3400 28.3700 787.000000 0.000000 171.000000 55.000000
0.1700 15.1800 26.5300 791.000000 0.000000 173.000000 56.000000
0.1800 15.2700 24.8300 785.000000 0.000000 174.000000 57.000000
0.1900 15.5600 23.7200 779.000000 0.000000 175.000000 58.000000
0.2000 15.9900 23.0100 776.000000 0.000000 177.000000 59.000000
0.2100 16.2900 22.5800 777.000000 0.000000 177.000000 60.000000
0.2200 16.4100 22.4500 788.000000 0.000000 176.000000 61.000000
0.2300 16.4100 22.5100 780.000000 0.000000 176.000000 61.000000
0.2400 16.2300 22.7000 762.000000 0.000000 174.000000 62.000000
0.2500 15.7700 23.1200 733.000000 0.000000 174.000000 62.000000
0.2600 15.1100 23.6000 697.000000 0.000000 174.000000 62.000000
0.2700 14.2300 24.1100 668.000000 0.000000 174.000000 62.000000
0.2800 13.2200 24.2200 664.000000 0.000000 174.000000 62.000000
0.2900 12.1300 24.1400 667.000000 0.000000 173.000000 62.000000
0.3000 10.9200 23.9300 673.000000 0.000000 173.000000 62.000000
0.3100 9.7400 23.7100 666.000000 0.000000 171.000000 62.000000
0.3200 8.8200 23.5000 669.000000 0.000000 171.000000 62.000000
0.3300 8.0600 23.3800 687.000000 0.000000 169.000000 62.000000
0.3400 7.5900 23.3300 687.000000 0.000000 165.000000 61.000000
0.3500 7.3500 23.2800 685.000000 0.000000 163.000000 61.000000
0.3600 7.2700 23.2800 691.000000 0.000000 162.000000 61.000000
0.3700 7.3500 23.2800 693.000000 0.000000 162.000000 61.000000
0.3800 7.8900 23.2800 691.000000 0.000000 160.000000 60.000000
0.3900 8.7300 23.5200 691.000000 0.000000 158.000000 60.000000
0.4000 10.1800 23.8800 675.000000 0.000000 158.000000 60.000000
0.4100 11.9800 24.3400 670.000000 0.000000 156.000000 61.000000
0.4200 14.0100 24.9500 664.000000 0.000000 156.000000 61.000000
0.4300 16.1500 25.6500 676.000000 0.000000 154.000000 60.000000
0.4400 18.2000 26.3900 685.000000 0.000000 154.000000 60.000000
0.4500 20.2000 27.1600 700.000000 0.000000 153.000000 59.000000
0.4600 21.9000 27.9600 702.000000 0.000000 153.000000 59.000000
0.4700 23.0800 28.5700 697.000000 0.000000 153.000000 58.000000
0.4800 23.9100 28.8600 716.000000 0.000000 153.000000 58.000000
0.4900 24.1400 28.9400 710.000000 0.000000 154.000000 57.000000
0.5000 23.9300 28.8900 699.000000 0.000000 153.000000 56.000000
0.5100 23.4200 28.5900 702.000000 0.000000 154.000000 55.000000
0.5200 22.0200 28.1300 700.000000 0.000000 153.000000 55.000000
0.5300 20.1600 27.4400 699.000000 0.000000 153.000000 54.000000
0.5400 17.9800 26.6900 707.000000 0.000000 154.000000 55.000000
0.5500 15.9300 26.0000 727.000000 0.000000 154.000000 55.000000
0.5600 14.2900 25.3600 733.000000 0.000000 154.000000 56.000000
0.5700 12.9300 24.9300 748.000000 0.000000 155.000000 58.000000
0.5800 12.0800 24.7300 777.000000 0.000000 155.000000 58.000000
0.5900 11.7900 24.7300 800.000000 0.000000 154.000000 58.000000
0.6000 11.8600 24.8500 803.000000 0.000000 155.000000 60.000000
0.6100 11.9900 25.0800 799.000000 0.000000 154.000000 60.000000
0.6200 12.4700 25.3600 787.000000 0.000000 154.000000 60.000000
0.6300 13.1800 25.8300 770.000000 0.000000 154.000000 60.000000
0.6400 14.4800 26.3700 750.000000 0.000000 154.000000 60.000000
0.6500 15.8900 26.9600 758.000000 0.000000 152.000000 60.000000
0.6600 17.3600 27.4900 757.000000 0.000000 153.000000 59.000000
0.6700 18.4300 28.0200 748.000000 0.000000 153.000000 58.000000
0.6800 19.1300 28.3200 746.000000 0.000000 153.000000 58.000000
0.6900 19.5700 28.4800 745.000000 0.000000 154.000000 57.000000
0.7000 19.5000 28.4800 745.000000 0.000000 153.000000 56.000000
0.7100 19.1000 28.3400 754.000000 0.000000 154.000000 55.000000
0.7200 18.4900 28.0100 760.000000 0.000000 154.000000 55.000000
0.7300 17.3600 27.5600 750.000000 0.000000 154.000000 55.000000
0.7400 16.1400 27.1000 762.000000 0.000000 154.000000 55.000000
0.7500 14.8500 26.6300 759.000000 0.000000 155.000000 55.000000
0.7600 13.9300 26.3100 763.000000 0.000000 157.000000 56.000000
0.7700 13.4000 26.1000 767.000000 0.000000 156.000000 57.000000
0.7800 13.1300 26.1000 762.000000 0.000000 157.000000 57.000000
0.7900 13.2400 26.2300 759.000000 0.000000 157.000000 58.000000
0.8000 13.3900 26.4500 756.000000 0.000000 158.000000 58.000000
0.8100 13.9600 26.7700 755.000000 0.000000 158.000000 58.000000
0.8200 14.7900 27.2400 742.000000 0.000000 158.000000 58.000000
0.8300 15.7500 27.8000 731.000000 0.000000 158.000000 58.000000
0.8400 16.6700 28.2000 721.000000 0.000000 158.000000 58.000000
0.8500 17.3400 28.5500 721.000000 0.000000 157.000000 58.000000
0.8600 17.8400 28.7000 703.000000 0.000000 156.000000 57.000000
0.8700 17.9100 28.7500 702.000000 0.000000 154.000000 56.000000
0.8800 17.7700 28.7500 697.000000 0.000000 154.000000 56.000000
0.8900 17.4800 28.5200 699.000000 0.000000 154.000000 55.000000
0.9000 16.7500 28.2400 696.000000 0.000000 154.000000 55.000000
0.9100 16.0400 27.9500 705.000000 0.000000 154.000000 55.000000
0.9200 15.3400 27.7100 713.000000 0.000000 155.000000 55.000000
0.9300 14.7300 27.5100 722.000000 0.000000 157.000000 56.000000
0.9400 14.1600 27.4300 725.000000 0.000000 160.000000 56.000000
0.9500 13.8600 27.4300 727.000000 0.000000 161.000000 57.000000
0.9600 13.7200 27.3800 728.000000 0.000000 161.000000 57.000000
0.9700 13.7200 27.5300 728.000000 0.000000 161.000000 59.000000
0.9800 13.8700 27.6600 722.000000 0.000000 161.000000 59.000000
0.9900 14.1200 27.8800 714.000000 0.000000 161.000000 59.000000
1.0000 14.6400 28.1600 702.000000 0.000000 161.000000 59.000000
1.0100 15.3600 28.5600 673.000000 0.000000 161.000000 59.000000
1.0200 16.2100 29.0400 662.000000 0.000000 161.000000 59.000000
1.0300 17.0800 29.5700 638.000000 0.000000 160.000000 58.000000
1.0400 17.8700 30.1600 625.000000 0.000000 159.000000 57.000000
1.0500 18.6100 30.7800 617.000000 0.000000 157.000000 57.000000
1.0600 19.3000 31.4300 617.000000 0.000000 158.000000 56.000000
1.0700 19.8400 32.1600 603.000000 0.000000 158.000000 55.000000
1.0800 20.2900 33.0800 588.000000 0.000000 158.000000 55.000000
1.0900 20.6500 34.1300 588.000000 0.000000 158.000000 55.000000
1.1000 20.8200 35.1900 589.000000 0.000000 158.000000 54.000000
1.1100 20.8200 36.1900 591.000000 0.000000 158.000000 54.000000
1.1200 20.7400 36.9300 592.000000 0.000000 158.000000 54.000000
1.1300 20.6000 37.5300 605.000000 0.000000 160.000000 53.000000
1.1400 20.4400 37.7700 616.000000 0.000000 160.000000 53.000000
1.1500 20.4400 37.7700 616.000000 0.000000 162.000000 53.000000
1.1600 20.3500 37.5500 617.000000 0.000000 162.000000 53.000000
1.1700 20.2900 37.0500 636.000000 0.000000 162.000000 53.000000
1.1800 20.2900 36.0800 672.000000 0.000000 163.000000 52.000000
1.1900 20.3400 34.8000 717.000000 0.000000 163.000000 52.000000
1.2000 20.3900 32.9800 757.000000 0.000000 162.000000 53.000000
1.2100 20.3900 31.1600 770.000000 0.000000 162.000000 53.000000
1.2200 20.5500 29.3600 779.000000 0.000000 162.000000 53.000000
1.2300 20.7100 27.7600 788.000000 0.000000 162.000000 54.000000
1.2400 20.8000 26.2800 793.000000 0.000000 161.000000 55.000000
1.2500 20.8000 25.4400 787.000000 0.000000 160.000000 56.000000
1.2600 20.8000 24.9300 763.000000 0.000000 159.000000 57.000000
1.2700 20.8500 24.6400 751.000000 0.000000 158.000000 58.000000
1.2800 20.8500 24.6400 727.000000 0.000000 157.000000 59.000000
1.2900 20.8500 24.8600 652.000000 0.000000 157.000000 60.000000
1.3000 20.9200 25.2200 600.000000 0.000000 156.000000 61.000000
1.3100 21.0400 25.8600 521.000000 0.000000 156.000000 61.000000
1.3200 21.3000 26.6500 374.000000 0.000000 155.000000 62.000000
1.3300 21.6600 27.5300 373.000000 0.000000 156.000000 61.000000
1.3400 22.0600 28.2900 366.000000 0.000000 156.000000 61.000000
1.3500 22.4600 28.6700 381.000000 0.000000 157.000000 60.000000
1.3600 22.7800 28.7900 392.000000 0.000000 159.000000 59.000000
1.3700 23.0400 28.7900 425.000000 0.000000 160.000000 58.000000
1.3800 23.2700 28.6400 443.000000 0.000000 161.000000 57.000000
1.3900 23.2700 28.3800 474.000000 0.000000 162.000000 58.000000
1.4000 23.1900 28.0000 485.000000 0.000000 162.000000 58.000000
1.4100 23.0200 27.6400 496.000000 0.000000 163.000000 57.000000
1.4200 22.7200 27.2900 502.000000 0.000000 163.000000 57.000000
1.4300 22.3400 27.1500 496.000000 0.000000 163.000000 57.000000
1.4400 22.0500 27.1500 472.000000 0.000000 162.000000 58.000000
1.4500 21.7800 27.2900 400.000000 0.000000 162.000000 58.000000
1.4600 21.5800 27.5500 392.000000 0.000000 162.000000 58.000000
1.4700 21.5800 27.9200 367.000000 0.000000 162.000000 58.000000
1.4800 21.6400 28.3700 364.000000 0.000000 162.000000 58.000000
1.4900 21.9400 28.8000 371.000000 0.000000 162.000000 58.000000
1.5000 22.2500 29.0500 391.000000 0.000000 161.000000 57.000000
1.5100 22.6000 29.1700 423.000000 0.000000 161.000000 57.000000
1.5200 22.9300 28.9800 461.000000 0.000000 161.000000 57.000000
1.5300 23.2800 28.6600 493.000000 0.000000 161.000000 57.000000
1.5400 23.5000 28.2500 519.000000 0.000000 163.000000 57.000000
1.5500 23.6400 27.9000 537.000000 0.000000 163.000000 57.000000
1.5600 23.6400 27.6500 540.000000 0.000000 163.000000 57.000000
1.5700 23.6900 27.4600 537.000000 0.000000 163.000000 57.000000
1.5800 23.6900 27.4600 564.000000 0.000000 162.000000 58.000000
1.5900 23.6900 27.5900 562.000000 0.000000 162.000000 58.000000
1.6000 23.9200 27.8400 553.000000 0.000000 162.000000 58.000000
1.6100 24.2700 28.3100 542.000000 0.000000 162.000000 58.000000
1.6200 24.6800 28.9000 543.000000 0.000000 162.000000 58.000000
1.6300 25.0800 29.5800 530.000000 0.000000 162.000000 58.000000
1.6400 25.4700 30.4000 519.000000 0.000000 162.000000 58.000000
1.6500 25.7300 31.3800 502.000000 0.000000 163.000000 57.000000
1.6600 25.8000 32.4600 492.000000 0.000000 163.000000 57.000000
1.6700 25.7300 33.8900 493.000000 0.000000 163.000000 56.000000
1.6800 25.4000 35.3200 491.000000 0.000000 163.000000 56.000000
1.6900 25.0400 36.4000 495.000000 0.000000 165.000000 55.000000
1.7000 24.6500 37.2400 494.000000 0.000000 165.000000 55.000000
1.7100 24.4900 37.5600 494.000000 0.000000 166.000000 54.000000
1.7200 24.4900 37.5100 497.000000 0.000000 166.000000 54.000000
1.7300 24.4900 37.2100 519.000000 0.000000 166.000000 54.000000
1.7400 24.4900 36.6300 537.000000 0.000000 166.000000 53.000000
1.7500 24.6200 35.5400 564.000000 0.000000 166.000000 53.000000
1.7600 24.8000 34.1000 588.000000 0.000000 166.000000 53.000000
1.7700 24.8000 32.3200 616.000000 0.000000 166.000000 53.000000
1.7800 24.8000 30.7100 620.000000 0.000000 164.000000 54.000000
1.7900 24.7300 29.2200 617.000000 0.000000 164.000000 54.000000
1.8000 24.6300 28.0300 624.000000 0.000000 164.000000 55.000000
1.8100 24.6300 27.2900 634.000000 0.000000 163.000000 56.000000
1.8200 24.8100 26.8600 641.000000 0.000000 163.000000 57.000000
1.8300 25.0500 26.7600 670.000000 0.000000 163.000000 57.000000
1.8400 25.2600 26.9000 678.000000 0.000000 161.000000 57.000000
1.8500 25.6300 27.2000 675.000000 0.000000 161.000000 57.000000
1.8600 26.1100 27.8100 673.000000 0.000000 161.000000 59.000000
1.8700 26.4100 28.5700 627.000000 0.000000 161.000000 59.000000
1.8800 26.5900 29.4400 597.000000 0.000000 161.000000 59.000000
1.8900 26.6800 30.2000 595.000000 0.000000 162.000000 58.000000
1.9000 26.6800 30.4500 586.000000 0.000000 164.000000 58.000000
1.9100 26.6800 30.3700 594.000000 0.000000 164.000000 57.000000
1.9200 26.6800 30.1200 585.000000 0.000000 165.000000 56.000000
1.9300 26.6300 29.7500 586.000000 0.000000 165.000000 56.000000
1.9400 26.6300 29.3000 586.000000 0.000000 165.000000 56.000000
1.9500 26.6300 28.9600 585.000000 0.000000 165.000000 55.000000
1.9600 26.6300 28.7500 585.000000 0.000000 165.000000 56.000000
1.9700 26.6800 28.6300 588.000000 0.000000 165.000000 56.000000
1.9800 26.6800 28.6300 568.000000 0.000000 165.000000 56.000000
1.9900 26.6800 28.7600 512.000000 0.000000 165.000000 56.000000
2.0000 26.6000 28.9600 448.000000 0.000000 165.000000 56.000000
2.0100 26.6000 29.2200 343.000000 0.000000 165.000000 56.000000
2.0200 26.6000 29.4600 287.000000 0.000000 165.000000 56.000000
2.0300 26.7000 29.6900 191.000000 0.000000 165.000000 56.000000
2.0400 26.8100 29.7800 18.000000 0.000000 165.000000 56.000000
2.0500 26.8100 29.7800 0.000000 1.000000 165.000000 56.000000
2.0600 27.4600 29.8400 0.000000 0.000000 165.000000 56.000000
2.0700 27.8500 29.7900 0.000000 0.000000 165.000000 56.000000
2.0800 28.2000 29.7900 0.000000 0.000000 165.000000 56.000000
2.0900 28.4700 29.7900 0.000000 0.000000 163.000000 56.000000
2.1000 28.6900 29.7900 0.000000 0.000000 164.000000 55.000000
2.1100 28.8500 29.7900 0.000000 0.000000 164.000000 55.000000
2.1200 28.9400 29.7900 0.000000 0.000000 164.000000 55.000000
2.1300 28.9400 29.7900 53.000000 1.000000 163.000000 56.000000
2.1400 28.9900 29.4000 130.000000 0.000000 163.000000 56.000000
2.1500 28.9100 29.1100 202.000000 0.000000 163.000000 56.000000
2.1600 28.7800 28.8300 249.000000 0.000000 163.000000 56.000000
2.1700 28.5900 28.6400 311.000000 0.000000 163.000000 56.000000
2.1800 28.4100 28.5000 333.000000 0.000000 163.000000 56.000000
2.1900 28.2300 28.5000 348.000000 0.000000 163.000000 56.000000
2.2000 28.1200 28.6200 353.000000 0.000000 163.000000 57.000000
2.2100 28.0500 28.8000 351.000000 0.000000 163.000000 57.000000
2.2200 28.0500 29.0400 349.000000 0.000000 163.000000 57.000000
2.2300 28.1700 29.3100 354.000000 0.000000 163.000000 57.000000
2.2400 28.3200 29.6000 359.000000 0.000000 161.000000 57.000000
2.2500 28.5100 29.7600 361.000000 0.000000 162.000000 56.000000
2.2600 28.7500 29.8600 364.000000 0.000000 162.000000 56.000000
2.2700 29.0500 29.8600 368.000000 0.000000 163.000000 56.000000
2.2800 29.3900 29.7200 369.000000 0.000000 163.000000 56.000000
2.2900 29.7200 29.6200 371.000000 0.000000 163.000000 56.000000
2.3000 29.9400 29.5400 362.000000 0.000000 165.000000 56.000000
2.3100 30.1000 29.4600 361.000000 0.000000 165.000000 55.000000
2.3200 30.2700 29.4600 363.000000 0.000000 165.000000 55.000000
2.3300 30.4600 29.4600 342.000000 0.000000 165.000000 55.000000
2.3400 30.6800 29.6000 280.000000 0.000000 165.000000 55.000000
2.3500 30.9600 29.7900 209.000000 0.000000 165.000000 55.000000
2.3600 31.3200 30.0400 180.000000 0.000000 165.000000 55.000000
2.3700 31.7100 30.2900 132.000000 0.000000 165.000000 55.000000
2.3800 32.0900 30.4900 120.000000 0.000000 165.000000 55.000000
2.3900 32.2100 30.6000 120.000000 0.000000 167.000000 55.000000
2.4000 32.2100 30.6000 124.000000 0.000000 167.000000 55.000000
2.4100 32.0100 30.4700 144.000000 0.000000 167.000000 55.000000
2.4200 31.6400 30.1900 173.000000 0.000000 167.000000 55.000000
2.4300 31.1400 29.8100 210.000000 0.000000 167.000000 55.000000
2.4400 30.7100 29.4100 221.000000 0.000000 167.000000 55.000000
2.4500 30.4400 29.0100 253.000000 0.000000 167.000000 55.000000
2.4600 30.2700 28.7500 277.000000 0.000000 166.000000 56.000000
2.4700 30.2700 28.5900 353.000000 0.000000 166.000000 56.000000
2.4800 30.3800 28.5200 423.000000 0.000000 166.000000 56.000000
2.4900 30.6200 28.5900 468.000000 0.000000 165.000000 56.000000
2.5000 31.0100 28.7600 488.000000 0.000000 165.000000 56.000000
2.5100 31.5200 29.0800 515.000000 0.000000 165.000000 56.000000
2.5200 32.1000 29.4700 516.000000 0.000000 165.000000 56.000000
2.5300 32.6600 29.9200 516.000000 0.000000 165.000000 56.000000
2.5400 33.1900 30.5000 514.000000 0.000000 165.000000 56.000000
2.5500 33.7100 31.2300 490.000000 0.000000 166.000000 56.000000
2.5600 34.0300 32.0600 472.000000 0.000000 166.000000 56.000000
2.5700 34.1600 33.2400 431.000000 0.000000 167.000000 55.000000
2.5800 34.1600 34.5900 415.000000 0.000000 167.000000 55.000000
2.5900 33.8700 36.0600 417.000000 0.000000 167.000000 55.000000
2.6000 33.6100 37.2600 448.000000 0.000000 167.000000 55.000000
2.6100 33.3900 37.9600 460.000000 0.000000 167.000000 54.000000
2.6200 33.2500 38.3200 465.000000 0.000000 167.000000 54.000000
2.6300 33.1900 38.2100 493.000000 0.000000 168.000000 53.000000
2.6400 33.1900 37.5800 529.000000 0.000000 168.000000 53.000000
2.6500 33.1900 36.6100 563.000000 0.000000 168.000000 53.000000
2.6600 33.2800 35.2300 610.000000 0.000000 168.000000 52.000000
2.6700 33.2800 33.5500 659.000000 0.000000 168.000000 53.000000
2.6800 33.2800 31.6700 672.000000 0.000000 168.000000 53.000000
2.6900 33.2200 30.0600 676.000000 0.000000 168.000000 53.000000
2.7000 33.2200 28.5700 678.000000 0.000000 167.000000 54.000000
2.7100 33.3900 27.1600 678.000000 0.000000 167.000000 55.000000
2.7200 33.6600 26.1000 676.000000 0.000000 166.000000 56.000000
2.7300 34.0000 25.4700 678.000000 0.000000 164.000000 58.000000
2.7400 34.2400 25.1400 696.000000 0.000000 163.000000 59.000000
2.7500 34.3700 25.1400 700.000000 0.000000 162.000000 60.000000
2.7600 34.4600 25.3800 702.000000 0.000000 160.000000 60.000000
2.7700 34.7200 25.8000 685.000000 0.000000 159.000000 61.000000
2.7800 35.0200 26.6400 670.000000 0.000000 159.000000 61.000000
2.7900 35.3600 27.7000 628.000000 0.000000 159.000000 61.000000
2.8000 35.7100 28.9200 603.000000 0.000000 161.000000 62.000000
2.8100 36.1900 29.7700 585.000000 0.000000 162.000000 61.000000
2.8200 36.8300 30.1800 595.000000 0.000000 162.000000 60.000000
2.8300 37.5800 30.3100 592.000000 0.000000 164.000000 58.000000
2.8400 38.3300 30.3100 585.000000 0.000000 164.000000 57.000000
2.8500 38.9700 30.2200 585.000000 0.000000 165.000000 56.000000
2.8600 39.5300 30.0900 595.000000 0.000000 165.000000 55.000000
2.8700 40.0000 29.9700 595.000000 0.000000 165.000000 55.000000
2.8800 40.4300 29.9700 592.000000 0.000000 164.000000 55.000000
2.8900 40.8200 29.9700 569.000000 0.000000 164.000000 54.000000
2.9000 41.2300 30.0300 559.000000 0.000000 166.000000 54.000000
2.9100 41.6500 30.1000 545.000000 0.000000 166.000000 54.000000
2.9200 42.0400 30.1700 541.000000 0.000000 166.000000 54.000000
2.9300 42.1500 30.1000 546.000000 0.000000 166.000000 54.000000
2.9400 42.1000 29.9800 588.000000 0.000000 166.000000 54.000000
2.9500 41.5800 29.6000 644.000000 0.000000 166.000000 54.000000
2.9600 40.5600 29.0800 655.000000 0.000000 166.000000 54.000000
2.9700 39.2000 28.4000 702.000000 0.000000 166.000000 54.000000
2.9800 37.3600 27.6300 725.000000 0.000000 165.000000 55.000000
2.9900 35.0000 26.8100 754.000000 0.000000 165.000000 55.000000
3.0000 32.3000 26.1300 783.000000 0.000000 163.000000 56.000000
3.0100 29.6200 25.4300 784.000000 0.000000 161.000000 57.000000
3.0200 27.5900 24.7300 785.000000 0.000000 160.000000 58.000000
3.0300 26.0000 24.1500 788.000000 0.000000 157.000000 59.000000
3.0400 25.1000 23.6500 765.000000 0.000000 157.000000 60.000000
3.0500 24.7900 23.3100 740.000000 0.000000 154.000000 60.000000
3.0600 24.8800 23.1200 757.000000 0.000000 154.000000 60.000000
3.0700 25.1400 23.0300 758.000000 0.000000 154.000000 60.000000
3.0800 25.6100 23.0300 763.000000 0.000000 154.000000 60.000000
3.0900 26.2200 23.1400 763.000000 0.000000 156.000000 61.000000
3.1000 26.8800 23.3300 752.000000 0.000000 156.000000 61.000000
3.1100 27.5200 23.6400 748.000000 0.000000 154.000000 60.000000
3.1200 28.1400 24.0200 733.000000 0.000000 154.000000 60.000000
3.1300 28.7700 24.4500 708.000000 0.000000 154.000000 60.000000
3.1400 29.3900 25.0000 664.000000 0.000000 152.000000 60.000000
3.1500 29.9200 25.6400 662.000000 0.000000 152.000000 60.000000
3.1600 30.3800 26.3400 653.000000 0.000000 152.000000 60.000000
3.1700 30.6500 26.9400 646.000000 0.000000 152.000000 60.000000
3.1800 30.8200 27.4900 650.000000 0.000000 152.000000 60.000000
3.1900 30.9100 27.7500 655.000000 0.000000 152.000000 60.000000
3.2000 30.9100 27.8300 652.000000 0.000000 153.000000 59.000000
3.2100 30.7900 27.6500 656.000000 0.000000 156.000000 59.000000
3.2200 30.6700 27.2400 655.000000 0.000000 156.000000 59.000000
3.2300 30.6000 26.6900 659.000000 0.000000 157.000000 58.000000
3.2400 30.5400 26.3000 662.000000 0.000000 157.000000 58.000000
3.2500 30.5400 26.0100 672.000000 0.000000 156.000000 59.000000
3.2600 30.6000 25.7800 681.000000 0.000000 156.000000 59.000000
3.2700 30.7300 25.6400 696.000000 0.000000 156.000000 59.000000
3.2800 30.7300 25.6400 696.000000 0.000000 155.000000 60.000000
3.2900 31.1100 25.6400 691.000000 0.000000 154.000000 60.000000
3.3000 31.4700 25.8900 700.000000 0.000000 154.000000 60.000000
3.3100 31.9000 26.1100 696.000000 0.000000 154.000000 60.000000
3.3200 32.1700 26.3800 696.000000 0.000000 154.000000 60.000000
3.3300 32.4500 26.6900 700.000000 0.000000 156.000000 61.000000
3.3400 32.6300 26.8800 691.000000 0.000000 156.000000 61.000000
3.3500 32.7500 26.8800 697.000000 0.000000 156.000000 61.000000
3.3600 32.8100 26.7600 728.000000 0.000000 157.000000 61.000000
3.3700 32.8900 26.5000 751.000000 0.000000 158.000000 60.000000
3.3800 32.9900 26.2400 785.000000 0.000000 158.000000 60.000000
3.3900 33.0400 25.9800 783.000000 0.000000 158.000000 60.000000
3.4000 33.0400 25.8300 794.000000 0.000000 158.000000 60.000000
3.4100 33.1100 25.7400 790.000000 0.000000 158.000000 60.000000
3.4200 33.1100 25.7400 757.000000 0.000000 157.000000 61.000000
3.4300 33.1700 25.7400 515.000000 0.000000 157.000000 61.000000
