0.0000 19.8200 12.7100 6.000000 1.000000 164.000000 50.000000
0.0100 19.8200 12.7100 67.000000 1.000000 164.000000 50.000000
0.0200 19.8200 12.7100 89.000000 0.000000 164.000000 50.000000
0.0300 19.8200 12.7100 119.000000 0.000000 164.000000 50.000000
0.0400 19.8200 12.7100 151.000000 0.000000 163.000000 50.000000
0.0500 19.8200 12.7100 170.000000 0.000000 163.000000 50.000000
0.0600 19.8200 12.7100 208.000000 0.000000 163.000000 50.000000
0.0700 19.7600 13.0000 256.000000 0.000000 163.000000 50.000000
0.0800 19.7600 13.1200 299.000000 0.000000 163.000000 50.000000
0.0900 19.7600 13.2300 364.000000 0.000000 163.000000 50.000000
0.1000 19.6900 13.3400 414.000000 0.000000 163.000000 50.000000
0.1100 19.6300 13.4500 455.000000 0.000000 163.000000 50.000000
0.1200 19.5500 13.5500 522.000000 0.000000 163.000000 50.000000
0.1300 19.4900 13.6300 553.000000 0.000000 163.000000 50.000000
0.1400 19.4200 13.6300 591.000000 0.000000 163.000000 50.000000
0.1500 19.3600 13.6900 597.000000 0.000000 163.000000 50.000000
0.1600 19.3600 13.6900 603.000000 0.000000 163.000000 50.000000
0.1700 19.3600 13.6900 603.000000 0.000000 163.000000 49.000000
0.1800 19.3600 13.6900 597.000000 0.000000 163.000000 49.000000
0.1900 19.4400 13.6300 595.000000 0.000000 163.000000 50.000000
0.2000 19.4900 13.5200 592.000000 0.000000 163.000000 50.000000
0.2100 19.5400 13.4000 585.000000 0.000000 163.000000 50.000000
0.2200 19.5400 13.2500 586.000000 0.000000 163.000000 50.000000
0.2300 19.6400 13.0500 585.000000 0.000000 163.000000 50.000000
0.2400 19.7000 12.8600 580.000000 0.000000 164.000000 50.000000
0.2500 19.7700 12.6700 570.000000 0.000000 164.000000 50.000000
0.2600 19.9100 12.4900 567.000000 0.000000 164.000000 50.000000
0.2700 20.0700 12.3100 565.000000 0.000000 164.000000 51.000000
0.2800 20.2300 12.1800 559.000000 0.000000 164.000000 51.000000
0.2900 20.4200 12.0800 550.000000 0.000000 164.000000 51.000000
0.3000 20.6200 11.9900 546.000000 0.000000 165.000000 51.000000
0.3100 20.7900 11.9000 553.000000 0.000000 165.000000 51.000000
0.3200 20.9300 11.8000 553.000000 0.000000 165.000000 51.000000
0.3300 20.9900 11.8000 561.000000 0.000000 165.000000 51.000000
0.3400 20.9900 11.8000 586.000000 0.000000 166.000000 51.000000
0.3500 20.9900 11.8000 592.000000 0.000000 166.000000 51.000000
0.3600 20.9400 11.8000 602.000000 0.000000 166.000000 51.000000
0.3700 20.9400 11.8800 606.000000 0.000000 166.000000 51.000000
0.3800 20.9400 11.8800 605.000000 0.000000 166.000000 51.000000
0.3900 20.9400 11.9400 595.000000 0.000000 166.000000 51.000000
0.4000 20.9400 11.9400 585.000000 0.000000 166.000000 51.000000
0.4100 20.9400 11.9400 588.000000 0.000000 166.000000 51.000000
0.4200 21.0200 11.9400 588.000000 0.000000 166.000000 51.000000
0.4300 21.1000 11.8900 584.000000 0.000000 166.000000 51.000000
0.4400 21.1800 11.8900 580.000000 0.000000 166.000000 51.000000
0.4500 21.2600 11.8200 570.000000 0.000000 166.000000 52.000000
0.4600 21.2600 11.8200 567.000000 0.000000 166.000000 52.000000
0.4700 21.3100 11.8200 569.000000 0.000000 166.000000 52.000000
0.4800 21.3100 11.8200 570.000000 0.000000 166.000000 52.000000
0.4900 21.3100 11.7700 577.000000 0.000000 166.000000 52.000000
0.5000 21.3100 11.7700 581.000000 0.000000 166.000000 52.000000
0.5100 21.3600 11.7700 586.000000 0.000000 166.000000 52.000000
0.5200 21.4200 11.7700 588.000000 0.000000 166.000000 52.000000
0.5300 21.4900 11.8200 588.000000 0.000000 166.000000 52.000000
0.5400 21.5500 11.8200 591.000000 0.000000 166.000000 52.000000
0.5500 21.5500 11.8200 594.000000 0.000000 166.000000 52.000000
0.5600 21.5500 11.8200 595.000000 0.000000 166.000000 52.000000
0.5700 21.9400 12.1100 585.000000 0.000000 166.000000 52.000000
0.5800 22.1600 12.2700 595.000000 0.000000 166.000000 52.000000
0.5900 22.3500 12.4200 589.000000 0.000000 166.000000 52.000000
0.6000 22.5500 12.6300 592.000000 0.000000 167.000000 52.000000
0.6100 22.7500 12.8800 592.000000 0.000000 167.000000 52.000000
0.6200 22.9000 13.2200 595.000000 0.000000 167.000000 52.000000
0.6300 23.0000 13.5800 595.000000 0.000000 167.000000 52.000000
0.6400 23.0500 13.9600 594.000000 0.000000 167.000000 52.000000
0.6500 23.0500 14.3400 595.000000 0.000000 167.000000 52.000000
0.6600 23.0500 14.7100 597.000000 0.000000 167.000000 52.000000
0.6700 22.9000 15.0600 600.000000 0.000000 167.000000 52.000000
0.6800 22.7900 15.3700 611.000000 0.000000 167.000000 52.000000
0.6900 22.6600 15.6000 613.000000 0.000000 167.000000 51.000000
0.7000 22.5100 15.7500 610.000000 0.000000 167.000000 51.000000
0.7100 22.3500 15.8700 620.000000 0.000000 168.000000 50.000000
0.7200 22.2100 15.8700 628.000000 0.000000 168.000000 50.000000
0.7300 22.1100 15.8700 627.000000 0.000000 168.000000 49.000000
0.7400 22.1100 15.8100 622.000000 0.000000 168.000000 49.000000
0.7500 22.0100 15.7300 624.000000 0.000000 168.000000 49.000000
0.7600 21.9500 15.5700 622.000000 0.000000 169.000000 48.000000
0.7700 21.8900 15.3500 625.000000 0.000000 169.000000 48.000000
0.7800 21.7900 15.0400 627.000000 0.000000 169.000000 48.000000
0.7900 21.6900 14.6800 628.000000 0.000000 169.000000 48.000000
0.8000 21.6100 14.2600 630.000000 0.000000 167.000000 49.000000
0.8100 21.4800 13.8000 634.000000 0.000000 167.000000 49.000000
0.8200 21.4000 13.2800 636.000000 0.000000 167.000000 49.000000
0.8300 21.4000 12.7500 638.000000 0.000000 167.000000 50.000000
0.8400 21.3400 12.1900 647.000000 0.000000 168.000000 50.000000
0.8500 21.3400 11.5400 647.000000 0.000000 167.000000 51.000000
0.8600 21.3400 10.9900 636.000000 0.000000 167.000000 51.000000
0.8700 21.3400 10.5400 647.000000 0.000000 167.000000 52.000000
0.8800 21.2800 10.0800 636.000000 0.000000 167.000000 52.000000
0.8900 21.2800 9.6900 636.000000 0.000000 167.000000 52.000000
0.9000 21.2100 9.3500 637.000000 0.000000 167.000000 52.000000
0.9100 21.2100 9.0600 636.000000 0.000000 167.000000 52.000000
0.9200 21.2100 8.8300 647.000000 0.000000 167.000000 51.000000
0.9300 21.1600 8.6400 641.000000 0.000000 167.000000 51.000000
0.9400 21.1600 8.6400 642.000000 0.000000 167.000000 51.000000
0.9500 21.1600 8.5800 636.000000 0.000000 167.000000 51.000000
0.9600 21.1600 8.5800 592.000000 0.000000 168.000000 50.000000
0.9700 21.0800 8.6400 363.000000 0.000000 168.000000 50.000000
0.9800 20.9100 8.7900 12.000000 1.000000 168.000000 50.000000
0.9900 20.9100 8.7900 0.000000 0.000000 168.000000 50.000000
1.0000 20.3100 9.2300 0.000000 0.000000 168.000000 50.000000
1.0100 19.9400 9.5700 0.000000 0.000000 168.000000 50.000000
1.0200 19.5200 9.9200 0.000000 0.000000 167.000000 50.000000
1.0300 19.0500 10.2800 0.000000 0.000000 167.000000 49.000000
1.0400 18.6900 10.6000 0.000000 0.000000 168.000000 47.000000
1.0500 18.5000 10.8900 0.000000 0.000000 167.000000 46.000000
1.0600 18.4300 11.1300 0.000000 0.000000 167.000000 44.000000
1.0700 18.5500 11.3600 0.000000 0.000000 166.000000 43.000000
1.0800 18.6900 11.7500 0.000000 0.000000 167.000000 41.000000
1.0900 18.6900 12.2500 0.000000 0.000000 167.000000 40.000000
1.1000 18.5500 12.6400 0.000000 0.000000 167.000000 39.000000
1.1100 18.3500 13.0000 0.000000 0.000000 168.000000 38.000000
1.1200 18.1600 13.2700 0.000000 0.000000 168.000000 38.000000
1.1300 18.0100 13.4500 0.000000 0.000000 169.000000 38.000000
1.1400 17.8700 13.5700 0.000000 0.000000 169.000000 38.000000
1.1500 17.7400 13.6700 0.000000 0.000000 169.000000 38.000000
1.1600 17.6300 13.7400 0.000000 0.000000 169.000000 39.000000
1.1700 17.5400 13.8000 0.000000 0.000000 169.000000 39.000000
1.1800 17.5400 13.8600 0.000000 0.000000 169.000000 39.000000
1.1900 17.5400 13.9200 0.000000 0.000000 169.000000 40.000000
1.2000 17.5400 13.9200 34.000000 1.000000 168.000000 41.000000
1.2100 17.5400 13.9200 151.000000 0.000000 167.000000 42.000000
1.2200 17.5400 13.9200 193.000000 0.000000 166.000000 43.000000
1.2300 17.5400 13.9200 235.000000 0.000000 166.000000 44.000000
1.2400 17.5400 13.9200 286.000000 0.000000 164.000000 45.000000
1.2500 17.5400 13.9200 334.000000 0.000000 164.000000 46.000000
1.2600 17.5400 13.9200 377.000000 0.000000 163.000000 47.000000
1.2700 17.8400 14.1400 405.000000 0.000000 162.000000 47.000000
1.2800 17.8400 14.1400 441.000000 0.000000 162.000000 48.000000
1.2900 17.8400 14.0700 481.000000 0.000000 163.000000 48.000000
1.3000 17.8400 14.0700 516.000000 0.000000 163.000000 48.000000
1.3100 17.8400 14.0200 551.000000 0.000000 163.000000 48.000000
1.3200 17.8900 13.9500 569.000000 0.000000 163.000000 48.000000
1.3300 17.8900 13.8600 602.000000 0.000000 163.000000 48.000000
1.3400 17.8400 13.6000 614.000000 0.000000 163.000000 48.000000
1.3500 17.7700 13.2300 611.000000 0.000000 163.000000 48.000000
1.3600 17.7700 12.8200 628.000000 0.000000 162.000000 49.000000
1.3700 17.7700 12.3800 631.000000 0.000000 162.000000 49.000000
1.3800 17.8500 11.8700 641.000000 0.000000 162.000000 49.000000
1.3900 17.9400 11.3500 643.000000 0.000000 162.000000 49.000000
1.4000 17.9400 10.8200 646.000000 0.000000 162.000000 49.000000
1.4100 17.8500 10.3200 653.000000 0.000000 162.000000 49.000000
1.4200 17.8500 9.9000 661.000000 0.000000 162.000000 49.000000
1.4300 17.8500 9.5100 681.000000 0.000000 162.000000 49.000000
1.4400 17.8500 9.2000 690.000000 0.000000 162.000000 49.000000
1.4500 17.9100 8.9800 717.000000 0.000000 162.000000 49.000000
1.4600 17.9100 8.8200 731.000000 0.000000 162.000000 49.000000
1.4700 17.9100 8.7100 722.000000 0.000000 162.000000 49.000000
1.4800 17.9100 8.7100 731.000000 0.000000 163.000000 48.000000
1.4900 17.9100 8.7100 740.000000 0.000000 163.000000 48.000000
1.5000 17.9100 8.7100 743.000000 0.000000 163.000000 48.000000
1.5100 17.9100 8.7100 721.000000 0.000000 163.000000 48.000000
1.5200 17.9100 8.7100 655.000000 0.000000 163.000000 48.000000
1.5300 17.8600 8.8000 448.000000 0.000000 163.000000 48.000000
1.5400 17.7700 8.8900 1.000000 1.000000 163.000000 48.000000
1.5500 17.7700 8.8900 0.000000 0.000000 163.000000 48.000000
1.5600 17.4400 9.5300 0.000000 0.000000 163.000000 48.000000
1.5700 17.3000 10.1100 0.000000 0.000000 164.000000 48.000000
1.5800 17.3500 10.5400 0.000000 0.000000 164.000000 48.000000
1.5900 17.5200 10.9200 0.000000 0.000000 165.000000 47.000000
1.6000 17.6600 11.2000 0.000000 0.000000 165.000000 46.000000
1.6100 17.8400 11.3800 0.000000 0.000000 166.000000 45.000000
1.6200 18.0900 11.4600 0.000000 0.000000 166.000000 44.000000
1.6300 18.1800 11.4600 0.000000 0.000000 166.000000 43.000000
1.6400 18.1800 11.3400 0.000000 0.000000 167.000000 43.000000
1.6500 18.0700 11.3400 0.000000 0.000000 167.000000 43.000000
1.6600 18.0200 11.3400 0.000000 0.000000 167.000000 43.000000
1.6700 18.0200 11.4800 0.000000 0.000000 166.000000 44.000000
1.6800 17.9600 11.5900 0.000000 0.000000 166.000000 45.000000
1.6900 17.9100 11.6700 0.000000 0.000000 165.000000 46.000000
1.7000 17.9100 11.6700 71.000000 1.000000 165.000000 47.000000
1.7100 17.9100 11.6700 139.000000 0.000000 164.000000 48.000000
1.7200 17.9100 11.6700 180.000000 0.000000 164.000000 48.000000
1.7300 17.9100 11.6700 220.000000 0.000000 164.000000 48.000000
1.7400 17.6200 11.7800 265.000000 0.000000 163.000000 48.000000
1.7500 17.5300 11.7800 287.000000 0.000000 163.000000 48.000000
1.7600 17.4400 11.7200 319.000000 0.000000 163.000000 48.000000
1.7700 17.3600 11.7200 356.000000 0.000000 163.000000 48.000000
1.7800 17.2900 11.6200 381.000000 0.000000 163.000000 48.000000
1.7900 17.2100 11.5300 412.000000 0.000000 163.000000 48.000000
1.8000 17.1300 11.4100 435.000000 0.000000 163.000000 48.000000
1.8100 16.9800 11.2700 443.000000 0.000000 163.000000 48.000000
1.8200 16.7900 11.1200 449.000000 0.000000 164.000000 48.000000
1.8300 16.5800 11.0000 443.000000 0.000000 165.000000 48.000000
1.8400 16.4600 10.8300 445.000000 0.000000 166.000000 48.000000
1.8500 16.3900 10.7300 442.000000 0.000000 170.000000 49.000000
1.8600 16.3900 10.7300 461.000000 0.000000 172.000000 49.000000
1.8700 16.4700 10.5900 472.000000 0.000000 174.000000 49.000000
1.8800 16.6200 10.5000 472.000000 0.000000 175.000000 49.000000
1.8900 16.8100 10.4200 480.000000 0.000000 175.000000 49.000000
1.9000 17.0100 10.4200 495.000000 0.000000 174.000000 49.000000
1.9100 17.2500 10.3600 495.000000 0.000000 173.000000 49.000000
1.9200 17.5000 10.3600 493.000000 0.000000 172.000000 49.000000
1.9300 17.7600 10.3000 495.000000 0.000000 169.000000 48.000000
1.9400 17.9500 10.3000 493.000000 0.000000 166.000000 48.000000
1.9500 18.1300 10.2500 491.000000 0.000000 165.000000 49.000000
1.9600 18.3000 10.2500 491.000000 0.000000 163.000000 49.000000
1.9700 18.4200 10.1800 491.000000 0.000000 163.000000 49.000000
1.9800 18.5300 10.1800 491.000000 0.000000 163.000000 49.000000
1.9900 18.5300 10.1800 495.000000 0.000000 163.000000 49.000000
2.0000 18.4700 10.1100 498.000000 0.000000 163.000000 49.000000
2.0100 18.3900 10.0500 495.000000 0.000000 165.000000 49.000000
2.0200 18.1600 9.9500 496.000000 0.000000 165.000000 49.000000
2.0300 17.8400 9.8000 494.000000 0.000000 165.000000 49.000000
2.0400 17.6600 9.6600 492.000000 0.000000 165.000000 49.000000
2.0500 17.5200 9.5500 496.000000 0.000000 163.000000 49.000000
2.0600 17.4400 9.4500 481.000000 0.000000 163.000000 49.000000
2.0700 17.4400 9.3700 477.000000 0.000000 164.000000 48.000000
2.0800 17.4400 9.3100 475.000000 0.000000 164.000000 48.000000
2.0900 17.5900 9.3100 465.000000 0.000000 164.000000 48.000000
2.1000 17.7500 9.1900 460.000000 0.000000 164.000000 48.000000
2.1100 17.9200 9.1300 439.000000 0.000000 163.000000 48.000000
2.1200 18.0800 9.1300 440.000000 0.000000 163.000000 48.000000
2.1300 18.2300 9.0300 448.000000 0.000000 164.000000 48.000000
2.1400 18.5300 8.9500 436.000000 0.000000 164.000000 48.000000
2.1500 18.7800 8.8500 415.000000 0.000000 164.000000 48.000000
2.1600 19.0000 8.7600 422.000000 0.000000 164.000000 48.000000
2.1700 19.0600 8.6700 418.000000 0.000000 165.000000 48.000000
2.1800 19.0000 8.5700 438.000000 0.000000 165.000000 48.000000
2.1900 18.8700 8.4500 456.000000 0.000000 165.000000 48.000000
2.2000 18.6400 8.3200 464.000000 0.000000 165.000000 48.000000
2.2100 18.3600 8.1600 483.000000 0.000000 165.000000 48.000000
2.2200 18.0500 8.0700 496.000000 0.000000 165.000000 48.000000
2.2300 17.7400 8.0100 491.000000 0.000000 165.000000 48.000000
2.2400 17.4800 7.9600 443.000000 0.000000 165.000000 48.000000
2.2500 17.3000 7.9600 277.000000 0.000000 165.000000 48.000000
2.2600 17.1200 7.9600 20.000000 0.000000 164.000000 48.000000
2.2700 17.1200 7.9600 0.000000 1.000000 165.000000 47.000000
2.2800 16.8600 8.1200 0.000000 0.000000 165.000000 47.000000
2.2900 16.9500 8.3100 0.000000 0.000000 165.000000 47.000000
2.3000 17.0700 8.5400 0.000000 0.000000 165.000000 47.000000
2.3100 17.2600 8.7500 0.000000 0.000000 165.000000 46.000000
2.3200 17.4200 8.9200 0.000000 0.000000 165.000000 46.000000
2.3300 17.5600 9.0500 0.000000 0.000000 166.000000 45.000000
2.3400 17.6500 9.1000 0.000000 0.000000 167.000000 44.000000
2.3500 17.6500 9.1000 0.000000 0.000000 167.000000 43.000000
2.3600 17.6500 9.1700 0.000000 0.000000 168.000000 42.000000
2.3700 17.6500 9.1700 0.000000 0.000000 167.000000 42.000000
2.3800 17.6500 9.2400 0.000000 0.000000 167.000000 41.000000
2.3900 17.6000 9.3200 0.000000 0.000000 167.000000 41.000000
2.4000 17.6000 9.3700 0.000000 0.000000 167.000000 40.000000
2.4100 17.5400 9.4200 0.000000 0.000000 167.000000 40.000000
2.4200 17.5400 9.4700 0.000000 0.000000 167.000000 40.000000
2.4300 17.4900 9.4700 0.000000 0.000000 167.000000 39.000000
2.4400 17.4900 9.5200 0.000000 0.000000 167.000000 39.000000
2.4500 17.4300 9.5200 0.000000 0.000000 166.000000 39.000000
2.4600 17.3700 9.5200 0.000000 0.000000 166.000000 39.000000
2.4700 17.3200 9.4600 0.000000 0.000000 166.000000 39.000000
2.4800 17.2600 9.4600 0.000000 0.000000 166.000000 39.000000
2.4900 17.2600 9.3900 0.000000 0.000000 166.000000 39.000000
2.5000 17.2600 9.3900 0.000000 0.000000 166.000000 38.000000
2.5100 17.2600 9.3900 0.000000 0.000000 165.000000 38.000000
2.5200 17.2600 9.3900 0.000000 0.000000 165.000000 38.000000
2.5300 17.1500 9.3000 0.000000 0.000000 166.000000 37.000000
2.5400 17.0500 9.2400 0.000000 0.000000 165.000000 37.000000
2.5500 17.0000 9.1600 0.000000 0.000000 165.000000 37.000000
2.5600 16.9000 9.0800 0.000000 0.000000 165.000000 36.000000
2.5700 16.7700 9.0800 0.000000 0.000000 165.000000 36.000000
2.5800 16.5300 9.0200 0.000000 0.000000 165.000000 36.000000
2.5900 16.3100 9.0200 0.000000 0.000000 166.000000 36.000000
2.6000 16.1100 8.9700 0.000000 0.000000 169.000000 36.000000
2.6100 15.9400 8.9200 0.000000 0.000000 171.000000 37.000000
2.6200 15.7900 8.8600 0.000000 0.000000 174.000000 37.000000
2.6300 15.6800 8.7500 0.000000 0.000000 177.000000 38.000000
2.6400 15.6200 8.6100 0.000000 0.000000 180.000000 38.000000
2.6500 15.6200 8.4700 0.000000 0.000000 183.000000 38.000000
2.6600 15.5700 8.2700 0.000000 0.000000 185.000000 38.000000
2.6700 15.4900 8.0700 0.000000 0.000000 188.000000 39.000000
2.6800 15.3700 7.8600 0.000000 0.000000 190.000000 39.000000
2.6900 15.2700 7.6300 0.000000 0.000000 191.000000 39.000000
2.7000 15.2700 7.4700 0.000000 0.000000 191.000000 39.000000
2.7100 15.4000 7.3500 0.000000 0.000000 192.000000 40.000000
2.7200 15.5400 7.2500 0.000000 0.000000 193.000000 40.000000
2.7300 15.7100 7.1500 0.000000 0.000000 194.000000 41.000000
2.7400 15.8900 7.0400 0.000000 0.000000 194.000000 41.000000
2.7500 16.0500 6.9300 0.000000 0.000000 194.000000 41.000000
2.7600 16.1600 6.8100 0.000000 0.000000 194.000000 41.000000
2.7700 16.2300 6.7200 0.000000 0.000000 194.000000 41.000000
2.7800 16.2300 6.6400 0.000000 0.000000 194.000000 41.000000
2.7900 16.2300 6.6400 0.000000 0.000000 195.000000 41.000000
2.8000 16.2300 6.6400 0.000000 0.000000 195.000000 41.000000
2.8100 16.1600 6.8000 0.000000 0.000000 195.000000 41.000000
2.8200 16.0800 6.9600 0.000000 0.000000 195.000000 41.000000
2.8300 15.9800 7.1200 0.000000 0.000000 196.000000 41.000000
2.8400 15.8600 7.2500 0.000000 0.000000 196.000000 41.000000
2.8500 15.6400 7.3800 0.000000 0.000000 196.000000 41.000000
2.8600 15.3500 7.5100 0.000000 0.000000 195.000000 41.000000
2.8700 15.1500 7.6100 0.000000 0.000000 195.000000 41.000000
2.8800 15.0600 7.7300 0.000000 0.000000 195.000000 41.000000
2.8900 15.0600 7.8700 0.000000 0.000000 195.000000 41.000000
2.9000 15.0600 7.9600 0.000000 0.000000 195.000000 41.000000
2.9100 15.0600 8.0500 0.000000 0.000000 195.000000 41.000000
2.9200 15.0600 8.1200 0.000000 0.000000 195.000000 41.000000
2.9300 14.9600 8.1200 0.000000 0.000000 194.000000 41.000000
2.9400 14.8400 8.1200 0.000000 0.000000 194.000000 41.000000
2.9500 14.7200 8.1200 0.000000 0.000000 194.000000 41.000000
2.9600 14.5800 8.1200 0.000000 0.000000 194.000000 41.000000
2.9700 14.4500 8.0200 0.000000 0.000000 194.000000 41.000000
2.9800 14.3200 7.8500 0.000000 0.000000 193.000000 41.000000
2.9900 14.2700 7.6600 0.000000 0.000000 192.000000 41.000000
3.0000 14.2700 7.4600 0.000000 0.000000 191.000000 41.000000
3.0100 14.2700 7.3500 0.000000 0.000000 190.000000 42.000000
3.0200 14.3600 7.2900 0.000000 0.000000 189.000000 42.000000
3.0300 14.4500 7.2400 0.000000 0.000000 188.000000 42.000000
3.0400 14.5700 7.2400 0.000000 0.000000 187.000000 42.000000
3.0500 14.6900 7.2400 0.000000 0.000000 187.000000 42.000000
3.0600 14.6900 7.2400 5.000000 0.000000 187.000000 42.000000
3.0700 14.6900 7.2400 68.000000 1.000000 188.000000 42.000000
3.0800 14.6900 7.2400 134.000000 0.000000 188.000000 43.000000
3.0900 15.0200 7.1800 180.000000 0.000000 189.000000 43.000000
3.1000 15.1300 7.2400 223.000000 0.000000 189.000000 43.000000
3.1100 15.2600 7.3400 270.000000 0.000000 189.000000 43.000000
3.1200 15.3800 7.4400 292.000000 0.000000 190.000000 43.000000
3.1300 15.4600 7.5400 344.000000 0.000000 191.000000 44.000000
3.1400 15.4600 7.6500 391.000000 0.000000 191.000000 44.000000
3.1500 15.3700 7.7400 443.000000 0.000000 191.000000 44.000000
3.1600 15.2500 7.8200 453.000000 0.000000 190.000000 44.000000
3.1700 15.0900 7.9000 474.000000 0.000000 190.000000 44.000000
3.1800 14.8800 7.9600 483.000000 0.000000 190.000000 44.000000
3.1900 14.6300 8.0100 499.000000 0.000000 190.000000 45.000000
3.2000 14.4400 8.0100 502.000000 0.000000 190.000000 45.000000
3.2100 14.2800 8.0900 505.000000 0.000000 190.000000 45.000000
3.2200 14.0700 8.0900 512.000000 0.000000 191.000000 44.000000
3.2300 13.8900 8.0900 518.000000 0.000000 191.000000 45.000000
3.2400 13.7400 8.0900 524.000000 0.000000 191.000000 45.000000
3.2500 13.5900 7.9900 530.000000 0.000000 191.000000 45.000000
3.2600 13.4900 7.9100 535.000000 0.000000 191.000000 45.000000
3.2700 13.4300 7.8200 533.000000 0.000000 191.000000 45.000000
3.2800 13.3800 7.7000 535.000000 0.000000 191.000000 45.000000
3.2900 13.3100 7.5900 541.000000 0.000000 191.000000 45.000000
3.3000 13.2100 7.4200 536.000000 0.000000 191.000000 45.000000
3.3100 13.0900 7.2100 537.000000 0.000000 191.000000 45.000000
3.3200 12.9900 7.0600 543.000000 0.000000 192.000000 45.000000
3.3300 12.9900 6.9600 542.000000 0.000000 192.000000 44.000000
3.3400 12.9900 6.8100 546.000000 0.000000 192.000000 44.000000
3.3500 13.0800 6.7300 544.000000 0.000000 192.000000 44.000000
3.3600 13.1500 6.7300 546.000000 0.000000 192.000000 44.000000
3.3700 13.2100 6.7300 544.000000 0.000000 192.000000 44.000000
3.3800 13.2100 6.7300 536.000000 0.000000 192.000000 44.000000
3.3900 13.2100 6.7300 537.000000 0.000000 193.000000 44.000000
3.4000 13.2100 6.7300 536.000000 0.000000 193.000000 44.000000
3.4100 13.2600 6.7300 537.000000 0.000000 193.000000 44.000000
3.4200 13.2600 6.7300 546.000000 0.000000 193.000000 44.000000
3.4300 13.2600 6.7300 538.000000 0.000000 193.000000 44.000000
3.4400 13.2600 6.7300 519.000000 0.000000 193.000000 44.000000
3.4500 13.2600 6.7300 522.000000 0.000000 193.000000 44.000000
3.4600 13.2600 6.6700 512.000000 0.000000 193.000000 44.000000
3.4700 13.3400 6.6100 522.000000 0.000000 193.000000 44.000000
3.4800 13.4400 6.5500 512.000000 0.000000 193.000000 44.000000
3.4900 13.4400 6.4900 512.000000 0.000000 192.000000 44.000000
3.5000 13.4400 6.4900 512.000000 0.000000 192.000000 44.000000
3.5100 13.4400 6.4900 515.000000 0.000000 192.000000 43.000000
3.5200 13.5000 6.4900 518.000000 0.000000 192.000000 43.000000
3.5300 13.5000 6.4900 527.000000 0.000000 192.000000 43.000000
3.5400 13.5000 6.4900 529.000000 0.000000 192.000000 43.000000
3.5500 13.5000 6.4900 530.000000 0.000000 191.000000 42.000000
3.5600 13.5500 6.4900 533.000000 0.000000 191.000000 42.000000
3.5700 13.6000 6.4900 538.000000 0.000000 191.000000 42.000000
3.5800 13.7300 6.4100 537.000000 0.000000 191.000000 42.000000
3.5900 13.8900 6.4100 540.000000 0.000000 191.000000 42.000000
3.6000 14.0400 6.4100 537.000000 0.000000 191.000000 42.000000
3.6100 14.1500 6.4100 533.000000 0.000000 191.000000 42.000000
3.6200 14.1500 6.4100 533.000000 0.000000 191.000000 42.000000
3.6300 14.2000 6.4100 532.000000 0.000000 191.000000 42.000000
3.6400 14.2000 6.4100 535.000000 0.000000 191.000000 42.000000
3.6500 14.2000 6.4100 537.000000 0.000000 191.000000 42.000000
3.6600 14.2000 6.4100 540.000000 0.000000 191.000000 42.000000
3.6700 14.2000 6.4600 543.000000 0.000000 191.000000 42.000000
3.6800 14.2000 6.4600 536.000000 0.000000 192.000000 43.000000
3.6900 14.2500 6.5700 540.000000 0.000000 191.000000 44.000000
3.7000 14.2500 6.6600 540.000000 0.000000 191.000000 44.000000
3.7100 14.3400 6.7800 542.000000 0.000000 191.000000 44.000000
3.7200 14.4600 6.9200 539.000000 0.000000 191.000000 44.000000
3.7300 14.5400 7.0800 537.000000 0.000000 191.000000 44.000000
3.7400 14.5400 7.1900 542.000000 0.000000 191.000000 45.000000
3.7500 14.5400 7.2800 542.000000 0.000000 191.000000 45.000000
3.7600 14.4300 7.3600 542.000000 0.000000 191.000000 45.000000
3.7700 14.3200 7.4400 543.000000 0.000000 191.000000 45.000000
3.7800 14.2000 7.5100 553.000000 0.000000 191.000000 45.000000
3.7900 14.0800 7.5800 553.000000 0.000000 191.000000 45.000000
3.8000 13.9600 7.6500 556.000000 0.000000 191.000000 45.000000
3.8100 13.8300 7.7100 562.000000 0.000000 191.000000 45.000000
3.8200 13.6800 7.7600 553.000000 0.000000 191.000000 45.000000
3.8300 13.5400 7.8200 557.000000 0.000000 191.000000 45.000000
3.8400 13.3900 7.8200 551.000000 0.000000 191.000000 45.000000
3.8500 13.2900 7.8200 539.000000 0.000000 191.000000 45.000000
3.8600 13.2100 7.7200 529.000000 0.000000 191.000000 45.000000
3.8700 13.1400 7.6300 495.000000 0.000000 191.000000 45.000000
3.8800 13.0600 7.4800 400.000000 0.000000 191.000000 45.000000
3.8900 13.0600 7.3600 279.000000 0.000000 191.000000 45.000000
3.9000 13.1400 7.2700 148.000000 0.000000 191.000000 45.000000
3.9100 13.1400 7.2700 0.000000 1.000000 191.000000 45.000000
3.9200 13.3100 7.1800 0.000000 0.000000 190.000000 46.000000
3.9300 13.4400 7.1800 0.000000 0.000000 190.000000 46.000000
3.9400 13.4400 7.1800 0.000000 0.000000 189.000000 45.000000
3.9500 13.5000 7.1800 0.000000 0.000000 189.000000 45.000000
3.9600 13.5000 7.0600 0.000000 0.000000 188.000000 45.000000
3.9700 13.5000 6.9700 0.000000 0.000000 188.000000 45.000000
3.9800 13.4300 6.8900 0.000000 0.000000 187.000000 45.000000
3.9900 13.3800 6.8100 0.000000 0.000000 187.000000 45.000000
4.0000 13.3300 6.7300 0.000000 0.000000 187.000000 45.000000
4.0100 13.3300 6.6800 0.000000 0.000000 187.000000 44.000000
4.0200 13.4100 6.6800 0.000000 0.000000 187.000000 44.000000
4.0300 13.4100 6.6800 0.000000 0.000000 187.000000 44.000000
4.0400 13.4800 6.6800 0.000000 0.000000 187.000000 44.000000
4.0500 13.5600 6.6800 0.000000 0.000000 187.000000 43.000000
4.0600 13.6600 6.6800 0.000000 0.000000 187.000000 43.000000
4.0700 13.7300 6.7700 0.000000 0.000000 187.000000 43.000000
4.0800 13.7300 6.8600 0.000000 0.000000 186.000000 44.000000
4.0900 13.7300 6.8600 0.000000 0.000000 186.000000 44.000000
4.1000 13.7300 6.8600 0.000000 0.000000 186.000000 44.000000
4.1100 13.6800 6.8600 0.000000 0.000000 185.000000 45.000000
4.1200 13.6100 6.8600 0.000000 0.000000 185.000000 45.000000
4.1300 13.5300 6.8600 0.000000 0.000000 185.000000 45.000000
4.1400 13.5300 6.8600 0.000000 0.000000 185.000000 45.000000
4.1500 13.5300 6.8600 0.000000 0.000000 185.000000 45.000000
4.1600 13.5300 6.8600 0.000000 0.000000 185.000000 45.000000
4.1700 13.5300 6.8600 0.000000 0.000000 185.000000 45.000000
4.1800 13.5900 6.8600 0.000000 0.000000 186.000000 45.000000
4.1900 13.6800 6.9300 0.000000 0.000000 186.000000 45.000000
4.2000 13.7600 7.0000 0.000000 0.000000 186.000000 45.000000
4.2100 13.8200 7.0000 0.000000 0.000000 186.000000 45.000000
4.2200 13.8200 7.0000 0.000000 0.000000 187.000000 45.000000
4.2300 13.8200 7.0000 0.000000 0.000000 187.000000 45.000000
4.2400 13.7500 7.0000 0.000000 0.000000 187.000000 45.000000
4.2500 13.6700 7.0000 0.000000 0.000000 188.000000 45.000000
4.2600 13.5900 6.9400 0.000000 0.000000 188.000000 45.000000
4.2700 13.5900 6.8700 0.000000 0.000000 187.000000 45.000000
4.2800 13.5400 6.7900 0.000000 0.000000 187.000000 45.000000
4.2900 13.5400 6.7400 0.000000 0.000000 187.000000 45.000000
4.3000 13.4700 6.7400 0.000000 0.000000 186.000000 45.000000
4.3100 13.4200 6.7400 0.000000 0.000000 186.000000 45.000000
4.3200 13.3500 6.7400 0.000000 0.000000 186.000000 45.000000
4.3300 13.2800 6.7400 0.000000 0.000000 185.000000 45.000000
4.3400 13.2000 6.7400 0.000000 0.000000 185.000000 45.000000
4.3500 13.1100 6.7400 0.000000 0.000000 185.000000 45.000000
4.3600 13.0100 6.7400 0.000000 0.000000 185.000000 45.000000
4.3700 12.9100 6.6600 0.000000 0.000000 185.000000 45.000000
4.3800 12.8000 6.5900 0.000000 0.000000 185.000000 45.000000
4.3900 12.8000 6.5400 0.000000 0.000000 185.000000 44.000000
4.4000 12.8000 6.5400 0.000000 0.000000 185.000000 44.000000
4.4100 12.8000 6.5400 13.000000 0.000000 185.000000 44.000000
4.4200 12.8000 6.5400 42.000000 1.000000 185.000000 44.000000
4.4300 12.8000 6.5400 50.000000 0.000000 185.000000 43.000000
4.4400 12.8000 6.5400 93.000000 0.000000 184.000000 43.000000
4.4500 12.8000 6.5400 139.000000 0.000000 184.000000 43.000000
4.4600 12.8000 6.5400 156.000000 0.000000 184.000000 42.000000
4.4700 12.8000 6.5400 172.000000 0.000000 184.000000 42.000000
4.4800 12.8000 6.5400 175.000000 0.000000 184.000000 42.000000
4.4900 12.8000 6.5400 203.000000 0.000000 184.000000 42.000000
4.5000 12.6900 6.2600 212.000000 0.000000 184.000000 42.000000
4.5100 12.6900 6.2600 233.000000 0.000000 184.000000 42.000000
4.5200 12.7700 6.1900 262.000000 0.000000 184.000000 42.000000
4.5300 12.9000 6.1900 287.000000 0.000000 184.000000 42.000000
4.5400 13.1300 6.1900 289.000000 0.000000 185.000000 42.000000
4.5500 13.4300 6.2700 299.000000 0.000000 186.000000 43.000000
4.5600 13.7700 6.3300 309.000000 0.000000 186.000000 43.000000
4.5700 14.1700 6.4000 309.000000 0.000000 187.000000 43.000000
4.5800 14.6000 6.4700 314.000000 0.000000 187.000000 43.000000
4.5900 15.0700 6.5300 327.000000 0.000000 189.000000 44.000000
4.6000 15.6400 6.5300 327.000000 0.000000 189.000000 44.000000
4.6100 16.2800 6.6400 332.000000 0.000000 189.000000 44.000000
4.6200 16.9800 6.7500 337.000000 0.000000 187.000000 45.000000
4.6300 17.6300 6.8500 345.000000 0.000000 184.000000 46.000000
4.6400 18.1800 6.9300 349.000000 0.000000 181.000000 46.000000
4.6500 18.6800 7.0100 371.000000 0.000000 178.000000 47.000000
4.6600 19.1800 7.0900 371.000000 0.000000 175.000000 47.000000
4.6700 19.6400 7.1400 373.000000 0.000000 171.000000 48.000000
4.6800 20.0700 7.1400 373.000000 0.000000 169.000000 48.000000
4.6900 20.4900 7.1400 361.000000 0.000000 166.000000 48.000000
4.7000 20.9100 7.1400 361.000000 0.000000 166.000000 49.000000
4.7100 21.3300 7.1900 366.000000 0.000000 166.000000 49.000000
4.7200 21.8300 7.1900 366.000000 0.000000 167.000000 49.000000
4.7300 22.3400 7.2600 367.000000 0.000000 168.000000 50.000000
4.7400 22.8700 7.3100 371.000000 0.000000 168.000000 50.000000
4.7500 23.3500 7.3600 371.000000 0.000000 169.000000 50.000000
4.7600 23.7900 7.3600 374.000000 0.000000 170.000000 51.000000
4.7700 24.2300 7.3600 377.000000 0.000000 170.000000 52.000000
4.7800 24.6700 7.4200 376.000000 0.000000 171.000000 52.000000
4.7900 25.1000 7.4200 377.000000 0.000000 171.000000 52.000000
4.8000 25.5000 7.4200 379.000000 0.000000 172.000000 52.000000
4.8100 25.9100 7.4200 382.000000 0.000000 172.000000 52.000000
4.8200 26.3300 7.4700 396.000000 0.000000 174.000000 52.000000
4.8300 26.7400 7.4700 412.000000 0.000000 174.000000 52.000000
4.8400 27.0600 7.4700 422.000000 0.000000 173.000000 53.000000
4.8500 27.3200 7.4700 431.000000 0.000000 173.000000 53.000000
4.8600 27.6100 7.4700 436.000000 0.000000 171.000000 53.000000
4.8700 27.9100 7.4700 443.000000 0.000000 169.000000 53.000000
4.8800 28.2200 7.4700 441.000000 0.000000 167.000000 52.000000
4.8900 28.5300 7.4700 443.000000 0.000000 165.000000 53.000000
4.9000 28.8000 7.4700 448.000000 0.000000 162.000000 53.000000
4.9100 29.0500 7.4700 449.000000 0.000000 161.000000 52.000000
4.9200 29.2800 7.4700 440.000000 0.000000 161.000000 52.000000
4.9300 29.4800 7.4700 452.000000 0.000000 161.000000 52.000000
4.9400 29.6800 7.5200 458.000000 0.000000 160.000000 53.000000
4.9500 29.7800 7.5200 474.000000 0.000000 160.000000 53.000000
4.9600 29.7800 7.5700 477.000000 0.000000 162.000000 54.000000
4.9700 29.9100 7.6300 485.000000 0.000000 162.000000 54.000000
4.9800 30.0200 7.7300 488.000000 0.000000 162.000000 54.000000
4.9900 30.1700 7.8300 501.000000 0.000000 163.000000 54.000000
5.0000 30.3500 7.9400 509.000000 0.000000 163.000000 54.000000
5.0100 30.4900 8.1300 512.000000 0.000000 163.000000 54.000000
5.0200 30.6200 8.3400 527.000000 0.000000 163.000000 54.000000
5.0300 30.7800 8.5700 532.000000 0.000000 164.000000 55.000000
5.0400 30.9300 8.8600 533.000000 0.000000 164.000000 55.000000
5.0500 31.0600 9.2300 529.000000 0.000000 164.000000 55.000000
5.0600 31.2300 9.6600 529.000000 0.000000 163.000000 56.000000
5.0700 31.2800 10.0200 530.000000 0.000000 163.000000 56.000000
5.0800 31.2800 10.3300 529.000000 0.000000 163.000000 56.000000
5.0900 31.0100 10.5300 519.000000 0.000000 163.000000 56.000000
5.1000 30.6600 10.6600 518.000000 0.000000 163.000000 56.000000
5.1100 30.2400 10.7800 530.000000 0.000000 163.000000 57.000000
5.1200 29.8500 10.8700 530.000000 0.000000 163.000000 57.000000
5.1300 29.6300 10.8700 533.000000 0.000000 163.000000 57.000000
5.1400 29.5100 10.8700 535.000000 0.000000 163.000000 57.000000
5.1500 29.4400 10.8700 541.000000 0.000000 163.000000 57.000000
5.1600 29.3600 10.7900 536.000000 0.000000 162.000000 56.000000
5.1700 29.2800 10.6800 537.000000 0.000000 162.000000 56.000000
5.1800 29.1600 10.5600 559.000000 0.000000 162.000000 56.000000
5.1900 29.0300 10.3000 565.000000 0.000000 162.000000 56.000000
5.2000 28.8800 9.9600 563.000000 0.000000 162.000000 56.000000
5.2100 28.7600 9.6100 567.000000 0.000000 162.000000 56.000000
5.2200 28.7000 9.2400 567.000000 0.000000 162.000000 56.000000
5.2300 28.7000 8.8200 563.000000 0.000000 162.000000 56.000000
5.2400 28.6100 8.3400 568.000000 0.000000 160.000000 55.000000
5.2500 28.6100 7.8800 570.000000 0.000000 161.000000 55.000000
5.2600 28.5500 7.4600 570.000000 0.000000 161.000000 55.000000
5.2700 28.5500 7.0200 570.000000 0.000000 160.000000 54.000000
5.2800 28.5500 6.5600 560.000000 0.000000 160.000000 53.000000
5.2900 28.6500 6.0700 561.000000 0.000000 162.000000 54.000000
5.3000 28.7500 5.6700 557.000000 0.000000 162.000000 54.000000
5.3100 28.8500 5.3200 556.000000 0.000000 162.000000 53.000000
5.3200 28.9300 5.0000 551.000000 0.000000 164.000000 53.000000
5.3300 29.1000 4.8300 539.000000 0.000000 164.000000 54.000000
5.3400 29.2900 4.7600 538.000000 0.000000 166.000000 54.000000
5.3500 29.4800 4.6700 535.000000 0.000000 166.000000 54.000000
5.3600 29.6800 4.6700 526.000000 0.000000 167.000000 55.000000
5.3700 29.9500 4.8000 512.000000 0.000000 167.000000 55.000000
5.3800 30.1900 4.9800 522.000000 0.000000 167.000000 55.000000
5.3900 30.4000 5.1900 522.000000 0.000000 167.000000 55.000000
5.4000 30.5400 5.4300 522.000000 0.000000 167.000000 55.000000
5.4100 30.6300 5.7200 522.000000 0.000000 167.000000 55.000000
5.4200 30.6800 6.0400 516.000000 0.000000 165.000000 55.000000
5.4300 30.6200 6.3900 522.000000 0.000000 165.000000 55.000000
5.4400 30.5700 6.6800 530.000000 0.000000 166.000000 54.000000
5.4500 30.5100 6.9700 565.000000 0.000000 166.000000 54.000000
5.4600 30.4200 7.1400 570.000000 0.000000 166.000000 54.000000
5.4700 30.3300 7.2400 570.000000 0.000000 166.000000 53.000000
5.4800 30.3300 7.3300 570.000000 0.000000 166.000000 54.000000
5.4900 30.3300 7.3300 562.000000 0.000000 166.000000 54.000000
5.5000 30.3300 7.3300 554.000000 0.000000 166.000000 54.000000
5.5100 30.3900 7.2200 556.000000 0.000000 164.000000 54.000000
5.5200 30.4700 7.0300 540.000000 0.000000 164.000000 54.000000
5.5300 30.5800 6.8500 544.000000 0.000000 164.000000 54.000000
5.5400 30.7400 6.6900 546.000000 0.000000 164.000000 54.000000
5.5500 31.0800 6.6000 544.000000 0.000000 164.000000 54.000000
5.5600 31.5500 6.5500 535.000000 0.000000 164.000000 54.000000
5.5700 32.1600 6.5500 521.000000 0.000000 166.000000 54.000000
5.5800 32.7800 6.6400 516.000000 0.000000 166.000000 53.000000
5.5900 33.3000 6.7700 513.000000 0.000000 166.000000 53.000000
5.6000 33.7500 6.9200 515.000000 0.000000 167.000000 54.000000
5.6100 34.0600 7.0800 516.000000 0.000000 169.000000 54.000000
5.6200 34.2300 7.2400 543.000000 0.000000 169.000000 54.000000
5.6300 34.3100 7.4100 551.000000 0.000000 170.000000 56.000000
5.6400 34.3100 7.5200 562.000000 0.000000 170.000000 56.000000
5.6500 34.2300 7.5800 565.000000 0.000000 170.000000 56.000000
5.6600 34.2300 7.5800 564.000000 0.000000 170.000000 56.000000
5.6700 34.2300 7.5200 565.000000 0.000000 171.000000 56.000000
5.6800 34.2300 7.4300 559.000000 0.000000 171.000000 56.000000
5.6900 34.2300 7.3000 551.000000 0.000000 171.000000 56.000000
5.7000 34.2300 7.1300 554.000000 0.000000 171.000000 56.000000
5.7100 34.2900 6.9600 551.000000 0.000000 171.000000 56.000000
5.7200 34.4200 6.8000 553.000000 0.000000 171.000000 56.000000
5.7300 34.6100 6.7200 553.000000 0.000000 171.000000 56.000000
5.7400 34.8200 6.6700 554.000000 0.000000 171.000000 56.000000
5.7500 35.0400 6.6700 554.000000 0.000000 171.000000 56.000000
5.7600 35.3000 6.7500 553.000000 0.000000 171.000000 56.000000
5.7700 35.5900 6.8800 548.000000 0.000000 171.000000 55.000000
5.7800 35.8600 7.0500 546.000000 0.000000 173.000000 55.000000
5.7900 36.0800 7.2800 551.000000 0.000000 173.000000 55.000000
5.8000 36.2800 7.4800 557.000000 0.000000 173.000000 55.000000
5.8100 36.3700 7.6700 567.000000 0.000000 174.000000 55.000000
5.8200 36.3700 7.6700 568.000000 0.000000 176.000000 55.000000
5.8300 36.3700 7.6700 560.000000 0.000000 176.000000 55.000000
5.8400 36.3700 7.6700 570.000000 0.000000 177.000000 55.000000
5.8500 36.3700 7.5600 570.000000 0.000000 177.000000 55.000000
5.8600 36.3700 7.4300 570.000000 0.000000 177.000000 55.000000
5.8700 36.3700 7.2700 567.000000 0.000000 177.000000 55.000000
5.8800 36.3700 7.1100 564.000000 0.000000 177.000000 55.000000
5.8900 36.4400 6.9900 559.000000 0.000000 177.000000 55.000000
5.9000 36.5400 6.9100 559.000000 0.000000 177.000000 55.000000
5.9100 36.7000 6.8200 554.000000 0.000000 177.000000 55.000000
5.9200 36.8900 6.8200 551.000000 0.000000 177.000000 55.000000
5.9300 37.1500 6.8700 553.000000 0.000000 177.000000 55.000000
5.9400 37.4600 6.9400 545.000000 0.000000 176.000000 55.000000
5.9500 37.7600 7.1000 537.000000 0.000000 173.000000 55.000000
5.9600 37.9400 7.3200 545.000000 0.000000 170.000000 55.000000
5.9700 38.0300 7.4800 546.000000 0.000000 167.000000 54.000000
5.9800 38.1500 7.6000 545.000000 0.000000 164.000000 54.000000
5.9900 38.2500 7.6000 543.000000 0.000000 162.000000 54.000000
6.0000 38.3100 7.6000 543.000000 0.000000 159.000000 53.000000
6.0100 38.3100 7.6000 545.000000 0.000000 158.000000 53.000000
6.0200 38.3800 7.4900 546.000000 0.000000 156.000000 53.000000
6.0300 38.4600 7.3600 548.000000 0.000000 155.000000 52.000000
6.0400 38.5900 7.1900 550.000000 0.000000 156.000000 53.000000
6.0500 38.7400 7.0600 553.000000 0.000000 156.000000 53.000000
6.0600 38.9300 6.9800 554.000000 0.000000 156.000000 53.000000
6.0700 39.1500 6.9300 556.000000 0.000000 156.000000 53.000000
6.0800 39.4000 6.8800 557.000000 0.000000 158.000000 53.000000
6.0900 39.6500 6.8800 556.000000 0.000000 158.000000 53.000000
6.1000 39.9400 6.9900 564.000000 0.000000 158.000000 53.000000
6.1100 40.2300 7.1000 564.000000 0.000000 159.000000 53.000000
6.1200 40.5300 7.1900 564.000000 0.000000 159.000000 53.000000
6.1300 40.7700 7.4300 556.000000 0.000000 160.000000 53.000000
6.1400 41.0200 7.7600 554.000000 0.000000 160.000000 53.000000
6.1500 41.1900 8.0800 550.000000 0.000000 161.000000 55.000000
6.1600 41.3800 8.4800 546.000000 0.000000 161.000000 55.000000
6.1700 41.5200 8.9400 550.000000 0.000000 163.000000 55.000000
6.1800 41.6300 9.4000 553.000000 0.000000 162.000000 56.000000
6.1900 41.7300 9.8300 557.000000 0.000000 163.000000 56.000000
6.2000 41.7300 10.2300 565.000000 0.000000 163.000000 57.000000
6.2100 41.7300 10.5900 561.000000 0.000000 163.000000 57.000000
6.2200 41.6500 10.8100 563.000000 0.000000 162.000000 58.000000
6.2300 41.5400 10.9200 569.000000 0.000000 161.000000 59.000000
6.2400 41.4600 10.9200 570.000000 0.000000 161.000000 59.000000
6.2500 41.3800 10.8600 574.000000 0.000000 161.000000 60.000000
6.2600 41.2100 10.6800 575.000000 0.000000 161.000000 60.000000
6.2700 40.9900 10.4400 578.000000 0.000000 161.000000 60.000000
6.2800 40.8700 10.2100 584.000000 0.000000 161.000000 60.000000
6.2900 40.7400 9.9300 595.000000 0.000000 161.000000 60.000000
6.3000 40.6200 9.6400 586.000000 0.000000 161.000000 60.000000
6.3100 40.5100 9.3700 591.000000 0.000000 161.000000 60.000000
6.3200 40.4100 9.1100 595.000000 0.000000 161.000000 60.000000
6.3300 40.2500 8.7900 595.000000 0.000000 161.000000 59.000000
6.3400 40.1300 8.5100 594.000000 0.000000 161.000000 59.000000
6.3500 40.0500 8.2900 592.000000 0.000000 160.000000 58.000000
6.3600 39.9400 8.0200 595.000000 0.000000 160.000000 58.000000
6.3700 39.7500 7.7500 599.000000 0.000000 161.000000 57.000000
6.3800 39.6200 7.4800 602.000000 0.000000 161.000000 57.000000
6.3900 39.5100 7.1700 606.000000 0.000000 161.000000 57.000000
6.4000 39.4200 6.8000 605.000000 0.000000 160.000000 56.000000
6.4100 39.3500 6.4900 603.000000 0.000000 160.000000 56.000000
6.4200 39.3000 6.2500 602.000000 0.000000 160.000000 55.000000
6.4300 39.3000 5.9900 602.000000 0.000000 162.000000 56.000000
6.4400 39.2100 5.7500 603.000000 0.000000 162.000000 56.000000
6.4500 39.1200 5.5300 611.000000 0.000000 164.000000 55.000000
6.4600 39.1200 5.2600 611.000000 0.000000 164.000000 55.000000
6.4700 39.1200 5.0400 614.000000 0.000000 165.000000 55.000000
6.4800 39.1200 4.8600 616.000000 0.000000 167.000000 55.000000
6.4900 39.1200 4.6100 613.000000 0.000000 167.000000 55.000000
6.5000 39.1800 4.3700 613.000000 0.000000 166.000000 56.000000
6.5100 39.1800 4.1500 613.000000 0.000000 166.000000 56.000000
6.5200 39.2400 3.9400 609.000000 0.000000 166.000000 57.000000
6.5300 39.2400 3.8500 613.000000 0.000000 166.000000 57.000000
6.5400 39.2400 3.7500 613.000000 0.000000 165.000000 58.000000
6.5500 39.2400 3.6600 613.000000 0.000000 165.000000 58.000000
6.5600 39.2400 3.6600 611.000000 0.000000 165.000000 59.000000
6.5700 39.2400 3.6600 606.000000 0.000000 165.000000 59.000000
6.5800 39.3000 3.3500 603.000000 0.000000 165.000000 59.000000
6.5900 39.3900 3.2200 591.000000 0.000000 165.000000 59.000000
6.6000 39.4400 3.1300 591.000000 0.000000 165.000000 59.000000
6.6100 39.5000 3.0800 589.000000 0.000000 165.000000 59.000000
6.6200 39.5700 3.0800 589.000000 0.000000 165.000000 59.000000
6.6300 39.6900 3.0800 588.000000 0.000000 164.000000 60.000000
6.6400 39.8300 3.0300 591.000000 0.000000 164.000000 60.000000
6.6500 40.0000 3.0300 595.000000 0.000000 164.000000 60.000000
6.6600 40.1700 3.1000 586.000000 0.000000 164.000000 60.000000
6.6700 40.3400 3.1800 586.000000 0.000000 164.000000 60.000000
6.6800 40.5500 3.2800 589.000000 0.000000 164.000000 60.000000
6.6900 40.7500 3.3900 588.000000 0.000000 164.000000 60.000000
6.7000 40.9500 3.5000 589.000000 0.000000 164.000000 60.000000
6.7100 41.1100 3.5800 588.000000 0.000000 162.000000 60.000000
6.7200 41.2700 3.6400 588.000000 0.000000 164.000000 60.000000
6.7300 41.4600 3.7400 588.000000 0.000000 164.000000 60.000000
6.7400 41.6000 3.8800 595.000000 0.000000 164.000000 60.000000
6.7500 41.7100 4.0100 588.000000 0.000000 164.000000 60.000000
6.7600 41.9000 4.1300 588.000000 0.000000 162.000000 60.000000
6.7700 42.0600 4.2500 588.000000 0.000000 162.000000 60.000000
6.7800 42.1800 4.3500 591.000000 0.000000 163.000000 59.000000
6.7900 42.2900 4.4100 591.000000 0.000000 163.000000 59.000000
6.8000 42.2900 4.4100 586.000000 0.000000 163.000000 59.000000
6.8100 42.2900 4.4100 591.000000 0.000000 163.000000 59.000000
6.8200 42.3500 4.5200 592.000000 0.000000 163.000000 59.000000
6.8300 42.3500 4.5200 595.000000 0.000000 163.000000 59.000000
6.8400 42.3500 4.5700 597.000000 0.000000 164.000000 58.000000
6.8500 42.3500 4.5700 599.000000 0.000000 164.000000 58.000000
6.8600 42.3500 4.5700 599.000000 0.000000 164.000000 58.000000
6.8700 42.3500 4.5700 602.000000 0.000000 164.000000 58.000000
6.8800 42.3500 4.5700 597.000000 0.000000 164.000000 58.000000
6.8900 42.4300 4.6200 599.000000 0.000000 164.000000 58.000000
6.9000 42.4900 4.6200 597.000000 0.000000 164.000000 58.000000
6.9100 42.5500 4.6900 599.000000 0.000000 165.000000 58.000000
6.9200 42.6300 4.7500 597.000000 0.000000 165.000000 58.000000
6.9300 42.6800 4.8000 595.000000 0.000000 165.000000 58.000000
6.9400 42.6800 4.8000 594.000000 0.000000 165.000000 58.000000
6.9500 42.7600 4.8000 592.000000 0.000000 165.000000 58.000000
6.9600 42.8300 4.8000 592.000000 0.000000 165.000000 58.000000
6.9700 42.8300 4.8500 592.000000 0.000000 167.000000 58.000000
6.9800 42.8300 4.8500 592.000000 0.000000 167.000000 58.000000
6.9900 42.8300 4.8500 588.000000 0.000000 167.000000 58.000000
7.0000 42.8300 4.8500 588.000000 0.000000 167.000000 58.000000
7.0100 42.8300 4.8500 586.000000 0.000000 167.000000 58.000000
7.0200 42.8300 4.8500 586.000000 0.000000 167.000000 58.000000
7.0300 42.8300 4.8500 588.000000 0.000000 167.000000 58.000000
7.0400 42.8300 4.8500 588.000000 0.000000 167.000000 58.000000
7.0500 42.8300 4.8500 588.000000 0.000000 167.000000 58.000000
7.0600 42.8300 4.8500 588.000000 0.000000 167.000000 58.000000
7.0700 42.8300 4.8500 592.000000 0.000000 167.000000 58.000000
7.0800 42.8300 4.8500 592.000000 0.000000 167.000000 58.000000
7.0900 42.8300 4.8500 591.000000 0.000000 167.000000 58.000000
7.1000 42.8300 4.9100 591.000000 0.000000 167.000000 58.000000
7.1100 42.8300 4.9600 589.000000 0.000000 165.000000 58.000000
7.1200 42.8300 4.9600 588.000000 0.000000 165.000000 58.000000
7.1300 42.8300 5.0300 586.000000 0.000000 165.000000 58.000000
7.1400 42.7500 5.0300 588.000000 0.000000 165.000000 58.000000
7.1500 42.7500 5.1400 586.000000 0.000000 165.000000 58.000000
7.1600 42.6700 5.2300 586.000000 0.000000 165.000000 58.000000
7.1700 42.6100 5.2800 586.000000 0.000000 165.000000 58.000000
7.1800 42.5300 5.3400 588.000000 0.000000 166.000000 57.000000
7.1900 42.4200 5.4100 589.000000 0.000000 166.000000 57.000000
7.2000 42.3200 5.4800 591.000000 0.000000 166.000000 57.000000
7.2100 42.2100 5.5500 592.000000 0.000000 166.000000 57.000000
7.2200 42.0200 5.6200 594.000000 0.000000 166.000000 57.000000
7.2300 41.7700 5.6200 594.000000 0.000000 166.000000 56.000000
7.2400 41.5000 5.6200 586.000000 0.000000 166.000000 56.000000
7.2500 41.1400 5.6200 586.000000 0.000000 166.000000 56.000000
7.2600 40.7300 5.6200 592.000000 0.000000 165.000000 56.000000
7.2700 40.3400 5.6800 592.000000 0.000000 165.000000 56.000000
7.2800 40.1200 5.6800 595.000000 0.000000 165.000000 56.000000
7.2900 40.0000 5.6000 603.000000 0.000000 165.000000 55.000000
7.3000 39.9500 5.5200 614.000000 0.000000 165.000000 55.000000
7.3100 39.8300 5.4400 614.000000 0.000000 165.000000 55.000000
7.3200 39.6700 5.3600 620.000000 0.000000 165.000000 55.000000
7.3300 39.5200 5.2500 610.000000 0.000000 167.000000 55.000000
7.3400 39.2500 5.1900 611.000000 0.000000 166.000000 56.000000
7.3500 38.8900 5.1900 613.000000 0.000000 166.000000 56.000000
7.3600 38.4700 5.0400 617.000000 0.000000 166.000000 56.000000
7.3700 38.0700 4.9800 616.000000 0.000000 166.000000 56.000000
7.3800 37.7400 4.9800 617.000000 0.000000 166.000000 56.000000
7.3900 37.4600 4.9200 628.000000 0.000000 166.000000 56.000000
7.4000 37.2400 4.8500 638.000000 0.000000 166.000000 56.000000
7.4100 37.0700 4.7600 642.000000 0.000000 168.000000 56.000000
7.4200 36.9800 4.7600 641.000000 0.000000 168.000000 56.000000
7.4300 36.9300 4.7600 645.000000 0.000000 169.000000 57.000000
7.4400 36.8200 4.7600 647.000000 0.000000 171.000000 57.000000
7.4500 36.6800 4.7000 653.000000 0.000000 172.000000 58.000000
7.4600 36.6800 4.6400 646.000000 0.000000 174.000000 58.000000
7.4700 36.6300 4.6400 641.000000 0.000000 175.000000 58.000000
7.4800 36.6300 4.5900 637.000000 0.000000 177.000000 58.000000
7.4900 36.6300 4.5900 645.000000 0.000000 177.000000 58.000000
7.5000 36.6300 4.5900 642.000000 0.000000 177.000000 58.000000
7.5100 36.6300 4.5900 641.000000 0.000000 177.000000 58.000000
7.5200 36.6300 4.5900 645.000000 0.000000 177.000000 58.000000
7.5300 36.5600 4.5900 645.000000 0.000000 175.000000 58.000000
7.5400 36.4200 4.5300 636.000000 0.000000 175.000000 58.000000
7.5500 36.0500 4.4000 647.000000 0.000000 175.000000 58.000000
7.5600 35.7500 4.3300 645.000000 0.000000 175.000000 58.000000
7.5700 35.5000 4.2800 647.000000 0.000000 175.000000 58.000000
7.5800 35.1800 4.1400 647.000000 0.000000 175.000000 58.000000
7.5900 34.7900 4.0200 636.000000 0.000000 174.000000 58.000000
7.6000 34.3600 3.9100 647.000000 0.000000 174.000000 58.000000
7.6100 33.9900 3.8500 637.000000 0.000000 172.000000 58.000000
7.6200 33.5400 3.8500 638.000000 0.000000 172.000000 58.000000
7.6300 33.0300 3.7600 647.000000 0.000000 172.000000 58.000000
7.6400 32.5200 3.6900 644.000000 0.000000 170.000000 58.000000
7.6500 32.0500 3.6400 643.000000 0.000000 170.000000 58.000000
7.6600 31.6400 3.5800 644.000000 0.000000 169.000000 58.000000
7.6700 31.2400 3.5800 645.000000 0.000000 169.000000 58.000000
7.6800 30.8700 3.5800 644.000000 0.000000 167.000000 57.000000
7.6900 30.4000 3.5800 636.000000 0.000000 167.000000 57.000000
7.7000 29.8700 3.5100 636.000000 0.000000 167.000000 57.000000
7.7100 29.3400 3.4300 641.000000 0.000000 166.000000 57.000000
7.7200 28.8600 3.3800 644.000000 0.000000 166.000000 57.000000
7.7300 28.5500 3.3800 643.000000 0.000000 166.000000 57.000000
7.7400 28.3300 3.3800 646.000000 0.000000 166.000000 57.000000
7.7500 28.1200 3.4400 650.000000 0.000000 166.000000 56.000000
7.7600 27.9200 3.4400 649.000000 0.000000 166.000000 56.000000
7.7700 27.7300 3.5300 655.000000 0.000000 166.000000 56.000000
7.7800 27.5000 3.5900 653.000000 0.000000 166.000000 56.000000
7.7900 27.2700 3.7100 655.000000 0.000000 166.000000 56.000000
7.8000 27.0400 3.8600 659.000000 0.000000 166.000000 56.000000
7.8100 26.8100 3.9700 659.000000 0.000000 168.000000 55.000000
7.8200 26.7400 4.0700 653.000000 0.000000 168.000000 55.000000
7.8300 26.6800 4.1500 652.000000 0.000000 170.000000 56.000000
7.8400 26.6300 4.2600 650.000000 0.000000 171.000000 56.000000
7.8500 26.5700 4.3800 649.000000 0.000000 173.000000 56.000000
7.8600 26.5100 4.4900 650.000000 0.000000 174.000000 55.000000
7.8700 26.4500 4.5600 649.000000 0.000000 176.000000 55.000000
7.8800 26.4500 4.5600 647.000000 0.000000 177.000000 55.000000
7.8900 26.3900 4.5600 646.000000 0.000000 177.000000 55.000000
7.9000 26.3300 4.5600 647.000000 0.000000 177.000000 54.000000
7.9100 26.2800 4.5100 643.000000 0.000000 177.000000 54.000000
7.9200 26.2800 4.4500 644.000000 0.000000 177.000000 54.000000
7.9300 26.1600 4.3100 641.000000 0.000000 177.000000 54.000000
7.9400 26.0400 4.1100 640.000000 0.000000 176.000000 54.000000
7.9500 25.8600 3.8900 643.000000 0.000000 176.000000 55.000000
7.9600 25.7000 3.6300 641.000000 0.000000 176.000000 55.000000
7.9700 25.6000 3.4300 641.000000 0.000000 174.000000 55.000000
7.9800 25.5400 3.2800 641.000000 0.000000 174.000000 55.000000
7.9900 25.5400 3.2800 641.000000 0.000000 173.000000 56.000000
8.0000 25.4900 3.2100 643.000000 0.000000 173.000000 56.000000
8.0100 25.4900 3.2100 643.000000 0.000000 173.000000 56.000000
8.0200 25.4900 3.2100 646.000000 0.000000 171.000000 57.000000
8.0300 25.4900 3.3300 644.000000 0.000000 171.000000 57.000000
8.0400 25.4900 3.5000 644.000000 0.000000 171.000000 57.000000
8.0500 25.4900 3.7100 641.000000 0.000000 171.000000 57.000000
8.0600 25.4900 4.0500 637.000000 0.000000 171.000000 57.000000
8.0700 25.4900 4.4000 637.000000 0.000000 171.000000 57.000000
8.0800 25.5600 4.7500 644.000000 0.000000 171.000000 57.000000
8.0900 25.5600 4.8600 644.000000 0.000000 171.000000 57.000000
8.1000 25.4900 4.8600 644.000000 0.000000 171.000000 57.000000
8.1100 25.4900 4.7700 643.000000 0.000000 171.000000 56.000000
8.1200 25.4000 4.6700 643.000000 0.000000 171.000000 56.000000
8.1300 25.1900 4.3900 644.000000 0.000000 171.000000 56.000000
8.1400 25.0400 4.0000 643.000000 0.000000 171.000000 55.000000
8.1500 24.8900 3.6200 644.000000 0.000000 171.000000 55.000000
8.1600 24.7400 3.2600 641.000000 0.000000 171.000000 56.000000
8.1700 24.5600 3.0200 643.000000 0.000000 171.000000 56.000000
8.1800 24.3600 2.8700 637.000000 0.000000 171.000000 56.000000
8.1900 24.2000 2.6800 638.000000 0.000000 170.000000 56.000000
8.2000 24.0900 2.6800 636.000000 0.000000 169.000000 57.000000
8.2100 24.0900 2.6800 636.000000 0.000000 169.000000 57.000000
8.2200 24.0900 2.7500 647.000000 0.000000 169.000000 57.000000
8.2300 24.0900 2.9300 634.000000 0.000000 168.000000 56.000000
8.2400 24.0900 3.1900 630.000000 0.000000 168.000000 56.000000
8.2500 24.1400 3.5700 628.000000 0.000000 168.000000 56.000000
8.2600 24.1400 3.9500 631.000000 0.000000 168.000000 56.000000
8.2700 24.1400 4.3400 634.000000 0.000000 168.000000 56.000000
8.2800 24.0400 4.5900 631.000000 0.000000 168.000000 55.000000
8.2900 23.9200 4.7000 634.000000 0.000000 168.000000 55.000000
8.3000 23.8200 4.7000 638.000000 0.000000 168.000000 55.000000
8.3100 23.8200 4.7000 631.000000 0.000000 168.000000 55.000000
8.3200 23.7500 4.7000 631.000000 0.000000 169.000000 54.000000
8.3300 23.7500 4.5700 630.000000 0.000000 167.000000 54.000000
8.3400 23.6200 4.3700 631.000000 0.000000 167.000000 54.000000
8.3500 23.4400 4.1200 633.000000 0.000000 167.000000 54.000000
8.3600 23.3000 3.9300 636.000000 0.000000 167.000000 54.000000
8.3700 23.1800 3.7300 636.000000 0.000000 167.000000 54.000000
8.3800 23.1000 3.6000 638.000000 0.000000 167.000000 54.000000
8.3900 23.0500 3.5300 636.000000 0.000000 167.000000 55.000000
8.4000 23.0500 3.5300 636.000000 0.000000 167.000000 55.000000
8.4100 23.0500 3.5300 634.000000 0.000000 167.000000 55.000000
8.4200 23.0500 3.5300 616.000000 0.000000 167.000000 55.000000
8.4300 23.0500 3.6900 602.000000 0.000000 167.000000 55.000000
8.4400 22.9700 3.8400 554.000000 0.000000 167.000000 55.000000
8.4500 22.9700 4.0900 504.000000 0.000000 165.000000 55.000000
8.4600 22.8200 4.4200 495.000000 0.000000 165.000000 55.000000
8.4700 22.6700 4.5100 485.000000 0.000000 166.000000 54.000000
8.4800 22.5500 4.4100 465.000000 0.000000 166.000000 54.000000
8.4900 22.3900 4.1800 386.000000 0.000000 166.000000 54.000000
8.5000 22.3900 4.1800 0.000000 1.000000 166.000000 54.000000
8.5100 22.0800 3.4600 0.000000 0.000000 166.000000 54.000000
8.5200 21.9800 3.4100 0.000000 0.000000 166.000000 54.000000
8.5300 21.9300 3.5600 0.000000 0.000000 166.000000 53.000000
8.5400 21.9300 3.8100 0.000000 0.000000 166.000000 53.000000
8.5500 22.0000 4.2200 0.000000 0.000000 167.000000 52.000000
8.5600 22.2900 4.7300 0.000000 0.000000 168.000000 50.000000
8.5700 22.7300 5.4900 0.000000 0.000000 169.000000 48.000000
8.5800 23.4100 6.4100 0.000000 0.000000 169.000000 46.000000
8.5900 24.1400 7.4300 0.000000 0.000000 171.000000 45.000000
8.6000 24.9600 8.3400 0.000000 0.000000 173.000000 43.000000
8.6100 25.8200 8.9300 0.000000 0.000000 173.000000 40.000000
8.6200 26.6500 9.3000 0.000000 0.000000 174.000000 38.000000
8.6300 26.9700 9.3500 0.000000 0.000000 173.000000 36.000000
8.6400 26.9700 9.3500 0.000000 0.000000 171.000000 34.000000
8.6500 26.7400 9.2600 0.000000 0.000000 169.000000 33.000000
8.6600 26.4300 9.1500 0.000000 0.000000 167.000000 32.000000
8.6700 26.0600 9.0700 0.000000 0.000000 167.000000 31.000000
8.6800 25.7000 9.0700 0.000000 0.000000 166.000000 32.000000
8.6900 25.2400 9.1600 0.000000 0.000000 166.000000 32.000000
8.7000 24.7000 9.2800 0.000000 0.000000 167.000000 33.000000
8.7100 24.0400 9.4900 0.000000 0.000000 167.000000 35.000000
8.7200 23.3800 9.6800 0.000000 0.000000 170.000000 37.000000
8.7300 22.7400 9.8500 0.000000 0.000000 173.000000 39.000000
8.7400 22.0700 9.9100 0.000000 0.000000 173.000000 40.000000
8.7500 21.6300 9.9100 0.000000 0.000000 174.000000 42.000000
8.7600 21.3200 9.9100 0.000000 0.000000 173.000000 43.000000
8.7700 21.2100 9.8100 0.000000 0.000000 171.000000 44.000000
8.7800 21.2100 9.7100 0.000000 0.000000 170.000000 46.000000
8.7900 21.3300 9.6200 0.000000 0.000000 168.000000 46.000000
8.8000 21.4200 9.5400 0.000000 0.000000 168.000000 47.000000
8.8100 21.5400 9.4100 0.000000 0.000000 168.000000 47.000000
8.8200 21.7400 9.2400 0.000000 0.000000 167.000000 48.000000
8.8300 21.8800 8.9600 0.000000 0.000000 167.000000 49.000000
8.8400 21.9700 8.6100 0.000000 0.000000 167.000000 50.000000
8.8500 21.9700 8.6100 5.000000 0.000000 167.000000 50.000000
8.8600 22.0300 8.0200 44.000000 1.000000 166.000000 51.000000
8.8700 22.0300 7.8800 46.000000 0.000000 166.000000 51.000000
8.8800 22.0300 7.7300 46.000000 0.000000 166.000000 51.000000
8.8900 22.0300 7.6800 48.000000 0.000000 166.000000 51.000000
8.9000 22.0300 7.6800 65.000000 0.000000 167.000000 51.000000
8.9100 22.0300 7.6800 65.000000 0.000000 167.000000 51.000000
8.9200 22.0300 7.7600 60.000000 0.000000 167.000000 51.000000
8.9300 21.9200 7.8200 55.000000 0.000000 167.000000 51.000000
8.9400 21.8200 7.8700 53.000000 0.000000 167.000000 51.000000
8.9500 21.7000 7.9200 51.000000 0.000000 167.000000 51.000000
8.9600 21.5800 7.9200 53.000000 0.000000 167.000000 51.000000
8.9700 21.4500 8.0200 65.000000 0.000000 167.000000 51.000000
8.9800 21.3300 8.0700 34.000000 0.000000 167.000000 51.000000
8.9900 21.2000 8.1600 32.000000 0.000000 167.000000 51.000000
9.0000 21.0600 8.2900 32.000000 0.000000 167.000000 51.000000
9.0100 20.9700 8.4100 48.000000 0.000000 167.000000 51.000000
9.0200 20.9200 8.5400 103.000000 0.000000 167.000000 51.000000
9.0300 20.9200 8.6900 173.000000 0.000000 166.000000 51.000000
9.0400 20.8700 8.8300 284.000000 0.000000 166.000000 51.000000
9.0500 20.8100 8.9400 379.000000 0.000000 166.000000 51.000000
9.0600 20.8100 8.9400 449.000000 0.000000 166.000000 52.000000
9.0700 20.8100 8.9400 473.000000 0.000000 166.000000 52.000000
9.0800 20.8100 8.9400 496.000000 0.000000 166.000000 52.000000
9.0900 20.8100 8.9400 509.000000 0.000000 166.000000 52.000000
9.1000 20.8100 8.8900 519.000000 0.000000 166.000000 52.000000
9.1100 20.8100 8.7900 519.000000 0.000000 166.000000 52.000000
9.1200 20.8600 8.6400 514.000000 0.000000 166.000000 52.000000
9.1300 20.9500 8.4200 512.000000 0.000000 166.000000 52.000000
9.1400 21.0700 8.1600 512.000000 0.000000 166.000000 52.000000
9.1500 21.0700 7.9400 515.000000 0.000000 166.000000 52.000000
9.1600 21.0700 7.6400 512.000000 0.000000 166.000000 52.000000
9.1700 21.0200 7.2700 512.000000 0.000000 166.000000 51.000000
9.1800 20.9400 6.8200 516.000000 0.000000 166.000000 51.000000
9.1900 20.8600 6.3600 518.000000 0.000000 167.000000 51.000000
9.2000 20.8600 5.9100 512.000000 0.000000 167.000000 51.000000
9.2100 20.8600 5.6600 520.000000 0.000000 168.000000 50.000000
9.2200 20.8600 5.5400 522.000000 0.000000 168.000000 50.000000
9.2300 20.8600 5.5400 521.000000 0.000000 169.000000 50.000000
9.2400 20.8600 5.5400 529.000000 0.000000 169.000000 50.000000
9.2500 20.7900 5.6300 535.000000 0.000000 169.000000 50.000000
9.2600 20.7900 5.8200 544.000000 0.000000 169.000000 50.000000
9.2700 20.7900 6.0100 537.000000 0.000000 169.000000 50.000000
9.2800 20.7900 6.3400 519.000000 0.000000 169.000000 50.000000
9.2900 20.7900 6.7700 502.000000 0.000000 169.000000 50.000000
9.3000 20.7900 7.2400 474.000000 0.000000 169.000000 50.000000
9.3100 20.7900 7.8000 410.000000 0.000000 169.000000 50.000000
9.3200 20.9400 8.4100 338.000000 0.000000 168.000000 50.000000
9.3300 21.0100 8.9000 306.000000 0.000000 167.000000 51.000000
9.3400 21.0100 9.1500 107.000000 0.000000 167.000000 51.000000
