0.0000 93.3300 28.9800 110.000000 1.000000 180.000000 53.000000
0.0100 92.8800 30.9300 173.000000 0.000000 180.000000 53.000000
0.0200 92.6300 31.9400 249.000000 0.000000 179.000000 53.000000
0.0300 92.4200 32.9900 312.000000 0.000000 177.000000 52.000000
0.0400 92.2600 34.0000 440.000000 0.000000 176.000000 51.000000
0.0500 92.1800 34.6100 517.000000 0.000000 176.000000 51.000000
0.0600 92.1800 34.9600 545.000000 0.000000 175.000000 51.000000
0.0700 92.1800 34.9600 568.000000 0.000000 174.000000 50.000000
0.0800 92.1800 34.5100 613.000000 0.000000 174.000000 50.000000
0.0900 92.3000 33.7300 688.000000 0.000000 173.000000 50.000000
0.1000 92.4000 32.2300 730.000000 0.000000 173.000000 50.000000
0.1100 92.4700 30.6900 788.000000 0.000000 173.000000 51.000000
0.1200 92.4200 28.7100 815.000000 0.000000 171.000000 51.000000
0.1300 92.3100 26.4600 832.000000 0.000000 171.000000 51.000000
0.1400 92.2000 24.6500 826.000000 0.000000 171.000000 52.000000
0.1500 92.2000 23.0900 814.000000 0.000000 171.000000 52.000000
0.1600 92.4000 21.7100 812.000000 0.000000 169.000000 53.000000
0.1700 92.7300 21.0300 806.000000 0.000000 169.000000 53.000000
0.1800 93.0100 20.7000 808.000000 0.000000 169.000000 54.000000
0.1900 93.1100 20.6100 811.000000 0.000000 169.000000 54.000000
0.2000 93.1100 20.6100 805.000000 0.000000 167.000000 55.000000
0.2100 92.9300 20.9300 779.000000 0.000000 167.000000 55.000000
0.2200 92.5400 21.3800 721.000000 0.000000 167.000000 55.000000
0.2300 91.9900 22.0600 687.000000 0.000000 167.000000 55.000000
0.2400 91.0000 22.8000 600.000000 0.000000 167.000000 54.000000
0.2500 89.5600 23.5900 597.000000 0.000000 165.000000 55.000000
0.2600 87.8200 23.8900 606.000000 0.000000 165.000000 55.000000
0.2700 86.3100 23.7900 624.000000 0.000000 164.000000 55.000000
0.2800 85.0500 23.4200 644.000000 0.000000 164.000000 55.000000
0.2900 83.9500 23.0700 675.000000 0.000000 163.000000 55.000000
0.3000 83.1300 22.6900 693.000000 0.000000 163.000000 55.000000
0.3100 82.6300 22.3100 694.000000 0.000000 161.000000 55.000000
0.3200 82.3500 22.0700 700.000000 0.000000 160.000000 54.000000
0.3300 82.3000 21.9200 691.000000 0.000000 158.000000 54.000000
0.3400 82.4800 21.8000 693.000000 0.000000 158.000000 54.000000
0.3500 82.8200 21.7500 673.000000 0.000000 157.000000 54.000000
0.3600 83.8600 21.7500 652.000000 0.000000 156.000000 53.000000
0.3700 85.3500 21.9600 628.000000 0.000000 156.000000 53.000000
0.3800 87.1300 22.4100 605.000000 0.000000 154.000000 53.000000
0.3900 89.4200 23.0300 614.000000 0.000000 154.000000 53.000000
0.4000 91.6400 23.7800 614.000000 0.000000 155.000000 54.000000
0.4100 93.8100 24.5500 616.000000 0.000000 155.000000 54.000000
0.4200 95.9700 25.3400 639.000000 0.000000 155.000000 54.000000
0.4300 97.7000 26.0700 655.000000 0.000000 156.000000 55.000000
0.4400 99.1500 26.5600 668.000000 0.000000 158.000000 55.000000
0.4500 100.0100 26.8800 681.000000 0.000000 158.000000 55.000000
0.4600 100.2500 26.9500 678.000000 0.000000 158.000000 55.000000
0.4700 100.0700 26.8300 687.000000 0.000000 158.000000 54.000000
0.4800 99.3000 26.5900 705.000000 0.000000 158.000000 54.000000
0.4900 97.7800 26.1500 710.000000 0.000000 158.000000 54.000000
0.5000 95.7700 25.5000 710.000000 0.000000 159.000000 53.000000
0.5100 93.3400 24.7100 724.000000 0.000000 158.000000 54.000000
0.5200 91.3100 23.9700 724.000000 0.000000 158.000000 54.000000
0.5300 89.5400 23.4100 742.000000 0.000000 158.000000 54.000000
0.5400 88.1100 22.9800 749.000000 0.000000 156.000000 55.000000
0.5500 87.3600 22.8300 759.000000 0.000000 156.000000 55.000000
0.5600 87.0500 22.8300 788.000000 0.000000 156.000000 55.000000
0.5700 87.0500 22.9400 776.000000 0.000000 156.000000 55.000000
0.5800 87.4600 23.1800 750.000000 0.000000 156.000000 55.000000
0.5900 88.0600 23.5800 740.000000 0.000000 156.000000 55.000000
0.6000 89.4200 24.0900 730.000000 0.000000 156.000000 55.000000
0.6100 90.7800 24.5900 707.000000 0.000000 155.000000 54.000000
0.6200 92.1400 25.0800 703.000000 0.000000 155.000000 54.000000
0.6300 93.3500 25.5200 696.000000 0.000000 155.000000 54.000000
0.6400 94.2900 25.8800 697.000000 0.000000 155.000000 54.000000
0.6500 95.0600 26.0500 696.000000 0.000000 156.000000 55.000000
0.6600 95.1500 26.1100 697.000000 0.000000 156.000000 55.000000
0.6700 95.0000 26.0500 705.000000 0.000000 156.000000 55.000000
0.6800 94.7000 25.9300 728.000000 0.000000 158.000000 55.000000
0.6900 93.8500 25.6800 727.000000 0.000000 158.000000 55.000000
0.7000 92.8700 25.4200 746.000000 0.000000 158.000000 55.000000
0.7100 91.7900 25.1700 754.000000 0.000000 158.000000 55.000000
0.7200 90.8600 24.9400 760.000000 0.000000 158.000000 55.000000
0.7300 90.3000 24.8200 751.000000 0.000000 157.000000 56.000000
0.7400 89.9800 24.8200 751.000000 0.000000 157.000000 56.000000
0.7500 89.9800 24.8200 750.000000 0.000000 155.000000 55.000000
0.7600 90.2600 25.0100 745.000000 0.000000 155.000000 55.000000
0.7700 90.6900 25.2500 737.000000 0.000000 155.000000 55.000000
0.7800 91.4500 25.5700 725.000000 0.000000 154.000000 55.000000
0.7900 92.2600 25.9000 707.000000 0.000000 154.000000 55.000000
0.8000 93.0200 26.2500 690.000000 0.000000 154.000000 55.000000
0.8100 93.7400 26.4800 693.000000 0.000000 155.000000 55.000000
0.8200 94.1500 26.6500 666.000000 0.000000 155.000000 55.000000
0.8300 94.2500 26.6500 667.000000 0.000000 156.000000 55.000000
0.8400 94.1500 26.6500 662.000000 0.000000 158.000000 55.000000
0.8500 93.6900 26.4500 690.000000 0.000000 158.000000 55.000000
0.8600 93.0500 26.2700 691.000000 0.000000 158.000000 54.000000
0.8700 92.3000 26.0700 721.000000 0.000000 158.000000 54.000000
0.8800 91.6500 25.9200 733.000000 0.000000 158.000000 54.000000
0.8900 91.0300 25.8100 721.000000 0.000000 158.000000 54.000000
0.9000 90.6700 25.7300 727.000000 0.000000 158.000000 55.000000
0.9100 90.4700 25.7300 728.000000 0.000000 158.000000 55.000000
0.9200 90.4700 25.8400 728.000000 0.000000 158.000000 55.000000
0.9300 90.7700 26.0200 702.000000 0.000000 158.000000 55.000000
0.9400 91.2100 26.3300 685.000000 0.000000 158.000000 55.000000
0.9500 92.0200 26.7400 673.000000 0.000000 156.000000 55.000000
0.9600 92.9700 27.3800 655.000000 0.000000 156.000000 55.000000
0.9700 94.0100 28.1100 643.000000 0.000000 158.000000 55.000000
0.9800 95.0000 28.8900 641.000000 0.000000 158.000000 54.000000
0.9900 95.8900 29.7700 638.000000 0.000000 160.000000 53.000000
1.0000 96.7000 30.6900 633.000000 0.000000 162.000000 53.000000
1.0100 97.2800 31.6400 630.000000 0.000000 164.000000 53.000000
1.0200 97.6200 32.6200 631.000000 0.000000 164.000000 52.000000
1.0300 97.7900 33.6300 628.000000 0.000000 166.000000 51.000000
1.0400 97.7900 34.6600 641.000000 0.000000 167.000000 51.000000
1.0500 97.7900 35.3700 637.000000 0.000000 168.000000 50.000000
1.0600 97.6500 35.8400 658.000000 0.000000 169.000000 50.000000
1.0700 97.5000 36.1500 666.000000 0.000000 169.000000 50.000000
1.0800 97.4000 36.1500 673.000000 0.000000 169.000000 50.000000
1.0900 97.3200 36.1500 667.000000 0.000000 169.000000 50.000000
1.1000 97.2300 35.8000 675.000000 0.000000 169.000000 50.000000
1.1100 97.2300 35.2900 699.000000 0.000000 169.000000 50.000000
1.1200 97.2300 34.1500 733.000000 0.000000 169.000000 50.000000
1.1300 97.2300 32.6500 760.000000 0.000000 169.000000 50.000000
1.1400 97.1800 30.9100 770.000000 0.000000 169.000000 50.000000
1.1500 97.0800 29.1600 779.000000 0.000000 169.000000 51.000000
1.1600 97.0800 27.4000 787.000000 0.000000 169.000000 51.000000
1.1700 97.1300 26.1100 785.000000 0.000000 168.000000 52.000000
1.1800 97.2400 25.1300 768.000000 0.000000 168.000000 53.000000
1.1900 97.3700 24.6100 763.000000 0.000000 168.000000 53.000000
1.2000 97.5000 24.3300 752.000000 0.000000 167.000000 54.000000
1.2100 97.5700 24.2000 755.000000 0.000000 167.000000 55.000000
1.2200 97.5700 24.2900 717.000000 0.000000 166.000000 56.000000
1.2300 97.6500 24.6700 673.000000 0.000000 165.000000 56.000000
1.2400 97.7000 25.2400 611.000000 0.000000 164.000000 57.000000
1.2500 97.7800 25.9300 597.000000 0.000000 164.000000 57.000000
1.2600 97.8700 26.6000 578.000000 0.000000 164.000000 57.000000
1.2700 97.9800 27.2600 580.000000 0.000000 165.000000 56.000000
1.2800 98.1500 27.4600 589.000000 0.000000 165.000000 56.000000
1.2900 98.3400 27.6300 592.000000 0.000000 167.000000 55.000000
1.3000 98.5200 27.5800 603.000000 0.000000 167.000000 55.000000
1.3100 98.6600 27.3900 617.000000 0.000000 167.000000 54.000000
1.3200 98.7100 27.1400 619.000000 0.000000 169.000000 54.000000
1.3300 98.7100 26.9200 641.000000 0.000000 169.000000 54.000000
1.3400 98.5800 26.7100 645.000000 0.000000 169.000000 53.000000
1.3500 98.3300 26.5200 636.000000 0.000000 169.000000 54.000000
1.3600 97.9800 26.4300 641.000000 0.000000 169.000000 54.000000
1.3700 97.8500 26.4300 639.000000 0.000000 167.000000 54.000000
1.3800 97.7500 26.4800 631.000000 0.000000 167.000000 55.000000
1.3900 97.7500 26.6700 610.000000 0.000000 167.000000 55.000000
1.4000 97.7500 26.9500 620.000000 0.000000 165.000000 55.000000
1.4100 97.8600 27.2600 613.000000 0.000000 165.000000 55.000000
1.4200 97.9900 27.5000 611.000000 0.000000 167.000000 55.000000
1.4300 98.1300 27.6900 617.000000 0.000000 167.000000 54.000000
1.4400 98.2600 27.8600 616.000000 0.000000 167.000000 54.000000
1.4500 98.4200 27.8600 619.000000 0.000000 169.000000 54.000000
1.4600 98.6200 27.7900 622.000000 0.000000 169.000000 53.000000
1.4700 98.8600 27.6600 627.000000 0.000000 170.000000 54.000000
1.4800 99.1100 27.5200 631.000000 0.000000 172.000000 54.000000
1.4900 99.2600 27.3900 639.000000 0.000000 172.000000 54.000000
1.5000 99.3300 27.3900 647.000000 0.000000 172.000000 54.000000
1.5100 99.4800 27.4500 637.000000 0.000000 172.000000 54.000000
1.5200 99.8000 27.7100 644.000000 0.000000 172.000000 54.000000
1.5300 100.2300 28.0900 644.000000 0.000000 172.000000 54.000000
1.5400 100.6300 28.5400 643.000000 0.000000 170.000000 54.000000
1.5500 101.0300 29.0700 637.000000 0.000000 169.000000 53.000000
1.5600 101.3500 29.7200 642.000000 0.000000 169.000000 53.000000
1.5700 101.6100 30.4400 620.000000 0.000000 169.000000 53.000000
1.5800 101.7200 31.2900 619.000000 0.000000 168.000000 52.000000
1.5900 101.7200 32.4000 594.000000 0.000000 168.000000 52.000000
1.6000 101.5500 33.6900 577.000000 0.000000 169.000000 51.000000
1.6100 101.3300 34.9900 569.000000 0.000000 169.000000 51.000000
1.6200 101.1300 35.9500 574.000000 0.000000 169.000000 51.000000
1.6300 100.9900 36.6900 578.000000 0.000000 169.000000 50.000000
1.6400 100.9000 36.7900 575.000000 0.000000 169.000000 50.000000
1.6500 100.9000 36.4800 591.000000 0.000000 169.000000 50.000000
1.6600 101.0100 35.8900 627.000000 0.000000 169.000000 50.000000
1.6700 101.1400 34.7000 653.000000 0.000000 169.000000 50.000000
1.6800 101.2000 33.1700 696.000000 0.000000 169.000000 50.000000
1.6900 101.2000 31.4200 727.000000 0.000000 169.000000 50.000000
1.7000 101.2000 29.8400 734.000000 0.000000 169.000000 50.000000
1.7100 101.1400 28.4400 740.000000 0.000000 169.000000 50.000000
1.7200 101.1400 27.1700 739.000000 0.000000 169.000000 51.000000
1.7300 101.2400 26.3800 755.000000 0.000000 168.000000 52.000000
1.7400 101.4000 25.9300 751.000000 0.000000 168.000000 52.000000
1.7500 101.5800 25.7200 767.000000 0.000000 168.000000 53.000000
1.7600 101.7100 25.6700 779.000000 0.000000 167.000000 54.000000
1.7700 101.9800 25.9100 767.000000 0.000000 167.000000 55.000000
1.7800 102.3600 26.3400 757.000000 0.000000 166.000000 56.000000
1.7900 102.5600 27.0900 733.000000 0.000000 166.000000 56.000000
1.8000 102.6400 28.0600 694.000000 0.000000 166.000000 56.000000
1.8100 102.6400 29.1900 669.000000 0.000000 168.000000 56.000000
1.8200 102.5900 29.8800 667.000000 0.000000 168.000000 55.000000
1.8300 102.5900 30.0300 663.000000 0.000000 169.000000 54.000000
1.8400 102.5900 29.8200 667.000000 0.000000 169.000000 53.000000
1.8500 102.6400 29.2900 685.000000 0.000000 169.000000 53.000000
1.8600 102.7200 28.7500 687.000000 0.000000 169.000000 53.000000
1.8700 102.8200 28.2300 687.000000 0.000000 169.000000 53.000000
1.8800 102.8200 27.8600 691.000000 0.000000 169.000000 53.000000
1.8900 102.8200 27.5900 699.000000 0.000000 169.000000 53.000000
1.9000 102.9000 27.5200 710.000000 0.000000 169.000000 53.000000
1.9100 102.9700 27.6000 717.000000 0.000000 169.000000 53.000000
1.9200 103.1000 27.7800 716.000000 0.000000 169.000000 53.000000
1.9300 103.3500 28.1600 719.000000 0.000000 169.000000 53.000000
1.9400 103.6500 28.5400 702.000000 0.000000 170.000000 54.000000
1.9500 103.9000 28.9100 696.000000 0.000000 170.000000 54.000000
1.9600 104.0600 29.2800 694.000000 0.000000 170.000000 54.000000
1.9700 104.1600 29.3500 690.000000 0.000000 170.000000 54.000000
1.9800 104.2700 29.3500 702.000000 0.000000 172.000000 54.000000
1.9900 104.4100 29.2200 700.000000 0.000000 172.000000 53.000000
2.0000 104.5700 28.9600 700.000000 0.000000 172.000000 53.000000
2.0100 104.7400 28.7400 693.000000 0.000000 172.000000 53.000000
2.0200 104.9000 28.5800 662.000000 0.000000 172.000000 53.000000
2.0300 105.0200 28.4700 664.000000 0.000000 172.000000 53.000000
2.0400 105.1200 28.4700 658.000000 0.000000 172.000000 53.000000
2.0500 105.4300 28.5800 655.000000 0.000000 173.000000 53.000000
2.0600 105.7700 28.7900 644.000000 0.000000 173.000000 53.000000
2.0700 106.2000 29.0400 637.000000 0.000000 173.000000 53.000000
2.0800 106.7100 29.2400 645.000000 0.000000 173.000000 53.000000
2.0900 107.2100 29.3600 637.000000 0.000000 173.000000 53.000000
2.1000 107.7000 29.3600 638.000000 0.000000 173.000000 53.000000
2.1100 108.1700 29.4100 643.000000 0.000000 175.000000 53.000000
2.1200 108.5700 29.4100 644.000000 0.000000 175.000000 53.000000
2.1300 108.9100 29.4100 646.000000 0.000000 175.000000 53.000000
2.1400 109.2200 29.4100 646.000000 0.000000 176.000000 53.000000
2.1500 109.5600 29.4100 649.000000 0.000000 176.000000 53.000000
2.1600 109.9400 29.5900 649.000000 0.000000 176.000000 53.000000
2.1700 110.4800 29.8000 659.000000 0.000000 176.000000 53.000000
2.1800 111.1200 30.0500 662.000000 0.000000 175.000000 53.000000
2.1900 111.8100 30.4000 663.000000 0.000000 173.000000 53.000000
2.2000 112.4500 30.8100 664.000000 0.000000 172.000000 53.000000
2.2100 113.0400 31.2700 673.000000 0.000000 170.000000 54.000000
2.2200 113.6000 31.8900 670.000000 0.000000 169.000000 53.000000
2.2300 114.1500 32.6300 668.000000 0.000000 169.000000 53.000000
2.2400 114.6300 33.6800 640.000000 0.000000 168.000000 53.000000
2.2500 115.0500 34.8400 610.000000 0.000000 169.000000 53.000000
2.2600 115.4000 36.0700 585.000000 0.000000 169.000000 53.000000
2.2700 115.6900 37.1300 595.000000 0.000000 170.000000 54.000000
2.2800 115.9400 37.6900 591.000000 0.000000 171.000000 53.000000
2.2900 115.9400 37.9300 595.000000 0.000000 172.000000 53.000000
2.3000 115.9400 37.7100 610.000000 0.000000 173.000000 53.000000
2.3100 115.8800 37.0600 646.000000 0.000000 175.000000 52.000000
2.3200 115.8800 36.1200 691.000000 0.000000 175.000000 52.000000
2.3300 115.8800 34.8000 730.000000 0.000000 175.000000 52.000000
2.3400 115.8800 33.3600 753.000000 0.000000 175.000000 52.000000
2.3500 115.8800 31.8400 773.000000 0.000000 175.000000 53.000000
2.3600 115.8800 30.4900 791.000000 0.000000 173.000000 53.000000
2.3700 115.9300 29.3100 796.000000 0.000000 173.000000 54.000000
2.3800 116.0000 28.2500 799.000000 0.000000 171.000000 55.000000
2.3900 116.1700 27.4000 803.000000 0.000000 170.000000 55.000000
2.4000 116.4000 26.8800 799.000000 0.000000 168.000000 55.000000
2.4100 116.5800 26.5900 790.000000 0.000000 167.000000 55.000000
2.4200 116.7500 26.4300 788.000000 0.000000 165.000000 56.000000
2.4300 116.9000 26.4300 797.000000 0.000000 165.000000 56.000000
2.4400 117.1100 26.5700 759.000000 0.000000 164.000000 57.000000
2.4500 117.3500 26.8100 754.000000 0.000000 163.000000 57.000000
2.4600 117.6100 26.9900 755.000000 0.000000 163.000000 57.000000
2.4700 117.7400 27.0700 749.000000 0.000000 163.000000 57.000000
2.4800 117.7400 27.0700 749.000000 0.000000 163.000000 57.000000
2.4900 117.6800 27.0700 765.000000 0.000000 163.000000 57.000000
2.5000 117.1900 26.8900 785.000000 0.000000 163.000000 57.000000
2.5100 115.8200 26.6600 793.000000 0.000000 163.000000 56.000000
2.5200 113.8600 26.3300 832.000000 0.000000 163.000000 56.000000
2.5300 111.1300 25.9400 879.000000 0.000000 163.000000 56.000000
2.5400 107.8300 25.3100 926.000000 0.000000 162.000000 56.000000
2.5500 104.1400 24.5400 937.000000 0.000000 162.000000 56.000000
2.5600 100.8200 23.6700 961.000000 0.000000 162.000000 56.000000
2.5700 98.2200 22.8400 971.000000 0.000000 162.000000 56.000000
2.5800 96.1000 22.2900 965.000000 0.000000 162.000000 56.000000
2.5900 94.8600 21.9200 965.000000 0.000000 163.000000 56.000000
2.6000 94.3400 21.7600 958.000000 0.000000 163.000000 56.000000
2.6100 94.2900 21.7600 952.000000 0.000000 163.000000 56.000000
2.6200 94.3900 21.7600 941.000000 0.000000 163.000000 56.000000
2.6300 94.9400 21.9700 948.000000 0.000000 162.000000 56.000000
2.6400 95.7900 22.1600 930.000000 0.000000 163.000000 55.000000
2.6500 96.4200 22.3700 896.000000 0.000000 163.000000 55.000000
2.6600 96.9200 22.5400 878.000000 0.000000 163.000000 55.000000
2.6700 97.3300 22.6800 854.000000 0.000000 163.000000 55.000000
2.6800 97.6800 22.8000 822.000000 0.000000 163.000000 55.000000
2.6900 98.0200 22.9200 787.000000 0.000000 163.000000 55.000000
2.7000 98.3200 23.0000 759.000000 0.000000 163.000000 55.000000
2.7100 98.5800 23.1200 731.000000 0.000000 163.000000 55.000000
2.7200 98.8300 23.2500 667.000000 0.000000 163.000000 55.000000
2.7300 99.1100 23.3300 622.000000 0.000000 163.000000 55.000000
2.7400 99.3600 23.4200 488.000000 0.000000 164.000000 55.000000
