0.0000 11.1400 49.9200 226.000000 1.000000 130.000000 65.000000
0.0100 11.1400 49.9200 305.000000 0.000000 130.000000 65.000000
0.0200 11.1400 49.9200 376.000000 0.000000 130.000000 65.000000
0.0300 11.1400 49.9200 449.000000 0.000000 132.000000 64.000000
0.0400 11.1400 49.9200 517.000000 0.000000 132.000000 64.000000
0.0500 11.1400 49.9200 556.000000 0.000000 132.000000 64.000000
0.0600 11.1400 49.9200 588.000000 0.000000 132.000000 64.000000
0.0700 11.6000 49.9200 606.000000 0.000000 132.000000 64.000000
0.0800 12.0400 50.2600 611.000000 0.000000 133.000000 63.000000
0.0900 12.4400 50.7900 617.000000 0.000000 133.000000 63.000000
0.1000 12.8500 51.4500 620.000000 0.000000 135.000000 64.000000
0.1100 13.1900 52.3100 613.000000 0.000000 135.000000 64.000000
0.1200 13.4800 53.5500 606.000000 0.000000 135.000000 64.000000
0.1300 13.5700 55.0500 613.000000 0.000000 137.000000 65.000000
0.1400 13.5100 56.8100 643.000000 0.000000 138.000000 64.000000
0.1500 13.3500 58.1100 671.000000 0.000000 138.000000 64.000000
0.1600 13.3500 59.1000 664.000000 0.000000 140.000000 63.000000
0.1700 13.3500 59.0100 702.000000 0.000000 141.000000 63.000000
0.1800 13.3500 58.1400 727.000000 0.000000 143.000000 62.000000
0.1900 13.2700 56.7400 748.000000 0.000000 143.000000 62.000000
0.2000 13.2700 54.6800 760.000000 0.000000 146.000000 62.000000
0.2100 13.2000 52.2000 757.000000 0.000000 144.000000 62.000000
0.2200 13.2000 49.4300 761.000000 0.000000 144.000000 62.000000
0.2300 13.0300 46.6200 705.000000 0.000000 145.000000 64.000000
0.2400 12.8300 44.3900 673.000000 0.000000 143.000000 64.000000
0.2500 12.6700 42.5400 636.000000 0.000000 140.000000 66.000000
0.2600 12.6000 41.4500 585.000000 0.000000 140.000000 67.000000
0.2700 12.6000 40.8700 545.000000 0.000000 139.000000 68.000000
0.2800 12.4400 40.6200 496.000000 0.000000 137.000000 69.000000
0.2900 12.2500 40.7300 475.000000 0.000000 135.000000 69.000000
0.3000 12.0200 41.0700 489.000000 0.000000 135.000000 69.000000
0.3100 11.7800 41.5700 535.000000 0.000000 131.000000 69.000000
0.3200 11.5000 42.1100 561.000000 0.000000 131.000000 69.000000
0.3300 11.2000 42.6300 602.000000 0.000000 131.000000 69.000000
0.3400 10.9200 43.2500 609.000000 0.000000 131.000000 69.000000
0.3500 10.6600 43.9400 614.000000 0.000000 129.000000 68.000000
0.3600 10.4700 44.6300 620.000000 0.000000 129.000000 68.000000
0.3700 10.3800 45.4600 620.000000 0.000000 129.000000 68.000000
0.3800 10.3800 46.3800 619.000000 0.000000 128.000000 68.000000
0.3900 10.5000 47.1200 634.000000 0.000000 128.000000 68.000000
0.4000 10.6600 47.8200 631.000000 0.000000 128.000000 68.000000
0.4100 10.9000 48.4500 630.000000 0.000000 128.000000 68.000000
0.4200 11.2400 49.0600 625.000000 0.000000 130.000000 67.000000
0.4300 11.6600 49.6400 611.000000 0.000000 130.000000 67.000000
0.4400 12.1400 50.2100 614.000000 0.000000 131.000000 67.000000
0.4500 12.6600 50.7100 613.000000 0.000000 133.000000 66.000000
0.4600 13.2600 50.9800 603.000000 0.000000 135.000000 65.000000
0.4700 13.9000 51.1100 603.000000 0.000000 137.000000 66.000000
0.4800 14.3500 51.1100 602.000000 0.000000 138.000000 65.000000
0.4900 14.6700 51.1700 597.000000 0.000000 138.000000 65.000000
0.5000 14.9100 51.1700 597.000000 0.000000 142.000000 65.000000
0.5100 15.1100 51.1700 595.000000 0.000000 142.000000 65.000000
0.5200 15.3100 51.2800 599.000000 0.000000 144.000000 66.000000
0.5300 15.5200 51.3700 606.000000 0.000000 145.000000 65.000000
0.5400 15.7100 51.4700 620.000000 0.000000 145.000000 65.000000
0.5500 15.8700 51.5500 628.000000 0.000000 145.000000 65.000000
0.5600 15.9900 51.5500 644.000000 0.000000 145.000000 65.000000
0.5700 15.9900 51.5500 661.000000 0.000000 143.000000 64.000000
0.5800 15.9900 51.5500 663.000000 0.000000 143.000000 64.000000
0.5900 15.9900 51.5500 672.000000 0.000000 145.000000 64.000000
0.6000 15.9900 51.5500 687.000000 0.000000 145.000000 64.000000
0.6100 15.9900 51.5500 714.000000 0.000000 145.000000 64.000000
0.6200 15.9900 51.5500 760.000000 0.000000 145.000000 64.000000
0.6300 15.9900 51.5500 790.000000 0.000000 145.000000 64.000000
0.6400 15.9900 51.5500 825.000000 0.000000 145.000000 64.000000
0.6500 15.9900 51.5500 863.000000 0.000000 145.000000 64.000000
0.6600 15.9900 51.5500 881.000000 0.000000 145.000000 64.000000
0.6700 15.9900 51.5000 897.000000 0.000000 145.000000 64.000000
0.6800 15.9900 51.5000 908.000000 0.000000 145.000000 64.000000
0.6900 15.9900 51.5000 894.000000 0.000000 145.000000 64.000000
0.7000 15.9900 51.5000 894.000000 0.000000 145.000000 64.000000
0.7100 15.9900 51.5000 909.000000 0.000000 145.000000 64.000000
0.7200 15.9900 51.5000 890.000000 0.000000 145.000000 64.000000
0.7300 15.9900 51.5000 863.000000 0.000000 145.000000 64.000000
0.7400 15.9900 51.5000 827.000000 0.000000 145.000000 64.000000
0.7500 15.9900 51.5000 797.000000 0.000000 145.000000 64.000000
0.7600 15.9400 51.5000 768.000000 0.000000 145.000000 64.000000
0.7700 15.9400 51.5000 762.000000 0.000000 145.000000 64.000000
0.7800 15.9400 51.5000 767.000000 0.000000 145.000000 64.000000
0.7900 15.9400 51.5000 770.000000 0.000000 145.000000 64.000000
0.8000 15.9400 51.5000 768.000000 0.000000 145.000000 64.000000
0.8100 15.9400 51.5000 754.000000 0.000000 145.000000 64.000000
0.8200 15.9400 51.5000 670.000000 0.000000 145.000000 64.000000
0.8300 15.9400 51.5000 616.000000 0.000000 146.000000 64.000000
0.8400 15.7900 51.5000 560.000000 0.000000 146.000000 64.000000
0.8500 15.5800 51.3100 562.000000 0.000000 146.000000 64.000000
0.8600 15.2000 51.0700 561.000000 0.000000 146.000000 64.000000
0.8700 14.7000 50.9100 569.000000 0.000000 148.000000 65.000000
0.8800 14.1300 50.7400 588.000000 0.000000 147.000000 65.000000
0.8900 13.4100 50.5500 634.000000 0.000000 147.000000 65.000000
0.9000 12.7300 50.3600 664.000000 0.000000 147.000000 65.000000
0.9100 12.0700 50.1900 690.000000 0.000000 147.000000 65.000000
0.9200 11.7900 50.0400 716.000000 0.000000 146.000000 66.000000
0.9300 11.7900 49.9300 722.000000 0.000000 146.000000 66.000000
0.9400 11.9800 49.7800 745.000000 0.000000 146.000000 66.000000
0.9500 12.2600 49.6100 753.000000 0.000000 144.000000 66.000000
0.9600 12.7900 49.4500 770.000000 0.000000 144.000000 66.000000
0.9700 13.4800 49.4500 770.000000 0.000000 144.000000 66.000000
0.9800 14.3400 49.4500 763.000000 0.000000 142.000000 66.000000
0.9900 15.2100 49.5400 751.000000 0.000000 142.000000 66.000000
1.0000 16.0900 49.5900 737.000000 0.000000 142.000000 66.000000
1.0100 16.7500 49.5900 724.000000 0.000000 142.000000 66.000000
1.0200 17.2500 49.5900 719.000000 0.000000 142.000000 66.000000
1.0300 17.3000 49.5900 717.000000 0.000000 144.000000 66.000000
1.0400 17.0800 49.5100 722.000000 0.000000 144.000000 66.000000
1.0500 16.6700 49.3700 720.000000 0.000000 144.000000 66.000000
1.0600 15.9100 49.1200 724.000000 0.000000 144.000000 66.000000
1.0700 15.0600 48.8000 750.000000 0.000000 144.000000 67.000000
1.0800 14.1500 48.5400 762.000000 0.000000 144.000000 67.000000
1.0900 13.4800 48.2900 765.000000 0.000000 144.000000 67.000000
1.1000 13.0800 48.0600 767.000000 0.000000 145.000000 68.000000
1.1100 12.8600 47.9300 762.000000 0.000000 145.000000 68.000000
1.1200 12.8600 47.7800 760.000000 0.000000 145.000000 68.000000
1.1300 12.9100 47.6000 759.000000 0.000000 145.000000 68.000000
1.1400 13.0800 47.4600 762.000000 0.000000 145.000000 68.000000
1.1500 13.3400 47.3400 767.000000 0.000000 145.000000 68.000000
1.1600 13.7100 47.3400 767.000000 0.000000 145.000000 68.000000
1.1700 14.1400 47.3400 765.000000 0.000000 145.000000 68.000000
1.1800 14.5700 47.3400 755.000000 0.000000 145.000000 68.000000
1.1900 14.9700 47.4200 710.000000 0.000000 145.000000 68.000000
1.2000 15.3100 47.4800 613.000000 0.000000 145.000000 68.000000
1.2100 15.6200 47.5300 399.000000 0.000000 142.000000 68.000000
1.2200 15.6200 47.5300 0.000000 1.000000 142.000000 68.000000
1.2300 15.9100 47.6700 0.000000 0.000000 142.000000 68.000000
1.2400 15.9100 47.8200 0.000000 0.000000 142.000000 68.000000
1.2500 15.8200 48.0300 0.000000 0.000000 142.000000 68.000000
1.2600 15.9500 48.2900 0.000000 0.000000 142.000000 68.000000
1.2700 16.2200 48.5400 0.000000 0.000000 142.000000 68.000000
1.2800 16.6700 48.7900 0.000000 0.000000 140.000000 67.000000
1.2900 17.1300 49.0400 0.000000 0.000000 137.000000 67.000000
1.3000 17.4600 49.2700 0.000000 0.000000 137.000000 67.000000
1.3100 17.7000 49.4800 0.000000 0.000000 133.000000 67.000000
1.3200 17.7900 49.6300 0.000000 0.000000 131.000000 67.000000
1.3300 17.7900 49.7300 0.000000 0.000000 130.000000 66.000000
1.3400 17.6100 49.7900 0.000000 0.000000 130.000000 66.000000
1.3500 17.4900 49.8700 0.000000 0.000000 130.000000 66.000000
1.3600 17.3800 49.9600 0.000000 0.000000 132.000000 65.000000
1.3700 17.2900 50.0200 0.000000 0.000000 133.000000 65.000000
1.3800 17.2400 50.1000 0.000000 0.000000 135.000000 65.000000
1.3900 17.2400 50.2000 0.000000 0.000000 137.000000 66.000000
1.4000 17.2400 50.2000 88.000000 1.000000 140.000000 66.000000
1.4100 17.5100 50.4100 249.000000 0.000000 140.000000 66.000000
1.4200 17.6200 50.4900 364.000000 0.000000 144.000000 66.000000
1.4300 17.7600 50.5900 468.000000 0.000000 146.000000 66.000000
1.4400 17.9900 50.7100 519.000000 0.000000 146.000000 66.000000
1.4500 18.2900 50.9200 566.000000 0.000000 149.000000 66.000000
1.4600 18.6900 51.1800 588.000000 0.000000 149.000000 66.000000
1.4700 19.2400 51.5400 595.000000 0.000000 149.000000 66.000000
1.4800 19.8700 52.0300 611.000000 0.000000 149.000000 66.000000
1.4900 20.4900 52.6100 616.000000 0.000000 150.000000 65.000000
1.5000 20.9900 53.4000 605.000000 0.000000 150.000000 65.000000
1.5100 21.4200 54.4300 602.000000 0.000000 150.000000 65.000000
1.5200 21.5800 55.6200 625.000000 0.000000 150.000000 65.000000
1.5300 21.4400 56.3600 655.000000 0.000000 151.000000 64.000000
1.5400 21.1100 56.8100 699.000000 0.000000 151.000000 64.000000
1.5500 20.6200 57.0600 720.000000 0.000000 153.000000 65.000000
1.5600 19.9400 56.9700 746.000000 0.000000 153.000000 65.000000
1.5700 19.1300 56.5100 755.000000 0.000000 153.000000 65.000000
1.5800 18.3300 55.8000 767.000000 0.000000 153.000000 65.000000
1.5900 17.7700 54.7100 770.000000 0.000000 153.000000 65.000000
1.6000 17.3800 53.4500 767.000000 0.000000 153.000000 65.000000
1.6100 17.2400 52.0800 739.000000 0.000000 153.000000 65.000000
1.6200 17.3800 50.7600 727.000000 0.000000 153.000000 65.000000
1.6300 17.7000 49.4000 664.000000 0.000000 153.000000 65.000000
1.6400 18.2400 48.1600 625.000000 0.000000 152.000000 65.000000
1.6500 18.6200 47.0100 602.000000 0.000000 149.000000 66.000000
1.6600 18.9000 46.1900 617.000000 0.000000 148.000000 67.000000
1.6700 18.7700 45.6500 673.000000 0.000000 146.000000 67.000000
1.6800 18.2600 45.2900 737.000000 0.000000 142.000000 68.000000
1.6900 17.4900 45.0000 788.000000 0.000000 141.000000 68.000000
1.7000 16.4500 44.8000 843.000000 0.000000 139.000000 69.000000
1.7100 15.5000 44.6700 861.000000 0.000000 139.000000 69.000000
1.7200 14.6200 44.6200 860.000000 0.000000 137.000000 70.000000
1.7300 14.2100 44.6200 846.000000 0.000000 137.000000 70.000000
1.7400 14.0900 44.6200 765.000000 0.000000 137.000000 70.000000
1.7500 14.1500 44.6200 613.000000 0.000000 137.000000 70.000000
1.7600 14.3100 44.6200 193.000000 0.000000 137.000000 70.000000
1.7700 14.3100 44.6200 0.000000 1.000000 137.000000 70.000000
1.7800 15.1300 44.6200 0.000000 0.000000 137.000000 70.000000
1.7900 15.5700 44.7500 0.000000 0.000000 137.000000 70.000000
1.8000 16.0500 45.0400 0.000000 0.000000 137.000000 70.000000
1.8100 16.7100 45.1600 0.000000 0.000000 137.000000 70.000000
1.8200 17.4700 45.2800 0.000000 0.000000 135.000000 69.000000
1.8300 18.2000 45.3800 0.000000 0.000000 135.000000 68.000000
1.8400 18.8500 45.4800 0.000000 0.000000 133.000000 67.000000
1.8500 19.4400 45.6000 0.000000 0.000000 135.000000 67.000000
1.8600 19.8700 45.7500 0.000000 0.000000 135.000000 65.000000
1.8700 20.1500 45.9200 0.000000 0.000000 135.000000 65.000000
1.8800 20.3200 46.0800 0.000000 0.000000 135.000000 64.000000
1.8900 20.2200 46.2300 0.000000 0.000000 135.000000 64.000000
1.9000 20.1400 46.3500 0.000000 0.000000 135.000000 64.000000
1.9100 20.0800 46.4600 0.000000 0.000000 137.000000 63.000000
1.9200 20.0100 46.5100 0.000000 0.000000 137.000000 63.000000
1.9300 19.9400 46.5100 0.000000 0.000000 137.000000 63.000000
1.9400 19.9400 46.5700 0.000000 0.000000 135.000000 64.000000
1.9500 19.9400 46.5700 0.000000 0.000000 137.000000 65.000000
1.9600 20.0000 46.5700 0.000000 0.000000 137.000000 65.000000
1.9700 20.0800 46.5700 0.000000 0.000000 137.000000 65.000000
1.9800 20.1800 46.5700 0.000000 0.000000 137.000000 65.000000
1.9900 20.2600 46.5700 0.000000 0.000000 137.000000 65.000000
2.0000 20.3700 46.6500 0.000000 0.000000 137.000000 65.000000
2.0100 20.5000 46.6500 0.000000 0.000000 137.000000 65.000000
2.0200 20.6000 46.7000 0.000000 0.000000 137.000000 65.000000
2.0300 20.6800 46.7500 0.000000 0.000000 137.000000 65.000000
2.0400 20.7300 46.7500 0.000000 0.000000 137.000000 65.000000
2.0500 20.7900 46.8000 0.000000 0.000000 137.000000 65.000000
2.0600 20.8600 46.8000 0.000000 0.000000 137.000000 65.000000
2.0700 20.9400 46.8600 0.000000 0.000000 137.000000 65.000000
2.0800 21.0400 46.8600 0.000000 0.000000 137.000000 66.000000
2.0900 21.1600 46.9300 0.000000 0.000000 137.000000 66.000000
2.1000 21.2800 46.9300 0.000000 0.000000 137.000000 66.000000
2.1100 21.3900 46.9300 0.000000 0.000000 137.000000 66.000000
2.1200 21.5200 47.0000 0.000000 0.000000 137.000000 66.000000
2.1300 21.6400 47.0600 0.000000 0.000000 135.000000 67.000000
2.1400 21.6400 47.0600 18.000000 1.000000 135.000000 67.000000
2.1500 21.7800 47.3200 136.000000 0.000000 137.000000 67.000000
2.1600 21.7800 47.4800 244.000000 0.000000 137.000000 67.000000
2.1700 21.6700 47.7300 339.000000 0.000000 137.000000 67.000000
2.1800 21.5400 47.9500 414.000000 0.000000 137.000000 67.000000
2.1900 21.3500 48.1200 513.000000 0.000000 139.000000 67.000000
2.2000 21.0500 48.2100 554.000000 0.000000 139.000000 67.000000
2.2100 20.6700 48.2100 595.000000 0.000000 139.000000 67.000000
2.2200 20.3600 48.0400 620.000000 0.000000 139.000000 67.000000
2.2300 20.0700 47.7800 616.000000 0.000000 139.000000 67.000000
2.2400 19.8500 47.3400 616.000000 0.000000 139.000000 67.000000
2.2500 19.6900 46.8700 592.000000 0.000000 139.000000 67.000000
2.2600 19.7500 46.4000 565.000000 0.000000 139.000000 67.000000
2.2700 19.9400 45.9900 529.000000 0.000000 137.000000 67.000000
2.2800 20.2700 45.8300 489.000000 0.000000 137.000000 67.000000
2.2900 20.6400 45.8300 442.000000 0.000000 135.000000 68.000000
2.3000 21.0600 46.0000 428.000000 0.000000 135.000000 68.000000
2.3100 21.4000 46.3600 441.000000 0.000000 135.000000 68.000000
2.3200 21.6800 46.8200 474.000000 0.000000 135.000000 68.000000
2.3300 21.7900 47.2500 526.000000 0.000000 135.000000 68.000000
2.3400 21.8400 47.6400 594.000000 0.000000 135.000000 68.000000
2.3500 21.8400 47.9400 673.000000 0.000000 135.000000 68.000000
2.3600 21.7900 48.0500 700.000000 0.000000 137.000000 67.000000
2.3700 21.7900 48.0500 708.000000 0.000000 135.000000 67.000000
2.3800 21.7900 47.9900 716.000000 0.000000 137.000000 66.000000
2.3900 21.7900 47.9100 717.000000 0.000000 137.000000 66.000000
2.4000 21.9600 47.6300 708.000000 0.000000 137.000000 66.000000
2.4100 22.2900 47.2200 693.000000 0.000000 137.000000 66.000000
2.4200 22.7400 47.0300 685.000000 0.000000 137.000000 66.000000
2.4300 23.3500 47.1200 658.000000 0.000000 137.000000 66.000000
2.4400 24.1300 47.4100 628.000000 0.000000 137.000000 66.000000
2.4500 25.0100 47.9600 613.000000 0.000000 139.000000 67.000000
2.4600 25.8700 48.7000 613.000000 0.000000 139.000000 67.000000
2.4700 26.4800 49.5800 614.000000 0.000000 139.000000 67.000000
2.4800 26.9200 50.7100 603.000000 0.000000 142.000000 66.000000
2.4900 27.2100 52.3100 616.000000 0.000000 142.000000 66.000000
2.5000 27.1500 54.2300 662.000000 0.000000 144.000000 66.000000
2.5100 26.8500 55.8600 697.000000 0.000000 145.000000 65.000000
2.5200 26.5500 56.4700 721.000000 0.000000 148.000000 65.000000
2.5300 26.2700 56.4000 724.000000 0.000000 148.000000 65.000000
2.5400 25.8900 55.8000 753.000000 0.000000 150.000000 64.000000
2.5500 25.4300 54.3900 787.000000 0.000000 150.000000 64.000000
2.5600 25.1700 52.4500 783.000000 0.000000 151.000000 64.000000
2.5700 24.9200 50.3400 783.000000 0.000000 151.000000 64.000000
2.5800 24.9200 48.6300 784.000000 0.000000 151.000000 64.000000
2.5900 24.9900 47.1900 767.000000 0.000000 150.000000 65.000000
2.6000 25.1900 46.3600 733.000000 0.000000 149.000000 66.000000
2.6100 25.4000 45.9000 691.000000 0.000000 148.000000 67.000000
2.6200 25.6100 45.7000 636.000000 0.000000 146.000000 67.000000
2.6300 25.8200 45.7900 595.000000 0.000000 145.000000 68.000000
2.6400 26.0600 46.1600 561.000000 0.000000 143.000000 69.000000
2.6500 26.3300 46.7200 561.000000 0.000000 141.000000 70.000000
2.6600 26.5400 47.1900 545.000000 0.000000 141.000000 70.000000
2.6700 26.7100 47.6800 560.000000 0.000000 141.000000 70.000000
2.6800 26.7900 47.9200 580.000000 0.000000 141.000000 70.000000
2.6900 26.7900 48.0000 594.000000 0.000000 141.000000 68.000000
2.7000 26.7900 47.9200 585.000000 0.000000 141.000000 68.000000
2.7100 26.8500 47.8200 585.000000 0.000000 140.000000 67.000000
2.7200 26.9100 47.6900 595.000000 0.000000 140.000000 67.000000
2.7300 27.1000 47.5800 570.000000 0.000000 139.000000 67.000000
2.7400 27.3600 47.5300 566.000000 0.000000 140.000000 66.000000
2.7500 27.7200 47.5300 563.000000 0.000000 140.000000 66.000000
2.7600 28.1700 47.5300 570.000000 0.000000 138.000000 65.000000
2.7700 28.6800 47.7000 560.000000 0.000000 138.000000 65.000000
2.7800 29.0700 47.8800 563.000000 0.000000 140.000000 66.000000
2.7900 29.3600 48.1100 586.000000 0.000000 140.000000 66.000000
2.8000 29.5900 48.3500 605.000000 0.000000 140.000000 66.000000
2.8100 29.7900 48.6100 636.000000 0.000000 142.000000 66.000000
2.8200 29.9000 48.7000 668.000000 0.000000 142.000000 66.000000
2.8300 29.9600 48.7700 669.000000 0.000000 144.000000 66.000000
2.8400 30.0200 48.8200 673.000000 0.000000 144.000000 66.000000
2.8500 30.0700 48.8700 672.000000 0.000000 146.000000 66.000000
2.8600 30.0700 48.8700 672.000000 0.000000 146.000000 66.000000
2.8700 30.1200 48.8700 673.000000 0.000000 146.000000 66.000000
2.8800 30.1800 48.8700 673.000000 0.000000 146.000000 66.000000
2.8900 30.3100 48.9200 675.000000 0.000000 146.000000 66.000000
2.9000 30.3700 48.9200 676.000000 0.000000 146.000000 66.000000
2.9100 30.3700 48.9800 702.000000 0.000000 146.000000 66.000000
2.9200 30.3700 48.9800 728.000000 0.000000 146.000000 66.000000
2.9300 30.3700 48.9800 758.000000 0.000000 146.000000 66.000000
2.9400 30.3700 48.9800 770.000000 0.000000 146.000000 66.000000
2.9500 30.2200 48.9800 788.000000 0.000000 146.000000 66.000000
2.9600 30.1600 48.9200 790.000000 0.000000 146.000000 66.000000
2.9700 29.9500 48.7800 793.000000 0.000000 146.000000 66.000000
2.9800 29.6300 48.5800 788.000000 0.000000 146.000000 66.000000
2.9900 29.5400 48.4000 784.000000 0.000000 146.000000 66.000000
3.0000 29.5400 48.2300 759.000000 0.000000 146.000000 66.000000
3.0100 29.5400 48.1400 759.000000 0.000000 146.000000 66.000000
3.0200 29.7900 48.1400 757.000000 0.000000 146.000000 66.000000
3.0300 30.4200 48.2200 763.000000 0.000000 146.000000 66.000000
3.0400 31.2900 48.4900 755.000000 0.000000 146.000000 66.000000
3.0500 32.4100 48.8700 739.000000 0.000000 146.000000 66.000000
3.0600 33.5100 49.4000 728.000000 0.000000 148.000000 67.000000
3.0700 34.6000 50.0700 730.000000 0.000000 148.000000 67.000000
3.0800 35.6800 50.8300 731.000000 0.000000 149.000000 66.000000
3.0900 36.6900 51.6300 750.000000 0.000000 151.000000 66.000000
3.1000 37.6500 52.4100 793.000000 0.000000 152.000000 65.000000
3.1100 38.2000 53.0400 843.000000 0.000000 153.000000 65.000000
3.1200 38.5100 53.5800 896.000000 0.000000 153.000000 65.000000
3.1300 38.6600 54.1300 924.000000 0.000000 154.000000 64.000000
3.1400 38.6600 54.6200 947.000000 0.000000 154.000000 64.000000
3.1500 38.6000 55.1100 942.000000 0.000000 153.000000 63.000000
3.1600 38.4200 55.6200 941.000000 0.000000 154.000000 63.000000
3.1700 38.2800 55.9700 921.000000 0.000000 154.000000 63.000000
3.1800 38.1000 56.3400 906.000000 0.000000 152.000000 62.000000
3.1900 37.9000 56.7300 891.000000 0.000000 152.000000 62.000000
3.2000 37.7100 56.9300 858.000000 0.000000 152.000000 62.000000
3.2100 37.7100 56.9800 845.000000 0.000000 152.000000 62.000000
3.2200 37.7100 56.9800 837.000000 0.000000 152.000000 62.000000
3.2300 37.8300 56.7400 828.000000 0.000000 150.000000 62.000000
3.2400 37.9400 56.2600 818.000000 0.000000 150.000000 62.000000
3.2500 38.0600 55.6000 827.000000 0.000000 150.000000 62.000000
3.2600 38.3200 54.6200 824.000000 0.000000 150.000000 62.000000
3.2700 38.7300 53.5000 821.000000 0.000000 150.000000 62.000000
3.2800 39.2300 52.3000 791.000000 0.000000 150.000000 62.000000
3.2900 39.6900 51.1700 779.000000 0.000000 152.000000 62.000000
3.3000 40.0100 50.0700 750.000000 0.000000 152.000000 62.000000
3.3100 40.2400 49.0000 754.000000 0.000000 152.000000 62.000000
3.3200 39.9900 48.2000 794.000000 0.000000 151.000000 63.000000
3.3300 39.2100 47.6600 824.000000 0.000000 151.000000 63.000000
3.3400 38.0800 47.2900 846.000000 0.000000 150.000000 64.000000
3.3500 36.4600 46.9800 860.000000 0.000000 150.000000 65.000000
3.3600 34.8700 46.7200 872.000000 0.000000 149.000000 66.000000
3.3700 33.3100 46.4900 872.000000 0.000000 148.000000 67.000000
3.3800 32.6000 46.2500 855.000000 0.000000 148.000000 68.000000
3.3900 32.7600 46.0300 855.000000 0.000000 147.000000 69.000000
3.4000 33.5100 45.6600 843.000000 0.000000 145.000000 70.000000
3.4100 35.1200 45.2000 822.000000 0.000000 148.000000 70.000000
3.4200 37.2600 44.8200 818.000000 0.000000 146.000000 71.000000
3.4300 39.7500 44.4200 832.000000 0.000000 146.000000 71.000000
3.4400 41.8900 44.0900 819.000000 0.000000 146.000000 71.000000
3.4500 43.1300 43.8100 855.000000 0.000000 146.000000 71.000000
3.4600 43.7700 43.4300 909.000000 0.000000 143.000000 70.000000
3.4700 42.9600 43.0300 1002.000000 0.000000 145.000000 70.000000
3.4800 40.6400 42.4800 1023.000000 0.000000 145.000000 70.000000
3.4900 37.3200 41.8500 1023.000000 0.000000 145.000000 70.000000
3.5000 33.0400 41.2500 1023.000000 0.000000 147.000000 69.000000
3.5100 28.5400 40.6600 1023.000000 0.000000 145.000000 70.000000
3.5200 23.9000 40.2200 1023.000000 0.000000 145.000000 70.000000
3.5300 20.2100 39.8700 1023.000000 0.000000 145.000000 70.000000
3.5400 17.8400 39.5700 1023.000000 0.000000 143.000000 70.000000
3.5500 16.3600 39.4700 1023.000000 0.000000 143.000000 70.000000
3.5600 15.8800 39.4700 869.000000 0.000000 139.000000 71.000000
3.5700 16.0500 39.4700 440.000000 0.000000 139.000000 71.000000
