0.0000 54.5100 11.3900 81.000000 1.000000 170.000000 55.000000
0.0100 54.3500 12.7600 143.000000 0.000000 170.000000 55.000000
0.0200 54.2900 13.5700 216.000000 0.000000 169.000000 54.000000
0.0300 54.2200 14.4100 339.000000 0.000000 169.000000 54.000000
0.0400 54.1700 15.2600 417.000000 0.000000 169.000000 54.000000
0.0500 54.1200 15.9800 495.000000 0.000000 169.000000 54.000000
0.0600 54.1200 16.4200 557.000000 0.000000 169.000000 53.000000
0.0700 54.0500 16.6800 591.000000 0.000000 168.000000 53.000000
0.0800 54.0500 16.8500 613.000000 0.000000 168.000000 52.000000
0.0900 54.0500 16.8500 617.000000 0.000000 169.000000 51.000000
0.1000 54.0500 16.8500 625.000000 0.000000 169.000000 50.000000
0.1100 54.0500 16.5200 665.000000 0.000000 168.000000 50.000000
0.1200 54.0500 15.6300 694.000000 0.000000 168.000000 50.000000
0.1300 54.1100 14.3500 763.000000 0.000000 168.000000 50.000000
0.1400 54.1600 12.6600 782.000000 0.000000 168.000000 50.000000
0.1500 54.2300 10.9600 796.000000 0.000000 167.000000 51.000000
0.1600 54.3600 9.2500 790.000000 0.000000 167.000000 52.000000
0.1700 54.5900 7.8500 787.000000 0.000000 166.000000 53.000000
0.1800 54.9700 6.7600 790.000000 0.000000 165.000000 53.000000
0.1900 55.4300 5.8800 787.000000 0.000000 164.000000 54.000000
0.2000 55.6400 5.2200 785.000000 0.000000 164.000000 55.000000
0.2100 55.7300 4.9600 788.000000 0.000000 165.000000 55.000000
0.2200 55.7300 4.9600 783.000000 0.000000 165.000000 56.000000
0.2300 55.7300 5.0300 791.000000 0.000000 165.000000 56.000000
0.2400 55.5800 5.3100 759.000000 0.000000 165.000000 56.000000
0.2500 55.3100 5.7400 724.000000 0.000000 165.000000 56.000000
0.2600 54.7600 6.2800 644.000000 0.000000 165.000000 56.000000
0.2700 53.8900 6.7900 608.000000 0.000000 165.000000 56.000000
0.2800 52.8000 7.0600 580.000000 0.000000 163.000000 56.000000
0.2900 51.5000 7.1900 572.000000 0.000000 164.000000 55.000000
0.3000 50.1600 7.0100 588.000000 0.000000 163.000000 55.000000
0.3100 48.7800 6.7800 585.000000 0.000000 162.000000 54.000000
0.3200 47.5900 6.4300 585.000000 0.000000 160.000000 53.000000
0.3300 46.6200 6.0300 588.000000 0.000000 161.000000 52.000000
0.3400 45.7900 5.6500 591.000000 0.000000 159.000000 53.000000
0.3500 45.3200 5.2900 588.000000 0.000000 159.000000 53.000000
0.3600 45.1000 5.0800 585.000000 0.000000 159.000000 53.000000
0.3700 45.0400 4.9600 592.000000 0.000000 158.000000 54.000000
0.3800 45.1400 4.9000 592.000000 0.000000 158.000000 54.000000
0.3900 45.6900 4.8400 603.000000 0.000000 158.000000 55.000000
0.4000 46.5300 4.9200 602.000000 0.000000 158.000000 55.000000
0.4100 47.5700 5.1000 588.000000 0.000000 158.000000 55.000000
0.4200 48.8900 5.3000 589.000000 0.000000 158.000000 55.000000
0.4300 50.4000 5.7000 586.000000 0.000000 158.000000 55.000000
0.4400 52.0900 6.2300 584.000000 0.000000 159.000000 55.000000
0.4500 54.0100 6.7100 586.000000 0.000000 159.000000 55.000000
0.4600 56.0700 7.2000 586.000000 0.000000 159.000000 55.000000
0.4700 58.1000 7.7100 606.000000 0.000000 161.000000 55.000000
0.4800 59.8200 8.1300 620.000000 0.000000 161.000000 55.000000
0.4900 61.3400 8.5100 636.000000 0.000000 161.000000 55.000000
0.5000 62.3400 8.7100 639.000000 0.000000 160.000000 53.000000
0.5100 62.8500 8.8100 638.000000 0.000000 160.000000 53.000000
0.5200 63.0200 8.8100 641.000000 0.000000 160.000000 53.000000
0.5300 62.9000 8.7200 641.000000 0.000000 161.000000 52.000000
0.5400 62.1000 8.5100 647.000000 0.000000 161.000000 52.000000
0.5500 60.8500 8.1900 642.000000 0.000000 160.000000 52.000000
0.5600 59.1400 7.7500 647.000000 0.000000 160.000000 52.000000
0.5700 57.2500 7.2800 662.000000 0.000000 158.000000 52.000000
0.5800 55.2300 6.7700 670.000000 0.000000 158.000000 52.000000
0.5900 53.5700 6.2900 672.000000 0.000000 158.000000 53.000000
0.6000 52.2900 5.9700 687.000000 0.000000 158.000000 53.000000
0.6100 51.2500 5.7400 699.000000 0.000000 158.000000 53.000000
0.6200 50.7100 5.6300 731.000000 0.000000 159.000000 53.000000
0.6300 50.4900 5.6800 767.000000 0.000000 158.000000 54.000000
0.6400 50.4900 5.8400 771.000000 0.000000 158.000000 54.000000
0.6500 50.5800 6.0200 753.000000 0.000000 158.000000 54.000000
0.6600 51.2100 6.3200 743.000000 0.000000 158.000000 54.000000
0.6700 52.1800 6.6900 714.000000 0.000000 158.000000 54.000000
0.6800 53.6100 7.1400 699.000000 0.000000 157.000000 54.000000
0.6900 55.0400 7.6000 678.000000 0.000000 158.000000 53.000000
0.7000 56.4600 8.0400 679.000000 0.000000 158.000000 53.000000
0.7100 57.5400 8.4300 676.000000 0.000000 158.000000 52.000000
0.7200 58.4200 8.7100 678.000000 0.000000 158.000000 52.000000
0.7300 58.7000 8.8000 685.000000 0.000000 158.000000 52.000000
0.7400 58.6500 8.8000 693.000000 0.000000 159.000000 51.000000
0.7500 58.3900 8.6600 703.000000 0.000000 159.000000 51.000000
0.7600 57.5300 8.4200 708.000000 0.000000 159.000000 51.000000
0.7700 56.4100 8.0900 717.000000 0.000000 159.000000 51.000000
0.7800 55.1200 7.7800 728.000000 0.000000 159.000000 51.000000
0.7900 53.9300 7.5200 733.000000 0.000000 159.000000 51.000000
0.8000 53.0100 7.3000 730.000000 0.000000 160.000000 51.000000
0.8100 52.2600 7.1600 740.000000 0.000000 161.000000 50.000000
0.8200 52.2100 7.1600 746.000000 0.000000 162.000000 51.000000
0.8300 52.4000 7.2800 743.000000 0.000000 162.000000 51.000000
0.8400 52.7400 7.3800 728.000000 0.000000 162.000000 51.000000
0.8500 53.5200 7.6300 720.000000 0.000000 162.000000 51.000000
0.8600 54.5400 7.9700 719.000000 0.000000 162.000000 51.000000
0.8700 55.7100 8.3300 722.000000 0.000000 160.000000 51.000000
0.8800 56.7000 8.6600 716.000000 0.000000 162.000000 52.000000
0.8900 57.3600 8.8800 719.000000 0.000000 162.000000 52.000000
0.9000 57.8100 8.9900 727.000000 0.000000 163.000000 52.000000
0.9100 57.8100 8.9900 728.000000 0.000000 163.000000 52.000000
0.9200 57.3800 8.9200 733.000000 0.000000 164.000000 53.000000
0.9300 56.7200 8.7800 720.000000 0.000000 164.000000 53.000000
0.9400 55.7700 8.5900 727.000000 0.000000 165.000000 53.000000
0.9500 54.8300 8.3900 742.000000 0.000000 165.000000 53.000000
0.9600 53.9000 8.2200 746.000000 0.000000 165.000000 53.000000
0.9700 53.1100 8.1400 749.000000 0.000000 164.000000 53.000000
0.9800 52.7100 8.1400 782.000000 0.000000 164.000000 53.000000
0.9900 52.5700 8.1400 784.000000 0.000000 162.000000 53.000000
1.0000 52.6400 8.2900 773.000000 0.000000 163.000000 52.000000
1.0100 52.9300 8.5100 774.000000 0.000000 162.000000 52.000000
1.0200 53.3600 8.8400 754.000000 0.000000 162.000000 52.000000
1.0300 54.0600 9.2800 748.000000 0.000000 161.000000 52.000000
1.0400 54.8600 9.7900 728.000000 0.000000 160.000000 52.000000
1.0500 55.7200 10.3500 725.000000 0.000000 160.000000 52.000000
1.0600 56.5700 11.1400 716.000000 0.000000 159.000000 53.000000
1.0700 57.4200 12.0800 696.000000 0.000000 159.000000 53.000000
1.0800 58.2700 13.3200 690.000000 0.000000 158.000000 54.000000
1.0900 58.6800 14.4000 684.000000 0.000000 158.000000 54.000000
1.1000 58.8100 15.3700 664.000000 0.000000 158.000000 54.000000
1.1100 58.7200 16.3400 638.000000 0.000000 157.000000 54.000000
1.1200 58.5400 17.2000 634.000000 0.000000 158.000000 53.000000
1.1300 58.3000 17.9800 634.000000 0.000000 158.000000 52.000000
1.1400 58.0900 18.3800 644.000000 0.000000 158.000000 51.000000
1.1500 58.0300 18.5000 642.000000 0.000000 159.000000 50.000000
1.1600 58.0300 18.4400 645.000000 0.000000 161.000000 49.000000
1.1700 58.1100 18.0900 658.000000 0.000000 161.000000 48.000000
1.1800 58.2200 17.1100 687.000000 0.000000 163.000000 48.000000
1.1900 58.3900 15.7200 720.000000 0.000000 163.000000 48.000000
1.2000 58.5600 13.7200 763.000000 0.000000 163.000000 48.000000
1.2100 58.6900 11.7400 767.000000 0.000000 162.000000 49.000000
1.2200 58.8000 9.7800 776.000000 0.000000 162.000000 50.000000
1.2300 58.9500 8.3600 773.000000 0.000000 160.000000 50.000000
1.2400 59.1000 7.1800 767.000000 0.000000 159.000000 51.000000
1.2500 59.3100 6.1500 762.000000 0.000000 158.000000 52.000000
1.2600 59.5600 5.4000 737.000000 0.000000 158.000000 53.000000
1.2700 59.7200 4.9800 720.000000 0.000000 158.000000 54.000000
1.2800 59.7900 4.7900 725.000000 0.000000 160.000000 54.000000
1.2900 59.7900 4.8400 679.000000 0.000000 161.000000 55.000000
1.3000 59.7900 5.2700 613.000000 0.000000 163.000000 55.000000
1.3100 59.7900 5.9600 480.000000 0.000000 164.000000 55.000000
1.3200 59.8600 6.8500 371.000000 0.000000 164.000000 55.000000
1.3300 59.9100 7.7300 282.000000 0.000000 164.000000 55.000000
1.3400 60.1200 8.3800 279.000000 0.000000 164.000000 54.000000
1.3500 60.4400 8.8700 342.000000 0.000000 163.000000 54.000000
1.3600 60.7900 9.0300 384.000000 0.000000 162.000000 54.000000
1.3700 61.1000 9.0300 417.000000 0.000000 162.000000 53.000000
1.3800 61.3500 8.8300 458.000000 0.000000 161.000000 52.000000
1.3900 61.5600 8.5900 465.000000 0.000000 161.000000 52.000000
1.4000 61.5600 8.3600 495.000000 0.000000 161.000000 52.000000
1.4100 61.3800 8.1200 509.000000 0.000000 160.000000 53.000000
1.4200 61.0900 7.9500 514.000000 0.000000 160.000000 53.000000
1.4300 60.7100 7.8300 522.000000 0.000000 160.000000 53.000000
1.4400 60.3900 7.8300 522.000000 0.000000 160.000000 53.000000
1.4500 60.1700 8.0100 509.000000 0.000000 160.000000 53.000000
1.4600 60.0200 8.2200 501.000000 0.000000 159.000000 53.000000
1.4700 59.9700 8.5000 501.000000 0.000000 159.000000 53.000000
1.4800 60.1000 8.7500 519.000000 0.000000 159.000000 53.000000
1.4900 60.3500 8.9900 546.000000 0.000000 158.000000 53.000000
1.5000 60.7800 9.0800 563.000000 0.000000 158.000000 53.000000
1.5100 61.2400 9.1700 585.000000 0.000000 158.000000 53.000000
1.5200 61.7700 9.2400 630.000000 0.000000 159.000000 53.000000
1.5300 62.2400 9.3300 641.000000 0.000000 159.000000 53.000000
1.5400 62.6700 9.5400 673.000000 0.000000 160.000000 53.000000
1.5500 63.1400 9.8400 684.000000 0.000000 160.000000 53.000000
1.5600 63.6100 10.3100 699.000000 0.000000 161.000000 55.000000
1.5700 64.0000 10.8500 691.000000 0.000000 163.000000 55.000000
1.5800 64.3300 11.4500 691.000000 0.000000 164.000000 55.000000
1.5900 64.5200 12.4200 673.000000 0.000000 164.000000 55.000000
1.6000 64.5200 13.4000 649.000000 0.000000 165.000000 55.000000
1.6100 64.3300 14.4200 613.000000 0.000000 165.000000 55.000000
1.6200 63.8300 15.5300 553.000000 0.000000 166.000000 54.000000
1.6300 63.1400 16.6800 521.000000 0.000000 166.000000 53.000000
1.6400 62.3100 17.8600 473.000000 0.000000 167.000000 52.000000
1.6500 61.7000 18.5600 470.000000 0.000000 167.000000 51.000000
1.6600 61.4300 18.9300 467.000000 0.000000 167.000000 49.000000
1.6700 61.4300 18.8500 486.000000 0.000000 167.000000 48.000000
1.6800 61.4900 18.1900 520.000000 0.000000 168.000000 47.000000
1.6900 61.7500 17.1500 545.000000 0.000000 167.000000 46.000000
1.7000 62.1200 15.5000 595.000000 0.000000 167.000000 46.000000
1.7100 62.3200 13.4500 638.000000 0.000000 167.000000 46.000000
1.7200 62.4400 11.1400 665.000000 0.000000 166.000000 47.000000
1.7300 62.5000 9.5300 678.000000 0.000000 165.000000 48.000000
1.7400 62.5000 8.2900 687.000000 0.000000 164.000000 50.000000
1.7500 62.5700 7.3100 694.000000 0.000000 164.000000 51.000000
1.7600 62.7800 6.7400 730.000000 0.000000 162.000000 53.000000
1.7700 63.0700 6.4600 751.000000 0.000000 162.000000 54.000000
1.7800 63.2900 6.3800 776.000000 0.000000 162.000000 54.000000
1.7900 63.5700 6.4500 794.000000 0.000000 162.000000 54.000000
1.8000 63.8900 6.7900 796.000000 0.000000 163.000000 54.000000
1.8100 64.2200 7.3100 771.000000 0.000000 163.000000 54.000000
1.8200 64.4400 7.9600 748.000000 0.000000 163.000000 54.000000
1.8300 64.5800 8.6200 733.000000 0.000000 164.000000 54.000000
1.8400 64.5800 9.2800 730.000000 0.000000 164.000000 54.000000
1.8500 64.6400 9.5200 719.000000 0.000000 164.000000 54.000000
1.8600 64.6400 9.5200 690.000000 0.000000 166.000000 53.000000
1.8700 64.6900 9.4100 682.000000 0.000000 166.000000 53.000000
1.8800 64.7900 9.1300 673.000000 0.000000 166.000000 54.000000
1.8900 64.9000 8.8500 662.000000 0.000000 166.000000 54.000000
1.9000 65.0000 8.5500 641.000000 0.000000 166.000000 54.000000
1.9100 65.0500 8.3400 641.000000 0.000000 166.000000 54.000000
1.9200 65.1400 8.1900 620.000000 0.000000 166.000000 54.000000
1.9300 65.2100 8.1900 611.000000 0.000000 166.000000 54.000000
1.9400 65.3000 8.2400 594.000000 0.000000 166.000000 54.000000
1.9500 65.5300 8.4200 551.000000 0.000000 166.000000 54.000000
1.9600 65.8400 8.8000 527.000000 0.000000 166.000000 54.000000
1.9700 66.1500 9.1700 502.000000 0.000000 166.000000 54.000000
1.9800 66.4900 9.5300 494.000000 0.000000 167.000000 54.000000
1.9900 66.8900 9.7200 502.000000 0.000000 167.000000 54.000000
2.0000 67.1500 9.8000 509.000000 0.000000 167.000000 54.000000
2.0100 67.3200 9.7500 515.000000 0.000000 169.000000 54.000000
2.0200 67.3900 9.6500 515.000000 0.000000 169.000000 54.000000
2.0300 67.3900 9.4700 514.000000 0.000000 169.000000 54.000000
2.0400 67.3900 9.2600 514.000000 0.000000 169.000000 54.000000
2.0500 67.2400 9.0400 515.000000 0.000000 169.000000 54.000000
2.0600 67.0600 8.8700 514.000000 0.000000 169.000000 54.000000
2.0700 66.8500 8.7200 514.000000 0.000000 169.000000 54.000000
2.0800 66.6200 8.6600 507.000000 0.000000 169.000000 54.000000
2.0900 66.3800 8.6600 491.000000 0.000000 169.000000 54.000000
2.1000 66.2500 8.7200 475.000000 0.000000 169.000000 54.000000
2.1100 66.1900 8.8300 464.000000 0.000000 169.000000 54.000000
2.1200 66.2400 8.9700 473.000000 0.000000 169.000000 54.000000
2.1300 66.3300 9.1200 473.000000 0.000000 169.000000 54.000000
2.1400 66.4400 9.3100 477.000000 0.000000 167.000000 54.000000
2.1500 66.6000 9.4600 495.000000 0.000000 167.000000 54.000000
2.1600 66.8000 9.5800 494.000000 0.000000 167.000000 54.000000
2.1700 67.0700 9.7000 499.000000 0.000000 167.000000 54.000000
2.1800 67.4200 9.7000 499.000000 0.000000 169.000000 54.000000
2.1900 67.8100 9.7600 501.000000 0.000000 169.000000 54.000000
2.2000 68.0900 9.7600 504.000000 0.000000 169.000000 54.000000
2.2100 68.2800 9.7600 502.000000 0.000000 170.000000 55.000000
2.2200 68.4200 9.6800 502.000000 0.000000 170.000000 55.000000
2.2300 68.5400 9.6200 502.000000 0.000000 170.000000 55.000000
2.2400 68.6500 9.5600 504.000000 0.000000 170.000000 55.000000
2.2500 68.7700 9.5600 505.000000 0.000000 169.000000 54.000000
2.2600 68.9800 9.5600 504.000000 0.000000 167.000000 54.000000
2.2700 69.3600 9.5600 501.000000 0.000000 166.000000 54.000000
2.2800 69.8400 9.7000 497.000000 0.000000 164.000000 54.000000
2.2900 70.3300 9.8700 504.000000 0.000000 163.000000 54.000000
2.3000 70.7900 10.0600 502.000000 0.000000 163.000000 54.000000
2.3100 71.1700 10.2200 504.000000 0.000000 163.000000 54.000000
2.3200 71.5100 10.3600 507.000000 0.000000 163.000000 54.000000
2.3300 71.5900 10.4300 505.000000 0.000000 163.000000 54.000000
2.3400 71.5300 10.4300 502.000000 0.000000 164.000000 54.000000
2.3500 71.3800 10.3500 504.000000 0.000000 166.000000 54.000000
2.3600 71.0800 10.1900 502.000000 0.000000 166.000000 54.000000
2.3700 70.6300 9.9700 502.000000 0.000000 166.000000 54.000000
2.3800 70.0900 9.7400 494.000000 0.000000 166.000000 54.000000
2.3900 69.6500 9.4900 491.000000 0.000000 166.000000 54.000000
2.4000 69.4400 9.3300 498.000000 0.000000 164.000000 54.000000
2.4100 69.3700 9.2200 519.000000 0.000000 163.000000 54.000000
2.4200 69.5100 9.2200 561.000000 0.000000 163.000000 54.000000
2.4300 69.8000 9.2200 586.000000 0.000000 162.000000 54.000000
2.4400 70.1900 9.3600 605.000000 0.000000 162.000000 54.000000
2.4500 70.7200 9.6000 628.000000 0.000000 160.000000 53.000000
2.4600 71.2100 9.8300 641.000000 0.000000 162.000000 54.000000
2.4700 71.6700 10.2100 636.000000 0.000000 162.000000 54.000000
2.4800 72.1900 10.6900 644.000000 0.000000 162.000000 54.000000
2.4900 72.7100 11.3400 627.000000 0.000000 163.000000 54.000000
2.5000 73.2200 12.4800 611.000000 0.000000 164.000000 54.000000
2.5100 73.6100 13.9400 595.000000 0.000000 166.000000 54.000000
2.5200 73.9100 15.3500 554.000000 0.000000 167.000000 54.000000
2.5300 73.9600 16.7900 544.000000 0.000000 169.000000 53.000000
2.5400 73.8300 18.2600 542.000000 0.000000 171.000000 53.000000
2.5500 73.5800 19.0300 553.000000 0.000000 172.000000 52.000000
2.5600 73.4900 19.1900 550.000000 0.000000 173.000000 50.000000
2.5700 73.4300 18.9400 551.000000 0.000000 174.000000 48.000000
2.5800 73.4300 18.1600 572.000000 0.000000 175.000000 47.000000
2.5900 73.4300 16.8200 610.000000 0.000000 175.000000 46.000000
2.6000 73.5000 15.1100 658.000000 0.000000 175.000000 46.000000
2.6100 73.5500 13.2900 675.000000 0.000000 175.000000 46.000000
2.6200 73.5500 11.6500 693.000000 0.000000 174.000000 48.000000
2.6300 73.6400 10.1400 699.000000 0.000000 173.000000 49.000000
2.6400 73.7700 9.2300 693.000000 0.000000 173.000000 51.000000
2.6500 73.9900 8.5500 697.000000 0.000000 172.000000 52.000000
2.6600 74.3000 8.0300 694.000000 0.000000 171.000000 53.000000
2.6700 74.6400 7.7800 690.000000 0.000000 170.000000 54.000000
2.6800 75.1700 7.7800 676.000000 0.000000 172.000000 54.000000
2.6900 75.8400 8.0000 659.000000 0.000000 172.000000 54.000000
2.7000 76.6700 8.4400 586.000000 0.000000 172.000000 54.000000
2.7100 77.7000 9.0600 564.000000 0.000000 173.000000 54.000000
2.7200 78.8500 9.8000 545.000000 0.000000 173.000000 53.000000
2.7300 79.9200 10.3000 537.000000 0.000000 175.000000 53.000000
2.7400 80.8300 10.5500 556.000000 0.000000 175.000000 53.000000
2.7500 81.6200 10.6400 565.000000 0.000000 173.000000 53.000000
2.7600 82.0400 10.5300 563.000000 0.000000 173.000000 53.000000
2.7700 82.1000 10.3800 585.000000 0.000000 173.000000 53.000000
2.7800 81.9100 10.0800 602.000000 0.000000 174.000000 52.000000
2.7900 81.1000 9.7000 610.000000 0.000000 172.000000 52.000000
2.8000 79.4400 9.2800 641.000000 0.000000 171.000000 52.000000
2.8100 77.2000 8.8100 662.000000 0.000000 171.000000 53.000000
2.8200 74.5600 8.2400 710.000000 0.000000 169.000000 53.000000
2.8300 71.6800 7.4700 720.000000 0.000000 169.000000 53.000000
2.8400 68.6500 6.5900 752.000000 0.000000 168.000000 53.000000
2.8500 65.8000 5.6300 754.000000 0.000000 168.000000 53.000000
2.8600 63.7600 4.6800 753.000000 0.000000 166.000000 54.000000
2.8700 62.2600 3.9300 758.000000 0.000000 165.000000 55.000000
2.8800 61.6700 3.3000 749.000000 0.000000 163.000000 56.000000
2.8900 61.5700 2.9000 751.000000 0.000000 163.000000 57.000000
2.9000 61.7900 2.7000 757.000000 0.000000 162.000000 58.000000
2.9100 61.9900 2.6400 751.000000 0.000000 160.000000 58.000000
2.9200 62.4800 2.8100 756.000000 0.000000 159.000000 59.000000
2.9300 63.1600 2.9600 759.000000 0.000000 158.000000 60.000000
2.9400 63.7900 3.2800 750.000000 0.000000 157.000000 60.000000
2.9500 64.4600 3.7200 748.000000 0.000000 157.000000 60.000000
2.9600 65.2500 4.3500 730.000000 0.000000 157.000000 60.000000
2.9700 66.1000 4.9800 733.000000 0.000000 157.000000 60.000000
2.9800 66.9100 5.7000 717.000000 0.000000 158.000000 60.000000
2.9900 67.5900 6.4700 697.000000 0.000000 159.000000 59.000000
3.0000 68.1800 6.9600 696.000000 0.000000 162.000000 58.000000
3.0100 68.5300 7.2700 707.000000 0.000000 163.000000 57.000000
3.0200 68.6500 7.4500 707.000000 0.000000 163.000000 56.000000
3.0300 68.6500 7.4500 699.000000 0.000000 163.000000 55.000000
3.0400 68.5000 7.2900 699.000000 0.000000 163.000000 54.000000
3.0500 68.4000 6.9900 700.000000 0.000000 162.000000 53.000000
3.0600 68.3100 6.6900 702.000000 0.000000 163.000000 52.000000
3.0700 68.3100 6.3800 714.000000 0.000000 163.000000 52.000000
3.0800 68.3800 6.2000 733.000000 0.000000 165.000000 51.000000
3.0900 68.5300 6.1200 746.000000 0.000000 164.000000 52.000000
3.1000 68.7400 6.0000 750.000000 0.000000 166.000000 52.000000
3.1100 68.9600 6.0600 762.000000 0.000000 167.000000 52.000000
3.1200 69.2300 6.2400 763.000000 0.000000 168.000000 52.000000
3.1300 69.5400 6.5300 757.000000 0.000000 169.000000 53.000000
3.1400 69.8100 6.8300 746.000000 0.000000 169.000000 53.000000
3.1500 69.9500 7.1500 720.000000 0.000000 169.000000 53.000000
3.1600 70.0300 7.4100 722.000000 0.000000 168.000000 52.000000
3.1700 70.0300 7.4800 722.000000 0.000000 167.000000 52.000000
3.1800 70.0800 7.4200 727.000000 0.000000 166.000000 52.000000
3.1900 70.0800 7.3200 763.000000 0.000000 165.000000 51.000000
3.2000 70.1800 7.1700 759.000000 0.000000 164.000000 51.000000
3.2100 70.2600 7.0200 791.000000 0.000000 162.000000 51.000000
3.2200 70.3400 6.8800 823.000000 0.000000 162.000000 51.000000
3.2300 70.4800 6.7400 827.000000 0.000000 162.000000 51.000000
3.2400 70.5600 6.6500 834.000000 0.000000 164.000000 51.000000
3.2500 70.5600 6.5900 819.000000 0.000000 165.000000 51.000000
3.2600 70.6100 6.5900 760.000000 0.000000 166.000000 51.000000
3.2700 70.6700 6.5900 645.000000 0.000000 169.000000 51.000000
