0.0000 50.1600 48.7600 184.000000 1.000000 173.000000 55.000000
0.0100 50.4600 49.7000 277.000000 0.000000 173.000000 55.000000
0.0200 50.5700 50.5600 364.000000 0.000000 173.000000 55.000000
0.0300 50.6300 51.3500 435.000000 0.000000 171.000000 55.000000
0.0400 50.7700 52.2100 516.000000 0.000000 172.000000 54.000000
0.0500 50.8200 53.1300 608.000000 0.000000 171.000000 53.000000
0.0600 50.8200 53.6300 619.000000 0.000000 171.000000 53.000000
0.0700 50.7500 53.6300 628.000000 0.000000 170.000000 52.000000
0.0800 50.8900 53.2500 667.000000 0.000000 170.000000 52.000000
0.0900 51.1700 52.4800 736.000000 0.000000 170.000000 51.000000
0.1000 51.5400 51.1400 818.000000 0.000000 169.000000 50.000000
0.1100 51.8600 49.4200 855.000000 0.000000 169.000000 50.000000
0.1200 51.9900 47.1700 858.000000 0.000000 169.000000 51.000000
0.1300 51.9900 45.1300 861.000000 0.000000 168.000000 52.000000
0.1400 51.9900 43.2200 855.000000 0.000000 168.000000 53.000000
0.1500 52.0800 41.5600 863.000000 0.000000 167.000000 54.000000
0.1600 52.2000 40.3100 852.000000 0.000000 165.000000 55.000000
0.1700 52.4300 39.3400 836.000000 0.000000 165.000000 56.000000
0.1800 52.5700 38.8200 824.000000 0.000000 164.000000 58.000000
0.1900 52.6600 38.6200 832.000000 0.000000 163.000000 59.000000
0.2000 52.6600 38.6200 808.000000 0.000000 162.000000 60.000000
0.2100 52.6000 38.7700 763.000000 0.000000 160.000000 60.000000
0.2200 52.4300 39.1700 727.000000 0.000000 160.000000 60.000000
0.2300 52.1100 39.7500 688.000000 0.000000 160.000000 60.000000
0.2400 51.4600 40.3000 655.000000 0.000000 160.000000 60.000000
0.2500 50.5800 40.8200 617.000000 0.000000 160.000000 60.000000
0.2600 49.3700 41.1200 616.000000 0.000000 160.000000 60.000000
0.2700 47.9400 41.3000 633.000000 0.000000 159.000000 59.000000
0.2800 46.3600 41.1500 647.000000 0.000000 159.000000 59.000000
0.2900 45.1600 40.9500 670.000000 0.000000 157.000000 59.000000
0.3000 44.0200 40.6500 685.000000 0.000000 158.000000 58.000000
0.3100 42.9800 40.3500 699.000000 0.000000 157.000000 58.000000
0.3200 42.2100 40.0600 699.000000 0.000000 155.000000 58.000000
0.3300 41.6200 39.8000 724.000000 0.000000 155.000000 58.000000
0.3400 41.4000 39.6600 724.000000 0.000000 153.000000 58.000000
0.3500 41.4000 39.6000 727.000000 0.000000 151.000000 58.000000
0.3600 41.5000 39.6000 745.000000 0.000000 150.000000 57.000000
0.3700 41.9500 39.7500 751.000000 0.000000 148.000000 57.000000
0.3800 42.9600 39.9200 737.000000 0.000000 147.000000 56.000000
0.3900 44.3400 40.2300 731.000000 0.000000 147.000000 56.000000
0.4000 46.2400 40.6800 693.000000 0.000000 147.000000 56.000000
0.4100 48.4400 41.2300 700.000000 0.000000 145.000000 56.000000
0.4200 50.8500 41.7700 690.000000 0.000000 147.000000 56.000000
0.4300 53.4100 42.3800 693.000000 0.000000 148.000000 56.000000
0.4400 55.7900 43.0400 710.000000 0.000000 149.000000 56.000000
0.4500 58.0500 43.8000 727.000000 0.000000 150.000000 55.000000
0.4600 60.0800 44.2900 758.000000 0.000000 152.000000 56.000000
0.4700 61.2300 44.5900 757.000000 0.000000 153.000000 56.000000
0.4800 61.8000 44.7000 763.000000 0.000000 154.000000 55.000000
0.4900 61.7500 44.7000 763.000000 0.000000 155.000000 55.000000
0.5000 61.1700 44.5300 754.000000 0.000000 155.000000 55.000000
0.5100 60.2400 44.2100 759.000000 0.000000 157.000000 56.000000
0.5200 58.3000 43.6600 788.000000 0.000000 157.000000 56.000000
0.5300 55.8100 42.9600 796.000000 0.000000 157.000000 56.000000
0.5400 52.9500 42.2500 814.000000 0.000000 157.000000 56.000000
0.5500 50.2500 41.6900 817.000000 0.000000 157.000000 56.000000
0.5600 48.3900 41.2300 861.000000 0.000000 155.000000 55.000000
0.5700 47.1000 40.9800 863.000000 0.000000 155.000000 55.000000
0.5800 46.3600 40.9800 890.000000 0.000000 153.000000 56.000000
0.5900 46.1200 41.0300 911.000000 0.000000 152.000000 56.000000
0.6000 46.2000 41.1900 909.000000 0.000000 152.000000 56.000000
0.6100 46.3500 41.4200 894.000000 0.000000 150.000000 55.000000
0.6200 47.1500 41.7000 875.000000 0.000000 149.000000 55.000000
0.6300 48.3700 42.1100 858.000000 0.000000 149.000000 55.000000
0.6400 49.8100 42.5200 855.000000 0.000000 149.000000 55.000000
0.6500 51.2100 42.9300 831.000000 0.000000 147.000000 55.000000
0.6600 52.5800 43.3400 827.000000 0.000000 149.000000 55.000000
0.6700 53.8000 43.7500 827.000000 0.000000 149.000000 55.000000
0.6800 54.3300 44.0200 830.000000 0.000000 149.000000 55.000000
0.6900 54.4000 44.0200 831.000000 0.000000 150.000000 55.000000
0.7000 54.2300 43.8400 831.000000 0.000000 152.000000 56.000000
0.7100 53.7600 43.7400 839.000000 0.000000 154.000000 55.000000
0.7200 53.1000 43.6000 843.000000 0.000000 154.000000 55.000000
0.7300 51.8900 43.3100 843.000000 0.000000 155.000000 55.000000
0.7400 50.7100 42.9400 852.000000 0.000000 155.000000 55.000000
0.7500 49.5500 42.7500 858.000000 0.000000 155.000000 55.000000
0.7600 48.9100 42.6300 861.000000 0.000000 155.000000 55.000000
0.7700 48.6700 42.5500 853.000000 0.000000 154.000000 55.000000
0.7800 48.6700 42.5500 867.000000 0.000000 154.000000 55.000000
0.7900 48.8300 42.6200 860.000000 0.000000 153.000000 55.000000
0.8000 49.2600 42.7700 846.000000 0.000000 153.000000 55.000000
0.8100 49.9000 43.0000 817.000000 0.000000 152.000000 56.000000
0.8200 50.7700 43.3100 815.000000 0.000000 150.000000 55.000000
0.8300 51.5700 43.6200 799.000000 0.000000 150.000000 55.000000
0.8400 52.3100 43.9200 788.000000 0.000000 152.000000 56.000000
0.8500 52.7500 44.0800 794.000000 0.000000 152.000000 56.000000
0.8600 52.9700 44.1500 796.000000 0.000000 152.000000 56.000000
0.8700 53.0500 44.1500 787.000000 0.000000 153.000000 56.000000
0.8800 52.8800 44.1500 788.000000 0.000000 154.000000 56.000000
0.8900 52.4500 44.0600 790.000000 0.000000 154.000000 56.000000
0.9000 51.8500 43.9700 796.000000 0.000000 156.000000 57.000000
0.9100 51.1000 43.8700 797.000000 0.000000 156.000000 57.000000
0.9200 50.6800 43.8700 803.000000 0.000000 156.000000 57.000000
0.9300 50.4800 43.8700 806.000000 0.000000 156.000000 57.000000
0.9400 50.4800 43.8700 797.000000 0.000000 156.000000 57.000000
0.9500 50.6200 43.9700 787.000000 0.000000 156.000000 57.000000
0.9600 50.8700 44.1300 756.000000 0.000000 154.000000 56.000000
0.9700 51.4300 44.3700 733.000000 0.000000 154.000000 56.000000
0.9800 52.0500 44.7300 725.000000 0.000000 154.000000 57.000000
0.9900 52.7400 45.1700 724.000000 0.000000 154.000000 57.000000
1.0000 53.4600 45.7400 721.000000 0.000000 155.000000 58.000000
1.0100 54.2400 46.4500 700.000000 0.000000 155.000000 58.000000
1.0200 55.0600 47.2600 697.000000 0.000000 155.000000 58.000000
1.0300 55.9000 48.2200 694.000000 0.000000 157.000000 57.000000
1.0400 56.3500 49.1800 688.000000 0.000000 159.000000 57.000000
1.0500 56.4700 50.1400 684.000000 0.000000 161.000000 57.000000
1.0600 56.3700 51.0300 690.000000 0.000000 163.000000 56.000000
1.0700 56.2500 51.6200 694.000000 0.000000 165.000000 55.000000
1.0800 56.0000 52.0100 697.000000 0.000000 166.000000 53.000000
1.0900 55.6500 52.1400 696.000000 0.000000 168.000000 52.000000
1.1000 55.5900 52.0100 700.000000 0.000000 169.000000 51.000000
1.1100 55.5400 51.7000 730.000000 0.000000 169.000000 51.000000
1.1200 55.5400 50.6800 750.000000 0.000000 169.000000 51.000000
1.1300 55.6200 49.1500 802.000000 0.000000 169.000000 51.000000
1.1400 55.8000 47.2800 831.000000 0.000000 169.000000 51.000000
1.1500 55.7000 45.5500 852.000000 0.000000 168.000000 52.000000
1.1600 55.6100 43.9200 867.000000 0.000000 168.000000 53.000000
1.1700 55.5000 42.3700 854.000000 0.000000 166.000000 54.000000
1.1800 55.4000 41.4300 853.000000 0.000000 165.000000 55.000000
1.1900 55.3200 40.7900 830.000000 0.000000 165.000000 56.000000
1.2000 55.3800 40.3400 756.000000 0.000000 163.000000 57.000000
1.2100 55.3800 40.2600 679.000000 0.000000 162.000000 58.000000
1.2200 55.4300 40.3600 565.000000 0.000000 161.000000 59.000000
1.2300 55.6000 40.5700 307.000000 0.000000 161.000000 59.000000
1.2400 55.8800 41.0800 113.000000 0.000000 161.000000 59.000000
1.2500 56.2400 41.6200 95.000000 0.000000 161.000000 59.000000
1.2600 56.5500 42.1700 142.000000 0.000000 161.000000 59.000000
1.2700 56.8600 42.5500 198.000000 0.000000 161.000000 59.000000
1.2800 57.0500 42.7700 296.000000 0.000000 163.000000 59.000000
1.2900 57.1600 42.8900 366.000000 0.000000 163.000000 59.000000
1.3000 57.1600 42.6800 433.000000 0.000000 164.000000 58.000000
1.3100 57.1100 42.4400 467.000000 0.000000 164.000000 58.000000
1.3200 57.1100 42.1600 495.000000 0.000000 164.000000 58.000000
1.3300 57.0600 41.9400 522.000000 0.000000 164.000000 57.000000
1.3400 56.9000 41.7600 535.000000 0.000000 164.000000 57.000000
1.3500 56.6700 41.7600 539.000000 0.000000 164.000000 57.000000
1.3600 56.4400 41.8100 536.000000 0.000000 164.000000 57.000000
1.3700 56.2400 41.9900 544.000000 0.000000 164.000000 57.000000
1.3800 56.0600 42.2700 527.000000 0.000000 164.000000 57.000000
1.3900 55.9600 42.6400 541.000000 0.000000 164.000000 57.000000
1.4000 55.9600 43.0800 537.000000 0.000000 164.000000 57.000000
1.4100 56.1000 43.4500 567.000000 0.000000 163.000000 57.000000
1.4200 56.2500 43.7600 592.000000 0.000000 163.000000 57.000000
1.4300 56.4300 43.8600 611.000000 0.000000 163.000000 57.000000
1.4400 56.6800 43.8600 625.000000 0.000000 164.000000 57.000000
1.4500 57.0600 43.7300 652.000000 0.000000 164.000000 57.000000
1.4600 57.5300 43.5800 664.000000 0.000000 164.000000 57.000000
1.4700 57.8900 43.4500 684.000000 0.000000 164.000000 57.000000
1.4800 58.1700 43.3500 696.000000 0.000000 164.000000 57.000000
1.4900 58.3700 43.3500 711.000000 0.000000 164.000000 57.000000
1.5000 58.6300 43.5000 730.000000 0.000000 164.000000 57.000000
1.5100 58.9300 43.7300 720.000000 0.000000 164.000000 57.000000
1.5200 59.2300 44.1200 731.000000 0.000000 164.000000 57.000000
1.5300 59.6200 44.6100 728.000000 0.000000 164.000000 57.000000
1.5400 59.8900 45.1800 711.000000 0.000000 164.000000 57.000000
1.5500 60.0700 45.8400 690.000000 0.000000 166.000000 57.000000
1.5600 60.2600 46.6300 673.000000 0.000000 166.000000 57.000000
1.5700 60.1900 47.5000 641.000000 0.000000 166.000000 57.000000
1.5800 59.9500 48.6000 625.000000 0.000000 167.000000 57.000000
1.5900 59.5900 49.7700 611.000000 0.000000 168.000000 56.000000
1.6000 59.1600 51.0000 617.000000 0.000000 168.000000 55.000000
1.6100 58.6800 51.7800 619.000000 0.000000 169.000000 54.000000
1.6200 58.4700 51.9400 613.000000 0.000000 169.000000 53.000000
1.6300 58.4000 51.7000 619.000000 0.000000 168.000000 52.000000
1.6400 58.4000 51.3300 628.000000 0.000000 169.000000 51.000000
1.6500 58.4900 50.4400 643.000000 0.000000 167.000000 51.000000
1.6600 58.5700 49.2100 664.000000 0.000000 167.000000 51.000000
1.6700 58.6800 47.6000 693.000000 0.000000 167.000000 51.000000
1.6800 58.5900 45.9900 707.000000 0.000000 166.000000 52.000000
1.6900 58.3700 44.4800 717.000000 0.000000 165.000000 53.000000
1.7000 58.4200 43.0300 722.000000 0.000000 164.000000 54.000000
1.7100 58.5000 42.1700 737.000000 0.000000 164.000000 54.000000
1.7200 58.6200 41.6400 755.000000 0.000000 164.000000 55.000000
1.7300 58.8600 41.3200 788.000000 0.000000 163.000000 56.000000
1.7400 59.1700 41.1900 787.000000 0.000000 163.000000 57.000000
1.7500 59.6100 41.3200 790.000000 0.000000 163.000000 57.000000
1.7600 60.0900 41.6300 787.000000 0.000000 163.000000 57.000000
1.7700 60.3700 42.1800 761.000000 0.000000 163.000000 57.000000
1.7800 60.5100 42.9800 697.000000 0.000000 163.000000 57.000000
1.7900 60.6100 43.9600 672.000000 0.000000 164.000000 57.000000
1.8000 60.5400 44.9500 670.000000 0.000000 164.000000 57.000000
1.8100 60.3500 45.3100 669.000000 0.000000 166.000000 57.000000
1.8200 60.3500 45.2400 666.000000 0.000000 166.000000 57.000000
1.8300 60.3500 45.0600 670.000000 0.000000 166.000000 57.000000
1.8400 60.3500 44.6400 673.000000 0.000000 167.000000 57.000000
1.8500 60.3500 44.0600 676.000000 0.000000 167.000000 57.000000
1.8600 60.3500 43.6100 673.000000 0.000000 167.000000 57.000000
1.8700 60.3500 43.1600 676.000000 0.000000 167.000000 57.000000
1.8800 60.3500 42.8900 676.000000 0.000000 167.000000 57.000000
1.8900 60.3500 42.7500 681.000000 0.000000 166.000000 57.000000
1.9000 60.4500 42.8100 676.000000 0.000000 166.000000 57.000000
1.9100 60.5700 43.0500 668.000000 0.000000 166.000000 57.000000
1.9200 60.7900 43.4000 625.000000 0.000000 166.000000 57.000000
1.9300 61.0700 43.8600 550.000000 0.000000 166.000000 57.000000
1.9400 61.4100 44.2600 529.000000 0.000000 166.000000 57.000000
1.9500 61.7300 44.6300 467.000000 0.000000 167.000000 57.000000
1.9600 62.0100 44.8500 440.000000 0.000000 167.000000 57.000000
1.9700 62.2800 44.9600 351.000000 0.000000 167.000000 57.000000
1.9800 62.4800 44.9600 251.000000 0.000000 169.000000 58.000000
1.9900 62.6200 44.9600 208.000000 0.000000 169.000000 58.000000
2.0000 62.7100 44.8700 207.000000 0.000000 169.000000 58.000000
2.0100 62.7100 44.6800 212.000000 0.000000 169.000000 58.000000
2.0200 62.7800 44.4800 218.000000 0.000000 169.000000 58.000000
2.0300 62.7800 44.2800 265.000000 0.000000 170.000000 58.000000
2.0400 62.7800 44.0800 306.000000 0.000000 170.000000 58.000000
2.0500 62.7300 43.9200 334.000000 0.000000 170.000000 58.000000
2.0600 62.5800 43.7800 346.000000 0.000000 170.000000 58.000000
2.0700 62.3400 43.6800 351.000000 0.000000 170.000000 58.000000
2.0800 62.0400 43.6800 349.000000 0.000000 170.000000 58.000000
2.0900 61.8700 43.7300 341.000000 0.000000 169.000000 58.000000
2.1000 61.7200 43.9300 329.000000 0.000000 169.000000 58.000000
2.1100 61.7200 43.9300 329.000000 0.000000 169.000000 58.000000
2.1200 61.6400 44.4500 358.000000 0.000000 169.000000 58.000000
2.1300 61.7300 44.6300 394.000000 0.000000 169.000000 58.000000
2.1400 61.8900 44.7800 428.000000 0.000000 167.000000 57.000000
2.1500 62.1400 44.7800 445.000000 0.000000 167.000000 57.000000
2.1600 62.4300 44.6600 469.000000 0.000000 169.000000 58.000000
2.1700 62.7300 44.4800 477.000000 0.000000 169.000000 58.000000
2.1800 62.9800 44.3000 481.000000 0.000000 169.000000 58.000000
2.1900 63.2300 44.1400 498.000000 0.000000 169.000000 58.000000
2.2000 63.4700 44.0000 489.000000 0.000000 170.000000 58.000000
2.2100 63.5600 43.8600 499.000000 0.000000 170.000000 58.000000
2.2200 63.6500 43.7900 502.000000 0.000000 170.000000 58.000000
2.2300 63.7600 43.7900 505.000000 0.000000 170.000000 58.000000
2.2400 63.8900 43.8700 486.000000 0.000000 170.000000 58.000000
2.2500 64.2000 44.1200 470.000000 0.000000 170.000000 58.000000
2.2600 64.5600 44.4800 471.000000 0.000000 172.000000 58.000000
2.2700 65.0000 44.7600 455.000000 0.000000 172.000000 58.000000
2.2800 65.4800 45.0000 466.000000 0.000000 172.000000 58.000000
2.2900 66.0000 45.0900 473.000000 0.000000 172.000000 58.000000
2.3000 66.3400 45.0900 473.000000 0.000000 172.000000 58.000000
2.3100 66.5700 45.0400 477.000000 0.000000 172.000000 58.000000
2.3200 66.5700 44.9900 480.000000 0.000000 174.000000 58.000000
2.3300 66.3900 44.9400 477.000000 0.000000 174.000000 58.000000
2.3400 66.1400 44.7200 481.000000 0.000000 174.000000 58.000000
2.3500 65.6100 44.4700 491.000000 0.000000 174.000000 58.000000
2.3600 65.2200 44.1600 493.000000 0.000000 174.000000 58.000000
2.3700 64.9300 43.8500 496.000000 0.000000 174.000000 58.000000
2.3800 64.8000 43.6100 489.000000 0.000000 174.000000 58.000000
2.3900 64.8000 43.4000 535.000000 0.000000 174.000000 58.000000
2.4000 64.9600 43.2700 602.000000 0.000000 174.000000 58.000000
2.4100 65.2000 43.2700 647.000000 0.000000 174.000000 58.000000
2.4200 65.5000 43.2700 685.000000 0.000000 172.000000 58.000000
2.4300 65.8900 43.4700 708.000000 0.000000 172.000000 57.000000
2.4400 66.3600 43.8700 746.000000 0.000000 172.000000 57.000000
2.4500 66.8500 44.4200 763.000000 0.000000 172.000000 57.000000
2.4600 67.4200 45.1300 753.000000 0.000000 172.000000 57.000000
2.4700 68.0700 45.9900 746.000000 0.000000 172.000000 57.000000
2.4800 68.6600 46.9600 733.000000 0.000000 172.000000 57.000000
2.4900 69.1900 48.1800 700.000000 0.000000 174.000000 57.000000
2.5000 69.5200 49.5300 640.000000 0.000000 174.000000 57.000000
2.5100 69.5800 50.9600 633.000000 0.000000 174.000000 56.000000
2.5200 69.4500 52.1300 633.000000 0.000000 174.000000 55.000000
2.5300 69.0700 52.6600 630.000000 0.000000 175.000000 54.000000
2.5400 68.8600 52.7700 628.000000 0.000000 175.000000 53.000000
2.5500 68.7700 52.5000 641.000000 0.000000 175.000000 52.000000
2.5600 68.6900 51.6700 667.000000 0.000000 175.000000 51.000000
2.5700 68.6900 50.4800 705.000000 0.000000 174.000000 51.000000
2.5800 68.6900 48.7200 740.000000 0.000000 174.000000 51.000000
2.5900 68.6900 46.8300 754.000000 0.000000 174.000000 51.000000
2.6000 68.7400 44.8500 767.000000 0.000000 174.000000 52.000000
2.6100 68.9200 42.8500 790.000000 0.000000 173.000000 53.000000
2.6200 69.2000 41.3100 784.000000 0.000000 173.000000 54.000000
2.6300 69.4000 40.0900 799.000000 0.000000 171.000000 56.000000
2.6400 69.6100 39.5100 824.000000 0.000000 171.000000 57.000000
2.6500 69.7500 39.3100 854.000000 0.000000 170.000000 58.000000
2.6600 69.8400 39.3700 848.000000 0.000000 170.000000 59.000000
2.6700 70.1600 39.7900 806.000000 0.000000 170.000000 59.000000
2.6800 70.7800 40.5800 751.000000 0.000000 170.000000 59.000000
2.6900 71.5900 41.6100 675.000000 0.000000 172.000000 59.000000
2.7000 72.6000 42.9600 642.000000 0.000000 172.000000 59.000000
2.7100 73.7800 43.9200 619.000000 0.000000 172.000000 59.000000
2.7200 75.0800 44.6300 620.000000 0.000000 174.000000 58.000000
2.7300 76.3400 44.8500 624.000000 0.000000 175.000000 58.000000
2.7400 77.5800 44.9400 617.000000 0.000000 177.000000 57.000000
2.7500 78.8100 44.9400 620.000000 0.000000 177.000000 57.000000
2.7600 80.0500 44.8200 624.000000 0.000000 178.000000 57.000000
2.7700 80.9300 44.7500 619.000000 0.000000 179.000000 56.000000
2.7800 81.5700 44.7500 619.000000 0.000000 180.000000 56.000000
2.7900 81.6300 44.5300 619.000000 0.000000 180.000000 56.000000
2.8000 81.1000 44.3300 647.000000 0.000000 180.000000 56.000000
2.8100 80.1700 44.0600 681.000000 0.000000 180.000000 56.000000
2.8200 78.3600 43.7000 705.000000 0.000000 180.000000 56.000000
2.8300 75.7900 43.1100 777.000000 0.000000 180.000000 56.000000
2.8400 72.7000 42.3800 817.000000 0.000000 180.000000 56.000000
2.8500 69.2100 41.4500 849.000000 0.000000 179.000000 56.000000
2.8600 65.7000 40.2500 858.000000 0.000000 177.000000 57.000000
2.8700 62.1800 38.8800 869.000000 0.000000 174.000000 57.000000
2.8800 59.7400 37.6900 870.000000 0.000000 172.000000 58.000000
2.8900 58.1600 36.8200 876.000000 0.000000 168.000000 58.000000
2.9000 57.1600 36.1700 872.000000 0.000000 165.000000 59.000000
2.9100 56.7800 35.9200 863.000000 0.000000 162.000000 60.000000
2.9200 56.7800 35.9200 863.000000 0.000000 157.000000 61.000000
2.9300 57.0200 36.0000 869.000000 0.000000 155.000000 62.000000
2.9400 57.8200 36.2200 864.000000 0.000000 152.000000 62.000000
2.9500 58.7100 36.5800 866.000000 0.000000 152.000000 62.000000
2.9600 59.6700 37.0400 863.000000 0.000000 151.000000 63.000000
2.9700 60.5600 37.6200 832.000000 0.000000 149.000000 63.000000
2.9800 61.5000 38.2500 784.000000 0.000000 150.000000 62.000000
2.9900 62.3600 38.9200 768.000000 0.000000 152.000000 62.000000
3.0000 63.1400 39.6100 754.000000 0.000000 153.000000 61.000000
3.0100 63.7400 40.0600 752.000000 0.000000 156.000000 61.000000
3.0200 63.9400 40.3600 740.000000 0.000000 157.000000 60.000000
3.0300 63.8700 40.6800 745.000000 0.000000 159.000000 59.000000
3.0400 63.7900 40.7800 745.000000 0.000000 161.000000 59.000000
3.0500 63.6700 40.7800 743.000000 0.000000 161.000000 59.000000
3.0600 63.5100 40.6300 745.000000 0.000000 163.000000 59.000000
3.0700 63.4200 40.4500 758.000000 0.000000 164.000000 58.000000
3.0800 63.3600 40.1500 759.000000 0.000000 164.000000 58.000000
3.0900 63.3600 39.8800 763.000000 0.000000 164.000000 58.000000
3.1000 63.4200 39.6300 767.000000 0.000000 164.000000 58.000000
3.1100 63.4200 39.5300 784.000000 0.000000 163.000000 59.000000
3.1200 63.5300 39.5300 787.000000 0.000000 163.000000 59.000000
3.1300 63.6300 39.5300 794.000000 0.000000 163.000000 59.000000
3.1400 63.7400 39.6300 787.000000 0.000000 161.000000 59.000000
3.1500 64.1300 39.9200 787.000000 0.000000 163.000000 59.000000
3.1600 64.5400 40.3200 776.000000 0.000000 163.000000 59.000000
3.1700 64.8800 40.6500 779.000000 0.000000 163.000000 59.000000
3.1800 65.1700 40.9300 777.000000 0.000000 163.000000 59.000000
3.1900 65.4200 41.1000 784.000000 0.000000 165.000000 59.000000
3.2000 65.4800 41.1000 794.000000 0.000000 165.000000 59.000000
3.2100 65.4100 40.8800 828.000000 0.000000 165.000000 58.000000
3.2200 65.4800 40.4700 861.000000 0.000000 165.000000 58.000000
3.2300 65.4800 40.0600 905.000000 0.000000 165.000000 58.000000
3.2400 65.4800 39.7900 921.000000 0.000000 165.000000 58.000000
3.2500 65.4800 39.6100 941.000000 0.000000 165.000000 58.000000
3.2600 65.4800 39.6100 944.000000 0.000000 165.000000 59.000000
3.2700 65.5600 39.6100 905.000000 0.000000 165.000000 59.000000
3.2800 65.5600 39.6100 742.000000 0.000000 165.000000 59.000000
