0.0000 50.2200 68.5100 178.000000 1.000000 175.000000 50.000000
0.0100 50.2200 69.8500 284.000000 0.000000 175.000000 50.000000
0.0200 50.2200 70.3400 369.000000 0.000000 175.000000 50.000000
0.0300 50.2200 70.6800 474.000000 0.000000 175.000000 50.000000
0.0400 50.2200 70.7800 501.000000 0.000000 174.000000 50.000000
0.0500 50.2200 70.6700 532.000000 0.000000 173.000000 50.000000
0.0600 50.2700 70.4100 581.000000 0.000000 172.000000 50.000000
0.0700 50.3300 69.8100 641.000000 0.000000 171.000000 49.000000
0.0800 50.4500 68.8100 716.000000 0.000000 169.000000 50.000000
0.0900 50.6000 67.5400 767.000000 0.000000 169.000000 50.000000
0.1000 50.6000 66.1800 799.000000 0.000000 168.000000 49.000000
0.1100 50.5200 64.7600 809.000000 0.000000 168.000000 50.000000
0.1200 50.6300 63.2900 814.000000 0.000000 167.000000 51.000000
0.1300 50.7900 62.2500 811.000000 0.000000 166.000000 51.000000
0.1400 51.0200 61.4500 812.000000 0.000000 166.000000 52.000000
0.1500 51.2200 60.8200 808.000000 0.000000 165.000000 53.000000
0.1600 51.3700 60.4400 805.000000 0.000000 164.000000 53.000000
0.1700 51.4900 60.3000 805.000000 0.000000 164.000000 53.000000
0.1800 51.4900 60.3000 787.000000 0.000000 164.000000 53.000000
0.1900 51.3600 60.4600 755.000000 0.000000 162.000000 54.000000
0.2000 51.1800 60.8300 694.000000 0.000000 162.000000 54.000000
0.2100 50.7200 61.3600 647.000000 0.000000 162.000000 54.000000
0.2200 49.8700 61.8800 613.000000 0.000000 162.000000 54.000000
0.2300 48.7500 62.1000 617.000000 0.000000 160.000000 53.000000
0.2400 47.4200 62.1000 641.000000 0.000000 160.000000 53.000000
0.2500 46.0800 61.9300 667.000000 0.000000 161.000000 52.000000
0.2600 44.7400 61.6900 690.000000 0.000000 160.000000 52.000000
0.2700 43.8400 61.4000 702.000000 0.000000 160.000000 52.000000
0.2800 43.1000 61.1800 708.000000 0.000000 160.000000 52.000000
0.2900 42.4600 61.0000 731.000000 0.000000 158.000000 52.000000
0.3000 41.9600 60.8500 724.000000 0.000000 158.000000 52.000000
0.3100 41.6800 60.7300 733.000000 0.000000 156.000000 53.000000
0.3200 41.5500 60.6400 737.000000 0.000000 156.000000 53.000000
0.3300 41.5500 60.6400 736.000000 0.000000 155.000000 52.000000
0.3400 41.6700 60.5900 737.000000 0.000000 154.000000 52.000000
0.3500 42.3100 60.5900 733.000000 0.000000 154.000000 52.000000
0.3600 43.2900 60.7400 705.000000 0.000000 153.000000 52.000000
0.3700 44.8500 61.0400 678.000000 0.000000 153.000000 52.000000
0.3800 47.1400 61.4600 667.000000 0.000000 153.000000 52.000000
0.3900 49.9100 62.0200 668.000000 0.000000 153.000000 52.000000
0.4000 53.0100 62.6200 673.000000 0.000000 154.000000 52.000000
0.4100 56.1400 63.2500 691.000000 0.000000 155.000000 51.000000
0.4200 59.3000 63.8800 717.000000 0.000000 156.000000 51.000000
0.4300 61.7500 64.5000 725.000000 0.000000 157.000000 52.000000
0.4400 63.6500 64.8800 745.000000 0.000000 158.000000 52.000000
0.4500 65.1900 65.1100 752.000000 0.000000 159.000000 51.000000
0.4600 65.5000 65.1100 761.000000 0.000000 160.000000 51.000000
0.4700 65.3000 65.0300 784.000000 0.000000 162.000000 52.000000
0.4800 64.7700 64.7600 802.000000 0.000000 163.000000 52.000000
0.4900 62.9600 64.3700 806.000000 0.000000 163.000000 52.000000
0.5000 60.2300 63.7600 817.000000 0.000000 163.000000 52.000000
0.5100 56.8800 63.0500 823.000000 0.000000 163.000000 52.000000
0.5200 53.5300 62.2800 829.000000 0.000000 162.000000 52.000000
0.5300 50.7200 61.6400 824.000000 0.000000 162.000000 52.000000
0.5400 48.2700 61.1700 831.000000 0.000000 160.000000 51.000000
0.5500 46.4600 60.8200 863.000000 0.000000 159.000000 51.000000
0.5600 45.4600 60.7600 864.000000 0.000000 157.000000 52.000000
0.5700 45.0000 60.8100 891.000000 0.000000 156.000000 51.000000
0.5800 45.0000 60.9300 884.000000 0.000000 155.000000 51.000000
0.5900 45.3000 61.1100 863.000000 0.000000 155.000000 51.000000
0.6000 45.8100 61.4400 849.000000 0.000000 155.000000 51.000000
0.6100 47.1500 61.8600 817.000000 0.000000 153.000000 51.000000
0.6200 48.8500 62.3700 820.000000 0.000000 153.000000 51.000000
0.6300 50.7900 62.8800 800.000000 0.000000 153.000000 51.000000
0.6400 52.7100 63.3700 796.000000 0.000000 155.000000 51.000000
0.6500 54.1200 63.8200 796.000000 0.000000 155.000000 51.000000
0.6600 55.2000 64.0900 800.000000 0.000000 155.000000 51.000000
0.6700 55.6300 64.2500 814.000000 0.000000 157.000000 51.000000
0.6800 55.6300 64.2500 812.000000 0.000000 157.000000 51.000000
0.6900 55.2900 64.1900 808.000000 0.000000 158.000000 51.000000
0.7000 54.4700 64.0200 821.000000 0.000000 159.000000 51.000000
0.7100 53.2500 63.7800 821.000000 0.000000 159.000000 51.000000
0.7200 51.7700 63.4700 830.000000 0.000000 160.000000 50.000000
0.7300 50.3000 63.1600 827.000000 0.000000 159.000000 51.000000
0.7400 49.2300 62.9300 834.000000 0.000000 159.000000 51.000000
0.7500 48.4300 62.7700 840.000000 0.000000 158.000000 51.000000
0.7600 48.1500 62.7700 852.000000 0.000000 158.000000 51.000000
0.7700 48.1500 62.7700 852.000000 0.000000 157.000000 51.000000
0.7800 48.2600 62.9100 840.000000 0.000000 155.000000 50.000000
0.7900 48.8200 63.1500 831.000000 0.000000 154.000000 50.000000
0.8000 49.6300 63.4600 812.000000 0.000000 154.000000 50.000000
0.8100 50.6100 63.8200 812.000000 0.000000 154.000000 50.000000
0.8200 51.7700 64.1600 803.000000 0.000000 154.000000 50.000000
0.8300 52.5900 64.4800 797.000000 0.000000 154.000000 50.000000
0.8400 53.1900 64.6100 793.000000 0.000000 155.000000 50.000000
0.8500 53.2600 64.6100 788.000000 0.000000 157.000000 51.000000
0.8600 53.0800 64.6100 790.000000 0.000000 157.000000 51.000000
0.8700 52.7200 64.5200 802.000000 0.000000 158.000000 51.000000
0.8800 51.7400 64.3200 808.000000 0.000000 159.000000 51.000000
0.8900 50.8000 64.0400 820.000000 0.000000 159.000000 51.000000
0.9000 49.9400 63.8500 832.000000 0.000000 159.000000 51.000000
0.9100 49.3100 63.7400 830.000000 0.000000 159.000000 51.000000
0.9200 48.8200 63.6900 849.000000 0.000000 159.000000 51.000000
0.9300 48.6700 63.6900 861.000000 0.000000 158.000000 51.000000
0.9400 48.6700 63.7700 855.000000 0.000000 158.000000 51.000000
0.9500 48.7800 63.8700 840.000000 0.000000 157.000000 51.000000
0.9600 49.0100 64.0900 827.000000 0.000000 157.000000 51.000000
0.9700 49.4500 64.3600 805.000000 0.000000 155.000000 50.000000
0.9800 50.0400 64.6600 760.000000 0.000000 155.000000 50.000000
0.9900 50.7900 65.0900 743.000000 0.000000 155.000000 50.000000
1.0000 51.5600 65.5900 713.000000 0.000000 156.000000 51.000000
1.0100 52.3300 66.1400 662.000000 0.000000 156.000000 51.000000
1.0200 53.2300 66.7700 665.000000 0.000000 157.000000 52.000000
1.0300 54.0500 67.4700 655.000000 0.000000 158.000000 52.000000
1.0400 54.6300 68.2100 653.000000 0.000000 160.000000 52.000000
1.0500 55.0700 69.1300 641.000000 0.000000 162.000000 52.000000
1.0600 55.3500 70.0900 625.000000 0.000000 162.000000 52.000000
1.0700 55.3500 71.0900 620.000000 0.000000 164.000000 51.000000
1.0800 55.2500 71.8900 625.000000 0.000000 165.000000 50.000000
1.0900 55.0200 72.4000 638.000000 0.000000 166.000000 48.000000
1.1000 54.8400 72.7300 644.000000 0.000000 168.000000 47.000000
1.1100 54.6800 72.7300 645.000000 0.000000 168.000000 46.000000
1.1200 54.6100 72.4800 652.000000 0.000000 169.000000 45.000000
1.1300 54.5500 72.0700 707.000000 0.000000 169.000000 44.000000
1.1400 54.4900 71.1300 745.000000 0.000000 169.000000 44.000000
1.1500 54.5500 69.8300 785.000000 0.000000 169.000000 44.000000
1.1600 54.6100 68.2900 824.000000 0.000000 169.000000 45.000000
1.1700 54.6700 66.9400 861.000000 0.000000 168.000000 46.000000
1.1800 54.6700 65.5600 861.000000 0.000000 168.000000 47.000000
1.1900 54.6700 64.3800 870.000000 0.000000 166.000000 48.000000
1.2000 54.7400 63.3500 873.000000 0.000000 165.000000 50.000000
1.2100 54.8300 62.7300 869.000000 0.000000 165.000000 51.000000
1.2200 54.9100 62.3000 805.000000 0.000000 164.000000 52.000000
1.2300 55.0200 62.0000 722.000000 0.000000 164.000000 52.000000
1.2400 55.1400 61.9500 556.000000 0.000000 164.000000 53.000000
1.2500 55.2600 62.0200 112.000000 0.000000 164.000000 53.000000
1.2600 55.2600 62.0200 0.000000 1.000000 164.000000 53.000000
1.2700 55.5200 62.5800 0.000000 0.000000 164.000000 52.000000
1.2800 55.6000 63.1400 0.000000 0.000000 164.000000 52.000000
1.2900 55.6000 63.8000 0.000000 0.000000 164.000000 52.000000
1.3000 55.8600 64.3200 0.000000 0.000000 164.000000 52.000000
1.3100 56.0800 64.6000 0.000000 0.000000 164.000000 52.000000
1.3200 56.2800 64.7300 0.000000 0.000000 164.000000 52.000000
1.3300 56.4800 64.6200 0.000000 0.000000 164.000000 52.000000
1.3400 56.4800 64.6200 212.000000 1.000000 166.000000 51.000000
1.3500 56.8700 64.2500 292.000000 0.000000 166.000000 51.000000
1.3600 56.8700 63.9800 393.000000 0.000000 166.000000 51.000000
1.3700 56.7900 63.7300 470.000000 0.000000 166.000000 51.000000
1.3800 56.6300 63.4900 497.000000 0.000000 167.000000 52.000000
1.3900 56.3800 63.2600 501.000000 0.000000 167.000000 52.000000
1.4000 56.0800 63.1300 501.000000 0.000000 167.000000 52.000000
1.4100 55.7900 63.0800 472.000000 0.000000 167.000000 52.000000
1.4200 55.6300 63.1800 423.000000 0.000000 167.000000 52.000000
1.4300 55.5600 63.3800 359.000000 0.000000 167.000000 52.000000
1.4400 55.4800 63.6600 329.000000 0.000000 167.000000 52.000000
1.4500 55.5700 63.9500 335.000000 0.000000 166.000000 52.000000
1.4600 55.7600 64.2100 364.000000 0.000000 166.000000 52.000000
1.4700 56.0200 64.4100 423.000000 0.000000 166.000000 52.000000
1.4800 56.2800 64.4600 433.000000 0.000000 166.000000 52.000000
1.4900 56.5400 64.4600 450.000000 0.000000 166.000000 52.000000
1.5000 56.7300 64.3100 483.000000 0.000000 167.000000 52.000000
1.5100 56.8900 64.1600 510.000000 0.000000 167.000000 52.000000
1.5200 56.9900 63.9600 515.000000 0.000000 167.000000 52.000000
1.5300 57.0500 63.7700 520.000000 0.000000 167.000000 52.000000
1.5400 57.0500 63.6600 509.000000 0.000000 168.000000 52.000000
1.5500 57.1500 63.5800 504.000000 0.000000 168.000000 52.000000
1.5600 57.2500 63.5800 502.000000 0.000000 168.000000 52.000000
1.5700 57.4200 63.8000 483.000000 0.000000 168.000000 52.000000
1.5800 57.7200 64.1100 473.000000 0.000000 168.000000 52.000000
1.5900 57.9600 64.6300 471.000000 0.000000 168.000000 52.000000
1.6000 58.1600 65.2400 471.000000 0.000000 168.000000 52.000000
1.6100 58.3000 65.9200 443.000000 0.000000 168.000000 53.000000
1.6200 58.3700 66.7100 422.000000 0.000000 168.000000 53.000000
1.6300 58.3700 67.7200 394.000000 0.000000 166.000000 53.000000
1.6400 58.2800 68.8800 366.000000 0.000000 167.000000 52.000000
1.6500 58.0100 70.2800 371.000000 0.000000 167.000000 52.000000
1.6600 57.6400 71.3400 379.000000 0.000000 167.000000 51.000000
1.6700 57.3400 72.1800 404.000000 0.000000 169.000000 50.000000
1.6800 57.2500 72.4500 417.000000 0.000000 169.000000 50.000000
1.6900 57.3100 72.3800 428.000000 0.000000 170.000000 48.000000
1.7000 57.3600 72.0800 473.000000 0.000000 171.000000 47.000000
1.7100 57.4300 71.3200 518.000000 0.000000 172.000000 46.000000
1.7200 57.5500 69.9800 570.000000 0.000000 172.000000 46.000000
1.7300 57.6600 68.2500 614.000000 0.000000 172.000000 46.000000
1.7400 57.6600 66.7100 645.000000 0.000000 171.000000 47.000000
1.7500 57.5500 65.2700 653.000000 0.000000 171.000000 48.000000
1.7600 57.4700 63.9100 656.000000 0.000000 171.000000 49.000000
1.7700 57.4700 63.0800 662.000000 0.000000 170.000000 50.000000
1.7800 57.5700 62.6000 685.000000 0.000000 170.000000 52.000000
1.7900 57.7800 62.3600 699.000000 0.000000 168.000000 52.000000
1.8000 57.9300 62.3600 719.000000 0.000000 168.000000 52.000000
1.8100 58.1200 62.5400 724.000000 0.000000 168.000000 52.000000
1.8200 58.4900 62.9000 691.000000 0.000000 167.000000 52.000000
1.8300 58.9700 63.5300 675.000000 0.000000 167.000000 52.000000
1.8400 59.1500 64.3500 636.000000 0.000000 166.000000 52.000000
1.8500 59.3300 65.3000 631.000000 0.000000 166.000000 52.000000
1.8600 59.3300 65.9000 644.000000 0.000000 165.000000 53.000000
1.8700 59.3300 66.0800 636.000000 0.000000 164.000000 53.000000
1.8800 59.3300 65.9800 662.000000 0.000000 164.000000 53.000000
1.8900 59.3300 65.5800 676.000000 0.000000 164.000000 53.000000
1.9000 59.3300 65.1100 681.000000 0.000000 164.000000 53.000000
1.9100 59.4000 64.6000 685.000000 0.000000 164.000000 53.000000
1.9200 59.4000 64.2000 682.000000 0.000000 164.000000 53.000000
1.9300 59.4000 63.9900 679.000000 0.000000 164.000000 53.000000
1.9400 59.4000 63.9200 676.000000 0.000000 164.000000 53.000000
1.9500 59.4000 63.9800 672.000000 0.000000 164.000000 53.000000
1.9600 59.4700 64.1700 667.000000 0.000000 164.000000 52.000000
1.9700 59.5900 64.4500 609.000000 0.000000 164.000000 52.000000
1.9800 59.7500 64.8000 529.000000 0.000000 164.000000 52.000000
1.9900 59.8800 65.1500 363.000000 0.000000 166.000000 52.000000
2.0000 60.0500 65.4700 214.000000 0.000000 166.000000 52.000000
2.0100 60.2500 65.6500 58.000000 0.000000 167.000000 52.000000
2.0200 60.5900 65.7400 18.000000 0.000000 168.000000 53.000000
2.0300 60.9600 65.7400 61.000000 0.000000 169.000000 53.000000
2.0400 61.3500 65.6100 103.000000 0.000000 172.000000 54.000000
2.0500 61.6200 65.4700 163.000000 0.000000 173.000000 54.000000
2.0600 61.8100 65.3000 173.000000 0.000000 173.000000 54.000000
2.0700 61.8100 65.1200 222.000000 0.000000 175.000000 54.000000
2.0800 61.6300 64.9300 239.000000 0.000000 176.000000 54.000000
2.0900 61.3900 64.7400 270.000000 0.000000 176.000000 54.000000
2.1000 61.0900 64.6400 275.000000 0.000000 176.000000 54.000000
2.1100 60.8000 64.5900 277.000000 0.000000 176.000000 54.000000
2.1200 60.6700 64.6700 269.000000 0.000000 175.000000 54.000000
2.1300 60.6700 64.8400 255.000000 0.000000 175.000000 54.000000
2.1400 60.6700 65.0600 254.000000 0.000000 175.000000 53.000000
2.1500 60.6700 65.3000 241.000000 0.000000 175.000000 54.000000
2.1600 60.7800 65.5100 265.000000 0.000000 175.000000 54.000000
2.1700 60.9900 65.6300 297.000000 0.000000 175.000000 54.000000
2.1800 61.2800 65.6300 324.000000 0.000000 175.000000 54.000000
2.1900 61.6400 65.5600 337.000000 0.000000 175.000000 54.000000
2.2000 62.0600 65.5600 339.000000 0.000000 175.000000 54.000000
2.2100 62.5400 65.5600 342.000000 0.000000 175.000000 54.000000
2.2200 63.0800 65.5600 339.000000 0.000000 175.000000 54.000000
2.2300 63.6600 65.6600 325.000000 0.000000 175.000000 54.000000
2.2400 64.2300 65.8200 315.000000 0.000000 175.000000 54.000000
2.2500 64.8200 66.0400 314.000000 0.000000 175.000000 54.000000
2.2600 65.2500 66.2900 310.000000 0.000000 173.000000 54.000000
2.2700 65.5800 66.5500 307.000000 0.000000 173.000000 54.000000
2.2800 65.6900 66.7500 314.000000 0.000000 173.000000 54.000000
2.2900 65.5400 66.8600 287.000000 0.000000 172.000000 54.000000
2.3000 65.2200 66.9100 292.000000 0.000000 171.000000 55.000000
2.3100 64.7400 66.7500 314.000000 0.000000 171.000000 55.000000
2.3200 64.2300 66.4600 325.000000 0.000000 171.000000 55.000000
2.3300 63.7000 66.0400 354.000000 0.000000 171.000000 55.000000
2.3400 63.3700 65.6100 366.000000 0.000000 171.000000 55.000000
2.3500 63.2400 65.1500 413.000000 0.000000 171.000000 55.000000
2.3600 63.2400 64.8100 445.000000 0.000000 172.000000 54.000000
2.3700 63.3600 64.5400 522.000000 0.000000 172.000000 54.000000
2.3800 63.5200 64.3700 545.000000 0.000000 172.000000 54.000000
2.3900 63.7700 64.3700 594.000000 0.000000 170.000000 54.000000
2.4000 64.0500 64.5000 634.000000 0.000000 170.000000 54.000000
2.4100 64.3600 64.7500 636.000000 0.000000 170.000000 54.000000
2.4200 64.6900 65.1200 634.000000 0.000000 170.000000 54.000000
2.4300 64.9400 65.5600 610.000000 0.000000 169.000000 53.000000
2.4400 65.1500 66.1200 566.000000 0.000000 170.000000 54.000000
2.4500 65.4200 66.8300 537.000000 0.000000 170.000000 54.000000
2.4600 65.6300 67.6500 460.000000 0.000000 170.000000 54.000000
2.4700 65.6300 68.6700 353.000000 0.000000 172.000000 54.000000
2.4800 65.5300 69.9500 284.000000 0.000000 172.000000 53.000000
2.4900 65.2200 71.4100 274.000000 0.000000 172.000000 52.000000
2.5000 64.8700 72.6000 312.000000 0.000000 173.000000 51.000000
2.5100 64.5000 73.1500 329.000000 0.000000 173.000000 50.000000
2.5200 64.4000 73.2800 373.000000 0.000000 173.000000 49.000000
2.5300 64.3300 72.9800 474.000000 0.000000 174.000000 47.000000
2.5400 64.3300 72.1700 527.000000 0.000000 174.000000 46.000000
2.5500 64.4100 71.0300 594.000000 0.000000 174.000000 46.000000
2.5600 64.4800 69.4100 673.000000 0.000000 174.000000 46.000000
2.5700 64.5300 67.7000 719.000000 0.000000 173.000000 46.000000
2.5800 64.5300 65.9200 751.000000 0.000000 172.000000 47.000000
2.5900 64.5300 64.2800 776.000000 0.000000 172.000000 49.000000
2.6000 64.6500 63.0400 783.000000 0.000000 172.000000 50.000000
2.6100 64.8900 62.0800 790.000000 0.000000 171.000000 51.000000
2.6200 65.2000 61.4900 783.000000 0.000000 170.000000 52.000000
2.6300 65.3700 61.2300 793.000000 0.000000 169.000000 53.000000
2.6400 65.5500 61.2300 776.000000 0.000000 169.000000 53.000000
2.6500 65.7400 61.4300 746.000000 0.000000 168.000000 52.000000
2.6600 66.0600 61.9500 690.000000 0.000000 168.000000 52.000000
2.6700 66.3500 62.6600 613.000000 0.000000 169.000000 53.000000
2.6800 66.6100 63.6700 565.000000 0.000000 169.000000 53.000000
2.6900 66.8000 64.5600 537.000000 0.000000 169.000000 53.000000
2.7000 67.0000 65.3700 543.000000 0.000000 171.000000 53.000000
2.7100 67.2500 65.5800 546.000000 0.000000 171.000000 53.000000
2.7200 67.5300 65.5800 561.000000 0.000000 171.000000 53.000000
2.7300 67.8300 65.4500 572.000000 0.000000 171.000000 53.000000
2.7400 68.1300 65.2700 577.000000 0.000000 171.000000 53.000000
2.7500 68.4100 65.1300 580.000000 0.000000 170.000000 54.000000
2.7600 68.5000 65.0400 584.000000 0.000000 170.000000 54.000000
2.7700 68.5000 64.9700 594.000000 0.000000 170.000000 54.000000
2.7800 68.4200 64.8300 592.000000 0.000000 170.000000 54.000000
2.7900 68.2000 64.6900 611.000000 0.000000 171.000000 53.000000
2.8000 67.8800 64.6100 606.000000 0.000000 172.000000 53.000000
2.8100 67.6300 64.6100 605.000000 0.000000 172.000000 53.000000
2.8200 67.3800 64.6800 597.000000 0.000000 172.000000 53.000000
2.8300 67.1800 64.8500 619.000000 0.000000 172.000000 53.000000
2.8400 67.1200 65.0500 617.000000 0.000000 172.000000 53.000000
2.8500 67.1200 65.3100 614.000000 0.000000 172.000000 53.000000
2.8600 67.2600 65.5500 619.000000 0.000000 170.000000 54.000000
2.8700 67.5100 65.7700 616.000000 0.000000 170.000000 54.000000
2.8800 67.8500 65.9600 591.000000 0.000000 170.000000 54.000000
2.8900 68.1800 66.1100 545.000000 0.000000 170.000000 54.000000
2.9000 68.6500 66.2100 483.000000 0.000000 170.000000 54.000000
2.9100 69.2000 66.2100 415.000000 0.000000 170.000000 54.000000
2.9200 69.7500 66.2100 382.000000 0.000000 170.000000 54.000000
2.9300 70.2700 66.2100 384.000000 0.000000 170.000000 54.000000
2.9400 70.7200 66.2100 386.000000 0.000000 170.000000 54.000000
2.9500 71.1400 66.0700 382.000000 0.000000 170.000000 54.000000
2.9600 71.5500 65.9700 369.000000 0.000000 170.000000 54.000000
2.9700 71.9900 65.8800 346.000000 0.000000 170.000000 54.000000
2.9800 72.5000 65.8800 304.000000 0.000000 172.000000 54.000000
2.9900 73.0900 65.8800 214.000000 0.000000 172.000000 54.000000
3.0000 73.8600 65.9800 191.000000 0.000000 172.000000 54.000000
3.0100 74.7400 66.1300 198.000000 0.000000 173.000000 54.000000
3.0200 75.7100 66.3300 225.000000 0.000000 173.000000 55.000000
3.0300 76.7400 66.5700 277.000000 0.000000 173.000000 55.000000
3.0400 77.7500 66.8000 320.000000 0.000000 174.000000 55.000000
3.0500 78.7300 67.0300 420.000000 0.000000 174.000000 55.000000
3.0600 79.4900 67.0800 492.000000 0.000000 174.000000 55.000000
3.0700 79.7100 67.0800 542.000000 0.000000 174.000000 55.000000
3.0800 79.5700 66.9700 613.000000 0.000000 174.000000 55.000000
3.0900 78.8300 66.7100 678.000000 0.000000 174.000000 55.000000
3.1000 77.3200 66.3600 755.000000 0.000000 174.000000 55.000000
3.1100 75.3000 65.9000 817.000000 0.000000 174.000000 55.000000
3.1200 72.1500 65.2500 854.000000 0.000000 174.000000 55.000000
3.1300 68.8600 64.4800 903.000000 0.000000 173.000000 54.000000
3.1400 65.4800 63.5600 946.000000 0.000000 172.000000 54.000000
3.1500 62.0800 62.6000 943.000000 0.000000 170.000000 54.000000
3.1600 59.3400 61.6300 962.000000 0.000000 168.000000 53.000000
3.1700 57.0500 60.6700 946.000000 0.000000 166.000000 53.000000
3.1800 55.4800 59.6900 941.000000 0.000000 164.000000 53.000000
3.1900 54.6800 59.1700 911.000000 0.000000 162.000000 54.000000
3.2000 54.3900 58.9600 900.000000 0.000000 160.000000 53.000000
3.2100 54.4700 58.7400 899.000000 0.000000 158.000000 54.000000
3.2200 54.5800 58.6100 902.000000 0.000000 156.000000 55.000000
3.2300 54.7600 58.5500 902.000000 0.000000 156.000000 55.000000
3.2400 55.2400 58.6900 890.000000 0.000000 154.000000 55.000000
3.2500 55.9200 58.8900 878.000000 0.000000 154.000000 55.000000
3.2600 56.5700 59.1200 837.000000 0.000000 154.000000 55.000000
3.2700 57.2700 59.5600 805.000000 0.000000 154.000000 55.000000
3.2800 58.1300 60.0700 794.000000 0.000000 154.000000 55.000000
3.2900 59.0700 60.6300 790.000000 0.000000 154.000000 55.000000
3.3000 59.7900 61.1800 788.000000 0.000000 155.000000 55.000000
3.3100 60.3300 61.7100 785.000000 0.000000 156.000000 55.000000
3.3200 60.7600 62.2000 791.000000 0.000000 157.000000 54.000000
3.3300 60.8500 62.4200 794.000000 0.000000 157.000000 54.000000
3.3400 60.8500 62.4200 790.000000 0.000000 158.000000 54.000000
3.3500 60.8500 62.4200 783.000000 0.000000 159.000000 53.000000
3.3600 60.7200 62.1700 788.000000 0.000000 159.000000 53.000000
3.3700 60.6600 61.8500 806.000000 0.000000 159.000000 53.000000
3.3800 60.6600 61.5000 815.000000 0.000000 159.000000 53.000000
3.3900 60.6600 61.2300 829.000000 0.000000 159.000000 53.000000
3.4000 60.6600 61.0500 831.000000 0.000000 159.000000 53.000000
3.4100 60.7500 60.9000 836.000000 0.000000 159.000000 53.000000
3.4200 60.8200 60.9000 843.000000 0.000000 159.000000 53.000000
3.4300 60.9300 60.9700 837.000000 0.000000 159.000000 53.000000
3.4400 61.2700 61.1700 824.000000 0.000000 159.000000 53.000000
3.4500 61.7800 61.5000 824.000000 0.000000 160.000000 53.000000
3.4600 62.0500 61.8300 814.000000 0.000000 160.000000 53.000000
3.4700 62.2700 62.1700 791.000000 0.000000 160.000000 53.000000
3.4800 62.4500 62.4300 797.000000 0.000000 162.000000 54.000000
3.4900 62.5000 62.5000 811.000000 0.000000 162.000000 54.000000
3.5000 62.5000 62.4400 836.000000 0.000000 163.000000 54.000000
3.5100 62.5000 62.1800 896.000000 0.000000 164.000000 53.000000
3.5200 62.5900 61.9100 912.000000 0.000000 164.000000 53.000000
3.5300 62.6700 61.6400 935.000000 0.000000 164.000000 53.000000
3.5400 62.6700 61.4500 933.000000 0.000000 164.000000 53.000000
3.5500 62.6700 61.3000 870.000000 0.000000 165.000000 53.000000
3.5600 62.8300 61.2200 664.000000 0.000000 165.000000 53.000000
