0.0000 94.7800 46.7000 17.000000 1.000000 180.000000 54.000000
0.0100 94.5600 48.1300 71.000000 0.000000 180.000000 54.000000
0.0200 94.5100 48.8900 142.000000 0.000000 180.000000 54.000000
0.0300 94.5100 49.6500 202.000000 0.000000 180.000000 54.000000
0.0400 94.5100 50.3500 327.000000 0.000000 179.000000 53.000000
0.0500 94.4000 51.0200 420.000000 0.000000 179.000000 53.000000
0.0600 94.3100 51.6100 526.000000 0.000000 179.000000 52.000000
0.0700 94.2300 52.0300 599.000000 0.000000 177.000000 52.000000
0.0800 94.1800 52.3300 643.000000 0.000000 178.000000 51.000000
0.0900 94.1200 52.4400 653.000000 0.000000 178.000000 51.000000
0.1000 94.1200 52.3200 664.000000 0.000000 176.000000 51.000000
0.1100 94.1200 52.0400 708.000000 0.000000 176.000000 50.000000
0.1200 94.1800 51.1300 754.000000 0.000000 176.000000 50.000000
0.1300 94.1000 49.7800 799.000000 0.000000 176.000000 51.000000
0.1400 93.9300 48.1400 825.000000 0.000000 175.000000 51.000000
0.1500 93.7600 46.3800 839.000000 0.000000 175.000000 52.000000
0.1600 93.5900 44.5600 837.000000 0.000000 174.000000 52.000000
0.1700 93.5900 42.6900 829.000000 0.000000 173.000000 53.000000
0.1800 93.7600 40.8000 832.000000 0.000000 172.000000 54.000000
0.1900 93.9700 39.6400 817.000000 0.000000 171.000000 55.000000
0.2000 94.1800 38.8500 819.000000 0.000000 171.000000 56.000000
0.2100 94.4100 38.3200 817.000000 0.000000 170.000000 56.000000
0.2200 94.5000 38.3200 827.000000 0.000000 169.000000 57.000000
0.2300 94.5000 38.4100 828.000000 0.000000 169.000000 57.000000
0.2400 94.4400 38.5700 800.000000 0.000000 167.000000 57.000000
0.2500 94.2100 39.0800 763.000000 0.000000 167.000000 57.000000
0.2600 93.8700 39.8400 731.000000 0.000000 167.000000 57.000000
0.2700 93.4200 40.7600 700.000000 0.000000 167.000000 57.000000
0.2800 92.6300 41.6300 684.000000 0.000000 167.000000 57.000000
0.2900 91.6100 42.0200 690.000000 0.000000 168.000000 56.000000
0.3000 90.4300 42.1000 733.000000 0.000000 168.000000 56.000000
0.3100 89.0600 41.9500 751.000000 0.000000 168.000000 55.000000
0.3200 87.5500 41.6500 790.000000 0.000000 167.000000 55.000000
0.3300 86.3600 41.2400 797.000000 0.000000 167.000000 55.000000
0.3400 85.4000 40.7900 818.000000 0.000000 166.000000 54.000000
0.3500 84.5800 40.3700 815.000000 0.000000 164.000000 54.000000
0.3600 84.0600 40.1000 817.000000 0.000000 164.000000 54.000000
0.3700 83.9300 39.9300 812.000000 0.000000 163.000000 55.000000
0.3800 84.0600 39.7400 806.000000 0.000000 161.000000 55.000000
0.3900 84.2300 39.6500 797.000000 0.000000 161.000000 55.000000
0.4000 84.9300 39.6500 790.000000 0.000000 160.000000 54.000000
0.4100 85.9800 39.7500 758.000000 0.000000 158.000000 54.000000
0.4200 87.6100 40.0700 730.000000 0.000000 158.000000 54.000000
0.4300 89.5700 40.5300 725.000000 0.000000 158.000000 54.000000
0.4400 91.7400 41.1100 702.000000 0.000000 158.000000 54.000000
0.4500 94.1500 41.7000 696.000000 0.000000 158.000000 54.000000
0.4600 96.5700 42.2900 703.000000 0.000000 158.000000 54.000000
0.4700 98.6900 42.8600 731.000000 0.000000 160.000000 54.000000
0.4800 100.6100 43.2800 746.000000 0.000000 160.000000 54.000000
0.4900 101.6000 43.5900 745.000000 0.000000 160.000000 53.000000
0.5000 101.9600 43.5900 739.000000 0.000000 160.000000 53.000000
0.5100 101.9000 43.5900 743.000000 0.000000 160.000000 53.000000
0.5200 101.5300 43.4300 757.000000 0.000000 160.000000 53.000000
0.5300 100.2900 43.1500 745.000000 0.000000 160.000000 53.000000
0.5400 98.4800 42.7800 746.000000 0.000000 160.000000 53.000000
0.5500 96.2200 42.2600 745.000000 0.000000 162.000000 54.000000
0.5600 93.9500 41.7400 739.000000 0.000000 162.000000 54.000000
0.5700 91.6700 41.2400 749.000000 0.000000 162.000000 54.000000
0.5800 90.1200 40.9200 770.000000 0.000000 162.000000 54.000000
0.5900 89.1900 40.6900 797.000000 0.000000 162.000000 54.000000
0.6000 88.6700 40.6900 827.000000 0.000000 162.000000 54.000000
0.6100 88.7300 40.7900 823.000000 0.000000 161.000000 55.000000
0.6200 88.8300 40.9400 797.000000 0.000000 161.000000 55.000000
0.6300 89.5300 41.2400 791.000000 0.000000 160.000000 54.000000
0.6400 90.6100 41.6100 755.000000 0.000000 160.000000 54.000000
0.6500 92.0400 42.0400 727.000000 0.000000 160.000000 54.000000
0.6600 93.6300 42.4800 711.000000 0.000000 160.000000 54.000000
0.6700 95.3200 42.8900 719.000000 0.000000 160.000000 54.000000
0.6800 96.5800 43.2300 719.000000 0.000000 160.000000 54.000000
0.6900 97.2100 43.4700 721.000000 0.000000 160.000000 53.000000
0.7000 97.4300 43.5400 725.000000 0.000000 160.000000 53.000000
0.7100 97.3300 43.4900 727.000000 0.000000 162.000000 54.000000
0.7200 96.7600 43.3100 751.000000 0.000000 162.000000 54.000000
0.7300 95.8800 43.1000 748.000000 0.000000 163.000000 54.000000
0.7400 94.5900 42.8300 758.000000 0.000000 163.000000 54.000000
0.7500 93.3400 42.5600 767.000000 0.000000 163.000000 54.000000
0.7600 92.1100 42.3600 771.000000 0.000000 163.000000 54.000000
0.7700 91.2800 42.2000 785.000000 0.000000 163.000000 54.000000
0.7800 90.9100 42.1400 784.000000 0.000000 163.000000 54.000000
0.7900 90.8500 42.2000 787.000000 0.000000 163.000000 54.000000
0.8000 90.9600 42.3300 780.000000 0.000000 162.000000 54.000000
0.8100 91.4200 42.6000 751.000000 0.000000 162.000000 54.000000
0.8200 92.1200 42.9400 749.000000 0.000000 160.000000 53.000000
0.8300 93.0700 43.3400 724.000000 0.000000 160.000000 53.000000
0.8400 93.9400 43.7300 725.000000 0.000000 160.000000 53.000000
0.8500 94.7600 43.9800 714.000000 0.000000 160.000000 53.000000
0.8600 95.2800 44.1500 694.000000 0.000000 160.000000 53.000000
0.8700 95.5300 44.2400 678.000000 0.000000 162.000000 54.000000
0.8800 95.5900 44.2400 663.000000 0.000000 162.000000 54.000000
0.8900 95.4600 44.1600 664.000000 0.000000 162.000000 54.000000
0.9000 94.8700 44.0300 663.000000 0.000000 162.000000 54.000000
0.9100 93.9700 43.9000 667.000000 0.000000 162.000000 54.000000
0.9200 93.2200 43.7400 696.000000 0.000000 162.000000 54.000000
0.9300 92.5000 43.6100 694.000000 0.000000 162.000000 54.000000
0.9400 91.8000 43.4900 707.000000 0.000000 162.000000 54.000000
0.9500 91.4100 43.4300 708.000000 0.000000 162.000000 54.000000
0.9600 91.2900 43.4300 717.000000 0.000000 162.000000 54.000000
0.9700 91.3500 43.4900 716.000000 0.000000 162.000000 54.000000
0.9800 91.5000 43.5400 705.000000 0.000000 160.000000 53.000000
0.9900 91.9100 43.7000 691.000000 0.000000 160.000000 53.000000
1.0000 92.5000 43.9300 670.000000 0.000000 160.000000 53.000000
1.0100 93.1900 44.2100 664.000000 0.000000 158.000000 54.000000
1.0200 93.9600 44.6200 650.000000 0.000000 160.000000 54.000000
1.0300 94.7800 45.1100 631.000000 0.000000 160.000000 54.000000
1.0400 95.5300 45.6700 620.000000 0.000000 160.000000 54.000000
1.0500 96.2100 46.3200 611.000000 0.000000 161.000000 55.000000
1.0600 96.8400 47.0400 602.000000 0.000000 161.000000 55.000000
1.0700 97.3200 47.9000 595.000000 0.000000 163.000000 55.000000
1.0800 97.6200 48.9400 595.000000 0.000000 164.000000 55.000000
1.0900 97.8000 50.1100 586.000000 0.000000 166.000000 54.000000
1.1000 97.9000 51.2900 591.000000 0.000000 167.000000 54.000000
1.1100 97.9000 52.4200 595.000000 0.000000 169.000000 53.000000
1.1200 97.7800 53.3200 603.000000 0.000000 169.000000 53.000000
1.1300 97.6900 54.0900 613.000000 0.000000 171.000000 53.000000
1.1400 97.6000 54.5500 628.000000 0.000000 171.000000 52.000000
1.1500 97.5200 54.6400 636.000000 0.000000 171.000000 52.000000
1.1600 97.4500 54.4800 650.000000 0.000000 171.000000 52.000000
1.1700 97.3800 53.9700 682.000000 0.000000 171.000000 51.000000
1.1800 97.3000 52.9500 719.000000 0.000000 171.000000 51.000000
1.1900 97.2400 51.5900 760.000000 0.000000 171.000000 51.000000
1.2000 97.2400 49.7600 785.000000 0.000000 171.000000 52.000000
1.2100 97.2400 47.7400 796.000000 0.000000 171.000000 52.000000
1.2200 97.3400 45.5900 808.000000 0.000000 171.000000 53.000000
1.2300 97.4300 43.6400 827.000000 0.000000 171.000000 53.000000
1.2400 97.4900 42.2000 819.000000 0.000000 170.000000 54.000000
1.2500 97.4900 41.0900 827.000000 0.000000 170.000000 54.000000
1.2600 97.5400 40.4400 824.000000 0.000000 170.000000 55.000000
1.2700 97.5400 40.1500 818.000000 0.000000 170.000000 56.000000
1.2800 97.5400 40.1500 818.000000 0.000000 170.000000 56.000000
1.2900 97.5400 40.1500 754.000000 0.000000 170.000000 56.000000
1.3000 97.6200 40.5600 665.000000 0.000000 170.000000 56.000000
1.3100 97.6900 41.1500 567.000000 0.000000 170.000000 56.000000
1.3200 97.9500 41.9400 428.000000 0.000000 170.000000 56.000000
1.3300 98.2100 42.8000 364.000000 0.000000 170.000000 56.000000
1.3400 98.4900 43.7100 376.000000 0.000000 170.000000 56.000000
1.3500 98.7500 44.2000 413.000000 0.000000 168.000000 55.000000
1.3600 99.0500 44.3800 483.000000 0.000000 168.000000 55.000000
1.3700 99.2600 44.3800 489.000000 0.000000 168.000000 55.000000
1.3800 99.4100 44.1600 530.000000 0.000000 168.000000 55.000000
1.3900 99.5100 43.9100 546.000000 0.000000 170.000000 56.000000
1.4000 99.5100 43.5300 570.000000 0.000000 170.000000 56.000000
1.4100 99.3600 43.0900 588.000000 0.000000 170.000000 56.000000
1.4200 99.0300 42.7900 591.000000 0.000000 170.000000 56.000000
1.4300 98.7400 42.6100 591.000000 0.000000 171.000000 56.000000
1.4400 98.4700 42.5100 564.000000 0.000000 171.000000 56.000000
1.4500 98.2800 42.6200 553.000000 0.000000 171.000000 56.000000
1.4600 98.1200 42.8500 512.000000 0.000000 171.000000 56.000000
1.4700 98.0700 43.1500 458.000000 0.000000 171.000000 56.000000
1.4800 98.0700 43.5900 455.000000 0.000000 171.000000 56.000000
1.4900 98.2100 44.0200 468.000000 0.000000 171.000000 56.000000
1.5000 98.3900 44.3000 491.000000 0.000000 170.000000 56.000000
1.5100 98.6200 44.4700 537.000000 0.000000 170.000000 56.000000
1.5200 98.8600 44.5400 568.000000 0.000000 170.000000 56.000000
1.5300 99.1100 44.5400 570.000000 0.000000 168.000000 55.000000
1.5400 99.4800 44.6400 592.000000 0.000000 168.000000 55.000000
1.5500 99.9200 44.8100 633.000000 0.000000 168.000000 55.000000
1.5600 100.2400 45.0300 636.000000 0.000000 168.000000 56.000000
1.5700 100.5700 45.4000 644.000000 0.000000 168.000000 56.000000
1.5800 100.8900 45.8800 653.000000 0.000000 168.000000 56.000000
1.5900 101.1400 46.4200 650.000000 0.000000 168.000000 56.000000
1.6000 101.3300 47.1300 636.000000 0.000000 168.000000 56.000000
1.6100 101.4100 47.9600 622.000000 0.000000 168.000000 56.000000
1.6200 101.3200 49.0500 572.000000 0.000000 168.000000 55.000000
1.6300 101.1200 50.2500 535.000000 0.000000 168.000000 55.000000
1.6400 100.7300 51.5200 497.000000 0.000000 169.000000 54.000000
1.6500 100.3000 52.7800 491.000000 0.000000 169.000000 53.000000
1.6600 99.8500 53.5400 496.000000 0.000000 169.000000 53.000000
1.6700 99.6200 53.9800 497.000000 0.000000 171.000000 52.000000
1.6800 99.5500 53.7900 526.000000 0.000000 171.000000 52.000000
1.6900 99.5500 53.1400 540.000000 0.000000 172.000000 52.000000
1.7000 99.7400 52.1800 594.000000 0.000000 173.000000 51.000000
1.7100 99.8800 50.8000 620.000000 0.000000 174.000000 51.000000
1.7200 99.9800 49.0700 662.000000 0.000000 174.000000 52.000000
1.7300 99.9800 47.1200 672.000000 0.000000 174.000000 52.000000
1.7400 99.8600 45.4000 688.000000 0.000000 173.000000 53.000000
1.7500 99.9800 44.0500 691.000000 0.000000 173.000000 53.000000
1.7600 100.1300 42.9400 694.000000 0.000000 172.000000 54.000000
1.7700 100.3200 42.3200 699.000000 0.000000 170.000000 55.000000
1.7800 100.5500 41.9900 697.000000 0.000000 169.000000 54.000000
1.7900 100.7300 41.8500 714.000000 0.000000 167.000000 55.000000
1.8000 100.8800 41.9700 699.000000 0.000000 167.000000 55.000000
1.8100 101.2500 42.3600 676.000000 0.000000 167.000000 55.000000
1.8200 101.5000 42.9400 622.000000 0.000000 167.000000 55.000000
1.8300 101.6800 43.8000 595.000000 0.000000 167.000000 55.000000
1.8400 101.8400 44.5500 588.000000 0.000000 168.000000 55.000000
1.8500 101.9200 45.2400 595.000000 0.000000 168.000000 55.000000
1.8600 101.9200 45.2900 594.000000 0.000000 168.000000 56.000000
1.8700 101.9200 45.0800 620.000000 0.000000 169.000000 57.000000
1.8800 101.9200 44.7100 638.000000 0.000000 169.000000 57.000000
1.8900 101.9200 44.1100 641.000000 0.000000 169.000000 57.000000
1.9000 101.9200 43.5900 643.000000 0.000000 169.000000 57.000000
1.9100 102.0000 43.1300 646.000000 0.000000 169.000000 57.000000
1.9200 102.0000 42.9400 658.000000 0.000000 169.000000 57.000000
1.9300 102.0600 42.9400 666.000000 0.000000 169.000000 57.000000
1.9400 102.1400 42.9400 669.000000 0.000000 168.000000 56.000000
1.9500 102.3500 43.2900 671.000000 0.000000 168.000000 56.000000
1.9600 102.6400 43.7500 652.000000 0.000000 168.000000 55.000000
1.9700 102.8900 44.3000 620.000000 0.000000 168.000000 55.000000
1.9800 103.1100 44.8200 586.000000 0.000000 168.000000 55.000000
1.9900 103.2500 45.1100 574.000000 0.000000 169.000000 57.000000
2.0000 103.3300 45.2500 567.000000 0.000000 169.000000 57.000000
2.0100 103.5800 45.2500 546.000000 0.000000 169.000000 57.000000
2.0200 103.8700 45.2500 542.000000 0.000000 169.000000 57.000000
2.0300 104.2200 45.2500 526.000000 0.000000 171.000000 57.000000
2.0400 104.5500 45.2500 498.000000 0.000000 171.000000 57.000000
2.0500 104.8800 45.1600 440.000000 0.000000 171.000000 57.000000
2.0600 105.0400 45.0800 402.000000 0.000000 171.000000 57.000000
2.0700 105.0400 44.9400 371.000000 0.000000 171.000000 57.000000
2.0800 105.0400 44.7500 371.000000 0.000000 171.000000 57.000000
2.0900 104.8800 44.5300 371.000000 0.000000 172.000000 57.000000
2.1000 104.7100 44.2900 371.000000 0.000000 172.000000 57.000000
2.1100 104.5100 44.1300 373.000000 0.000000 172.000000 57.000000
2.1200 104.3300 44.0200 373.000000 0.000000 172.000000 57.000000
2.1300 104.1900 44.0200 373.000000 0.000000 172.000000 57.000000
2.1400 104.1300 44.0900 373.000000 0.000000 172.000000 57.000000
2.1500 104.1300 44.2600 371.000000 0.000000 172.000000 57.000000
2.1600 104.1300 44.4700 377.000000 0.000000 171.000000 57.000000
2.1700 104.2400 44.6500 379.000000 0.000000 171.000000 57.000000
2.1800 104.4000 44.7900 381.000000 0.000000 171.000000 57.000000
2.1900 104.6300 44.8600 387.000000 0.000000 171.000000 57.000000
2.2000 104.9400 44.8600 394.000000 0.000000 171.000000 57.000000
2.2100 105.3300 44.7800 394.000000 0.000000 172.000000 57.000000
2.2200 105.7200 44.7200 391.000000 0.000000 172.000000 57.000000
2.2300 106.0900 44.7200 396.000000 0.000000 172.000000 57.000000
2.2400 106.4700 44.7200 391.000000 0.000000 172.000000 57.000000
2.2500 106.8400 44.7800 374.000000 0.000000 174.000000 57.000000
2.2600 107.1900 44.9000 363.000000 0.000000 174.000000 57.000000
2.2700 107.3600 45.0400 339.000000 0.000000 174.000000 57.000000
2.2800 107.3600 45.1700 254.000000 0.000000 174.000000 57.000000
2.2900 107.2900 45.2600 235.000000 0.000000 174.000000 57.000000
2.3000 107.1700 45.2600 246.000000 0.000000 174.000000 57.000000
2.3100 106.9800 45.2600 255.000000 0.000000 174.000000 57.000000
2.3200 106.7500 45.0400 305.000000 0.000000 174.000000 57.000000
2.3300 106.5400 44.7500 336.000000 0.000000 174.000000 57.000000
2.3400 106.3900 44.4000 396.000000 0.000000 174.000000 57.000000
2.3500 106.3400 44.0500 440.000000 0.000000 174.000000 57.000000
2.3600 106.3400 43.7100 468.000000 0.000000 174.000000 57.000000
2.3700 106.4000 43.4900 504.000000 0.000000 174.000000 57.000000
2.3800 106.5200 43.3400 548.000000 0.000000 174.000000 57.000000
2.3900 106.6800 43.3400 577.000000 0.000000 174.000000 57.000000
2.4000 107.0000 43.4800 572.000000 0.000000 174.000000 57.000000
2.4100 107.4100 43.8200 577.000000 0.000000 174.000000 57.000000
2.4200 107.9200 44.2600 574.000000 0.000000 174.000000 57.000000
2.4300 108.4800 44.8800 564.000000 0.000000 174.000000 57.000000
2.4400 109.1300 45.6100 565.000000 0.000000 175.000000 57.000000
2.4500 109.8300 46.5200 533.000000 0.000000 175.000000 57.000000
2.4600 110.4000 47.8000 480.000000 0.000000 175.000000 57.000000
2.4700 110.8900 49.3300 422.000000 0.000000 175.000000 57.000000
2.4800 111.0200 50.9300 400.000000 0.000000 175.000000 57.000000
2.4900 110.9600 52.4900 423.000000 0.000000 176.000000 56.000000
2.5000 110.7600 53.5300 438.000000 0.000000 176.000000 56.000000
2.5100 110.6100 54.2500 448.000000 0.000000 176.000000 55.000000
2.5200 110.4900 54.1500 473.000000 0.000000 176.000000 55.000000
2.5300 110.4400 53.4600 540.000000 0.000000 176.000000 54.000000
2.5400 110.4400 52.3900 611.000000 0.000000 176.000000 54.000000
2.5500 110.5400 50.7800 668.000000 0.000000 176.000000 53.000000
2.5600 110.6700 48.8800 717.000000 0.000000 176.000000 54.000000
2.5700 110.7400 46.7900 748.000000 0.000000 176.000000 54.000000
2.5800 110.7400 44.9000 763.000000 0.000000 176.000000 54.000000
2.5900 110.9100 43.2700 757.000000 0.000000 176.000000 55.000000
2.6000 111.0600 41.8200 777.000000 0.000000 174.000000 55.000000
2.6100 111.2700 40.8500 785.000000 0.000000 174.000000 56.000000
2.6200 111.5400 40.3100 787.000000 0.000000 174.000000 57.000000
2.6300 111.7800 40.0500 784.000000 0.000000 172.000000 57.000000
2.6400 111.9800 40.0500 773.000000 0.000000 172.000000 58.000000
2.6500 112.2300 40.3300 728.000000 0.000000 172.000000 58.000000
2.6600 112.8000 40.7400 669.000000 0.000000 170.000000 58.000000
2.6700 113.5800 41.5100 619.000000 0.000000 170.000000 58.000000
2.6800 114.4500 42.2700 611.000000 0.000000 170.000000 58.000000
2.6900 115.3600 43.0300 610.000000 0.000000 170.000000 58.000000
2.7000 116.2700 43.5800 620.000000 0.000000 170.000000 58.000000
2.7100 117.1500 43.9300 631.000000 0.000000 172.000000 58.000000
2.7200 117.8300 44.1500 631.000000 0.000000 172.000000 58.000000
2.7300 118.3800 44.2000 631.000000 0.000000 172.000000 58.000000
2.7400 118.8500 44.2000 633.000000 0.000000 173.000000 59.000000
2.7500 119.0700 44.2000 634.000000 0.000000 173.000000 59.000000
2.7600 118.9400 44.2000 641.000000 0.000000 173.000000 59.000000
2.7700 118.5700 44.1200 673.000000 0.000000 173.000000 59.000000
2.7800 117.6300 43.8900 717.000000 0.000000 173.000000 59.000000
2.7900 115.9700 43.5500 752.000000 0.000000 173.000000 59.000000
2.8000 113.8300 42.9500 794.000000 0.000000 173.000000 59.000000
2.8100 111.0400 42.2900 824.000000 0.000000 173.000000 59.000000
2.8200 108.0200 41.5100 833.000000 0.000000 174.000000 58.000000
2.8300 104.8500 40.6000 834.000000 0.000000 172.000000 58.000000
2.8400 102.1900 39.6200 832.000000 0.000000 170.000000 58.000000
2.8500 100.4300 38.7500 818.000000 0.000000 169.000000 58.000000
2.8600 99.2700 38.1200 814.000000 0.000000 167.000000 57.000000
2.8700 98.7900 37.6400 797.000000 0.000000 166.000000 57.000000
2.8800 98.6700 37.5000 797.000000 0.000000 165.000000 58.000000
2.8900 98.7900 37.4400 806.000000 0.000000 164.000000 58.000000
2.9000 99.2600 37.4400 818.000000 0.000000 164.000000 58.000000
2.9100 99.8400 37.5500 823.000000 0.000000 164.000000 58.000000
2.9200 100.4800 37.8300 812.000000 0.000000 162.000000 58.000000
2.9300 101.0200 38.2200 788.000000 0.000000 162.000000 58.000000
2.9400 101.5700 38.6500 780.000000 0.000000 162.000000 58.000000
2.9500 102.1900 39.1200 730.000000 0.000000 162.000000 58.000000
2.9600 102.8500 39.6200 700.000000 0.000000 162.000000 58.000000
2.9700 103.6000 40.1500 702.000000 0.000000 162.000000 58.000000
2.9800 104.4100 40.6200 697.000000 0.000000 162.000000 58.000000
2.9900 105.0100 41.0400 700.000000 0.000000 162.000000 58.000000
3.0000 105.4700 41.4200 691.000000 0.000000 164.000000 58.000000
3.0100 105.6900 41.6300 703.000000 0.000000 164.000000 58.000000
3.0200 105.7500 41.7200 702.000000 0.000000 166.000000 57.000000
3.0300 105.6900 41.7200 705.000000 0.000000 167.000000 57.000000
3.0400 105.6300 41.4900 717.000000 0.000000 167.000000 57.000000
3.0500 105.5500 41.1700 727.000000 0.000000 169.000000 57.000000
3.0600 105.4500 40.8500 730.000000 0.000000 169.000000 57.000000
3.0700 105.3800 40.6000 736.000000 0.000000 169.000000 57.000000
3.0800 105.3800 40.4000 749.000000 0.000000 169.000000 58.000000
3.0900 105.3800 40.3500 752.000000 0.000000 169.000000 58.000000
3.1000 105.4700 40.2900 763.000000 0.000000 167.000000 57.000000
3.1100 105.7500 40.3800 758.000000 0.000000 167.000000 57.000000
3.1200 106.1500 40.5600 760.000000 0.000000 167.000000 57.000000
3.1300 106.5800 40.8500 745.000000 0.000000 167.000000 57.000000
3.1400 107.0300 41.1600 746.000000 0.000000 169.000000 58.000000
3.1500 107.3100 41.4900 754.000000 0.000000 169.000000 58.000000
3.1600 107.4600 41.5400 762.000000 0.000000 169.000000 58.000000
3.1700 107.4600 41.5400 783.000000 0.000000 169.000000 58.000000
3.1800 107.4600 41.3500 797.000000 0.000000 169.000000 58.000000
3.1900 107.4600 41.0800 797.000000 0.000000 170.000000 58.000000
3.2000 107.4600 40.7900 748.000000 0.000000 171.000000 57.000000
3.2100 107.4100 40.5300 361.000000 0.000000 170.000000 58.000000
