0.0000 20.8400 41.3100 55.000000 1.000000 144.000000 57.000000
0.0100 20.8400 41.3100 134.000000 0.000000 144.000000 57.000000
0.0200 20.8400 41.3100 170.000000 0.000000 144.000000 57.000000
0.0300 20.8400 41.3100 237.000000 0.000000 143.000000 57.000000
0.0400 20.8400 41.3100 302.000000 0.000000 143.000000 57.000000
0.0500 20.8400 41.3100 364.000000 0.000000 143.000000 57.000000
0.0600 20.8400 41.3100 386.000000 0.000000 143.000000 57.000000
0.0700 20.8400 41.3100 425.000000 0.000000 144.000000 58.000000
0.0800 20.8400 41.3100 469.000000 0.000000 144.000000 58.000000
0.0900 20.8400 41.3100 520.000000 0.000000 144.000000 58.000000
0.1000 20.8400 41.3100 563.000000 0.000000 144.000000 58.000000
0.1100 20.8400 41.3100 606.000000 0.000000 144.000000 58.000000
0.1200 20.8400 41.3100 624.000000 0.000000 144.000000 58.000000
0.1300 20.8400 41.3100 639.000000 0.000000 144.000000 58.000000
0.1400 20.8500 41.7800 664.000000 0.000000 144.000000 58.000000
0.1500 20.8500 42.0300 682.000000 0.000000 144.000000 58.000000
0.1600 20.8500 42.2800 700.000000 0.000000 144.000000 58.000000
0.1700 20.8500 42.7100 700.000000 0.000000 146.000000 57.000000
0.1800 20.8500 43.2500 690.000000 0.000000 146.000000 57.000000
0.1900 20.9700 43.9400 693.000000 0.000000 144.000000 58.000000
0.2000 21.0800 44.6600 693.000000 0.000000 144.000000 58.000000
0.2100 21.2000 45.4100 685.000000 0.000000 144.000000 58.000000
0.2200 21.3600 46.1000 669.000000 0.000000 146.000000 58.000000
0.2300 21.4500 46.7700 667.000000 0.000000 146.000000 58.000000
0.2400 21.4500 47.4000 664.000000 0.000000 146.000000 58.000000
0.2500 21.4500 47.9800 667.000000 0.000000 146.000000 58.000000
0.2600 21.4500 48.5500 673.000000 0.000000 147.000000 58.000000
0.2700 21.4500 48.9400 672.000000 0.000000 148.000000 57.000000
0.2800 21.4500 49.3000 672.000000 0.000000 148.000000 57.000000
0.2900 21.5100 49.6000 669.000000 0.000000 149.000000 56.000000
0.3000 21.5900 49.8300 666.000000 0.000000 150.000000 55.000000
0.3100 21.7300 50.0400 667.000000 0.000000 152.000000 56.000000
0.3200 21.9600 50.2500 658.000000 0.000000 153.000000 55.000000
0.3300 22.2300 50.3700 640.000000 0.000000 153.000000 55.000000
0.3400 22.5300 50.4700 647.000000 0.000000 153.000000 55.000000
0.3500 22.8700 50.4700 630.000000 0.000000 153.000000 54.000000
0.3600 23.0200 50.4700 624.000000 0.000000 153.000000 54.000000
0.3700 23.0200 50.3300 613.000000 0.000000 153.000000 54.000000
0.3800 23.1800 50.1700 608.000000 0.000000 153.000000 54.000000
0.3900 23.2900 49.9500 586.000000 0.000000 155.000000 54.000000
0.4000 23.4100 49.6900 575.000000 0.000000 155.000000 54.000000
0.4100 23.4900 49.4200 561.000000 0.000000 155.000000 54.000000
0.4200 23.5700 49.1400 570.000000 0.000000 155.000000 54.000000
0.4300 23.5200 48.8700 560.000000 0.000000 155.000000 54.000000
0.4400 23.3900 48.6000 570.000000 0.000000 155.000000 54.000000
0.4500 23.1300 48.2700 589.000000 0.000000 154.000000 55.000000
0.4600 22.8400 47.9600 595.000000 0.000000 154.000000 55.000000
0.4700 22.5400 47.7200 586.000000 0.000000 154.000000 55.000000
0.4800 22.2600 47.5300 603.000000 0.000000 154.000000 55.000000
0.4900 21.9700 47.4300 608.000000 0.000000 153.000000 56.000000
0.5000 21.6800 47.4300 608.000000 0.000000 153.000000 56.000000
0.5100 21.3700 47.4300 605.000000 0.000000 153.000000 56.000000
0.5200 21.0100 47.4300 605.000000 0.000000 153.000000 56.000000
0.5300 20.6300 47.4900 602.000000 0.000000 153.000000 56.000000
0.5400 20.2900 47.5600 602.000000 0.000000 153.000000 56.000000
0.5500 19.9300 47.5600 600.000000 0.000000 153.000000 56.000000
0.5600 19.5600 47.6200 605.000000 0.000000 153.000000 56.000000
0.5700 19.3500 47.6200 605.000000 0.000000 152.000000 56.000000
0.5800 19.2400 47.7300 606.000000 0.000000 152.000000 56.000000
0.5900 19.1500 47.8400 603.000000 0.000000 152.000000 56.000000
0.6000 19.0600 47.9300 606.000000 0.000000 152.000000 56.000000
0.6100 18.9700 48.0200 606.000000 0.000000 152.000000 56.000000
0.6200 18.8900 48.1100 605.000000 0.000000 152.000000 56.000000
0.6300 18.7900 48.2800 611.000000 0.000000 152.000000 56.000000
0.6400 18.6800 48.4300 603.000000 0.000000 152.000000 56.000000
0.6500 18.5500 48.5400 605.000000 0.000000 152.000000 56.000000
0.6600 18.4200 48.6400 605.000000 0.000000 152.000000 56.000000
0.6700 18.2900 48.7000 605.000000 0.000000 152.000000 56.000000
0.6800 18.1500 48.7600 605.000000 0.000000 152.000000 56.000000
0.6900 18.0900 48.7600 611.000000 0.000000 152.000000 56.000000
0.7000 18.0300 48.8400 606.000000 0.000000 152.000000 56.000000
0.7100 17.9800 48.8400 606.000000 0.000000 152.000000 56.000000
0.7200 17.9800 48.9000 614.000000 0.000000 152.000000 56.000000
0.7300 17.9000 48.9000 614.000000 0.000000 153.000000 55.000000
0.7400 17.9000 48.9000 614.000000 0.000000 153.000000 55.000000
0.7500 17.8400 48.9000 616.000000 0.000000 153.000000 55.000000
0.7600 17.8400 48.8000 611.000000 0.000000 153.000000 55.000000
0.7700 17.7900 48.6800 617.000000 0.000000 151.000000 54.000000
0.7800 17.7400 48.5000 630.000000 0.000000 151.000000 54.000000
0.7900 17.7400 48.3100 636.000000 0.000000 151.000000 54.000000
0.8000 17.7400 48.1000 638.000000 0.000000 150.000000 55.000000
0.8100 17.6900 47.8400 643.000000 0.000000 150.000000 55.000000
0.8200 17.6300 47.5000 643.000000 0.000000 150.000000 55.000000
0.8300 17.5800 47.1200 646.000000 0.000000 149.000000 56.000000
0.8400 17.5300 46.7600 652.000000 0.000000 149.000000 56.000000
0.8500 17.4600 46.3400 655.000000 0.000000 149.000000 56.000000
0.8600 17.3600 45.8800 658.000000 0.000000 148.000000 57.000000
0.8700 17.2400 45.4100 662.000000 0.000000 148.000000 57.000000
0.8800 17.2400 44.9500 664.000000 0.000000 147.000000 58.000000
0.8900 17.3000 44.4400 670.000000 0.000000 147.000000 58.000000
0.9000 17.3000 43.9600 673.000000 0.000000 146.000000 58.000000
0.9100 17.3000 43.5300 670.000000 0.000000 146.000000 58.000000
0.9200 17.3000 43.1200 670.000000 0.000000 146.000000 58.000000
0.9300 17.2400 42.7900 673.000000 0.000000 146.000000 58.000000
0.9400 17.1800 42.5200 673.000000 0.000000 146.000000 58.000000
0.9500 17.1300 42.2900 662.000000 0.000000 146.000000 58.000000
0.9600 17.0800 42.1400 661.000000 0.000000 146.000000 58.000000
0.9700 17.0800 42.0900 662.000000 0.000000 146.000000 57.000000
0.9800 17.0800 42.0900 662.000000 0.000000 146.000000 57.000000
0.9900 17.0800 42.1400 667.000000 0.000000 147.000000 58.000000
1.0000 17.0800 42.1900 671.000000 0.000000 147.000000 58.000000
1.0100 17.0200 42.2500 670.000000 0.000000 147.000000 58.000000
1.0200 17.0200 42.3600 661.000000 0.000000 147.000000 58.000000
1.0300 17.0200 42.4600 624.000000 0.000000 146.000000 57.000000
1.0400 16.9500 42.5600 566.000000 0.000000 146.000000 57.000000
1.0500 16.9500 42.6700 372.000000 0.000000 146.000000 57.000000
1.0600 16.9500 42.6700 0.000000 1.000000 146.000000 57.000000
1.0700 16.9500 43.1000 0.000000 0.000000 146.000000 57.000000
1.0800 17.0300 43.4700 0.000000 0.000000 146.000000 57.000000
1.0900 17.1500 44.0100 0.000000 0.000000 147.000000 58.000000
1.1000 17.2400 44.5000 0.000000 0.000000 147.000000 58.000000
1.1100 17.3000 44.8800 0.000000 0.000000 147.000000 58.000000
1.1200 17.4100 45.0700 0.000000 0.000000 147.000000 58.000000
1.1300 17.4800 45.1500 0.000000 0.000000 148.000000 57.000000
1.1400 17.3800 44.9900 0.000000 0.000000 148.000000 57.000000
1.1500 17.1700 44.8000 0.000000 0.000000 149.000000 56.000000
1.1600 16.9400 44.5700 0.000000 0.000000 149.000000 56.000000
1.1700 16.9400 44.5700 212.000000 1.000000 149.000000 56.000000
1.1800 16.6700 44.3700 249.000000 0.000000 149.000000 56.000000
1.1900 16.6700 44.5300 218.000000 0.000000 148.000000 57.000000
1.2000 16.6700 44.5300 247.000000 0.000000 148.000000 57.000000
1.2100 16.6700 44.6000 304.000000 0.000000 147.000000 58.000000
1.2200 16.7400 44.6600 379.000000 0.000000 147.000000 58.000000
1.2300 16.7400 44.6600 388.000000 0.000000 146.000000 58.000000
1.2400 16.7400 44.7300 396.000000 0.000000 146.000000 58.000000
1.2500 16.8800 44.7300 422.000000 0.000000 146.000000 58.000000
1.2600 17.0600 44.7300 423.000000 0.000000 147.000000 59.000000
1.2700 17.3600 44.6500 422.000000 0.000000 147.000000 59.000000
1.2800 17.7200 44.6500 430.000000 0.000000 147.000000 59.000000
1.2900 18.0300 44.5900 431.000000 0.000000 147.000000 59.000000
1.3000 18.1900 44.5400 428.000000 0.000000 147.000000 59.000000
1.3100 18.2500 44.4900 438.000000 0.000000 147.000000 59.000000
1.3200 18.2500 44.4900 455.000000 0.000000 147.000000 59.000000
1.3300 18.1800 44.3800 468.000000 0.000000 147.000000 59.000000
1.3400 18.0600 44.2700 481.000000 0.000000 147.000000 59.000000
1.3500 17.7800 44.0700 493.000000 0.000000 147.000000 59.000000
1.3600 17.3200 43.8300 491.000000 0.000000 147.000000 59.000000
1.3700 16.7400 43.5900 510.000000 0.000000 147.000000 59.000000
1.3800 16.1300 43.3700 519.000000 0.000000 147.000000 59.000000
1.3900 15.7800 43.1900 522.000000 0.000000 149.000000 58.000000
1.4000 15.6100 43.0200 504.000000 0.000000 149.000000 58.000000
1.4100 15.6100 42.9600 509.000000 0.000000 149.000000 58.000000
1.4200 15.9000 42.9000 510.000000 0.000000 149.000000 58.000000
1.4300 16.3000 42.8400 510.000000 0.000000 149.000000 58.000000
1.4400 16.9000 42.8400 509.000000 0.000000 149.000000 58.000000
1.4500 17.3500 42.8900 507.000000 0.000000 147.000000 58.000000
1.4600 17.7100 42.8900 507.000000 0.000000 147.000000 58.000000
1.4700 17.8900 42.8200 502.000000 0.000000 147.000000 58.000000
1.4800 17.9600 42.8200 492.000000 0.000000 147.000000 58.000000
1.4900 17.9600 42.7300 488.000000 0.000000 147.000000 58.000000
1.5000 17.9100 42.6500 496.000000 0.000000 147.000000 58.000000
1.5100 17.7900 42.5300 498.000000 0.000000 147.000000 58.000000
1.5200 17.6200 42.3700 496.000000 0.000000 147.000000 58.000000
1.5300 17.2900 42.2100 488.000000 0.000000 147.000000 58.000000
1.5400 16.9800 42.0300 496.000000 0.000000 147.000000 58.000000
1.5500 16.7200 41.8400 501.000000 0.000000 147.000000 58.000000
1.5600 16.5200 41.6800 499.000000 0.000000 147.000000 58.000000
1.5700 16.3500 41.5500 499.000000 0.000000 147.000000 58.000000
1.5800 16.3500 41.5500 494.000000 0.000000 147.000000 58.000000
1.5900 16.3500 41.5500 492.000000 0.000000 146.000000 57.000000
1.6000 16.3500 41.5500 492.000000 0.000000 146.000000 57.000000
1.6100 16.4000 41.5500 496.000000 0.000000 146.000000 57.000000
1.6200 16.4000 41.5500 499.000000 0.000000 146.000000 57.000000
1.6300 16.4000 41.5500 501.000000 0.000000 146.000000 57.000000
1.6400 16.4000 41.5500 507.000000 0.000000 146.000000 57.000000
1.6500 16.4000 41.5500 509.000000 0.000000 146.000000 57.000000
1.6600 16.3300 41.6400 507.000000 0.000000 146.000000 57.000000
1.6700 16.3300 41.7200 509.000000 0.000000 146.000000 57.000000
1.6800 16.2500 41.8400 510.000000 0.000000 146.000000 57.000000
1.6900 16.1700 41.9900 509.000000 0.000000 146.000000 57.000000
1.7000 16.0800 42.1600 512.000000 0.000000 146.000000 57.000000
1.7100 16.0200 42.2700 510.000000 0.000000 148.000000 57.000000
1.7200 16.0200 42.3700 510.000000 0.000000 148.000000 57.000000
1.7300 15.9700 42.4400 509.000000 0.000000 148.000000 57.000000
1.7400 15.9700 42.4400 509.000000 0.000000 148.000000 57.000000
1.7500 15.8700 42.4400 505.000000 0.000000 148.000000 57.000000
1.7600 15.7900 42.4400 504.000000 0.000000 148.000000 57.000000
1.7700 15.6500 42.4400 505.000000 0.000000 150.000000 57.000000
1.7800 15.4600 42.4400 504.000000 0.000000 150.000000 57.000000
1.7900 15.3600 42.3700 499.000000 0.000000 150.000000 57.000000
1.8000 15.2600 42.3700 499.000000 0.000000 150.000000 57.000000
1.8100 15.1800 42.3700 502.000000 0.000000 150.000000 57.000000
1.8200 15.1100 42.4200 504.000000 0.000000 150.000000 57.000000
1.8300 15.1100 42.4200 509.000000 0.000000 150.000000 57.000000
1.8400 15.1100 42.4800 509.000000 0.000000 150.000000 57.000000
1.8500 15.1100 42.4800 510.000000 0.000000 150.000000 57.000000
1.8600 15.0200 42.5300 514.000000 0.000000 150.000000 57.000000
1.8700 14.9700 42.5300 519.000000 0.000000 149.000000 58.000000
1.8800 14.9100 42.6000 519.000000 0.000000 149.000000 58.000000
1.8900 14.8400 42.6700 521.000000 0.000000 149.000000 58.000000
1.9000 14.7500 42.7700 535.000000 0.000000 149.000000 58.000000
1.9100 14.6400 42.8600 536.000000 0.000000 149.000000 58.000000
1.9200 14.5500 42.9400 540.000000 0.000000 149.000000 58.000000
1.9300 14.4700 42.9900 543.000000 0.000000 149.000000 58.000000
1.9400 14.3900 43.0400 546.000000 0.000000 149.000000 58.000000
1.9500 14.3000 43.1000 546.000000 0.000000 149.000000 58.000000
1.9600 14.2400 43.1700 545.000000 0.000000 149.000000 58.000000
1.9700 14.1900 43.2200 548.000000 0.000000 149.000000 58.000000
1.9800 14.1900 43.2700 546.000000 0.000000 149.000000 58.000000
1.9900 14.1000 43.3700 548.000000 0.000000 146.000000 58.000000
2.0000 14.0100 43.4700 551.000000 0.000000 146.000000 58.000000
2.0100 13.8900 43.5700 581.000000 0.000000 146.000000 58.000000
2.0200 13.7500 43.6600 586.000000 0.000000 146.000000 58.000000
2.0300 13.6000 43.7100 586.000000 0.000000 144.000000 58.000000
2.0400 13.4300 43.7600 592.000000 0.000000 144.000000 58.000000
2.0500 13.2000 43.7600 595.000000 0.000000 144.000000 58.000000
2.0600 12.9800 43.7600 611.000000 0.000000 143.000000 57.000000
2.0700 12.9000 43.7600 614.000000 0.000000 143.000000 57.000000
2.0800 12.9000 43.8300 617.000000 0.000000 142.000000 57.000000
2.0900 12.9000 43.8300 611.000000 0.000000 142.000000 57.000000
2.1000 12.8500 43.8800 620.000000 0.000000 142.000000 57.000000
2.1100 12.7700 43.9300 622.000000 0.000000 140.000000 56.000000
2.1200 12.6300 43.9300 642.000000 0.000000 140.000000 56.000000
2.1300 12.4700 43.9300 636.000000 0.000000 139.000000 57.000000
2.1400 12.2900 43.8800 641.000000 0.000000 139.000000 57.000000
2.1500 12.1000 43.8800 656.000000 0.000000 139.000000 57.000000
2.1600 11.9200 43.8800 667.000000 0.000000 139.000000 57.000000
2.1700 11.8000 43.9400 664.000000 0.000000 138.000000 57.000000
2.1800 11.7200 43.9400 673.000000 0.000000 138.000000 57.000000
2.1900 11.7200 43.9400 676.000000 0.000000 138.000000 57.000000
2.2000 11.6700 43.9400 679.000000 0.000000 138.000000 57.000000
2.2100 11.6700 43.9400 682.000000 0.000000 138.000000 57.000000
2.2200 11.6700 43.9400 684.000000 0.000000 138.000000 57.000000
2.2300 11.6700 43.9400 682.000000 0.000000 138.000000 57.000000
2.2400 11.5700 43.8500 685.000000 0.000000 136.000000 56.000000
2.2500 11.4500 43.7500 684.000000 0.000000 136.000000 56.000000
2.2600 11.3600 43.6200 682.000000 0.000000 136.000000 56.000000
2.2700 11.2200 43.4600 681.000000 0.000000 136.000000 56.000000
2.2800 11.0500 43.2600 675.000000 0.000000 136.000000 56.000000
2.2900 11.0500 43.1200 673.000000 0.000000 136.000000 56.000000
2.3000 11.0500 43.0100 675.000000 0.000000 136.000000 56.000000
2.3100 11.0500 42.7400 669.000000 0.000000 136.000000 56.000000
2.3200 11.1600 42.5400 670.000000 0.000000 136.000000 56.000000
2.3300 11.2500 42.3800 666.000000 0.000000 136.000000 56.000000
2.3400 11.3100 42.2700 667.000000 0.000000 138.000000 55.000000
2.3500 11.3100 42.1400 666.000000 0.000000 138.000000 55.000000
2.3600 11.4200 42.0000 666.000000 0.000000 138.000000 55.000000
2.3700 11.4800 41.9100 666.000000 0.000000 138.000000 55.000000
2.3800 11.5300 41.8100 664.000000 0.000000 138.000000 55.000000
2.3900 11.5300 41.7300 671.000000 0.000000 139.000000 55.000000
2.4000 11.5300 41.7300 659.000000 0.000000 139.000000 55.000000
2.4100 11.5900 41.7300 655.000000 0.000000 139.000000 55.000000
2.4200 11.5900 41.7300 653.000000 0.000000 139.000000 55.000000
2.4300 11.6400 41.7300 652.000000 0.000000 139.000000 55.000000
2.4400 11.7100 41.7300 653.000000 0.000000 140.000000 55.000000
2.4500 11.7900 41.6600 652.000000 0.000000 140.000000 55.000000
2.4600 11.8900 41.6000 652.000000 0.000000 140.000000 55.000000
2.4700 11.9900 41.5200 649.000000 0.000000 140.000000 55.000000
2.4800 12.0800 41.5200 652.000000 0.000000 140.000000 55.000000
2.4900 12.1300 41.5200 646.000000 0.000000 140.000000 55.000000
2.5000 12.2100 41.5200 647.000000 0.000000 140.000000 55.000000
2.5100 12.2900 41.5200 646.000000 0.000000 140.000000 55.000000
2.5200 12.3900 41.5200 646.000000 0.000000 140.000000 55.000000
2.5300 12.5200 41.5200 646.000000 0.000000 141.000000 56.000000
2.5400 12.6500 41.5200 646.000000 0.000000 141.000000 56.000000
2.5500 12.7700 41.6000 647.000000 0.000000 141.000000 56.000000
2.5600 12.8400 41.6000 649.000000 0.000000 141.000000 56.000000
2.5700 12.8400 41.6000 650.000000 0.000000 141.000000 56.000000
2.5800 12.8400 41.6000 647.000000 0.000000 141.000000 56.000000
2.5900 12.9100 41.6000 647.000000 0.000000 141.000000 56.000000
2.6000 12.9700 41.6500 637.000000 0.000000 141.000000 56.000000
2.6100 13.0600 41.6500 647.000000 0.000000 143.000000 56.000000
2.6200 13.1700 41.7500 636.000000 0.000000 143.000000 56.000000
2.6300 13.3100 41.8600 637.000000 0.000000 143.000000 56.000000
2.6400 13.4400 41.9400 643.000000 0.000000 144.000000 57.000000
2.6500 13.5100 42.0400 643.000000 0.000000 144.000000 57.000000
2.6600 13.5100 42.1700 646.000000 0.000000 144.000000 57.000000
2.6700 13.6200 42.3300 649.000000 0.000000 144.000000 57.000000
2.6800 13.6700 42.5200 649.000000 0.000000 144.000000 57.000000
2.6900 13.6700 42.7000 646.000000 0.000000 144.000000 57.000000
2.7000 13.6700 42.9000 646.000000 0.000000 143.000000 57.000000
2.7100 13.6700 43.1200 647.000000 0.000000 143.000000 57.000000
2.7200 13.6700 43.2400 644.000000 0.000000 143.000000 57.000000
2.7300 13.7200 43.3700 644.000000 0.000000 143.000000 57.000000
2.7400 13.8000 43.5000 644.000000 0.000000 143.000000 57.000000
2.7500 13.8900 43.6300 643.000000 0.000000 143.000000 57.000000
2.7600 13.8900 43.6300 643.000000 0.000000 143.000000 57.000000
2.7700 13.8900 43.6300 643.000000 0.000000 143.000000 57.000000
2.7800 13.8900 43.6300 641.000000 0.000000 143.000000 57.000000
2.7900 13.8900 43.6300 641.000000 0.000000 143.000000 57.000000
2.8000 13.8900 43.6300 641.000000 0.000000 142.000000 58.000000
2.8100 13.9700 43.5800 641.000000 0.000000 143.000000 59.000000
2.8200 14.0400 43.5800 640.000000 0.000000 143.000000 59.000000
2.8300 14.1300 43.5800 641.000000 0.000000 143.000000 59.000000
2.8400 14.2700 43.5300 640.000000 0.000000 143.000000 59.000000
2.8500 14.4900 43.5300 637.000000 0.000000 143.000000 59.000000
2.8600 14.7600 43.5300 636.000000 0.000000 145.000000 59.000000
2.8700 15.0700 43.4700 642.000000 0.000000 145.000000 59.000000
2.8800 15.3800 43.4700 639.000000 0.000000 145.000000 59.000000
2.8900 15.6500 43.4700 639.000000 0.000000 145.000000 59.000000
2.9000 15.8900 43.4700 638.000000 0.000000 145.000000 59.000000
2.9100 16.1000 43.4000 638.000000 0.000000 146.000000 58.000000
2.9200 16.3200 43.4000 634.000000 0.000000 146.000000 58.000000
2.9300 16.4700 43.4000 630.000000 0.000000 146.000000 58.000000
2.9400 16.5700 43.4500 617.000000 0.000000 146.000000 58.000000
2.9500 16.7500 43.4500 610.000000 0.000000 146.000000 58.000000
2.9600 16.8600 43.4500 610.000000 0.000000 146.000000 58.000000
2.9700 16.9300 43.3800 611.000000 0.000000 146.000000 58.000000
2.9800 17.2100 43.2900 617.000000 0.000000 146.000000 58.000000
2.9900 17.5300 43.2900 616.000000 0.000000 146.000000 58.000000
3.0000 17.8300 43.2900 611.000000 0.000000 146.000000 58.000000
3.0100 18.1000 43.2400 614.000000 0.000000 146.000000 58.000000
3.0200 18.3700 43.2400 613.000000 0.000000 146.000000 58.000000
3.0300 18.6400 43.1900 613.000000 0.000000 146.000000 58.000000
3.0400 18.9300 43.1900 613.000000 0.000000 146.000000 58.000000
3.0500 19.2800 43.1900 613.000000 0.000000 146.000000 58.000000
3.0600 19.7200 43.1900 611.000000 0.000000 146.000000 58.000000
3.0700 20.2400 43.3100 609.000000 0.000000 147.000000 59.000000
3.0800 20.7800 43.3600 606.000000 0.000000 147.000000 59.000000
3.0900 21.3300 43.3600 606.000000 0.000000 147.000000 59.000000
3.1000 21.7800 43.3600 606.000000 0.000000 147.000000 59.000000
3.1100 22.1600 43.3600 608.000000 0.000000 149.000000 59.000000
3.1200 22.4900 43.3600 609.000000 0.000000 149.000000 59.000000
3.1300 22.7100 43.3600 611.000000 0.000000 149.000000 59.000000
3.1400 22.9200 43.3600 613.000000 0.000000 149.000000 59.000000
3.1500 23.1100 43.3600 613.000000 0.000000 149.000000 59.000000
3.1600 23.3700 43.4200 614.000000 0.000000 149.000000 59.000000
3.1700 23.6400 43.4200 616.000000 0.000000 149.000000 59.000000
3.1800 23.9200 43.4800 616.000000 0.000000 149.000000 59.000000
3.1900 24.2400 43.4800 616.000000 0.000000 149.000000 59.000000
3.2000 24.5500 43.5500 616.000000 0.000000 149.000000 59.000000
3.2100 24.7800 43.5500 617.000000 0.000000 149.000000 59.000000
3.2200 24.9400 43.5500 611.000000 0.000000 151.000000 60.000000
3.2300 25.0800 43.5500 610.000000 0.000000 151.000000 60.000000
3.2400 25.1500 43.5500 620.000000 0.000000 151.000000 60.000000
3.2500 25.1500 43.5500 620.000000 0.000000 151.000000 60.000000
3.2600 25.1500 43.5500 620.000000 0.000000 151.000000 60.000000
3.2700 25.1500 43.5500 620.000000 0.000000 151.000000 60.000000
3.2800 25.2100 43.5500 610.000000 0.000000 151.000000 60.000000
3.2900 25.2100 43.5500 620.000000 0.000000 151.000000 60.000000
3.3000 25.2100 43.5500 620.000000 0.000000 151.000000 60.000000
3.3100 25.2100 43.5500 610.000000 0.000000 149.000000 59.000000
3.3200 25.2100 43.6000 620.000000 0.000000 149.000000 59.000000
3.3300 25.2600 43.6000 620.000000 0.000000 149.000000 59.000000
3.3400 25.2600 43.6000 610.000000 0.000000 149.000000 59.000000
3.3500 25.2600 43.6000 620.000000 0.000000 149.000000 59.000000
3.3600 25.2600 43.6000 620.000000 0.000000 151.000000 60.000000
3.3700 25.2600 43.6000 620.000000 0.000000 151.000000 60.000000
3.3800 25.2600 43.6000 611.000000 0.000000 151.000000 60.000000
3.3900 25.2600 43.6000 611.000000 0.000000 151.000000 60.000000
3.4000 25.2600 43.6000 610.000000 0.000000 151.000000 60.000000
3.4100 25.2600 43.6000 616.000000 0.000000 151.000000 60.000000
3.4200 25.2600 43.6000 616.000000 0.000000 151.000000 60.000000
3.4300 25.2600 43.6000 614.000000 0.000000 149.000000 59.000000
3.4400 25.2600 43.6000 613.000000 0.000000 149.000000 59.000000
3.4500 25.2600 43.6000 613.000000 0.000000 149.000000 59.000000
3.4600 25.2600 43.6000 614.000000 0.000000 149.000000 59.000000
3.4700 25.2600 43.6000 613.000000 0.000000 149.000000 59.000000
3.4800 25.2600 43.6000 614.000000 0.000000 149.000000 59.000000
3.4900 25.2600 43.6000 613.000000 0.000000 149.000000 59.000000
3.5000 25.2600 43.6000 614.000000 0.000000 149.000000 59.000000
3.5100 25.2600 43.6000 617.000000 0.000000 149.000000 59.000000
3.5200 25.2600 43.6000 620.000000 0.000000 149.000000 59.000000
3.5300 25.2600 43.6000 620.000000 0.000000 149.000000 59.000000
3.5400 25.2600 43.6000 620.000000 0.000000 149.000000 59.000000
3.5500 25.2600 43.6000 620.000000 0.000000 149.000000 59.000000
3.5600 25.2600 43.6000 611.000000 0.000000 149.000000 59.000000
3.5700 25.2600 43.6000 610.000000 0.000000 149.000000 59.000000
3.5800 25.2600 43.6000 611.000000 0.000000 149.000000 59.000000
3.5900 25.2600 43.6000 611.000000 0.000000 149.000000 59.000000
3.6000 25.2600 43.6000 610.000000 0.000000 149.000000 59.000000
3.6100 25.2600 43.6000 611.000000 0.000000 149.000000 59.000000
3.6200 25.2600 43.6000 611.000000 0.000000 149.000000 59.000000
3.6300 25.2600 43.6000 610.000000 0.000000 149.000000 59.000000
3.6400 25.2600 43.6000 611.000000 0.000000 149.000000 59.000000
3.6500 25.2600 43.6000 611.000000 0.000000 149.000000 59.000000
3.6600 25.2600 43.6000 611.000000 0.000000 149.000000 59.000000
3.6700 25.2600 43.6000 611.000000 0.000000 149.000000 59.000000
3.6800 25.2600 43.6000 611.000000 0.000000 149.000000 59.000000
3.6900 25.2600 43.6000 611.000000 0.000000 149.000000 59.000000
3.7000 25.2600 43.6000 613.000000 0.000000 149.000000 59.000000
3.7100 25.2600 43.6000 614.000000 0.000000 148.000000 60.000000
3.7200 25.2600 43.6000 613.000000 0.000000 148.000000 60.000000
3.7300 25.2600 43.6000 613.000000 0.000000 148.000000 60.000000
3.7400 25.2600 43.6000 613.000000 0.000000 148.000000 60.000000
3.7500 25.2600 43.6000 614.000000 0.000000 148.000000 60.000000
3.7600 25.2600 43.6000 611.000000 0.000000 148.000000 60.000000
3.7700 25.2600 43.6000 614.000000 0.000000 148.000000 60.000000
3.7800 25.3200 43.6000 614.000000 0.000000 148.000000 60.000000
3.7900 25.3200 43.6000 614.000000 0.000000 148.000000 60.000000
3.8000 25.3200 43.6000 613.000000 0.000000 148.000000 60.000000
3.8100 25.3200 43.6000 611.000000 0.000000 148.000000 60.000000
3.8200 25.3200 43.6000 610.000000 0.000000 148.000000 60.000000
3.8300 25.3200 43.6000 611.000000 0.000000 148.000000 60.000000
3.8400 25.3200 43.6000 613.000000 0.000000 148.000000 60.000000
3.8500 25.3200 43.6000 616.000000 0.000000 148.000000 60.000000
3.8600 25.3200 43.6000 620.000000 0.000000 148.000000 60.000000
3.8700 25.4100 43.6000 631.000000 0.000000 148.000000 60.000000
3.8800 25.4800 43.6000 633.000000 0.000000 148.000000 60.000000
3.8900 25.6600 43.6000 636.000000 0.000000 148.000000 60.000000
3.9000 25.8200 43.7400 636.000000 0.000000 149.000000 59.000000
3.9100 25.9600 43.8200 636.000000 0.000000 148.000000 60.000000
3.9200 26.2100 43.9500 638.000000 0.000000 148.000000 60.000000
3.9300 26.4600 44.1200 639.000000 0.000000 148.000000 60.000000
3.9400 26.6700 44.2200 639.000000 0.000000 148.000000 60.000000
3.9500 26.8500 44.3200 645.000000 0.000000 148.000000 60.000000
3.9600 26.9700 44.4300 647.000000 0.000000 148.000000 60.000000
3.9700 27.0600 44.5100 650.000000 0.000000 148.000000 60.000000
3.9800 27.1200 44.5700 652.000000 0.000000 146.000000 60.000000
3.9900 27.1200 44.5700 653.000000 0.000000 146.000000 60.000000
4.0000 27.1200 44.5700 656.000000 0.000000 145.000000 59.000000
4.0100 27.1200 44.5700 653.000000 0.000000 145.000000 59.000000
4.0200 27.1200 44.5700 653.000000 0.000000 145.000000 59.000000
4.0300 27.1200 44.5700 655.000000 0.000000 143.000000 59.000000
4.0400 27.1200 44.5700 655.000000 0.000000 143.000000 59.000000
4.0500 27.1200 44.5700 658.000000 0.000000 143.000000 59.000000
4.0600 27.1800 44.6600 653.000000 0.000000 143.000000 59.000000
4.0700 27.3100 44.7500 655.000000 0.000000 143.000000 59.000000
4.0800 27.5400 44.9100 655.000000 0.000000 143.000000 59.000000
4.0900 27.8100 45.1100 653.000000 0.000000 142.000000 59.000000
4.1000 28.0600 45.3300 656.000000 0.000000 142.000000 59.000000
4.1100 28.2700 45.6000 655.000000 0.000000 142.000000 59.000000
4.1200 28.4800 45.9700 653.000000 0.000000 142.000000 59.000000
4.1300 28.6600 46.4100 655.000000 0.000000 144.000000 60.000000
4.1400 28.8000 46.8300 659.000000 0.000000 144.000000 60.000000
4.1500 28.9100 47.2500 664.000000 0.000000 145.000000 59.000000
4.1600 28.9100 47.6600 662.000000 0.000000 145.000000 59.000000
4.1700 28.8200 47.9200 672.000000 0.000000 146.000000 58.000000
4.1800 28.6200 48.0900 670.000000 0.000000 147.000000 59.000000
4.1900 28.3800 48.1700 662.000000 0.000000 149.000000 58.000000
4.2000 28.0400 48.2200 662.000000 0.000000 150.000000 57.000000
4.2100 27.6300 48.2200 673.000000 0.000000 150.000000 57.000000
4.2200 27.2300 48.0400 673.000000 0.000000 151.000000 56.000000
4.2300 26.9800 47.8100 671.000000 0.000000 151.000000 56.000000
4.2400 26.8400 47.5200 667.000000 0.000000 151.000000 56.000000
4.2500 26.7300 47.1200 668.000000 0.000000 150.000000 57.000000
4.2600 26.6000 46.6800 659.000000 0.000000 150.000000 57.000000
4.2700 26.4800 46.2300 661.000000 0.000000 150.000000 57.000000
4.2800 26.3600 45.7600 659.000000 0.000000 149.000000 58.000000
4.2900 26.2200 45.2400 659.000000 0.000000 149.000000 58.000000
4.3000 26.0600 44.7200 656.000000 0.000000 149.000000 59.000000
4.3100 26.0600 44.1900 653.000000 0.000000 149.000000 59.000000
4.3200 26.0600 43.6300 650.000000 0.000000 148.000000 60.000000
4.3300 26.1100 43.0200 641.000000 0.000000 150.000000 60.000000
4.3400 26.2000 42.5700 645.000000 0.000000 150.000000 60.000000
4.3500 26.2700 42.2400 638.000000 0.000000 150.000000 60.000000
4.3600 26.2700 42.0100 634.000000 0.000000 148.000000 60.000000
4.3700 26.3500 41.8600 630.000000 0.000000 148.000000 60.000000
4.3800 26.4600 41.7700 627.000000 0.000000 149.000000 59.000000
4.3900 26.6000 41.7200 617.000000 0.000000 149.000000 59.000000
4.4000 26.7800 41.7200 610.000000 0.000000 149.000000 59.000000
4.4100 26.9600 41.7700 620.000000 0.000000 149.000000 59.000000
4.4200 27.2800 41.8200 620.000000 0.000000 149.000000 59.000000
4.4300 27.5600 41.9400 620.000000 0.000000 149.000000 59.000000
4.4400 27.8000 42.1200 614.000000 0.000000 147.000000 59.000000
4.4500 27.9600 42.3300 624.000000 0.000000 147.000000 59.000000
4.4600 28.0400 42.5500 641.000000 0.000000 146.000000 58.000000
4.4700 28.0400 42.7700 644.000000 0.000000 146.000000 58.000000
4.4800 28.0400 43.1200 652.000000 0.000000 146.000000 58.000000
4.4900 28.0400 43.4600 673.000000 0.000000 144.000000 58.000000
4.5000 27.9600 43.8000 669.000000 0.000000 144.000000 58.000000
4.5100 27.8300 44.0100 669.000000 0.000000 143.000000 59.000000
4.5200 27.6500 44.2000 667.000000 0.000000 143.000000 59.000000
4.5300 27.4700 44.3500 667.000000 0.000000 143.000000 59.000000
4.5400 27.2900 44.4200 668.000000 0.000000 143.000000 59.000000
4.5500 27.2900 44.4200 653.000000 0.000000 143.000000 59.000000
4.5600 27.2900 44.4200 653.000000 0.000000 143.000000 59.000000
4.5700 27.3800 44.4200 650.000000 0.000000 143.000000 59.000000
4.5800 27.5300 44.4200 650.000000 0.000000 143.000000 59.000000
4.5900 27.7100 44.3300 650.000000 0.000000 143.000000 59.000000
4.6000 27.9200 44.2400 650.000000 0.000000 143.000000 59.000000
4.6100 28.2100 44.1400 647.000000 0.000000 143.000000 59.000000
4.6200 28.5400 44.0900 641.000000 0.000000 143.000000 59.000000
4.6300 28.9400 44.0900 647.000000 0.000000 143.000000 59.000000
4.6400 29.3600 44.0900 645.000000 0.000000 143.000000 59.000000
4.6500 29.8400 44.0900 641.000000 0.000000 145.000000 59.000000
4.6600 30.3200 44.1500 638.000000 0.000000 145.000000 59.000000
4.6700 30.7200 44.1500 634.000000 0.000000 145.000000 59.000000
4.6800 31.0700 44.2000 638.000000 0.000000 145.000000 59.000000
4.6900 31.4000 44.2000 636.000000 0.000000 145.000000 59.000000
4.7000 31.7400 44.2000 634.000000 0.000000 146.000000 60.000000
4.7100 32.1200 44.2000 631.000000 0.000000 146.000000 60.000000
4.7200 32.5200 44.2000 630.000000 0.000000 146.000000 60.000000
4.7300 32.8300 44.2000 631.000000 0.000000 146.000000 60.000000
4.7400 33.0800 44.2000 631.000000 0.000000 148.000000 60.000000
4.7500 33.2400 44.0900 636.000000 0.000000 148.000000 60.000000
4.7600 33.4100 44.0200 634.000000 0.000000 148.000000 60.000000
4.7700 33.6400 43.9500 636.000000 0.000000 148.000000 60.000000
4.7800 33.8900 43.8900 638.000000 0.000000 148.000000 60.000000
4.7900 34.1600 43.8200 638.000000 0.000000 148.000000 60.000000
4.8000 34.3900 43.8200 638.000000 0.000000 148.000000 60.000000
4.8100 34.6300 43.8200 638.000000 0.000000 148.000000 60.000000
4.8200 34.8300 43.8200 641.000000 0.000000 149.000000 59.000000
4.8300 35.0700 43.9200 641.000000 0.000000 149.000000 59.000000
4.8400 35.2900 44.0300 645.000000 0.000000 149.000000 59.000000
4.8500 35.5400 44.1700 636.000000 0.000000 151.000000 60.000000
4.8600 35.7800 44.3500 644.000000 0.000000 151.000000 60.000000
4.8700 36.0200 44.5700 655.000000 0.000000 151.000000 60.000000
4.8800 36.2400 44.7500 665.000000 0.000000 151.000000 60.000000
4.8900 36.4900 44.9300 671.000000 0.000000 151.000000 60.000000
4.9000 36.7500 45.1100 663.000000 0.000000 151.000000 60.000000
4.9100 37.0000 45.3300 667.000000 0.000000 151.000000 60.000000
4.9200 37.2700 45.5200 669.000000 0.000000 150.000000 60.000000
4.9300 37.5600 45.7200 673.000000 0.000000 150.000000 60.000000
4.9400 37.8000 45.9100 673.000000 0.000000 150.000000 60.000000
4.9500 37.9900 46.1000 673.000000 0.000000 148.000000 60.000000
4.9600 38.1800 46.3400 670.000000 0.000000 148.000000 60.000000
4.9700 38.3100 46.6200 666.000000 0.000000 148.000000 60.000000
4.9800 38.3900 46.9100 667.000000 0.000000 147.000000 59.000000
4.9900 38.3900 47.1900 673.000000 0.000000 147.000000 59.000000
5.0000 38.3100 47.4500 668.000000 0.000000 149.000000 58.000000
5.0100 38.1400 47.6700 671.000000 0.000000 147.000000 58.000000
5.0200 38.0100 47.8100 671.000000 0.000000 148.000000 57.000000
5.0300 37.8900 47.8800 668.000000 0.000000 148.000000 57.000000
5.0400 37.7900 47.8800 664.000000 0.000000 149.000000 56.000000
5.0500 37.7100 47.8200 661.000000 0.000000 149.000000 56.000000
5.0600 37.5600 47.7500 655.000000 0.000000 149.000000 56.000000
5.0700 37.3600 47.6700 653.000000 0.000000 150.000000 55.000000
5.0800 37.2000 47.6000 652.000000 0.000000 152.000000 56.000000
5.0900 37.0400 47.5200 652.000000 0.000000 152.000000 56.000000
5.1000 36.9000 47.3600 653.000000 0.000000 152.000000 56.000000
5.1100 36.7200 47.1000 655.000000 0.000000 152.000000 57.000000
5.1200 36.5200 46.7800 659.000000 0.000000 152.000000 57.000000
5.1300 36.3400 46.4200 659.000000 0.000000 154.000000 57.000000
5.1400 36.1900 46.0500 661.000000 0.000000 153.000000 58.000000
5.1500 36.0500 45.7000 662.000000 0.000000 154.000000 58.000000
5.1600 36.0500 45.3700 664.000000 0.000000 153.000000 59.000000
5.1700 36.0500 45.0500 662.000000 0.000000 153.000000 59.000000
5.1800 36.0500 44.6700 659.000000 0.000000 152.000000 60.000000
5.1900 36.0500 44.3800 659.000000 0.000000 151.000000 60.000000
5.2000 36.0500 44.1400 659.000000 0.000000 151.000000 60.000000
5.2100 36.0500 43.8100 659.000000 0.000000 151.000000 60.000000
5.2200 36.0500 43.4800 658.000000 0.000000 151.000000 60.000000
5.2300 35.9700 43.1500 650.000000 0.000000 151.000000 60.000000
5.2400 35.9200 42.8200 646.000000 0.000000 151.000000 60.000000
5.2500 35.9200 42.5600 645.000000 0.000000 152.000000 60.000000
5.2600 35.8700 42.3300 634.000000 0.000000 152.000000 60.000000
5.2700 35.8700 42.1200 625.000000 0.000000 152.000000 60.000000
5.2800 36.0900 42.0000 620.000000 0.000000 152.000000 60.000000
5.2900 36.3500 41.9500 620.000000 0.000000 152.000000 60.000000
5.3000 36.6400 41.9500 622.000000 0.000000 153.000000 59.000000
5.3100 36.9600 41.9500 625.000000 0.000000 153.000000 59.000000
5.3200 37.3200 42.0300 625.000000 0.000000 153.000000 59.000000
5.3300 37.7300 42.1100 628.000000 0.000000 153.000000 59.000000
5.3400 38.1200 42.2700 628.000000 0.000000 153.000000 59.000000
5.3500 38.3900 42.4100 630.000000 0.000000 153.000000 59.000000
5.3600 38.5900 42.5200 639.000000 0.000000 152.000000 59.000000
5.3700 38.6900 42.6500 637.000000 0.000000 152.000000 59.000000
5.3800 38.6900 42.8000 641.000000 0.000000 152.000000 59.000000
5.3900 38.6900 42.9800 643.000000 0.000000 150.000000 58.000000
5.4000 38.5400 43.1500 655.000000 0.000000 150.000000 58.000000
5.4100 38.4300 43.3200 653.000000 0.000000 150.000000 58.000000
5.4200 38.3100 43.4200 656.000000 0.000000 149.000000 58.000000
5.4300 38.1100 43.4900 655.000000 0.000000 149.000000 58.000000
5.4400 37.7900 43.4900 653.000000 0.000000 149.000000 58.000000
5.4500 37.3800 43.4400 653.000000 0.000000 147.000000 58.000000
5.4600 36.9400 43.3600 652.000000 0.000000 147.000000 58.000000
5.4700 36.4300 43.2700 653.000000 0.000000 149.000000 58.000000
5.4800 35.8700 43.1600 655.000000 0.000000 149.000000 58.000000
5.4900 35.3300 43.0400 658.000000 0.000000 149.000000 58.000000
5.5000 34.8200 42.8900 662.000000 0.000000 150.000000 58.000000
5.5100 34.3900 42.7200 661.000000 0.000000 152.000000 59.000000
5.5200 34.0200 42.5400 665.000000 0.000000 152.000000 59.000000
5.5300 33.6400 42.3500 667.000000 0.000000 153.000000 59.000000
5.5400 33.2500 42.1600 668.000000 0.000000 153.000000 59.000000
5.5500 32.7900 41.9900 671.000000 0.000000 153.000000 59.000000
5.5600 32.3300 41.8300 663.000000 0.000000 153.000000 59.000000
5.5700 31.7400 41.6700 663.000000 0.000000 153.000000 59.000000
5.5800 31.0600 41.5100 664.000000 0.000000 153.000000 59.000000
5.5900 30.3000 41.3500 662.000000 0.000000 151.000000 60.000000
5.6000 29.5800 41.2400 671.000000 0.000000 151.000000 60.000000
5.6100 28.9200 41.1400 671.000000 0.000000 151.000000 60.000000
5.6200 28.4100 41.1400 664.000000 0.000000 151.000000 60.000000
5.6300 28.0000 41.0300 659.000000 0.000000 148.000000 60.000000
5.6400 27.6100 40.9400 659.000000 0.000000 148.000000 60.000000
5.6500 27.2300 40.8800 659.000000 0.000000 148.000000 60.000000
5.6600 26.8100 40.8800 658.000000 0.000000 146.000000 60.000000
5.6700 26.3600 40.7900 658.000000 0.000000 146.000000 60.000000
5.6800 25.9100 40.7200 652.000000 0.000000 148.000000 60.000000
5.6900 25.4700 40.7200 653.000000 0.000000 148.000000 60.000000
5.7000 25.0500 40.6700 649.000000 0.000000 148.000000 60.000000
5.7100 24.6200 40.6700 646.000000 0.000000 148.000000 60.000000
5.7200 24.1800 40.5900 646.000000 0.000000 150.000000 60.000000
5.7300 23.7200 40.5400 647.000000 0.000000 150.000000 60.000000
5.7400 23.2700 40.4800 655.000000 0.000000 150.000000 60.000000
5.7500 22.9900 40.4200 653.000000 0.000000 150.000000 60.000000
5.7600 22.8300 40.4200 650.000000 0.000000 150.000000 60.000000
5.7700 22.7400 40.4200 650.000000 0.000000 150.000000 60.000000
5.7800 22.6600 40.3500 652.000000 0.000000 150.000000 60.000000
5.7900 22.6000 40.3500 652.000000 0.000000 148.000000 60.000000
5.8000 22.6000 40.3500 649.000000 0.000000 148.000000 60.000000
5.8100 22.6000 40.3500 650.000000 0.000000 148.000000 60.000000
5.8200 22.6000 40.3500 649.000000 0.000000 148.000000 60.000000
5.8300 22.6000 40.3500 646.000000 0.000000 148.000000 60.000000
5.8400 22.6000 40.3500 647.000000 0.000000 148.000000 60.000000
5.8500 22.5100 40.3500 646.000000 0.000000 148.000000 60.000000
5.8600 22.4100 40.3500 646.000000 0.000000 148.000000 60.000000
5.8700 22.3500 40.3500 650.000000 0.000000 148.000000 60.000000
5.8800 22.2900 40.3500 653.000000 0.000000 148.000000 60.000000
5.8900 22.2900 40.3500 653.000000 0.000000 148.000000 60.000000
5.9000 22.2900 40.3500 656.000000 0.000000 148.000000 60.000000
5.9100 22.2900 40.3500 655.000000 0.000000 148.000000 60.000000
5.9200 22.2900 40.3500 659.000000 0.000000 148.000000 60.000000
5.9300 22.2300 40.3500 659.000000 0.000000 148.000000 60.000000
5.9400 22.1700 40.3500 656.000000 0.000000 148.000000 60.000000
5.9500 22.0600 40.3500 655.000000 0.000000 148.000000 60.000000
5.9600 21.9100 40.3500 656.000000 0.000000 148.000000 60.000000
5.9700 21.7300 40.3500 653.000000 0.000000 148.000000 60.000000
5.9800 21.5800 40.3500 655.000000 0.000000 148.000000 60.000000
5.9900 21.4600 40.3500 644.000000 0.000000 148.000000 60.000000
6.0000 21.3900 40.3500 644.000000 0.000000 148.000000 60.000000
6.0100 21.3400 40.3500 643.000000 0.000000 148.000000 60.000000
6.0200 21.3400 40.3500 647.000000 0.000000 148.000000 60.000000
6.0300 21.2900 40.3500 638.000000 0.000000 146.000000 60.000000
6.0400 21.2900 40.3500 636.000000 0.000000 146.000000 60.000000
6.0500 21.2900 40.2900 636.000000 0.000000 146.000000 60.000000
6.0600 21.2900 40.2900 639.000000 0.000000 146.000000 60.000000
6.0700 21.2900 40.2900 642.000000 0.000000 146.000000 60.000000
6.0800 21.2900 40.2900 638.000000 0.000000 146.000000 60.000000
6.0900 21.2900 40.2900 644.000000 0.000000 146.000000 60.000000
6.1000 21.2900 40.2900 650.000000 0.000000 146.000000 60.000000
6.1100 21.2900 40.2900 653.000000 0.000000 146.000000 60.000000
6.1200 21.2900 40.2900 659.000000 0.000000 146.000000 60.000000
6.1300 21.2900 40.2900 661.000000 0.000000 146.000000 60.000000
6.1400 21.2900 40.2900 665.000000 0.000000 146.000000 60.000000
6.1500 21.2900 40.3500 670.000000 0.000000 146.000000 60.000000
6.1600 21.2900 40.3500 673.000000 0.000000 146.000000 60.000000
6.1700 21.2900 40.3500 673.000000 0.000000 146.000000 60.000000
6.1800 21.2900 40.4400 668.000000 0.000000 146.000000 60.000000
6.1900 21.2900 40.5600 668.000000 0.000000 146.000000 60.000000
6.2000 21.2900 40.7100 667.000000 0.000000 146.000000 60.000000
6.2100 21.3400 40.8900 670.000000 0.000000 146.000000 60.000000
6.2200 21.3400 40.9700 668.000000 0.000000 146.000000 60.000000
6.2300 21.4000 41.0600 667.000000 0.000000 146.000000 60.000000
6.2400 21.4000 41.1700 665.000000 0.000000 146.000000 60.000000
6.2500 21.3300 41.1700 667.000000 0.000000 146.000000 60.000000
6.2600 21.3300 41.2500 668.000000 0.000000 146.000000 60.000000
6.2700 21.3300 41.2500 665.000000 0.000000 146.000000 60.000000
6.2800 21.2700 41.2500 661.000000 0.000000 146.000000 60.000000
6.2900 21.1900 41.1000 658.000000 0.000000 146.000000 60.000000
6.3000 21.0500 40.9000 650.000000 0.000000 146.000000 60.000000
6.3100 20.9400 40.6400 643.000000 0.000000 146.000000 60.000000
6.3200 20.8300 40.3900 639.000000 0.000000 146.000000 60.000000
6.3300 20.7500 40.1600 634.000000 0.000000 146.000000 60.000000
6.3400 20.7500 40.0000 633.000000 0.000000 145.000000 59.000000
6.3500 20.7500 39.8800 630.000000 0.000000 145.000000 59.000000
6.3600 20.7500 39.8800 634.000000 0.000000 145.000000 59.000000
6.3700 20.7500 39.8800 641.000000 0.000000 145.000000 59.000000
6.3800 20.7500 39.8800 636.000000 0.000000 145.000000 59.000000
6.3900 20.7500 39.9300 643.000000 0.000000 145.000000 59.000000
6.4000 20.7500 40.0500 637.000000 0.000000 145.000000 59.000000
6.4100 20.7500 40.2200 641.000000 0.000000 145.000000 59.000000
6.4200 20.7500 40.4500 640.000000 0.000000 145.000000 59.000000
6.4300 20.7500 40.7200 647.000000 0.000000 145.000000 59.000000
6.4400 20.8100 41.0100 636.000000 0.000000 145.000000 59.000000
6.4500 20.8100 41.4100 639.000000 0.000000 145.000000 59.000000
6.4600 20.9500 41.6100 639.000000 0.000000 145.000000 59.000000
6.4700 20.9500 41.6900 633.000000 0.000000 145.000000 59.000000
6.4800 20.9000 41.6100 638.000000 0.000000 145.000000 59.000000
6.4900 20.7500 41.3200 641.000000 0.000000 145.000000 59.000000
6.5000 20.4500 40.8800 636.000000 0.000000 145.000000 59.000000
6.5100 20.0400 40.4100 643.000000 0.000000 145.000000 59.000000
6.5200 19.7100 40.0400 650.000000 0.000000 145.000000 59.000000
6.5300 19.3900 39.7400 652.000000 0.000000 145.000000 59.000000
6.5400 19.2500 39.6300 650.000000 0.000000 144.000000 60.000000
6.5500 19.2500 39.5100 650.000000 0.000000 144.000000 60.000000
6.5600 19.0900 39.4000 649.000000 0.000000 144.000000 60.000000
6.5700 18.9700 39.3500 652.000000 0.000000 144.000000 60.000000
6.5800 18.9200 39.3500 647.000000 0.000000 142.000000 61.000000
6.5900 18.9200 39.3500 643.000000 0.000000 142.000000 61.000000
6.6000 19.0100 39.5100 636.000000 0.000000 142.000000 61.000000
6.6100 19.0100 39.7300 611.000000 0.000000 141.000000 60.000000
6.6200 19.1400 40.2300 606.000000 0.000000 141.000000 60.000000
6.6300 19.2200 40.6700 611.000000 0.000000 141.000000 60.000000
6.6400 19.2200 41.0600 622.000000 0.000000 141.000000 60.000000
6.6500 19.0900 41.1200 631.000000 0.000000 141.000000 60.000000
6.6600 18.9600 41.1200 646.000000 0.000000 142.000000 59.000000
6.6700 18.8100 40.9600 649.000000 0.000000 142.000000 59.000000
6.6800 18.6400 40.6800 652.000000 0.000000 142.000000 59.000000
6.6900 18.4900 40.3300 653.000000 0.000000 142.000000 59.000000
6.7000 18.3400 40.0100 653.000000 0.000000 143.000000 59.000000
6.7100 18.1900 39.8600 625.000000 0.000000 143.000000 59.000000
6.7200 18.1900 39.8600 430.000000 0.000000 142.000000 59.000000
