0.0000 19.8200 25.4600 48.000000 1.000000 133.000000 62.000000
0.0100 19.7600 25.0800 90.000000 0.000000 132.000000 63.000000
0.0200 19.7600 25.0800 168.000000 0.000000 132.000000 63.000000
0.0300 19.7600 25.0800 228.000000 0.000000 130.000000 63.000000
0.0400 19.8200 25.0800 311.000000 0.000000 130.000000 63.000000
0.0500 19.8200 25.0800 379.000000 0.000000 130.000000 63.000000
0.0600 19.8200 25.0800 436.000000 0.000000 130.000000 63.000000
0.0700 19.8200 25.1500 465.000000 0.000000 130.000000 63.000000
0.0800 19.7700 25.2300 499.000000 0.000000 130.000000 63.000000
0.0900 19.7700 25.3900 521.000000 0.000000 130.000000 63.000000
0.1000 19.7700 25.5400 538.000000 0.000000 129.000000 63.000000
0.1100 19.7700 25.8000 545.000000 0.000000 130.000000 63.000000
0.1200 19.7700 26.1500 567.000000 0.000000 130.000000 63.000000
0.1300 19.7700 26.5700 580.000000 0.000000 130.000000 63.000000
0.1400 19.7700 27.1700 592.000000 0.000000 132.000000 63.000000
0.1500 19.7700 27.8900 597.000000 0.000000 132.000000 63.000000
0.1600 19.7700 28.7000 613.000000 0.000000 133.000000 62.000000
0.1700 19.7100 29.4800 628.000000 0.000000 135.000000 62.000000
0.1800 19.7100 30.2000 631.000000 0.000000 135.000000 60.000000
0.1900 19.7100 30.8800 630.000000 0.000000 136.000000 60.000000
0.2000 19.8300 31.4400 631.000000 0.000000 138.000000 59.000000
0.2100 19.9000 31.9400 636.000000 0.000000 138.000000 59.000000
0.2200 20.0700 32.4200 620.000000 0.000000 138.000000 59.000000
0.2300 20.3000 32.9000 622.000000 0.000000 139.000000 58.000000
0.2400 20.5700 33.3400 620.000000 0.000000 139.000000 58.000000
0.2500 20.8200 33.6700 619.000000 0.000000 139.000000 58.000000
0.2600 21.0300 33.9000 617.000000 0.000000 139.000000 58.000000
0.2700 21.2400 34.0600 620.000000 0.000000 141.000000 59.000000
0.2800 21.3700 34.0600 602.000000 0.000000 141.000000 59.000000
0.2900 21.5000 34.0100 581.000000 0.000000 141.000000 59.000000
0.3000 21.6400 33.9000 562.000000 0.000000 141.000000 59.000000
0.3100 21.7700 33.7300 540.000000 0.000000 142.000000 59.000000
0.3200 21.8900 33.4200 517.000000 0.000000 142.000000 59.000000
0.3300 22.0600 33.0000 496.000000 0.000000 142.000000 59.000000
0.3400 22.1500 32.5300 477.000000 0.000000 142.000000 59.000000
0.3500 22.1500 32.0700 477.000000 0.000000 142.000000 59.000000
0.3600 22.2000 31.8000 493.000000 0.000000 143.000000 59.000000
0.3700 22.0800 31.6300 499.000000 0.000000 145.000000 59.000000
0.3800 21.8800 31.4000 513.000000 0.000000 145.000000 59.000000
0.3900 21.6600 31.1900 532.000000 0.000000 145.000000 59.000000
0.4000 21.2800 31.0100 544.000000 0.000000 145.000000 59.000000
0.4100 20.7900 30.8700 540.000000 0.000000 146.000000 58.000000
0.4200 20.3700 30.7800 539.000000 0.000000 146.000000 58.000000
0.4300 19.9500 30.7800 550.000000 0.000000 144.000000 58.000000
0.4400 19.5100 30.7800 543.000000 0.000000 144.000000 58.000000
0.4500 19.0100 30.7800 551.000000 0.000000 144.000000 58.000000
0.4600 18.5700 30.9100 559.000000 0.000000 144.000000 58.000000
0.4700 18.1700 31.0000 562.000000 0.000000 144.000000 58.000000
0.4800 17.8800 31.1000 564.000000 0.000000 144.000000 58.000000
0.4900 17.7100 31.2100 561.000000 0.000000 144.000000 58.000000
0.5000 17.6200 31.2900 559.000000 0.000000 144.000000 58.000000
0.5100 17.5300 31.3700 556.000000 0.000000 144.000000 58.000000
0.5200 17.4600 31.4400 553.000000 0.000000 144.000000 58.000000
0.5300 17.4600 31.4900 551.000000 0.000000 143.000000 57.000000
0.5400 17.3900 31.4900 551.000000 0.000000 143.000000 57.000000
0.5500 17.2600 31.4900 553.000000 0.000000 143.000000 57.000000
0.5600 17.0800 31.4400 556.000000 0.000000 143.000000 57.000000
0.5700 16.8300 31.3900 557.000000 0.000000 143.000000 57.000000
0.5800 16.4800 31.3100 559.000000 0.000000 142.000000 58.000000
0.5900 16.0500 31.2500 567.000000 0.000000 143.000000 59.000000
0.6000 15.6600 31.1700 577.000000 0.000000 143.000000 59.000000
0.6100 15.2800 31.1000 583.000000 0.000000 144.000000 60.000000
0.6200 15.0800 31.0400 589.000000 0.000000 145.000000 60.000000
0.6300 15.0100 31.0400 580.000000 0.000000 147.000000 61.000000
0.6400 15.0100 30.9400 575.000000 0.000000 148.000000 61.000000
0.6500 15.0100 30.8600 575.000000 0.000000 149.000000 63.000000
0.6600 15.0600 30.8100 570.000000 0.000000 151.000000 63.000000
0.6700 15.0600 30.8100 564.000000 0.000000 153.000000 63.000000
0.6800 15.1400 30.7500 570.000000 0.000000 153.000000 63.000000
0.6900 15.1400 30.7000 560.000000 0.000000 153.000000 63.000000
0.7000 15.3500 30.6300 570.000000 0.000000 153.000000 63.000000
0.7100 15.5600 30.5500 556.000000 0.000000 153.000000 63.000000
0.7200 15.8500 30.5500 554.000000 0.000000 151.000000 63.000000
0.7300 16.1800 30.5000 556.000000 0.000000 151.000000 63.000000
0.7400 16.5400 30.4500 546.000000 0.000000 149.000000 63.000000
0.7500 16.8000 30.4000 550.000000 0.000000 147.000000 62.000000
0.7600 16.9900 30.3400 554.000000 0.000000 146.000000 62.000000
0.7700 16.9900 30.2800 560.000000 0.000000 144.000000 61.000000
0.7800 16.9400 30.2800 577.000000 0.000000 144.000000 60.000000
0.7900 16.8600 30.2000 591.000000 0.000000 144.000000 60.000000
0.8000 16.6900 30.1000 597.000000 0.000000 142.000000 59.000000
0.8100 16.4000 30.0000 609.000000 0.000000 143.000000 59.000000
0.8200 16.0400 29.8500 611.000000 0.000000 142.000000 59.000000
0.8300 15.5900 29.6500 617.000000 0.000000 144.000000 60.000000
0.8400 15.1600 29.4000 619.000000 0.000000 145.000000 60.000000
0.8500 14.9600 29.2300 611.000000 0.000000 146.000000 62.000000
0.8600 14.9100 29.1000 585.000000 0.000000 147.000000 62.000000
0.8700 14.9100 29.0100 583.000000 0.000000 149.000000 63.000000
0.8800 14.9700 28.9200 569.000000 0.000000 150.000000 64.000000
0.8900 15.0600 28.8300 567.000000 0.000000 151.000000 64.000000
0.9000 15.1700 28.6900 560.000000 0.000000 151.000000 64.000000
0.9100 15.3600 28.5500 545.000000 0.000000 153.000000 65.000000
0.9200 15.6200 28.4000 535.000000 0.000000 153.000000 65.000000
0.9300 15.9100 28.2800 527.000000 0.000000 152.000000 65.000000
0.9400 16.1900 28.1800 518.000000 0.000000 152.000000 65.000000
0.9500 16.3800 28.0700 516.000000 0.000000 150.000000 65.000000
0.9600 16.5200 28.0000 524.000000 0.000000 148.000000 65.000000
0.9700 16.5200 27.9500 539.000000 0.000000 148.000000 63.000000
0.9800 16.4400 27.8900 562.000000 0.000000 146.000000 63.000000
0.9900 16.3300 27.8200 570.000000 0.000000 144.000000 62.000000
1.0000 16.1000 27.7100 583.000000 0.000000 144.000000 62.000000
1.0100 15.7800 27.5500 591.000000 0.000000 144.000000 62.000000
1.0200 15.3900 27.3900 603.000000 0.000000 144.000000 62.000000
1.0300 15.0000 27.2300 606.000000 0.000000 146.000000 63.000000
1.0400 14.8800 27.1500 584.000000 0.000000 148.000000 63.000000
1.0500 14.9400 27.1500 567.000000 0.000000 150.000000 64.000000
1.0600 15.0600 27.0400 570.000000 0.000000 150.000000 65.000000
1.0700 15.2100 26.9700 561.000000 0.000000 152.000000 65.000000
1.0800 15.4600 26.8900 548.000000 0.000000 152.000000 65.000000
1.0900 15.7300 26.8300 539.000000 0.000000 152.000000 65.000000
1.1000 16.0000 26.8300 546.000000 0.000000 153.000000 65.000000
1.1100 16.1600 26.7400 533.000000 0.000000 153.000000 65.000000
1.1200 16.2500 26.6700 512.000000 0.000000 150.000000 65.000000
1.1300 16.2500 26.5800 512.000000 0.000000 148.000000 65.000000
1.1400 16.3000 26.4800 512.000000 0.000000 148.000000 65.000000
1.1500 16.2000 26.3600 517.000000 0.000000 146.000000 64.000000
1.1600 16.0300 26.2000 521.000000 0.000000 147.000000 65.000000
1.1700 15.8100 26.0000 536.000000 0.000000 147.000000 65.000000
1.1800 15.5800 25.7900 554.000000 0.000000 147.000000 65.000000
1.1900 15.3500 25.6300 570.000000 0.000000 148.000000 67.000000
1.2000 15.1700 25.5100 560.000000 0.000000 148.000000 67.000000
1.2100 15.0100 25.3600 561.000000 0.000000 150.000000 67.000000
1.2200 14.9100 25.2300 553.000000 0.000000 151.000000 68.000000
1.2300 14.9100 25.1800 529.000000 0.000000 151.000000 68.000000
1.2400 14.9100 25.1800 519.000000 0.000000 151.000000 68.000000
1.2500 14.9900 25.1800 510.000000 0.000000 151.000000 68.000000
1.2600 14.9900 25.1800 509.000000 0.000000 151.000000 68.000000
1.2700 15.0500 25.1800 505.000000 0.000000 151.000000 68.000000
1.2800 15.0500 25.1800 504.000000 0.000000 151.000000 68.000000
1.2900 15.1000 25.1800 507.000000 0.000000 151.000000 68.000000
1.3000 15.1000 25.1800 509.000000 0.000000 151.000000 68.000000
1.3100 15.1000 25.1800 510.000000 0.000000 151.000000 68.000000
1.3200 15.0100 25.2400 516.000000 0.000000 151.000000 68.000000
1.3300 14.9400 25.3100 546.000000 0.000000 151.000000 68.000000
1.3400 14.8700 25.3700 565.000000 0.000000 151.000000 68.000000
1.3500 14.8200 25.3700 577.000000 0.000000 151.000000 68.000000
1.3600 14.8200 25.4500 586.000000 0.000000 151.000000 68.000000
1.3700 14.7500 25.4500 589.000000 0.000000 151.000000 68.000000
1.3800 14.7500 25.4500 589.000000 0.000000 151.000000 68.000000
1.3900 14.7500 25.4500 583.000000 0.000000 151.000000 68.000000
1.4000 14.7500 25.5200 570.000000 0.000000 151.000000 68.000000
1.4100 14.6800 25.5200 567.000000 0.000000 151.000000 68.000000
1.4200 14.6800 25.5900 561.000000 0.000000 151.000000 68.000000
1.4300 14.6100 25.5900 560.000000 0.000000 151.000000 68.000000
1.4400 14.6100 25.5900 570.000000 0.000000 151.000000 68.000000
1.4500 14.6100 25.6700 561.000000 0.000000 151.000000 68.000000
1.4600 14.5300 25.7300 563.000000 0.000000 151.000000 68.000000
1.4700 14.4800 25.8200 563.000000 0.000000 151.000000 68.000000
1.4800 14.3900 25.9000 574.000000 0.000000 151.000000 68.000000
1.4900 14.3000 26.0100 581.000000 0.000000 151.000000 68.000000
1.5000 14.1700 26.1400 588.000000 0.000000 151.000000 68.000000
1.5100 14.0000 26.2300 614.000000 0.000000 151.000000 68.000000
1.5200 13.8100 26.3000 622.000000 0.000000 151.000000 68.000000
1.5300 13.6300 26.3500 622.000000 0.000000 151.000000 68.000000
1.5400 13.4400 26.4100 636.000000 0.000000 152.000000 68.000000
1.5500 13.2300 26.4100 630.000000 0.000000 150.000000 67.000000
1.5600 12.9700 26.4100 631.000000 0.000000 150.000000 67.000000
1.5700 12.7400 26.4100 634.000000 0.000000 149.000000 66.000000
1.5800 12.5300 26.4100 631.000000 0.000000 147.000000 65.000000
1.5900 12.3300 26.4100 630.000000 0.000000 147.000000 65.000000
1.6000 12.0900 26.2800 636.000000 0.000000 145.000000 65.000000
1.6100 11.8800 26.2100 634.000000 0.000000 145.000000 65.000000
1.6200 11.6700 26.1600 628.000000 0.000000 144.000000 66.000000
1.6300 11.4200 26.0700 630.000000 0.000000 142.000000 65.000000
1.6400 11.1700 25.9600 630.000000 0.000000 142.000000 65.000000
1.6500 10.9300 25.8700 627.000000 0.000000 142.000000 65.000000
1.6600 10.7000 25.7700 630.000000 0.000000 138.000000 65.000000
1.6700 10.5600 25.6900 628.000000 0.000000 138.000000 65.000000
1.6800 10.5000 25.6400 627.000000 0.000000 138.000000 65.000000
1.6900 10.5000 25.6400 624.000000 0.000000 138.000000 65.000000
1.7000 10.5000 25.5300 624.000000 0.000000 138.000000 65.000000
1.7100 10.5000 25.3800 624.000000 0.000000 138.000000 65.000000
1.7200 10.5000 25.2300 620.000000 0.000000 138.000000 65.000000
1.7300 10.5600 25.1000 622.000000 0.000000 138.000000 65.000000
1.7400 10.6300 24.8300 620.000000 0.000000 138.000000 65.000000
1.7500 10.8200 24.6200 613.000000 0.000000 138.000000 65.000000
1.7600 11.0700 24.4400 609.000000 0.000000 138.000000 65.000000
1.7700 11.3900 24.2200 606.000000 0.000000 138.000000 65.000000
1.7800 11.6500 24.0300 608.000000 0.000000 138.000000 65.000000
1.7900 11.8500 23.8700 608.000000 0.000000 138.000000 65.000000
1.8000 12.0500 23.7300 606.000000 0.000000 138.000000 65.000000
1.8100 12.2200 23.6200 599.000000 0.000000 140.000000 66.000000
1.8200 12.3600 23.5400 595.000000 0.000000 140.000000 66.000000
1.8300 12.4400 23.4800 594.000000 0.000000 140.000000 66.000000
1.8400 12.4400 23.4800 595.000000 0.000000 140.000000 66.000000
1.8500 12.4400 23.5400 597.000000 0.000000 142.000000 66.000000
1.8600 12.4900 23.6600 597.000000 0.000000 142.000000 66.000000
1.8700 12.4900 23.7900 605.000000 0.000000 142.000000 66.000000
1.8800 12.5400 23.9300 603.000000 0.000000 142.000000 66.000000
1.8900 12.6000 24.2000 603.000000 0.000000 142.000000 66.000000
1.9000 12.7000 24.4700 602.000000 0.000000 142.000000 66.000000
1.9100 12.7900 24.7200 605.000000 0.000000 142.000000 66.000000
1.9200 12.8500 24.9300 614.000000 0.000000 142.000000 66.000000
1.9300 12.8500 25.1100 616.000000 0.000000 142.000000 66.000000
1.9400 12.8500 25.3100 636.000000 0.000000 140.000000 67.000000
1.9500 12.8500 25.4100 644.000000 0.000000 140.000000 67.000000
1.9600 12.7600 25.4100 637.000000 0.000000 140.000000 67.000000
1.9700 12.6500 25.4800 643.000000 0.000000 140.000000 67.000000
1.9800 12.5300 25.5400 641.000000 0.000000 140.000000 67.000000
1.9900 12.4400 25.6100 638.000000 0.000000 140.000000 67.000000
2.0000 12.3100 25.6700 637.000000 0.000000 140.000000 67.000000
2.0100 12.1500 25.7300 638.000000 0.000000 140.000000 67.000000
2.0200 11.9800 25.7300 638.000000 0.000000 139.000000 67.000000
2.0300 11.8200 25.7300 636.000000 0.000000 139.000000 67.000000
2.0400 11.6700 25.7300 638.000000 0.000000 139.000000 67.000000
2.0500 11.4400 25.6400 639.000000 0.000000 139.000000 67.000000
2.0600 11.1700 25.4900 633.000000 0.000000 139.000000 67.000000
2.0700 10.8800 25.3300 622.000000 0.000000 137.000000 66.000000
2.0800 10.6700 25.2200 619.000000 0.000000 137.000000 66.000000
2.0900 10.6000 25.1400 610.000000 0.000000 137.000000 66.000000
2.1000 10.6000 25.0300 620.000000 0.000000 137.000000 66.000000
2.1100 10.7000 24.9100 617.000000 0.000000 135.000000 65.000000
2.1200 10.9400 24.8100 614.000000 0.000000 135.000000 65.000000
2.1300 11.3000 24.8100 608.000000 0.000000 135.000000 65.000000
2.1400 11.7100 24.7600 600.000000 0.000000 137.000000 66.000000
2.1500 12.1300 24.7100 586.000000 0.000000 137.000000 66.000000
2.1600 12.5900 24.7100 578.000000 0.000000 138.000000 65.000000
2.1700 13.0800 24.8300 567.000000 0.000000 139.000000 67.000000
2.1800 13.5700 24.8300 563.000000 0.000000 139.000000 67.000000
2.1900 14.0700 24.9100 565.000000 0.000000 140.000000 67.000000
2.2000 14.5700 24.9600 546.000000 0.000000 142.000000 68.000000
2.2100 15.1000 25.0200 537.000000 0.000000 145.000000 68.000000
2.2200 15.6100 25.0700 536.000000 0.000000 145.000000 68.000000
2.2300 16.1000 25.0700 546.000000 0.000000 145.000000 68.000000
2.2400 16.5800 25.1500 537.000000 0.000000 145.000000 68.000000
2.2500 17.0600 25.2100 537.000000 0.000000 145.000000 68.000000
2.2600 17.5300 25.2900 546.000000 0.000000 142.000000 68.000000
2.2700 17.9900 25.3700 536.000000 0.000000 140.000000 67.000000
2.2800 18.4500 25.4400 546.000000 0.000000 139.000000 67.000000
2.2900 18.8800 25.4400 544.000000 0.000000 137.000000 66.000000
2.3000 19.3000 25.5000 536.000000 0.000000 135.000000 65.000000
2.3100 19.7100 25.5000 536.000000 0.000000 135.000000 65.000000
2.3200 20.0400 25.5000 546.000000 0.000000 133.000000 65.000000
2.3300 20.3700 25.5000 537.000000 0.000000 133.000000 65.000000
2.3400 20.6600 25.5000 536.000000 0.000000 133.000000 65.000000
2.3500 20.9100 25.5000 536.000000 0.000000 133.000000 65.000000
2.3600 21.2300 25.5000 537.000000 0.000000 133.000000 65.000000
2.3700 21.5700 25.5000 536.000000 0.000000 133.000000 65.000000
2.3800 21.9400 25.5000 536.000000 0.000000 133.000000 65.000000
2.3900 22.2700 25.5000 544.000000 0.000000 135.000000 65.000000
2.4000 22.5700 25.5000 540.000000 0.000000 135.000000 65.000000
2.4100 22.8700 25.5000 538.000000 0.000000 135.000000 65.000000
2.4200 23.1100 25.5000 538.000000 0.000000 135.000000 65.000000
2.4300 23.3100 25.5000 540.000000 0.000000 135.000000 65.000000
2.4400 23.5300 25.4500 540.000000 0.000000 135.000000 65.000000
2.4500 23.7300 25.4500 538.000000 0.000000 135.000000 65.000000
2.4600 23.9200 25.4000 538.000000 0.000000 135.000000 65.000000
2.4700 24.1300 25.4000 538.000000 0.000000 135.000000 65.000000
2.4800 24.3500 25.4500 538.000000 0.000000 135.000000 65.000000
2.4900 24.5900 25.4500 540.000000 0.000000 135.000000 65.000000
2.5000 24.8100 25.4500 538.000000 0.000000 133.000000 66.000000
2.5100 25.0600 25.4500 540.000000 0.000000 133.000000 66.000000
2.5200 25.2300 25.4500 541.000000 0.000000 133.000000 66.000000
2.5300 25.3600 25.4500 541.000000 0.000000 135.000000 67.000000
2.5400 25.4500 25.3900 543.000000 0.000000 135.000000 67.000000
2.5500 25.4500 25.3900 540.000000 0.000000 135.000000 67.000000
2.5600 25.4500 25.3900 546.000000 0.000000 135.000000 67.000000
2.5700 25.4500 25.3900 553.000000 0.000000 135.000000 67.000000
2.5800 25.4500 25.3900 553.000000 0.000000 135.000000 67.000000
2.5900 25.4500 25.3900 554.000000 0.000000 135.000000 67.000000
2.6000 25.5000 25.3900 553.000000 0.000000 135.000000 67.000000
2.6100 25.5700 25.3900 554.000000 0.000000 135.000000 67.000000
2.6200 25.6600 25.4400 554.000000 0.000000 135.000000 67.000000
2.6300 25.7600 25.4400 553.000000 0.000000 135.000000 67.000000
2.6400 25.8200 25.4400 556.000000 0.000000 135.000000 67.000000
2.6500 25.8200 25.4400 556.000000 0.000000 135.000000 67.000000
2.6600 25.8200 25.4400 561.000000 0.000000 135.000000 67.000000
2.6700 25.9000 25.4400 561.000000 0.000000 135.000000 67.000000
2.6800 25.9900 25.4900 562.000000 0.000000 135.000000 67.000000
2.6900 26.1200 25.4900 562.000000 0.000000 135.000000 67.000000
2.7000 26.3200 25.6000 565.000000 0.000000 135.000000 67.000000
2.7100 26.5700 25.6800 567.000000 0.000000 135.000000 67.000000
2.7200 26.8500 25.8100 565.000000 0.000000 135.000000 67.000000
2.7300 27.1700 25.9800 560.000000 0.000000 135.000000 67.000000
2.7400 27.4300 26.1800 563.000000 0.000000 133.000000 66.000000
2.7500 27.6500 26.4500 566.000000 0.000000 133.000000 66.000000
2.7600 27.8300 26.7800 570.000000 0.000000 133.000000 65.000000
2.7700 27.9400 27.2000 588.000000 0.000000 133.000000 65.000000
2.7800 28.0100 27.6000 585.000000 0.000000 133.000000 63.000000
2.7900 28.0100 27.9500 595.000000 0.000000 135.000000 63.000000
2.8000 27.9600 28.2100 606.000000 0.000000 135.000000 63.000000
2.8100 27.9600 28.4200 620.000000 0.000000 135.000000 62.000000
2.8200 27.9600 28.6100 636.000000 0.000000 135.000000 62.000000
2.8300 27.8800 28.7200 642.000000 0.000000 135.000000 62.000000
2.8400 27.8100 28.8100 642.000000 0.000000 136.000000 61.000000
2.8500 27.7500 28.9000 638.000000 0.000000 136.000000 61.000000
2.8600 27.6600 29.0000 638.000000 0.000000 136.000000 61.000000
2.8700 27.5300 29.0900 638.000000 0.000000 138.000000 60.000000
2.8800 27.3800 29.1500 639.000000 0.000000 138.000000 60.000000
2.8900 27.3000 29.1500 639.000000 0.000000 138.000000 60.000000
2.9000 27.2300 29.2000 636.000000 0.000000 138.000000 60.000000
2.9100 27.1800 29.2000 638.000000 0.000000 138.000000 60.000000
2.9200 27.1800 29.2000 636.000000 0.000000 138.000000 60.000000
2.9300 27.1100 29.2000 636.000000 0.000000 138.000000 60.000000
2.9400 27.1100 29.1500 634.000000 0.000000 138.000000 60.000000
2.9500 27.1100 29.1500 636.000000 0.000000 138.000000 60.000000
2.9600 27.1100 29.1500 639.000000 0.000000 138.000000 60.000000
2.9700 26.9500 29.1000 638.000000 0.000000 138.000000 60.000000
2.9800 26.7200 28.9400 642.000000 0.000000 138.000000 60.000000
2.9900 26.4700 28.7200 644.000000 0.000000 138.000000 60.000000
3.0000 26.2300 28.5400 645.000000 0.000000 138.000000 60.000000
3.0100 26.0400 28.2900 645.000000 0.000000 139.000000 61.000000
3.0200 25.9600 28.0300 639.000000 0.000000 139.000000 61.000000
3.0300 25.9600 27.7900 638.000000 0.000000 141.000000 61.000000
3.0400 25.8700 27.3800 639.000000 0.000000 140.000000 62.000000
3.0500 25.8100 26.9700 636.000000 0.000000 141.000000 63.000000
3.0600 25.8100 26.5500 633.000000 0.000000 141.000000 63.000000
3.0700 25.7500 26.1300 625.000000 0.000000 140.000000 63.000000
3.0800 25.6900 25.6700 627.000000 0.000000 140.000000 63.000000
3.0900 25.6200 25.2600 622.000000 0.000000 138.000000 64.000000
3.1000 25.6200 24.8900 619.000000 0.000000 137.000000 65.000000
3.1100 25.6200 24.5200 603.000000 0.000000 137.000000 65.000000
3.1200 25.6700 24.1300 586.000000 0.000000 135.000000 65.000000
3.1300 25.7300 23.7300 581.000000 0.000000 135.000000 65.000000
3.1400 25.8500 23.4400 572.000000 0.000000 135.000000 65.000000
3.1500 26.0100 23.2300 561.000000 0.000000 137.000000 66.000000
3.1600 26.2200 23.0100 567.000000 0.000000 137.000000 66.000000
3.1700 26.4400 22.9000 565.000000 0.000000 137.000000 66.000000
3.1800 26.6500 22.9000 570.000000 0.000000 137.000000 66.000000
3.1900 26.8500 22.8400 570.000000 0.000000 137.000000 66.000000
3.2000 27.0500 22.8400 560.000000 0.000000 138.000000 65.000000
3.2100 27.2500 22.8400 561.000000 0.000000 137.000000 65.000000
3.2200 27.4600 23.0300 561.000000 0.000000 137.000000 65.000000
3.2300 27.6500 23.1800 564.000000 0.000000 133.000000 65.000000
3.2400 27.8000 23.3000 567.000000 0.000000 133.000000 65.000000
3.2500 27.9100 23.4700 569.000000 0.000000 132.000000 64.000000
3.2600 28.0000 23.6800 574.000000 0.000000 132.000000 64.000000
3.2700 28.0900 23.9200 577.000000 0.000000 132.000000 64.000000
3.2800 28.0900 24.1400 586.000000 0.000000 130.000000 63.000000
3.2900 28.0100 24.3500 586.000000 0.000000 130.000000 63.000000
3.3000 27.9200 24.5400 614.000000 0.000000 130.000000 63.000000
3.3100 27.8000 24.6900 609.000000 0.000000 130.000000 63.000000
3.3200 27.6600 24.8400 620.000000 0.000000 129.000000 64.000000
3.3300 27.5700 25.0100 619.000000 0.000000 129.000000 64.000000
3.3400 27.5100 25.0900 619.000000 0.000000 129.000000 64.000000
3.3500 27.5100 25.1500 614.000000 0.000000 129.000000 64.000000
3.3600 27.5100 25.2000 606.000000 0.000000 129.000000 64.000000
3.3700 27.6000 25.2000 594.000000 0.000000 129.000000 64.000000
3.3800 27.7000 25.2500 585.000000 0.000000 129.000000 64.000000
3.3900 27.8300 25.2500 588.000000 0.000000 129.000000 64.000000
3.4000 27.9900 25.2500 586.000000 0.000000 129.000000 64.000000
3.4100 28.1800 25.2000 586.000000 0.000000 129.000000 64.000000
3.4200 28.4100 25.1400 585.000000 0.000000 129.000000 64.000000
3.4300 28.6800 25.0900 594.000000 0.000000 129.000000 64.000000
3.4400 28.9700 25.0900 592.000000 0.000000 129.000000 64.000000
3.4500 29.2600 25.0300 589.000000 0.000000 129.000000 64.000000
3.4600 29.5400 25.0300 588.000000 0.000000 129.000000 64.000000
3.4700 29.8200 25.0300 580.000000 0.000000 129.000000 64.000000
3.4800 30.0500 25.0300 578.000000 0.000000 129.000000 64.000000
3.4900 30.2500 25.1200 578.000000 0.000000 128.000000 65.000000
3.5000 30.4200 25.1200 575.000000 0.000000 128.000000 65.000000
3.5100 30.5800 25.1900 578.000000 0.000000 128.000000 65.000000
3.5200 30.7400 25.2500 578.000000 0.000000 128.000000 65.000000
3.5300 30.9900 25.3100 577.000000 0.000000 128.000000 65.000000
3.5400 31.2700 25.3700 577.000000 0.000000 128.000000 65.000000
3.5500 31.5800 25.4200 577.000000 0.000000 128.000000 65.000000
3.5600 31.8800 25.4800 577.000000 0.000000 128.000000 65.000000
3.5700 32.0600 25.5600 581.000000 0.000000 128.000000 65.000000
3.5800 32.1600 25.5600 584.000000 0.000000 128.000000 65.000000
3.5900 32.2300 25.6200 589.000000 0.000000 128.000000 65.000000
3.6000 32.3200 25.6200 589.000000 0.000000 128.000000 65.000000
3.6100 32.4200 25.6900 588.000000 0.000000 130.000000 66.000000
3.6200 32.5200 25.7600 586.000000 0.000000 130.000000 66.000000
3.6300 32.6100 25.8400 580.000000 0.000000 130.000000 66.000000
3.6400 32.7400 25.9100 578.000000 0.000000 130.000000 66.000000
3.6500 32.9100 25.9800 577.000000 0.000000 130.000000 66.000000
3.6600 33.1400 26.0400 575.000000 0.000000 130.000000 66.000000
3.6700 33.2300 25.9900 580.000000 0.000000 132.000000 65.000000
3.6800 33.2300 25.9400 586.000000 0.000000 132.000000 65.000000
3.6900 33.2800 25.8900 586.000000 0.000000 132.000000 65.000000
3.7000 33.3300 25.8400 588.000000 0.000000 132.000000 65.000000
3.7100 33.4200 25.7800 586.000000 0.000000 132.000000 65.000000
3.7200 33.5700 25.7200 589.000000 0.000000 130.000000 66.000000
3.7300 33.7400 25.6700 588.000000 0.000000 130.000000 66.000000
3.7400 33.8900 25.6200 588.000000 0.000000 130.000000 66.000000
3.7500 34.0500 25.5700 588.000000 0.000000 130.000000 66.000000
3.7600 34.2100 25.5700 589.000000 0.000000 130.000000 66.000000
3.7700 34.4200 25.5700 591.000000 0.000000 130.000000 66.000000
3.7800 34.6400 25.6600 591.000000 0.000000 130.000000 66.000000
3.7900 34.8300 25.7600 591.000000 0.000000 130.000000 66.000000
3.8000 34.9600 25.8900 595.000000 0.000000 130.000000 66.000000
3.8100 35.0600 26.0100 588.000000 0.000000 130.000000 66.000000
3.8200 35.1800 26.1400 594.000000 0.000000 130.000000 66.000000
3.8300 35.2800 26.3000 595.000000 0.000000 130.000000 66.000000
3.8400 35.3800 26.4500 602.000000 0.000000 130.000000 66.000000
3.8500 35.4900 26.7200 600.000000 0.000000 132.000000 65.000000
3.8600 35.6500 27.0500 597.000000 0.000000 132.000000 65.000000
3.8700 35.7900 27.3900 597.000000 0.000000 133.000000 65.000000
3.8800 35.9100 27.6700 597.000000 0.000000 135.000000 64.000000
3.8900 36.0200 27.8600 602.000000 0.000000 135.000000 64.000000
3.9000 36.1000 27.9900 602.000000 0.000000 137.000000 63.000000
3.9100 36.1000 28.0700 605.000000 0.000000 138.000000 63.000000
3.9200 36.1000 28.1400 609.000000 0.000000 140.000000 63.000000
3.9300 36.1000 28.2000 611.000000 0.000000 140.000000 63.000000
3.9400 36.1000 28.2000 613.000000 0.000000 141.000000 63.000000
3.9500 36.1000 28.2500 613.000000 0.000000 141.000000 63.000000
3.9600 36.1000 28.2500 611.000000 0.000000 141.000000 63.000000
3.9700 36.1000 28.3900 613.000000 0.000000 141.000000 63.000000
3.9800 36.1600 28.4900 616.000000 0.000000 141.000000 63.000000
3.9900 36.2200 28.5800 614.000000 0.000000 143.000000 62.000000
4.0000 36.2200 28.5800 617.000000 0.000000 143.000000 62.000000
4.0100 36.3100 28.5800 616.000000 0.000000 143.000000 62.000000
4.0200 36.3600 28.6400 617.000000 0.000000 143.000000 62.000000
4.0300 36.3600 28.6400 616.000000 0.000000 143.000000 62.000000
4.0400 36.4200 28.6900 617.000000 0.000000 143.000000 62.000000
4.0500 36.4200 28.6900 614.000000 0.000000 143.000000 62.000000
4.0600 36.4900 28.7500 616.000000 0.000000 143.000000 62.000000
4.0700 36.6300 28.8200 614.000000 0.000000 144.000000 62.000000
4.0800 36.7900 28.9000 616.000000 0.000000 144.000000 62.000000
4.0900 36.9400 29.0800 616.000000 0.000000 144.000000 62.000000
4.1000 37.1200 29.2800 613.000000 0.000000 144.000000 62.000000
4.1100 37.2100 29.4900 613.000000 0.000000 144.000000 62.000000
4.1200 37.2100 29.7300 610.000000 0.000000 144.000000 62.000000
4.1300 37.2100 29.9200 614.000000 0.000000 143.000000 62.000000
4.1400 37.0800 30.0100 625.000000 0.000000 143.000000 62.000000
4.1500 36.9200 30.0600 622.000000 0.000000 142.000000 61.000000
4.1600 36.5400 30.0600 633.000000 0.000000 142.000000 61.000000
4.1700 36.1500 30.0600 641.000000 0.000000 142.000000 61.000000
4.1800 35.7400 29.8500 639.000000 0.000000 142.000000 61.000000
4.1900 35.6200 29.6400 638.000000 0.000000 144.000000 61.000000
4.2000 35.5300 29.4200 636.000000 0.000000 144.000000 61.000000
4.2100 35.4500 29.2000 631.000000 0.000000 144.000000 61.000000
4.2200 35.4500 28.9500 630.000000 0.000000 146.000000 62.000000
4.2300 35.3600 28.7000 633.000000 0.000000 146.000000 62.000000
4.2400 35.2900 28.4600 633.000000 0.000000 144.000000 62.000000
4.2500 35.1900 28.1200 630.000000 0.000000 143.000000 62.000000
4.2600 35.1300 27.7700 619.000000 0.000000 143.000000 62.000000
4.2700 35.0800 27.4100 617.000000 0.000000 141.000000 63.000000
4.2800 35.0800 27.0600 616.000000 0.000000 141.000000 63.000000
4.2900 35.0800 26.8000 611.000000 0.000000 141.000000 63.000000
4.3000 35.0800 26.6100 610.000000 0.000000 140.000000 63.000000
4.3100 35.0800 26.4200 611.000000 0.000000 138.000000 63.000000
4.3200 35.1300 26.2700 610.000000 0.000000 137.000000 63.000000
4.3300 35.1300 26.1600 620.000000 0.000000 137.000000 63.000000
4.3400 35.1300 26.0700 614.000000 0.000000 135.000000 64.000000
4.3500 35.1300 25.9800 614.000000 0.000000 135.000000 64.000000
4.3600 35.1300 25.8600 599.000000 0.000000 133.000000 65.000000
4.3700 35.1300 25.7300 589.000000 0.000000 133.000000 65.000000
4.3800 35.1800 25.5800 585.000000 0.000000 132.000000 65.000000
4.3900 35.1800 25.4100 589.000000 0.000000 132.000000 65.000000
4.4000 35.2400 25.1900 581.000000 0.000000 132.000000 65.000000
4.4100 35.3900 24.9800 577.000000 0.000000 130.000000 66.000000
4.4200 35.5200 24.7800 574.000000 0.000000 130.000000 66.000000
4.4300 35.6400 24.6700 570.000000 0.000000 130.000000 66.000000
4.4400 35.7100 24.5900 563.000000 0.000000 130.000000 66.000000
4.4500 35.7600 24.4900 562.000000 0.000000 130.000000 66.000000
4.4600 35.7600 24.4900 561.000000 0.000000 130.000000 66.000000
4.4700 35.9000 24.4900 556.000000 0.000000 130.000000 66.000000
4.4800 36.0000 24.4300 554.000000 0.000000 131.000000 67.000000
4.4900 36.1100 24.4300 554.000000 0.000000 133.000000 66.000000
4.5000 36.1800 24.4300 553.000000 0.000000 133.000000 66.000000
4.5100 36.1800 24.4300 554.000000 0.000000 133.000000 66.000000
4.5200 36.2800 24.4300 556.000000 0.000000 133.000000 66.000000
4.5300 36.3600 24.4300 553.000000 0.000000 133.000000 66.000000
4.5400 36.3600 24.4300 551.000000 0.000000 133.000000 66.000000
4.5500 36.3600 24.4300 550.000000 0.000000 133.000000 66.000000
4.5600 36.4200 24.4300 542.000000 0.000000 133.000000 66.000000
4.5700 36.4200 24.5300 546.000000 0.000000 133.000000 66.000000
4.5800 36.5300 24.5900 544.000000 0.000000 133.000000 66.000000
4.5900 36.6300 24.6500 541.000000 0.000000 133.000000 66.000000
4.6000 36.6800 24.7100 544.000000 0.000000 133.000000 66.000000
4.6100 36.6800 24.7100 546.000000 0.000000 133.000000 66.000000
4.6200 36.6800 24.7900 536.000000 0.000000 133.000000 66.000000
4.6300 36.6800 24.7900 537.000000 0.000000 133.000000 66.000000
4.6400 36.6800 24.8700 551.000000 0.000000 133.000000 66.000000
4.6500 36.6800 24.9400 565.000000 0.000000 133.000000 66.000000
4.6600 36.6800 24.9400 570.000000 0.000000 133.000000 66.000000
4.6700 36.6800 24.9400 569.000000 0.000000 132.000000 65.000000
4.6800 36.6800 24.9400 577.000000 0.000000 130.000000 66.000000
4.6900 36.6800 24.9400 580.000000 0.000000 130.000000 66.000000
4.7000 36.6800 24.9400 584.000000 0.000000 130.000000 66.000000
4.7100 36.6800 24.9400 586.000000 0.000000 130.000000 66.000000
4.7200 36.6800 24.9400 586.000000 0.000000 131.000000 67.000000
4.7300 36.7300 24.9400 584.000000 0.000000 131.000000 67.000000
4.7400 36.7300 24.9400 581.000000 0.000000 131.000000 67.000000
4.7500 36.8000 24.9400 583.000000 0.000000 131.000000 67.000000
4.7600 36.8000 24.8900 583.000000 0.000000 131.000000 67.000000
4.7700 36.8800 24.8900 580.000000 0.000000 131.000000 67.000000
4.7800 36.9600 24.8900 580.000000 0.000000 131.000000 67.000000
4.7900 37.0200 24.8900 581.000000 0.000000 131.000000 67.000000
4.8000 37.0200 24.8900 578.000000 0.000000 131.000000 67.000000
4.8100 37.1300 24.8200 578.000000 0.000000 131.000000 67.000000
4.8200 37.2300 24.7700 575.000000 0.000000 131.000000 67.000000
4.8300 37.3800 24.7700 575.000000 0.000000 132.000000 65.000000
4.8400 37.5400 24.7000 572.000000 0.000000 130.000000 65.000000
4.8500 37.6800 24.7000 570.000000 0.000000 129.000000 64.000000
4.8600 37.8400 24.7000 567.000000 0.000000 129.000000 64.000000
4.8700 37.9400 24.7000 566.000000 0.000000 127.000000 63.000000
4.8800 37.9900 24.6500 566.000000 0.000000 126.000000 62.000000
4.8900 37.9900 24.6500 567.000000 0.000000 126.000000 62.000000
4.9000 37.9900 24.7000 567.000000 0.000000 126.000000 62.000000
4.9100 37.9900 24.7000 570.000000 0.000000 126.000000 62.000000
4.9200 37.9200 24.7000 566.000000 0.000000 126.000000 62.000000
4.9300 37.9200 24.7600 561.000000 0.000000 126.000000 62.000000
4.9400 37.9200 24.7600 565.000000 0.000000 126.000000 62.000000
4.9500 37.8500 24.7600 539.000000 0.000000 126.000000 62.000000
4.9600 37.8500 24.8200 491.000000 0.000000 126.000000 62.000000
4.9700 37.7900 24.8200 410.000000 0.000000 126.000000 62.000000
4.9800 37.7200 24.8200 309.000000 0.000000 126.000000 62.000000
4.9900 37.6300 24.8200 173.000000 0.000000 126.000000 62.000000
5.0000 37.5300 24.7600 86.000000 0.000000 126.000000 62.000000
5.0100 37.4400 24.7600 51.000000 0.000000 126.000000 62.000000
5.0200 37.3800 24.6900 41.000000 0.000000 126.000000 62.000000
5.0300 37.3800 24.6900 44.000000 0.000000 124.000000 62.000000
5.0400 37.3100 24.6200 50.000000 0.000000 124.000000 62.000000
5.0500 37.3100 24.6200 65.000000 0.000000 124.000000 62.000000
5.0600 37.2500 24.6200 63.000000 0.000000 124.000000 62.000000
5.0700 37.2500 24.6200 60.000000 0.000000 124.000000 62.000000
5.0800 37.1600 24.6700 58.000000 0.000000 123.000000 61.000000
5.0900 37.1600 24.6700 60.000000 0.000000 123.000000 61.000000
5.1000 37.0800 24.6700 60.000000 0.000000 124.000000 62.000000
5.1100 37.0800 24.6700 61.000000 0.000000 124.000000 62.000000
5.1200 37.0000 24.6700 70.000000 0.000000 126.000000 62.000000
5.1300 37.0000 24.6700 88.000000 0.000000 127.000000 63.000000
5.1400 36.9300 24.6700 99.000000 0.000000 129.000000 64.000000
5.1500 36.8700 24.6700 99.000000 0.000000 130.000000 65.000000
5.1600 36.7900 24.6700 98.000000 0.000000 130.000000 65.000000
5.1700 36.7900 24.6700 81.000000 0.000000 132.000000 65.000000
5.1800 36.6700 24.6700 68.000000 0.000000 133.000000 66.000000
5.1900 36.5700 24.7400 68.000000 0.000000 133.000000 66.000000
5.2000 36.4600 24.7400 68.000000 0.000000 133.000000 66.000000
5.2100 36.3500 24.7400 73.000000 0.000000 133.000000 66.000000
5.2200 36.2600 24.7400 75.000000 0.000000 133.000000 66.000000
5.2300 36.2000 24.7400 85.000000 0.000000 133.000000 66.000000
5.2400 36.1500 24.6800 108.000000 0.000000 133.000000 66.000000
5.2500 36.1500 24.6800 117.000000 0.000000 133.000000 66.000000
5.2600 36.1000 24.6800 131.000000 0.000000 133.000000 66.000000
5.2700 36.1000 24.6800 161.000000 0.000000 132.000000 65.000000
5.2800 36.1000 24.6800 167.000000 0.000000 130.000000 66.000000
5.2900 36.1000 24.6800 170.000000 0.000000 130.000000 66.000000
5.3000 36.1000 24.6800 173.000000 0.000000 130.000000 66.000000
5.3100 36.1000 24.6800 200.000000 0.000000 130.000000 66.000000
5.3200 36.1000 24.6800 207.000000 0.000000 130.000000 66.000000
5.3300 36.1000 24.6800 215.000000 0.000000 130.000000 66.000000
5.3400 36.1000 24.6800 219.000000 0.000000 132.000000 65.000000
5.3500 36.1000 24.6800 254.000000 0.000000 132.000000 65.000000
5.3600 36.1000 24.6100 269.000000 0.000000 132.000000 65.000000
5.3700 36.2000 24.6100 281.000000 0.000000 132.000000 65.000000
5.3800 36.3500 24.5500 282.000000 0.000000 132.000000 65.000000
5.3900 36.5700 24.5500 284.000000 0.000000 133.000000 66.000000
5.4000 36.8100 24.6400 289.000000 0.000000 133.000000 66.000000
5.4100 36.9900 24.6400 291.000000 0.000000 133.000000 66.000000
5.4200 37.1400 24.6400 301.000000 0.000000 133.000000 66.000000
5.4300 37.2700 24.6400 310.000000 0.000000 132.000000 65.000000
5.4400 37.4000 24.6400 324.000000 0.000000 130.000000 65.000000
5.4500 37.5200 24.6400 335.000000 0.000000 130.000000 65.000000
5.4600 37.5900 24.6400 339.000000 0.000000 129.000000 64.000000
5.4700 37.6600 24.5900 368.000000 0.000000 127.000000 63.000000
5.4800 37.6600 24.5900 371.000000 0.000000 126.000000 62.000000
5.4900 37.6600 24.5400 381.000000 0.000000 126.000000 62.000000
5.5000 37.6600 24.5400 394.000000 0.000000 124.000000 62.000000
5.5100 37.6600 24.4700 389.000000 0.000000 124.000000 62.000000
5.5200 37.6600 24.3900 394.000000 0.000000 124.000000 62.000000
5.5300 37.5600 24.2600 405.000000 0.000000 124.000000 62.000000
5.5400 37.4300 24.0900 414.000000 0.000000 124.000000 62.000000
5.5500 37.2000 23.9200 420.000000 0.000000 126.000000 62.000000
5.5600 36.9500 23.7500 438.000000 0.000000 126.000000 62.000000
5.5700 36.6800 23.6000 449.000000 0.000000 126.000000 62.000000
5.5800 36.4400 23.4900 449.000000 0.000000 129.000000 63.000000
5.5900 36.1900 23.4300 445.000000 0.000000 130.000000 63.000000
5.6000 35.9100 23.3700 447.000000 0.000000 132.000000 64.000000
5.6100 35.6200 23.3100 456.000000 0.000000 133.000000 65.000000
5.6200 35.4400 23.3100 465.000000 0.000000 135.000000 65.000000
5.6300 35.2800 23.2600 466.000000 0.000000 135.000000 65.000000
5.6400 35.1700 23.2600 468.000000 0.000000 135.000000 65.000000
5.6500 35.0800 23.3200 468.000000 0.000000 135.000000 65.000000
5.6600 34.9800 23.3200 469.000000 0.000000 135.000000 65.000000
5.6700 34.8100 23.3900 469.000000 0.000000 135.000000 65.000000
5.6800 34.6100 23.3900 458.000000 0.000000 135.000000 65.000000
5.6900 34.3300 23.3900 466.000000 0.000000 135.000000 65.000000
5.7000 33.8800 23.3400 481.000000 0.000000 135.000000 65.000000
5.7100 33.3200 23.2600 489.000000 0.000000 135.000000 65.000000
5.7200 32.9500 23.1600 495.000000 0.000000 135.000000 65.000000
5.7300 32.6100 23.0700 488.000000 0.000000 135.000000 65.000000
5.7400 32.3000 22.9700 491.000000 0.000000 133.000000 65.000000
5.7500 31.9800 22.8600 491.000000 0.000000 133.000000 65.000000
5.7600 31.6700 22.8000 488.000000 0.000000 133.000000 65.000000
5.7700 31.3900 22.8000 495.000000 0.000000 133.000000 65.000000
5.7800 31.1000 22.7100 493.000000 0.000000 133.000000 65.000000
5.7900 30.8200 22.7100 491.000000 0.000000 133.000000 65.000000
5.8000 30.5400 22.7100 493.000000 0.000000 132.000000 64.000000
5.8100 30.4100 22.7100 491.000000 0.000000 132.000000 64.000000
5.8200 30.3300 22.7700 485.000000 0.000000 132.000000 64.000000
5.8300 30.2400 22.7700 498.000000 0.000000 132.000000 64.000000
5.8400 30.1300 22.7700 489.000000 0.000000 132.000000 64.000000
5.8500 30.1300 22.8200 488.000000 0.000000 132.000000 64.000000
5.8600 30.0800 22.8200 498.000000 0.000000 132.000000 64.000000
5.8700 30.0000 22.8200 496.000000 0.000000 130.000000 63.000000
5.8800 29.8700 22.8200 492.000000 0.000000 130.000000 63.000000
5.8900 29.7400 22.8800 491.000000 0.000000 130.000000 63.000000
5.9000 29.5400 22.8800 494.000000 0.000000 130.000000 63.000000
5.9100 29.2800 22.8800 514.000000 0.000000 130.000000 63.000000
5.9200 29.0300 22.8000 519.000000 0.000000 130.000000 63.000000
5.9300 28.8300 22.7500 530.000000 0.000000 130.000000 63.000000
5.9400 28.6800 22.7500 530.000000 0.000000 130.000000 63.000000
5.9500 28.5300 22.6900 530.000000 0.000000 130.000000 63.000000
5.9600 28.3600 22.5400 530.000000 0.000000 130.000000 63.000000
5.9700 28.1800 22.4300 535.000000 0.000000 130.000000 63.000000
5.9800 28.0500 22.3400 535.000000 0.000000 130.000000 63.000000
5.9900 27.8800 22.1500 535.000000 0.000000 130.000000 63.000000
6.0000 27.6700 21.9800 537.000000 0.000000 130.000000 63.000000
6.0100 27.5200 21.8000 538.000000 0.000000 130.000000 63.000000
6.0200 27.3900 21.6700 540.000000 0.000000 130.000000 63.000000
6.0300 27.3000 21.5700 541.000000 0.000000 130.000000 63.000000
6.0400 27.3000 21.5700 541.000000 0.000000 130.000000 63.000000
6.0500 27.2500 21.5700 541.000000 0.000000 130.000000 63.000000
6.0600 27.1700 21.5700 546.000000 0.000000 130.000000 63.000000
6.0700 27.0700 21.5700 544.000000 0.000000 130.000000 63.000000
6.0800 26.9400 21.6900 537.000000 0.000000 130.000000 63.000000
6.0900 26.7400 21.8600 538.000000 0.000000 130.000000 63.000000
6.1000 26.5000 22.1300 537.000000 0.000000 130.000000 63.000000
6.1100 26.1700 22.4800 545.000000 0.000000 130.000000 63.000000
6.1200 25.8000 22.7000 565.000000 0.000000 132.000000 64.000000
6.1300 25.4000 22.8700 611.000000 0.000000 132.000000 64.000000
6.1400 25.1700 22.9300 617.000000 0.000000 133.000000 65.000000
6.1500 24.9800 22.8800 620.000000 0.000000 133.000000 65.000000
6.1600 24.8800 22.7800 610.000000 0.000000 133.000000 65.000000
6.1700 24.7600 22.6500 613.000000 0.000000 135.000000 65.000000
6.1800 24.6100 22.4100 605.000000 0.000000 135.000000 65.000000
6.1900 24.4600 22.2000 595.000000 0.000000 135.000000 65.000000
6.2000 24.3300 22.0000 581.000000 0.000000 135.000000 65.000000
6.2100 24.2300 21.7900 563.000000 0.000000 133.000000 65.000000
6.2200 24.1000 21.6700 563.000000 0.000000 133.000000 65.000000
6.2300 23.9600 21.6000 563.000000 0.000000 133.000000 65.000000
6.2400 23.8300 21.6000 564.000000 0.000000 133.000000 65.000000
6.2500 23.7500 21.6000 570.000000 0.000000 133.000000 65.000000
6.2600 23.6800 21.7000 567.000000 0.000000 133.000000 65.000000
6.2700 23.6000 21.8800 554.000000 0.000000 133.000000 65.000000
6.2800 23.4600 22.1700 565.000000 0.000000 133.000000 65.000000
6.2900 23.2600 22.4200 577.000000 0.000000 133.000000 65.000000
6.3000 23.0200 22.6400 597.000000 0.000000 133.000000 65.000000
6.3100 22.8500 22.6400 617.000000 0.000000 133.000000 65.000000
6.3200 22.6200 22.6400 619.000000 0.000000 133.000000 65.000000
6.3300 22.3500 22.4400 613.000000 0.000000 133.000000 65.000000
6.3400 22.1200 22.1500 617.000000 0.000000 133.000000 65.000000
6.3500 21.9100 21.9200 560.000000 0.000000 133.000000 65.000000
6.3600 21.7300 21.7700 324.000000 0.000000 133.000000 65.000000
