0.0000 27.7600 80.7800 50.000000 1.000000 163.000000 56.000000
0.0100 28.1100 80.7100 98.000000 0.000000 163.000000 56.000000
0.0200 28.1800 80.6100 117.000000 0.000000 165.000000 55.000000
0.0300 28.2600 80.5600 158.000000 0.000000 165.000000 55.000000
0.0400 28.3700 80.5100 249.000000 0.000000 165.000000 55.000000
0.0500 28.4200 80.5100 292.000000 0.000000 165.000000 55.000000
0.0600 28.4200 80.5100 334.000000 0.000000 165.000000 55.000000
0.0700 28.5400 80.5100 381.000000 0.000000 165.000000 55.000000
0.0800 28.6600 80.5900 431.000000 0.000000 165.000000 55.000000
0.0900 28.7600 80.5900 486.000000 0.000000 165.000000 55.000000
0.1000 28.7600 80.6700 522.000000 0.000000 165.000000 55.000000
0.1100 28.7600 80.7500 543.000000 0.000000 164.000000 55.000000
0.1200 28.6400 80.8600 553.000000 0.000000 164.000000 55.000000
0.1300 28.4600 81.0700 586.000000 0.000000 164.000000 54.000000
0.1400 28.2100 81.2700 584.000000 0.000000 163.000000 54.000000
0.1500 27.7500 81.4600 591.000000 0.000000 163.000000 54.000000
0.1600 27.0300 81.6300 592.000000 0.000000 163.000000 54.000000
0.1700 26.1300 81.7800 595.000000 0.000000 163.000000 54.000000
0.1800 24.9700 81.7800 603.000000 0.000000 163.000000 54.000000
0.1900 23.5200 81.6700 606.000000 0.000000 163.000000 54.000000
0.2000 21.8700 81.4400 617.000000 0.000000 164.000000 53.000000
0.2100 20.1800 81.0900 631.000000 0.000000 164.000000 53.000000
0.2200 18.7900 80.5900 642.000000 0.000000 165.000000 53.000000
0.2300 17.5900 79.9800 636.000000 0.000000 165.000000 53.000000
0.2400 16.5800 79.2700 638.000000 0.000000 164.000000 54.000000
0.2500 15.8900 78.6200 646.000000 0.000000 164.000000 54.000000
0.2600 15.4200 78.0200 661.000000 0.000000 164.000000 54.000000
0.2700 15.4200 77.4400 676.000000 0.000000 164.000000 54.000000
0.2800 15.8300 76.9700 700.000000 0.000000 163.000000 55.000000
0.2900 16.4600 76.6000 733.000000 0.000000 163.000000 55.000000
0.3000 17.5000 76.3000 751.000000 0.000000 163.000000 55.000000
0.3100 18.9900 76.2500 780.000000 0.000000 163.000000 55.000000
0.3200 20.7700 76.4100 791.000000 0.000000 163.000000 55.000000
0.3300 22.9800 76.7200 788.000000 0.000000 163.000000 55.000000
0.3400 25.2400 77.0900 784.000000 0.000000 163.000000 55.000000
0.3500 27.5200 77.4600 780.000000 0.000000 163.000000 55.000000
0.3600 29.3500 77.8300 779.000000 0.000000 163.000000 55.000000
0.3700 30.8900 78.2300 779.000000 0.000000 164.000000 55.000000
0.3800 32.2400 78.6500 780.000000 0.000000 164.000000 54.000000
0.3900 32.9000 79.0600 797.000000 0.000000 165.000000 53.000000
0.4000 33.0900 79.4400 797.000000 0.000000 166.000000 53.000000
0.4100 32.9600 79.9600 783.000000 0.000000 167.000000 52.000000
0.4200 32.6500 80.5800 784.000000 0.000000 167.000000 52.000000
0.4300 31.9200 81.1300 776.000000 0.000000 167.000000 51.000000
0.4400 30.9000 81.5400 759.000000 0.000000 167.000000 51.000000
0.4500 29.5200 81.8700 751.000000 0.000000 167.000000 51.000000
0.4600 27.9700 82.1000 749.000000 0.000000 167.000000 51.000000
0.4700 26.3100 82.2800 749.000000 0.000000 167.000000 52.000000
0.4800 24.6900 82.3300 736.000000 0.000000 167.000000 52.000000
0.4900 23.1000 82.3300 728.000000 0.000000 167.000000 52.000000
0.5000 21.5900 82.2100 730.000000 0.000000 167.000000 52.000000
0.5100 20.1100 82.0300 734.000000 0.000000 167.000000 52.000000
0.5200 18.9600 81.7700 727.000000 0.000000 166.000000 53.000000
0.5300 18.0300 81.4500 727.000000 0.000000 165.000000 53.000000
0.5400 17.2700 81.0700 728.000000 0.000000 165.000000 53.000000
0.5500 16.7900 80.6800 727.000000 0.000000 165.000000 53.000000
0.5600 16.5000 80.4100 733.000000 0.000000 165.000000 53.000000
0.5700 16.3900 80.2100 733.000000 0.000000 164.000000 54.000000
0.5800 16.5100 79.7700 724.000000 0.000000 164.000000 54.000000
0.5900 16.7900 79.3100 728.000000 0.000000 164.000000 54.000000
0.6000 17.3300 78.9400 746.000000 0.000000 164.000000 54.000000
0.6100 18.2400 78.6300 750.000000 0.000000 163.000000 54.000000
0.6200 19.3900 78.5000 768.000000 0.000000 164.000000 53.000000
0.6300 20.8900 78.5000 777.000000 0.000000 164.000000 53.000000
0.6400 22.4800 78.5700 790.000000 0.000000 165.000000 53.000000
0.6500 24.1200 78.6400 796.000000 0.000000 165.000000 53.000000
0.6600 25.7500 78.8000 790.000000 0.000000 166.000000 52.000000
0.6700 27.4200 79.0200 783.000000 0.000000 167.000000 52.000000
0.6800 28.8800 79.4000 794.000000 0.000000 167.000000 52.000000
0.6900 30.1900 79.7600 796.000000 0.000000 169.000000 51.000000
0.7000 31.3800 80.0900 796.000000 0.000000 169.000000 51.000000
0.7100 32.3200 80.4100 794.000000 0.000000 169.000000 51.000000
0.7200 33.0800 80.7600 794.000000 0.000000 169.000000 51.000000
0.7300 33.4600 81.1300 796.000000 0.000000 169.000000 51.000000
0.7400 33.5800 81.4900 782.000000 0.000000 169.000000 51.000000
0.7500 33.5200 81.8800 768.000000 0.000000 170.000000 52.000000
0.7600 33.0700 82.2800 762.000000 0.000000 170.000000 52.000000
0.7700 32.2800 82.6100 751.000000 0.000000 170.000000 52.000000
0.7800 31.2500 82.8900 745.000000 0.000000 170.000000 52.000000
0.7900 29.8500 83.1000 737.000000 0.000000 170.000000 52.000000
0.8000 28.2300 83.2500 734.000000 0.000000 170.000000 52.000000
0.8100 26.4600 83.3700 736.000000 0.000000 170.000000 52.000000
0.8200 24.6800 83.3700 733.000000 0.000000 170.000000 52.000000
0.8300 22.9000 83.3700 737.000000 0.000000 170.000000 52.000000
0.8400 21.1200 83.3700 736.000000 0.000000 169.000000 53.000000
0.8500 19.3700 83.1900 739.000000 0.000000 168.000000 52.000000
0.8600 17.8300 82.9100 740.000000 0.000000 168.000000 52.000000
0.8700 16.4200 82.4100 740.000000 0.000000 168.000000 52.000000
0.8800 15.0900 81.8500 736.000000 0.000000 166.000000 53.000000
0.8900 14.0300 81.2000 734.000000 0.000000 166.000000 53.000000
0.9000 13.1500 80.5100 728.000000 0.000000 165.000000 53.000000
0.9100 12.6600 79.8600 727.000000 0.000000 163.000000 54.000000
0.9200 12.5000 79.2200 724.000000 0.000000 162.000000 54.000000
0.9300 12.5500 78.6800 730.000000 0.000000 160.000000 53.000000
0.9400 12.8800 78.2100 746.000000 0.000000 159.000000 53.000000
0.9500 13.7400 77.7900 784.000000 0.000000 158.000000 53.000000
0.9600 14.9600 77.6000 796.000000 0.000000 158.000000 53.000000
0.9700 17.0000 77.6900 824.000000 0.000000 158.000000 53.000000
0.9800 19.4800 77.9700 828.000000 0.000000 159.000000 53.000000
0.9900 22.2500 78.3500 848.000000 0.000000 160.000000 53.000000
1.0000 25.3000 78.7400 828.000000 0.000000 162.000000 53.000000
1.0100 28.3900 79.1400 842.000000 0.000000 164.000000 53.000000
1.0200 31.5300 79.5100 845.000000 0.000000 167.000000 52.000000
1.0300 34.3900 79.8500 843.000000 0.000000 168.000000 52.000000
1.0400 37.0600 80.1400 846.000000 0.000000 169.000000 51.000000
1.0500 39.1600 80.3300 846.000000 0.000000 170.000000 51.000000
1.0600 40.6500 80.4600 851.000000 0.000000 170.000000 51.000000
1.0700 41.7300 80.5100 828.000000 0.000000 170.000000 51.000000
1.0800 41.9800 80.5100 814.000000 0.000000 170.000000 50.000000
1.0900 41.9100 80.5600 768.000000 0.000000 170.000000 51.000000
1.1000 41.6300 80.5600 620.000000 0.000000 170.000000 51.000000
1.1100 40.8600 80.4900 207.000000 0.000000 170.000000 51.000000
1.1200 40.8600 80.4900 0.000000 1.000000 170.000000 52.000000
1.1300 38.7900 80.3100 0.000000 0.000000 170.000000 52.000000
1.1400 37.9200 80.5000 0.000000 0.000000 170.000000 52.000000
1.1500 37.2800 80.8600 0.000000 0.000000 169.000000 53.000000
1.1600 36.7800 81.0400 0.000000 0.000000 171.000000 53.000000
1.1700 36.3400 80.9400 0.000000 0.000000 170.000000 54.000000
1.1800 35.9200 80.6600 0.000000 0.000000 172.000000 54.000000
1.1900 35.5200 80.2900 0.000000 0.000000 174.000000 55.000000
1.2000 35.0900 79.9100 0.000000 0.000000 176.000000 56.000000
1.2100 34.5900 79.3500 0.000000 0.000000 177.000000 56.000000
1.2200 34.0700 78.6900 0.000000 0.000000 178.000000 57.000000
1.2300 33.7300 78.0800 0.000000 0.000000 178.000000 57.000000
1.2400 33.7300 77.7100 0.000000 0.000000 178.000000 57.000000
1.2500 33.9100 77.4900 0.000000 0.000000 178.000000 57.000000
1.2600 34.1800 77.4900 0.000000 0.000000 180.000000 56.000000
1.2700 34.6200 77.6100 0.000000 0.000000 180.000000 54.000000
1.2800 35.1800 77.8900 0.000000 0.000000 180.000000 51.000000
1.2900 35.6200 78.1200 0.000000 0.000000 180.000000 48.000000
1.3000 35.9300 78.3700 0.000000 0.000000 180.000000 46.000000
1.3100 36.1600 78.6400 0.000000 0.000000 179.000000 45.000000
1.3200 36.1600 79.0000 0.000000 0.000000 179.000000 41.000000
1.3300 36.1600 79.3500 0.000000 0.000000 179.000000 36.000000
1.3400 36.0900 79.7300 0.000000 0.000000 179.000000 32.000000
1.3500 35.8900 80.1400 0.000000 0.000000 179.000000 30.000000
1.3600 35.5200 80.2000 0.000000 0.000000 178.000000 30.000000
1.3700 35.1700 80.2600 0.000000 0.000000 177.000000 32.000000
1.3800 34.9000 80.3100 0.000000 0.000000 176.000000 35.000000
1.3900 34.8100 80.1600 0.000000 0.000000 175.000000 40.000000
1.4000 34.8100 79.9600 0.000000 0.000000 173.000000 45.000000
1.4100 34.8100 79.9600 0.000000 0.000000 170.000000 50.000000
1.4200 34.8100 79.9600 0.000000 0.000000 168.000000 53.000000
1.4300 34.8700 80.0300 0.000000 0.000000 165.000000 56.000000
1.4400 34.8700 80.0300 0.000000 0.000000 164.000000 58.000000
1.4500 34.8700 80.0300 0.000000 0.000000 162.000000 58.000000
1.4600 34.8700 80.0300 0.000000 0.000000 162.000000 58.000000
1.4700 34.8700 80.3300 0.000000 0.000000 162.000000 58.000000
1.4800 34.9300 80.4700 0.000000 0.000000 162.000000 58.000000
1.4900 35.0500 80.6400 0.000000 0.000000 163.000000 57.000000
1.5000 35.1800 80.8100 0.000000 0.000000 163.000000 57.000000
1.5100 35.3200 81.0100 0.000000 0.000000 163.000000 57.000000
1.5200 35.4500 81.2200 0.000000 0.000000 163.000000 56.000000
1.5300 35.5600 81.3800 0.000000 0.000000 163.000000 56.000000
1.5400 35.5600 81.5100 0.000000 0.000000 164.000000 55.000000
1.5500 35.6100 81.5700 0.000000 0.000000 164.000000 54.000000
1.5600 35.6100 81.5700 178.000000 1.000000 163.000000 54.000000
1.5700 35.9600 81.8100 207.000000 0.000000 163.000000 54.000000
1.5800 36.0900 81.8100 277.000000 0.000000 164.000000 53.000000
1.5900 36.0900 81.8100 309.000000 0.000000 164.000000 53.000000
1.6000 36.0900 81.8100 369.000000 0.000000 165.000000 53.000000
1.6100 36.0900 81.8100 420.000000 0.000000 166.000000 52.000000
1.6200 36.2200 81.3200 450.000000 0.000000 166.000000 52.000000
1.6300 36.2200 80.9100 472.000000 0.000000 167.000000 52.000000
1.6400 36.2200 80.4300 504.000000 0.000000 167.000000 51.000000
1.6500 36.1400 79.9200 510.000000 0.000000 167.000000 51.000000
1.6600 36.0900 79.4600 502.000000 0.000000 167.000000 51.000000
1.6700 36.0400 79.0600 461.000000 0.000000 167.000000 51.000000
1.6800 36.0400 78.7100 373.000000 0.000000 167.000000 51.000000
1.6900 36.0400 78.4700 96.000000 0.000000 167.000000 51.000000
1.7000 36.0400 78.4700 0.000000 1.000000 167.000000 51.000000
1.7100 36.1800 78.3000 0.000000 0.000000 166.000000 51.000000
1.7200 36.4200 78.6200 0.000000 0.000000 166.000000 51.000000
1.7300 36.7500 79.1700 0.000000 0.000000 166.000000 51.000000
1.7400 37.0400 79.7100 0.000000 0.000000 165.000000 51.000000
1.7500 37.3000 80.1800 0.000000 0.000000 165.000000 51.000000
1.7600 37.5300 80.5100 0.000000 0.000000 164.000000 52.000000
1.7700 37.8100 80.7200 0.000000 0.000000 164.000000 52.000000
1.7800 37.9400 80.8300 0.000000 0.000000 162.000000 53.000000
1.7900 37.9400 80.8300 0.000000 0.000000 164.000000 53.000000
1.8000 37.9900 80.8300 0.000000 0.000000 164.000000 53.000000
1.8100 37.9900 80.8300 13.000000 0.000000 163.000000 54.000000
1.8200 37.9900 80.8300 119.000000 1.000000 163.000000 54.000000
1.8300 38.1100 81.3300 160.000000 0.000000 163.000000 54.000000
1.8400 38.1700 81.5000 254.000000 0.000000 165.000000 53.000000
1.8500 38.1700 81.4500 272.000000 0.000000 165.000000 53.000000
1.8600 38.1700 81.4500 273.000000 0.000000 165.000000 53.000000
1.8700 38.1700 81.3400 304.000000 0.000000 166.000000 52.000000
1.8800 38.1700 81.2000 344.000000 0.000000 166.000000 52.000000
1.8900 38.1700 80.9500 372.000000 0.000000 166.000000 52.000000
1.9000 38.1000 80.6400 412.000000 0.000000 166.000000 51.000000
1.9100 38.0000 80.1900 415.000000 0.000000 165.000000 51.000000
1.9200 37.9200 79.8100 423.000000 0.000000 165.000000 51.000000
1.9300 37.8700 79.4700 413.000000 0.000000 164.000000 51.000000
1.9400 37.8700 79.1700 339.000000 0.000000 164.000000 51.000000
1.9500 37.8700 78.9400 137.000000 0.000000 162.000000 51.000000
1.9600 37.8700 78.9400 0.000000 1.000000 162.000000 51.000000
1.9700 37.9900 78.7200 0.000000 0.000000 164.000000 51.000000
1.9800 38.1400 79.0000 0.000000 0.000000 164.000000 51.000000
1.9900 38.3800 79.5100 0.000000 0.000000 164.000000 51.000000
2.0000 38.6600 79.8600 0.000000 0.000000 165.000000 50.000000
2.0100 38.9800 80.2800 0.000000 0.000000 167.000000 50.000000
2.0200 39.2900 80.7400 0.000000 0.000000 166.000000 51.000000
2.0300 39.5000 80.9100 0.000000 0.000000 166.000000 51.000000
2.0400 39.6400 81.0300 0.000000 0.000000 167.000000 51.000000
2.0500 39.6400 81.0300 245.000000 1.000000 167.000000 52.000000
2.0600 39.6400 81.0300 314.000000 0.000000 167.000000 52.000000
2.0700 39.9200 81.4000 361.000000 0.000000 168.000000 52.000000
2.0800 39.9200 81.4000 399.000000 0.000000 168.000000 52.000000
2.0900 39.9800 81.3300 455.000000 0.000000 169.000000 53.000000
2.1000 39.9800 81.1600 481.000000 0.000000 169.000000 53.000000
2.1100 39.9800 80.7900 498.000000 0.000000 169.000000 53.000000
2.1200 39.9100 80.2900 473.000000 0.000000 170.000000 52.000000
2.1300 39.9100 79.7100 281.000000 0.000000 170.000000 52.000000
