0.0000 60.6700 47.9200 139.000000 1.000000 164.000000 57.000000
0.0100 60.8600 48.1800 134.000000 0.000000 164.000000 57.000000
0.0200 60.9100 48.4100 173.000000 0.000000 164.000000 57.000000
0.0300 60.9800 48.5500 273.000000 0.000000 163.000000 57.000000
0.0400 60.9800 48.6900 374.000000 0.000000 163.000000 57.000000
0.0500 60.8900 48.8000 422.000000 0.000000 163.000000 57.000000
0.0600 60.7600 48.9000 474.000000 0.000000 163.000000 57.000000
0.0700 60.5300 48.9500 501.000000 0.000000 163.000000 57.000000
0.0800 60.2400 48.9500 519.000000 0.000000 163.000000 57.000000
0.0900 59.8600 48.8400 544.000000 0.000000 161.000000 57.000000
0.1000 59.4900 48.6700 546.000000 0.000000 162.000000 56.000000
0.1100 59.1700 48.3000 546.000000 0.000000 162.000000 56.000000
0.1200 58.9000 47.8000 537.000000 0.000000 161.000000 57.000000
0.1300 58.7300 47.2600 538.000000 0.000000 161.000000 57.000000
0.1400 58.6500 46.6900 518.000000 0.000000 161.000000 57.000000
0.1500 58.7500 46.1200 502.000000 0.000000 161.000000 57.000000
0.1600 58.9600 45.5600 483.000000 0.000000 161.000000 57.000000
0.1700 59.3100 45.1400 467.000000 0.000000 160.000000 58.000000
0.1800 59.9000 44.7900 440.000000 0.000000 158.000000 58.000000
0.1900 60.6600 44.7100 397.000000 0.000000 157.000000 59.000000
0.2000 61.6100 44.7900 353.000000 0.000000 157.000000 59.000000
0.2100 62.5700 45.0700 314.000000 0.000000 159.000000 59.000000
0.2200 63.5600 45.4800 314.000000 0.000000 159.000000 59.000000
0.2300 64.2500 45.9800 325.000000 0.000000 159.000000 59.000000
0.2400 64.7400 46.5100 371.000000 0.000000 161.000000 60.000000
0.2500 64.8900 47.0300 447.000000 0.000000 161.000000 60.000000
0.2600 64.7900 47.5300 477.000000 0.000000 162.000000 60.000000
0.2700 64.5200 48.0500 524.000000 0.000000 163.000000 59.000000
0.2800 63.9200 48.5900 551.000000 0.000000 165.000000 59.000000
0.2900 62.9600 48.9900 546.000000 0.000000 165.000000 58.000000
0.3000 61.7600 49.3500 535.000000 0.000000 165.000000 58.000000
0.3100 60.2900 49.4800 522.000000 0.000000 166.000000 57.000000
0.3200 58.9700 49.4800 537.000000 0.000000 166.000000 57.000000
0.3300 57.7400 49.2600 518.000000 0.000000 164.000000 57.000000
0.3400 57.3300 48.7600 501.000000 0.000000 165.000000 56.000000
0.3500 57.3300 48.0800 493.000000 0.000000 165.000000 56.000000
0.3600 57.6400 47.2900 485.000000 0.000000 164.000000 57.000000
0.3700 58.0400 46.5100 483.000000 0.000000 163.000000 57.000000
0.3800 58.4700 45.7600 485.000000 0.000000 162.000000 58.000000
0.3900 58.9400 45.0200 483.000000 0.000000 162.000000 58.000000
0.4000 59.6200 44.3300 455.000000 0.000000 160.000000 58.000000
0.4100 60.4200 43.9100 400.000000 0.000000 160.000000 58.000000
0.4200 61.3800 43.6800 345.000000 0.000000 159.000000 59.000000
0.4300 62.4600 43.6800 291.000000 0.000000 159.000000 59.000000
0.4400 63.6200 44.0100 253.000000 0.000000 159.000000 59.000000
0.4500 64.6600 44.4700 181.000000 0.000000 159.000000 59.000000
0.4600 65.5600 45.1000 171.000000 0.000000 161.000000 60.000000
0.4700 66.3600 45.7300 241.000000 0.000000 161.000000 59.000000
0.4800 66.8400 46.3500 364.000000 0.000000 161.000000 59.000000
0.4900 66.9500 46.8600 446.000000 0.000000 163.000000 59.000000
0.5000 66.8100 47.4000 512.000000 0.000000 163.000000 59.000000
0.5100 66.3700 47.9600 565.000000 0.000000 165.000000 59.000000
0.5200 65.5200 48.5800 569.000000 0.000000 165.000000 59.000000
0.5300 64.4000 49.1800 591.000000 0.000000 165.000000 59.000000
0.5400 62.5700 49.6000 595.000000 0.000000 165.000000 58.000000
0.5500 60.4100 49.9100 597.000000 0.000000 165.000000 58.000000
0.5600 58.0300 50.0800 586.000000 0.000000 165.000000 58.000000
0.5700 55.4500 49.9800 585.000000 0.000000 166.000000 57.000000
0.5800 53.2500 49.7100 581.000000 0.000000 166.000000 57.000000
0.5900 51.2900 49.2100 569.000000 0.000000 164.000000 57.000000
0.6000 50.0900 48.6800 563.000000 0.000000 164.000000 57.000000
0.6100 49.4700 48.0400 565.000000 0.000000 162.000000 58.000000
0.6200 49.2300 47.3300 556.000000 0.000000 161.000000 57.000000
0.6300 49.2300 46.7500 553.000000 0.000000 161.000000 57.000000
0.6400 49.3100 46.2600 551.000000 0.000000 158.000000 58.000000
0.6500 49.5500 45.8200 554.000000 0.000000 157.000000 59.000000
0.6600 49.8700 45.5300 556.000000 0.000000 157.000000 60.000000
0.6700 50.3000 45.3300 565.000000 0.000000 155.000000 60.000000
0.6800 51.1400 45.2000 566.000000 0.000000 154.000000 60.000000
0.6900 52.2400 45.2000 569.000000 0.000000 154.000000 60.000000
0.7000 53.9500 45.2800 572.000000 0.000000 154.000000 60.000000
0.7100 55.9700 45.4500 562.000000 0.000000 156.000000 61.000000
0.7200 58.2000 45.6300 577.000000 0.000000 156.000000 61.000000
0.7300 60.5400 45.7800 563.000000 0.000000 156.000000 61.000000
0.7400 63.0000 45.8900 564.000000 0.000000 157.000000 61.000000
0.7500 65.5300 45.8900 567.000000 0.000000 159.000000 61.000000
0.7600 67.7400 45.9400 562.000000 0.000000 159.000000 61.000000
0.7700 69.6700 45.9400 546.000000 0.000000 161.000000 62.000000
0.7800 71.4000 45.9400 530.000000 0.000000 163.000000 61.000000
0.7900 72.6800 46.0300 535.000000 0.000000 163.000000 61.000000
0.8000 73.5600 46.0300 540.000000 0.000000 165.000000 61.000000
0.8100 74.1700 45.9600 543.000000 0.000000 165.000000 61.000000
0.8200 74.3500 45.8800 529.000000 0.000000 168.000000 60.000000
0.8300 74.3500 45.8200 488.000000 0.000000 168.000000 60.000000
0.8400 74.2200 45.7700 377.000000 0.000000 168.000000 60.000000
0.8500 74.0000 45.7700 131.000000 0.000000 169.000000 61.000000
0.8600 74.0000 45.7700 0.000000 1.000000 169.000000 61.000000
0.8700 72.8300 45.6900 0.000000 0.000000 169.000000 61.000000
0.8800 72.1700 45.8100 0.000000 0.000000 171.000000 61.000000
0.8900 71.5100 45.9900 0.000000 0.000000 171.000000 60.000000
0.9000 71.0500 46.1600 0.000000 0.000000 173.000000 60.000000
0.9100 70.7200 46.3200 0.000000 0.000000 173.000000 59.000000
0.9200 70.6600 46.3200 0.000000 0.000000 173.000000 59.000000
0.9300 70.6000 46.3700 0.000000 0.000000 174.000000 58.000000
0.9400 70.6000 46.3100 0.000000 0.000000 174.000000 57.000000
0.9500 70.4600 46.1900 0.000000 0.000000 174.000000 57.000000
0.9600 70.3200 46.0900 0.000000 0.000000 174.000000 57.000000
0.9700 70.1400 46.0100 0.000000 0.000000 174.000000 56.000000
0.9800 69.9800 46.0100 0.000000 0.000000 175.000000 57.000000
0.9900 69.8800 46.0700 0.000000 0.000000 175.000000 57.000000
1.0000 69.8800 46.1800 0.000000 0.000000 175.000000 57.000000
1.0100 69.8800 46.3200 0.000000 0.000000 175.000000 58.000000
1.0200 69.9400 46.4300 0.000000 0.000000 177.000000 58.000000
1.0300 69.9400 46.4800 0.000000 0.000000 177.000000 59.000000
1.0400 69.9400 46.4800 0.000000 0.000000 177.000000 59.000000
1.0500 69.8800 46.4800 0.000000 0.000000 177.000000 60.000000
1.0600 69.8800 46.4800 101.000000 1.000000 177.000000 60.000000
1.0700 69.8800 46.4800 144.000000 0.000000 175.000000 60.000000
1.0800 69.8800 46.4800 180.000000 0.000000 173.000000 60.000000
1.0900 69.7100 46.7900 250.000000 0.000000 171.000000 60.000000
1.1000 69.7100 46.9000 367.000000 0.000000 170.000000 60.000000
1.1100 69.7100 46.9900 440.000000 0.000000 168.000000 59.000000
1.1200 69.7100 46.9900 473.000000 0.000000 166.000000 59.000000
1.1300 69.7100 46.9900 499.000000 0.000000 165.000000 59.000000
1.1400 69.7100 46.9900 516.000000 0.000000 163.000000 59.000000
1.1500 69.7100 46.9900 527.000000 0.000000 164.000000 58.000000
1.1600 69.7100 46.9100 530.000000 0.000000 162.000000 58.000000
1.1700 69.7100 46.8000 538.000000 0.000000 164.000000 58.000000
1.1800 69.7100 46.5700 541.000000 0.000000 164.000000 58.000000
1.1900 69.7100 46.2400 540.000000 0.000000 164.000000 58.000000
1.2000 69.7100 45.8300 541.000000 0.000000 163.000000 59.000000
1.2100 69.7800 45.4000 537.000000 0.000000 163.000000 59.000000
1.2200 69.8700 45.0600 513.000000 0.000000 163.000000 59.000000
1.2300 70.0100 44.7900 485.000000 0.000000 163.000000 59.000000
1.2400 70.1400 44.5900 420.000000 0.000000 163.000000 59.000000
1.2500 70.2100 44.5200 305.000000 0.000000 163.000000 59.000000
1.2600 70.2100 44.5200 93.000000 0.000000 163.000000 59.000000
1.2700 70.2100 44.5200 0.000000 1.000000 163.000000 59.000000
1.2800 70.5700 44.9400 0.000000 0.000000 165.000000 59.000000
1.2900 70.8600 45.3000 0.000000 0.000000 165.000000 59.000000
1.3000 71.1100 45.7400 0.000000 0.000000 166.000000 59.000000
1.3100 71.3700 46.1400 0.000000 0.000000 168.000000 59.000000
1.3200 71.6500 46.5200 0.000000 0.000000 170.000000 59.000000
1.3300 71.8000 46.7300 0.000000 0.000000 170.000000 59.000000
1.3400 71.8700 46.9000 0.000000 0.000000 172.000000 59.000000
1.3500 71.8700 46.9000 335.000000 1.000000 172.000000 59.000000
1.3600 71.8700 46.9000 377.000000 0.000000 172.000000 59.000000
1.3700 71.8700 46.9000 394.000000 0.000000 172.000000 59.000000
1.3800 71.8700 46.9000 465.000000 0.000000 172.000000 59.000000
1.3900 71.8700 46.9000 520.000000 0.000000 170.000000 59.000000
1.4000 71.8700 46.9000 522.000000 0.000000 168.000000 58.000000
1.4100 71.8700 46.9000 524.000000 0.000000 168.000000 58.000000
1.4200 71.7400 46.5900 519.000000 0.000000 168.000000 58.000000
1.4300 71.7400 46.2600 513.000000 0.000000 167.000000 58.000000
1.4400 71.7900 45.9300 520.000000 0.000000 167.000000 58.000000
1.4500 71.7900 45.6200 501.000000 0.000000 167.000000 58.000000
1.4600 71.8800 45.3800 480.000000 0.000000 167.000000 58.000000
1.4700 71.9600 45.1800 439.000000 0.000000 166.000000 59.000000
1.4800 72.0800 45.0400 364.000000 0.000000 166.000000 59.000000
1.4900 72.2200 45.0400 146.000000 0.000000 166.000000 59.000000
1.5000 72.2200 45.0400 0.000000 1.000000 166.000000 59.000000
1.5100 72.6700 45.3400 0.000000 0.000000 166.000000 59.000000
1.5200 72.9400 45.6100 0.000000 0.000000 168.000000 59.000000
1.5300 73.1900 45.9000 0.000000 0.000000 168.000000 59.000000
1.5400 73.5200 46.2600 0.000000 0.000000 168.000000 59.000000
1.5500 73.8500 46.6100 0.000000 0.000000 170.000000 59.000000
1.5600 74.0300 46.9400 0.000000 0.000000 170.000000 59.000000
1.5700 74.1200 47.0900 0.000000 0.000000 172.000000 59.000000
1.5800 74.1200 47.0900 279.000000 1.000000 172.000000 59.000000
1.5900 74.1200 47.0900 317.000000 0.000000 173.000000 59.000000
1.6000 74.1200 47.0900 361.000000 0.000000 173.000000 59.000000
1.6100 74.1200 47.0900 473.000000 0.000000 173.000000 59.000000
1.6200 74.1200 47.0900 497.000000 0.000000 174.000000 58.000000
1.6300 74.1800 46.7100 509.000000 0.000000 172.000000 59.000000
1.6400 74.2900 46.4000 494.000000 0.000000 172.000000 59.000000
1.6500 74.3600 46.0300 379.000000 0.000000 172.000000 59.000000
