0.0000 98.2100 47.9600 51.000000 1.000000 168.000000 56.000000
0.0100 98.4700 48.1700 68.000000 0.000000 168.000000 56.000000
0.0200 98.5700 48.3000 148.000000 0.000000 166.000000 56.000000
0.0300 98.6800 48.4700 226.000000 0.000000 166.000000 56.000000
0.0400 98.8100 48.6400 276.000000 0.000000 166.000000 56.000000
0.0500 98.8900 48.8100 366.000000 0.000000 167.000000 57.000000
0.0600 98.9600 48.9900 445.000000 0.000000 167.000000 57.000000
0.0700 98.9600 49.1200 493.000000 0.000000 167.000000 57.000000
0.0800 98.8900 49.2400 516.000000 0.000000 169.000000 58.000000
0.0900 98.7400 49.3200 540.000000 0.000000 169.000000 57.000000
0.1000 98.3900 49.3200 554.000000 0.000000 169.000000 57.000000
0.1100 97.8200 49.2200 569.000000 0.000000 169.000000 57.000000
0.1200 97.1000 49.0000 594.000000 0.000000 169.000000 57.000000
0.1300 96.3400 48.6400 611.000000 0.000000 169.000000 57.000000
0.1400 95.6600 48.1400 619.000000 0.000000 168.000000 56.000000
0.1500 95.1800 47.5500 614.000000 0.000000 168.000000 56.000000
0.1600 94.8100 46.8500 603.000000 0.000000 167.000000 57.000000
0.1700 94.6600 46.1300 602.000000 0.000000 166.000000 57.000000
0.1800 94.7100 45.3500 602.000000 0.000000 166.000000 57.000000
0.1900 94.8800 44.5700 597.000000 0.000000 166.000000 57.000000
0.2000 95.3500 43.8100 594.000000 0.000000 164.000000 58.000000
0.2100 95.8700 43.2300 594.000000 0.000000 164.000000 58.000000
0.2200 96.6000 42.7500 589.000000 0.000000 164.000000 58.000000
0.2300 97.4500 42.6100 588.000000 0.000000 165.000000 58.000000
0.2400 98.6000 42.6700 570.000000 0.000000 165.000000 58.000000
0.2500 99.8900 42.8600 554.000000 0.000000 167.000000 58.000000
0.2600 101.2600 43.3200 546.000000 0.000000 167.000000 57.000000
0.2700 102.4300 43.9900 533.000000 0.000000 167.000000 57.000000
0.2800 103.3600 44.8100 562.000000 0.000000 167.000000 58.000000
0.2900 104.1200 45.5600 577.000000 0.000000 167.000000 58.000000
0.3000 104.5400 46.2700 606.000000 0.000000 168.000000 58.000000
0.3100 104.5400 46.9300 624.000000 0.000000 168.000000 58.000000
0.3200 104.3700 47.5800 638.000000 0.000000 168.000000 59.000000
0.3300 103.8000 48.2800 627.000000 0.000000 168.000000 59.000000
0.3400 102.8000 49.0100 620.000000 0.000000 166.000000 59.000000
0.3500 101.5100 49.5500 627.000000 0.000000 168.000000 59.000000
0.3600 99.6300 49.7800 634.000000 0.000000 168.000000 58.000000
0.3700 97.4200 49.7800 628.000000 0.000000 168.000000 58.000000
0.3800 94.9800 49.5800 638.000000 0.000000 168.000000 58.000000
0.3900 92.5900 49.1300 628.000000 0.000000 169.000000 58.000000
0.4000 90.9900 48.5300 620.000000 0.000000 169.000000 58.000000
0.4100 89.9100 47.7000 600.000000 0.000000 167.000000 57.000000
0.4200 89.7100 46.8300 570.000000 0.000000 167.000000 57.000000
0.4300 89.8700 45.7900 562.000000 0.000000 166.000000 57.000000
0.4400 90.2800 44.6500 570.000000 0.000000 166.000000 57.000000
0.4500 90.8800 43.7200 567.000000 0.000000 166.000000 57.000000
0.4600 91.8400 43.0200 566.000000 0.000000 164.000000 57.000000
0.4700 93.0300 42.4800 570.000000 0.000000 164.000000 57.000000
0.4800 94.8600 42.2100 554.000000 0.000000 166.000000 57.000000
0.4900 96.6900 41.8900 551.000000 0.000000 166.000000 57.000000
0.5000 98.4900 41.5500 545.000000 0.000000 167.000000 57.000000
0.5100 100.0300 42.2000 553.000000 0.000000 169.000000 58.000000
0.5200 101.4100 42.6700 565.000000 0.000000 169.000000 58.000000
0.5300 102.4600 43.0200 564.000000 0.000000 170.000000 58.000000
0.5400 103.3100 43.7200 586.000000 0.000000 170.000000 58.000000
0.5500 104.0200 44.4500 613.000000 0.000000 170.000000 59.000000
0.5600 104.4100 45.2100 638.000000 0.000000 170.000000 59.000000
0.5700 104.2800 45.9000 638.000000 0.000000 170.000000 59.000000
0.5800 103.8000 46.5800 652.000000 0.000000 170.000000 60.000000
0.5900 102.7500 47.2100 647.000000 0.000000 170.000000 60.000000
0.6000 101.0600 47.7600 617.000000 0.000000 171.000000 60.000000
0.6100 98.9500 48.2100 614.000000 0.000000 171.000000 60.000000
0.6200 96.3400 48.3900 625.000000 0.000000 171.000000 60.000000
0.6300 93.4600 48.3900 622.000000 0.000000 171.000000 60.000000
0.6400 90.4000 48.1700 611.000000 0.000000 171.000000 60.000000
0.6500 87.6300 47.8000 620.000000 0.000000 171.000000 60.000000
0.6600 85.6300 47.3400 617.000000 0.000000 172.000000 59.000000
0.6700 84.1500 46.8400 611.000000 0.000000 172.000000 59.000000
0.6800 83.6200 46.3400 586.000000 0.000000 171.000000 60.000000
0.6900 83.7400 45.8300 580.000000 0.000000 171.000000 60.000000
0.7000 84.3000 45.3200 581.000000 0.000000 171.000000 60.000000
0.7100 85.0800 44.8800 589.000000 0.000000 171.000000 60.000000
0.7200 86.2100 44.5000 599.000000 0.000000 173.000000 60.000000
0.7300 87.5700 44.3100 620.000000 0.000000 173.000000 60.000000
0.7400 89.7100 44.2100 616.000000 0.000000 173.000000 60.000000
0.7500 92.5000 44.2100 630.000000 0.000000 173.000000 60.000000
0.7600 95.7300 43.7200 639.000000 0.000000 173.000000 59.000000
0.7700 99.1300 43.7900 652.000000 0.000000 173.000000 59.000000
0.7800 102.5500 44.2000 672.000000 0.000000 173.000000 59.000000
0.7900 105.6800 44.2000 696.000000 0.000000 173.000000 59.000000
0.8000 108.6000 44.2000 691.000000 0.000000 173.000000 59.000000
0.8100 111.1400 44.2000 705.000000 0.000000 173.000000 60.000000
0.8200 113.0900 44.3500 713.000000 0.000000 173.000000 60.000000
0.8300 114.6400 44.4500 719.000000 0.000000 173.000000 60.000000
0.8400 115.5900 44.5600 725.000000 0.000000 173.000000 61.000000
0.8500 116.0000 44.6500 728.000000 0.000000 173.000000 61.000000
0.8600 116.0000 44.6500 711.000000 0.000000 173.000000 61.000000
0.8700 116.0000 44.7000 640.000000 0.000000 171.000000 62.000000
0.8800 115.7500 44.7000 445.000000 0.000000 171.000000 62.000000
0.8900 115.7500 44.7000 0.000000 1.000000 171.000000 62.000000
0.9000 114.4200 44.6400 0.000000 0.000000 173.000000 62.000000
0.9100 113.4300 44.7200 0.000000 0.000000 173.000000 62.000000
0.9200 112.4000 44.9000 0.000000 0.000000 173.000000 62.000000
0.9300 111.5300 45.0500 0.000000 0.000000 173.000000 61.000000
0.9400 110.7200 45.2100 0.000000 0.000000 173.000000 61.000000
0.9500 110.2000 45.3600 0.000000 0.000000 175.000000 60.000000
0.9600 109.8600 45.3000 0.000000 0.000000 175.000000 58.000000
0.9700 109.6700 45.1100 0.000000 0.000000 177.000000 57.000000
0.9800 109.4900 44.8900 0.000000 0.000000 179.000000 56.000000
0.9900 109.2100 44.6300 0.000000 0.000000 179.000000 55.000000
1.0000 108.8600 44.3700 0.000000 0.000000 179.000000 55.000000
1.0100 108.6300 44.1400 0.000000 0.000000 180.000000 54.000000
1.0200 108.4200 43.5500 0.000000 0.000000 180.000000 55.000000
1.0300 108.3600 43.6500 0.000000 0.000000 179.000000 55.000000
1.0400 108.3600 44.2100 0.000000 0.000000 179.000000 56.000000
1.0500 108.5200 44.5600 0.000000 0.000000 177.000000 57.000000
1.0600 108.6900 44.8800 0.000000 0.000000 175.000000 57.000000
1.0700 108.9100 45.1300 0.000000 0.000000 175.000000 58.000000
1.0800 109.0900 45.3000 0.000000 0.000000 174.000000 58.000000
1.0900 109.1900 45.3900 0.000000 0.000000 173.000000 59.000000
1.1000 109.2500 45.4400 0.000000 0.000000 172.000000 59.000000
1.1100 109.2500 45.4400 0.000000 0.000000 172.000000 59.000000
1.1200 109.3000 45.4900 0.000000 0.000000 173.000000 59.000000
1.1300 109.3000 45.4900 103.000000 1.000000 173.000000 60.000000
1.1400 109.3000 45.4900 149.000000 0.000000 173.000000 60.000000
1.1500 109.3000 45.4900 172.000000 0.000000 175.000000 60.000000
1.1600 109.6100 45.7900 259.000000 0.000000 175.000000 61.000000
1.1700 109.6900 45.8600 376.000000 0.000000 175.000000 61.000000
1.1800 109.6900 45.9100 439.000000 0.000000 176.000000 61.000000
1.1900 109.6900 45.9100 465.000000 0.000000 176.000000 61.000000
1.2000 109.6900 45.8500 471.000000 0.000000 176.000000 61.000000
1.2100 109.6100 45.7900 465.000000 0.000000 176.000000 61.000000
1.2200 109.6100 45.6000 467.000000 0.000000 175.000000 61.000000
1.2300 109.5500 45.3200 470.000000 0.000000 175.000000 61.000000
1.2400 109.5500 44.9200 472.000000 0.000000 175.000000 61.000000
1.2500 109.5500 44.4800 473.000000 0.000000 175.000000 61.000000
1.2600 109.5500 44.0500 467.000000 0.000000 176.000000 61.000000
1.2700 109.6700 43.6400 474.000000 0.000000 176.000000 61.000000
1.2800 109.7900 43.2900 466.000000 0.000000 176.000000 61.000000
1.2900 109.9500 43.0900 458.000000 0.000000 176.000000 61.000000
1.3000 110.1400 42.9800 417.000000 0.000000 177.000000 60.000000
1.3100 110.3800 42.9800 270.000000 0.000000 177.000000 60.000000
1.3200 110.3800 42.9800 0.000000 1.000000 175.000000 60.000000
1.3300 111.0300 43.3900 0.000000 0.000000 175.000000 60.000000
1.3400 111.3700 43.8000 0.000000 0.000000 173.000000 60.000000
1.3500 111.6900 44.2100 0.000000 0.000000 173.000000 59.000000
1.3600 112.0000 44.6100 0.000000 0.000000 172.000000 59.000000
1.3700 112.4600 44.9400 0.000000 0.000000 172.000000 59.000000
1.3800 112.8500 45.2300 0.000000 0.000000 172.000000 59.000000
1.3900 113.1800 45.4500 0.000000 0.000000 172.000000 59.000000
1.4000 113.3700 45.6000 0.000000 0.000000 173.000000 59.000000
1.4100 113.3700 45.6000 345.000000 1.000000 173.000000 59.000000
1.4200 113.3700 45.6000 361.000000 0.000000 173.000000 60.000000
1.4300 113.0700 45.7800 325.000000 0.000000 173.000000 60.000000
1.4400 112.9300 45.8300 335.000000 0.000000 173.000000 60.000000
1.4500 112.8700 45.6600 389.000000 0.000000 173.000000 61.000000
1.4600 112.8700 45.4700 423.000000 0.000000 171.000000 61.000000
1.4700 112.7800 45.2500 455.000000 0.000000 171.000000 61.000000
1.4800 112.7100 44.9900 481.000000 0.000000 171.000000 62.000000
1.4900 112.7100 44.6300 488.000000 0.000000 169.000000 62.000000
1.5000 112.7100 44.2100 496.000000 0.000000 169.000000 62.000000
1.5100 112.8200 43.9000 502.000000 0.000000 169.000000 62.000000
1.5200 112.9100 43.6500 492.000000 0.000000 169.000000 61.000000
1.5300 113.0300 43.4500 469.000000 0.000000 169.000000 61.000000
1.5400 113.1900 43.2100 381.000000 0.000000 169.000000 61.000000
1.5500 113.3400 43.1100 183.000000 0.000000 169.000000 61.000000
1.5600 113.3400 43.1100 0.000000 1.000000 169.000000 61.000000
1.5700 113.6100 43.2100 0.000000 0.000000 171.000000 60.000000
1.5800 113.7500 43.4900 0.000000 0.000000 171.000000 60.000000
1.5900 113.8600 43.8800 0.000000 0.000000 171.000000 60.000000
1.6000 113.9600 44.3600 0.000000 0.000000 173.000000 60.000000
1.6100 114.2200 44.8200 0.000000 0.000000 173.000000 60.000000
1.6200 114.6700 45.2200 0.000000 0.000000 175.000000 60.000000
1.6300 115.2400 45.5300 0.000000 0.000000 175.000000 59.000000
1.6400 115.6900 45.6800 0.000000 0.000000 175.000000 59.000000
1.6500 115.9400 45.7300 0.000000 0.000000 177.000000 59.000000
1.6600 116.0600 45.7300 0.000000 0.000000 177.000000 59.000000
1.6700 116.0600 45.7300 541.000000 1.000000 177.000000 59.000000
1.6800 116.0600 45.7300 537.000000 0.000000 175.000000 59.000000
1.6900 116.0600 45.7300 538.000000 0.000000 175.000000 60.000000
1.7000 116.0600 45.7300 561.000000 0.000000 175.000000 60.000000
1.7100 116.0600 45.7300 617.000000 0.000000 173.000000 61.000000
1.7200 115.9400 45.4700 631.000000 0.000000 173.000000 62.000000
1.7300 116.0100 45.2100 645.000000 0.000000 171.000000 62.000000
1.7400 116.0100 44.7800 641.000000 0.000000 171.000000 62.000000
1.7500 116.0700 44.2600 636.000000 0.000000 171.000000 62.000000
1.7600 116.0700 43.8200 620.000000 0.000000 171.000000 62.000000
1.7700 116.0100 43.4800 445.000000 0.000000 171.000000 62.000000
