0.0000 97.5200 45.8200 5.000000 1.000000 180.000000 63.000000
0.0100 97.7700 46.1900 198.000000 1.000000 180.000000 63.000000
0.0200 97.5800 46.3200 218.000000 0.000000 180.000000 64.000000
0.0300 97.1100 46.4400 249.000000 0.000000 180.000000 64.000000
0.0400 96.4500 46.4400 317.000000 0.000000 180.000000 65.000000
0.0500 95.5000 46.4400 387.000000 0.000000 182.000000 65.000000
0.0600 94.4600 46.3100 422.000000 0.000000 182.000000 65.000000
0.0700 93.3700 45.9900 448.000000 0.000000 182.000000 65.000000
0.0800 92.7500 45.5700 458.000000 0.000000 184.000000 65.000000
0.0900 92.4400 45.0100 458.000000 0.000000 184.000000 65.000000
0.1000 92.3300 44.4500 463.000000 0.000000 184.000000 65.000000
0.1100 92.6500 43.9000 468.000000 0.000000 186.000000 65.000000
0.1200 93.5200 43.3600 463.000000 0.000000 186.000000 65.000000
0.1300 94.7500 43.0800 443.000000 0.000000 184.000000 65.000000
0.1400 96.3400 43.0800 427.000000 0.000000 184.000000 64.000000
0.1500 97.9900 43.1500 397.000000 0.000000 184.000000 64.000000
0.1600 99.6900 43.5000 353.000000 0.000000 184.000000 64.000000
0.1700 101.2600 43.9800 312.000000 0.000000 184.000000 64.000000
0.1800 102.2300 44.5400 284.000000 0.000000 184.000000 64.000000
0.1900 102.8100 45.1200 343.000000 0.000000 184.000000 64.000000
0.2000 102.7300 45.6600 389.000000 0.000000 184.000000 64.000000
0.2100 102.0400 46.1100 415.000000 0.000000 184.000000 65.000000
0.2200 100.9400 46.4900 456.000000 0.000000 184.000000 65.000000
0.2300 99.2000 46.6500 481.000000 0.000000 184.000000 65.000000
0.2400 97.4900 46.6500 516.000000 0.000000 184.000000 65.000000
0.2500 95.7900 46.4500 526.000000 0.000000 184.000000 65.000000
0.2600 94.6800 46.1100 513.000000 0.000000 184.000000 65.000000
0.2700 94.2500 45.6900 494.000000 0.000000 184.000000 65.000000
0.2800 94.2500 45.2700 475.000000 0.000000 186.000000 65.000000
0.2900 95.0100 44.9000 481.000000 0.000000 186.000000 65.000000
0.3000 96.3000 44.5600 428.000000 0.000000 186.000000 65.000000
0.3100 97.9700 44.4600 407.000000 0.000000 186.000000 65.000000
0.3200 99.9500 44.5800 381.000000 0.000000 184.000000 65.000000
0.3300 101.8800 44.8500 371.000000 0.000000 184.000000 65.000000
0.3400 103.4800 45.2600 371.000000 0.000000 184.000000 65.000000
0.3500 104.8800 45.6900 377.000000 0.000000 184.000000 65.000000
0.3600 105.4700 46.1400 418.000000 0.000000 184.000000 65.000000
0.3700 105.2800 46.6000 447.000000 0.000000 184.000000 65.000000
0.3800 104.5600 47.0500 466.000000 0.000000 184.000000 65.000000
0.3900 103.0600 47.5000 499.000000 0.000000 184.000000 65.000000
0.4000 100.7800 47.8700 496.000000 0.000000 184.000000 65.000000
0.4100 97.9900 48.0600 516.000000 0.000000 184.000000 65.000000
0.4200 95.1100 48.1400 537.000000 0.000000 184.000000 65.000000
0.4300 92.7500 48.0300 553.000000 0.000000 184.000000 65.000000
0.4400 90.7300 47.7700 548.000000 0.000000 184.000000 64.000000
0.4500 89.7900 47.4100 526.000000 0.000000 184.000000 64.000000
0.4600 89.7900 47.1000 512.000000 0.000000 184.000000 64.000000
0.4700 90.3500 46.8600 514.000000 0.000000 184.000000 64.000000
0.4800 91.6800 46.6700 494.000000 0.000000 184.000000 64.000000
0.4900 93.6000 46.6700 495.000000 0.000000 184.000000 65.000000
0.5000 95.9100 46.7300 464.000000 0.000000 184.000000 65.000000
0.5100 98.0400 46.9100 465.000000 0.000000 184.000000 66.000000
0.5200 100.1300 47.1300 465.000000 0.000000 184.000000 66.000000
0.5300 101.2000 47.3200 468.000000 0.000000 184.000000 66.000000
0.5400 101.5900 47.4900 510.000000 0.000000 184.000000 66.000000
0.5500 101.0900 47.4900 540.000000 0.000000 187.000000 66.000000
0.5600 99.6800 47.4900 569.000000 0.000000 187.000000 66.000000
0.5700 97.6500 47.1700 591.000000 0.000000 187.000000 66.000000
0.5800 94.8800 46.6900 600.000000 0.000000 184.000000 65.000000
0.5900 91.8600 45.9500 662.000000 0.000000 184.000000 65.000000
0.6000 88.6600 44.9700 696.000000 0.000000 182.000000 65.000000
0.6100 86.6400 43.8300 691.000000 0.000000 182.000000 65.000000
0.6200 85.9100 42.8000 666.000000 0.000000 180.000000 65.000000
0.6300 86.0500 41.9700 667.000000 0.000000 180.000000 65.000000
0.6400 87.3100 41.2700 669.000000 0.000000 178.000000 65.000000
0.6500 89.7200 40.8500 682.000000 0.000000 176.000000 65.000000
0.6600 92.9000 40.8500 678.000000 0.000000 176.000000 65.000000
0.6700 96.8200 41.1200 681.000000 0.000000 174.000000 65.000000
0.6800 100.8600 41.4500 663.000000 0.000000 174.000000 65.000000
0.6900 104.9800 41.7300 669.000000 0.000000 176.000000 65.000000
0.7000 108.4000 41.8300 638.000000 0.000000 176.000000 65.000000
0.7100 111.0400 41.8300 592.000000 0.000000 176.000000 65.000000
0.7200 113.1600 41.7300 554.000000 0.000000 178.000000 65.000000
0.7300 114.4100 41.6100 440.000000 0.000000 178.000000 65.000000
0.7400 115.1100 41.4700 151.000000 0.000000 180.000000 65.000000
0.7500 115.1100 41.4700 0.000000 1.000000 180.000000 65.000000
0.7600 115.0900 41.4100 0.000000 0.000000 180.000000 65.000000
0.7700 114.4700 41.4100 0.000000 0.000000 180.000000 65.000000
0.7800 113.6500 41.4100 0.000000 0.000000 180.000000 65.000000
0.7900 113.0300 41.4800 0.000000 0.000000 180.000000 65.000000
0.8000 112.4300 41.5700 0.000000 0.000000 180.000000 65.000000
0.8100 111.9100 41.6500 0.000000 0.000000 180.000000 65.000000
0.8200 111.4500 41.7500 0.000000 0.000000 178.000000 65.000000
0.8300 111.0700 41.8600 0.000000 0.000000 176.000000 65.000000
0.8400 110.7100 41.9600 0.000000 0.000000 174.000000 64.000000
0.8500 110.3600 42.0600 0.000000 0.000000 172.000000 64.000000
0.8600 109.9300 42.1300 0.000000 0.000000 172.000000 64.000000
0.8700 109.4400 42.1800 0.000000 0.000000 174.000000 63.000000
0.8800 108.9100 42.1800 0.000000 0.000000 176.000000 63.000000
0.8900 108.3800 42.1800 0.000000 0.000000 178.000000 63.000000
0.9000 107.8400 42.1800 0.000000 0.000000 180.000000 62.000000
0.9100 107.2800 42.1800 0.000000 0.000000 180.000000 62.000000
0.9200 106.7700 42.1000 0.000000 0.000000 180.000000 62.000000
0.9300 106.2700 42.0300 0.000000 0.000000 182.000000 62.000000
0.9400 105.7700 41.9500 0.000000 0.000000 182.000000 62.000000
0.9500 105.3600 41.8900 0.000000 0.000000 180.000000 63.000000
0.9600 105.0100 41.7400 0.000000 0.000000 180.000000 63.000000
0.9700 104.7900 41.5800 0.000000 0.000000 178.000000 63.000000
0.9800 104.6500 41.3900 0.000000 0.000000 178.000000 63.000000
0.9900 104.5300 41.1700 0.000000 0.000000 176.000000 63.000000
1.0000 104.4200 41.0500 0.000000 0.000000 176.000000 64.000000
1.0100 104.3600 40.9800 0.000000 0.000000 176.000000 64.000000
1.0200 104.3600 40.9800 0.000000 0.000000 176.000000 64.000000
1.0300 104.4600 41.0400 0.000000 0.000000 176.000000 64.000000
1.0400 104.6800 41.1700 0.000000 0.000000 176.000000 64.000000
1.0500 104.9700 41.3400 0.000000 0.000000 176.000000 64.000000
1.0600 105.2900 41.6200 0.000000 0.000000 176.000000 64.000000
1.0700 105.6500 41.9700 0.000000 0.000000 176.000000 64.000000
1.0800 106.0300 42.4900 0.000000 0.000000 176.000000 64.000000
1.0900 106.3300 42.9300 0.000000 0.000000 176.000000 64.000000
1.1000 106.3300 42.9300 391.000000 1.000000 176.000000 64.000000
1.1100 106.6900 43.8900 472.000000 0.000000 176.000000 63.000000
1.1200 106.6900 44.0500 477.000000 0.000000 176.000000 63.000000
1.1300 106.5600 43.9200 535.000000 0.000000 176.000000 63.000000
1.1400 106.4400 43.5300 581.000000 0.000000 176.000000 63.000000
1.1500 106.2100 42.8700 588.000000 0.000000 176.000000 63.000000
1.1600 106.0400 42.0200 559.000000 0.000000 176.000000 63.000000
1.1700 106.0400 41.3100 460.000000 0.000000 176.000000 63.000000
1.1800 106.1200 40.7500 247.000000 0.000000 178.000000 64.000000
1.1900 106.1200 40.7500 0.000000 1.000000 178.000000 64.000000
1.2000 106.7600 40.1300 0.000000 0.000000 178.000000 64.000000
1.2100 107.2900 40.2300 0.000000 0.000000 178.000000 64.000000
1.2200 107.7900 40.5200 0.000000 0.000000 178.000000 65.000000
1.2300 108.2900 40.8700 0.000000 0.000000 178.000000 65.000000
1.2400 108.7800 41.3400 0.000000 0.000000 178.000000 65.000000
1.2500 109.2100 41.8800 0.000000 0.000000 180.000000 65.000000
1.2600 109.2100 41.8800 353.000000 1.000000 180.000000 65.000000
1.2700 109.6100 42.9200 362.000000 0.000000 180.000000 65.000000
1.2800 109.4700 42.9200 455.000000 0.000000 180.000000 65.000000
1.2900 109.2700 42.7500 504.000000 0.000000 180.000000 65.000000
1.3000 108.9700 42.3100 517.000000 0.000000 180.000000 64.000000
1.3100 108.7000 41.7300 489.000000 0.000000 182.000000 64.000000
1.3200 108.4600 41.0500 379.000000 0.000000 182.000000 64.000000
1.3300 108.4600 40.5300 216.000000 0.000000 180.000000 64.000000
1.3400 108.4600 40.5300 0.000000 1.000000 180.000000 65.000000
1.3500 109.2000 40.0200 0.000000 0.000000 180.000000 65.000000
1.3600 109.8500 40.1800 0.000000 0.000000 180.000000 65.000000
1.3700 110.4300 40.4900 0.000000 0.000000 178.000000 65.000000
1.3800 110.9600 40.9000 0.000000 0.000000 178.000000 65.000000
1.3900 111.3700 41.3700 0.000000 0.000000 176.000000 65.000000
1.4000 111.3700 41.3700 435.000000 1.000000 176.000000 65.000000
1.4100 111.7100 41.9500 518.000000 0.000000 174.000000 65.000000
1.4200 111.6100 41.9500 620.000000 0.000000 174.000000 65.000000
1.4300 111.4700 41.6400 697.000000 0.000000 174.000000 65.000000
1.4400 111.2900 41.1300 708.000000 0.000000 171.000000 65.000000
1.4500 111.1600 40.4700 658.000000 0.000000 172.000000 64.000000
1.4600 111.3000 39.7500 417.000000 0.000000 172.000000 64.000000
