0.0000 63.8400 64.9100 143.000000 1.000000 166.000000 51.000000
0.0100 63.9100 65.2300 222.000000 0.000000 166.000000 51.000000
0.0200 63.9100 65.4400 289.000000 0.000000 166.000000 52.000000
0.0300 63.8400 65.6400 354.000000 0.000000 167.000000 52.000000
0.0400 63.7100 65.8400 458.000000 0.000000 167.000000 52.000000
0.0500 63.5300 66.0000 524.000000 0.000000 166.000000 53.000000
0.0600 63.2700 66.0800 537.000000 0.000000 166.000000 53.000000
0.0700 62.8300 66.0800 539.000000 0.000000 166.000000 53.000000
0.0800 62.2800 66.0000 545.000000 0.000000 166.000000 53.000000
0.0900 61.5100 65.8300 545.000000 0.000000 166.000000 53.000000
0.1000 60.7400 65.5700 542.000000 0.000000 166.000000 53.000000
0.1100 59.9700 65.2000 536.000000 0.000000 166.000000 53.000000
0.1200 59.4800 64.7500 540.000000 0.000000 165.000000 53.000000
0.1300 59.2200 64.1200 529.000000 0.000000 165.000000 53.000000
0.1400 59.1200 63.4500 521.000000 0.000000 164.000000 52.000000
0.1500 59.2300 62.7800 515.000000 0.000000 164.000000 52.000000
0.1600 59.5600 62.1400 519.000000 0.000000 164.000000 52.000000
0.1700 60.0400 61.5700 501.000000 0.000000 164.000000 51.000000
0.1800 60.6700 61.1900 489.000000 0.000000 164.000000 51.000000
0.1900 61.3500 60.9300 472.000000 0.000000 164.000000 51.000000
0.2000 62.1400 60.8700 456.000000 0.000000 164.000000 51.000000
0.2100 63.0600 61.0400 440.000000 0.000000 165.000000 51.000000
0.2200 64.0700 61.3600 423.000000 0.000000 165.000000 51.000000
0.2300 64.9400 61.8000 399.000000 0.000000 166.000000 51.000000
0.2400 65.6800 62.4500 391.000000 0.000000 166.000000 51.000000
0.2500 66.3400 63.2300 410.000000 0.000000 167.000000 51.000000
0.2600 66.7700 63.9400 444.000000 0.000000 169.000000 51.000000
0.2700 66.8700 64.6400 473.000000 0.000000 169.000000 51.000000
0.2800 66.7600 65.1900 499.000000 0.000000 170.000000 52.000000
0.2900 66.2800 65.6500 509.000000 0.000000 169.000000 53.000000
0.3000 65.4300 66.0200 509.000000 0.000000 169.000000 53.000000
0.3100 64.3300 66.3500 507.000000 0.000000 169.000000 53.000000
0.3200 62.6600 66.4900 499.000000 0.000000 169.000000 53.000000
0.3300 60.8700 66.4900 488.000000 0.000000 169.000000 53.000000
0.3400 59.0000 66.4100 486.000000 0.000000 169.000000 53.000000
0.3500 57.4200 66.1200 493.000000 0.000000 168.000000 53.000000
0.3600 56.6800 65.7000 473.000000 0.000000 166.000000 53.000000
0.3700 56.5000 65.1600 474.000000 0.000000 166.000000 53.000000
0.3800 56.6900 64.4100 469.000000 0.000000 166.000000 53.000000
0.3900 56.9400 63.5100 474.000000 0.000000 165.000000 53.000000
0.4000 57.2900 62.7200 470.000000 0.000000 165.000000 53.000000
0.4100 57.6900 62.0600 477.000000 0.000000 167.000000 52.000000
0.4200 58.3400 61.4800 481.000000 0.000000 167.000000 52.000000
0.4300 59.1400 60.9400 468.000000 0.000000 167.000000 52.000000
0.4400 60.2700 60.6800 450.000000 0.000000 167.000000 51.000000
0.4500 61.4400 60.6200 443.000000 0.000000 167.000000 51.000000
0.4600 62.6900 60.7000 423.000000 0.000000 167.000000 51.000000
0.4700 63.9700 61.0200 391.000000 0.000000 167.000000 51.000000
0.4800 65.2000 61.5100 282.000000 0.000000 167.000000 51.000000
0.4900 66.2700 62.1900 275.000000 0.000000 169.000000 51.000000
0.5000 67.2600 62.8600 289.000000 0.000000 169.000000 51.000000
0.5100 67.9400 63.5200 312.000000 0.000000 170.000000 52.000000
0.5200 68.1700 64.0500 369.000000 0.000000 171.000000 52.000000
0.5300 68.1000 64.5500 422.000000 0.000000 172.000000 52.000000
0.5400 67.6700 64.9900 460.000000 0.000000 172.000000 52.000000
0.5500 66.8000 65.4000 495.000000 0.000000 172.000000 53.000000
0.5600 65.6400 65.8100 499.000000 0.000000 172.000000 53.000000
0.5700 64.0600 66.2100 505.000000 0.000000 172.000000 53.000000
0.5800 62.1500 66.4500 540.000000 0.000000 172.000000 54.000000
0.5900 60.0300 66.6300 529.000000 0.000000 172.000000 54.000000
0.6000 57.9300 66.7100 529.000000 0.000000 170.000000 54.000000
0.6100 55.8600 66.5700 522.000000 0.000000 170.000000 55.000000
0.6200 53.8500 66.2900 512.000000 0.000000 169.000000 54.000000
0.6300 51.8800 65.9100 519.000000 0.000000 167.000000 54.000000
0.6400 50.3200 65.4900 492.000000 0.000000 167.000000 54.000000
0.6500 49.0400 65.0000 498.000000 0.000000 166.000000 54.000000
0.6600 48.1700 64.5200 483.000000 0.000000 164.000000 54.000000
0.6700 47.6300 64.0600 468.000000 0.000000 163.000000 54.000000
0.6800 47.3000 63.7600 436.000000 0.000000 164.000000 53.000000
0.6900 47.3000 63.5700 431.000000 0.000000 164.000000 53.000000
0.7000 47.6500 63.4200 439.000000 0.000000 162.000000 53.000000
0.7100 48.1700 63.2600 473.000000 0.000000 163.000000 52.000000
0.7200 49.3600 63.2600 477.000000 0.000000 163.000000 52.000000
0.7300 51.3200 63.2600 491.000000 0.000000 164.000000 52.000000
0.7400 53.8000 63.3300 491.000000 0.000000 165.000000 51.000000
0.7500 56.5300 63.3300 499.000000 0.000000 166.000000 51.000000
0.7600 59.3100 63.3900 519.000000 0.000000 166.000000 51.000000
0.7700 62.1300 63.3900 526.000000 0.000000 167.000000 51.000000
0.7800 64.8800 63.3900 518.000000 0.000000 167.000000 51.000000
0.7900 67.5300 63.3300 522.000000 0.000000 169.000000 50.000000
0.8000 69.9200 63.3300 509.000000 0.000000 171.000000 51.000000
0.8100 72.1700 63.3300 494.000000 0.000000 173.000000 51.000000
0.8200 73.9200 63.3300 501.000000 0.000000 174.000000 51.000000
0.8300 75.0700 63.2600 501.000000 0.000000 175.000000 51.000000
0.8400 75.8100 63.2000 501.000000 0.000000 176.000000 51.000000
0.8500 76.2300 63.1200 504.000000 0.000000 178.000000 51.000000
0.8600 76.4000 63.0100 494.000000 0.000000 179.000000 51.000000
0.8700 76.4000 63.0100 422.000000 0.000000 179.000000 51.000000
0.8800 76.2200 63.0700 210.000000 0.000000 180.000000 51.000000
0.8900 76.2200 63.0700 0.000000 1.000000 180.000000 51.000000
0.9000 75.2200 63.1700 0.000000 0.000000 180.000000 51.000000
0.9100 74.5500 63.4000 0.000000 0.000000 180.000000 51.000000
0.9200 73.8900 63.7300 0.000000 0.000000 180.000000 51.000000
0.9300 73.2800 64.0800 0.000000 0.000000 180.000000 51.000000
0.9400 72.7500 64.3900 0.000000 0.000000 180.000000 51.000000
0.9500 72.4500 64.4900 0.000000 0.000000 180.000000 50.000000
0.9600 72.2900 64.4900 0.000000 0.000000 180.000000 50.000000
0.9700 72.1400 64.2700 0.000000 0.000000 180.000000 49.000000
0.9800 71.9500 64.0600 0.000000 0.000000 180.000000 49.000000
0.9900 71.7300 63.8300 0.000000 0.000000 179.000000 49.000000
1.0000 71.5700 63.5800 0.000000 0.000000 179.000000 48.000000
1.0100 71.4600 63.4800 0.000000 0.000000 179.000000 48.000000
1.0200 71.4600 63.4800 0.000000 0.000000 179.000000 49.000000
1.0300 71.4100 63.5700 0.000000 0.000000 178.000000 49.000000
1.0400 71.4100 63.6800 0.000000 0.000000 178.000000 49.000000
1.0500 71.4800 63.8300 0.000000 0.000000 178.000000 50.000000
1.0600 71.4800 63.9200 0.000000 0.000000 178.000000 50.000000
1.0700 71.4800 63.9900 0.000000 0.000000 178.000000 50.000000
1.0800 71.3800 63.9900 0.000000 0.000000 178.000000 51.000000
1.0900 71.3800 63.9900 148.000000 1.000000 178.000000 51.000000
1.1000 71.3800 63.9900 163.000000 0.000000 178.000000 51.000000
1.1100 71.0600 64.2600 213.000000 0.000000 178.000000 51.000000
1.1200 71.0600 64.3700 279.000000 0.000000 176.000000 51.000000
1.1300 70.9800 64.4700 333.000000 0.000000 175.000000 51.000000
1.1400 70.9800 64.5900 373.000000 0.000000 175.000000 52.000000
1.1500 70.9800 64.5900 371.000000 0.000000 174.000000 52.000000
1.1600 70.9800 64.6400 371.000000 0.000000 172.000000 52.000000
1.1700 70.9800 64.6400 381.000000 0.000000 172.000000 52.000000
1.1800 70.9300 64.5300 389.000000 0.000000 172.000000 52.000000
1.1900 70.9300 64.3400 394.000000 0.000000 171.000000 52.000000
1.2000 70.9300 64.0700 396.000000 0.000000 172.000000 52.000000
1.2100 70.9300 63.7800 399.000000 0.000000 172.000000 52.000000
1.2200 70.9300 63.4700 388.000000 0.000000 172.000000 52.000000
1.2300 70.9300 63.1400 391.000000 0.000000 172.000000 52.000000
1.2400 70.9300 62.8800 392.000000 0.000000 172.000000 52.000000
1.2500 70.9300 62.6600 394.000000 0.000000 172.000000 52.000000
1.2600 70.9300 62.5200 382.000000 0.000000 174.000000 52.000000
1.2700 70.9300 62.4100 333.000000 0.000000 174.000000 52.000000
1.2800 70.9800 62.3300 254.000000 0.000000 174.000000 52.000000
1.2900 71.0400 62.3300 1.000000 1.000000 174.000000 52.000000
1.3000 71.0400 62.3300 0.000000 0.000000 174.000000 52.000000
1.3100 71.6300 62.5900 0.000000 0.000000 174.000000 52.000000
1.3200 71.9700 62.9400 0.000000 0.000000 175.000000 52.000000
1.3300 72.3500 63.3000 0.000000 0.000000 175.000000 51.000000
1.3400 72.8100 63.6800 0.000000 0.000000 176.000000 51.000000
1.3500 73.2400 63.9000 0.000000 0.000000 176.000000 51.000000
1.3600 73.6300 64.0900 0.000000 0.000000 178.000000 50.000000
1.3700 73.7900 64.1900 0.000000 0.000000 178.000000 50.000000
1.3800 73.7900 64.1900 0.000000 0.000000 178.000000 50.000000
1.3900 73.7900 64.1900 302.000000 1.000000 178.000000 49.000000
1.4000 73.4600 64.5100 304.000000 0.000000 178.000000 50.000000
1.4100 73.3200 64.7200 325.000000 0.000000 176.000000 50.000000
1.4200 73.2600 64.8500 386.000000 0.000000 176.000000 50.000000
1.4300 73.2600 64.8500 431.000000 0.000000 176.000000 51.000000
1.4400 73.2600 64.8500 440.000000 0.000000 175.000000 52.000000
1.4500 73.2600 64.7500 441.000000 0.000000 175.000000 52.000000
1.4600 73.3600 64.4800 443.000000 0.000000 175.000000 52.000000
1.4700 73.4300 64.0800 440.000000 0.000000 175.000000 52.000000
1.4800 73.4800 63.7300 440.000000 0.000000 175.000000 52.000000
1.4900 73.5400 63.3800 439.000000 0.000000 175.000000 52.000000
1.5000 73.6100 63.1000 440.000000 0.000000 176.000000 52.000000
1.5100 73.6700 62.8700 446.000000 0.000000 176.000000 52.000000
1.5200 73.7200 62.6600 418.000000 0.000000 176.000000 52.000000
1.5300 73.7200 62.5400 354.000000 0.000000 176.000000 52.000000
1.5400 73.7800 62.4900 235.000000 0.000000 176.000000 52.000000
1.5500 73.7800 62.4900 75.000000 0.000000 176.000000 51.000000
1.5600 73.7800 62.4900 0.000000 1.000000 176.000000 51.000000
1.5700 73.9100 62.7100 0.000000 0.000000 178.000000 51.000000
1.5800 74.1600 63.0100 0.000000 0.000000 178.000000 51.000000
1.5900 74.4300 63.4300 0.000000 0.000000 178.000000 51.000000
1.6000 74.7500 63.9200 0.000000 0.000000 178.000000 51.000000
1.6100 75.1100 64.3700 0.000000 0.000000 178.000000 51.000000
1.6200 75.4800 64.6300 0.000000 0.000000 178.000000 51.000000
1.6300 75.7200 64.7700 0.000000 0.000000 178.000000 51.000000
1.6400 75.8800 64.7700 0.000000 0.000000 179.000000 51.000000
1.6500 75.8800 64.8200 0.000000 0.000000 179.000000 50.000000
1.6600 75.8800 64.8200 302.000000 1.000000 179.000000 51.000000
1.6700 75.8800 64.8200 369.000000 0.000000 179.000000 51.000000
1.6800 75.8800 64.8200 367.000000 0.000000 178.000000 51.000000
1.6900 75.8800 64.8200 413.000000 0.000000 177.000000 52.000000
1.7000 75.8800 64.8200 466.000000 0.000000 177.000000 52.000000
1.7100 75.8800 64.8200 519.000000 0.000000 177.000000 52.000000
1.7200 75.8200 64.3200 521.000000 0.000000 176.000000 52.000000
1.7300 75.8700 63.9400 521.000000 0.000000 176.000000 52.000000
1.7400 75.8700 63.5500 510.000000 0.000000 177.000000 52.000000
1.7500 75.8700 63.1800 396.000000 0.000000 177.000000 52.000000
1.7600 75.9300 62.8400 47.000000 0.000000 179.000000 52.000000
