0.0000 23.4000 67.6600 379.000000 1.000000 95.000000 68.000000
0.0100 23.4700 67.1800 387.000000 0.000000 95.000000 68.000000
0.0200 23.4700 67.0500 412.000000 0.000000 95.000000 68.000000
0.0300 23.7900 66.9500 453.000000 0.000000 92.000000 68.000000
0.0400 24.2400 67.0700 516.000000 0.000000 93.000000 69.000000
0.0500 24.8200 67.3400 572.000000 0.000000 90.000000 69.000000
0.0600 25.5400 67.7900 619.000000 0.000000 90.000000 69.000000
0.0700 26.3500 68.3600 656.000000 0.000000 90.000000 70.000000
0.0800 27.1200 69.0200 685.000000 0.000000 90.000000 70.000000
0.0900 27.7100 69.7000 691.000000 0.000000 93.000000 70.000000
0.1000 28.1900 70.3800 713.000000 0.000000 95.000000 70.000000
0.1100 28.2900 71.0500 721.000000 0.000000 96.000000 71.000000
0.1200 28.1100 71.6700 737.000000 0.000000 99.000000 71.000000
0.1300 27.7300 72.1500 761.000000 0.000000 101.000000 71.000000
0.1400 26.9300 72.5300 754.000000 0.000000 104.000000 70.000000
0.1500 25.7700 72.6500 761.000000 0.000000 107.000000 70.000000
0.1600 24.3800 72.7200 757.000000 0.000000 106.000000 69.000000
0.1700 22.8800 72.4000 768.000000 0.000000 106.000000 69.000000
0.1800 21.2500 71.8300 776.000000 0.000000 106.000000 69.000000
0.1900 19.5200 71.0200 817.000000 0.000000 106.000000 69.000000
0.2000 18.0200 69.9800 876.000000 0.000000 106.000000 69.000000
0.2100 16.8900 68.8000 914.000000 0.000000 104.000000 69.000000
0.2200 16.0100 67.4000 921.000000 0.000000 100.000000 69.000000
0.2300 15.5300 66.1100 935.000000 0.000000 98.000000 69.000000
0.2400 15.5300 64.8900 946.000000 0.000000 98.000000 69.000000
0.2500 15.9300 63.6000 947.000000 0.000000 95.000000 69.000000
0.2600 16.9300 62.6400 938.000000 0.000000 93.000000 69.000000
0.2700 18.4000 61.8900 950.000000 0.000000 90.000000 69.000000
0.2800 20.1900 61.5700 930.000000 0.000000 90.000000 69.000000
0.2900 22.4200 61.5700 894.000000 0.000000 90.000000 69.000000
0.3000 24.5600 61.9000 864.000000 0.000000 90.000000 69.000000
0.3100 26.6400 62.5200 824.000000 0.000000 90.000000 69.000000
0.3200 28.4100 63.4400 784.000000 0.000000 90.000000 69.000000
0.3300 29.8100 64.5700 760.000000 0.000000 90.000000 68.000000
0.3400 30.9500 65.7900 733.000000 0.000000 90.000000 68.000000
0.3500 31.5600 67.1000 719.000000 0.000000 92.000000 68.000000
0.3600 31.5600 68.4800 705.000000 0.000000 92.000000 67.000000
0.3700 31.1000 69.8500 714.000000 0.000000 92.000000 67.000000
0.3800 30.2000 70.8900 742.000000 0.000000 95.000000 67.000000
0.3900 28.8300 71.7100 750.000000 0.000000 97.000000 67.000000
0.4000 27.1400 72.2900 790.000000 0.000000 97.000000 68.000000
0.4100 25.0300 72.4800 808.000000 0.000000 100.000000 68.000000
0.4200 22.8100 72.4000 808.000000 0.000000 103.000000 69.000000
0.4300 20.5100 72.0200 836.000000 0.000000 103.000000 69.000000
0.4400 18.2000 71.4100 888.000000 0.000000 104.000000 69.000000
0.4500 16.2200 70.6600 923.000000 0.000000 104.000000 69.000000
0.4600 14.4600 69.7300 939.000000 0.000000 104.000000 69.000000
0.4700 13.3700 68.7600 941.000000 0.000000 101.000000 70.000000
0.4800 12.8700 67.6100 941.000000 0.000000 101.000000 70.000000
0.4900 12.7600 66.3500 929.000000 0.000000 98.000000 70.000000
0.5000 13.1800 65.1400 924.000000 0.000000 95.000000 70.000000
0.5100 14.2400 63.9300 911.000000 0.000000 93.000000 70.000000
0.5200 15.7300 63.0200 892.000000 0.000000 93.000000 70.000000
0.5300 17.9200 62.3200 890.000000 0.000000 90.000000 70.000000
0.5400 20.3800 62.0600 860.000000 0.000000 90.000000 69.000000
0.5500 23.0200 62.2000 845.000000 0.000000 90.000000 69.000000
0.5600 25.6000 62.6000 846.000000 0.000000 90.000000 69.000000
0.5700 27.9400 63.3000 817.000000 0.000000 90.000000 68.000000
0.5800 30.1300 64.2700 830.000000 0.000000 90.000000 68.000000
0.5900 31.9500 65.4200 830.000000 0.000000 90.000000 68.000000
0.6000 33.1500 66.5600 829.000000 0.000000 90.000000 67.000000
0.6100 33.9300 67.8700 826.000000 0.000000 90.000000 68.000000
0.6200 33.9300 69.3000 833.000000 0.000000 90.000000 68.000000
0.6300 33.4200 70.3500 819.000000 0.000000 92.000000 68.000000
0.6400 32.5000 71.3700 820.000000 0.000000 95.000000 68.000000
0.6500 30.6400 72.0500 815.000000 0.000000 95.000000 69.000000
0.6600 28.0200 72.5000 832.000000 0.000000 98.000000 69.000000
0.6700 24.9000 72.6100 896.000000 0.000000 101.000000 70.000000
0.6800 21.3900 72.3600 939.000000 0.000000 101.000000 70.000000
0.6900 17.8600 71.8600 978.000000 0.000000 101.000000 71.000000
0.7000 14.3200 71.1700 988.000000 0.000000 104.000000 70.000000
0.7100 11.5900 70.4300 988.000000 0.000000 101.000000 71.000000
0.7200 8.8900 69.4900 976.000000 0.000000 101.000000 71.000000
0.7300 7.0400 68.4300 962.000000 0.000000 98.000000 70.000000
0.7400 5.7300 67.3700 976.000000 0.000000 95.000000 70.000000
0.7500 5.2400 66.2600 979.000000 0.000000 95.000000 70.000000
0.7600 5.5000 65.1000 979.000000 0.000000 93.000000 70.000000
0.7700 6.2500 63.9400 1021.000000 0.000000 90.000000 69.000000
0.7800 7.9600 63.2900 1023.000000 0.000000 90.000000 69.000000
0.7900 10.5800 62.9600 1023.000000 0.000000 90.000000 69.000000
0.8000 13.8100 63.1100 1023.000000 0.000000 90.000000 69.000000
0.8100 17.8400 63.7200 1023.000000 0.000000 90.000000 69.000000
0.8200 22.3800 64.6400 1023.000000 0.000000 87.000000 69.000000
0.8300 27.2700 65.5600 1023.000000 0.000000 87.000000 70.000000
0.8400 31.3900 66.1600 1023.000000 0.000000 90.000000 70.000000
0.8500 34.9000 66.5600 1023.000000 0.000000 90.000000 70.000000
0.8600 38.0000 66.6200 1023.000000 0.000000 90.000000 70.000000
0.8700 39.9100 66.5600 1023.000000 0.000000 90.000000 70.000000
0.8800 41.5300 66.4100 1023.000000 0.000000 90.000000 70.000000
0.8900 42.9600 66.2400 863.000000 0.000000 90.000000 70.000000
0.9000 44.1100 66.2400 287.000000 0.000000 90.000000 70.000000
0.9100 44.1100 66.2400 0.000000 1.000000 90.000000 70.000000
0.9200 45.7000 66.3500 0.000000 0.000000 93.000000 69.000000
0.9300 45.6200 66.3000 0.000000 0.000000 93.000000 69.000000
0.9400 45.2300 66.1700 0.000000 0.000000 95.000000 69.000000
0.9500 44.6300 66.0200 0.000000 0.000000 95.000000 69.000000
0.9600 44.4500 65.8700 0.000000 0.000000 98.000000 69.000000
0.9700 43.8900 65.7200 0.000000 0.000000 103.000000 69.000000
0.9800 43.0800 65.5300 0.000000 0.000000 105.000000 68.000000
0.9900 42.5600 65.3300 0.000000 0.000000 107.000000 67.000000
1.0000 41.9700 65.1500 0.000000 0.000000 110.000000 66.000000
1.0100 41.3200 64.9400 0.000000 0.000000 111.000000 64.000000
1.0200 40.6800 64.7800 0.000000 0.000000 111.000000 61.000000
1.0300 40.1400 64.6600 0.000000 0.000000 112.000000 60.000000
1.0400 39.8300 64.4100 0.000000 0.000000 110.000000 58.000000
1.0500 39.6200 64.2800 0.000000 0.000000 109.000000 57.000000
1.0600 39.5500 64.2200 0.000000 0.000000 107.000000 55.000000
1.0700 39.3900 64.2700 0.000000 0.000000 106.000000 53.000000
1.0800 39.1600 64.3200 0.000000 0.000000 106.000000 52.000000
1.0900 38.9400 64.3700 0.000000 0.000000 104.000000 51.000000
1.1000 38.6500 64.4500 0.000000 0.000000 103.000000 50.000000
1.1100 38.3200 64.5400 0.000000 0.000000 103.000000 50.000000
1.1200 38.1400 64.6900 0.000000 0.000000 103.000000 49.000000
1.1300 37.9200 64.9400 0.000000 0.000000 103.000000 50.000000
1.1400 37.5900 65.2700 0.000000 0.000000 103.000000 50.000000
1.1500 37.2000 65.5000 0.000000 0.000000 103.000000 50.000000
1.1600 36.7500 65.6800 0.000000 0.000000 104.000000 51.000000
1.1700 36.3200 65.7500 0.000000 0.000000 105.000000 53.000000
1.1800 35.9300 65.8000 0.000000 0.000000 106.000000 55.000000
1.1900 35.6600 65.8500 0.000000 0.000000 108.000000 58.000000
1.2000 35.4600 65.9100 0.000000 0.000000 109.000000 60.000000
1.2100 35.2800 65.9800 0.000000 0.000000 109.000000 62.000000
1.2200 35.1100 65.9800 0.000000 0.000000 111.000000 64.000000
1.2300 34.9400 65.8800 0.000000 0.000000 113.000000 65.000000
1.2400 34.7800 65.7600 0.000000 0.000000 112.000000 67.000000
1.2500 34.6700 65.6200 0.000000 0.000000 114.000000 68.000000
1.2600 34.6000 65.4700 0.000000 0.000000 111.000000 69.000000
1.2700 34.5100 65.3000 0.000000 0.000000 110.000000 68.000000
1.2800 34.4000 65.1100 0.000000 0.000000 107.000000 67.000000
1.2900 34.3000 64.8700 0.000000 0.000000 104.000000 66.000000
1.3000 34.2500 64.5500 0.000000 0.000000 102.000000 67.000000
1.3100 34.2500 64.5500 538.000000 1.000000 102.000000 67.000000
1.3200 34.2500 63.9000 673.000000 0.000000 99.000000 66.000000
1.3300 34.1400 63.7900 733.000000 0.000000 99.000000 66.000000
1.3400 34.3000 63.7900 823.000000 0.000000 97.000000 66.000000
1.3500 34.4200 63.9000 864.000000 0.000000 97.000000 66.000000
1.3600 34.5200 64.0500 900.000000 0.000000 97.000000 67.000000
1.3700 34.8500 64.5500 903.000000 0.000000 97.000000 67.000000
1.3800 35.3100 65.2800 932.000000 0.000000 97.000000 67.000000
1.3900 35.8600 66.0000 950.000000 0.000000 97.000000 68.000000
1.4000 36.1300 66.7600 940.000000 0.000000 97.000000 68.000000
1.4100 36.3100 67.5400 943.000000 0.000000 98.000000 69.000000
1.4200 36.4400 67.8700 976.000000 0.000000 98.000000 69.000000
1.4300 36.4400 67.9200 986.000000 0.000000 98.000000 69.000000
1.4400 36.4400 67.7800 1012.000000 0.000000 98.000000 69.000000
1.4500 36.4900 67.1200 1023.000000 0.000000 98.000000 69.000000
1.4600 36.4900 66.3400 1023.000000 0.000000 98.000000 69.000000
1.4700 36.7600 65.4800 1023.000000 0.000000 98.000000 69.000000
1.4800 37.1600 65.1000 1023.000000 0.000000 98.000000 69.000000
1.4900 37.5400 64.7000 1023.000000 0.000000 98.000000 69.000000
1.5000 37.9400 64.6400 1023.000000 0.000000 97.000000 68.000000
1.5100 38.3600 64.8200 1023.000000 0.000000 95.000000 67.000000
1.5200 38.7600 65.2500 1023.000000 0.000000 94.000000 66.000000
1.5300 39.0300 65.7200 1023.000000 0.000000 94.000000 66.000000
1.5400 39.2300 66.2100 1023.000000 0.000000 94.000000 66.000000
1.5500 39.2300 66.7400 1023.000000 0.000000 94.000000 65.000000
1.5600 39.2300 67.2100 1023.000000 0.000000 94.000000 65.000000
1.5700 39.1700 67.3000 1023.000000 0.000000 94.000000 66.000000
1.5800 39.1200 67.1600 1023.000000 0.000000 97.000000 66.000000
1.5900 39.1700 66.6600 1023.000000 0.000000 97.000000 66.000000
1.6000 39.2900 66.1700 1023.000000 0.000000 97.000000 66.000000
1.6100 39.5000 65.7500 1023.000000 0.000000 97.000000 66.000000
1.6200 39.8300 65.6300 1023.000000 0.000000 97.000000 66.000000
1.6300 40.2400 65.6300 1023.000000 0.000000 97.000000 66.000000
1.6400 40.5800 65.7400 1023.000000 0.000000 97.000000 66.000000
1.6500 40.9600 66.0800 1023.000000 0.000000 96.000000 65.000000
1.6600 41.4100 66.5900 1023.000000 0.000000 96.000000 65.000000
1.6700 41.6500 67.0100 1023.000000 0.000000 96.000000 65.000000
1.6800 41.7500 67.1500 1023.000000 0.000000 96.000000 65.000000
1.6900 41.8000 67.1000 1023.000000 0.000000 96.000000 65.000000
1.7000 41.9600 66.9500 1023.000000 0.000000 96.000000 65.000000
1.7100 42.4200 66.5700 1023.000000 0.000000 97.000000 66.000000
1.7200 43.0500 66.0400 1023.000000 0.000000 97.000000 66.000000
1.7300 43.7600 65.9200 846.000000 0.000000 97.000000 66.000000
