0.0000 99.6900 64.4700 48.000000 1.000000 166.000000 56.000000
0.0100 99.6900 64.4700 100.000000 0.000000 166.000000 56.000000
0.0200 99.8800 64.8200 143.000000 0.000000 166.000000 56.000000
0.0300 99.7200 65.0200 222.000000 0.000000 166.000000 56.000000
0.0400 99.5500 65.1700 309.000000 0.000000 164.000000 57.000000
0.0500 99.2800 65.3100 391.000000 0.000000 164.000000 57.000000
0.0600 98.9400 65.4100 442.000000 0.000000 164.000000 57.000000
0.0700 98.4100 65.4100 518.000000 0.000000 164.000000 57.000000
0.0800 97.7800 65.3000 551.000000 0.000000 164.000000 57.000000
0.0900 97.0700 65.0900 559.000000 0.000000 164.000000 57.000000
0.1000 96.4300 64.7800 569.000000 0.000000 164.000000 57.000000
0.1100 95.9300 64.4000 572.000000 0.000000 164.000000 57.000000
0.1200 95.5300 63.8900 569.000000 0.000000 166.000000 57.000000
0.1300 95.3100 63.3000 560.000000 0.000000 166.000000 57.000000
0.1400 95.1400 62.6400 551.000000 0.000000 166.000000 57.000000
0.1500 95.0400 61.9600 543.000000 0.000000 166.000000 57.000000
0.1600 95.1900 61.2700 512.000000 0.000000 166.000000 56.000000
0.1700 95.5100 60.6800 488.000000 0.000000 166.000000 57.000000
0.1800 96.1300 60.1700 449.000000 0.000000 166.000000 57.000000
0.1900 96.9800 59.9200 415.000000 0.000000 166.000000 57.000000
0.2000 97.9900 59.9200 415.000000 0.000000 166.000000 57.000000
0.2100 99.1000 60.2000 415.000000 0.000000 165.000000 58.000000
0.2200 100.1000 60.5900 440.000000 0.000000 165.000000 58.000000
0.2300 101.0200 61.1500 465.000000 0.000000 165.000000 58.000000
0.2400 101.7100 61.8200 512.000000 0.000000 165.000000 58.000000
0.2500 102.1700 62.4800 556.000000 0.000000 164.000000 58.000000
0.2600 102.4800 63.1000 591.000000 0.000000 164.000000 58.000000
0.2700 102.3500 63.5300 588.000000 0.000000 164.000000 58.000000
0.2800 101.8700 63.8400 583.000000 0.000000 162.000000 58.000000
0.2900 101.1600 64.1500 563.000000 0.000000 163.000000 57.000000
0.3000 99.8700 64.4200 560.000000 0.000000 163.000000 57.000000
0.3100 98.0000 64.4200 567.000000 0.000000 163.000000 57.000000
0.3200 95.7500 64.2800 570.000000 0.000000 163.000000 57.000000
0.3300 93.4700 64.0800 578.000000 0.000000 163.000000 57.000000
0.3400 91.5500 63.7300 570.000000 0.000000 163.000000 57.000000
0.3500 90.8700 63.2900 550.000000 0.000000 161.000000 57.000000
0.3600 90.8700 62.6500 542.000000 0.000000 161.000000 57.000000
0.3700 91.4000 61.9300 543.000000 0.000000 161.000000 57.000000
0.3800 92.2100 61.1700 551.000000 0.000000 162.000000 56.000000
0.3900 93.2200 60.5800 554.000000 0.000000 162.000000 56.000000
0.4000 94.4200 60.1400 543.000000 0.000000 163.000000 57.000000
0.4100 95.6700 59.8000 537.000000 0.000000 163.000000 57.000000
0.4200 96.9600 59.7200 502.000000 0.000000 163.000000 57.000000
0.4300 98.2700 59.8000 474.000000 0.000000 164.000000 58.000000
0.4400 99.7000 60.0000 450.000000 0.000000 165.000000 58.000000
0.4500 100.9800 60.3600 444.000000 0.000000 165.000000 58.000000
0.4600 101.9300 60.7600 455.000000 0.000000 165.000000 59.000000
0.4700 102.7100 61.1900 507.000000 0.000000 165.000000 59.000000
0.4800 103.0900 61.5800 553.000000 0.000000 163.000000 59.000000
0.4900 103.0900 61.9500 578.000000 0.000000 163.000000 59.000000
0.5000 102.9500 62.3000 581.000000 0.000000 163.000000 59.000000
0.5100 102.4700 62.7000 595.000000 0.000000 163.000000 59.000000
0.5200 101.5400 63.1200 577.000000 0.000000 164.000000 58.000000
0.5300 100.3000 63.4300 570.000000 0.000000 165.000000 58.000000
0.5400 98.4000 63.6900 537.000000 0.000000 165.000000 58.000000
0.5500 96.0400 63.8400 542.000000 0.000000 165.000000 58.000000
0.5600 93.3800 63.9200 542.000000 0.000000 165.000000 58.000000
0.5700 90.6300 63.8000 556.000000 0.000000 165.000000 58.000000
0.5800 87.8600 63.5500 538.000000 0.000000 165.000000 58.000000
0.5900 85.8700 63.1500 542.000000 0.000000 166.000000 57.000000
0.6000 84.4000 62.7800 538.000000 0.000000 166.000000 57.000000
0.6100 84.0500 62.4400 512.000000 0.000000 166.000000 57.000000
0.6200 84.3600 62.1000 504.000000 0.000000 166.000000 57.000000
0.6300 85.1200 61.8500 507.000000 0.000000 166.000000 56.000000
0.6400 86.1300 61.6600 546.000000 0.000000 165.000000 56.000000
0.6500 87.5700 61.5400 578.000000 0.000000 165.000000 56.000000
0.6600 89.3000 61.4500 597.000000 0.000000 166.000000 56.000000
0.6700 91.6900 61.3700 622.000000 0.000000 166.000000 56.000000
0.6800 94.7100 61.2700 631.000000 0.000000 166.000000 56.000000
0.6900 98.1600 61.1500 645.000000 0.000000 168.000000 56.000000
0.7000 101.7100 61.0200 646.000000 0.000000 167.000000 57.000000
0.7100 105.1400 61.0200 656.000000 0.000000 169.000000 58.000000
0.7200 108.4800 61.0200 662.000000 0.000000 169.000000 58.000000
0.7300 111.5500 61.0700 671.000000 0.000000 169.000000 58.000000
0.7400 113.8900 61.0700 675.000000 0.000000 170.000000 59.000000
0.7500 115.7500 60.9200 676.000000 0.000000 170.000000 59.000000
0.7600 116.8000 60.9200 678.000000 0.000000 170.000000 59.000000
0.7700 117.3000 60.9200 656.000000 0.000000 170.000000 59.000000
0.7800 117.4400 60.9700 396.000000 0.000000 170.000000 59.000000
0.7900 117.4400 60.9700 0.000000 1.000000 170.000000 59.000000
0.8000 116.4500 61.3400 0.000000 0.000000 170.000000 59.000000
0.8100 115.1600 61.6700 0.000000 0.000000 172.000000 59.000000
0.8200 113.7500 62.1300 0.000000 0.000000 172.000000 59.000000
0.8300 112.5600 62.4100 0.000000 0.000000 172.000000 59.000000
0.8400 111.9100 62.5700 0.000000 0.000000 172.000000 59.000000
0.8500 111.5400 62.2000 0.000000 0.000000 170.000000 58.000000
0.8600 111.2000 62.2000 0.000000 0.000000 170.000000 58.000000
0.8700 110.8400 62.3900 0.000000 0.000000 169.000000 57.000000
0.8800 110.4400 62.1100 0.000000 0.000000 168.000000 56.000000
0.8900 110.0100 61.7800 0.000000 0.000000 166.000000 56.000000
0.9000 109.5300 61.3900 0.000000 0.000000 166.000000 56.000000
0.9100 109.0300 61.1300 0.000000 0.000000 166.000000 56.000000
0.9200 108.5100 60.9500 0.000000 0.000000 167.000000 57.000000
0.9300 108.3500 60.9500 0.000000 0.000000 168.000000 58.000000
0.9400 108.3500 60.9500 0.000000 0.000000 170.000000 60.000000
0.9500 108.5100 61.0600 0.000000 0.000000 171.000000 60.000000
0.9600 108.6400 61.2500 0.000000 0.000000 173.000000 61.000000
0.9700 108.7900 61.4200 0.000000 0.000000 175.000000 61.000000
0.9800 108.8500 61.5500 0.000000 0.000000 175.000000 61.000000
0.9900 108.8500 61.6200 0.000000 0.000000 175.000000 61.000000
1.0000 108.8500 61.6200 0.000000 0.000000 173.000000 61.000000
1.0100 108.8000 61.6200 0.000000 0.000000 173.000000 60.000000
1.0200 108.7400 61.6200 0.000000 0.000000 173.000000 60.000000
1.0300 108.8300 61.3000 0.000000 0.000000 171.000000 60.000000
1.0400 108.9600 61.3800 0.000000 0.000000 171.000000 60.000000
1.0500 109.1600 61.7600 0.000000 0.000000 171.000000 60.000000
1.0600 109.4100 61.9100 0.000000 0.000000 171.000000 60.000000
1.0700 109.4100 61.9100 48.000000 1.000000 170.000000 60.000000
1.0800 109.9600 62.1900 139.000000 0.000000 170.000000 60.000000
1.0900 110.1300 62.3200 265.000000 0.000000 168.000000 59.000000
1.1000 110.2200 62.4600 369.000000 0.000000 168.000000 59.000000
1.1100 110.3200 62.5500 447.000000 0.000000 168.000000 58.000000
1.1200 110.4100 62.6000 509.000000 0.000000 167.000000 58.000000
1.1300 110.4100 62.6000 519.000000 0.000000 167.000000 58.000000
1.1400 110.3400 62.6000 526.000000 0.000000 167.000000 57.000000
1.1500 110.3400 62.5200 524.000000 0.000000 166.000000 57.000000
1.1600 110.2700 62.3900 529.000000 0.000000 166.000000 57.000000
1.1700 110.1700 62.0800 529.000000 0.000000 166.000000 56.000000
1.1800 110.1000 61.7600 529.000000 0.000000 166.000000 56.000000
1.1900 110.0500 61.4000 532.000000 0.000000 166.000000 56.000000
1.2000 110.0500 61.0300 526.000000 0.000000 166.000000 56.000000
1.2100 110.1200 60.6800 516.000000 0.000000 164.000000 57.000000
1.2200 110.2300 60.4100 483.000000 0.000000 164.000000 57.000000
1.2300 110.4100 60.1900 394.000000 0.000000 164.000000 57.000000
1.2400 110.6200 60.0700 222.000000 0.000000 165.000000 58.000000
1.2500 110.6200 60.0700 0.000000 1.000000 165.000000 58.000000
1.2600 111.2000 60.1600 0.000000 0.000000 165.000000 58.000000
1.2700 111.4700 60.4100 0.000000 0.000000 165.000000 58.000000
1.2800 111.6700 60.7500 0.000000 0.000000 167.000000 58.000000
1.2900 111.9500 61.1400 0.000000 0.000000 167.000000 58.000000
1.3000 112.2700 61.5500 0.000000 0.000000 167.000000 58.000000
1.3100 112.6600 61.8100 0.000000 0.000000 168.000000 58.000000
1.3200 113.0200 61.9800 0.000000 0.000000 168.000000 58.000000
1.3300 113.0200 61.9800 304.000000 1.000000 170.000000 59.000000
1.3400 113.5100 62.0900 480.000000 0.000000 170.000000 59.000000
1.3500 113.5100 62.1900 490.000000 0.000000 170.000000 59.000000
1.3600 113.3100 62.2700 488.000000 0.000000 170.000000 59.000000
1.3700 113.3100 62.2700 515.000000 0.000000 169.000000 58.000000
1.3800 113.3100 62.2700 538.000000 0.000000 169.000000 58.000000
1.3900 113.3100 62.2700 541.000000 0.000000 169.000000 58.000000
1.4000 113.3100 62.2700 540.000000 0.000000 167.000000 57.000000
1.4100 113.3700 61.7000 529.000000 0.000000 167.000000 57.000000
1.4200 113.3200 61.2600 522.000000 0.000000 167.000000 57.000000
1.4300 113.3200 60.9400 519.000000 0.000000 165.000000 58.000000
1.4400 113.3200 60.6400 492.000000 0.000000 165.000000 58.000000
1.4500 113.3200 60.3600 440.000000 0.000000 165.000000 58.000000
1.4600 113.5100 60.1900 372.000000 0.000000 165.000000 58.000000
1.4700 113.6600 60.1900 311.000000 0.000000 165.000000 59.000000
1.4800 113.7900 60.1900 108.000000 0.000000 165.000000 59.000000
1.4900 113.7900 60.1900 0.000000 1.000000 165.000000 59.000000
1.5000 114.5400 60.6200 0.000000 0.000000 166.000000 59.000000
1.5100 115.0500 60.9100 0.000000 0.000000 166.000000 59.000000
1.5200 115.4600 61.3200 0.000000 0.000000 168.000000 59.000000
1.5300 115.8700 61.7000 0.000000 0.000000 170.000000 60.000000
1.5400 116.2300 62.0700 0.000000 0.000000 170.000000 60.000000
1.5500 116.5500 62.2100 0.000000 0.000000 171.000000 60.000000
1.5600 116.5500 62.2100 363.000000 1.000000 173.000000 60.000000
1.5700 116.6300 61.9400 440.000000 0.000000 173.000000 59.000000
1.5800 116.5400 61.9400 448.000000 0.000000 173.000000 59.000000
1.5900 116.2800 61.6800 444.000000 0.000000 173.000000 59.000000
1.6000 116.2800 61.2400 398.000000 0.000000 172.000000 59.000000
1.6100 116.3600 60.8100 119.000000 0.000000 172.000000 59.000000
