0.0000 14.1700 86.5600 8.000000 1.000000 160.000000 63.000000
0.0100 14.1700 86.5600 30.000000 1.000000 160.000000 63.000000
0.0200 14.1700 86.5600 42.000000 0.000000 160.000000 63.000000
0.0300 14.1700 86.5600 51.000000 0.000000 160.000000 63.000000
0.0400 14.1700 86.5600 68.000000 0.000000 160.000000 63.000000
0.0500 14.1700 86.5600 93.000000 0.000000 160.000000 63.000000
0.0600 14.1700 86.5600 173.000000 0.000000 160.000000 63.000000
0.0700 14.1700 86.5600 223.000000 0.000000 160.000000 63.000000
0.0800 14.1700 86.5600 259.000000 0.000000 160.000000 63.000000
0.0900 14.2900 86.8500 284.000000 0.000000 160.000000 63.000000
0.1000 14.2900 86.8500 314.000000 0.000000 160.000000 63.000000
0.1100 14.2900 86.8500 339.000000 0.000000 160.000000 63.000000
0.1200 14.2900 86.9100 392.000000 0.000000 159.000000 64.000000
0.1300 14.2900 86.9100 450.000000 0.000000 159.000000 64.000000
0.1400 14.2900 86.9100 513.000000 0.000000 159.000000 64.000000
0.1500 14.2900 86.9700 567.000000 0.000000 159.000000 64.000000
0.1600 14.2900 86.9700 600.000000 0.000000 159.000000 64.000000
0.1700 14.2900 86.9700 611.000000 0.000000 157.000000 63.000000
0.1800 14.2900 86.9700 646.000000 0.000000 157.000000 63.000000
0.1900 14.2900 86.3800 699.000000 0.000000 159.000000 64.000000
0.2000 14.2900 85.5000 746.000000 0.000000 159.000000 64.000000
0.2100 14.2300 83.9300 780.000000 0.000000 159.000000 64.000000
0.2200 14.0800 82.3400 809.000000 0.000000 159.000000 64.000000
0.2300 13.8600 81.0300 855.000000 0.000000 159.000000 64.000000
0.2400 13.7600 79.9200 900.000000 0.000000 159.000000 64.000000
0.2500 13.7000 79.2300 917.000000 0.000000 159.000000 64.000000
0.2600 13.7000 78.7500 942.000000 0.000000 159.000000 64.000000
0.2700 13.6100 78.4100 951.000000 0.000000 159.000000 64.000000
0.2800 13.6100 78.2900 944.000000 0.000000 157.000000 63.000000
0.2900 13.6100 78.2900 930.000000 0.000000 157.000000 63.000000
0.3000 13.6100 78.2900 881.000000 0.000000 157.000000 63.000000
0.3100 13.6100 78.2900 746.000000 0.000000 157.000000 63.000000
0.3200 13.5500 78.4800 242.000000 0.000000 157.000000 63.000000
0.3300 13.5500 78.4800 0.000000 1.000000 157.000000 63.000000
0.3400 13.2900 79.0400 0.000000 0.000000 155.000000 63.000000
0.3500 13.2100 79.4000 0.000000 0.000000 155.000000 63.000000
0.3600 13.2700 79.7800 0.000000 0.000000 154.000000 64.000000
0.3700 13.3800 80.1500 0.000000 0.000000 154.000000 64.000000
0.3800 13.5100 80.4900 0.000000 0.000000 153.000000 65.000000
0.3900 13.6300 80.7800 0.000000 0.000000 152.000000 65.000000
0.4000 13.6300 81.0400 0.000000 0.000000 154.000000 66.000000
0.4100 13.6300 81.2600 0.000000 0.000000 153.000000 67.000000
0.4200 13.4800 81.4600 0.000000 0.000000 153.000000 67.000000
0.4300 13.2800 81.6500 0.000000 0.000000 153.000000 67.000000
0.4400 13.0300 81.8400 0.000000 0.000000 153.000000 67.000000
0.4500 12.8700 82.0100 0.000000 0.000000 153.000000 67.000000
0.4600 12.7500 82.1800 0.000000 0.000000 154.000000 66.000000
0.4700 12.7500 82.3400 0.000000 0.000000 154.000000 66.000000
0.4800 12.6900 82.4800 0.000000 0.000000 154.000000 66.000000
0.4900 12.6900 82.6000 0.000000 0.000000 155.000000 65.000000
0.5000 12.6900 82.7300 0.000000 0.000000 153.000000 65.000000
0.5100 12.6900 82.8600 0.000000 0.000000 153.000000 65.000000
0.5200 12.8300 83.0200 0.000000 0.000000 154.000000 64.000000
0.5300 12.9700 83.1900 0.000000 0.000000 154.000000 64.000000
0.5400 13.1100 83.4100 0.000000 0.000000 157.000000 63.000000
0.5500 13.2700 83.6600 0.000000 0.000000 157.000000 63.000000
0.5600 13.4800 83.9400 0.000000 0.000000 158.000000 62.000000
0.5700 13.6800 84.2300 0.000000 0.000000 160.000000 63.000000
0.5800 13.8600 84.5800 0.000000 0.000000 161.000000 62.000000
0.5900 14.0300 84.9700 0.000000 0.000000 161.000000 62.000000
0.6000 14.2300 85.2400 0.000000 0.000000 163.000000 61.000000
0.6100 14.4800 85.4600 0.000000 0.000000 165.000000 61.000000
0.6200 14.8100 85.5900 0.000000 0.000000 168.000000 60.000000
0.6300 15.2400 85.8800 0.000000 0.000000 170.000000 60.000000
0.6400 15.7400 86.2900 0.000000 0.000000 171.000000 60.000000
0.6500 15.8900 86.7000 0.000000 0.000000 173.000000 59.000000
0.6600 15.8300 87.1000 0.000000 0.000000 175.000000 57.000000
0.6700 15.6400 87.5000 0.000000 0.000000 177.000000 56.000000
0.6800 15.4400 87.5800 0.000000 0.000000 177.000000 55.000000
0.6900 15.2800 87.3300 0.000000 0.000000 179.000000 54.000000
0.7000 15.1700 86.8600 0.000000 0.000000 179.000000 53.000000
0.7100 15.0700 86.6400 0.000000 0.000000 179.000000 52.000000
0.7200 15.1500 86.5700 0.000000 0.000000 179.000000 52.000000
0.7300 15.3300 86.5700 0.000000 0.000000 179.000000 51.000000
0.7400 15.4900 86.5700 0.000000 0.000000 179.000000 51.000000
0.7500 15.6500 86.4700 0.000000 0.000000 177.000000 52.000000
0.7600 15.8200 86.4000 0.000000 0.000000 177.000000 52.000000
0.7700 15.9700 86.3000 0.000000 0.000000 177.000000 52.000000
0.7800 15.9700 86.3000 0.000000 0.000000 177.000000 53.000000
0.7900 16.0700 86.0400 0.000000 0.000000 177.000000 53.000000
0.8000 15.8800 85.8800 0.000000 0.000000 177.000000 54.000000
0.8100 15.5100 85.6700 0.000000 0.000000 179.000000 54.000000
0.8200 15.1200 85.5400 0.000000 0.000000 179.000000 54.000000
0.8300 14.7200 85.4700 0.000000 0.000000 179.000000 55.000000
0.8400 14.3200 85.4700 0.000000 0.000000 179.000000 55.000000
0.8500 13.8400 85.4100 0.000000 0.000000 179.000000 56.000000
0.8600 13.3100 85.3500 0.000000 0.000000 177.000000 56.000000
0.8700 12.6400 85.2800 0.000000 0.000000 175.000000 57.000000
0.8800 11.9900 85.1800 0.000000 0.000000 174.000000 57.000000
0.8900 11.3400 85.1000 0.000000 0.000000 172.000000 58.000000
0.9000 11.1600 85.1000 0.000000 0.000000 170.000000 58.000000
0.9100 11.1000 84.9900 0.000000 0.000000 169.000000 58.000000
0.9200 11.1000 84.8000 0.000000 0.000000 167.000000 57.000000
0.9300 11.1600 84.5300 0.000000 0.000000 166.000000 57.000000
0.9400 11.1600 85.0400 0.000000 0.000000 166.000000 57.000000
0.9500 11.0300 85.1700 0.000000 0.000000 164.000000 57.000000
0.9600 10.8800 85.0400 0.000000 0.000000 164.000000 57.000000
0.9700 10.7800 85.0400 0.000000 0.000000 164.000000 57.000000
0.9800 10.7300 85.0900 0.000000 0.000000 164.000000 57.000000
0.9900 10.7300 85.0900 0.000000 0.000000 163.000000 57.000000
1.0000 10.8100 85.1900 0.000000 0.000000 163.000000 57.000000
1.0100 10.8800 85.2700 0.000000 0.000000 163.000000 57.000000
1.0200 10.9600 85.3700 0.000000 0.000000 163.000000 57.000000
1.0300 10.9600 85.4400 0.000000 0.000000 163.000000 57.000000
1.0400 10.9600 85.4400 0.000000 0.000000 162.000000 58.000000
1.0500 10.9600 85.4900 0.000000 0.000000 162.000000 58.000000
1.0600 10.9000 85.4900 0.000000 0.000000 162.000000 58.000000
1.0700 10.9000 85.4900 0.000000 0.000000 161.000000 59.000000
1.0800 10.9000 85.4900 29.000000 1.000000 161.000000 59.000000
1.0900 11.0400 85.6600 107.000000 0.000000 161.000000 59.000000
1.1000 11.1800 85.7700 200.000000 0.000000 161.000000 59.000000
1.1100 11.4700 85.9200 252.000000 0.000000 161.000000 59.000000
1.1200 11.7800 86.0900 330.000000 0.000000 161.000000 59.000000
1.1300 12.1500 86.2300 391.000000 0.000000 161.000000 60.000000
1.1400 12.5700 86.3500 440.000000 0.000000 161.000000 60.000000
1.1500 13.0600 86.4200 510.000000 0.000000 161.000000 60.000000
1.1600 13.6000 86.4700 564.000000 0.000000 162.000000 60.000000
1.1700 14.2000 86.4700 580.000000 0.000000 162.000000 60.000000
1.1800 14.8400 86.5600 595.000000 0.000000 165.000000 59.000000
1.1900 15.4400 86.7100 617.000000 0.000000 166.000000 59.000000
1.2000 16.0100 86.7800 613.000000 0.000000 166.000000 59.000000
1.2100 16.4800 86.8300 624.000000 0.000000 168.000000 59.000000
1.2200 16.8800 86.8300 628.000000 0.000000 170.000000 60.000000
1.2300 17.2200 86.8300 641.000000 0.000000 171.000000 60.000000
1.2400 17.5000 86.7200 641.000000 0.000000 171.000000 60.000000
1.2500 17.8000 86.5600 652.000000 0.000000 173.000000 60.000000
1.2600 18.1200 86.4000 662.000000 0.000000 173.000000 60.000000
1.2700 18.4300 86.2700 664.000000 0.000000 173.000000 60.000000
1.2800 18.6300 86.1300 670.000000 0.000000 173.000000 60.000000
1.2900 18.7500 86.0200 671.000000 0.000000 173.000000 59.000000
1.3000 18.8700 85.9000 671.000000 0.000000 173.000000 59.000000
1.3100 18.8700 85.7900 662.000000 0.000000 175.000000 59.000000
1.3200 18.8700 85.6900 669.000000 0.000000 175.000000 59.000000
1.3300 18.8700 85.4800 682.000000 0.000000 175.000000 59.000000
1.3400 18.7700 85.2500 684.000000 0.000000 175.000000 59.000000
1.3500 18.7200 84.9900 688.000000 0.000000 173.000000 59.000000
1.3600 18.6700 84.7400 694.000000 0.000000 174.000000 58.000000
1.3700 18.6100 84.5800 696.000000 0.000000 174.000000 58.000000
1.3800 18.6100 84.4800 696.000000 0.000000 174.000000 58.000000
1.3900 18.5600 84.3700 694.000000 0.000000 172.000000 58.000000
1.4000 18.5100 84.2700 697.000000 0.000000 172.000000 58.000000
1.4100 18.4500 84.1900 699.000000 0.000000 172.000000 58.000000
1.4200 18.3500 84.0200 700.000000 0.000000 170.000000 58.000000
1.4300 18.2100 83.8400 699.000000 0.000000 170.000000 58.000000
1.4400 18.0300 83.6400 702.000000 0.000000 170.000000 58.000000
1.4500 17.9000 83.4300 702.000000 0.000000 170.000000 58.000000
1.4600 17.8000 83.2800 702.000000 0.000000 170.000000 58.000000
1.4700 17.7300 83.1900 702.000000 0.000000 171.000000 57.000000
1.4800 17.6600 83.1000 690.000000 0.000000 169.000000 57.000000
1.4900 17.5800 83.0200 696.000000 0.000000 169.000000 57.000000
1.5000 17.5100 82.9400 691.000000 0.000000 169.000000 57.000000
1.5100 17.3800 82.8000 696.000000 0.000000 169.000000 57.000000
1.5200 17.2100 82.6500 703.000000 0.000000 169.000000 57.000000
1.5300 17.1100 82.5000 710.000000 0.000000 169.000000 57.000000
1.5400 17.0400 82.3900 716.000000 0.000000 169.000000 57.000000
1.5500 17.0400 82.3200 719.000000 0.000000 169.000000 57.000000
1.5600 16.9200 82.2700 722.000000 0.000000 169.000000 57.000000
1.5700 16.8100 82.2000 724.000000 0.000000 169.000000 57.000000
1.5800 16.5800 82.0800 724.000000 0.000000 167.000000 57.000000
1.5900 16.3900 81.9700 719.000000 0.000000 167.000000 57.000000
1.6000 16.2000 81.8600 721.000000 0.000000 169.000000 58.000000
1.6100 16.0000 81.7600 722.000000 0.000000 169.000000 58.000000
1.6200 15.8200 81.6500 725.000000 0.000000 169.000000 58.000000
1.6300 15.6500 81.5400 722.000000 0.000000 169.000000 58.000000
1.6400 15.5000 81.4600 722.000000 0.000000 170.000000 58.000000
1.6500 15.3200 81.4000 721.000000 0.000000 170.000000 58.000000
1.6600 15.0600 81.2700 714.000000 0.000000 170.000000 58.000000
1.6700 14.7800 81.1400 719.000000 0.000000 170.000000 59.000000
1.6800 14.6100 81.0100 719.000000 0.000000 170.000000 59.000000
1.6900 14.4000 80.9300 717.000000 0.000000 170.000000 59.000000
1.7000 14.1700 80.8300 721.000000 0.000000 170.000000 60.000000
1.7100 13.9100 80.7200 724.000000 0.000000 168.000000 59.000000
1.7200 13.5900 80.6200 725.000000 0.000000 168.000000 59.000000
1.7300 13.2300 80.5200 725.000000 0.000000 166.000000 59.000000
1.7400 12.8400 80.3900 724.000000 0.000000 165.000000 59.000000
1.7500 12.4400 80.2700 717.000000 0.000000 163.000000 59.000000
1.7600 12.0600 80.1500 717.000000 0.000000 161.000000 59.000000
1.7700 11.7300 80.1500 716.000000 0.000000 160.000000 58.000000
1.7800 11.4000 80.1500 714.000000 0.000000 157.000000 59.000000
1.7900 11.0600 80.1500 705.000000 0.000000 157.000000 59.000000
1.8000 10.8000 80.2000 696.000000 0.000000 156.000000 59.000000
1.8100 10.5100 80.2000 682.000000 0.000000 154.000000 58.000000
1.8200 10.1800 80.2000 676.000000 0.000000 154.000000 58.000000
1.8300 9.8300 80.2000 666.000000 0.000000 153.000000 58.000000
1.8400 9.5700 80.2000 663.000000 0.000000 153.000000 58.000000
1.8500 9.3100 80.3000 673.000000 0.000000 153.000000 58.000000
1.8600 9.0900 80.3500 669.000000 0.000000 151.000000 58.000000
1.8700 9.0200 80.3500 675.000000 0.000000 151.000000 58.000000
1.8800 9.0200 80.3500 675.000000 0.000000 151.000000 58.000000
1.8900 9.0800 80.5000 673.000000 0.000000 151.000000 58.000000
1.9000 9.2600 80.6700 678.000000 0.000000 151.000000 58.000000
1.9100 9.5200 80.8800 681.000000 0.000000 151.000000 58.000000
1.9200 9.8900 81.1000 691.000000 0.000000 151.000000 58.000000
1.9300 10.2800 81.3200 699.000000 0.000000 151.000000 58.000000
1.9400 10.7200 81.4500 708.000000 0.000000 153.000000 58.000000
1.9500 11.1800 81.5900 725.000000 0.000000 153.000000 58.000000
1.9600 11.7400 81.7400 720.000000 0.000000 154.000000 57.000000
1.9700 12.2700 81.8600 733.000000 0.000000 155.000000 58.000000
1.9800 12.7700 82.0000 722.000000 0.000000 155.000000 58.000000
1.9900 13.3000 82.1500 722.000000 0.000000 157.000000 58.000000
2.0000 13.8100 82.2800 725.000000 0.000000 159.000000 57.000000
2.0100 14.3100 82.4200 730.000000 0.000000 161.000000 57.000000
2.0200 14.7700 82.5400 737.000000 0.000000 162.000000 58.000000
2.0300 15.2000 82.6300 743.000000 0.000000 164.000000 58.000000
2.0400 15.6200 82.7000 755.000000 0.000000 165.000000 58.000000
2.0500 16.0700 82.7600 756.000000 0.000000 167.000000 58.000000
2.0600 16.5400 82.8200 760.000000 0.000000 169.000000 58.000000
2.0700 17.0600 82.8700 771.000000 0.000000 169.000000 58.000000
2.0800 17.6000 82.9800 777.000000 0.000000 170.000000 58.000000
2.0900 18.1800 83.1200 777.000000 0.000000 170.000000 58.000000
2.1000 18.7100 83.2300 776.000000 0.000000 170.000000 58.000000
2.1100 19.2200 83.3500 787.000000 0.000000 170.000000 58.000000
2.1200 19.6000 83.4600 793.000000 0.000000 171.000000 57.000000
2.1300 19.9800 83.5200 815.000000 0.000000 171.000000 57.000000
2.1400 20.3800 83.6300 827.000000 0.000000 171.000000 57.000000
2.1500 20.8200 83.7700 818.000000 0.000000 171.000000 56.000000
2.1600 21.2800 83.9000 827.000000 0.000000 173.000000 56.000000
2.1700 21.7400 84.0200 827.000000 0.000000 173.000000 56.000000
2.1800 22.1500 84.1400 828.000000 0.000000 173.000000 56.000000
2.1900 22.5600 84.2700 836.000000 0.000000 174.000000 56.000000
2.2000 22.9600 84.3900 836.000000 0.000000 174.000000 56.000000
2.2100 23.4000 84.5100 834.000000 0.000000 174.000000 56.000000
2.2200 23.7000 84.5800 842.000000 0.000000 176.000000 56.000000
2.2300 23.9000 84.6400 846.000000 0.000000 176.000000 56.000000
2.2400 24.1600 84.6900 855.000000 0.000000 176.000000 56.000000
2.2500 24.4600 84.8000 855.000000 0.000000 177.000000 56.000000
2.2600 24.8500 84.9500 860.000000 0.000000 177.000000 56.000000
2.2700 25.2500 85.1400 855.000000 0.000000 179.000000 56.000000
2.2800 25.6500 85.3200 854.000000 0.000000 179.000000 56.000000
2.2900 26.0600 85.4600 855.000000 0.000000 179.000000 56.000000
2.3000 26.4700 85.5300 851.000000 0.000000 180.000000 56.000000
2.3100 26.8800 85.5900 852.000000 0.000000 180.000000 57.000000
2.3200 27.2500 85.6700 855.000000 0.000000 180.000000 57.000000
2.3300 27.6000 85.6700 857.000000 0.000000 180.000000 57.000000
2.3400 27.9400 85.8100 854.000000 0.000000 180.000000 57.000000
2.3500 28.3300 85.9400 860.000000 0.000000 178.000000 57.000000
2.3600 28.7200 86.0900 857.000000 0.000000 178.000000 57.000000
2.3700 29.1200 86.2300 852.000000 0.000000 177.000000 57.000000
2.3800 29.5000 86.3300 854.000000 0.000000 177.000000 57.000000
2.3900 29.7700 86.4000 855.000000 0.000000 177.000000 57.000000
2.4000 29.9500 86.4000 858.000000 0.000000 175.000000 57.000000
2.4100 30.2100 86.4600 863.000000 0.000000 177.000000 57.000000
2.4200 30.4500 86.4600 866.000000 0.000000 177.000000 57.000000
2.4300 30.6700 86.5300 854.000000 0.000000 177.000000 57.000000
2.4400 31.0200 86.6000 853.000000 0.000000 178.000000 57.000000
2.4500 31.3900 86.7000 863.000000 0.000000 178.000000 57.000000
2.4600 31.7900 86.8400 857.000000 0.000000 178.000000 57.000000
2.4700 32.1900 86.9600 855.000000 0.000000 180.000000 57.000000
2.4800 32.5600 87.0500 857.000000 0.000000 180.000000 57.000000
2.4900 32.9300 87.1200 855.000000 0.000000 180.000000 57.000000
2.5000 33.2900 87.2000 860.000000 0.000000 180.000000 57.000000
2.5100 33.7400 87.2900 863.000000 0.000000 180.000000 58.000000
2.5200 34.2500 87.4000 863.000000 0.000000 180.000000 58.000000
2.5300 34.8100 87.5300 860.000000 0.000000 180.000000 58.000000
2.5400 35.4000 87.6900 851.000000 0.000000 182.000000 58.000000
2.5500 36.0200 87.8700 833.000000 0.000000 182.000000 58.000000
2.5600 36.6500 88.0300 833.000000 0.000000 183.000000 58.000000
2.5700 37.1400 88.1800 834.000000 0.000000 183.000000 58.000000
2.5800 37.6900 88.3000 839.000000 0.000000 185.000000 58.000000
2.5900 38.2900 88.4300 836.000000 0.000000 185.000000 57.000000
2.6000 38.9700 88.5700 836.000000 0.000000 185.000000 57.000000
2.6100 39.6200 88.7300 828.000000 0.000000 185.000000 57.000000
2.6200 40.1900 88.9500 818.000000 0.000000 184.000000 56.000000
2.6300 40.7200 89.1800 817.000000 0.000000 184.000000 56.000000
2.6400 41.2300 89.4200 826.000000 0.000000 184.000000 56.000000
2.6500 41.6900 89.5700 826.000000 0.000000 184.000000 55.000000
2.6600 41.9600 89.6800 827.000000 0.000000 184.000000 55.000000
2.6700 42.1100 89.7500 827.000000 0.000000 184.000000 55.000000
2.6800 42.1100 89.7500 827.000000 0.000000 185.000000 54.000000
2.6900 42.1800 89.7500 827.000000 0.000000 185.000000 54.000000
2.7000 42.1800 89.7500 817.000000 0.000000 185.000000 54.000000
2.7100 42.2400 89.7500 817.000000 0.000000 187.000000 54.000000
2.7200 42.3300 89.7500 832.000000 0.000000 187.000000 54.000000
2.7300 42.4400 89.7500 808.000000 0.000000 187.000000 53.000000
2.7400 42.5000 89.7500 731.000000 0.000000 187.000000 53.000000
2.7500 42.5000 89.8000 354.000000 0.000000 187.000000 53.000000
2.7600 42.5000 89.8000 0.000000 1.000000 187.000000 53.000000
2.7700 41.8900 90.0000 0.000000 0.000000 185.000000 53.000000
2.7800 41.2000 90.2800 0.000000 0.000000 185.000000 54.000000
2.7900 40.2300 90.8500 0.000000 0.000000 185.000000 54.000000
2.8000 39.0700 91.1400 0.000000 0.000000 185.000000 54.000000
2.8100 37.7800 91.2500 0.000000 0.000000 186.000000 55.000000
2.8200 36.1200 91.0700 0.000000 0.000000 186.000000 55.000000
2.8300 34.5800 90.7100 0.000000 0.000000 184.000000 55.000000
2.8400 33.1200 90.2300 0.000000 0.000000 184.000000 53.000000
2.8500 31.5900 89.8000 0.000000 0.000000 181.000000 51.000000
2.8600 29.7300 89.3300 0.000000 0.000000 180.000000 48.000000
2.8700 27.6500 88.8300 0.000000 0.000000 179.000000 45.000000
2.8800 25.5000 88.2000 0.000000 0.000000 178.000000 43.000000
2.8900 23.5700 87.6800 0.000000 0.000000 177.000000 41.000000
2.9000 22.5400 87.2300 0.000000 0.000000 177.000000 40.000000
2.9100 22.0400 86.5300 0.000000 0.000000 177.000000 40.000000
2.9200 21.9000 86.4300 0.000000 0.000000 176.000000 40.000000
2.9300 22.1200 86.7400 0.000000 0.000000 175.000000 42.000000
2.9400 22.5700 86.7400 0.000000 0.000000 176.000000 45.000000
2.9500 23.0000 86.8000 0.000000 0.000000 177.000000 48.000000
2.9600 23.4400 86.8700 0.000000 0.000000 176.000000 50.000000
2.9700 23.7900 86.9500 0.000000 0.000000 177.000000 52.000000
2.9800 24.0600 87.0100 0.000000 0.000000 177.000000 53.000000
2.9900 24.3500 87.0600 0.000000 0.000000 177.000000 53.000000
3.0000 24.6500 87.0600 0.000000 0.000000 179.000000 53.000000
3.0100 24.8500 87.0600 0.000000 0.000000 179.000000 53.000000
3.0200 24.9900 87.0600 0.000000 0.000000 180.000000 54.000000
3.0300 24.9200 86.9600 0.000000 0.000000 180.000000 54.000000
3.0400 24.7300 86.8700 0.000000 0.000000 180.000000 54.000000
3.0500 24.4600 86.7900 0.000000 0.000000 180.000000 54.000000
3.0600 24.2600 86.6900 0.000000 0.000000 180.000000 54.000000
3.0700 24.1100 86.5700 0.000000 0.000000 180.000000 55.000000
3.0800 23.9600 86.4200 0.000000 0.000000 180.000000 55.000000
3.0900 23.7900 86.2200 0.000000 0.000000 180.000000 55.000000
3.1000 23.5400 86.0300 0.000000 0.000000 179.000000 55.000000
3.1100 23.3000 85.8700 0.000000 0.000000 179.000000 55.000000
3.1200 23.0700 85.7500 0.000000 0.000000 177.000000 56.000000
3.1300 22.8700 85.7000 0.000000 0.000000 177.000000 56.000000
3.1400 22.8100 85.7000 0.000000 0.000000 176.000000 56.000000
3.1500 22.8100 85.4700 0.000000 0.000000 176.000000 56.000000
3.1600 22.8100 85.6500 0.000000 0.000000 176.000000 56.000000
3.1700 22.7100 85.7100 0.000000 0.000000 174.000000 56.000000
3.1800 22.5200 85.5500 0.000000 0.000000 174.000000 56.000000
3.1900 22.3300 85.5500 0.000000 0.000000 174.000000 57.000000
3.2000 22.1700 85.5500 0.000000 0.000000 174.000000 57.000000
3.2100 22.0500 85.5500 0.000000 0.000000 174.000000 57.000000
3.2200 21.9800 85.7000 0.000000 0.000000 174.000000 57.000000
3.2300 21.9200 85.8000 0.000000 0.000000 174.000000 57.000000
3.2400 21.8600 85.8900 0.000000 0.000000 174.000000 57.000000
3.2500 21.7200 85.8900 0.000000 0.000000 174.000000 57.000000
3.2600 21.5300 85.8900 0.000000 0.000000 174.000000 57.000000
3.2700 21.3900 85.8900 0.000000 0.000000 174.000000 57.000000
3.2800 21.3000 85.8200 0.000000 0.000000 174.000000 57.000000
3.2900 21.3000 85.8200 0.000000 0.000000 174.000000 57.000000
3.3000 21.3900 85.8900 0.000000 0.000000 174.000000 57.000000
3.3100 21.5500 85.9500 0.000000 0.000000 174.000000 57.000000
3.3200 21.5500 85.9500 0.000000 0.000000 174.000000 58.000000
3.3300 21.5500 85.9500 0.000000 0.000000 174.000000 58.000000
3.3400 21.5500 85.9500 0.000000 0.000000 175.000000 58.000000
3.3500 21.5500 85.9500 34.000000 1.000000 175.000000 58.000000
3.3600 21.7200 86.2700 182.000000 0.000000 175.000000 58.000000
3.3700 21.7200 86.3200 317.000000 0.000000 175.000000 58.000000
3.3800 21.7200 86.3700 458.000000 0.000000 175.000000 58.000000
3.3900 21.7200 86.4200 561.000000 0.000000 175.000000 59.000000
3.4000 21.7200 86.4200 620.000000 0.000000 175.000000 59.000000
3.4100 21.7200 86.4800 646.000000 0.000000 175.000000 59.000000
3.4200 21.6200 86.4800 661.000000 0.000000 175.000000 59.000000
3.4300 21.4100 86.4100 670.000000 0.000000 175.000000 59.000000
3.4400 21.1100 86.2000 676.000000 0.000000 175.000000 59.000000
3.4500 20.7400 85.9100 678.000000 0.000000 175.000000 59.000000
3.4600 20.4900 85.6500 664.000000 0.000000 175.000000 59.000000
3.4700 20.4400 85.4900 661.000000 0.000000 175.000000 59.000000
3.4800 20.5200 85.3900 653.000000 0.000000 175.000000 59.000000
3.4900 20.7900 85.3300 641.000000 0.000000 175.000000 59.000000
3.5000 21.1100 85.3300 594.000000 0.000000 173.000000 59.000000
3.5100 21.4600 85.4500 561.000000 0.000000 173.000000 59.000000
3.5200 21.7600 85.6300 551.000000 0.000000 173.000000 59.000000
3.5300 21.9300 85.8000 559.000000 0.000000 173.000000 59.000000
3.5400 22.0000 85.9300 578.000000 0.000000 173.000000 59.000000
3.5500 22.0000 86.0200 592.000000 0.000000 175.000000 59.000000
3.5600 21.9300 86.0200 611.000000 0.000000 175.000000 59.000000
3.5700 21.8600 86.0800 614.000000 0.000000 175.000000 59.000000
3.5800 21.8600 86.0800 620.000000 0.000000 175.000000 59.000000
3.5900 21.9200 86.0000 638.000000 0.000000 175.000000 59.000000
3.6000 22.0200 85.9000 644.000000 0.000000 175.000000 59.000000
3.6100 22.1200 85.7700 641.000000 0.000000 175.000000 59.000000
3.6200 22.3400 85.6400 639.000000 0.000000 175.000000 59.000000
3.6300 22.6500 85.5200 591.000000 0.000000 175.000000 59.000000
3.6400 22.8100 85.4700 468.000000 0.000000 175.000000 59.000000
3.6500 22.9600 85.4700 68.000000 0.000000 175.000000 59.000000
3.6600 22.9600 85.4700 0.000000 1.000000 175.000000 59.000000
3.6700 23.1700 85.7300 0.000000 0.000000 175.000000 58.000000
3.6800 23.2600 85.9600 0.000000 0.000000 174.000000 58.000000
3.6900 23.4100 86.1700 0.000000 0.000000 174.000000 58.000000
3.7000 23.6000 86.3900 0.000000 0.000000 174.000000 58.000000
3.7100 23.8400 86.6200 0.000000 0.000000 174.000000 58.000000
3.7200 24.0700 86.7300 0.000000 0.000000 174.000000 58.000000
3.7300 24.1800 86.8100 0.000000 0.000000 174.000000 57.000000
3.7400 24.2300 86.8100 0.000000 0.000000 175.000000 57.000000
3.7500 24.2300 86.8100 0.000000 0.000000 175.000000 57.000000
3.7600 24.2300 86.8100 0.000000 0.000000 175.000000 57.000000
3.7700 24.2300 86.8100 50.000000 1.000000 175.000000 58.000000
3.7800 24.2300 86.8100 264.000000 0.000000 175.000000 58.000000
3.7900 24.2300 86.8100 413.000000 0.000000 175.000000 58.000000
3.8000 24.2300 86.8100 465.000000 0.000000 173.000000 59.000000
3.8100 24.2300 86.8100 490.000000 0.000000 173.000000 59.000000
3.8200 24.2300 86.8100 491.000000 0.000000 173.000000 59.000000
3.8300 24.2300 86.4500 489.000000 0.000000 175.000000 59.000000
3.8400 24.2300 86.3000 486.000000 0.000000 175.000000 59.000000
3.8500 24.2300 86.1500 464.000000 0.000000 175.000000 59.000000
3.8600 24.3400 86.0900 468.000000 0.000000 175.000000 59.000000
3.8700 24.5100 86.0900 478.000000 0.000000 175.000000 59.000000
3.8800 24.7200 86.1800 493.000000 0.000000 175.000000 59.000000
3.8900 24.9600 86.3200 495.000000 0.000000 175.000000 59.000000
3.9000 25.1800 86.4900 499.000000 0.000000 177.000000 59.000000
3.9100 25.1800 86.4900 510.000000 0.000000 177.000000 59.000000
3.9200 25.3800 86.7500 520.000000 0.000000 177.000000 59.000000
3.9300 25.4500 86.8600 501.000000 0.000000 178.000000 59.000000
3.9400 25.4500 86.9300 414.000000 0.000000 178.000000 59.000000
3.9500 25.4500 86.9300 136.000000 0.000000 178.000000 59.000000
3.9600 25.4500 86.9300 0.000000 1.000000 178.000000 59.000000
3.9700 25.4500 87.0500 0.000000 0.000000 178.000000 59.000000
3.9800 25.7300 87.1600 0.000000 0.000000 178.000000 59.000000
3.9900 26.0600 87.3100 0.000000 0.000000 178.000000 59.000000
4.0000 26.4700 87.4400 0.000000 0.000000 178.000000 59.000000
4.0100 26.7900 87.5500 0.000000 0.000000 178.000000 59.000000
4.0200 27.0500 87.6300 0.000000 0.000000 178.000000 59.000000
4.0300 27.1400 87.6900 0.000000 0.000000 178.000000 58.000000
4.0400 27.1400 87.6900 0.000000 0.000000 178.000000 58.000000
4.0500 27.1400 87.6900 83.000000 1.000000 178.000000 58.000000
4.0600 27.1400 87.6900 314.000000 0.000000 177.000000 58.000000
4.0700 27.1400 87.6900 522.000000 0.000000 177.000000 58.000000
4.0800 27.0800 87.3900 630.000000 0.000000 177.000000 59.000000
4.0900 27.0800 87.1600 664.000000 0.000000 175.000000 59.000000
4.1000 27.0300 86.9400 697.000000 0.000000 175.000000 59.000000
4.1100 27.0300 86.7200 691.000000 0.000000 175.000000 59.000000
4.1200 26.9700 86.5700 661.000000 0.000000 177.000000 59.000000
4.1300 26.9700 86.4700 519.000000 0.000000 177.000000 59.000000
4.1400 26.9200 86.4000 165.000000 0.000000 178.000000 59.000000
4.1500 26.9200 86.4000 0.000000 1.000000 178.000000 59.000000
4.1600 26.9200 86.5600 0.000000 0.000000 180.000000 59.000000
4.1700 27.0000 86.7800 0.000000 0.000000 180.000000 59.000000
4.1800 27.1000 87.0400 0.000000 0.000000 180.000000 59.000000
4.1900 27.1800 87.4100 0.000000 0.000000 180.000000 59.000000
4.2000 27.3200 87.8500 0.000000 0.000000 180.000000 58.000000
4.2100 27.4500 88.2200 0.000000 0.000000 180.000000 58.000000
4.2200 27.4500 88.3800 0.000000 0.000000 178.000000 58.000000
4.2300 27.4500 88.3800 71.000000 1.000000 177.000000 58.000000
4.2400 27.1500 88.3800 397.000000 0.000000 177.000000 57.000000
4.2500 27.0600 88.3800 616.000000 0.000000 175.000000 57.000000
4.2600 27.0600 88.3800 644.000000 0.000000 175.000000 57.000000
4.2700 27.1200 88.3800 638.000000 0.000000 175.000000 57.000000
4.2800 27.1200 88.3200 481.000000 0.000000 175.000000 57.000000
4.2900 27.1200 88.3200 0.000000 1.000000 175.000000 57.000000
4.3000 27.3600 88.1300 0.000000 0.000000 175.000000 57.000000
4.3100 27.6000 88.1900 0.000000 0.000000 175.000000 57.000000
4.3200 28.0600 88.3700 0.000000 0.000000 175.000000 57.000000
4.3300 28.6500 88.4200 0.000000 0.000000 175.000000 57.000000
4.3400 29.1700 88.4700 0.000000 0.000000 175.000000 57.000000
4.3500 29.5500 88.5200 0.000000 0.000000 175.000000 57.000000
4.3600 29.8400 88.5200 0.000000 0.000000 175.000000 57.000000
4.3700 29.8900 88.4600 0.000000 0.000000 176.000000 56.000000
4.3800 29.8900 88.4100 0.000000 0.000000 176.000000 56.000000
4.3900 29.8900 88.4100 0.000000 0.000000 176.000000 56.000000
4.4000 29.8900 88.4100 284.000000 1.000000 177.000000 56.000000
4.4100 29.8900 88.4100 515.000000 0.000000 177.000000 56.000000
4.4200 29.8900 88.4100 622.000000 0.000000 177.000000 57.000000
4.4300 29.8900 88.4100 667.000000 0.000000 178.000000 57.000000
4.4400 29.8900 88.4100 707.000000 0.000000 178.000000 57.000000
4.4500 29.4300 88.3000 734.000000 0.000000 180.000000 57.000000
4.4600 29.1300 88.0000 742.000000 0.000000 180.000000 58.000000
4.4700 28.7900 87.7100 746.000000 0.000000 180.000000 58.000000
4.4800 28.6200 87.4100 739.000000 0.000000 180.000000 58.000000
4.4900 28.6200 87.1800 705.000000 0.000000 180.000000 58.000000
4.5000 28.6200 87.0000 673.000000 0.000000 180.000000 59.000000
4.5100 28.8100 87.0000 532.000000 0.000000 180.000000 59.000000
4.5200 29.1400 87.0600 207.000000 0.000000 182.000000 59.000000
4.5300 29.1400 87.0600 0.000000 1.000000 180.000000 59.000000
4.5400 29.8600 87.4600 0.000000 0.000000 180.000000 59.000000
4.5500 30.1000 87.7600 0.000000 0.000000 180.000000 59.000000
4.5600 30.3000 88.1100 0.000000 0.000000 180.000000 59.000000
4.5700 30.4600 88.5400 0.000000 0.000000 180.000000 59.000000
4.5800 30.5800 89.0900 0.000000 0.000000 180.000000 59.000000
4.5900 30.6700 89.7100 0.000000 0.000000 180.000000 58.000000
4.6000 30.7500 90.0100 0.000000 0.000000 178.000000 58.000000
4.6100 30.7500 90.0100 294.000000 1.000000 178.000000 57.000000
4.6200 30.7500 90.0100 467.000000 0.000000 178.000000 57.000000
4.6300 30.7500 90.0100 631.000000 0.000000 179.000000 56.000000
4.6400 30.7500 90.0100 737.000000 0.000000 179.000000 55.000000
4.6500 30.6400 89.4100 815.000000 0.000000 179.000000 55.000000
4.6600 30.4500 88.8900 839.000000 0.000000 180.000000 55.000000
4.6700 30.2800 88.3900 840.000000 0.000000 180.000000 55.000000
4.6800 30.1200 87.9000 787.000000 0.000000 180.000000 56.000000
4.6900 30.0400 87.4600 641.000000 0.000000 180.000000 56.000000
4.7000 30.0400 87.1700 148.000000 0.000000 180.000000 56.000000
4.7100 30.0400 87.1700 0.000000 1.000000 180.000000 57.000000
4.7200 30.0400 86.9900 0.000000 0.000000 180.000000 58.000000
4.7300 30.3100 87.1400 0.000000 0.000000 180.000000 58.000000
4.7400 30.6600 87.3900 0.000000 0.000000 180.000000 58.000000
4.7500 31.0600 87.6800 0.000000 0.000000 178.000000 58.000000
4.7600 31.4600 87.9700 0.000000 0.000000 178.000000 58.000000
4.7700 31.8400 88.1100 0.000000 0.000000 177.000000 57.000000
4.7800 31.9900 88.1100 0.000000 0.000000 177.000000 56.000000
4.7900 31.9900 88.0100 0.000000 0.000000 176.000000 56.000000
4.8000 31.9900 88.0100 377.000000 1.000000 176.000000 56.000000
4.8100 31.9400 87.6900 785.000000 0.000000 176.000000 56.000000
4.8200 31.9400 87.6100 1023.000000 0.000000 176.000000 56.000000
4.8300 31.9400 87.6100 1023.000000 0.000000 177.000000 57.000000
4.8400 31.9400 87.6100 1023.000000 0.000000 177.000000 57.000000
4.8500 31.9900 87.6100 1023.000000 0.000000 178.000000 58.000000
4.8600 31.9900 87.6100 1023.000000 0.000000 180.000000 59.000000
4.8700 31.9900 87.6100 1023.000000 0.000000 180.000000 59.000000
4.8800 31.9900 87.6100 780.000000 0.000000 180.000000 59.000000
4.8900 31.9900 87.6100 0.000000 1.000000 180.000000 59.000000
4.9000 31.6900 87.6100 0.000000 0.000000 180.000000 59.000000
4.9100 31.6900 87.7400 0.000000 0.000000 180.000000 59.000000
4.9200 31.7700 87.9500 0.000000 0.000000 180.000000 59.000000
4.9300 32.2000 88.1100 0.000000 0.000000 180.000000 58.000000
4.9400 32.8400 88.2800 0.000000 0.000000 180.000000 57.000000
4.9500 33.6300 88.4600 0.000000 0.000000 179.000000 56.000000
4.9600 34.1200 88.7100 0.000000 0.000000 179.000000 54.000000
4.9700 34.3600 88.8500 0.000000 0.000000 179.000000 52.000000
4.9800 34.4200 88.8500 0.000000 0.000000 179.000000 49.000000
4.9900 34.1700 88.9100 0.000000 0.000000 179.000000 47.000000
5.0000 33.8200 88.8600 0.000000 0.000000 179.000000 45.000000
5.0100 33.4100 88.7200 0.000000 0.000000 179.000000 45.000000
5.0200 33.0900 88.5400 0.000000 0.000000 179.000000 44.000000
5.0300 32.9400 88.3400 0.000000 0.000000 179.000000 45.000000
5.0400 32.8900 88.3400 0.000000 0.000000 179.000000 46.000000
5.0500 33.0700 88.3400 0.000000 0.000000 178.000000 47.000000
5.0600 33.2800 88.4500 0.000000 0.000000 178.000000 49.000000
5.0700 33.5300 88.5600 0.000000 0.000000 176.000000 51.000000
5.0800 33.7700 88.6900 0.000000 0.000000 176.000000 53.000000
5.0900 34.0100 88.7600 0.000000 0.000000 176.000000 55.000000
5.1000 34.2500 88.8400 0.000000 0.000000 176.000000 56.000000
5.1100 34.2500 88.8400 0.000000 0.000000 175.000000 57.000000
5.1200 34.6000 88.9600 0.000000 0.000000 177.000000 57.000000
5.1300 34.7200 89.0400 0.000000 0.000000 177.000000 58.000000
5.1400 34.8500 89.1500 0.000000 0.000000 177.000000 58.000000
5.1500 34.9800 89.3200 0.000000 0.000000 177.000000 58.000000
5.1600 35.1000 89.5400 0.000000 0.000000 178.000000 58.000000
5.1700 35.2700 89.8200 0.000000 0.000000 178.000000 58.000000
5.1800 35.4400 90.0400 0.000000 0.000000 178.000000 57.000000
5.1900 35.5900 90.2300 0.000000 0.000000 180.000000 57.000000
5.2000 35.6400 90.4300 0.000000 0.000000 180.000000 57.000000
5.2100 35.6400 90.5300 0.000000 0.000000 180.000000 57.000000
5.2200 35.6400 90.6400 0.000000 0.000000 180.000000 57.000000
5.2300 35.6400 90.6400 257.000000 1.000000 180.000000 56.000000
5.2400 35.6400 90.6400 423.000000 0.000000 180.000000 56.000000
5.2500 35.6400 91.0000 530.000000 0.000000 180.000000 55.000000
5.2600 35.7400 91.0600 581.000000 0.000000 181.000000 55.000000
5.2700 35.8700 90.9600 638.000000 0.000000 181.000000 54.000000
5.2800 35.9400 90.7500 714.000000 0.000000 183.000000 53.000000
5.2900 36.0000 90.2900 751.000000 0.000000 183.000000 53.000000
5.3000 36.0500 89.8000 791.000000 0.000000 184.000000 53.000000
5.3100 36.0500 89.2300 799.000000 0.000000 184.000000 53.000000
5.3200 36.1000 88.6900 814.000000 0.000000 184.000000 53.000000
5.3300 36.1500 88.1900 817.000000 0.000000 184.000000 53.000000
5.3400 36.2000 87.8000 817.000000 0.000000 185.000000 54.000000
5.3500 36.1100 87.5700 809.000000 0.000000 184.000000 55.000000
5.3600 35.9900 87.4400 823.000000 0.000000 184.000000 56.000000
5.3700 35.9900 87.4400 837.000000 0.000000 185.000000 57.000000
5.3800 35.7200 87.4400 855.000000 0.000000 183.000000 58.000000
5.3900 35.5500 87.5800 896.000000 0.000000 183.000000 58.000000
5.4000 35.3900 87.7000 933.000000 0.000000 183.000000 58.000000
5.4100 35.2600 87.8200 939.000000 0.000000 183.000000 58.000000
5.4200 35.1200 87.9300 935.000000 0.000000 183.000000 58.000000
5.4300 35.0300 88.0400 924.000000 0.000000 183.000000 58.000000
5.4400 34.9600 88.0400 908.000000 0.000000 183.000000 58.000000
5.4500 34.9600 88.1000 899.000000 0.000000 183.000000 58.000000
5.4600 34.9600 88.1000 852.000000 0.000000 183.000000 58.000000
5.4700 34.9600 88.1000 736.000000 0.000000 183.000000 57.000000
5.4800 34.8500 88.1000 367.000000 0.000000 182.000000 57.000000
5.4900 34.8500 88.1000 0.000000 1.000000 182.000000 57.000000
5.5000 34.8500 88.1000 0.000000 0.000000 182.000000 57.000000
5.5100 35.0800 88.2200 0.000000 0.000000 180.000000 57.000000
5.5200 35.2900 88.4200 0.000000 0.000000 180.000000 57.000000
5.5300 35.4700 88.6300 0.000000 0.000000 180.000000 57.000000
5.5400 35.6300 88.9400 0.000000 0.000000 180.000000 57.000000
5.5500 35.7200 89.3200 0.000000 0.000000 180.000000 57.000000
5.5600 35.7200 89.6100 0.000000 0.000000 180.000000 56.000000
5.5700 35.6500 89.8500 0.000000 0.000000 180.000000 56.000000
5.5800 35.5300 89.9800 0.000000 0.000000 180.000000 56.000000
5.5900 35.3900 89.9800 0.000000 0.000000 181.000000 55.000000
5.6000 35.2500 90.0800 0.000000 0.000000 181.000000 55.000000
5.6100 35.1200 90.1800 0.000000 0.000000 181.000000 55.000000
5.6200 35.0300 90.2500 0.000000 0.000000 181.000000 55.000000
5.6300 34.9600 90.3400 0.000000 0.000000 181.000000 56.000000
5.6400 34.9600 90.4500 0.000000 0.000000 180.000000 56.000000
5.6500 34.9600 90.5300 0.000000 0.000000 180.000000 56.000000
5.6600 34.9600 90.6100 0.000000 0.000000 180.000000 56.000000
5.6700 34.9600 90.6800 0.000000 0.000000 180.000000 56.000000
5.6800 35.0400 90.6800 0.000000 0.000000 180.000000 56.000000
5.6900 35.0400 90.6800 0.000000 0.000000 180.000000 56.000000
5.7000 35.0400 90.7400 0.000000 0.000000 180.000000 56.000000
5.7100 35.0400 90.7400 0.000000 0.000000 180.000000 55.000000
5.7200 34.9400 90.7400 0.000000 0.000000 180.000000 55.000000
5.7300 34.8500 90.7400 0.000000 0.000000 180.000000 55.000000
5.7400 34.8500 90.7400 0.000000 0.000000 180.000000 55.000000
5.7500 34.8500 90.7400 0.000000 0.000000 180.000000 55.000000
5.7600 34.8500 90.7400 0.000000 0.000000 180.000000 55.000000
5.7700 34.8500 90.7400 0.000000 0.000000 180.000000 55.000000
5.7800 34.8500 90.7400 0.000000 0.000000 180.000000 55.000000
5.7900 34.8700 91.0200 0.000000 0.000000 180.000000 55.000000
5.8000 34.8200 91.0200 0.000000 0.000000 180.000000 54.000000
5.8100 34.7500 90.9700 0.000000 0.000000 180.000000 54.000000
5.8200 34.6300 90.9700 0.000000 0.000000 180.000000 54.000000
5.8300 34.6300 90.9700 68.000000 1.000000 180.000000 54.000000
5.8400 34.6300 90.9700 284.000000 0.000000 180.000000 53.000000
5.8500 34.6300 90.9700 504.000000 0.000000 180.000000 53.000000
5.8600 34.6300 90.9700 669.000000 0.000000 180.000000 53.000000
5.8700 34.6300 90.9700 797.000000 0.000000 180.000000 52.000000
5.8800 35.1200 90.9100 846.000000 0.000000 180.000000 52.000000
5.8900 35.6600 90.9100 882.000000 0.000000 180.000000 52.000000
5.9000 36.2200 90.9100 891.000000 0.000000 181.000000 52.000000
5.9100 36.7400 90.9900 896.000000 0.000000 182.000000 51.000000
5.9200 37.2100 91.0500 897.000000 0.000000 184.000000 51.000000
5.9300 37.4600 91.0500 893.000000 0.000000 184.000000 51.000000
5.9400 37.5700 91.0500 875.000000 0.000000 184.000000 51.000000
5.9500 37.5700 91.1000 869.000000 0.000000 184.000000 51.000000
5.9600 37.5700 91.1000 843.000000 0.000000 182.000000 50.000000
5.9700 37.5200 91.1000 834.000000 0.000000 181.000000 50.000000
5.9800 37.5200 91.0500 836.000000 0.000000 180.000000 50.000000
5.9900 37.5200 91.0500 842.000000 0.000000 178.000000 50.000000
6.0000 37.5800 91.0500 845.000000 0.000000 176.000000 50.000000
6.0100 37.5800 91.0500 854.000000 0.000000 175.000000 50.000000
6.0200 37.5800 91.0500 852.000000 0.000000 174.000000 50.000000
6.0300 37.5800 91.0500 836.000000 0.000000 174.000000 50.000000
6.0400 37.5800 91.0500 776.000000 0.000000 174.000000 50.000000
6.0500 37.5800 91.0000 619.000000 0.000000 175.000000 50.000000
6.0600 37.4800 90.9000 47.000000 0.000000 175.000000 50.000000
6.0700 37.4800 90.9000 0.000000 1.000000 175.000000 50.000000
6.0800 37.2800 90.7800 0.000000 0.000000 176.000000 51.000000
6.0900 37.5500 90.9900 0.000000 0.000000 178.000000 51.000000
6.1000 37.8900 91.2000 0.000000 0.000000 177.000000 52.000000
6.1100 38.2700 91.3900 0.000000 0.000000 177.000000 52.000000
6.1200 38.5200 91.5500 0.000000 0.000000 177.000000 53.000000
6.1300 38.5200 91.6700 0.000000 0.000000 176.000000 54.000000
6.1400 38.3700 91.7600 0.000000 0.000000 174.000000 55.000000
6.1500 37.9400 91.8200 0.000000 0.000000 173.000000 56.000000
6.1600 37.3200 91.8200 0.000000 0.000000 171.000000 57.000000
6.1700 36.5800 91.8200 0.000000 0.000000 171.000000 57.000000
6.1800 35.8900 91.6100 0.000000 0.000000 172.000000 58.000000
6.1900 35.1300 91.3600 0.000000 0.000000 174.000000 58.000000
6.2000 34.3200 91.0600 0.000000 0.000000 175.000000 59.000000
6.2100 33.6200 90.7300 0.000000 0.000000 177.000000 59.000000
6.2200 32.9200 90.4000 0.000000 0.000000 178.000000 58.000000
6.2300 32.1600 90.0500 0.000000 0.000000 178.000000 58.000000
6.2400 31.3500 89.6800 0.000000 0.000000 178.000000 57.000000
6.2500 30.5100 89.2800 0.000000 0.000000 177.000000 56.000000
6.2600 29.7000 88.9200 0.000000 0.000000 175.000000 54.000000
6.2700 28.9800 88.6000 0.000000 0.000000 173.000000 53.000000
6.2800 28.3800 88.2300 0.000000 0.000000 171.000000 52.000000
6.2900 27.8600 87.8800 0.000000 0.000000 169.000000 50.000000
6.3000 27.3900 87.5400 0.000000 0.000000 168.000000 49.000000
6.3100 26.9100 87.2400 0.000000 0.000000 167.000000 49.000000
6.3200 26.3200 86.9300 0.000000 0.000000 166.000000 49.000000
6.3300 25.6600 86.6200 0.000000 0.000000 167.000000 49.000000
6.3400 24.9200 86.3000 0.000000 0.000000 168.000000 49.000000
6.3500 24.1200 86.0000 0.000000 0.000000 169.000000 50.000000
6.3600 23.2700 85.7100 0.000000 0.000000 171.000000 51.000000
6.3700 22.5300 85.3400 0.000000 0.000000 173.000000 51.000000
6.3800 21.8300 84.9700 0.000000 0.000000 174.000000 52.000000
6.3900 21.1900 84.6100 0.000000 0.000000 174.000000 52.000000
6.4000 20.5500 84.2700 0.000000 0.000000 173.000000 53.000000
6.4100 19.8800 83.9600 0.000000 0.000000 170.000000 54.000000
6.4200 19.2200 83.6800 0.000000 0.000000 168.000000 53.000000
6.4300 18.4900 83.3700 0.000000 0.000000 164.000000 54.000000
6.4400 17.7200 83.0600 0.000000 0.000000 161.000000 55.000000
6.4500 17.3000 82.7600 0.000000 0.000000 158.000000 55.000000
6.4600 16.9300 82.4800 0.000000 0.000000 155.000000 55.000000
6.4700 16.8700 82.1800 0.000000 0.000000 152.000000 56.000000
6.4800 16.9900 81.8600 0.000000 0.000000 148.000000 57.000000
6.4900 17.2100 81.5900 0.000000 0.000000 146.000000 57.000000
6.5000 17.4600 81.3400 0.000000 0.000000 143.000000 57.000000
6.5100 17.5500 81.1100 0.000000 0.000000 142.000000 58.000000
6.5200 17.5500 80.9100 0.000000 0.000000 142.000000 59.000000
6.5300 17.5500 80.7400 0.000000 0.000000 141.000000 60.000000
6.5400 17.5000 80.5100 0.000000 0.000000 142.000000 61.000000
6.5500 17.5000 80.2600 0.000000 0.000000 143.000000 62.000000
6.5600 17.7000 79.9500 0.000000 0.000000 146.000000 63.000000
6.5700 17.9500 79.6300 0.000000 0.000000 148.000000 63.000000
6.5800 18.2000 79.4400 0.000000 0.000000 151.000000 63.000000
6.5900 18.2000 79.3400 0.000000 0.000000 154.000000 63.000000
6.6000 18.1400 79.1900 0.000000 0.000000 157.000000 61.000000
6.6100 17.9300 79.0600 0.000000 0.000000 161.000000 60.000000
6.6200 17.7700 78.9900 0.000000 0.000000 163.000000 59.000000
6.6300 17.6900 78.9900 0.000000 0.000000 165.000000 58.000000
6.6400 17.6900 79.0900 0.000000 0.000000 167.000000 57.000000
6.6500 17.7800 79.3000 0.000000 0.000000 169.000000 57.000000
6.6600 17.7800 79.5700 0.000000 0.000000 169.000000 57.000000
6.6700 17.6400 79.8100 0.000000 0.000000 169.000000 57.000000
6.6800 17.4400 80.0300 0.000000 0.000000 169.000000 58.000000
6.6900 17.1700 80.1900 0.000000 0.000000 168.000000 58.000000
6.7000 16.8800 80.2500 0.000000 0.000000 168.000000 59.000000
6.7100 16.5700 80.2500 0.000000 0.000000 168.000000 59.000000
6.7200 16.2900 80.1800 0.000000 0.000000 169.000000 61.000000
6.7300 16.0200 80.1800 0.000000 0.000000 169.000000 62.000000
6.7400 15.8000 80.1800 0.000000 0.000000 168.000000 63.000000
6.7500 15.6500 80.1800 0.000000 0.000000 170.000000 63.000000
6.7600 15.4800 80.2300 0.000000 0.000000 172.000000 63.000000
6.7700 15.2600 80.2300 0.000000 0.000000 172.000000 63.000000
6.7800 15.0200 80.2300 0.000000 0.000000 174.000000 63.000000
6.7900 15.0200 80.2300 0.000000 0.000000 174.000000 63.000000
6.8000 15.0200 80.2300 0.000000 0.000000 174.000000 63.000000
6.8100 15.0200 80.2300 0.000000 0.000000 172.000000 63.000000
6.8200 15.0200 80.2300 0.000000 0.000000 172.000000 63.000000
6.8300 15.0200 80.2300 0.000000 0.000000 170.000000 63.000000
6.8400 15.0200 80.2300 0.000000 0.000000 170.000000 63.000000
6.8500 15.0200 80.2300 0.000000 0.000000 170.000000 63.000000
6.8600 15.0200 80.2300 0.000000 0.000000 168.000000 63.000000
6.8700 15.0200 80.2300 0.000000 0.000000 168.000000 63.000000
6.8800 15.0200 80.2300 0.000000 0.000000 168.000000 63.000000
6.8900 15.0200 80.2300 0.000000 0.000000 168.000000 63.000000
6.9000 15.0200 80.2300 0.000000 0.000000 168.000000 63.000000
6.9100 15.0200 80.2300 0.000000 0.000000 168.000000 63.000000
6.9200 15.0200 80.2300 0.000000 0.000000 168.000000 63.000000
6.9300 15.0200 80.2300 0.000000 0.000000 166.000000 62.000000
6.9400 15.0200 80.2300 0.000000 0.000000 166.000000 62.000000
6.9500 15.3200 80.2900 0.000000 0.000000 167.000000 61.000000
6.9600 15.4500 80.3800 0.000000 0.000000 167.000000 61.000000
6.9700 15.5800 80.3800 0.000000 0.000000 167.000000 61.000000
6.9800 15.7000 80.3800 0.000000 0.000000 167.000000 61.000000
6.9900 15.7700 80.3800 0.000000 0.000000 167.000000 61.000000
7.0000 15.8300 80.3800 0.000000 0.000000 168.000000 60.000000
7.0100 15.8800 80.3100 0.000000 0.000000 168.000000 60.000000
7.0200 15.8800 80.4700 0.000000 0.000000 168.000000 60.000000
7.0300 15.9300 80.5300 0.000000 0.000000 168.000000 60.000000
7.0400 15.9300 80.5300 0.000000 0.000000 168.000000 60.000000
7.0500 15.9900 80.5300 0.000000 0.000000 168.000000 60.000000
7.0600 15.9900 80.5300 0.000000 0.000000 168.000000 59.000000
7.0700 16.0400 80.5300 0.000000 0.000000 168.000000 59.000000
7.0800 16.0400 80.4700 0.000000 0.000000 168.000000 59.000000
7.0900 16.1000 80.4700 0.000000 0.000000 168.000000 59.000000
7.1000 16.1000 80.4700 0.000000 0.000000 170.000000 59.000000
7.1100 16.1000 80.4700 0.000000 0.000000 170.000000 59.000000
7.1200 16.1500 80.4700 0.000000 0.000000 170.000000 59.000000
7.1300 16.1500 80.4700 10.000000 0.000000 170.000000 60.000000
7.1400 16.1500 80.4700 32.000000 1.000000 170.000000 60.000000
7.1500 16.1500 80.4700 73.000000 0.000000 171.000000 60.000000
7.1600 16.2500 80.4700 101.000000 0.000000 171.000000 60.000000
7.1700 16.2500 80.4700 106.000000 0.000000 171.000000 60.000000
7.1800 16.3100 80.4700 90.000000 0.000000 171.000000 60.000000
7.1900 16.3100 80.4700 91.000000 0.000000 171.000000 60.000000
7.2000 16.3100 80.4700 98.000000 0.000000 171.000000 60.000000
7.2100 16.3100 80.4200 100.000000 0.000000 171.000000 60.000000
7.2200 16.3100 80.4200 127.000000 0.000000 171.000000 60.000000
7.2300 16.3100 80.4200 149.000000 0.000000 170.000000 60.000000
7.2400 16.3100 80.4200 153.000000 0.000000 170.000000 60.000000
7.2500 16.3100 80.4200 177.000000 0.000000 170.000000 60.000000
7.2600 16.3100 80.4700 178.000000 0.000000 170.000000 60.000000
7.2700 16.3100 80.4700 222.000000 0.000000 170.000000 60.000000
7.2800 16.3800 80.4700 233.000000 0.000000 170.000000 60.000000
7.2900 16.4300 80.4700 249.000000 0.000000 170.000000 59.000000
7.3000 16.5300 80.4700 270.000000 0.000000 170.000000 59.000000
7.3100 16.5300 80.4700 284.000000 0.000000 170.000000 59.000000
7.3200 16.5300 80.4700 311.000000 0.000000 170.000000 59.000000
7.3300 16.5300 80.4700 305.000000 0.000000 170.000000 59.000000
7.3400 16.5300 80.4700 319.000000 0.000000 170.000000 59.000000
7.3500 16.5300 80.4700 324.000000 0.000000 170.000000 59.000000
7.3600 16.5300 80.4700 334.000000 0.000000 170.000000 59.000000
7.3700 16.5300 80.4700 338.000000 0.000000 168.000000 58.000000
7.3800 16.5300 80.5200 358.000000 0.000000 168.000000 58.000000
7.3900 16.5300 80.5200 362.000000 0.000000 168.000000 58.000000
7.4000 16.5300 80.5200 393.000000 0.000000 168.000000 58.000000
7.4100 16.5300 80.5200 404.000000 0.000000 168.000000 58.000000
7.4200 16.5300 80.5200 440.000000 0.000000 168.000000 58.000000
7.4300 16.5300 80.5900 440.000000 0.000000 168.000000 58.000000
7.4400 16.4500 80.5900 460.000000 0.000000 168.000000 58.000000
7.4500 16.3500 80.6500 464.000000 0.000000 168.000000 58.000000
7.4600 16.1200 80.6500 472.000000 0.000000 170.000000 59.000000
7.4700 15.8100 80.6500 483.000000 0.000000 170.000000 59.000000
7.4800 15.5700 80.5400 491.000000 0.000000 170.000000 59.000000
7.4900 15.3900 80.4300 494.000000 0.000000 172.000000 59.000000
7.5000 15.3000 80.3200 504.000000 0.000000 172.000000 59.000000
7.5100 15.3000 80.2200 505.000000 0.000000 172.000000 59.000000
7.5200 15.3000 80.1600 510.000000 0.000000 172.000000 59.000000
7.5300 15.3000 80.1000 514.000000 0.000000 172.000000 59.000000
7.5400 15.4300 79.9800 522.000000 0.000000 171.000000 60.000000
7.5500 15.5500 79.8000 533.000000 0.000000 171.000000 60.000000
7.5600 15.7300 79.5800 564.000000 0.000000 171.000000 60.000000
7.5700 16.0300 79.3400 589.000000 0.000000 171.000000 60.000000
7.5800 16.4600 79.1900 595.000000 0.000000 171.000000 60.000000
7.5900 16.9700 79.0400 597.000000 0.000000 172.000000 59.000000
7.6000 17.0300 78.8800 603.000000 0.000000 170.000000 59.000000
7.6100 17.0300 78.8000 638.000000 0.000000 170.000000 59.000000
7.6200 16.9400 78.8000 678.000000 0.000000 170.000000 58.000000
7.6300 16.7000 78.6800 722.000000 0.000000 170.000000 58.000000
7.6400 16.3900 78.5900 721.000000 0.000000 170.000000 58.000000
7.6500 16.0300 78.4900 721.000000 0.000000 171.000000 57.000000
7.6600 15.8600 78.4100 707.000000 0.000000 171.000000 57.000000
7.6700 15.7400 78.4100 681.000000 0.000000 171.000000 57.000000
7.6800 15.7400 78.3400 673.000000 0.000000 171.000000 57.000000
7.6900 15.7400 78.3400 662.000000 0.000000 171.000000 57.000000
7.7000 15.7400 78.3400 641.000000 0.000000 170.000000 58.000000
7.7100 15.7400 78.3400 622.000000 0.000000 170.000000 58.000000
7.7200 15.7400 78.3400 614.000000 0.000000 170.000000 58.000000
7.7300 16.0500 78.6500 594.000000 0.000000 170.000000 58.000000
7.7400 16.0500 78.6500 564.000000 0.000000 170.000000 58.000000
7.7500 16.0500 78.6500 448.000000 0.000000 170.000000 58.000000
7.7600 16.0500 78.6500 187.000000 0.000000 170.000000 58.000000
7.7700 16.0500 78.6500 0.000000 1.000000 170.000000 58.000000
7.7800 16.1200 78.6500 0.000000 0.000000 170.000000 58.000000
7.7900 16.3800 78.8100 0.000000 0.000000 170.000000 58.000000
7.8000 16.7500 79.0400 0.000000 0.000000 171.000000 57.000000
7.8100 17.2000 79.2300 0.000000 0.000000 171.000000 57.000000
7.8200 17.6700 79.4100 0.000000 0.000000 171.000000 57.000000
7.8300 17.9600 79.5500 0.000000 0.000000 171.000000 57.000000
7.8400 18.1200 79.6000 0.000000 0.000000 172.000000 58.000000
7.8500 18.2000 79.6000 0.000000 0.000000 172.000000 58.000000
7.8600 18.2000 79.6500 0.000000 0.000000 172.000000 58.000000
7.8700 18.2000 79.6500 0.000000 0.000000 172.000000 59.000000
7.8800 18.2000 79.7100 0.000000 0.000000 173.000000 59.000000
7.8900 18.2000 79.7100 0.000000 0.000000 173.000000 60.000000
7.9000 18.2000 79.7100 0.000000 0.000000 173.000000 61.000000
7.9100 18.2000 79.7600 0.000000 0.000000 173.000000 61.000000
7.9200 18.2000 79.7600 0.000000 0.000000 175.000000 61.000000
7.9300 18.2000 79.7600 0.000000 0.000000 175.000000 61.000000
7.9400 18.2000 79.7600 0.000000 0.000000 175.000000 61.000000
7.9500 18.2500 79.7600 0.000000 0.000000 175.000000 61.000000
7.9600 18.2500 79.7600 0.000000 0.000000 175.000000 61.000000
7.9700 18.2500 79.7600 0.000000 0.000000 175.000000 61.000000
7.9800 18.2500 79.7600 0.000000 0.000000 175.000000 61.000000
7.9900 18.2500 79.7600 0.000000 0.000000 175.000000 61.000000
8.0000 18.2500 79.7600 0.000000 0.000000 175.000000 61.000000
8.0100 18.2500 79.7600 0.000000 0.000000 175.000000 61.000000
8.0200 18.2500 79.8200 0.000000 0.000000 175.000000 61.000000
8.0300 18.2500 79.8800 0.000000 0.000000 175.000000 61.000000
8.0400 18.3400 79.9400 0.000000 0.000000 175.000000 61.000000
8.0500 18.4100 79.9400 0.000000 0.000000 175.000000 61.000000
8.0600 18.5100 80.0000 0.000000 0.000000 175.000000 61.000000
8.0700 18.5100 80.0000 0.000000 0.000000 175.000000 61.000000
8.0800 18.5100 80.0000 0.000000 0.000000 175.000000 61.000000
8.0900 18.5100 80.0000 0.000000 0.000000 175.000000 61.000000
8.1000 18.5100 80.0000 0.000000 0.000000 173.000000 61.000000
8.1100 18.5100 80.0000 0.000000 0.000000 173.000000 61.000000
8.1200 18.5100 80.0000 0.000000 0.000000 173.000000 61.000000
8.1300 18.5100 80.0000 0.000000 0.000000 173.000000 61.000000
8.1400 18.8200 80.0800 0.000000 0.000000 173.000000 61.000000
8.1500 18.9300 80.0800 0.000000 0.000000 173.000000 60.000000
8.1600 19.0400 80.0800 0.000000 0.000000 173.000000 60.000000
8.1700 19.0900 80.0800 0.000000 0.000000 173.000000 60.000000
8.1800 19.0900 80.1300 0.000000 0.000000 173.000000 60.000000
8.1900 19.0900 80.1300 0.000000 0.000000 173.000000 60.000000
8.2000 19.0900 80.1300 0.000000 0.000000 173.000000 60.000000
8.2100 19.0200 80.0800 0.000000 0.000000 173.000000 60.000000
8.2200 19.0200 80.0800 0.000000 0.000000 173.000000 60.000000
8.2300 19.0900 80.0800 0.000000 0.000000 173.000000 60.000000
8.2400 19.1400 80.0800 0.000000 0.000000 173.000000 60.000000
8.2500 19.1400 80.0800 30.000000 1.000000 173.000000 60.000000
8.2600 19.1400 80.0800 93.000000 0.000000 175.000000 60.000000
8.2700 19.1400 80.0800 146.000000 0.000000 175.000000 59.000000
8.2800 19.2600 80.2100 156.000000 0.000000 175.000000 59.000000
8.2900 19.2600 80.2100 165.000000 0.000000 175.000000 59.000000
8.3000 19.2600 80.2100 172.000000 0.000000 175.000000 59.000000
8.3100 19.2600 80.2100 172.000000 0.000000 175.000000 59.000000
8.3200 19.2600 80.2100 187.000000 0.000000 175.000000 59.000000
8.3300 19.2600 80.2100 210.000000 0.000000 175.000000 59.000000
8.3400 19.2600 80.2100 246.000000 0.000000 175.000000 59.000000
8.3500 19.2600 80.2100 280.000000 0.000000 175.000000 59.000000
8.3600 19.2600 80.2100 309.000000 0.000000 175.000000 59.000000
8.3700 19.2600 80.2100 342.000000 0.000000 175.000000 59.000000
8.3800 19.2600 80.2100 361.000000 0.000000 175.000000 59.000000
8.3900 19.2600 80.2600 377.000000 0.000000 175.000000 59.000000
8.4000 19.2600 80.2600 398.000000 0.000000 175.000000 59.000000
8.4100 19.2600 80.2600 400.000000 0.000000 175.000000 59.000000
8.4200 19.2600 80.2600 404.000000 0.000000 175.000000 59.000000
8.4300 19.2600 80.2600 397.000000 0.000000 175.000000 59.000000
8.4400 19.2600 80.2600 399.000000 0.000000 175.000000 59.000000
8.4500 19.2600 80.2600 381.000000 0.000000 175.000000 59.000000
8.4600 19.2600 80.2600 371.000000 0.000000 175.000000 59.000000
8.4700 19.2600 80.2600 372.000000 0.000000 175.000000 59.000000
8.4800 19.2600 80.2600 372.000000 0.000000 175.000000 59.000000
8.4900 19.2600 80.2600 377.000000 0.000000 175.000000 59.000000
8.5000 19.2600 80.2600 376.000000 0.000000 175.000000 59.000000
8.5100 19.2600 80.2600 372.000000 0.000000 175.000000 59.000000
8.5200 19.2600 80.2600 369.000000 0.000000 175.000000 59.000000
8.5300 19.2600 80.2600 364.000000 0.000000 175.000000 59.000000
8.5400 19.2600 80.2600 366.000000 0.000000 175.000000 59.000000
8.5500 19.2600 80.2600 361.000000 0.000000 175.000000 59.000000
8.5600 19.2600 80.2600 361.000000 0.000000 175.000000 59.000000
8.5700 19.2600 80.2600 366.000000 0.000000 175.000000 59.000000
8.5800 19.2600 80.2600 369.000000 0.000000 175.000000 59.000000
8.5900 19.2600 80.2600 376.000000 0.000000 175.000000 59.000000
8.6000 19.2600 80.2600 376.000000 0.000000 175.000000 59.000000
8.6100 19.2600 80.2600 374.000000 0.000000 175.000000 59.000000
8.6200 19.2600 80.2600 376.000000 0.000000 175.000000 59.000000
8.6300 19.2600 80.2600 366.000000 0.000000 175.000000 59.000000
8.6400 19.2600 80.2600 358.000000 0.000000 175.000000 59.000000
8.6500 19.2600 80.2600 345.000000 0.000000 175.000000 59.000000
8.6600 19.2600 80.2600 329.000000 0.000000 175.000000 59.000000
8.6700 19.2600 80.2600 320.000000 0.000000 175.000000 59.000000
8.6800 19.2600 80.2600 324.000000 0.000000 175.000000 59.000000
8.6900 19.2600 80.2600 320.000000 0.000000 175.000000 59.000000
8.7000 19.2600 80.2600 320.000000 0.000000 175.000000 59.000000
8.7100 19.2600 80.2600 319.000000 0.000000 175.000000 59.000000
8.7200 19.2600 80.2600 312.000000 0.000000 175.000000 59.000000
8.7300 19.2600 80.2600 305.000000 0.000000 175.000000 59.000000
8.7400 19.2600 80.2600 307.000000 0.000000 175.000000 59.000000
8.7500 19.2600 80.2600 309.000000 0.000000 175.000000 59.000000
8.7600 19.2600 80.2600 314.000000 0.000000 175.000000 59.000000
8.7700 19.2600 80.2600 320.000000 0.000000 175.000000 59.000000
8.7800 19.2600 80.2600 329.000000 0.000000 175.000000 59.000000
8.7900 19.2600 80.2600 340.000000 0.000000 175.000000 59.000000
8.8000 19.2600 80.2600 339.000000 0.000000 175.000000 59.000000
8.8100 19.2600 80.2600 346.000000 0.000000 175.000000 59.000000
8.8200 19.2600 80.2600 349.000000 0.000000 175.000000 59.000000
8.8300 19.2600 80.2600 346.000000 0.000000 175.000000 59.000000
8.8400 19.2600 80.2600 342.000000 0.000000 175.000000 59.000000
8.8500 19.2600 80.2600 306.000000 0.000000 175.000000 59.000000
8.8600 19.2600 80.2600 251.000000 0.000000 175.000000 59.000000
8.8700 19.2600 80.2600 185.000000 0.000000 175.000000 59.000000
8.8800 19.1800 80.2000 158.000000 0.000000 175.000000 59.000000
8.8900 19.1800 80.2000 137.000000 0.000000 175.000000 59.000000
8.9000 19.1300 80.2000 149.000000 0.000000 175.000000 59.000000
8.9100 19.1300 80.2000 132.000000 0.000000 175.000000 59.000000
8.9200 19.0500 80.2000 132.000000 0.000000 175.000000 59.000000
8.9300 19.0500 80.2000 143.000000 0.000000 175.000000 59.000000
8.9400 19.0500 80.2000 172.000000 0.000000 175.000000 59.000000
8.9500 19.0500 80.2000 208.000000 0.000000 175.000000 59.000000
8.9600 19.0500 80.2000 247.000000 0.000000 175.000000 59.000000
8.9700 19.0500 80.2000 269.000000 0.000000 175.000000 59.000000
8.9800 19.0500 80.2500 276.000000 0.000000 177.000000 59.000000
8.9900 19.0500 80.2500 299.000000 0.000000 177.000000 59.000000
9.0000 19.0500 80.2500 314.000000 0.000000 177.000000 59.000000
9.0100 19.0500 80.2500 327.000000 0.000000 177.000000 59.000000
9.0200 19.0000 80.2500 338.000000 0.000000 177.000000 59.000000
9.0300 19.0000 80.2500 371.000000 0.000000 177.000000 59.000000
9.0400 19.0000 80.2500 376.000000 0.000000 177.000000 59.000000
9.0500 18.9400 80.3000 391.000000 0.000000 177.000000 59.000000
9.0600 18.8600 80.3000 402.000000 0.000000 177.000000 59.000000
9.0700 18.8000 80.3000 414.000000 0.000000 177.000000 59.000000
9.0800 18.6700 80.3000 433.000000 0.000000 177.000000 59.000000
9.0900 18.5000 80.3000 460.000000 0.000000 175.000000 59.000000
9.1000 18.3800 80.2000 473.000000 0.000000 175.000000 59.000000
9.1100 18.1200 80.0900 473.000000 0.000000 175.000000 59.000000
9.1200 17.7700 79.9600 491.000000 0.000000 175.000000 59.000000
9.1300 17.6200 79.8200 498.000000 0.000000 175.000000 59.000000
9.1400 17.5000 79.6100 496.000000 0.000000 173.000000 59.000000
9.1500 17.3900 79.4000 492.000000 0.000000 173.000000 59.000000
9.1600 17.3900 79.2000 499.000000 0.000000 173.000000 59.000000
9.1700 17.4500 78.9600 510.000000 0.000000 172.000000 59.000000
9.1800 17.6000 78.8400 514.000000 0.000000 173.000000 59.000000
9.1900 17.7800 78.8400 515.000000 0.000000 173.000000 59.000000
9.2000 17.9600 78.7900 514.000000 0.000000 174.000000 58.000000
9.2100 18.1500 78.8600 519.000000 0.000000 175.000000 58.000000
9.2200 18.3100 78.9800 520.000000 0.000000 177.000000 58.000000
9.2300 18.4600 79.1800 527.000000 0.000000 177.000000 57.000000
9.2400 18.5100 79.3500 532.000000 0.000000 178.000000 57.000000
9.2500 18.5800 79.5200 537.000000 0.000000 178.000000 57.000000
9.2600 18.6900 79.7200 546.000000 0.000000 178.000000 57.000000
9.2700 18.8400 79.9300 578.000000 0.000000 177.000000 58.000000
9.2800 18.9700 80.1100 586.000000 0.000000 177.000000 58.000000
9.2900 19.0900 80.3300 613.000000 0.000000 175.000000 58.000000
9.3000 19.1900 80.5900 641.000000 0.000000 175.000000 59.000000
9.3100 19.1900 80.8100 671.000000 0.000000 173.000000 59.000000
9.3200 19.1900 81.0900 664.000000 0.000000 173.000000 59.000000
9.3300 19.1900 81.4200 669.000000 0.000000 172.000000 59.000000
9.3400 19.0800 81.7300 664.000000 0.000000 172.000000 59.000000
9.3500 18.9800 82.0700 667.000000 0.000000 172.000000 59.000000
9.3600 18.9000 82.4500 671.000000 0.000000 172.000000 58.000000
9.3700 18.7900 82.8300 658.000000 0.000000 172.000000 58.000000
9.3800 18.6500 83.2700 664.000000 0.000000 172.000000 58.000000
9.3900 18.5100 83.7500 655.000000 0.000000 172.000000 57.000000
9.4000 18.3700 84.3600 664.000000 0.000000 172.000000 57.000000
9.4100 18.2200 84.8100 671.000000 0.000000 172.000000 57.000000
9.4200 18.2200 85.1500 669.000000 0.000000 173.000000 56.000000
9.4300 18.2200 85.3500 682.000000 0.000000 173.000000 56.000000
9.4400 18.2200 85.5200 696.000000 0.000000 173.000000 56.000000
9.4500 18.3000 85.5200 697.000000 0.000000 172.000000 57.000000
9.4600 18.3000 85.5200 696.000000 0.000000 172.000000 57.000000
9.4700 18.3000 85.5200 696.000000 0.000000 174.000000 57.000000
9.4800 18.3000 85.5200 696.000000 0.000000 174.000000 57.000000
9.4900 18.3000 85.4600 696.000000 0.000000 174.000000 57.000000
9.5000 18.3000 85.4600 700.000000 0.000000 174.000000 57.000000
9.5100 18.3000 85.3800 727.000000 0.000000 174.000000 57.000000
9.5200 18.3800 84.8200 783.000000 0.000000 174.000000 57.000000
9.5300 18.5600 83.9500 833.000000 0.000000 174.000000 57.000000
9.5400 18.8100 82.8400 866.000000 0.000000 174.000000 57.000000
9.5500 19.1500 81.7200 894.000000 0.000000 174.000000 57.000000
9.5600 19.4800 80.7800 915.000000 0.000000 174.000000 57.000000
9.5700 19.7900 79.9500 935.000000 0.000000 172.000000 57.000000
9.5800 20.0100 79.3200 947.000000 0.000000 172.000000 57.000000
9.5900 20.2400 78.9000 951.000000 0.000000 174.000000 57.000000
9.6000 20.2900 78.6300 934.000000 0.000000 174.000000 57.000000
9.6100 20.2000 78.5200 940.000000 0.000000 174.000000 58.000000
9.6200 20.1400 78.4500 940.000000 0.000000 174.000000 58.000000
9.6300 20.1400 78.4500 941.000000 0.000000 174.000000 58.000000
9.6400 20.0700 78.4500 940.000000 0.000000 174.000000 58.000000
9.6500 20.0700 78.4500 937.000000 0.000000 174.000000 58.000000
9.6600 20.0000 78.4500 937.000000 0.000000 174.000000 57.000000
9.6700 20.0000 78.4500 935.000000 0.000000 174.000000 57.000000
9.6800 20.0000 78.4500 940.000000 0.000000 174.000000 57.000000
9.6900 20.0000 78.4500 946.000000 0.000000 174.000000 57.000000
9.7000 20.0000 78.4500 955.000000 0.000000 174.000000 57.000000
9.7100 20.0000 78.4500 959.000000 0.000000 174.000000 57.000000
9.7200 20.0000 78.4500 962.000000 0.000000 174.000000 57.000000
9.7300 20.0000 78.4500 964.000000 0.000000 174.000000 57.000000
9.7400 20.0000 78.4500 959.000000 0.000000 174.000000 57.000000
9.7500 20.0000 78.4500 956.000000 0.000000 172.000000 57.000000
9.7600 20.0000 78.4500 943.000000 0.000000 172.000000 57.000000
9.7700 20.2800 78.6600 940.000000 0.000000 172.000000 57.000000
9.7800 20.4100 78.7600 938.000000 0.000000 172.000000 57.000000
9.7900 20.4100 78.7600 950.000000 0.000000 172.000000 57.000000
9.8000 20.4100 78.7600 944.000000 0.000000 172.000000 57.000000
9.8100 20.4100 78.7600 941.000000 0.000000 172.000000 57.000000
9.8200 20.4100 78.7600 941.000000 0.000000 172.000000 57.000000
9.8300 20.4100 78.7600 938.000000 0.000000 174.000000 57.000000
9.8400 20.4100 78.7600 935.000000 0.000000 174.000000 57.000000
9.8500 20.4100 78.7600 935.000000 0.000000 174.000000 57.000000
9.8600 20.3600 78.7600 926.000000 0.000000 174.000000 56.000000
9.8700 20.3600 78.7600 903.000000 0.000000 174.000000 56.000000
9.8800 20.3600 78.7600 890.000000 0.000000 174.000000 56.000000
9.8900 20.3600 78.7600 864.000000 0.000000 174.000000 56.000000
9.9000 20.3600 78.7600 864.000000 0.000000 174.000000 56.000000
9.9100 20.4400 78.8300 821.000000 0.000000 174.000000 56.000000
9.9200 20.5100 78.9000 779.000000 0.000000 174.000000 56.000000
9.9300 20.5900 78.9600 727.000000 0.000000 174.000000 56.000000
9.9400 20.6500 79.0200 675.000000 0.000000 174.000000 56.000000
9.9500 20.6500 79.0200 609.000000 0.000000 174.000000 56.000000
9.9600 20.6500 79.0200 519.000000 0.000000 176.000000 56.000000
9.9700 20.6500 79.0200 418.000000 0.000000 176.000000 56.000000
9.9800 20.6500 79.0200 336.000000 0.000000 176.000000 56.000000
9.9900 20.9700 79.2800 239.000000 0.000000 176.000000 56.000000
10.0000 21.0900 79.3300 141.000000 0.000000 176.000000 56.000000
10.0100 21.1600 79.3800 89.000000 0.000000 176.000000 56.000000
10.0200 21.2300 79.3800 61.000000 0.000000 176.000000 56.000000
10.0300 21.2300 79.3800 58.000000 0.000000 176.000000 56.000000
10.0400 21.2300 79.5000 27.000000 0.000000 175.000000 57.000000
10.0500 21.3500 79.6300 5.000000 1.000000 174.000000 57.000000
10.0600 21.3500 79.6300 0.000000 0.000000 174.000000 58.000000
10.0700 21.6500 79.8500 0.000000 0.000000 174.000000 58.000000
10.0800 21.8200 79.9500 0.000000 0.000000 173.000000 59.000000
10.0900 21.9400 80.0100 0.000000 0.000000 172.000000 59.000000
10.1000 22.0400 80.0800 0.000000 0.000000 171.000000 60.000000
10.1100 22.0400 80.0800 70.000000 1.000000 171.000000 60.000000
10.1200 22.0400 80.0800 149.000000 0.000000 171.000000 60.000000
10.1300 22.0400 80.0800 170.000000 0.000000 170.000000 60.000000
10.1400 22.0400 80.0800 175.000000 0.000000 170.000000 59.000000
10.1500 22.3100 80.3800 187.000000 0.000000 170.000000 59.000000
10.1600 22.3100 80.3800 215.000000 0.000000 170.000000 59.000000
10.1700 22.3700 80.4300 241.000000 0.000000 170.000000 59.000000
10.1800 22.3700 80.4300 304.000000 0.000000 170.000000 59.000000
10.1900 22.3700 80.5000 334.000000 0.000000 170.000000 59.000000
10.2000 22.4200 80.5700 368.000000 0.000000 170.000000 59.000000
10.2100 22.4200 80.6300 377.000000 0.000000 170.000000 59.000000
10.2200 22.4200 80.6300 393.000000 0.000000 170.000000 59.000000
10.2300 22.4800 80.6300 399.000000 0.000000 170.000000 59.000000
10.2400 22.4800 80.6900 423.000000 0.000000 170.000000 59.000000
10.2500 22.5400 80.7400 458.000000 0.000000 170.000000 59.000000
10.2600 22.5400 80.7400 529.000000 0.000000 172.000000 59.000000
10.2700 22.5400 80.8200 570.000000 0.000000 172.000000 59.000000
10.2800 22.5400 80.8200 611.000000 0.000000 172.000000 58.000000
10.2900 22.5400 80.9400 620.000000 0.000000 174.000000 58.000000
10.3000 22.4300 81.0400 646.000000 0.000000 174.000000 58.000000
10.3100 22.3000 81.0400 653.000000 0.000000 174.000000 58.000000
10.3200 22.0400 81.0400 668.000000 0.000000 175.000000 58.000000
10.3300 21.7600 80.9000 670.000000 0.000000 175.000000 58.000000
10.3400 21.4600 80.7300 687.000000 0.000000 175.000000 58.000000
10.3500 21.2800 80.4900 700.000000 0.000000 175.000000 58.000000
10.3600 21.1400 80.2400 699.000000 0.000000 175.000000 58.000000
10.3700 21.1400 80.0400 700.000000 0.000000 175.000000 58.000000
10.3800 21.2000 79.9300 690.000000 0.000000 175.000000 58.000000
10.3900 21.3800 79.8500 702.000000 0.000000 175.000000 58.000000
10.4000 21.5800 79.8000 694.000000 0.000000 175.000000 59.000000
10.4100 21.8300 79.8000 675.000000 0.000000 173.000000 59.000000
10.4200 22.1300 79.9000 655.000000 0.000000 175.000000 59.000000
10.4300 22.3200 80.0300 628.000000 0.000000 175.000000 59.000000
10.4400 22.4400 80.1800 620.000000 0.000000 175.000000 59.000000
10.4500 22.4400 80.3500 622.000000 0.000000 175.000000 59.000000
10.4600 22.4400 80.5500 622.000000 0.000000 175.000000 59.000000
10.4700 22.4400 80.7900 617.000000 0.000000 175.000000 59.000000
10.4800 22.2700 81.0700 619.000000 0.000000 175.000000 59.000000
10.4900 22.0800 81.1300 619.000000 0.000000 175.000000 59.000000
10.5000 21.8600 81.1900 627.000000 0.000000 175.000000 59.000000
10.5100 21.7700 81.1900 627.000000 0.000000 175.000000 58.000000
10.5200 21.7000 81.1900 630.000000 0.000000 175.000000 58.000000
10.5300 21.6300 81.1900 636.000000 0.000000 175.000000 58.000000
10.5400 21.6300 81.1900 637.000000 0.000000 175.000000 58.000000
10.5500 21.6300 81.1900 664.000000 0.000000 174.000000 58.000000
10.5600 21.7200 81.1900 662.000000 0.000000 174.000000 58.000000
10.5700 21.8500 81.2500 675.000000 0.000000 175.000000 58.000000
10.5800 22.0900 81.3100 676.000000 0.000000 175.000000 58.000000
10.5900 22.3800 81.3900 687.000000 0.000000 175.000000 58.000000
10.6000 22.8200 81.5100 700.000000 0.000000 177.000000 58.000000
10.6100 23.3800 81.6400 702.000000 0.000000 177.000000 58.000000
10.6200 24.0100 81.7700 700.000000 0.000000 177.000000 58.000000
10.6300 24.5600 81.8900 702.000000 0.000000 178.000000 57.000000
10.6400 24.9300 81.9700 691.000000 0.000000 178.000000 57.000000
10.6500 25.1700 82.0600 700.000000 0.000000 178.000000 57.000000
10.6600 25.3500 82.1600 710.000000 0.000000 180.000000 56.000000
10.6700 25.4000 82.2100 724.000000 0.000000 180.000000 56.000000
10.6800 25.4000 82.2100 727.000000 0.000000 180.000000 56.000000
10.6900 25.3300 82.2100 714.000000 0.000000 180.000000 56.000000
10.7000 25.3300 82.2100 691.000000 0.000000 180.000000 56.000000
10.7100 25.2400 82.2100 609.000000 0.000000 180.000000 56.000000
10.7200 25.1600 82.1400 341.000000 0.000000 180.000000 56.000000
10.7300 25.0600 82.0700 30.000000 0.000000 180.000000 56.000000
