0.0000 50.7400 15.3500 276.000000 1.000000 157.000000 57.000000
0.0100 50.4500 16.1600 334.000000 0.000000 157.000000 57.000000
0.0200 50.2900 16.2200 376.000000 0.000000 159.000000 57.000000
0.0300 50.2200 16.0100 431.000000 0.000000 159.000000 57.000000
0.0400 50.2200 15.6200 455.000000 0.000000 158.000000 58.000000
0.0500 50.1600 14.8700 448.000000 0.000000 158.000000 58.000000
0.0600 50.1600 14.0700 394.000000 0.000000 157.000000 59.000000
0.0700 50.1600 13.3200 233.000000 0.000000 157.000000 60.000000
0.0800 50.1600 13.3200 0.000000 1.000000 156.000000 61.000000
0.0900 50.0900 12.2200 0.000000 0.000000 155.000000 62.000000
0.1000 50.1600 12.2200 0.000000 0.000000 153.000000 63.000000
0.1100 50.1600 12.4100 0.000000 0.000000 151.000000 64.000000
0.1200 50.1600 12.9000 0.000000 0.000000 151.000000 64.000000
0.1300 50.0000 13.4700 0.000000 0.000000 150.000000 64.000000
0.1400 49.8100 14.1000 0.000000 0.000000 150.000000 64.000000
0.1500 49.3600 14.7900 0.000000 0.000000 151.000000 63.000000
0.1600 48.5100 15.5700 0.000000 0.000000 153.000000 61.000000
0.1700 47.3800 16.4100 0.000000 0.000000 152.000000 60.000000
0.1800 46.0600 16.8700 0.000000 0.000000 154.000000 58.000000
0.1900 44.7600 17.2800 0.000000 0.000000 154.000000 58.000000
0.2000 44.7600 17.2800 311.000000 1.000000 155.000000 58.000000
0.2100 43.2200 17.7400 302.000000 0.000000 157.000000 58.000000
0.2200 43.2200 17.9600 277.000000 0.000000 156.000000 59.000000
0.2300 44.0400 18.1200 299.000000 0.000000 156.000000 59.000000
0.2400 45.5000 18.2400 317.000000 0.000000 155.000000 60.000000
0.2500 47.9600 18.4200 361.000000 0.000000 155.000000 60.000000
0.2600 50.9600 18.6000 420.000000 0.000000 157.000000 60.000000
0.2700 54.3200 18.3800 440.000000 0.000000 157.000000 60.000000
0.2800 57.2900 17.9000 417.000000 0.000000 158.000000 60.000000
0.2900 59.5300 17.2000 422.000000 0.000000 158.000000 60.000000
0.3000 61.2700 16.3900 450.000000 0.000000 160.000000 60.000000
0.3100 61.8100 15.5000 522.000000 0.000000 161.000000 60.000000
0.3200 61.3100 14.5700 595.000000 0.000000 160.000000 60.000000
0.3300 60.1200 13.4000 693.000000 0.000000 160.000000 60.000000
0.3400 57.9700 12.0600 751.000000 0.000000 160.000000 60.000000
0.3500 55.5200 10.7800 759.000000 0.000000 159.000000 61.000000
0.3600 52.8800 9.7800 771.000000 0.000000 158.000000 62.000000
0.3700 50.2500 8.9700 727.000000 0.000000 157.000000 63.000000
0.3800 48.1100 8.2700 719.000000 0.000000 156.000000 64.000000
0.3900 46.2900 7.7900 588.000000 0.000000 156.000000 64.000000
0.4000 45.6900 7.4700 280.000000 0.000000 156.000000 64.000000
0.4100 45.6900 7.4700 0.000000 1.000000 156.000000 64.000000
0.4200 46.3500 7.6800 0.000000 0.000000 157.000000 63.000000
0.4300 47.2100 8.0200 0.000000 0.000000 157.000000 63.000000
0.4400 48.1700 8.4200 0.000000 0.000000 158.000000 62.000000
0.4500 49.2000 8.8000 0.000000 0.000000 158.000000 62.000000
0.4600 50.1500 9.1200 0.000000 0.000000 157.000000 61.000000
0.4700 51.1100 9.4400 0.000000 0.000000 156.000000 61.000000
0.4800 52.0700 9.7700 0.000000 0.000000 154.000000 60.000000
0.4900 52.7700 10.0900 0.000000 0.000000 153.000000 59.000000
0.5000 53.3100 10.4200 0.000000 0.000000 152.000000 59.000000
0.5100 53.4700 10.7600 0.000000 0.000000 153.000000 58.000000
0.5200 53.4700 11.0900 0.000000 0.000000 154.000000 57.000000
0.5300 53.2500 11.4500 0.000000 0.000000 154.000000 56.000000
0.5400 52.9400 11.8900 0.000000 0.000000 154.000000 56.000000
0.5500 52.5400 12.3700 0.000000 0.000000 155.000000 55.000000
0.5600 52.0800 12.7900 0.000000 0.000000 155.000000 55.000000
0.5700 51.6800 13.1800 0.000000 0.000000 156.000000 55.000000
0.5800 51.2800 13.4900 0.000000 0.000000 156.000000 55.000000
0.5900 51.0100 13.7800 0.000000 0.000000 156.000000 55.000000
0.6000 50.8200 14.0400 0.000000 0.000000 156.000000 55.000000
0.6100 50.6000 14.2600 0.000000 0.000000 156.000000 55.000000
0.6200 50.4100 14.4400 0.000000 0.000000 155.000000 54.000000
0.6300 50.2600 14.6100 0.000000 0.000000 155.000000 54.000000
0.6400 50.1700 14.7300 0.000000 0.000000 155.000000 54.000000
0.6500 50.1000 14.8100 0.000000 0.000000 155.000000 54.000000
0.6600 50.1000 14.8700 0.000000 0.000000 155.000000 54.000000
0.6700 50.1000 14.9900 0.000000 0.000000 156.000000 55.000000
0.6800 50.1000 15.1400 0.000000 0.000000 155.000000 55.000000
0.6900 50.1500 15.2600 0.000000 0.000000 155.000000 55.000000
0.7000 50.2500 15.4400 0.000000 0.000000 155.000000 55.000000
0.7100 50.3400 15.6700 0.000000 0.000000 157.000000 56.000000
0.7200 50.4100 15.8700 0.000000 0.000000 157.000000 56.000000
0.7300 50.4700 16.1600 0.000000 0.000000 157.000000 56.000000
0.7400 50.4700 16.5200 0.000000 0.000000 158.000000 55.000000
0.7500 50.4700 16.8300 0.000000 0.000000 158.000000 56.000000
0.7600 50.4100 17.2400 0.000000 0.000000 158.000000 56.000000
0.7700 50.3500 17.7200 0.000000 0.000000 158.000000 56.000000
0.7800 50.3500 17.7200 22.000000 1.000000 157.000000 57.000000
0.7900 50.2700 18.2400 65.000000 0.000000 157.000000 58.000000
0.8000 50.2700 18.3000 131.000000 0.000000 157.000000 58.000000
0.8100 50.2700 18.2400 216.000000 0.000000 156.000000 59.000000
0.8200 50.2700 17.9000 337.000000 0.000000 153.000000 59.000000
0.8300 50.2700 16.8700 417.000000 0.000000 153.000000 59.000000
0.8400 50.2700 15.3700 465.000000 0.000000 153.000000 59.000000
0.8500 50.0700 13.6300 519.000000 0.000000 151.000000 60.000000
0.8600 49.7100 11.8500 544.000000 0.000000 152.000000 60.000000
0.8700 49.2100 10.0500 553.000000 0.000000 151.000000 61.000000
0.8800 48.6500 8.7600 556.000000 0.000000 150.000000 62.000000
0.8900 48.0400 7.7900 543.000000 0.000000 152.000000 62.000000
0.9000 47.6800 7.0300 526.000000 0.000000 152.000000 62.000000
0.9100 47.5200 6.5700 446.000000 0.000000 154.000000 63.000000
0.9200 47.5200 6.4300 269.000000 0.000000 154.000000 63.000000
0.9300 47.5200 6.4300 0.000000 1.000000 155.000000 63.000000
0.9400 47.6300 6.7500 0.000000 0.000000 156.000000 62.000000
0.9500 47.8100 7.1800 0.000000 0.000000 156.000000 62.000000
0.9600 48.0700 7.7400 0.000000 0.000000 157.000000 61.000000
0.9700 48.3400 8.1000 0.000000 0.000000 156.000000 61.000000
0.9800 48.7200 8.4000 0.000000 0.000000 155.000000 62.000000
0.9900 49.1700 8.5400 0.000000 0.000000 153.000000 61.000000
1.0000 49.6000 8.5900 0.000000 0.000000 151.000000 61.000000
1.0100 50.0300 8.5900 0.000000 0.000000 150.000000 60.000000
1.0200 50.4900 8.5900 0.000000 0.000000 148.000000 60.000000
1.0300 50.9900 8.5100 0.000000 0.000000 148.000000 60.000000
1.0400 51.5400 8.5100 0.000000 0.000000 146.000000 60.000000
1.0500 52.1300 8.4400 0.000000 0.000000 146.000000 60.000000
1.0600 52.7100 8.4400 0.000000 0.000000 146.000000 60.000000
1.0700 53.1200 8.4400 0.000000 0.000000 148.000000 60.000000
1.0800 53.4300 8.5000 0.000000 0.000000 149.000000 59.000000
1.0900 53.5000 8.5000 0.000000 0.000000 149.000000 59.000000
1.1000 53.4200 8.5000 0.000000 0.000000 151.000000 60.000000
1.1100 53.2300 8.4200 0.000000 0.000000 151.000000 60.000000
1.1200 52.9500 8.3500 0.000000 0.000000 151.000000 60.000000
1.1300 52.5900 8.2600 0.000000 0.000000 150.000000 60.000000
1.1400 52.1800 8.1500 0.000000 0.000000 150.000000 60.000000
1.1500 51.8200 8.0000 0.000000 0.000000 150.000000 60.000000
1.1600 51.5500 7.8800 0.000000 0.000000 150.000000 60.000000
1.1700 51.3400 7.7700 0.000000 0.000000 150.000000 60.000000
1.1800 51.2100 7.6800 0.000000 0.000000 150.000000 60.000000
1.1900 51.1000 7.6800 0.000000 0.000000 150.000000 60.000000
1.2000 50.9800 7.6800 0.000000 0.000000 150.000000 60.000000
1.2100 50.8700 7.6200 0.000000 0.000000 150.000000 60.000000
1.2200 50.7400 7.5300 0.000000 0.000000 150.000000 60.000000
1.2300 50.6500 7.4500 0.000000 0.000000 150.000000 60.000000
1.2400 50.5300 7.3700 0.000000 0.000000 150.000000 60.000000
1.2500 50.4000 7.2900 0.000000 0.000000 150.000000 60.000000
1.2600 50.3000 7.1800 0.000000 0.000000 150.000000 60.000000
1.2700 50.3000 7.1100 0.000000 0.000000 150.000000 60.000000
1.2800 50.3000 7.0600 0.000000 0.000000 150.000000 60.000000
1.2900 50.4600 7.0600 0.000000 0.000000 150.000000 60.000000
1.3000 50.6700 7.1700 0.000000 0.000000 150.000000 60.000000
1.3100 50.9500 7.2800 0.000000 0.000000 150.000000 60.000000
1.3200 51.3700 7.5000 0.000000 0.000000 150.000000 60.000000
1.3300 51.8800 7.7300 0.000000 0.000000 150.000000 60.000000
1.3400 52.3900 7.9800 0.000000 0.000000 150.000000 60.000000
1.3500 52.8100 8.2100 0.000000 0.000000 151.000000 61.000000
1.3600 53.1800 8.4100 0.000000 0.000000 151.000000 61.000000
1.3700 53.1800 8.4100 0.000000 0.000000 151.000000 61.000000
1.3800 53.4400 8.6200 0.000000 0.000000 151.000000 61.000000
1.3900 53.3700 8.6900 0.000000 0.000000 153.000000 61.000000
1.4000 53.2100 8.7400 0.000000 0.000000 153.000000 61.000000
1.4100 53.0200 8.7900 0.000000 0.000000 153.000000 61.000000
1.4200 52.8100 8.8800 0.000000 0.000000 153.000000 61.000000
1.4300 52.6600 9.0000 0.000000 0.000000 153.000000 61.000000
1.4400 52.5600 9.1100 0.000000 0.000000 153.000000 61.000000
1.4500 52.5600 9.2000 0.000000 0.000000 153.000000 61.000000
1.4600 52.5600 9.2000 0.000000 0.000000 153.000000 61.000000
1.4700 52.5600 9.2000 0.000000 0.000000 153.000000 61.000000
1.4800 52.6300 9.1500 0.000000 0.000000 153.000000 61.000000
1.4900 52.7800 9.1500 0.000000 0.000000 153.000000 61.000000
1.5000 52.7000 9.0500 0.000000 0.000000 153.000000 61.000000
1.5100 52.7000 8.9800 0.000000 0.000000 153.000000 61.000000
1.5200 52.8200 8.8800 0.000000 0.000000 153.000000 61.000000
1.5300 52.9100 8.8200 0.000000 0.000000 153.000000 61.000000
1.5400 53.0300 8.7700 0.000000 0.000000 152.000000 62.000000
1.5500 53.2300 8.7700 0.000000 0.000000 152.000000 62.000000
1.5600 53.4100 8.7700 0.000000 0.000000 152.000000 62.000000
1.5700 53.5800 8.8600 0.000000 0.000000 152.000000 62.000000
1.5800 53.7500 8.9700 0.000000 0.000000 152.000000 62.000000
1.5900 53.9200 9.1500 0.000000 0.000000 153.000000 63.000000
1.6000 53.9200 9.1500 58.000000 1.000000 153.000000 63.000000
1.6100 54.1000 9.5700 158.000000 0.000000 153.000000 63.000000
1.6200 54.0400 9.7500 254.000000 0.000000 151.000000 64.000000
1.6300 53.8900 9.9400 348.000000 0.000000 151.000000 64.000000
1.6400 53.6700 10.1000 448.000000 0.000000 150.000000 65.000000
1.6500 53.4200 10.1000 477.000000 0.000000 150.000000 65.000000
1.6600 53.1700 10.0500 488.000000 0.000000 150.000000 65.000000
1.6700 52.8800 9.8100 491.000000 0.000000 150.000000 65.000000
1.6800 52.5600 9.5200 495.000000 0.000000 150.000000 65.000000
1.6900 52.4500 9.1400 481.000000 0.000000 150.000000 65.000000
1.7000 52.5100 8.7100 439.000000 0.000000 150.000000 65.000000
1.7100 52.6700 8.3200 399.000000 0.000000 150.000000 65.000000
1.7200 52.9800 8.1500 304.000000 0.000000 151.000000 64.000000
1.7300 53.3200 8.1500 139.000000 0.000000 151.000000 64.000000
1.7400 53.3200 8.1500 0.000000 1.000000 151.000000 64.000000
1.7500 54.0800 8.4600 0.000000 0.000000 153.000000 63.000000
1.7600 54.2900 8.7900 0.000000 0.000000 153.000000 63.000000
1.7700 54.4100 9.0200 0.000000 0.000000 153.000000 63.000000
1.7800 54.4100 9.2000 0.000000 0.000000 153.000000 63.000000
1.7900 54.4100 9.2000 17.000000 1.000000 151.000000 64.000000
1.8000 54.4100 9.2000 0.000000 1.000000 151.000000 64.000000
1.8100 54.4100 9.2000 0.000000 0.000000 150.000000 64.000000
1.8200 54.4100 9.2000 0.000000 0.000000 148.000000 65.000000
1.8300 54.4100 9.2000 0.000000 0.000000 150.000000 65.000000
1.8400 54.4100 9.2000 0.000000 0.000000 150.000000 65.000000
1.8500 54.8000 9.1600 0.000000 0.000000 150.000000 65.000000
1.8600 55.2500 9.2300 0.000000 0.000000 152.000000 65.000000
1.8700 55.8000 9.2900 0.000000 0.000000 153.000000 65.000000
1.8800 56.2900 9.3500 0.000000 0.000000 153.000000 65.000000
1.8900 56.6900 9.4200 0.000000 0.000000 156.000000 64.000000
1.9000 57.0300 9.4800 0.000000 0.000000 158.000000 64.000000
1.9100 57.1700 9.5400 0.000000 0.000000 158.000000 64.000000
1.9200 57.1700 9.6000 0.000000 0.000000 161.000000 64.000000
1.9300 57.1200 9.6000 0.000000 0.000000 163.000000 64.000000
1.9400 57.0100 9.6000 0.000000 0.000000 163.000000 64.000000
1.9500 56.8900 9.6800 0.000000 0.000000 165.000000 64.000000
1.9600 56.7600 9.6800 0.000000 0.000000 165.000000 64.000000
1.9700 56.7000 9.6800 0.000000 0.000000 165.000000 64.000000
1.9800 56.7000 9.6800 0.000000 0.000000 165.000000 65.000000
1.9900 56.7000 9.6300 0.000000 0.000000 165.000000 65.000000
2.0000 56.7000 9.6300 0.000000 0.000000 162.000000 65.000000
2.0100 56.7000 9.5800 0.000000 0.000000 162.000000 65.000000
2.0200 56.7000 9.5800 0.000000 0.000000 162.000000 65.000000
2.0300 56.5800 9.5800 0.000000 0.000000 162.000000 65.000000
2.0400 56.5800 9.5300 0.000000 0.000000 162.000000 65.000000
2.0500 56.5300 9.5300 0.000000 0.000000 162.000000 65.000000
2.0600 56.5300 9.4800 0.000000 0.000000 162.000000 65.000000
2.0700 56.4300 9.4800 0.000000 0.000000 160.000000 65.000000
2.0800 56.4300 9.4800 0.000000 0.000000 160.000000 65.000000
2.0900 56.3700 9.4800 0.000000 0.000000 160.000000 66.000000
2.1000 56.3700 9.4800 0.000000 0.000000 160.000000 66.000000
2.1100 56.3700 9.4800 0.000000 0.000000 160.000000 66.000000
2.1200 56.3700 9.4800 0.000000 0.000000 160.000000 66.000000
2.1300 56.3700 9.4800 0.000000 0.000000 160.000000 66.000000
2.1400 56.2800 9.4800 0.000000 0.000000 160.000000 65.000000
2.1500 56.2100 9.4800 0.000000 0.000000 160.000000 65.000000
2.1600 56.0800 9.4100 0.000000 0.000000 160.000000 65.000000
2.1700 55.9200 9.4100 0.000000 0.000000 160.000000 65.000000
2.1800 55.7400 9.3600 0.000000 0.000000 160.000000 65.000000
2.1900 55.5500 9.3600 0.000000 0.000000 160.000000 65.000000
2.2000 55.3600 9.2900 0.000000 0.000000 160.000000 65.000000
2.2100 55.1600 9.2900 0.000000 0.000000 159.000000 64.000000
2.2200 54.9600 9.2900 0.000000 0.000000 159.000000 64.000000
2.2300 54.8600 9.2900 0.000000 0.000000 159.000000 64.000000
2.2400 54.7600 9.2900 0.000000 0.000000 159.000000 64.000000
2.2500 54.6700 9.2900 0.000000 0.000000 157.000000 63.000000
2.2600 54.6000 9.2900 0.000000 0.000000 157.000000 63.000000
2.2700 54.6000 9.2900 0.000000 0.000000 157.000000 63.000000
2.2800 54.6000 9.3400 0.000000 0.000000 157.000000 63.000000
2.2900 54.5500 9.3400 0.000000 0.000000 157.000000 63.000000
2.3000 54.4900 9.2900 0.000000 0.000000 155.000000 63.000000
2.3100 54.3900 9.2900 0.000000 0.000000 155.000000 63.000000
2.3200 54.2700 9.2900 0.000000 0.000000 155.000000 63.000000
2.3300 54.1600 9.2900 0.000000 0.000000 154.000000 64.000000
2.3400 54.0800 9.2900 0.000000 0.000000 153.000000 63.000000
2.3500 54.0800 9.3500 0.000000 0.000000 153.000000 63.000000
2.3600 54.0800 9.4400 0.000000 0.000000 153.000000 63.000000
2.3700 54.1900 9.5300 0.000000 0.000000 151.000000 64.000000
2.3800 54.3100 9.6100 0.000000 0.000000 151.000000 64.000000
2.3900 54.3100 9.6100 200.000000 1.000000 151.000000 64.000000
2.4000 54.3100 9.6100 309.000000 0.000000 151.000000 64.000000
2.4100 54.3100 9.6100 398.000000 0.000000 150.000000 65.000000
2.4200 54.3100 9.6100 441.000000 0.000000 148.000000 65.000000
2.4300 54.3100 9.6100 458.000000 0.000000 148.000000 65.000000
2.4400 54.4400 9.3100 468.000000 0.000000 148.000000 65.000000
2.4500 54.4400 8.9600 452.000000 0.000000 148.000000 65.000000
2.4600 54.4400 8.5500 388.000000 0.000000 150.000000 65.000000
2.4700 54.4400 8.1800 210.000000 0.000000 150.000000 65.000000
2.4800 54.4400 8.1800 0.000000 1.000000 151.000000 64.000000
2.4900 54.6400 7.8500 0.000000 0.000000 151.000000 64.000000
2.5000 54.8600 8.0700 0.000000 0.000000 153.000000 63.000000
2.5100 55.1200 8.3900 0.000000 0.000000 154.000000 64.000000
2.5200 55.4600 8.7700 0.000000 0.000000 154.000000 64.000000
2.5300 55.8200 9.1300 0.000000 0.000000 155.000000 63.000000
2.5400 56.0800 9.4600 0.000000 0.000000 157.000000 63.000000
2.5500 56.2900 9.7300 0.000000 0.000000 157.000000 63.000000
2.5600 56.4400 9.9400 0.000000 0.000000 159.000000 64.000000
2.5700 56.5300 10.0800 0.000000 0.000000 159.000000 64.000000
2.5800 56.5300 10.0800 139.000000 1.000000 160.000000 65.000000
2.5900 56.5300 10.0800 363.000000 0.000000 160.000000 65.000000
2.6000 56.5300 10.0800 396.000000 0.000000 160.000000 65.000000
2.6100 56.5300 10.0800 469.000000 0.000000 160.000000 66.000000
2.6200 56.5300 10.0800 475.000000 0.000000 160.000000 66.000000
2.6300 56.5300 10.0800 473.000000 0.000000 159.000000 67.000000
2.6400 56.4200 9.7200 475.000000 0.000000 155.000000 67.000000
2.6500 56.4700 9.4600 468.000000 0.000000 155.000000 67.000000
2.6600 56.5200 9.1900 458.000000 0.000000 155.000000 67.000000
2.6700 56.5200 8.9400 448.000000 0.000000 155.000000 67.000000
2.6800 56.4300 8.7800 425.000000 0.000000 155.000000 67.000000
2.6900 56.4300 8.6700 394.000000 0.000000 155.000000 67.000000
2.7000 56.3700 8.6700 337.000000 0.000000 155.000000 67.000000
2.7100 56.3700 8.6700 244.000000 0.000000 155.000000 67.000000
2.7200 56.4800 8.8400 226.000000 0.000000 155.000000 67.000000
2.7300 56.5900 9.0500 235.000000 0.000000 155.000000 67.000000
2.7400 56.7400 9.3000 264.000000 0.000000 155.000000 67.000000
2.7500 56.9300 9.5900 314.000000 0.000000 155.000000 67.000000
2.7600 57.1800 9.9000 418.000000 0.000000 155.000000 67.000000
2.7700 57.4300 10.0500 517.000000 0.000000 155.000000 67.000000
2.7800 57.5900 10.1000 562.000000 0.000000 155.000000 67.000000
2.7900 57.7000 10.0500 606.000000 0.000000 155.000000 67.000000
2.8000 57.8000 9.9700 641.000000 0.000000 154.000000 68.000000
2.8100 57.8000 9.8000 655.000000 0.000000 156.000000 68.000000
2.8200 57.8000 9.5600 619.000000 0.000000 156.000000 68.000000
2.8300 57.8000 9.2900 481.000000 0.000000 156.000000 68.000000
2.8400 57.8000 9.0500 110.000000 0.000000 156.000000 68.000000
2.8500 57.8000 9.0500 0.000000 1.000000 156.000000 68.000000
2.8600 58.1600 9.0500 0.000000 0.000000 158.000000 67.000000
2.8700 58.4800 9.3600 0.000000 0.000000 158.000000 67.000000
2.8800 58.8100 9.6800 0.000000 0.000000 155.000000 67.000000
2.8900 59.2500 10.0100 0.000000 0.000000 153.000000 67.000000
2.9000 59.6500 10.2600 0.000000 0.000000 151.000000 66.000000
2.9100 59.8500 10.4400 0.000000 0.000000 150.000000 65.000000
2.9200 59.9300 10.5000 0.000000 0.000000 150.000000 65.000000
2.9300 59.8500 10.4400 0.000000 0.000000 148.000000 65.000000
2.9400 59.8500 10.4400 184.000000 1.000000 148.000000 65.000000
2.9500 59.5100 10.2100 119.000000 0.000000 148.000000 65.000000
2.9600 59.4600 10.1200 53.000000 0.000000 147.000000 65.000000
2.9700 59.4600 10.1200 0.000000 1.000000 149.000000 66.000000
2.9800 59.6700 9.9500 0.000000 0.000000 149.000000 66.000000
2.9900 60.0400 9.9500 0.000000 0.000000 149.000000 66.000000
3.0000 60.5500 9.9500 0.000000 0.000000 149.000000 66.000000
3.0100 61.0600 10.0200 0.000000 0.000000 149.000000 66.000000
3.0200 61.5900 10.1300 0.000000 0.000000 149.000000 66.000000
3.0300 61.9800 10.2500 0.000000 0.000000 149.000000 66.000000
3.0400 61.9800 10.2500 191.000000 1.000000 149.000000 66.000000
3.0500 62.3500 10.5400 312.000000 0.000000 151.000000 66.000000
3.0600 62.2500 10.7500 502.000000 0.000000 151.000000 66.000000
3.0700 62.0200 10.9200 614.000000 0.000000 150.000000 67.000000
3.0800 61.7000 11.0600 702.000000 0.000000 150.000000 67.000000
3.0900 61.3300 11.1400 737.000000 0.000000 150.000000 67.000000
3.1000 60.9300 11.1400 760.000000 0.000000 150.000000 67.000000
3.1100 60.4600 10.9100 753.000000 0.000000 150.000000 67.000000
3.1200 60.0400 10.6000 754.000000 0.000000 150.000000 67.000000
3.1300 59.8300 10.2800 733.000000 0.000000 150.000000 67.000000
3.1400 59.7500 9.9700 679.000000 0.000000 150.000000 67.000000
3.1500 59.8600 9.6800 633.000000 0.000000 150.000000 67.000000
3.1600 60.1700 9.6000 577.000000 0.000000 150.000000 67.000000
3.1700 60.6200 9.6000 453.000000 0.000000 150.000000 67.000000
3.1800 61.1600 9.9000 304.000000 0.000000 150.000000 67.000000
3.1900 61.7000 10.3100 252.000000 0.000000 150.000000 67.000000
3.2000 62.2500 10.8100 265.000000 0.000000 148.000000 67.000000
3.2100 62.6200 11.4000 301.000000 0.000000 148.000000 67.000000
3.2200 62.8700 12.2200 386.000000 0.000000 150.000000 67.000000
3.2300 63.0300 13.2000 491.000000 0.000000 150.000000 67.000000
3.2400 63.0300 13.7500 591.000000 0.000000 150.000000 67.000000
3.2500 62.9300 13.8200 616.000000 0.000000 150.000000 67.000000
3.2600 62.8400 13.5600 631.000000 0.000000 150.000000 67.000000
3.2700 62.5800 12.9900 628.000000 0.000000 151.000000 66.000000
3.2800 62.2000 12.0900 543.000000 0.000000 151.000000 66.000000
3.2900 61.9400 10.9700 253.000000 0.000000 151.000000 66.000000
3.3000 61.9400 10.9700 0.000000 1.000000 151.000000 66.000000
3.3100 62.0000 10.2300 0.000000 0.000000 149.000000 66.000000
3.3200 62.3600 10.2300 0.000000 0.000000 149.000000 66.000000
3.3300 62.9900 10.6200 0.000000 0.000000 149.000000 66.000000
3.3400 63.8000 11.1600 0.000000 0.000000 149.000000 66.000000
3.3500 64.7300 11.8400 0.000000 0.000000 152.000000 65.000000
3.3600 65.6600 12.5800 0.000000 0.000000 153.000000 65.000000
3.3700 66.2400 13.4400 0.000000 0.000000 154.000000 64.000000
3.3800 66.5800 14.3800 0.000000 0.000000 158.000000 62.000000
3.3900 66.7600 15.3500 0.000000 0.000000 162.000000 61.000000
3.4000 66.7600 16.2500 0.000000 0.000000 164.000000 60.000000
3.4100 66.5200 16.6900 0.000000 0.000000 167.000000 58.000000
3.4200 66.3100 16.8600 0.000000 0.000000 167.000000 57.000000
3.4300 66.3100 16.8600 241.000000 1.000000 168.000000 56.000000
3.4400 66.1500 16.4100 275.000000 0.000000 168.000000 56.000000
3.4500 66.3000 16.1200 354.000000 0.000000 168.000000 55.000000
3.4600 66.7100 15.8000 425.000000 0.000000 168.000000 56.000000
3.4700 67.4700 15.5200 440.000000 0.000000 168.000000 56.000000
3.4800 68.4700 15.4400 455.000000 0.000000 169.000000 57.000000
3.4900 69.4600 15.4400 458.000000 0.000000 169.000000 58.000000
3.5000 70.4100 15.6700 447.000000 0.000000 169.000000 58.000000
3.5100 71.3400 16.0100 443.000000 0.000000 170.000000 58.000000
3.5200 72.2200 16.4400 440.000000 0.000000 170.000000 59.000000
3.5300 72.9700 17.1200 431.000000 0.000000 172.000000 59.000000
3.5400 73.6300 17.8200 423.000000 0.000000 172.000000 59.000000
3.5500 74.0400 18.5400 446.000000 0.000000 173.000000 59.000000
3.5600 74.0400 18.8900 446.000000 0.000000 173.000000 59.000000
3.5700 73.7500 18.8900 456.000000 0.000000 174.000000 58.000000
3.5800 72.9700 18.6100 477.000000 0.000000 172.000000 59.000000
3.5900 72.0900 17.8200 496.000000 0.000000 172.000000 59.000000
3.6000 71.1500 16.6900 540.000000 0.000000 172.000000 59.000000
3.6100 70.4900 15.3300 520.000000 0.000000 172.000000 59.000000
3.6200 69.7900 13.8700 483.000000 0.000000 171.000000 60.000000
3.6300 69.0600 12.3600 445.000000 0.000000 171.000000 61.000000
3.6400 68.6000 10.8200 425.000000 0.000000 171.000000 62.000000
3.6500 68.1200 10.0000 361.000000 0.000000 170.000000 63.000000
3.6600 67.5900 9.3900 311.000000 0.000000 168.000000 63.000000
3.6700 66.9500 8.9200 282.000000 0.000000 167.000000 64.000000
3.6800 66.2800 8.7000 214.000000 0.000000 167.000000 65.000000
3.6900 65.5900 8.7600 223.000000 0.000000 166.000000 66.000000
3.7000 64.9400 9.0100 244.000000 0.000000 164.000000 66.000000
3.7100 64.4900 9.2500 237.000000 0.000000 164.000000 66.000000
3.7200 64.1700 9.4900 247.000000 0.000000 162.000000 66.000000
3.7300 64.1700 9.6900 265.000000 0.000000 162.000000 66.000000
3.7400 64.4000 9.8200 317.000000 0.000000 159.000000 67.000000
3.7500 64.8200 9.9100 327.000000 0.000000 156.000000 66.000000
3.7600 65.5300 9.9100 332.000000 0.000000 156.000000 66.000000
3.7700 66.2700 9.9100 330.000000 0.000000 156.000000 66.000000
3.7800 67.0800 9.9100 309.000000 0.000000 156.000000 66.000000
3.7900 67.8900 9.9700 171.000000 0.000000 156.000000 66.000000
3.8000 67.8900 9.9700 0.000000 1.000000 159.000000 67.000000
3.8100 69.2600 10.0500 0.000000 0.000000 159.000000 67.000000
3.8200 69.6600 10.1200 0.000000 0.000000 159.000000 67.000000
3.8300 69.9000 10.2200 0.000000 0.000000 161.000000 67.000000
3.8400 70.0400 10.3100 0.000000 0.000000 162.000000 66.000000
3.8500 70.4300 10.3800 0.000000 0.000000 162.000000 66.000000
3.8600 70.8600 10.3800 0.000000 0.000000 162.000000 65.000000
3.8700 71.3800 10.3800 0.000000 0.000000 163.000000 64.000000
3.8800 71.9600 10.3100 0.000000 0.000000 161.000000 64.000000
3.8900 72.4100 10.2100 0.000000 0.000000 161.000000 64.000000
3.9000 72.4100 10.2100 507.000000 1.000000 162.000000 63.000000
3.9100 72.9300 10.0300 655.000000 0.000000 163.000000 64.000000
3.9200 72.9300 10.0300 771.000000 0.000000 163.000000 64.000000
3.9300 72.9300 10.0300 823.000000 0.000000 163.000000 64.000000
3.9400 72.9300 10.0300 809.000000 0.000000 165.000000 65.000000
3.9500 72.9300 10.0300 700.000000 0.000000 164.000000 66.000000
3.9600 72.9300 10.0300 48.000000 0.000000 163.000000 67.000000
3.9700 72.9300 10.0300 0.000000 1.000000 163.000000 67.000000
3.9800 72.4800 10.0300 0.000000 0.000000 163.000000 67.000000
3.9900 71.9000 9.9700 0.000000 0.000000 163.000000 67.000000
4.0000 70.9700 9.8400 0.000000 0.000000 163.000000 67.000000
4.0100 69.8100 9.6400 0.000000 0.000000 164.000000 66.000000
4.0200 67.9500 9.3800 0.000000 0.000000 163.000000 64.000000
4.0300 65.8700 8.9400 0.000000 0.000000 164.000000 63.000000
4.0400 63.6400 8.3700 0.000000 0.000000 163.000000 61.000000
4.0500 61.4800 7.7400 0.000000 0.000000 161.000000 60.000000
4.0600 59.3500 6.9500 0.000000 0.000000 160.000000 58.000000
4.0700 57.3000 6.0600 0.000000 0.000000 159.000000 57.000000
4.0800 55.6500 5.1400 0.000000 0.000000 160.000000 56.000000
4.0900 54.2600 4.3800 0.000000 0.000000 160.000000 55.000000
4.1000 52.9800 3.7200 0.000000 0.000000 160.000000 55.000000
4.1100 51.9300 3.3400 0.000000 0.000000 161.000000 55.000000
4.1200 51.0400 3.0700 0.000000 0.000000 161.000000 55.000000
4.1300 50.4500 2.8800 0.000000 0.000000 160.000000 55.000000
4.1400 49.8900 2.8800 0.000000 0.000000 160.000000 55.000000
4.1500 49.4400 3.0100 0.000000 0.000000 160.000000 55.000000
4.1600 49.0600 3.1700 0.000000 0.000000 160.000000 55.000000
4.1700 48.6800 3.3000 0.000000 0.000000 159.000000 55.000000
4.1800 48.2400 3.4600 0.000000 0.000000 157.000000 56.000000
4.1900 47.7500 3.6400 0.000000 0.000000 157.000000 56.000000
4.2000 47.3500 3.7100 0.000000 0.000000 158.000000 56.000000
4.2100 47.0000 3.7100 0.000000 0.000000 160.000000 56.000000
4.2200 46.8200 3.7100 0.000000 0.000000 161.000000 57.000000
4.2300 46.7400 3.7100 0.000000 0.000000 164.000000 58.000000
4.2400 46.7400 3.7100 0.000000 0.000000 165.000000 58.000000
4.2500 46.6900 3.7100 0.000000 0.000000 167.000000 58.000000
4.2600 46.6900 3.7700 0.000000 0.000000 170.000000 59.000000
4.2700 46.6900 3.7700 0.000000 0.000000 172.000000 59.000000
4.2800 46.6000 3.7700 0.000000 0.000000 171.000000 60.000000
4.2900 46.5100 3.7200 0.000000 0.000000 171.000000 60.000000
4.3000 46.4300 3.7200 0.000000 0.000000 171.000000 60.000000
4.3100 46.3600 3.6600 0.000000 0.000000 170.000000 60.000000
4.3200 46.4300 3.6600 0.000000 0.000000 169.000000 61.000000
4.3300 46.5900 3.7600 0.000000 0.000000 169.000000 61.000000
4.3400 46.9400 3.8700 0.000000 0.000000 169.000000 61.000000
4.3500 47.3200 4.0100 0.000000 0.000000 169.000000 62.000000
4.3600 47.7200 4.2300 0.000000 0.000000 169.000000 62.000000
4.3700 47.7200 4.2300 63.000000 1.000000 167.000000 61.000000
4.3800 48.2400 4.8200 139.000000 0.000000 167.000000 61.000000
4.3900 48.3300 5.1400 301.000000 0.000000 165.000000 61.000000
4.4000 48.2000 5.4400 379.000000 0.000000 165.000000 61.000000
4.4100 47.9100 5.7000 497.000000 0.000000 163.000000 61.000000
4.4200 47.5200 5.8500 546.000000 0.000000 163.000000 61.000000
4.4300 47.0300 5.8500 564.000000 0.000000 164.000000 60.000000
4.4400 46.5600 5.7400 570.000000 0.000000 162.000000 60.000000
4.4500 46.0900 5.4700 594.000000 0.000000 162.000000 60.000000
4.4600 45.8800 5.2100 588.000000 0.000000 165.000000 59.000000
4.4700 45.8800 4.9700 586.000000 0.000000 164.000000 60.000000
4.4800 45.9400 4.6200 578.000000 0.000000 164.000000 60.000000
4.4900 46.3100 4.2600 567.000000 0.000000 164.000000 60.000000
4.5000 46.8700 3.8700 546.000000 0.000000 163.000000 61.000000
4.5100 47.4300 3.4800 522.000000 0.000000 163.000000 62.000000
4.5200 47.7300 3.1100 490.000000 0.000000 162.000000 63.000000
4.5300 47.8600 2.8200 467.000000 0.000000 161.000000 64.000000
4.5400 47.6000 2.4900 460.000000 0.000000 160.000000 65.000000
4.5500 47.1000 2.1600 453.000000 0.000000 160.000000 66.000000
4.5600 46.4300 1.9300 453.000000 0.000000 159.000000 67.000000
4.5700 45.9600 1.7800 452.000000 0.000000 158.000000 67.000000
4.5800 45.5500 1.7800 455.000000 0.000000 158.000000 67.000000
4.5900 45.4100 2.0000 442.000000 0.000000 158.000000 67.000000
4.6000 45.4100 2.3400 448.000000 0.000000 158.000000 67.000000
4.6100 45.6800 2.7400 441.000000 0.000000 155.000000 67.000000
4.6200 46.1500 3.1600 449.000000 0.000000 155.000000 67.000000
4.6300 46.7600 3.5900 455.000000 0.000000 155.000000 67.000000
4.6400 47.3800 3.8900 468.000000 0.000000 155.000000 67.000000
4.6500 47.9700 4.1400 477.000000 0.000000 155.000000 67.000000
4.6600 48.4500 4.2900 494.000000 0.000000 156.000000 66.000000
4.6700 48.8600 4.3800 510.000000 0.000000 156.000000 66.000000
4.6800 48.8600 4.3800 512.000000 0.000000 157.000000 65.000000
4.6900 48.8600 4.3800 540.000000 0.000000 157.000000 65.000000
4.7000 48.8800 4.0700 536.000000 0.000000 157.000000 65.000000
4.7100 48.7400 3.8000 540.000000 0.000000 155.000000 65.000000
4.7200 48.5600 3.3600 543.000000 0.000000 155.000000 65.000000
4.7300 48.3600 2.7900 546.000000 0.000000 155.000000 65.000000
4.7400 48.2700 2.3800 515.000000 0.000000 152.000000 65.000000
4.7500 48.3600 2.0600 498.000000 0.000000 152.000000 65.000000
4.7600 48.5600 1.8100 483.000000 0.000000 151.000000 66.000000
4.7700 48.8600 1.9500 458.000000 0.000000 150.000000 67.000000
4.7800 49.1800 2.2300 430.000000 0.000000 150.000000 67.000000
4.7900 49.5400 2.6100 417.000000 0.000000 150.000000 67.000000
4.8000 49.9300 3.1700 410.000000 0.000000 150.000000 67.000000
4.8100 50.3100 3.7600 422.000000 0.000000 150.000000 67.000000
4.8200 50.4600 4.3800 444.000000 0.000000 150.000000 67.000000
4.8300 50.4600 5.0100 491.000000 0.000000 153.000000 67.000000
4.8400 50.2800 5.4300 507.000000 0.000000 154.000000 66.000000
4.8500 49.9800 5.7100 512.000000 0.000000 155.000000 65.000000
4.8600 49.6100 5.7100 494.000000 0.000000 156.000000 64.000000
4.8700 49.2900 5.6200 415.000000 0.000000 157.000000 63.000000
4.8800 49.0100 5.3700 214.000000 0.000000 158.000000 62.000000
4.8900 49.0100 5.3700 0.000000 1.000000 159.000000 61.000000
4.9000 49.2600 4.9300 0.000000 0.000000 160.000000 60.000000
4.9100 49.6600 4.8500 0.000000 0.000000 160.000000 60.000000
4.9200 50.1100 4.9800 0.000000 0.000000 160.000000 60.000000
4.9300 50.6500 5.2000 0.000000 0.000000 161.000000 60.000000
4.9400 51.2900 5.4800 0.000000 0.000000 161.000000 60.000000
4.9500 52.0000 6.0200 0.000000 0.000000 159.000000 59.000000
4.9600 52.7800 6.6200 0.000000 0.000000 160.000000 58.000000
4.9700 53.3300 7.2700 0.000000 0.000000 160.000000 58.000000
4.9800 53.3300 7.2700 418.000000 1.000000 160.000000 58.000000
4.9900 53.8000 8.7100 494.000000 0.000000 160.000000 58.000000
5.0000 53.8000 8.9500 578.000000 0.000000 160.000000 58.000000
5.0100 53.7400 8.9500 641.000000 0.000000 160.000000 58.000000
5.0200 53.6400 8.6300 696.000000 0.000000 160.000000 58.000000
5.0300 53.5600 7.9400 733.000000 0.000000 159.000000 59.000000
5.0400 53.5000 6.9800 722.000000 0.000000 159.000000 59.000000
5.0500 53.3200 5.8000 707.000000 0.000000 161.000000 60.000000
5.0600 53.0700 4.7800 675.000000 0.000000 160.000000 60.000000
5.0700 52.8500 3.8700 616.000000 0.000000 160.000000 60.000000
5.0800 52.6500 3.2300 533.000000 0.000000 159.000000 61.000000
5.0900 52.5100 2.9900 453.000000 0.000000 158.000000 62.000000
5.1000 52.4400 2.9900 344.000000 0.000000 157.000000 63.000000
5.1100 52.4400 3.3300 282.000000 0.000000 156.000000 64.000000
5.1200 52.3800 3.8500 291.000000 0.000000 155.000000 65.000000
5.1300 52.3100 4.5100 301.000000 0.000000 154.000000 66.000000
5.1400 52.0700 5.1200 334.000000 0.000000 154.000000 66.000000
5.1500 51.7700 5.5300 392.000000 0.000000 154.000000 66.000000
5.1600 51.4400 5.8100 450.000000 0.000000 155.000000 65.000000
5.1700 51.1500 5.9400 465.000000 0.000000 157.000000 63.000000
5.1800 51.0300 5.9400 468.000000 0.000000 158.000000 62.000000
5.1900 51.0300 5.7800 483.000000 0.000000 159.000000 61.000000
5.2000 51.2100 5.6500 493.000000 0.000000 160.000000 60.000000
5.2100 51.6900 5.5700 488.000000 0.000000 161.000000 60.000000
5.2200 52.3600 5.5700 465.000000 0.000000 161.000000 60.000000
5.2300 53.2500 5.5700 460.000000 0.000000 161.000000 60.000000
5.2400 54.1600 5.7800 440.000000 0.000000 161.000000 59.000000
5.2500 54.9400 5.9900 417.000000 0.000000 161.000000 59.000000
5.2600 55.6300 6.2200 415.000000 0.000000 163.000000 59.000000
5.2700 55.9600 6.3600 467.000000 0.000000 163.000000 59.000000
5.2800 55.9600 6.4700 535.000000 0.000000 163.000000 59.000000
5.2900 55.8200 6.5300 551.000000 0.000000 165.000000 59.000000
5.3000 55.4800 6.5300 592.000000 0.000000 165.000000 59.000000
5.3100 55.1000 6.3900 613.000000 0.000000 165.000000 58.000000
5.3200 54.7000 6.1600 617.000000 0.000000 165.000000 58.000000
5.3300 54.4800 5.8400 613.000000 0.000000 165.000000 58.000000
5.3400 54.6100 5.4700 586.000000 0.000000 165.000000 59.000000
5.3500 54.9800 5.1100 542.000000 0.000000 165.000000 59.000000
5.3600 55.8200 4.9900 513.000000 0.000000 164.000000 60.000000
5.3700 57.1800 4.9900 449.000000 0.000000 165.000000 61.000000
5.3800 58.8800 5.3000 407.000000 0.000000 165.000000 61.000000
5.3900 60.5300 5.7600 364.000000 0.000000 165.000000 61.000000
5.4000 62.0600 6.3500 344.000000 0.000000 165.000000 61.000000
5.4100 63.5100 7.0800 366.000000 0.000000 163.000000 61.000000
5.4200 64.3200 7.9300 400.000000 0.000000 163.000000 61.000000
5.4300 64.5600 8.8600 518.000000 0.000000 163.000000 61.000000
5.4400 64.4100 9.7600 539.000000 0.000000 163.000000 61.000000
5.4500 63.8500 10.2600 610.000000 0.000000 163.000000 61.000000
5.4600 63.0300 10.5000 619.000000 0.000000 165.000000 61.000000
5.4700 62.0400 10.3200 640.000000 0.000000 165.000000 62.000000
5.4800 61.1900 9.8500 656.000000 0.000000 165.000000 62.000000
5.4900 60.7500 9.2000 663.000000 0.000000 166.000000 62.000000
5.5000 60.5700 8.4200 676.000000 0.000000 166.000000 62.000000
5.5100 60.7700 7.6400 678.000000 0.000000 168.000000 63.000000
5.5200 61.0000 6.6900 687.000000 0.000000 168.000000 63.000000
5.5300 61.0000 5.6300 690.000000 0.000000 170.000000 63.000000
5.5400 60.7700 4.6700 722.000000 0.000000 171.000000 62.000000
5.5500 59.9400 3.7500 780.000000 0.000000 170.000000 63.000000
5.5600 58.3800 2.8700 854.000000 0.000000 170.000000 63.000000
5.5700 56.3300 1.9300 944.000000 0.000000 168.000000 63.000000
5.5800 53.8400 0.9700 983.000000 0.000000 167.000000 64.000000
5.5900 50.6300 0.0000 984.000000 0.000000 166.000000 66.000000
5.6000 46.9500 0.0000 993.000000 0.000000 165.000000 67.000000
5.6100 44.0800 0.0000 982.000000 0.000000 165.000000 68.000000
5.6200 42.6100 0.0000 872.000000 0.000000 165.000000 68.000000
5.6300 42.0800 0.0000 617.000000 0.000000 162.000000 68.000000
