0.0000 18.4100 13.6300 47.000000 1.000000 149.000000 51.000000
0.0100 18.2900 14.0800 71.000000 0.000000 148.000000 50.000000
0.0200 18.2200 14.2400 119.000000 0.000000 148.000000 50.000000
0.0300 18.1400 14.3600 129.000000 0.000000 148.000000 50.000000
0.0400 18.0100 14.4400 172.000000 0.000000 146.000000 50.000000
0.0500 17.8800 14.5100 220.000000 0.000000 146.000000 50.000000
0.0600 17.7800 14.5700 246.000000 0.000000 146.000000 50.000000
0.0700 17.6800 14.6700 265.000000 0.000000 146.000000 50.000000
0.0800 17.5800 14.9100 297.000000 0.000000 146.000000 50.000000
0.0900 17.4700 15.2400 319.000000 0.000000 145.000000 50.000000
0.1000 17.4100 15.5500 327.000000 0.000000 146.000000 49.000000
0.1100 17.4100 15.8900 334.000000 0.000000 146.000000 49.000000
0.1200 17.3600 16.2500 353.000000 0.000000 147.000000 48.000000
0.1300 17.3600 16.5000 364.000000 0.000000 147.000000 48.000000
0.1400 17.3600 16.7300 361.000000 0.000000 148.000000 47.000000
0.1500 17.3600 16.9000 369.000000 0.000000 148.000000 47.000000
0.1600 17.3600 16.9800 379.000000 0.000000 147.000000 48.000000
0.1700 17.3600 16.9800 386.000000 0.000000 147.000000 49.000000
0.1800 17.4100 16.9800 389.000000 0.000000 146.000000 50.000000
0.1900 17.4100 16.9200 396.000000 0.000000 145.000000 51.000000
0.2000 17.4800 16.6500 388.000000 0.000000 144.000000 51.000000
0.2100 17.5900 16.2400 394.000000 0.000000 144.000000 51.000000
0.2200 17.6700 15.4300 400.000000 0.000000 144.000000 51.000000
0.2300 17.7400 14.4300 404.000000 0.000000 144.000000 51.000000
0.2400 17.8200 13.3000 410.000000 0.000000 145.000000 51.000000
0.2500 18.0300 12.1700 417.000000 0.000000 146.000000 50.000000
0.2600 18.2700 11.0700 423.000000 0.000000 146.000000 50.000000
0.2700 18.5400 10.3200 444.000000 0.000000 148.000000 50.000000
0.2800 18.7700 9.7800 455.000000 0.000000 148.000000 50.000000
0.2900 18.8900 9.3600 456.000000 0.000000 147.000000 51.000000
0.3000 18.9400 9.1600 472.000000 0.000000 148.000000 51.000000
0.3100 18.9400 9.1600 512.000000 0.000000 148.000000 51.000000
0.3200 18.9400 9.1600 521.000000 0.000000 148.000000 51.000000
0.3300 18.7800 9.3400 516.000000 0.000000 148.000000 51.000000
0.3400 18.5500 9.6500 492.000000 0.000000 148.000000 51.000000
0.3500 18.1600 10.2600 491.000000 0.000000 148.000000 51.000000
0.3600 17.8000 11.1200 452.000000 0.000000 148.000000 51.000000
0.3700 17.4500 12.1600 436.000000 0.000000 148.000000 51.000000
0.3800 17.2100 13.2800 431.000000 0.000000 148.000000 51.000000
0.3900 17.0000 14.1600 431.000000 0.000000 147.000000 51.000000
0.4000 16.8100 14.8800 433.000000 0.000000 147.000000 51.000000
0.4100 16.6400 15.3400 441.000000 0.000000 146.000000 50.000000
0.4200 16.5200 15.6200 438.000000 0.000000 146.000000 50.000000
0.4300 16.5800 15.7700 435.000000 0.000000 147.000000 49.000000
0.4400 16.7400 15.8600 433.000000 0.000000 147.000000 48.000000
0.4500 16.9000 15.9500 433.000000 0.000000 147.000000 48.000000
0.4600 17.3200 16.0400 431.000000 0.000000 148.000000 47.000000
0.4700 17.9200 16.1000 428.000000 0.000000 148.000000 47.000000
0.4800 18.6000 16.1000 430.000000 0.000000 148.000000 47.000000
0.4900 19.2900 15.8800 428.000000 0.000000 150.000000 47.000000
0.5000 19.9700 15.6300 428.000000 0.000000 149.000000 48.000000
0.5100 20.5500 15.2600 440.000000 0.000000 150.000000 48.000000
0.5200 21.0500 14.8500 441.000000 0.000000 150.000000 48.000000
0.5300 21.3700 14.3700 443.000000 0.000000 151.000000 49.000000
0.5400 21.6000 13.9100 443.000000 0.000000 151.000000 50.000000
0.5500 21.7700 13.4600 448.000000 0.000000 150.000000 51.000000
0.5600 21.9300 12.9500 449.000000 0.000000 150.000000 52.000000
0.5700 22.0600 12.4000 443.000000 0.000000 150.000000 52.000000
0.5800 22.1800 11.7700 453.000000 0.000000 151.000000 53.000000
0.5900 22.1800 11.0800 455.000000 0.000000 151.000000 53.000000
0.6000 22.1800 10.5300 465.000000 0.000000 150.000000 54.000000
0.6100 22.0700 10.0800 466.000000 0.000000 150.000000 54.000000
0.6200 22.0100 9.8500 464.000000 0.000000 150.000000 54.000000
0.6300 21.8800 9.6900 488.000000 0.000000 150.000000 54.000000
0.6400 21.7100 9.5700 512.000000 0.000000 150.000000 54.000000
0.6500 21.4500 9.5000 546.000000 0.000000 150.000000 54.000000
0.6600 21.2000 9.5000 545.000000 0.000000 150.000000 54.000000
0.6700 20.8600 9.5500 561.000000 0.000000 150.000000 54.000000
0.6800 20.4600 9.6200 570.000000 0.000000 150.000000 54.000000
0.6900 20.0500 9.7100 592.000000 0.000000 150.000000 54.000000
0.7000 19.6500 9.8200 610.000000 0.000000 151.000000 53.000000
0.7100 19.2600 9.9300 617.000000 0.000000 151.000000 53.000000
0.7200 18.8600 10.0300 613.000000 0.000000 149.000000 53.000000
0.7300 18.4700 10.1100 602.000000 0.000000 149.000000 53.000000
0.7400 18.2300 10.2200 578.000000 0.000000 148.000000 53.000000
0.7500 18.0900 10.3100 544.000000 0.000000 148.000000 53.000000
0.7600 18.0900 10.4100 465.000000 0.000000 147.000000 52.000000
0.7700 18.0900 10.4700 361.000000 0.000000 147.000000 52.000000
0.7800 18.2300 10.5200 187.000000 0.000000 148.000000 51.000000
0.7900 18.2300 10.5200 0.000000 1.000000 147.000000 51.000000
0.8000 18.8400 10.8000 0.000000 0.000000 147.000000 51.000000
0.8100 19.2000 10.8000 0.000000 0.000000 148.000000 51.000000
0.8200 19.5900 10.8000 0.000000 0.000000 148.000000 51.000000
0.8300 20.0500 10.8000 0.000000 0.000000 148.000000 51.000000
0.8400 20.6000 10.7100 0.000000 0.000000 149.000000 52.000000
0.8500 21.2200 10.6400 0.000000 0.000000 150.000000 51.000000
0.8600 21.8300 10.5700 0.000000 0.000000 150.000000 51.000000
0.8700 22.3600 10.5100 0.000000 0.000000 150.000000 51.000000
0.8800 22.8500 10.5100 0.000000 0.000000 151.000000 50.000000
0.8900 23.2500 10.5100 0.000000 0.000000 151.000000 50.000000
0.9000 23.6000 10.5100 0.000000 0.000000 151.000000 50.000000
0.9100 23.9200 10.6200 0.000000 0.000000 151.000000 50.000000
0.9200 24.1900 10.7100 0.000000 0.000000 151.000000 50.000000
0.9300 24.3300 10.8100 0.000000 0.000000 150.000000 51.000000
0.9400 24.3900 10.8800 0.000000 0.000000 150.000000 51.000000
0.9500 24.3300 10.9500 0.000000 0.000000 151.000000 51.000000
0.9600 24.2700 10.9500 0.000000 0.000000 151.000000 51.000000
0.9700 24.2000 11.0500 0.000000 0.000000 150.000000 52.000000
0.9800 24.2000 11.1000 0.000000 0.000000 150.000000 52.000000
0.9900 24.2000 11.1600 0.000000 0.000000 150.000000 52.000000
1.0000 24.2500 11.2100 0.000000 0.000000 150.000000 52.000000
1.0100 24.3300 11.2600 0.000000 0.000000 149.000000 53.000000
1.0200 24.4300 11.3100 0.000000 0.000000 148.000000 53.000000
1.0300 24.5300 11.3100 0.000000 0.000000 149.000000 53.000000
1.0400 24.6100 11.3100 0.000000 0.000000 148.000000 54.000000
1.0500 24.6600 11.3700 0.000000 0.000000 148.000000 54.000000
1.0600 24.6600 11.3700 0.000000 0.000000 150.000000 54.000000
1.0700 24.6600 11.3700 0.000000 0.000000 150.000000 54.000000
1.0800 24.6600 11.3700 0.000000 0.000000 150.000000 54.000000
1.0900 24.6600 11.3700 0.000000 0.000000 151.000000 54.000000
1.1000 24.7100 11.3700 0.000000 0.000000 151.000000 54.000000
1.1100 24.7100 11.3700 0.000000 0.000000 151.000000 54.000000
1.1200 24.7100 11.3700 63.000000 1.000000 151.000000 54.000000
1.1300 24.7100 11.3700 103.000000 0.000000 150.000000 55.000000
1.1400 24.7100 11.3700 124.000000 0.000000 150.000000 55.000000
1.1500 24.7100 11.3700 132.000000 0.000000 150.000000 55.000000
1.1600 24.7100 11.3700 158.000000 0.000000 150.000000 55.000000
1.1700 24.7100 11.3700 173.000000 0.000000 150.000000 55.000000
1.1800 24.7100 11.3700 223.000000 0.000000 150.000000 55.000000
1.1900 24.7100 11.3700 272.000000 0.000000 150.000000 55.000000
1.2000 24.7100 11.3700 307.000000 0.000000 150.000000 55.000000
1.2100 24.7100 11.3700 333.000000 0.000000 150.000000 55.000000
1.2200 24.4200 11.4800 394.000000 0.000000 150.000000 55.000000
1.2300 24.3000 11.4000 405.000000 0.000000 150.000000 55.000000
1.2400 24.1000 11.3200 430.000000 0.000000 150.000000 55.000000
1.2500 23.8300 11.2300 438.000000 0.000000 150.000000 55.000000
1.2600 23.5200 11.1600 455.000000 0.000000 150.000000 55.000000
1.2700 23.3000 11.1000 471.000000 0.000000 149.000000 55.000000
1.2800 23.1000 10.9600 467.000000 0.000000 149.000000 55.000000
1.2900 22.9600 10.8400 477.000000 0.000000 149.000000 55.000000
1.3000 22.9100 10.7300 483.000000 0.000000 150.000000 54.000000
1.3100 22.9100 10.6300 486.000000 0.000000 150.000000 54.000000
1.3200 22.9900 10.4900 490.000000 0.000000 150.000000 54.000000
1.3300 23.0800 10.4000 490.000000 0.000000 150.000000 54.000000
1.3400 23.2300 10.3500 495.000000 0.000000 150.000000 54.000000
1.3500 23.4200 10.2500 496.000000 0.000000 150.000000 54.000000
1.3600 23.6400 10.2500 492.000000 0.000000 151.000000 54.000000
1.3700 23.8800 10.2500 491.000000 0.000000 151.000000 54.000000
1.3800 24.1500 10.2500 494.000000 0.000000 151.000000 54.000000
1.3900 24.4300 10.3000 497.000000 0.000000 151.000000 54.000000
1.4000 24.6200 10.4200 497.000000 0.000000 151.000000 54.000000
1.4100 24.7800 10.5500 499.000000 0.000000 150.000000 55.000000
1.4200 24.8500 10.6400 501.000000 0.000000 150.000000 55.000000
1.4300 24.8500 10.6400 499.000000 0.000000 150.000000 55.000000
1.4400 24.9200 10.7300 496.000000 0.000000 150.000000 55.000000
1.4500 24.9200 10.7800 492.000000 0.000000 150.000000 55.000000
1.4600 25.0000 10.7800 498.000000 0.000000 150.000000 55.000000
1.4700 25.0000 10.7800 495.000000 0.000000 150.000000 55.000000
1.4800 25.0700 10.7800 495.000000 0.000000 150.000000 55.000000
1.4900 25.0700 10.7800 496.000000 0.000000 150.000000 55.000000
1.5000 25.1700 10.7800 499.000000 0.000000 150.000000 55.000000
1.5100 25.2800 10.7000 512.000000 0.000000 150.000000 55.000000
1.5200 25.4500 10.6400 516.000000 0.000000 150.000000 55.000000
1.5300 25.6700 10.5500 530.000000 0.000000 152.000000 56.000000
1.5400 25.8800 10.4600 537.000000 0.000000 152.000000 56.000000
1.5500 26.0900 10.4600 538.000000 0.000000 152.000000 56.000000
1.5600 26.2800 10.4100 524.000000 0.000000 152.000000 56.000000
1.5700 26.5000 10.4100 494.000000 0.000000 153.000000 56.000000
1.5800 26.6000 10.4100 433.000000 0.000000 153.000000 56.000000
1.5900 26.6000 10.4100 269.000000 0.000000 153.000000 56.000000
1.6000 26.6000 10.4100 0.000000 1.000000 153.000000 56.000000
1.6100 26.6500 10.5300 0.000000 0.000000 153.000000 56.000000
1.6200 26.6500 10.6600 0.000000 0.000000 153.000000 56.000000
1.6300 26.5300 10.7700 0.000000 0.000000 154.000000 56.000000
1.6400 26.5300 10.8500 0.000000 0.000000 154.000000 56.000000
1.6500 26.5300 10.8500 0.000000 0.000000 154.000000 56.000000
1.6600 26.5300 10.8500 0.000000 0.000000 154.000000 56.000000
1.6700 26.4700 10.7500 0.000000 0.000000 155.000000 55.000000
1.6800 26.2900 10.6800 0.000000 0.000000 155.000000 54.000000
1.6900 26.0400 10.6800 0.000000 0.000000 157.000000 54.000000
1.7000 25.6400 10.6100 0.000000 0.000000 158.000000 53.000000
1.7100 25.2100 10.6100 0.000000 0.000000 159.000000 51.000000
1.7200 24.7600 10.6100 0.000000 0.000000 160.000000 50.000000
1.7300 24.4300 10.5100 0.000000 0.000000 162.000000 50.000000
1.7400 24.4300 10.4500 0.000000 0.000000 163.000000 48.000000
1.7500 24.6000 10.3600 0.000000 0.000000 163.000000 47.000000
1.7600 24.7900 10.1800 0.000000 0.000000 165.000000 46.000000
1.7700 25.0500 9.9400 0.000000 0.000000 166.000000 45.000000
1.7800 25.1200 9.8300 0.000000 0.000000 166.000000 44.000000
1.7900 25.0300 9.7500 0.000000 0.000000 167.000000 43.000000
1.8000 25.0300 9.6800 0.000000 0.000000 168.000000 43.000000
1.8100 25.0300 9.5100 0.000000 0.000000 169.000000 44.000000
1.8200 25.0300 9.3200 0.000000 0.000000 170.000000 43.000000
1.8300 25.0300 9.3200 0.000000 0.000000 171.000000 43.000000
1.8400 25.4300 8.9800 0.000000 0.000000 171.000000 43.000000
1.8500 25.6600 8.9800 0.000000 0.000000 171.000000 43.000000
1.8600 25.9600 8.9800 0.000000 0.000000 171.000000 43.000000
1.8700 26.2500 8.9800 0.000000 0.000000 170.000000 44.000000
1.8800 26.3700 8.9800 0.000000 0.000000 170.000000 45.000000
1.8900 26.3700 8.9800 0.000000 0.000000 169.000000 45.000000
1.9000 26.3700 8.9800 0.000000 0.000000 168.000000 46.000000
1.9100 26.3700 8.8900 0.000000 0.000000 168.000000 46.000000
1.9200 26.4500 8.8300 0.000000 0.000000 167.000000 47.000000
1.9300 26.6900 8.7500 0.000000 0.000000 164.000000 48.000000
1.9400 27.0500 8.6700 0.000000 0.000000 161.000000 48.000000
1.9500 27.3600 8.6700 0.000000 0.000000 159.000000 48.000000
1.9600 27.6200 8.6700 0.000000 0.000000 156.000000 48.000000
1.9700 27.8500 8.6700 0.000000 0.000000 152.000000 48.000000
1.9800 27.9500 8.7200 0.000000 0.000000 149.000000 48.000000
1.9900 27.9500 8.7200 0.000000 0.000000 147.000000 48.000000
2.0000 27.9500 8.6700 0.000000 0.000000 146.000000 49.000000
2.0100 27.9000 8.6700 0.000000 0.000000 146.000000 49.000000
2.0200 27.8400 8.7200 0.000000 0.000000 145.000000 50.000000
2.0300 27.8400 8.8300 0.000000 0.000000 146.000000 50.000000
2.0400 27.7800 8.9600 0.000000 0.000000 146.000000 50.000000
2.0500 27.7800 9.1100 0.000000 0.000000 148.000000 50.000000
2.0600 27.7300 9.2600 0.000000 0.000000 148.000000 50.000000
2.0700 27.7300 9.4300 0.000000 0.000000 147.000000 51.000000
2.0800 27.7300 9.6100 0.000000 0.000000 147.000000 51.000000
2.0900 27.6800 9.7800 0.000000 0.000000 147.000000 51.000000
2.1000 27.6800 9.9100 0.000000 0.000000 147.000000 51.000000
2.1100 27.6800 10.0600 0.000000 0.000000 148.000000 51.000000
2.1200 27.6800 10.2100 0.000000 0.000000 148.000000 51.000000
2.1300 27.6800 10.3600 0.000000 0.000000 148.000000 51.000000
2.1400 27.6800 10.5100 0.000000 0.000000 148.000000 51.000000
2.1500 27.7300 10.6400 0.000000 0.000000 148.000000 51.000000
2.1600 27.7300 10.7500 0.000000 0.000000 148.000000 51.000000
2.1700 27.6200 10.8300 0.000000 0.000000 148.000000 51.000000
2.1800 27.5300 10.9000 0.000000 0.000000 148.000000 53.000000
2.1900 27.4400 10.9700 0.000000 0.000000 148.000000 53.000000
2.2000 27.3500 11.0700 0.000000 0.000000 148.000000 53.000000
2.2100 27.3500 11.1800 0.000000 0.000000 148.000000 53.000000
2.2200 27.3500 11.3000 0.000000 0.000000 148.000000 53.000000
2.2300 27.3500 11.4400 0.000000 0.000000 148.000000 53.000000
2.2400 27.3500 11.6000 0.000000 0.000000 147.000000 53.000000
2.2500 27.4300 11.7700 0.000000 0.000000 147.000000 53.000000
2.2600 27.4300 11.9200 0.000000 0.000000 147.000000 53.000000
2.2700 27.4300 12.0700 0.000000 0.000000 145.000000 54.000000
2.2800 27.4300 12.2100 0.000000 0.000000 145.000000 54.000000
2.2900 27.3400 12.3200 0.000000 0.000000 143.000000 53.000000
2.3000 27.3400 12.3200 29.000000 1.000000 143.000000 53.000000
2.3100 27.3400 12.3200 71.000000 0.000000 142.000000 53.000000
2.3200 27.0500 12.6300 113.000000 0.000000 140.000000 53.000000
2.3300 27.0500 12.6800 143.000000 0.000000 139.000000 52.000000
2.3400 27.0500 12.6800 186.000000 0.000000 139.000000 52.000000
2.3500 27.0500 12.6800 208.000000 0.000000 139.000000 52.000000
2.3600 27.1000 12.6800 237.000000 0.000000 137.000000 52.000000
2.3700 27.1000 12.6800 274.000000 0.000000 137.000000 52.000000
2.3800 27.1000 12.6800 304.000000 0.000000 137.000000 52.000000
2.3900 27.1000 12.7400 310.000000 0.000000 137.000000 52.000000
2.4000 27.0500 12.7400 314.000000 0.000000 137.000000 52.000000
2.4100 27.0500 12.8600 317.000000 0.000000 137.000000 52.000000
2.4200 26.9600 12.9800 334.000000 0.000000 137.000000 52.000000
2.4300 26.9600 12.9800 334.000000 0.000000 137.000000 52.000000
2.4400 26.9600 12.9300 339.000000 0.000000 137.000000 52.000000
2.4500 26.9600 12.5900 337.000000 0.000000 137.000000 52.000000
2.4600 26.9600 12.0500 335.000000 0.000000 137.000000 52.000000
2.4700 26.9600 11.2700 327.000000 0.000000 139.000000 52.000000
2.4800 27.1000 10.7000 317.000000 0.000000 139.000000 52.000000
2.4900 27.2400 10.2600 329.000000 0.000000 139.000000 52.000000
2.5000 27.4100 9.9500 343.000000 0.000000 139.000000 52.000000
2.5100 27.5900 9.8000 377.000000 0.000000 139.000000 52.000000
2.5200 27.7600 9.7500 407.000000 0.000000 139.000000 52.000000
2.5300 27.8700 9.7500 450.000000 0.000000 140.000000 53.000000
2.5400 27.9500 9.9600 495.000000 0.000000 140.000000 53.000000
2.5500 28.1400 10.2400 496.000000 0.000000 140.000000 53.000000
2.5600 28.3100 10.6400 502.000000 0.000000 140.000000 53.000000
2.5700 28.4000 11.0200 509.000000 0.000000 140.000000 54.000000
2.5800 28.4500 11.3800 520.000000 0.000000 140.000000 54.000000
2.5900 28.5400 11.6600 530.000000 0.000000 140.000000 54.000000
2.6000 28.5400 11.9000 540.000000 0.000000 140.000000 54.000000
2.6100 28.5400 12.0100 546.000000 0.000000 140.000000 55.000000
2.6200 28.5400 12.0600 539.000000 0.000000 140.000000 55.000000
2.6300 28.5900 12.0600 489.000000 0.000000 140.000000 55.000000
2.6400 28.5900 12.0600 364.000000 0.000000 140.000000 55.000000
2.6500 28.6500 12.1200 153.000000 0.000000 140.000000 55.000000
2.6600 28.6500 12.1200 0.000000 1.000000 140.000000 55.000000
2.6700 29.2600 12.3900 0.000000 0.000000 140.000000 55.000000
2.6800 29.6100 12.5000 0.000000 0.000000 140.000000 55.000000
2.6900 29.8300 12.4400 0.000000 0.000000 140.000000 55.000000
2.7000 29.9700 12.2800 0.000000 0.000000 141.000000 55.000000
2.7100 29.9700 12.0600 0.000000 0.000000 143.000000 55.000000
2.7200 29.9700 11.8400 0.000000 0.000000 143.000000 55.000000
2.7300 29.8500 11.6000 0.000000 0.000000 144.000000 54.000000
2.7400 29.7800 11.3400 0.000000 0.000000 144.000000 54.000000
2.7500 29.6800 11.0900 0.000000 0.000000 144.000000 54.000000
2.7600 29.6800 11.0900 36.000000 1.000000 144.000000 54.000000
2.7700 29.5700 10.6700 109.000000 0.000000 144.000000 54.000000
2.7800 29.5100 10.5100 213.000000 0.000000 143.000000 55.000000
2.7900 29.5100 10.3700 242.000000 0.000000 143.000000 55.000000
2.8000 29.6200 10.2400 306.000000 0.000000 143.000000 55.000000
2.8100 29.7300 10.1200 314.000000 0.000000 143.000000 55.000000
2.8200 29.8400 10.0100 327.000000 0.000000 143.000000 55.000000
2.8300 29.9400 9.9600 330.000000 0.000000 143.000000 55.000000
2.8400 30.0500 9.9600 327.000000 0.000000 143.000000 55.000000
2.8500 30.1100 9.9600 304.000000 0.000000 143.000000 55.000000
2.8600 30.1100 9.9600 233.000000 0.000000 143.000000 55.000000
2.8700 30.1800 10.0100 32.000000 0.000000 144.000000 56.000000
2.8800 30.1800 10.0100 0.000000 1.000000 144.000000 56.000000
2.8900 30.0400 10.2400 0.000000 0.000000 144.000000 56.000000
2.9000 29.8400 10.3900 0.000000 0.000000 144.000000 56.000000
2.9100 29.6200 10.5600 0.000000 0.000000 144.000000 56.000000
2.9200 29.3800 10.7600 0.000000 0.000000 144.000000 56.000000
2.9300 29.2600 10.9700 0.000000 0.000000 144.000000 56.000000
2.9400 29.1900 11.1200 0.000000 0.000000 145.000000 55.000000
2.9500 29.1900 11.2800 0.000000 0.000000 145.000000 55.000000
2.9600 29.2500 11.4800 0.000000 0.000000 144.000000 54.000000
2.9700 29.2500 11.4800 58.000000 1.000000 145.000000 54.000000
2.9800 29.1800 11.9200 143.000000 0.000000 145.000000 54.000000
2.9900 29.1800 12.1200 235.000000 0.000000 144.000000 54.000000
3.0000 29.1800 12.2900 305.000000 0.000000 144.000000 54.000000
3.0100 29.2600 12.4300 317.000000 0.000000 142.000000 54.000000
3.0200 29.3200 12.5300 315.000000 0.000000 141.000000 55.000000
3.0300 29.3700 12.5800 265.000000 0.000000 141.000000 55.000000
3.0400 29.4800 12.5800 146.000000 0.000000 141.000000 55.000000
3.0500 29.4800 12.5800 0.000000 1.000000 141.000000 55.000000
3.0600 29.8800 12.5100 0.000000 0.000000 141.000000 55.000000
3.0700 30.1200 12.3600 0.000000 0.000000 141.000000 55.000000
3.0800 30.3900 12.1300 0.000000 0.000000 141.000000 55.000000
3.0900 30.5800 11.8500 0.000000 0.000000 141.000000 55.000000
3.1000 30.7000 11.5200 0.000000 0.000000 142.000000 54.000000
3.1100 30.8000 11.1400 0.000000 0.000000 142.000000 54.000000
3.1200 30.9000 11.0200 0.000000 0.000000 143.000000 53.000000
3.1300 31.0000 10.9500 0.000000 0.000000 145.000000 53.000000
3.1400 31.0000 10.9500 0.000000 0.000000 146.000000 52.000000
3.1500 30.9000 10.8600 0.000000 0.000000 146.000000 52.000000
3.1600 30.8500 10.8100 0.000000 0.000000 144.000000 51.000000
3.1700 30.8000 10.8100 0.000000 0.000000 145.000000 51.000000
3.1800 30.7500 10.8100 0.000000 0.000000 144.000000 51.000000
3.1900 30.6400 10.8100 0.000000 0.000000 144.000000 51.000000
3.2000 30.5500 10.8100 0.000000 0.000000 146.000000 52.000000
3.2100 30.4900 10.7200 0.000000 0.000000 145.000000 53.000000
3.2200 30.4200 10.6400 0.000000 0.000000 145.000000 53.000000
3.2300 30.4200 10.5600 0.000000 0.000000 145.000000 53.000000
3.2400 30.4700 10.4700 0.000000 0.000000 143.000000 53.000000
3.2500 30.4700 10.3800 0.000000 0.000000 143.000000 53.000000
3.2600 30.5600 10.3100 0.000000 0.000000 145.000000 54.000000
3.2700 30.5600 10.3100 0.000000 0.000000 145.000000 54.000000
3.2800 30.5600 10.3100 48.000000 1.000000 144.000000 54.000000
3.2900 30.6100 10.2600 112.000000 0.000000 144.000000 54.000000
3.3000 30.6100 10.2600 171.000000 0.000000 144.000000 54.000000
3.3100 30.6100 10.2600 210.000000 0.000000 143.000000 55.000000
3.3200 30.6100 10.2600 210.000000 0.000000 143.000000 55.000000
3.3300 30.6600 10.2600 200.000000 0.000000 143.000000 55.000000
3.3400 30.6600 10.2600 161.000000 0.000000 143.000000 55.000000
3.3500 30.7300 10.2600 63.000000 0.000000 143.000000 55.000000
3.3600 30.7300 10.2600 0.000000 1.000000 143.000000 55.000000
3.3700 30.9200 10.3600 0.000000 0.000000 143.000000 55.000000
3.3800 31.0500 10.4500 0.000000 0.000000 143.000000 55.000000
3.3900 31.2200 10.5300 0.000000 0.000000 143.000000 55.000000
3.4000 31.4400 10.6200 0.000000 0.000000 143.000000 55.000000
3.4100 31.6600 10.7300 0.000000 0.000000 143.000000 55.000000
3.4200 31.8900 10.8400 0.000000 0.000000 143.000000 55.000000
3.4300 32.1300 11.0900 0.000000 0.000000 145.000000 55.000000
3.4400 32.3600 11.4300 0.000000 0.000000 145.000000 55.000000
3.4500 32.5900 12.0200 0.000000 0.000000 145.000000 55.000000
3.4600 32.7800 12.6000 0.000000 0.000000 146.000000 54.000000
3.4700 32.9100 13.1500 0.000000 0.000000 146.000000 54.000000
3.4800 32.9900 13.5400 0.000000 0.000000 146.000000 54.000000
3.4900 32.9900 13.8400 0.000000 0.000000 147.000000 53.000000
3.5000 32.9400 14.0600 0.000000 0.000000 147.000000 53.000000
3.5100 32.9400 14.2600 0.000000 0.000000 147.000000 53.000000
3.5200 32.8800 14.4200 0.000000 0.000000 147.000000 53.000000
3.5300 32.8800 14.4200 98.000000 1.000000 147.000000 55.000000
3.5400 32.5800 14.6500 171.000000 0.000000 147.000000 55.000000
3.5500 32.3200 14.7100 262.000000 0.000000 147.000000 55.000000
3.5600 32.0200 14.6300 339.000000 0.000000 147.000000 55.000000
3.5700 31.6900 14.4600 369.000000 0.000000 146.000000 55.000000
3.5800 31.3900 14.1800 369.000000 0.000000 146.000000 55.000000
3.5900 31.1500 13.8700 389.000000 0.000000 146.000000 55.000000
3.6000 31.0900 13.5100 391.000000 0.000000 146.000000 55.000000
3.6100 31.0900 13.1300 394.000000 0.000000 145.000000 56.000000
3.6200 31.3500 12.6000 384.000000 0.000000 144.000000 56.000000
3.6300 31.6500 11.9900 376.000000 0.000000 144.000000 56.000000
3.6400 32.1000 11.3800 362.000000 0.000000 144.000000 57.000000
3.6500 32.6300 10.9400 368.000000 0.000000 144.000000 57.000000
3.6600 32.9300 10.6100 371.000000 0.000000 144.000000 57.000000
3.6700 33.1300 10.3700 373.000000 0.000000 146.000000 57.000000
3.6800 33.2600 10.2000 366.000000 0.000000 144.000000 58.000000
3.6900 33.2600 10.0800 377.000000 0.000000 144.000000 58.000000
3.7000 33.2600 10.0800 386.000000 0.000000 146.000000 58.000000
3.7100 33.2600 10.0800 384.000000 0.000000 146.000000 58.000000
3.7200 33.0400 10.0800 381.000000 0.000000 146.000000 58.000000
3.7300 32.7800 10.0800 379.000000 0.000000 146.000000 58.000000
3.7400 32.4700 10.0200 364.000000 0.000000 144.000000 58.000000
3.7500 32.0900 9.9300 364.000000 0.000000 144.000000 58.000000
3.7600 31.6100 9.8100 369.000000 0.000000 144.000000 58.000000
3.7700 31.0700 9.6800 354.000000 0.000000 144.000000 58.000000
3.7800 30.5300 9.6100 343.000000 0.000000 146.000000 57.000000
3.7900 29.9800 9.6100 344.000000 0.000000 144.000000 57.000000
3.8000 29.4300 9.6100 369.000000 0.000000 144.000000 57.000000
3.8100 28.9100 9.6800 371.000000 0.000000 144.000000 56.000000
3.8200 28.4500 9.8200 389.000000 0.000000 144.000000 56.000000
3.8300 28.2300 9.8900 393.000000 0.000000 144.000000 56.000000
3.8400 28.1600 9.9500 374.000000 0.000000 143.000000 55.000000
3.8500 28.2800 9.9500 371.000000 0.000000 144.000000 54.000000
3.8600 28.7200 9.9500 367.000000 0.000000 144.000000 54.000000
3.8700 29.3700 9.9500 377.000000 0.000000 144.000000 54.000000
3.8800 30.0800 9.9500 377.000000 0.000000 143.000000 55.000000
3.8900 30.7500 9.8400 376.000000 0.000000 143.000000 55.000000
3.9000 31.2200 9.6900 379.000000 0.000000 143.000000 55.000000
3.9100 31.5800 9.5000 381.000000 0.000000 144.000000 56.000000
3.9200 31.7100 9.2800 389.000000 0.000000 144.000000 56.000000
3.9300 31.7100 9.0500 392.000000 0.000000 144.000000 56.000000
3.9400 31.5300 8.7300 423.000000 0.000000 145.000000 56.000000
3.9500 31.2300 8.3400 465.000000 0.000000 145.000000 56.000000
3.9600 30.8200 7.9700 493.000000 0.000000 145.000000 56.000000
3.9700 30.3300 7.6200 533.000000 0.000000 145.000000 56.000000
3.9800 29.7500 7.3500 580.000000 0.000000 146.000000 55.000000
3.9900 29.0600 7.1400 608.000000 0.000000 146.000000 55.000000
4.0000 28.3000 6.9600 645.000000 0.000000 147.000000 55.000000
4.0100 27.2900 6.7700 645.000000 0.000000 147.000000 55.000000
4.0200 26.0300 6.6500 637.000000 0.000000 147.000000 53.000000
4.0300 24.6100 6.5700 647.000000 0.000000 149.000000 53.000000
4.0400 23.3200 6.6400 613.000000 0.000000 149.000000 53.000000
4.0500 22.1600 6.8500 609.000000 0.000000 150.000000 52.000000
4.0600 21.0800 7.1500 592.000000 0.000000 151.000000 51.000000
4.0700 20.0900 7.6500 581.000000 0.000000 153.000000 52.000000
4.0800 19.4000 8.1300 578.000000 0.000000 153.000000 52.000000
4.0900 18.9000 8.5400 583.000000 0.000000 153.000000 51.000000
4.1000 18.6900 8.9000 591.000000 0.000000 153.000000 51.000000
4.1100 18.5300 9.2100 591.000000 0.000000 152.000000 51.000000
4.1200 18.5300 9.5000 586.000000 0.000000 152.000000 51.000000
4.1300 18.6800 9.7900 581.000000 0.000000 150.000000 51.000000
4.1400 19.0300 10.0300 583.000000 0.000000 150.000000 51.000000
4.1500 19.6100 10.2100 580.000000 0.000000 150.000000 51.000000
4.1600 20.3400 10.3700 583.000000 0.000000 149.000000 52.000000
4.1700 21.5100 10.5500 591.000000 0.000000 149.000000 52.000000
4.1800 22.6300 10.5500 592.000000 0.000000 150.000000 52.000000
4.1900 23.7200 10.5500 585.000000 0.000000 149.000000 53.000000
4.2000 24.8800 10.4300 591.000000 0.000000 150.000000 54.000000
4.2100 25.8400 10.2500 591.000000 0.000000 151.000000 54.000000
4.2200 26.6600 9.9800 588.000000 0.000000 150.000000 55.000000
4.2300 27.2600 9.6900 583.000000 0.000000 150.000000 55.000000
4.2400 27.6400 9.4100 577.000000 0.000000 150.000000 55.000000
4.2500 27.8800 9.1500 564.000000 0.000000 150.000000 55.000000
4.2600 27.9700 8.9100 570.000000 0.000000 150.000000 55.000000
4.2700 27.8400 8.7000 566.000000 0.000000 149.000000 55.000000
4.2800 27.5600 8.5300 580.000000 0.000000 147.000000 55.000000
4.2900 26.9600 8.4000 591.000000 0.000000 147.000000 55.000000
4.3000 26.0400 8.2300 597.000000 0.000000 146.000000 54.000000
4.3100 24.9000 8.0900 611.000000 0.000000 146.000000 54.000000
4.3200 23.5600 7.9800 636.000000 0.000000 147.000000 55.000000
4.3300 22.0600 7.8600 636.000000 0.000000 147.000000 55.000000
4.3400 20.4600 7.9400 643.000000 0.000000 150.000000 54.000000
4.3500 19.0500 8.1600 636.000000 0.000000 150.000000 54.000000
4.3600 17.8200 8.5200 645.000000 0.000000 152.000000 54.000000
4.3700 16.7100 9.0300 606.000000 0.000000 152.000000 54.000000
4.3800 15.7200 9.6300 592.000000 0.000000 156.000000 53.000000
4.3900 14.8700 10.5200 578.000000 0.000000 157.000000 54.000000
4.4000 14.1000 11.4400 606.000000 0.000000 160.000000 54.000000
4.4100 13.4900 12.3800 616.000000 0.000000 162.000000 54.000000
4.4200 13.1200 12.9600 613.000000 0.000000 164.000000 54.000000
4.4300 12.9000 13.3800 617.000000 0.000000 166.000000 54.000000
4.4400 12.9000 13.6900 619.000000 0.000000 167.000000 54.000000
4.4500 12.9600 13.9700 630.000000 0.000000 169.000000 53.000000
4.4600 13.4300 14.3100 653.000000 0.000000 170.000000 54.000000
4.4700 14.1600 14.6800 685.000000 0.000000 169.000000 53.000000
4.4800 15.6500 15.0700 714.000000 0.000000 168.000000 52.000000
4.4900 17.8300 15.5000 745.000000 0.000000 167.000000 52.000000
4.5000 20.4800 15.9500 759.000000 0.000000 164.000000 52.000000
4.5100 23.1300 16.2300 757.000000 0.000000 163.000000 52.000000
4.5200 25.7300 16.3900 763.000000 0.000000 162.000000 52.000000
4.5300 27.9100 16.4700 759.000000 0.000000 160.000000 51.000000
4.5400 29.8200 16.5500 753.000000 0.000000 158.000000 52.000000
4.5500 31.5000 16.6300 749.000000 0.000000 157.000000 52.000000
4.5600 32.7300 16.6300 699.000000 0.000000 155.000000 52.000000
4.5700 33.6500 16.5600 642.000000 0.000000 155.000000 52.000000
4.5800 34.1200 16.5600 490.000000 0.000000 156.000000 53.000000
4.5900 34.2200 16.5600 160.000000 0.000000 156.000000 53.000000
