0.0000 46.1500 29.4700 134.000000 1.000000 142.000000 53.000000
0.0100 45.3500 29.4000 195.000000 0.000000 142.000000 53.000000
0.0200 45.1900 29.4700 282.000000 0.000000 142.000000 53.000000
0.0300 45.1900 29.4700 363.000000 0.000000 142.000000 53.000000
0.0400 45.2600 29.5600 420.000000 0.000000 142.000000 53.000000
0.0500 45.8400 29.6600 542.000000 0.000000 142.000000 53.000000
0.0600 46.7400 29.8700 620.000000 0.000000 142.000000 53.000000
0.0700 48.3500 30.3100 676.000000 0.000000 143.000000 52.000000
0.0800 50.3300 30.9000 713.000000 0.000000 143.000000 52.000000
0.0900 52.5600 31.5500 731.000000 0.000000 143.000000 52.000000
0.1000 54.8200 32.2100 720.000000 0.000000 143.000000 52.000000
0.1100 56.9700 32.8700 721.000000 0.000000 143.000000 52.000000
0.1200 59.0500 33.2700 730.000000 0.000000 146.000000 52.000000
0.1300 60.6100 33.3900 724.000000 0.000000 146.000000 52.000000
0.1400 61.6100 33.3300 699.000000 0.000000 146.000000 52.000000
0.1500 62.2300 33.0200 687.000000 0.000000 147.000000 52.000000
0.1600 62.1400 32.5000 694.000000 0.000000 147.000000 52.000000
0.1700 61.3700 31.8400 707.000000 0.000000 147.000000 52.000000
0.1800 60.1500 30.7700 716.000000 0.000000 147.000000 52.000000
0.1900 58.0900 29.4500 724.000000 0.000000 148.000000 51.000000
0.2000 55.2700 27.9600 730.000000 0.000000 146.000000 52.000000
0.2100 51.9400 26.3900 757.000000 0.000000 146.000000 52.000000
0.2200 49.0600 25.2300 794.000000 0.000000 145.000000 53.000000
0.2300 46.9700 24.3500 809.000000 0.000000 143.000000 53.000000
0.2400 45.4000 23.8800 908.000000 0.000000 141.000000 53.000000
0.2500 44.9600 23.8800 908.000000 0.000000 140.000000 54.000000
0.2600 45.4000 24.1100 905.000000 0.000000 139.000000 55.000000
0.2700 46.4200 25.0700 914.000000 0.000000 136.000000 55.000000
0.2800 48.9000 26.3100 920.000000 0.000000 136.000000 55.000000
0.2900 52.0900 27.7500 936.000000 0.000000 136.000000 55.000000
0.3000 55.7600 29.4000 942.000000 0.000000 136.000000 55.000000
0.3100 60.0100 30.8200 938.000000 0.000000 139.000000 55.000000
0.3200 64.2900 32.0900 937.000000 0.000000 140.000000 54.000000
0.3300 68.4100 33.3800 951.000000 0.000000 142.000000 54.000000
0.3400 72.4100 34.4000 921.000000 0.000000 145.000000 54.000000
0.3500 75.6500 35.2500 855.000000 0.000000 147.000000 53.000000
0.3600 77.7500 35.6700 716.000000 0.000000 149.000000 53.000000
0.3700 79.0800 35.7600 430.000000 0.000000 151.000000 53.000000
0.3800 79.0800 35.7600 0.000000 1.000000 152.000000 54.000000
0.3900 78.2900 35.2900 0.000000 0.000000 152.000000 54.000000
0.4000 76.7000 34.9300 0.000000 0.000000 152.000000 54.000000
0.4100 74.3100 34.5700 0.000000 0.000000 152.000000 54.000000
0.4200 71.6000 34.1000 0.000000 0.000000 152.000000 54.000000
0.4300 68.6800 33.5600 0.000000 0.000000 153.000000 53.000000
0.4400 66.1200 33.0800 0.000000 0.000000 154.000000 52.000000
0.4500 64.2700 32.6300 0.000000 0.000000 154.000000 52.000000
0.4600 62.8900 32.3400 0.000000 0.000000 153.000000 51.000000
0.4700 61.9100 32.1600 0.000000 0.000000 153.000000 50.000000
0.4800 61.5300 32.0100 0.000000 0.000000 152.000000 49.000000
0.4900 61.5300 31.9500 0.000000 0.000000 151.000000 48.000000
0.5000 62.0700 31.9500 0.000000 0.000000 150.000000 48.000000
0.5100 62.6700 32.0100 0.000000 0.000000 149.000000 48.000000
0.5200 63.3200 32.0800 0.000000 0.000000 147.000000 48.000000
0.5300 63.8100 32.1500 0.000000 0.000000 147.000000 48.000000
0.5400 64.2500 32.2100 0.000000 0.000000 146.000000 48.000000
0.5500 64.6600 32.2100 0.000000 0.000000 146.000000 48.000000
0.5600 64.9400 32.2700 0.000000 0.000000 146.000000 49.000000
0.5700 65.0300 32.2700 0.000000 0.000000 146.000000 49.000000
0.5800 65.0300 32.2200 0.000000 0.000000 146.000000 49.000000
0.5900 65.1700 32.2200 0.000000 0.000000 146.000000 49.000000
0.6000 64.8900 32.1600 0.000000 0.000000 146.000000 49.000000
0.6100 64.3000 32.1600 0.000000 0.000000 146.000000 49.000000
0.6200 64.0100 32.1600 0.000000 0.000000 146.000000 49.000000
0.6300 63.7300 32.1600 0.000000 0.000000 146.000000 49.000000
0.6400 63.7300 32.1600 0.000000 0.000000 146.000000 49.000000
0.6500 63.3800 32.2500 0.000000 0.000000 145.000000 48.000000
0.6600 63.3000 32.3200 0.000000 0.000000 145.000000 48.000000
0.6700 63.2500 32.4600 0.000000 0.000000 144.000000 49.000000
0.6800 63.2000 32.6500 0.000000 0.000000 144.000000 49.000000
0.6900 63.1400 32.8300 0.000000 0.000000 144.000000 49.000000
0.7000 63.1400 33.0000 0.000000 0.000000 143.000000 49.000000
0.7100 63.1400 33.1300 0.000000 0.000000 143.000000 49.000000
0.7200 63.2300 33.2000 0.000000 0.000000 143.000000 49.000000
0.7300 63.3300 33.2500 0.000000 0.000000 143.000000 49.000000
0.7400 63.4600 33.3000 0.000000 0.000000 143.000000 49.000000
0.7500 63.6100 33.3000 0.000000 0.000000 142.000000 49.000000
0.7600 63.7800 33.3600 0.000000 0.000000 142.000000 49.000000
0.7700 64.0000 33.3600 0.000000 0.000000 142.000000 49.000000
0.7800 64.2300 33.3600 0.000000 0.000000 143.000000 50.000000
0.7900 64.4500 33.3600 0.000000 0.000000 143.000000 50.000000
0.8000 64.6500 33.3100 0.000000 0.000000 143.000000 50.000000
0.8100 64.8100 33.3100 0.000000 0.000000 143.000000 51.000000
0.8200 64.9300 33.3100 0.000000 0.000000 143.000000 51.000000
0.8300 64.9300 33.3100 44.000000 1.000000 143.000000 51.000000
0.8400 64.9300 33.3100 107.000000 0.000000 144.000000 51.000000
0.8500 64.9300 33.3100 183.000000 0.000000 144.000000 51.000000
0.8600 65.0700 33.6100 257.000000 0.000000 144.000000 51.000000
0.8700 64.9600 33.7200 307.000000 0.000000 144.000000 51.000000
0.8800 64.8100 33.7700 369.000000 0.000000 144.000000 51.000000
0.8900 64.6300 33.7700 423.000000 0.000000 143.000000 52.000000
0.9000 64.4500 33.7700 439.000000 0.000000 143.000000 52.000000
0.9100 64.1900 33.7200 477.000000 0.000000 143.000000 52.000000
0.9200 63.8800 33.6100 514.000000 0.000000 143.000000 52.000000
0.9300 63.5900 33.4500 518.000000 0.000000 143.000000 52.000000
0.9400 63.3200 33.2000 521.000000 0.000000 144.000000 51.000000
0.9500 63.1200 32.9300 519.000000 0.000000 144.000000 51.000000
0.9600 63.0100 32.6600 524.000000 0.000000 144.000000 51.000000
0.9700 63.0100 32.3500 526.000000 0.000000 144.000000 51.000000
0.9800 63.0100 32.1400 537.000000 0.000000 143.000000 51.000000
0.9900 63.2000 32.0000 540.000000 0.000000 143.000000 51.000000
1.0000 63.4300 31.8800 540.000000 0.000000 143.000000 51.000000
1.0100 63.6900 31.8800 546.000000 0.000000 144.000000 50.000000
1.0200 63.9500 31.8800 546.000000 0.000000 144.000000 50.000000
1.0300 64.1900 31.9500 550.000000 0.000000 144.000000 50.000000
1.0400 64.4100 32.1100 556.000000 0.000000 144.000000 50.000000
1.0500 64.4100 32.1100 557.000000 0.000000 145.000000 51.000000
1.0600 64.7400 32.5300 554.000000 0.000000 145.000000 51.000000
1.0700 64.7400 32.7200 551.000000 0.000000 145.000000 51.000000
1.0800 64.8000 32.9200 551.000000 0.000000 145.000000 51.000000
1.0900 64.8000 33.1800 551.000000 0.000000 144.000000 51.000000
1.1000 64.7200 33.4800 559.000000 0.000000 144.000000 51.000000
1.1100 64.6300 33.6600 570.000000 0.000000 144.000000 51.000000
1.1200 64.5600 33.8200 595.000000 0.000000 144.000000 51.000000
1.1300 64.5600 33.8200 585.000000 0.000000 143.000000 51.000000
1.1400 64.5600 33.8200 585.000000 0.000000 143.000000 51.000000
1.1500 64.5600 33.7500 589.000000 0.000000 143.000000 51.000000
1.1600 64.6300 33.6300 592.000000 0.000000 143.000000 51.000000
1.1700 64.7100 33.4400 589.000000 0.000000 143.000000 51.000000
1.1800 64.7700 33.1800 588.000000 0.000000 143.000000 51.000000
1.1900 64.8500 32.8800 537.000000 0.000000 143.000000 51.000000
1.2000 64.9500 32.6500 468.000000 0.000000 144.000000 51.000000
1.2100 65.0700 32.4800 213.000000 0.000000 144.000000 51.000000
1.2200 65.0700 32.4800 0.000000 1.000000 144.000000 51.000000
1.2300 65.2800 32.3700 0.000000 0.000000 144.000000 51.000000
1.2400 65.4000 32.3700 0.000000 0.000000 144.000000 51.000000
1.2500 65.5000 32.6000 0.000000 0.000000 145.000000 51.000000
1.2600 65.6000 32.7900 0.000000 0.000000 145.000000 51.000000
1.2700 65.6900 32.9600 0.000000 0.000000 145.000000 51.000000
1.2800 65.7800 33.1300 0.000000 0.000000 145.000000 51.000000
1.2900 65.7800 33.2500 0.000000 0.000000 145.000000 51.000000
1.3000 65.6900 33.3200 0.000000 0.000000 146.000000 50.000000
1.3100 65.5700 33.3200 0.000000 0.000000 145.000000 50.000000
1.3200 65.4800 33.3200 0.000000 0.000000 145.000000 50.000000
1.3300 65.4800 33.3200 0.000000 0.000000 145.000000 50.000000
1.3400 65.4800 33.4000 0.000000 0.000000 146.000000 50.000000
1.3500 65.4800 33.4800 0.000000 0.000000 145.000000 51.000000
1.3600 65.4800 33.4800 113.000000 1.000000 145.000000 51.000000
1.3700 65.4800 33.4800 212.000000 0.000000 145.000000 51.000000
1.3800 65.6100 33.7900 297.000000 0.000000 144.000000 51.000000
1.3900 65.6100 33.7900 333.000000 0.000000 144.000000 51.000000
1.4000 65.6100 33.7900 364.000000 0.000000 144.000000 51.000000
1.4100 65.6100 33.7900 393.000000 0.000000 144.000000 51.000000
1.4200 65.6100 33.7300 415.000000 0.000000 143.000000 52.000000
1.4300 65.7100 33.5800 414.000000 0.000000 143.000000 52.000000
1.4400 65.7700 33.4000 420.000000 0.000000 143.000000 52.000000
1.4500 65.8300 33.1900 420.000000 0.000000 143.000000 52.000000
1.4600 65.9100 32.9900 417.000000 0.000000 144.000000 51.000000
1.4700 66.0000 32.8000 425.000000 0.000000 144.000000 51.000000
1.4800 66.0000 32.8000 392.000000 0.000000 144.000000 51.000000
1.4900 66.0000 32.8000 392.000000 0.000000 144.000000 51.000000
1.5000 66.3700 32.7100 394.000000 0.000000 144.000000 51.000000
1.5100 66.5300 32.8100 407.000000 0.000000 146.000000 52.000000
1.5200 66.7100 33.0000 423.000000 0.000000 146.000000 52.000000
1.5300 66.8800 33.2800 446.000000 0.000000 146.000000 52.000000
1.5400 66.9800 33.5500 478.000000 0.000000 146.000000 52.000000
1.5500 66.9800 33.7800 493.000000 0.000000 146.000000 52.000000
1.5600 67.0300 33.9900 518.000000 0.000000 146.000000 52.000000
1.5700 67.0300 34.1600 529.000000 0.000000 146.000000 52.000000
1.5800 67.0300 34.3000 527.000000 0.000000 146.000000 52.000000
1.5900 67.0300 34.4100 496.000000 0.000000 145.000000 53.000000
1.6000 67.0300 34.4700 341.000000 0.000000 145.000000 53.000000
1.6100 67.0300 34.4700 137.000000 0.000000 145.000000 53.000000
1.6200 67.0300 34.4700 0.000000 1.000000 145.000000 53.000000
1.6300 67.1700 34.1900 0.000000 0.000000 145.000000 53.000000
1.6400 67.2400 34.0600 0.000000 0.000000 145.000000 53.000000
1.6500 67.3000 34.0000 0.000000 0.000000 146.000000 53.000000
1.6600 67.4000 34.0000 0.000000 0.000000 146.000000 53.000000
1.6700 67.5500 34.0000 0.000000 0.000000 146.000000 53.000000
1.6800 67.7600 34.1000 0.000000 0.000000 147.000000 53.000000
1.6900 67.9600 34.1900 0.000000 0.000000 148.000000 53.000000
1.7000 68.0600 34.2500 0.000000 0.000000 148.000000 53.000000
1.7100 68.0600 34.3000 0.000000 0.000000 148.000000 53.000000
1.7200 68.1400 34.3000 0.000000 0.000000 149.000000 52.000000
1.7300 68.1400 34.3000 181.000000 1.000000 148.000000 53.000000
1.7400 68.1400 34.3000 256.000000 0.000000 148.000000 53.000000
1.7500 68.1400 34.3000 322.000000 0.000000 148.000000 53.000000
1.7600 68.1400 34.3000 363.000000 0.000000 147.000000 53.000000
1.7700 68.1400 34.3000 371.000000 0.000000 147.000000 53.000000
1.7800 68.1400 34.3000 413.000000 0.000000 147.000000 53.000000
1.7900 68.1400 34.3000 423.000000 0.000000 147.000000 53.000000
1.8000 68.1400 34.3000 425.000000 0.000000 147.000000 53.000000
1.8100 68.2100 33.8600 427.000000 0.000000 146.000000 53.000000
1.8200 68.1600 33.5900 400.000000 0.000000 146.000000 53.000000
1.8300 68.1600 33.3200 294.000000 0.000000 146.000000 53.000000
1.8400 68.1600 33.2300 83.000000 0.000000 146.000000 53.000000
1.8500 68.1600 33.2300 0.000000 1.000000 146.000000 53.000000
1.8600 68.3300 33.4000 0.000000 0.000000 147.000000 52.000000
1.8700 68.5300 33.6700 0.000000 0.000000 147.000000 52.000000
1.8800 68.6700 34.0200 0.000000 0.000000 147.000000 52.000000
1.8900 68.8400 34.3400 0.000000 0.000000 147.000000 52.000000
1.9000 69.0300 34.6900 0.000000 0.000000 147.000000 52.000000
1.9100 69.2200 35.0600 0.000000 0.000000 148.000000 53.000000
1.9200 69.3100 35.4100 0.000000 0.000000 148.000000 53.000000
1.9300 69.3100 35.7200 0.000000 0.000000 148.000000 53.000000
1.9400 69.3100 35.7200 249.000000 1.000000 148.000000 53.000000
1.9500 69.2300 36.0900 279.000000 0.000000 147.000000 52.000000
1.9600 69.1100 36.2300 312.000000 0.000000 147.000000 52.000000
1.9700 69.1100 36.2300 315.000000 0.000000 146.000000 52.000000
1.9800 69.1100 36.1700 304.000000 0.000000 146.000000 52.000000
1.9900 69.1800 36.1100 212.000000 0.000000 144.000000 51.000000
2.0000 69.1800 36.1100 0.000000 1.000000 143.000000 51.000000
2.0100 69.4100 35.8900 0.000000 0.000000 143.000000 51.000000
2.0200 69.5900 35.8900 0.000000 0.000000 143.000000 51.000000
2.0300 69.8200 36.0400 0.000000 0.000000 143.000000 51.000000
2.0400 70.0700 36.2300 0.000000 0.000000 144.000000 51.000000
2.0500 70.3700 36.4600 0.000000 0.000000 146.000000 52.000000
2.0600 70.6900 36.7300 0.000000 0.000000 147.000000 52.000000
2.0700 71.0200 36.9800 0.000000 0.000000 148.000000 53.000000
2.0800 71.2200 37.2000 0.000000 0.000000 149.000000 53.000000
2.0900 71.3500 37.2800 0.000000 0.000000 151.000000 53.000000
2.1000 71.3500 37.2800 0.000000 0.000000 152.000000 53.000000
2.1100 71.3500 37.2800 48.000000 1.000000 152.000000 53.000000
2.1200 71.3500 37.2800 66.000000 0.000000 150.000000 52.000000
2.1300 71.3500 37.2800 107.000000 0.000000 150.000000 51.000000
2.1400 71.3500 37.2800 136.000000 0.000000 150.000000 51.000000
2.1500 71.2300 36.9900 180.000000 0.000000 149.000000 51.000000
2.1600 71.2300 36.8600 185.000000 0.000000 148.000000 51.000000
2.1700 71.2300 36.6400 202.000000 0.000000 147.000000 51.000000
2.1800 71.3400 36.3900 212.000000 0.000000 147.000000 51.000000
2.1900 71.4200 36.0900 215.000000 0.000000 146.000000 52.000000
2.2000 71.4800 35.8000 222.000000 0.000000 146.000000 52.000000
2.2100 71.5700 35.6000 206.000000 0.000000 146.000000 52.000000
2.2200 71.5700 35.4600 207.000000 0.000000 145.000000 53.000000
2.2300 71.5700 35.4600 207.000000 0.000000 145.000000 53.000000
2.2400 71.5700 35.4600 212.000000 0.000000 145.000000 53.000000
2.2500 71.5700 35.4600 244.000000 0.000000 143.000000 53.000000
2.2600 71.5700 35.4600 242.000000 0.000000 143.000000 53.000000
2.2700 71.5700 35.4600 252.000000 0.000000 143.000000 53.000000
2.2800 71.1400 35.5700 265.000000 0.000000 143.000000 53.000000
2.2900 70.8400 35.5700 289.000000 0.000000 143.000000 53.000000
2.3000 70.5500 35.6300 346.000000 0.000000 143.000000 53.000000
2.3100 70.2600 35.6300 448.000000 0.000000 143.000000 53.000000
2.3200 70.0200 35.5600 515.000000 0.000000 142.000000 53.000000
2.3300 69.8500 35.4500 551.000000 0.000000 143.000000 52.000000
2.3400 69.7000 35.2700 583.000000 0.000000 143.000000 52.000000
2.3500 69.5500 35.0100 591.000000 0.000000 143.000000 52.000000
2.3600 69.4300 34.7100 614.000000 0.000000 143.000000 52.000000
2.3700 69.4300 34.3900 616.000000 0.000000 142.000000 52.000000
2.3800 69.4300 34.0600 614.000000 0.000000 142.000000 52.000000
2.3900 69.5600 33.8500 589.000000 0.000000 142.000000 52.000000
2.4000 69.7300 33.7100 537.000000 0.000000 142.000000 52.000000
2.4100 70.0500 33.7100 369.000000 0.000000 142.000000 52.000000
2.4200 70.0500 33.7100 0.000000 1.000000 142.000000 52.000000
2.4300 70.9100 34.1500 0.000000 0.000000 142.000000 52.000000
2.4400 71.3300 34.4000 0.000000 0.000000 143.000000 52.000000
2.4500 71.7200 34.6600 0.000000 0.000000 143.000000 52.000000
2.4600 72.0900 34.9400 0.000000 0.000000 143.000000 52.000000
2.4700 72.4300 35.1500 0.000000 0.000000 145.000000 53.000000
2.4800 72.6200 35.2000 0.000000 0.000000 147.000000 52.000000
2.4900 72.7200 35.1500 0.000000 0.000000 147.000000 52.000000
2.5000 72.6000 35.0200 0.000000 0.000000 148.000000 53.000000
2.5100 72.6000 35.0200 317.000000 1.000000 148.000000 53.000000
2.5200 72.2100 34.9500 483.000000 0.000000 148.000000 53.000000
2.5300 72.1000 35.0000 581.000000 0.000000 148.000000 53.000000
2.5400 72.0400 35.0600 641.000000 0.000000 147.000000 52.000000
2.5500 72.0400 35.0600 641.000000 0.000000 146.000000 53.000000
2.5600 72.0900 35.0600 627.000000 0.000000 146.000000 53.000000
2.5700 72.0900 35.0600 530.000000 0.000000 143.000000 53.000000
2.5800 72.1900 35.0600 273.000000 0.000000 143.000000 53.000000
2.5900 72.1900 35.0600 0.000000 1.000000 143.000000 53.000000
2.6000 72.3800 34.9900 0.000000 0.000000 143.000000 53.000000
2.6100 72.5100 35.0400 0.000000 0.000000 143.000000 53.000000
2.6200 72.6500 35.1500 0.000000 0.000000 143.000000 53.000000
2.6300 72.8200 35.3100 0.000000 0.000000 145.000000 54.000000
2.6400 73.1300 35.4600 0.000000 0.000000 146.000000 53.000000
2.6500 73.5300 35.6600 0.000000 0.000000 146.000000 53.000000
2.6600 73.8500 35.9000 0.000000 0.000000 147.000000 52.000000
2.6700 74.2000 36.1400 0.000000 0.000000 148.000000 53.000000
2.6800 74.4300 36.3800 0.000000 0.000000 148.000000 53.000000
2.6900 74.5600 36.6100 0.000000 0.000000 149.000000 52.000000
2.7000 74.5100 36.7500 0.000000 0.000000 149.000000 52.000000
2.7100 74.3800 36.8900 0.000000 0.000000 149.000000 52.000000
2.7200 74.1900 37.0100 0.000000 0.000000 149.000000 52.000000
2.7300 73.9500 37.1000 0.000000 0.000000 149.000000 52.000000
2.7400 73.7000 37.1000 0.000000 0.000000 149.000000 52.000000
2.7500 73.4700 37.1000 0.000000 0.000000 149.000000 52.000000
2.7600 73.2700 36.9600 0.000000 0.000000 149.000000 52.000000
2.7700 73.2700 36.9600 195.000000 1.000000 149.000000 52.000000
2.7800 73.2700 36.9600 284.000000 0.000000 148.000000 51.000000
2.7900 73.2700 36.9600 369.000000 0.000000 149.000000 51.000000
2.8000 73.2700 36.9600 471.000000 0.000000 149.000000 51.000000
2.8100 73.3200 37.2400 526.000000 0.000000 149.000000 51.000000
2.8200 73.7500 37.4300 537.000000 0.000000 149.000000 51.000000
2.8300 74.3400 37.6700 554.000000 0.000000 149.000000 51.000000
2.8400 74.9300 37.8900 546.000000 0.000000 149.000000 51.000000
2.8500 75.4900 38.1900 538.000000 0.000000 150.000000 51.000000
2.8600 76.0400 38.5500 499.000000 0.000000 150.000000 51.000000
2.8700 76.5000 38.8500 461.000000 0.000000 150.000000 51.000000
2.8800 76.7100 39.1000 442.000000 0.000000 152.000000 51.000000
2.8900 76.7100 39.2500 442.000000 0.000000 153.000000 51.000000
2.9000 76.5200 39.3400 456.000000 0.000000 153.000000 51.000000
2.9100 76.1200 39.3900 473.000000 0.000000 153.000000 51.000000
2.9200 75.6000 39.3900 510.000000 0.000000 153.000000 51.000000
2.9300 74.9700 39.2400 557.000000 0.000000 153.000000 51.000000
2.9400 74.5500 39.0400 562.000000 0.000000 153.000000 51.000000
2.9500 74.2800 38.8000 561.000000 0.000000 153.000000 51.000000
2.9600 74.2100 38.5500 557.000000 0.000000 153.000000 51.000000
2.9700 74.3800 38.2500 556.000000 0.000000 154.000000 50.000000
2.9800 74.7000 37.7900 559.000000 0.000000 154.000000 50.000000
2.9900 75.1300 37.2200 556.000000 0.000000 153.000000 51.000000
3.0000 75.6800 36.7000 559.000000 0.000000 153.000000 51.000000
3.0100 76.3000 36.1600 562.000000 0.000000 153.000000 51.000000
3.0200 76.8600 35.7000 564.000000 0.000000 153.000000 52.000000
3.0300 77.1200 35.3000 567.000000 0.000000 153.000000 52.000000
3.0400 77.1700 34.9800 594.000000 0.000000 152.000000 53.000000
3.0500 77.0200 34.7500 620.000000 0.000000 152.000000 53.000000
3.0600 76.6800 34.5900 619.000000 0.000000 151.000000 53.000000
3.0700 76.2200 34.5400 585.000000 0.000000 151.000000 53.000000
3.0800 75.5600 34.4700 527.000000 0.000000 151.000000 53.000000
3.0900 74.6800 34.3400 335.000000 0.000000 151.000000 53.000000
3.1000 74.6800 34.3400 0.000000 1.000000 151.000000 53.000000
3.1100 72.5000 33.0900 0.000000 0.000000 149.000000 53.000000
3.1200 71.3900 33.0900 0.000000 0.000000 149.000000 53.000000
3.1300 70.1900 32.7900 0.000000 0.000000 149.000000 53.000000
3.1400 68.9000 32.2800 0.000000 0.000000 148.000000 53.000000
3.1500 67.3500 31.8300 0.000000 0.000000 148.000000 53.000000
3.1600 65.8300 31.3500 0.000000 0.000000 147.000000 52.000000
3.1700 64.3800 30.8100 0.000000 0.000000 148.000000 51.000000
3.1800 62.9400 30.1900 0.000000 0.000000 147.000000 51.000000
3.1900 61.5100 29.5900 0.000000 0.000000 144.000000 51.000000
3.2000 60.0800 29.0100 0.000000 0.000000 143.000000 51.000000
3.2100 58.8200 28.4400 0.000000 0.000000 143.000000 51.000000
3.2200 57.6100 28.0300 0.000000 0.000000 141.000000 51.000000
3.2300 56.6500 27.7300 0.000000 0.000000 140.000000 52.000000
3.2400 55.8500 27.6600 0.000000 0.000000 137.000000 52.000000
3.2500 55.2700 27.7400 0.000000 0.000000 136.000000 52.000000
3.2600 54.9200 27.9100 0.000000 0.000000 135.000000 53.000000
3.2700 54.7100 28.1500 0.000000 0.000000 135.000000 53.000000
3.2800 54.6100 28.4500 0.000000 0.000000 135.000000 53.000000
3.2900 54.6600 28.7800 0.000000 0.000000 135.000000 53.000000
3.3000 54.8200 29.1200 0.000000 0.000000 135.000000 53.000000
3.3100 54.8700 29.5100 0.000000 0.000000 136.000000 52.000000
3.3200 54.9700 29.9400 0.000000 0.000000 135.000000 52.000000
3.3300 55.1400 30.3400 0.000000 0.000000 135.000000 52.000000
3.3400 55.3400 30.7300 0.000000 0.000000 136.000000 51.000000
3.3500 55.5300 31.1300 0.000000 0.000000 136.000000 51.000000
3.3600 55.6600 31.4100 0.000000 0.000000 137.000000 52.000000
3.3700 55.6600 31.4100 212.000000 1.000000 138.000000 51.000000
3.3800 55.7500 32.7800 265.000000 0.000000 138.000000 51.000000
3.3900 55.8100 33.3900 358.000000 0.000000 138.000000 51.000000
3.4000 55.8100 33.6200 430.000000 0.000000 140.000000 52.000000
3.4100 55.8100 33.6200 474.000000 0.000000 140.000000 52.000000
3.4200 55.8700 33.2900 546.000000 0.000000 140.000000 52.000000
3.4300 55.9500 32.7800 591.000000 0.000000 140.000000 52.000000
3.4400 56.0300 31.6800 655.000000 0.000000 140.000000 52.000000
3.4500 56.0300 30.0300 700.000000 0.000000 140.000000 52.000000
3.4600 56.0300 28.0200 728.000000 0.000000 140.000000 52.000000
3.4700 55.8400 26.0900 730.000000 0.000000 140.000000 52.000000
3.4800 55.7100 24.3100 728.000000 0.000000 139.000000 52.000000
3.4900 55.6200 22.6400 694.000000 0.000000 139.000000 52.000000
3.5000 55.5700 21.6400 606.000000 0.000000 137.000000 53.000000
3.5100 55.5700 21.2200 398.000000 0.000000 137.000000 53.000000
3.5200 55.5700 21.2200 0.000000 1.000000 136.000000 54.000000
3.5300 55.7200 21.6500 0.000000 0.000000 135.000000 54.000000
3.5400 55.8200 22.3900 0.000000 0.000000 134.000000 55.000000
3.5500 55.7100 23.3200 0.000000 0.000000 134.000000 55.000000
3.5600 55.4600 24.0300 0.000000 0.000000 134.000000 55.000000
3.5700 55.1700 24.4300 0.000000 0.000000 134.000000 55.000000
3.5800 54.7600 24.6200 0.000000 0.000000 134.000000 55.000000
3.5900 54.2700 24.5100 0.000000 0.000000 133.000000 54.000000
3.6000 53.6800 24.2500 0.000000 0.000000 133.000000 54.000000
3.6100 53.1100 23.8800 0.000000 0.000000 131.000000 54.000000
3.6200 52.5900 23.6000 0.000000 0.000000 133.000000 53.000000
3.6300 52.2000 23.4400 0.000000 0.000000 133.000000 53.000000
3.6400 51.8800 23.3700 0.000000 0.000000 131.000000 52.000000
3.6500 51.6600 23.3700 0.000000 0.000000 131.000000 52.000000
3.6600 51.5000 23.4300 0.000000 0.000000 131.000000 52.000000
3.6700 51.4500 23.5400 0.000000 0.000000 130.000000 52.000000
3.6800 51.4500 23.6200 0.000000 0.000000 129.000000 52.000000
3.6900 51.6000 23.7100 0.000000 0.000000 129.000000 52.000000
3.7000 51.8200 23.8200 0.000000 0.000000 129.000000 52.000000
3.7100 52.1100 23.9900 0.000000 0.000000 129.000000 53.000000
3.7200 52.4700 24.2000 0.000000 0.000000 129.000000 53.000000
3.7300 52.8500 24.3900 0.000000 0.000000 129.000000 53.000000
3.7400 52.8500 24.3900 55.000000 1.000000 128.000000 54.000000
3.7500 53.4500 24.7500 129.000000 0.000000 128.000000 54.000000
3.7600 53.6000 24.7500 226.000000 0.000000 128.000000 54.000000
3.7700 53.6000 24.8000 338.000000 0.000000 127.000000 55.000000
3.7800 53.6000 24.8000 443.000000 0.000000 127.000000 55.000000
3.7900 53.5100 24.8000 488.000000 0.000000 126.000000 56.000000
3.8000 53.5100 24.8000 510.000000 0.000000 126.000000 56.000000
3.8100 53.0800 24.8000 540.000000 0.000000 126.000000 56.000000
3.8200 52.7700 24.7100 565.000000 0.000000 126.000000 56.000000
3.8300 52.4100 24.5900 586.000000 0.000000 126.000000 56.000000
3.8400 52.0500 24.4700 588.000000 0.000000 126.000000 56.000000
3.8500 51.7100 24.2400 592.000000 0.000000 126.000000 56.000000
3.8600 51.3800 24.0100 588.000000 0.000000 126.000000 56.000000
3.8700 51.2400 23.7800 581.000000 0.000000 126.000000 56.000000
3.8800 51.2400 23.6000 577.000000 0.000000 127.000000 55.000000
3.8900 51.3700 23.4600 566.000000 0.000000 126.000000 54.000000
3.9000 51.6400 23.3800 572.000000 0.000000 126.000000 54.000000
3.9100 52.0600 23.3300 578.000000 0.000000 126.000000 54.000000
3.9200 52.5900 23.3300 581.000000 0.000000 128.000000 54.000000
3.9300 53.0700 23.2600 580.000000 0.000000 128.000000 54.000000
3.9400 53.4700 23.2000 578.000000 0.000000 128.000000 54.000000
3.9500 53.8200 23.0800 581.000000 0.000000 129.000000 55.000000
3.9600 53.8900 22.9500 594.000000 0.000000 129.000000 55.000000
3.9700 53.8900 22.8600 636.000000 0.000000 130.000000 54.000000
3.9800 53.7900 22.8100 641.000000 0.000000 130.000000 54.000000
3.9900 53.4800 22.6300 671.000000 0.000000 130.000000 54.000000
4.0000 53.0100 22.4300 693.000000 0.000000 130.000000 54.000000
4.0100 52.4200 22.2200 708.000000 0.000000 130.000000 54.000000
4.0200 51.8300 22.0800 722.000000 0.000000 131.000000 54.000000
4.0300 51.3000 21.9300 725.000000 0.000000 131.000000 54.000000
4.0400 51.0400 21.8500 696.000000 0.000000 131.000000 54.000000
4.0500 50.9300 21.8000 589.000000 0.000000 131.000000 54.000000
4.0600 50.9300 21.8000 367.000000 0.000000 130.000000 53.000000
4.0700 51.1700 21.8900 15.000000 0.000000 130.000000 53.000000
4.0800 51.1700 21.8900 0.000000 1.000000 130.000000 53.000000
4.0900 52.0200 22.1400 0.000000 0.000000 129.000000 52.000000
4.1000 52.4800 22.3300 0.000000 0.000000 130.000000 53.000000
4.1100 52.9000 22.5500 0.000000 0.000000 130.000000 53.000000
4.1200 53.3400 22.7600 0.000000 0.000000 130.000000 53.000000
4.1300 53.7400 22.9800 0.000000 0.000000 130.000000 53.000000
4.1400 54.0100 23.1800 0.000000 0.000000 130.000000 53.000000
4.1500 54.2100 23.3500 0.000000 0.000000 130.000000 53.000000
4.1600 54.3800 23.4900 0.000000 0.000000 130.000000 53.000000
4.1700 54.4600 23.6200 0.000000 0.000000 130.000000 53.000000
4.1800 54.4600 23.7500 0.000000 0.000000 130.000000 53.000000
4.1900 54.4600 23.7500 207.000000 1.000000 129.000000 53.000000
4.2000 54.4600 24.0000 282.000000 0.000000 129.000000 53.000000
4.2100 54.3400 24.2200 389.000000 0.000000 129.000000 53.000000
4.2200 54.3400 24.3000 425.000000 0.000000 129.000000 55.000000
4.2300 54.4000 24.3900 455.000000 0.000000 129.000000 55.000000
4.2400 54.5200 24.4800 465.000000 0.000000 127.000000 55.000000
4.2500 54.6600 24.4800 468.000000 0.000000 127.000000 55.000000
4.2600 54.7600 24.5400 467.000000 0.000000 127.000000 55.000000
4.2700 54.8500 24.5400 471.000000 0.000000 127.000000 55.000000
4.2800 54.8500 24.5400 472.000000 0.000000 127.000000 55.000000
4.2900 54.8500 24.5400 498.000000 0.000000 127.000000 55.000000
4.3000 54.8500 24.5400 492.000000 0.000000 127.000000 55.000000
4.3100 54.6900 24.4500 499.000000 0.000000 127.000000 55.000000
4.3200 54.4500 24.3200 529.000000 0.000000 127.000000 55.000000
4.3300 54.2400 24.1800 537.000000 0.000000 127.000000 55.000000
4.3400 54.2400 24.1800 538.000000 0.000000 127.000000 55.000000
4.3500 53.8900 23.8000 537.000000 0.000000 127.000000 55.000000
4.3600 53.7300 23.5400 535.000000 0.000000 129.000000 55.000000
4.3700 53.7300 23.2900 535.000000 0.000000 129.000000 55.000000
4.3800 53.8600 23.0300 530.000000 0.000000 129.000000 55.000000
4.3900 54.0600 22.8300 533.000000 0.000000 129.000000 55.000000
4.4000 54.3000 22.6600 538.000000 0.000000 129.000000 55.000000
4.4100 54.6100 22.5700 540.000000 0.000000 130.000000 54.000000
4.4200 54.9000 22.5700 550.000000 0.000000 130.000000 54.000000
4.4300 55.1600 22.7400 553.000000 0.000000 130.000000 54.000000
4.4400 55.4000 23.0300 567.000000 0.000000 130.000000 54.000000
4.4500 55.6200 23.3800 564.000000 0.000000 130.000000 54.000000
4.4600 55.7100 23.7700 564.000000 0.000000 130.000000 54.000000
4.4700 55.7100 24.1600 580.000000 0.000000 130.000000 54.000000
4.4800 55.7100 24.5600 603.000000 0.000000 129.000000 55.000000
4.4900 55.6100 24.9500 611.000000 0.000000 129.000000 55.000000
4.5000 55.5400 25.2500 659.000000 0.000000 129.000000 55.000000
4.5100 55.4700 25.4400 663.000000 0.000000 129.000000 55.000000
4.5200 55.5500 25.5400 669.000000 0.000000 129.000000 55.000000
4.5300 55.6900 25.6300 667.000000 0.000000 129.000000 55.000000
4.5400 55.9300 25.7300 669.000000 0.000000 129.000000 55.000000
4.5500 56.2400 25.7300 664.000000 0.000000 129.000000 55.000000
4.5600 56.5900 25.7300 661.000000 0.000000 129.000000 55.000000
4.5700 56.9600 25.6300 644.000000 0.000000 130.000000 55.000000
4.5800 57.3200 25.5700 633.000000 0.000000 131.000000 55.000000
4.5900 57.6700 25.5700 603.000000 0.000000 131.000000 55.000000
4.6000 57.8300 25.4800 592.000000 0.000000 131.000000 55.000000
4.6100 57.8300 25.4300 591.000000 0.000000 131.000000 55.000000
4.6200 57.8300 25.3700 588.000000 0.000000 131.000000 55.000000
4.6300 57.5200 25.1900 602.000000 0.000000 129.000000 55.000000
4.6400 57.0400 24.9600 611.000000 0.000000 129.000000 55.000000
4.6500 56.5900 24.7300 619.000000 0.000000 129.000000 55.000000
4.6600 56.1800 24.5100 638.000000 0.000000 129.000000 55.000000
4.6700 55.9500 24.2900 643.000000 0.000000 129.000000 55.000000
4.6800 55.8100 24.0400 641.000000 0.000000 130.000000 55.000000
4.6900 55.8100 23.7500 644.000000 0.000000 130.000000 55.000000
4.7000 55.8800 23.4200 644.000000 0.000000 130.000000 55.000000
4.7100 56.0900 23.0800 641.000000 0.000000 130.000000 55.000000
4.7200 56.5200 22.8500 644.000000 0.000000 130.000000 55.000000
4.7300 56.9900 22.6900 650.000000 0.000000 131.000000 55.000000
4.7400 57.5400 22.7600 656.000000 0.000000 131.000000 55.000000
4.7500 58.1000 22.9500 655.000000 0.000000 131.000000 55.000000
4.7600 58.5600 23.2300 655.000000 0.000000 133.000000 54.000000
4.7700 58.9600 23.5100 661.000000 0.000000 133.000000 54.000000
4.7800 59.1500 23.7700 684.000000 0.000000 133.000000 54.000000
4.7900 59.1500 23.9300 707.000000 0.000000 131.000000 54.000000
4.8000 59.0000 24.0300 727.000000 0.000000 130.000000 54.000000
4.8100 58.7700 24.1600 755.000000 0.000000 130.000000 54.000000
4.8200 58.4200 24.2800 751.000000 0.000000 130.000000 54.000000
4.8300 57.9900 24.3400 777.000000 0.000000 131.000000 55.000000
4.8400 57.3800 24.3400 785.000000 0.000000 131.000000 55.000000
4.8500 56.7700 24.2600 788.000000 0.000000 131.000000 55.000000
4.8600 56.3600 24.1500 757.000000 0.000000 131.000000 55.000000
4.8700 56.0700 24.0300 694.000000 0.000000 131.000000 55.000000
4.8800 56.0700 23.9600 594.000000 0.000000 131.000000 55.000000
4.8900 56.2900 23.9600 369.000000 0.000000 131.000000 55.000000
4.9000 56.2900 23.9600 0.000000 1.000000 131.000000 55.000000
4.9100 57.5000 23.8500 0.000000 0.000000 131.000000 55.000000
4.9200 58.5800 23.9500 0.000000 0.000000 131.000000 55.000000
4.9300 59.8300 24.3400 0.000000 0.000000 131.000000 55.000000
4.9400 61.3100 24.8900 0.000000 0.000000 131.000000 55.000000
4.9500 62.8500 25.5400 0.000000 0.000000 131.000000 55.000000
4.9600 64.4400 26.1700 0.000000 0.000000 132.000000 55.000000
4.9700 65.5800 26.7700 0.000000 0.000000 132.000000 55.000000
4.9800 66.3200 27.3100 0.000000 0.000000 132.000000 55.000000
4.9900 66.3200 27.3100 496.000000 1.000000 135.000000 55.000000
5.0000 66.5800 28.1200 561.000000 0.000000 135.000000 55.000000
5.0100 66.1200 28.4300 627.000000 0.000000 136.000000 55.000000
5.0200 65.4900 28.6900 653.000000 0.000000 139.000000 55.000000
5.0300 64.4300 28.8400 670.000000 0.000000 139.000000 55.000000
5.0400 62.8100 28.7900 673.000000 0.000000 140.000000 54.000000
5.0500 60.8100 28.6200 687.000000 0.000000 141.000000 53.000000
5.0600 58.6700 28.3100 694.000000 0.000000 141.000000 53.000000
5.0700 56.5600 27.9600 722.000000 0.000000 141.000000 53.000000
5.0800 54.4800 27.5900 779.000000 0.000000 142.000000 53.000000
5.0900 53.7400 27.5400 776.000000 0.000000 141.000000 53.000000
5.1000 53.7400 27.5400 762.000000 0.000000 141.000000 53.000000
5.1100 54.7600 27.8400 731.000000 0.000000 141.000000 53.000000
5.1200 56.7600 28.3700 710.000000 0.000000 141.000000 53.000000
5.1300 59.5800 28.8600 678.000000 0.000000 141.000000 53.000000
5.1400 62.9400 29.3200 653.000000 0.000000 141.000000 53.000000
5.1500 66.1000 29.3900 653.000000 0.000000 141.000000 53.000000
5.1600 68.4000 29.0800 662.000000 0.000000 142.000000 54.000000
5.1700 70.1300 28.5100 714.000000 0.000000 142.000000 54.000000
5.1800 70.3300 27.7900 815.000000 0.000000 144.000000 54.000000
5.1900 69.0100 26.8900 864.000000 0.000000 144.000000 54.000000
5.2000 66.6800 25.8600 923.000000 0.000000 145.000000 55.000000
5.2100 63.1400 24.8200 933.000000 0.000000 145.000000 55.000000
5.2200 59.1800 23.8300 968.000000 0.000000 144.000000 56.000000
5.2300 54.9400 23.2100 988.000000 0.000000 144.000000 56.000000
5.2400 51.2600 22.8200 996.000000 0.000000 143.000000 56.000000
5.2500 48.7500 23.0100 990.000000 0.000000 141.000000 56.000000
5.2600 47.0100 23.4500 982.000000 0.000000 140.000000 56.000000
5.2700 46.4200 24.0500 974.000000 0.000000 138.000000 57.000000
5.2800 47.1400 24.9100 979.000000 0.000000 138.000000 57.000000
5.2900 48.7200 26.2300 1023.000000 0.000000 136.000000 56.000000
5.3000 51.9200 27.8700 1023.000000 0.000000 136.000000 56.000000
5.3100 57.1900 30.2100 1015.000000 0.000000 138.000000 57.000000
5.3200 63.8500 32.5600 818.000000 0.000000 138.000000 57.000000
