0.0000 44.4200 11.5600 179.000000 1.000000 145.000000 55.000000
0.0100 44.7700 12.0100 274.000000 0.000000 144.000000 56.000000
0.0200 45.3700 12.4100 389.000000 0.000000 143.000000 56.000000
0.0300 46.2000 12.7400 498.000000 0.000000 142.000000 57.000000
0.0400 47.7800 13.0300 564.000000 0.000000 140.000000 58.000000
0.0500 49.4100 13.6500 591.000000 0.000000 139.000000 58.000000
0.0600 51.2800 14.2600 617.000000 0.000000 139.000000 58.000000
0.0700 53.2900 14.8500 627.000000 0.000000 139.000000 58.000000
0.0800 55.1700 15.4200 636.000000 0.000000 139.000000 58.000000
0.0900 56.8700 15.7300 636.000000 0.000000 139.000000 58.000000
0.1000 58.4600 15.8800 638.000000 0.000000 139.000000 58.000000
0.1100 59.4300 15.8200 625.000000 0.000000 140.000000 58.000000
0.1200 59.7500 15.5600 647.000000 0.000000 142.000000 57.000000
0.1300 59.6400 15.1600 670.000000 0.000000 143.000000 56.000000
0.1400 58.9000 14.4800 684.000000 0.000000 143.000000 56.000000
0.1500 57.2900 13.4100 696.000000 0.000000 143.000000 56.000000
0.1600 55.1100 12.0700 697.000000 0.000000 143.000000 56.000000
0.1700 52.3800 10.6000 716.000000 0.000000 143.000000 56.000000
0.1800 49.7800 9.4700 760.000000 0.000000 143.000000 56.000000
0.1900 47.2600 8.5800 787.000000 0.000000 143.000000 56.000000
0.2000 45.5100 7.9700 840.000000 0.000000 144.000000 57.000000
0.2100 44.7000 7.7000 875.000000 0.000000 144.000000 57.000000
0.2200 44.5100 7.7000 896.000000 0.000000 146.000000 57.000000
0.2300 45.1100 7.9100 908.000000 0.000000 147.000000 56.000000
0.2400 46.8900 8.7000 932.000000 0.000000 147.000000 56.000000
0.2500 49.4600 9.8500 951.000000 0.000000 147.000000 56.000000
0.2600 52.8200 11.2500 941.000000 0.000000 147.000000 56.000000
0.2700 56.8300 13.0600 935.000000 0.000000 147.000000 56.000000
0.2800 61.2700 15.1400 944.000000 0.000000 147.000000 56.000000
0.2900 65.8100 16.7400 935.000000 0.000000 147.000000 56.000000
0.3000 70.2900 18.0500 914.000000 0.000000 148.000000 57.000000
0.3100 73.8800 19.1600 879.000000 0.000000 148.000000 57.000000
0.3200 76.8900 19.7400 824.000000 0.000000 149.000000 56.000000
0.3300 78.8900 19.9900 652.000000 0.000000 149.000000 56.000000
0.3400 79.6900 19.9900 344.000000 0.000000 150.000000 55.000000
0.3500 79.6900 19.9900 0.000000 1.000000 151.000000 54.000000
0.3600 78.7200 19.3900 0.000000 0.000000 151.000000 54.000000
0.3700 77.0900 18.9500 0.000000 0.000000 152.000000 54.000000
0.3800 75.0300 18.4900 0.000000 0.000000 152.000000 54.000000
0.3900 72.3400 17.9900 0.000000 0.000000 152.000000 54.000000
0.4000 69.6700 17.4300 0.000000 0.000000 151.000000 53.000000
0.4100 67.0100 16.8900 0.000000 0.000000 151.000000 53.000000
0.4200 64.8000 16.3800 0.000000 0.000000 149.000000 53.000000
0.4300 63.0700 15.9400 0.000000 0.000000 149.000000 53.000000
0.4400 61.6600 15.5700 0.000000 0.000000 148.000000 53.000000
0.4500 60.9700 15.2600 0.000000 0.000000 148.000000 51.000000
0.4600 60.7200 15.1700 0.000000 0.000000 147.000000 51.000000
0.4700 60.7700 15.1100 0.000000 0.000000 146.000000 50.000000
0.4800 60.8600 15.0600 0.000000 0.000000 145.000000 50.000000
0.4900 60.9900 15.0100 0.000000 0.000000 144.000000 49.000000
0.5000 61.2000 14.9500 0.000000 0.000000 144.000000 49.000000
0.5100 61.4100 14.9500 0.000000 0.000000 144.000000 49.000000
0.5200 61.6100 14.9500 0.000000 0.000000 144.000000 49.000000
0.5300 61.6700 14.9500 0.000000 0.000000 144.000000 49.000000
0.5400 61.6200 14.9500 0.000000 0.000000 144.000000 49.000000
0.5500 61.4900 14.9000 0.000000 0.000000 144.000000 49.000000
0.5600 61.2700 14.8400 0.000000 0.000000 144.000000 49.000000
0.5700 61.0100 14.8400 0.000000 0.000000 143.000000 50.000000
0.5800 60.7200 14.7700 0.000000 0.000000 144.000000 50.000000
0.5900 60.5400 14.7700 0.000000 0.000000 144.000000 50.000000
0.6000 60.4000 14.7700 0.000000 0.000000 144.000000 50.000000
0.6100 60.3300 14.9300 0.000000 0.000000 144.000000 50.000000
0.6200 60.2700 15.0900 0.000000 0.000000 144.000000 50.000000
0.6300 60.2100 15.2400 0.000000 0.000000 143.000000 51.000000
0.6400 60.1500 15.3800 0.000000 0.000000 143.000000 51.000000
0.6500 60.0700 15.4900 0.000000 0.000000 143.000000 51.000000
0.6600 59.9700 15.5500 0.000000 0.000000 143.000000 51.000000
0.6700 59.9700 15.6000 0.000000 0.000000 144.000000 51.000000
0.6800 60.0600 15.6000 0.000000 0.000000 145.000000 51.000000
0.6900 60.2300 15.7200 0.000000 0.000000 144.000000 51.000000
0.7000 60.4600 15.7900 0.000000 0.000000 144.000000 51.000000
0.7100 60.6700 15.7900 0.000000 0.000000 144.000000 51.000000
0.7200 60.8600 15.7900 0.000000 0.000000 143.000000 52.000000
0.7300 60.8600 15.7900 0.000000 0.000000 143.000000 52.000000
0.7400 60.8600 15.7900 0.000000 0.000000 142.000000 52.000000
0.7500 60.8600 15.7900 0.000000 0.000000 141.000000 52.000000
0.7600 60.8600 15.7900 15.000000 1.000000 141.000000 52.000000
0.7700 61.2100 15.6300 68.000000 0.000000 141.000000 52.000000
0.7800 61.3200 15.7100 129.000000 0.000000 140.000000 53.000000
0.7900 61.4400 15.8400 180.000000 0.000000 140.000000 53.000000
0.8000 61.5500 15.9700 247.000000 0.000000 140.000000 53.000000
0.8100 61.5500 16.1100 270.000000 0.000000 140.000000 53.000000
0.8200 61.5500 16.2400 335.000000 0.000000 140.000000 53.000000
0.8300 61.4800 16.3400 369.000000 0.000000 140.000000 53.000000
0.8400 61.3800 16.4100 396.000000 0.000000 141.000000 52.000000
0.8500 61.1900 16.4100 425.000000 0.000000 141.000000 52.000000
0.8600 60.9400 16.4100 449.000000 0.000000 141.000000 52.000000
0.8700 60.7100 16.2800 493.000000 0.000000 141.000000 52.000000
0.8800 60.5100 16.1500 515.000000 0.000000 140.000000 52.000000
0.8900 60.3900 15.9700 516.000000 0.000000 140.000000 52.000000
0.9000 60.2800 15.7200 522.000000 0.000000 140.000000 52.000000
0.9100 60.1600 15.4800 518.000000 0.000000 139.000000 52.000000
0.9200 60.1600 15.2800 519.000000 0.000000 139.000000 52.000000
0.9300 60.1600 15.0200 529.000000 0.000000 139.000000 52.000000
0.9400 60.3400 14.7600 532.000000 0.000000 137.000000 53.000000
0.9500 60.5500 14.6500 537.000000 0.000000 137.000000 53.000000
0.9600 60.8500 14.6500 565.000000 0.000000 136.000000 54.000000
0.9700 61.1800 14.6500 575.000000 0.000000 135.000000 54.000000
0.9800 61.5000 14.7200 581.000000 0.000000 135.000000 54.000000
0.9900 61.7400 14.8200 584.000000 0.000000 136.000000 55.000000
1.0000 61.9200 15.0300 586.000000 0.000000 136.000000 55.000000
1.0100 62.1000 15.2400 580.000000 0.000000 136.000000 55.000000
1.0200 62.1900 15.4600 588.000000 0.000000 136.000000 55.000000
1.0300 62.1900 15.6900 572.000000 0.000000 136.000000 55.000000
1.0400 62.1200 15.9000 572.000000 0.000000 136.000000 55.000000
1.0500 62.0100 16.0800 584.000000 0.000000 137.000000 54.000000
1.0600 62.0100 16.0800 585.000000 0.000000 137.000000 54.000000
1.0700 62.0100 16.0800 605.000000 0.000000 139.000000 54.000000
1.0800 61.7600 16.2300 611.000000 0.000000 139.000000 54.000000
1.0900 61.7600 16.2300 614.000000 0.000000 139.000000 54.000000
1.1000 61.7600 16.1600 609.000000 0.000000 140.000000 53.000000
1.1100 61.8300 16.0700 611.000000 0.000000 140.000000 53.000000
1.1200 61.8300 15.9300 609.000000 0.000000 140.000000 53.000000
1.1300 61.9500 15.7600 597.000000 0.000000 140.000000 53.000000
1.1400 62.0600 15.5500 556.000000 0.000000 140.000000 53.000000
1.1500 62.2000 15.3900 430.000000 0.000000 140.000000 53.000000
1.1600 62.3200 15.2700 216.000000 0.000000 139.000000 54.000000
1.1700 62.3200 15.2700 0.000000 1.000000 139.000000 54.000000
1.1800 62.5700 15.1700 0.000000 0.000000 139.000000 54.000000
1.1900 62.6800 15.2400 0.000000 0.000000 139.000000 54.000000
1.2000 62.8100 15.4000 0.000000 0.000000 140.000000 54.000000
1.2100 62.9600 15.5800 0.000000 0.000000 140.000000 54.000000
1.2200 63.0800 15.7800 0.000000 0.000000 141.000000 53.000000
1.2300 63.1500 15.9100 0.000000 0.000000 141.000000 53.000000
1.2400 63.1500 16.0200 0.000000 0.000000 141.000000 52.000000
1.2500 63.0600 16.0900 0.000000 0.000000 142.000000 52.000000
1.2600 62.9000 16.1500 0.000000 0.000000 143.000000 51.000000
1.2700 62.7100 16.2200 0.000000 0.000000 144.000000 50.000000
1.2800 62.5700 16.2900 0.000000 0.000000 144.000000 50.000000
1.2900 62.4700 16.3600 0.000000 0.000000 144.000000 50.000000
1.3000 62.4700 16.4200 0.000000 0.000000 144.000000 50.000000
1.3100 62.4700 16.4200 103.000000 1.000000 144.000000 50.000000
1.3200 62.4700 16.4200 209.000000 0.000000 144.000000 50.000000
1.3300 62.4700 16.7900 309.000000 0.000000 143.000000 51.000000
1.3400 62.5200 16.7900 363.000000 0.000000 143.000000 51.000000
1.3500 62.5200 16.7900 379.000000 0.000000 143.000000 51.000000
1.3600 62.5900 16.7900 410.000000 0.000000 143.000000 51.000000
1.3700 62.6400 16.7900 448.000000 0.000000 142.000000 52.000000
1.3800 62.7400 16.6400 458.000000 0.000000 142.000000 52.000000
1.3900 62.8600 16.4400 460.000000 0.000000 142.000000 52.000000
1.4000 62.9900 16.2400 466.000000 0.000000 142.000000 52.000000
1.4100 63.1100 16.0600 474.000000 0.000000 142.000000 53.000000
1.4200 63.2100 15.9000 474.000000 0.000000 142.000000 53.000000
1.4300 63.3000 15.8500 474.000000 0.000000 142.000000 53.000000
1.4400 63.4000 15.8500 471.000000 0.000000 142.000000 53.000000
1.4500 63.5200 15.8500 460.000000 0.000000 142.000000 53.000000
1.4600 63.6500 15.9700 466.000000 0.000000 142.000000 53.000000
1.4700 63.7800 16.1100 465.000000 0.000000 143.000000 53.000000
1.4800 63.9000 16.2800 466.000000 0.000000 143.000000 53.000000
1.4900 63.9000 16.2800 469.000000 0.000000 143.000000 53.000000
1.5000 64.0600 16.7200 465.000000 0.000000 143.000000 53.000000
1.5100 64.0600 16.8900 515.000000 0.000000 143.000000 53.000000
1.5200 64.0600 17.0300 522.000000 0.000000 143.000000 53.000000
1.5300 64.0000 17.1000 513.000000 0.000000 143.000000 53.000000
1.5400 64.0000 17.1000 450.000000 0.000000 143.000000 53.000000
1.5500 64.0000 17.1000 312.000000 0.000000 145.000000 53.000000
1.5600 64.0000 17.1000 0.000000 1.000000 145.000000 53.000000
1.5700 63.9400 16.8300 0.000000 0.000000 145.000000 53.000000
1.5800 63.9400 16.7000 0.000000 0.000000 145.000000 53.000000
1.5900 64.0100 16.7000 0.000000 0.000000 145.000000 53.000000
1.6000 64.1100 16.7800 0.000000 0.000000 145.000000 53.000000
1.6100 64.2900 16.9200 0.000000 0.000000 146.000000 52.000000
1.6200 64.5300 17.1200 0.000000 0.000000 144.000000 51.000000
1.6300 64.7700 17.3500 0.000000 0.000000 143.000000 52.000000
1.6400 64.8700 17.4600 0.000000 0.000000 143.000000 52.000000
1.6500 64.8700 17.5200 0.000000 0.000000 143.000000 52.000000
1.6600 64.8700 17.5700 0.000000 0.000000 142.000000 53.000000
1.6700 64.8700 17.5700 137.000000 1.000000 142.000000 53.000000
1.6800 64.8700 17.5700 228.000000 0.000000 142.000000 53.000000
1.6900 64.8700 17.5700 309.000000 0.000000 141.000000 53.000000
1.7000 64.7700 17.8700 374.000000 0.000000 141.000000 53.000000
1.7100 64.7700 17.8700 400.000000 0.000000 141.000000 53.000000
1.7200 64.7700 17.8700 417.000000 0.000000 141.000000 53.000000
1.7300 64.7700 17.8700 433.000000 0.000000 141.000000 53.000000
1.7400 64.8400 17.7700 447.000000 0.000000 141.000000 53.000000
1.7500 64.8400 17.5200 461.000000 0.000000 141.000000 53.000000
1.7600 64.8400 17.1400 469.000000 0.000000 142.000000 54.000000
1.7700 64.8400 16.6900 444.000000 0.000000 142.000000 54.000000
1.7800 64.8400 16.2800 362.000000 0.000000 143.000000 53.000000
1.7900 64.8400 16.0700 146.000000 0.000000 143.000000 53.000000
1.8000 64.8400 16.0700 0.000000 1.000000 143.000000 53.000000
1.8100 64.9700 16.1700 0.000000 0.000000 143.000000 53.000000
1.8200 65.1200 16.5900 0.000000 0.000000 143.000000 53.000000
1.8300 65.2600 17.1600 0.000000 0.000000 143.000000 53.000000
1.8400 65.4100 17.6500 0.000000 0.000000 143.000000 53.000000
1.8500 65.5400 18.1000 0.000000 0.000000 143.000000 53.000000
1.8600 65.5900 18.4200 0.000000 0.000000 143.000000 53.000000
1.8700 65.5900 18.6700 0.000000 0.000000 143.000000 53.000000
1.8800 65.4700 18.8700 0.000000 0.000000 143.000000 53.000000
1.8900 65.4700 18.8700 120.000000 1.000000 143.000000 53.000000
1.9000 65.1800 19.1900 200.000000 0.000000 143.000000 53.000000
1.9100 65.0700 19.1900 259.000000 0.000000 143.000000 53.000000
1.9200 65.0000 19.1900 274.000000 0.000000 143.000000 53.000000
1.9300 65.0000 19.1900 279.000000 0.000000 143.000000 53.000000
1.9400 65.0500 19.1900 272.000000 0.000000 143.000000 53.000000
1.9500 65.1200 19.1900 202.000000 0.000000 143.000000 53.000000
1.9600 65.1200 19.1900 0.000000 1.000000 143.000000 53.000000
1.9700 65.2500 19.0800 0.000000 0.000000 143.000000 53.000000
1.9800 65.3400 19.1300 0.000000 0.000000 143.000000 53.000000
1.9900 65.4400 19.2400 0.000000 0.000000 143.000000 53.000000
2.0000 65.5700 19.4600 0.000000 0.000000 143.000000 53.000000
2.0100 65.7300 19.7100 0.000000 0.000000 143.000000 53.000000
2.0200 65.9600 19.9900 0.000000 0.000000 143.000000 53.000000
2.0300 66.2200 20.2900 0.000000 0.000000 143.000000 53.000000
2.0400 66.5200 20.5700 0.000000 0.000000 143.000000 53.000000
2.0500 66.6600 20.8400 0.000000 0.000000 143.000000 53.000000
2.0600 66.6600 20.9600 0.000000 0.000000 143.000000 53.000000
2.0700 66.6600 20.9600 0.000000 0.000000 143.000000 53.000000
2.0800 66.6600 20.9600 0.000000 0.000000 143.000000 53.000000
2.0900 66.6600 20.9600 0.000000 0.000000 145.000000 53.000000
2.1000 66.6000 20.9600 0.000000 0.000000 143.000000 53.000000
2.1100 66.6000 20.8900 0.000000 0.000000 145.000000 54.000000
2.1200 66.6700 20.8000 0.000000 0.000000 145.000000 54.000000
2.1300 66.7700 20.7100 0.000000 0.000000 145.000000 54.000000
2.1400 66.8700 20.6400 0.000000 0.000000 145.000000 54.000000
2.1500 66.8700 20.6400 1.000000 0.000000 146.000000 54.000000
2.1600 67.0800 20.1500 37.000000 1.000000 146.000000 54.000000
2.1700 67.2100 19.8100 71.000000 0.000000 146.000000 54.000000
2.1800 67.3500 19.4800 107.000000 0.000000 146.000000 54.000000
2.1900 67.5000 19.1800 125.000000 0.000000 146.000000 54.000000
2.2000 67.6000 18.9100 131.000000 0.000000 146.000000 54.000000
2.2100 67.6600 18.7500 153.000000 0.000000 146.000000 54.000000
2.2200 67.6600 18.6500 165.000000 0.000000 146.000000 54.000000
2.2300 67.7100 18.5900 171.000000 0.000000 146.000000 54.000000
2.2400 67.7100 18.5900 210.000000 0.000000 146.000000 54.000000
2.2500 67.6400 18.5900 244.000000 0.000000 146.000000 54.000000
2.2600 67.5700 18.6900 255.000000 0.000000 146.000000 54.000000
2.2700 67.4400 18.7600 291.000000 0.000000 146.000000 54.000000
2.2800 67.2700 18.8200 329.000000 0.000000 146.000000 54.000000
2.2900 67.0100 18.8200 344.000000 0.000000 145.000000 54.000000
2.3000 66.7500 18.8200 369.000000 0.000000 145.000000 54.000000
2.3100 66.4900 18.7500 445.000000 0.000000 145.000000 54.000000
2.3200 66.3500 18.6400 493.000000 0.000000 145.000000 54.000000
2.3300 66.2600 18.5300 527.000000 0.000000 145.000000 54.000000
2.3400 66.2000 18.3300 562.000000 0.000000 145.000000 54.000000
2.3500 66.1500 18.1300 589.000000 0.000000 145.000000 54.000000
2.3600 66.2100 17.8900 592.000000 0.000000 145.000000 54.000000
2.3700 66.2800 17.6900 580.000000 0.000000 145.000000 54.000000
2.3800 66.3800 17.5400 519.000000 0.000000 146.000000 53.000000
2.3900 66.5200 17.4300 338.000000 0.000000 145.000000 54.000000
2.4000 66.7200 17.4300 5.000000 1.000000 145.000000 54.000000
2.4100 66.7200 17.4300 0.000000 0.000000 145.000000 54.000000
2.4200 67.3800 17.5700 0.000000 0.000000 145.000000 54.000000
2.4300 67.8400 17.7200 0.000000 0.000000 144.000000 54.000000
2.4400 68.2800 17.9100 0.000000 0.000000 144.000000 54.000000
2.4500 68.7200 18.0500 0.000000 0.000000 145.000000 55.000000
2.4600 69.1300 18.1700 0.000000 0.000000 145.000000 55.000000
2.4700 69.3200 18.2300 0.000000 0.000000 145.000000 55.000000
2.4800 69.3700 18.2300 0.000000 0.000000 145.000000 55.000000
2.4900 69.2500 18.2300 0.000000 0.000000 145.000000 55.000000
2.5000 69.2500 18.2300 277.000000 1.000000 145.000000 55.000000
2.5100 68.7300 18.1800 409.000000 0.000000 145.000000 55.000000
2.5200 68.4400 18.2400 522.000000 0.000000 144.000000 54.000000
2.5300 68.3000 18.2400 570.000000 0.000000 144.000000 54.000000
2.5400 68.2500 18.2900 570.000000 0.000000 142.000000 54.000000
2.5500 68.2500 18.2900 543.000000 0.000000 142.000000 53.000000
2.5600 68.3500 18.2900 428.000000 0.000000 142.000000 53.000000
2.5700 68.4800 18.2900 91.000000 0.000000 141.000000 52.000000
2.5800 68.4800 18.2900 0.000000 1.000000 141.000000 52.000000
2.5900 68.8700 18.1900 0.000000 0.000000 141.000000 52.000000
2.6000 69.0500 18.3100 0.000000 0.000000 141.000000 52.000000
2.6100 69.3400 18.5700 0.000000 0.000000 141.000000 52.000000
2.6200 69.6800 18.8200 0.000000 0.000000 142.000000 53.000000
2.6300 70.1300 19.1000 0.000000 0.000000 143.000000 53.000000
2.6400 70.6300 19.3900 0.000000 0.000000 143.000000 53.000000
2.6500 71.1000 19.6600 0.000000 0.000000 143.000000 53.000000
2.6600 71.4000 19.9300 0.000000 0.000000 145.000000 54.000000
2.6700 71.6100 20.1600 0.000000 0.000000 145.000000 54.000000
2.6800 71.5100 20.3400 0.000000 0.000000 145.000000 54.000000
2.6900 71.2500 20.4800 0.000000 0.000000 146.000000 53.000000
2.7000 70.8800 20.5800 0.000000 0.000000 146.000000 53.000000
2.7100 70.4500 20.6600 0.000000 0.000000 146.000000 53.000000
2.7200 70.0300 20.6600 0.000000 0.000000 146.000000 53.000000
2.7300 69.6100 20.6600 0.000000 0.000000 146.000000 53.000000
2.7400 69.4500 20.6600 0.000000 0.000000 146.000000 53.000000
2.7500 69.4500 20.6600 41.000000 1.000000 147.000000 52.000000
2.7600 69.4500 20.6600 182.000000 0.000000 146.000000 53.000000
2.7700 69.4500 20.6600 230.000000 0.000000 146.000000 53.000000
2.7800 69.4500 20.6600 329.000000 0.000000 145.000000 53.000000
2.7900 69.8600 20.7600 399.000000 0.000000 145.000000 53.000000
2.8000 70.3300 20.8600 425.000000 0.000000 145.000000 53.000000
2.8100 70.9400 21.0400 443.000000 0.000000 143.000000 52.000000
2.8200 71.6700 21.2600 440.000000 0.000000 143.000000 52.000000
2.8300 72.4800 21.5000 443.000000 0.000000 145.000000 53.000000
2.8400 72.6900 21.7700 418.000000 0.000000 145.000000 53.000000
2.8500 72.9000 22.0200 422.000000 0.000000 145.000000 53.000000
2.8600 73.1000 22.2500 414.000000 0.000000 146.000000 53.000000
2.8700 72.9300 22.3600 423.000000 0.000000 146.000000 53.000000
2.8800 72.5900 22.4400 440.000000 0.000000 147.000000 53.000000
2.8900 72.1300 22.4400 472.000000 0.000000 147.000000 53.000000
2.9000 71.6100 22.3600 519.000000 0.000000 147.000000 53.000000
2.9100 71.1500 22.2100 537.000000 0.000000 147.000000 53.000000
2.9200 70.9500 22.0500 546.000000 0.000000 147.000000 53.000000
2.9300 70.8900 21.8700 529.000000 0.000000 147.000000 53.000000
2.9400 70.9500 21.6400 519.000000 0.000000 147.000000 53.000000
2.9500 71.2300 21.3700 522.000000 0.000000 147.000000 53.000000
2.9600 71.6600 21.1000 504.000000 0.000000 146.000000 53.000000
2.9700 72.2200 20.8100 499.000000 0.000000 146.000000 53.000000
2.9800 72.8000 20.5100 501.000000 0.000000 147.000000 53.000000
2.9900 73.4400 20.2100 501.000000 0.000000 147.000000 53.000000
3.0000 73.8500 19.9100 519.000000 0.000000 147.000000 53.000000
3.0100 74.1000 19.6700 537.000000 0.000000 148.000000 54.000000
3.0200 74.1700 19.4700 546.000000 0.000000 150.000000 54.000000
3.0300 74.0200 19.1600 550.000000 0.000000 151.000000 53.000000
3.0400 73.7100 18.9400 548.000000 0.000000 151.000000 53.000000
3.0500 73.1700 18.7800 541.000000 0.000000 151.000000 53.000000
3.0600 72.4800 18.4900 431.000000 0.000000 151.000000 53.000000
3.0700 71.7000 18.2000 163.000000 0.000000 150.000000 54.000000
3.0800 71.7000 18.2000 0.000000 1.000000 150.000000 54.000000
3.0900 69.9800 17.3600 0.000000 0.000000 150.000000 54.000000
3.1000 69.0500 16.9500 0.000000 0.000000 148.000000 54.000000
3.1100 67.8800 16.5200 0.000000 0.000000 148.000000 54.000000
3.1200 66.3800 15.8500 0.000000 0.000000 147.000000 53.000000
3.1300 64.6500 15.0400 0.000000 0.000000 147.000000 53.000000
3.1400 63.0100 14.1800 0.000000 0.000000 146.000000 53.000000
3.1500 61.3900 13.2700 0.000000 0.000000 146.000000 53.000000
3.1600 59.8700 12.2900 0.000000 0.000000 145.000000 53.000000
3.1700 58.4000 11.2800 0.000000 0.000000 145.000000 53.000000
3.1800 56.6700 10.5400 0.000000 0.000000 143.000000 52.000000
3.1900 55.2400 9.9900 0.000000 0.000000 143.000000 52.000000
3.2000 54.0000 9.5600 0.000000 0.000000 142.000000 53.000000
3.2100 53.1700 9.3500 0.000000 0.000000 141.000000 53.000000
3.2200 52.6600 9.2800 0.000000 0.000000 140.000000 54.000000
3.2300 52.3500 9.4300 0.000000 0.000000 140.000000 54.000000
3.2400 52.7100 9.7100 0.000000 0.000000 139.000000 55.000000
3.2500 52.7600 10.0900 0.000000 0.000000 139.000000 55.000000
3.2600 52.6000 10.5600 0.000000 0.000000 138.000000 55.000000
3.2700 52.9300 11.1700 0.000000 0.000000 136.000000 56.000000
3.2800 53.2600 11.8800 0.000000 0.000000 135.000000 55.000000
3.2900 53.5300 12.7100 0.000000 0.000000 135.000000 55.000000
3.3000 53.7600 13.5300 0.000000 0.000000 135.000000 55.000000
3.3100 53.9400 14.4100 0.000000 0.000000 135.000000 55.000000
3.3200 54.0000 15.3400 0.000000 0.000000 135.000000 55.000000
3.3300 54.0000 16.2500 0.000000 0.000000 135.000000 55.000000
3.3400 54.0000 16.2500 130.000000 1.000000 135.000000 54.000000
3.3500 53.6200 17.2000 195.000000 0.000000 135.000000 54.000000
3.3600 53.3800 17.1400 292.000000 0.000000 136.000000 54.000000
3.3700 53.2400 16.4900 379.000000 0.000000 136.000000 54.000000
3.3800 53.1600 15.4600 472.000000 0.000000 136.000000 54.000000
3.3900 53.2700 13.8800 563.000000 0.000000 137.000000 54.000000
3.4000 53.4800 12.0500 631.000000 0.000000 136.000000 55.000000
3.4100 53.8800 10.0500 650.000000 0.000000 135.000000 55.000000
3.4200 54.1700 8.3600 662.000000 0.000000 136.000000 56.000000
3.4300 54.3800 6.8700 668.000000 0.000000 135.000000 57.000000
3.4400 54.5300 5.5200 643.000000 0.000000 134.000000 57.000000
3.4500 54.6400 4.7500 580.000000 0.000000 134.000000 58.000000
3.4600 54.7200 4.4700 307.000000 0.000000 132.000000 59.000000
3.4700 54.7200 4.4700 0.000000 1.000000 132.000000 60.000000
3.4800 54.7700 4.9700 0.000000 0.000000 132.000000 60.000000
3.4900 54.6800 5.6700 0.000000 0.000000 132.000000 60.000000
3.5000 54.3800 6.5500 0.000000 0.000000 132.000000 60.000000
3.5100 53.9600 7.2100 0.000000 0.000000 134.000000 60.000000
3.5200 53.4700 7.5700 0.000000 0.000000 134.000000 60.000000
3.5300 52.8000 7.7300 0.000000 0.000000 135.000000 59.000000
3.5400 52.0900 7.5200 0.000000 0.000000 135.000000 58.000000
3.5500 51.3500 7.1600 0.000000 0.000000 135.000000 57.000000
3.5600 50.6900 6.7100 0.000000 0.000000 136.000000 56.000000
3.5700 50.1800 6.2800 0.000000 0.000000 136.000000 55.000000
3.5800 49.7800 6.0200 0.000000 0.000000 136.000000 54.000000
3.5900 49.5700 5.8700 0.000000 0.000000 137.000000 53.000000
3.6000 49.4000 5.9300 0.000000 0.000000 139.000000 52.000000
3.6100 49.3500 6.1000 0.000000 0.000000 139.000000 52.000000
3.6200 49.3500 6.3500 0.000000 0.000000 140.000000 52.000000
3.6300 49.5300 6.6300 0.000000 0.000000 140.000000 52.000000
3.6400 49.8600 6.9500 0.000000 0.000000 142.000000 52.000000
3.6500 50.3000 7.2900 0.000000 0.000000 141.000000 52.000000
3.6600 50.8100 7.5500 0.000000 0.000000 141.000000 52.000000
3.6700 51.2800 7.7700 0.000000 0.000000 141.000000 52.000000
3.6800 51.6400 7.9200 0.000000 0.000000 140.000000 53.000000
3.6900 51.9300 8.0700 0.000000 0.000000 140.000000 53.000000
3.7000 51.9300 8.0700 61.000000 1.000000 139.000000 54.000000
3.7100 52.1800 8.3500 148.000000 0.000000 140.000000 54.000000
3.7200 52.1800 8.4100 223.000000 0.000000 139.000000 55.000000
3.7300 52.1000 8.4100 292.000000 0.000000 139.000000 55.000000
3.7400 51.8700 8.4100 364.000000 0.000000 138.000000 55.000000
3.7500 51.5400 8.3100 418.000000 0.000000 138.000000 55.000000
3.7600 51.1500 8.1400 452.000000 0.000000 138.000000 55.000000
3.7700 50.7200 7.9300 477.000000 0.000000 138.000000 55.000000
3.7800 50.2600 7.7200 519.000000 0.000000 139.000000 55.000000
3.7900 49.8800 7.4400 564.000000 0.000000 137.000000 54.000000
3.8000 49.6800 7.1600 565.000000 0.000000 137.000000 54.000000
3.8100 49.6100 6.9700 563.000000 0.000000 137.000000 54.000000
3.8200 49.6100 6.8300 567.000000 0.000000 136.000000 54.000000
3.8300 49.8700 6.7300 572.000000 0.000000 136.000000 54.000000
3.8400 50.2100 6.6300 577.000000 0.000000 136.000000 54.000000
3.8500 50.7100 6.5500 588.000000 0.000000 137.000000 54.000000
3.8600 51.2200 6.4900 580.000000 0.000000 137.000000 54.000000
3.8700 51.7300 6.3800 581.000000 0.000000 136.000000 55.000000
3.8800 52.1300 6.2700 588.000000 0.000000 138.000000 55.000000
3.8900 52.4700 6.1600 591.000000 0.000000 138.000000 55.000000
3.9000 52.5900 6.0900 613.000000 0.000000 139.000000 56.000000
3.9100 52.5900 6.0300 670.000000 0.000000 139.000000 56.000000
3.9200 52.5100 6.0300 694.000000 0.000000 138.000000 57.000000
3.9300 52.2100 5.8700 699.000000 0.000000 138.000000 57.000000
3.9400 51.7900 5.6200 725.000000 0.000000 139.000000 57.000000
3.9500 51.2800 5.3800 746.000000 0.000000 138.000000 58.000000
3.9600 50.8000 5.1400 750.000000 0.000000 138.000000 58.000000
3.9700 50.3300 4.9100 758.000000 0.000000 136.000000 58.000000
3.9800 49.8800 4.7600 749.000000 0.000000 135.000000 59.000000
3.9900 49.6600 4.6500 694.000000 0.000000 135.000000 59.000000
4.0000 49.5900 4.6500 557.000000 0.000000 134.000000 60.000000
4.0100 49.5900 4.7400 284.000000 0.000000 132.000000 60.000000
4.0200 49.5900 4.7400 0.000000 1.000000 132.000000 60.000000
4.0300 50.3100 5.2000 0.000000 0.000000 132.000000 60.000000
4.0400 50.7700 5.5200 0.000000 0.000000 132.000000 60.000000
4.0500 51.2200 5.8600 0.000000 0.000000 134.000000 60.000000
4.0600 51.6500 6.2300 0.000000 0.000000 135.000000 59.000000
4.0700 52.1300 6.6000 0.000000 0.000000 136.000000 58.000000
4.0800 52.5000 6.8100 0.000000 0.000000 138.000000 58.000000
4.0900 52.7900 7.0000 0.000000 0.000000 138.000000 57.000000
4.1000 53.0000 7.1600 0.000000 0.000000 139.000000 56.000000
4.1100 53.1300 7.2400 0.000000 0.000000 140.000000 55.000000
4.1200 53.2000 7.3300 0.000000 0.000000 140.000000 54.000000
4.1300 53.2000 7.3300 209.000000 1.000000 140.000000 54.000000
4.1400 53.2000 7.3300 270.000000 0.000000 140.000000 54.000000
4.1500 53.2000 7.6400 343.000000 0.000000 140.000000 54.000000
4.1600 53.2000 7.6400 384.000000 0.000000 140.000000 54.000000
4.1700 53.2000 7.6400 417.000000 0.000000 140.000000 54.000000
4.1800 53.2000 7.6400 448.000000 0.000000 140.000000 54.000000
4.1900 53.1200 7.6400 455.000000 0.000000 140.000000 54.000000
4.2000 53.0500 7.6400 463.000000 0.000000 140.000000 54.000000
4.2100 52.9000 7.6400 491.000000 0.000000 140.000000 54.000000
4.2200 52.6900 7.4900 537.000000 0.000000 140.000000 54.000000
4.2300 52.4300 7.3200 556.000000 0.000000 140.000000 54.000000
4.2400 52.1900 7.1600 578.000000 0.000000 139.000000 55.000000
4.2500 51.9800 6.9900 585.000000 0.000000 139.000000 55.000000
4.2600 51.8600 6.7800 588.000000 0.000000 139.000000 55.000000
4.2700 51.8100 6.5200 592.000000 0.000000 138.000000 55.000000
4.2800 51.8100 6.2600 588.000000 0.000000 138.000000 55.000000
4.2900 51.9200 6.0400 592.000000 0.000000 138.000000 55.000000
4.3000 52.1700 5.8700 589.000000 0.000000 136.000000 56.000000
4.3100 52.5300 5.8200 595.000000 0.000000 136.000000 56.000000
4.3200 52.7700 5.8200 599.000000 0.000000 135.000000 57.000000
4.3300 53.0300 5.9900 619.000000 0.000000 135.000000 57.000000
4.3400 53.3000 6.1900 616.000000 0.000000 135.000000 57.000000
4.3500 53.5200 6.4200 620.000000 0.000000 135.000000 57.000000
4.3600 53.7000 6.7500 630.000000 0.000000 135.000000 57.000000
4.3700 53.8400 7.0400 634.000000 0.000000 135.000000 57.000000
4.3800 53.8400 7.3200 637.000000 0.000000 135.000000 57.000000
4.3900 53.8400 7.6200 672.000000 0.000000 136.000000 56.000000
4.4000 53.6900 7.8200 678.000000 0.000000 136.000000 56.000000
4.4100 53.5400 8.0200 705.000000 0.000000 136.000000 56.000000
4.4200 53.3500 8.1700 734.000000 0.000000 138.000000 55.000000
4.4300 53.3500 8.3000 740.000000 0.000000 138.000000 55.000000
4.4400 53.3500 8.3700 739.000000 0.000000 138.000000 55.000000
4.4500 53.5000 8.4600 740.000000 0.000000 138.000000 55.000000
4.4600 53.7000 8.5600 737.000000 0.000000 138.000000 55.000000
4.4700 53.9700 8.6600 730.000000 0.000000 136.000000 56.000000
4.4800 54.3200 8.7100 724.000000 0.000000 136.000000 56.000000
4.4900 54.7300 8.7100 722.000000 0.000000 136.000000 56.000000
4.5000 55.1800 8.7800 716.000000 0.000000 135.000000 57.000000
4.5100 55.5000 8.7800 708.000000 0.000000 135.000000 57.000000
4.5200 55.7400 8.6600 700.000000 0.000000 135.000000 57.000000
4.5300 55.8100 8.5500 702.000000 0.000000 136.000000 57.000000
4.5400 55.8100 8.4200 707.000000 0.000000 136.000000 57.000000
4.5500 55.6800 8.2700 713.000000 0.000000 136.000000 57.000000
4.5600 55.4500 8.0600 719.000000 0.000000 136.000000 57.000000
4.5700 55.2200 7.8400 719.000000 0.000000 136.000000 57.000000
4.5800 54.9800 7.6400 725.000000 0.000000 138.000000 57.000000
4.5900 54.7400 7.4200 722.000000 0.000000 138.000000 57.000000
4.6000 54.5600 7.1900 721.000000 0.000000 138.000000 57.000000
4.6100 54.3800 6.9400 719.000000 0.000000 139.000000 56.000000
4.6200 54.3800 6.6900 721.000000 0.000000 139.000000 56.000000
4.6300 54.3800 6.5000 714.000000 0.000000 138.000000 57.000000
4.6400 54.5000 6.3400 717.000000 0.000000 138.000000 57.000000
4.6500 54.7400 6.2000 716.000000 0.000000 138.000000 57.000000
4.6600 55.0700 6.2000 721.000000 0.000000 136.000000 57.000000
4.6700 55.5000 6.2800 724.000000 0.000000 136.000000 57.000000
4.6800 55.9000 6.3900 721.000000 0.000000 136.000000 57.000000
4.6900 56.2900 6.6400 719.000000 0.000000 138.000000 58.000000
4.7000 56.6700 6.8700 724.000000 0.000000 138.000000 58.000000
4.7100 56.8500 7.1000 728.000000 0.000000 138.000000 58.000000
4.7200 56.9000 7.2800 745.000000 0.000000 138.000000 58.000000
4.7300 56.8000 7.4300 763.000000 0.000000 140.000000 58.000000
4.7400 56.5700 7.5400 756.000000 0.000000 140.000000 58.000000
4.7500 56.2600 7.6300 773.000000 0.000000 140.000000 58.000000
4.7600 55.8600 7.7100 787.000000 0.000000 142.000000 57.000000
4.7700 55.4700 7.7100 783.000000 0.000000 142.000000 57.000000
4.7800 55.1200 7.7100 785.000000 0.000000 140.000000 56.000000
4.7900 54.8100 7.6100 788.000000 0.000000 141.000000 56.000000
4.8000 54.6600 7.3800 733.000000 0.000000 141.000000 56.000000
4.8100 54.5900 7.1900 605.000000 0.000000 141.000000 56.000000
4.8200 54.5900 6.9900 404.000000 0.000000 140.000000 56.000000
4.8300 54.5900 6.9900 0.000000 1.000000 139.000000 56.000000
4.8400 55.0500 6.6100 0.000000 0.000000 139.000000 56.000000
4.8500 55.5600 6.5400 0.000000 0.000000 139.000000 56.000000
4.8600 56.1200 6.7000 0.000000 0.000000 140.000000 56.000000
4.8700 56.9900 7.0300 0.000000 0.000000 140.000000 56.000000
4.8800 58.0600 7.4700 0.000000 0.000000 140.000000 56.000000
4.8900 59.1000 7.9400 0.000000 0.000000 140.000000 56.000000
4.9000 59.9400 8.3700 0.000000 0.000000 140.000000 56.000000
4.9100 60.6500 8.7200 0.000000 0.000000 139.000000 57.000000
4.9200 61.1600 9.0300 0.000000 0.000000 139.000000 57.000000
4.9300 61.1600 9.0300 219.000000 1.000000 138.000000 58.000000
4.9400 61.3700 9.5000 344.000000 0.000000 138.000000 58.000000
4.9500 61.2900 9.6600 448.000000 0.000000 136.000000 58.000000
4.9600 61.2400 9.8100 518.000000 0.000000 134.000000 58.000000
4.9700 61.2400 9.8100 580.000000 0.000000 132.000000 59.000000
4.9800 61.3700 10.1400 616.000000 0.000000 132.000000 59.000000
4.9900 61.4500 10.3000 644.000000 0.000000 131.000000 60.000000
5.0000 61.4500 10.4400 678.000000 0.000000 131.000000 60.000000
5.0100 61.3600 10.5600 696.000000 0.000000 129.000000 60.000000
5.0200 61.1600 10.6300 693.000000 0.000000 129.000000 60.000000
5.0300 60.7700 10.6800 696.000000 0.000000 129.000000 60.000000
5.0400 60.2600 10.6800 702.000000 0.000000 129.000000 60.000000
5.0500 59.6000 10.6800 717.000000 0.000000 129.000000 60.000000
5.0600 58.8000 10.6800 728.000000 0.000000 129.000000 60.000000
5.0700 57.9100 10.5200 740.000000 0.000000 129.000000 60.000000
5.0800 56.9500 10.2800 750.000000 0.000000 129.000000 60.000000
5.0900 56.4100 10.0600 759.000000 0.000000 129.000000 60.000000
5.1000 56.1400 9.9300 753.000000 0.000000 129.000000 60.000000
5.1100 56.3500 9.8500 753.000000 0.000000 132.000000 60.000000
5.1200 57.1500 9.7200 759.000000 0.000000 132.000000 60.000000
5.1300 58.3300 9.7200 759.000000 0.000000 132.000000 60.000000
5.1400 59.8800 9.7800 754.000000 0.000000 134.000000 61.000000
5.1500 61.5600 9.7800 751.000000 0.000000 135.000000 60.000000
5.1600 63.3200 9.5300 751.000000 0.000000 135.000000 60.000000
5.1700 64.5300 9.2100 756.000000 0.000000 135.000000 60.000000
5.1800 64.9000 8.7700 803.000000 0.000000 135.000000 60.000000
5.1900 64.7000 8.3000 858.000000 0.000000 136.000000 60.000000
5.2000 63.4800 7.6000 857.000000 0.000000 138.000000 60.000000
5.2100 61.1000 6.7600 864.000000 0.000000 138.000000 60.000000
5.2200 57.9400 5.6200 926.000000 0.000000 139.000000 60.000000
5.2300 54.5700 4.8200 971.000000 0.000000 141.000000 60.000000
5.2400 51.7200 4.2400 1000.000000 0.000000 141.000000 60.000000
5.2500 49.2200 4.1500 1003.000000 0.000000 139.000000 61.000000
5.2600 47.6000 4.5100 995.000000 0.000000 139.000000 61.000000
5.2700 46.8400 5.1700 958.000000 0.000000 139.000000 61.000000
5.2800 46.6500 6.3000 950.000000 0.000000 139.000000 61.000000
5.2900 47.2400 7.4600 935.000000 0.000000 139.000000 61.000000
5.3000 48.7200 8.6400 923.000000 0.000000 139.000000 61.000000
5.3100 50.7900 9.8800 935.000000 0.000000 139.000000 61.000000
5.3200 53.9600 11.4700 940.000000 0.000000 141.000000 60.000000
5.3300 58.2600 13.2900 964.000000 0.000000 141.000000 60.000000
5.3400 63.3200 15.1800 933.000000 0.000000 139.000000 60.000000
5.3500 69.2300 17.0500 773.000000 0.000000 141.000000 60.000000
