0.0000 9.0900 48.4500 37.000000 1.000000 132.000000 60.000000
0.0100 8.4000 48.3800 240.000000 0.000000 132.000000 60.000000
0.0200 8.4000 48.5600 279.000000 0.000000 131.000000 60.000000
0.0300 8.7200 48.8200 327.000000 0.000000 131.000000 60.000000
0.0400 9.1800 49.1500 373.000000 0.000000 131.000000 58.000000
0.0500 10.1600 49.6000 420.000000 0.000000 131.000000 58.000000
0.0600 11.3700 49.9900 417.000000 0.000000 130.000000 58.000000
0.0700 12.7200 50.3400 423.000000 0.000000 130.000000 56.000000
0.0800 14.0300 50.6800 425.000000 0.000000 130.000000 56.000000
0.0900 15.4000 50.9100 409.000000 0.000000 131.000000 56.000000
0.1000 16.8700 51.1400 410.000000 0.000000 131.000000 56.000000
0.1100 18.0800 51.1900 405.000000 0.000000 134.000000 56.000000
0.1200 19.1100 51.1300 397.000000 0.000000 134.000000 56.000000
0.1300 19.7900 50.9600 399.000000 0.000000 135.000000 57.000000
0.1400 20.0100 50.6400 394.000000 0.000000 136.000000 56.000000
0.1500 19.9300 50.2100 425.000000 0.000000 136.000000 56.000000
0.1600 19.3400 49.5700 445.000000 0.000000 136.000000 56.000000
0.1700 18.3200 48.6900 485.000000 0.000000 135.000000 57.000000
0.1800 17.0100 47.6500 513.000000 0.000000 135.000000 57.000000
0.1900 15.1700 46.5900 535.000000 0.000000 135.000000 57.000000
0.2000 13.2100 45.4800 543.000000 0.000000 134.000000 57.000000
0.2100 11.1800 44.4600 545.000000 0.000000 132.000000 58.000000
0.2200 8.9600 43.5300 560.000000 0.000000 131.000000 58.000000
0.2300 7.5600 42.9800 595.000000 0.000000 130.000000 58.000000
0.2400 6.7000 42.7700 613.000000 0.000000 128.000000 58.000000
0.2500 6.7000 42.7700 616.000000 0.000000 128.000000 58.000000
0.2600 7.3000 42.9900 622.000000 0.000000 128.000000 58.000000
0.2700 8.2600 43.6200 641.000000 0.000000 128.000000 58.000000
0.2800 10.2300 44.5400 643.000000 0.000000 128.000000 58.000000
0.2900 12.7100 45.6100 659.000000 0.000000 128.000000 58.000000
0.3000 15.5200 46.7800 675.000000 0.000000 130.000000 58.000000
0.3100 18.8300 48.0300 694.000000 0.000000 130.000000 58.000000
0.3200 22.7200 49.3800 693.000000 0.000000 130.000000 58.000000
0.3300 27.0000 50.5700 699.000000 0.000000 131.000000 58.000000
0.3400 30.8300 51.4900 670.000000 0.000000 132.000000 58.000000
0.3500 34.0900 52.2800 616.000000 0.000000 132.000000 58.000000
0.3600 36.9600 52.7400 563.000000 0.000000 135.000000 58.000000
0.3700 38.5400 52.8900 389.000000 0.000000 136.000000 57.000000
0.3800 38.5400 52.8900 0.000000 1.000000 139.000000 57.000000
0.3900 38.8500 52.6900 0.000000 0.000000 140.000000 56.000000
0.4000 37.8200 52.4600 0.000000 0.000000 140.000000 56.000000
0.4100 36.1800 52.1800 0.000000 0.000000 141.000000 56.000000
0.4200 34.1300 51.8900 0.000000 0.000000 140.000000 55.000000
0.4300 31.6900 51.5400 0.000000 0.000000 140.000000 55.000000
0.4400 29.1600 51.0900 0.000000 0.000000 138.000000 55.000000
0.4500 26.5600 50.5900 0.000000 0.000000 138.000000 55.000000
0.4600 24.1300 50.0700 0.000000 0.000000 136.000000 55.000000
0.4700 22.5400 49.5700 0.000000 0.000000 135.000000 55.000000
0.4800 21.5200 49.2800 0.000000 0.000000 132.000000 55.000000
0.4900 20.9600 49.1100 0.000000 0.000000 130.000000 55.000000
0.5000 20.8400 49.1100 0.000000 0.000000 129.000000 55.000000
0.5100 21.0200 49.1800 0.000000 0.000000 127.000000 55.000000
0.5200 21.1500 49.2400 0.000000 0.000000 127.000000 55.000000
0.5300 21.2500 49.2400 0.000000 0.000000 126.000000 54.000000
0.5400 21.3400 49.3400 0.000000 0.000000 126.000000 54.000000
0.5500 21.6300 49.4500 0.000000 0.000000 126.000000 54.000000
0.5600 21.9200 49.5800 0.000000 0.000000 126.000000 54.000000
0.5700 22.2100 49.7100 0.000000 0.000000 126.000000 54.000000
0.5800 22.3400 49.8600 0.000000 0.000000 126.000000 54.000000
0.5900 22.3400 50.0100 0.000000 0.000000 126.000000 54.000000
0.6000 22.2900 50.1300 0.000000 0.000000 126.000000 54.000000
0.6100 22.1800 50.2300 0.000000 0.000000 126.000000 54.000000
0.6200 22.0300 50.3000 0.000000 0.000000 128.000000 54.000000
0.6300 21.7900 50.3000 0.000000 0.000000 128.000000 54.000000
0.6400 21.5500 50.3000 0.000000 0.000000 128.000000 54.000000
0.6500 21.3300 50.3000 0.000000 0.000000 129.000000 53.000000
0.6600 21.1300 50.2400 0.000000 0.000000 129.000000 53.000000
0.6700 20.9800 50.2400 0.000000 0.000000 129.000000 53.000000
0.6800 20.9000 50.2400 0.000000 0.000000 129.000000 53.000000
0.6900 21.2000 50.2400 0.000000 0.000000 131.000000 54.000000
0.7000 21.7500 50.2400 0.000000 0.000000 131.000000 54.000000
0.7100 21.4900 50.2400 0.000000 0.000000 131.000000 54.000000
0.7200 21.6200 50.2400 0.000000 0.000000 133.000000 54.000000
0.7300 22.0200 50.1500 0.000000 0.000000 133.000000 54.000000
0.7400 22.2900 50.1000 0.000000 0.000000 133.000000 54.000000
0.7500 22.4900 50.1000 0.000000 0.000000 134.000000 55.000000
0.7600 22.6500 50.1000 0.000000 0.000000 134.000000 55.000000
0.7700 22.6500 50.1000 53.000000 1.000000 134.000000 55.000000
0.7800 22.6500 50.1000 130.000000 0.000000 135.000000 55.000000
0.7900 22.6500 50.1000 206.000000 0.000000 135.000000 55.000000
0.8000 22.6500 50.1000 285.000000 0.000000 135.000000 55.000000
0.8100 22.2300 50.1500 337.000000 0.000000 135.000000 55.000000
0.8200 21.9400 50.1500 386.000000 0.000000 135.000000 55.000000
0.8300 21.5900 50.2300 407.000000 0.000000 135.000000 55.000000
0.8400 21.2400 50.2300 439.000000 0.000000 135.000000 55.000000
0.8500 20.8800 50.2300 470.000000 0.000000 135.000000 55.000000
0.8600 20.6400 50.2300 486.000000 0.000000 134.000000 55.000000
0.8700 20.4500 50.1700 496.000000 0.000000 134.000000 55.000000
0.8800 20.3400 50.0300 488.000000 0.000000 134.000000 55.000000
0.8900 20.3400 49.9000 498.000000 0.000000 134.000000 55.000000
0.9000 20.4000 49.7200 495.000000 0.000000 134.000000 55.000000
0.9100 20.5000 49.4900 495.000000 0.000000 134.000000 55.000000
0.9200 20.6600 49.3200 485.000000 0.000000 133.000000 54.000000
0.9300 20.8300 49.1500 473.000000 0.000000 133.000000 54.000000
0.9400 20.9800 49.0000 440.000000 0.000000 131.000000 55.000000
0.9500 21.2200 48.8700 388.000000 0.000000 131.000000 55.000000
0.9600 21.4700 48.8700 351.000000 0.000000 132.000000 55.000000
0.9700 21.6900 48.8100 337.000000 0.000000 132.000000 55.000000
0.9800 21.8800 48.9100 320.000000 0.000000 132.000000 55.000000
0.9900 22.1200 49.1300 345.000000 0.000000 132.000000 55.000000
1.0000 22.2700 49.3300 343.000000 0.000000 132.000000 55.000000
1.0100 22.3700 49.5300 364.000000 0.000000 132.000000 55.000000
1.0200 22.4300 49.7200 397.000000 0.000000 132.000000 55.000000
1.0300 22.4300 49.9100 417.000000 0.000000 132.000000 55.000000
1.0400 22.4300 50.0500 436.000000 0.000000 132.000000 55.000000
1.0500 22.3800 50.1700 442.000000 0.000000 132.000000 55.000000
1.0600 22.3800 50.2300 443.000000 0.000000 132.000000 55.000000
1.0700 22.3800 50.2300 439.000000 0.000000 134.000000 55.000000
1.0800 22.3800 50.1700 448.000000 0.000000 134.000000 55.000000
1.0900 22.3800 50.0800 436.000000 0.000000 134.000000 55.000000
1.1000 22.3800 49.9100 404.000000 0.000000 134.000000 55.000000
1.1100 22.4400 49.6800 309.000000 0.000000 134.000000 55.000000
1.1200 22.4400 49.4400 70.000000 0.000000 134.000000 55.000000
1.1300 22.4400 49.4400 0.000000 1.000000 134.000000 55.000000
1.1400 22.6300 49.1500 0.000000 0.000000 132.000000 55.000000
1.1500 22.8600 49.2000 0.000000 0.000000 132.000000 55.000000
1.1600 23.0400 49.3100 0.000000 0.000000 132.000000 55.000000
1.1700 23.2600 49.4500 0.000000 0.000000 132.000000 55.000000
1.1800 23.4500 49.6100 0.000000 0.000000 132.000000 55.000000
1.1900 23.6000 49.7600 0.000000 0.000000 131.000000 55.000000
1.2000 23.6000 49.8600 0.000000 0.000000 131.000000 55.000000
1.2100 23.6000 49.9200 0.000000 0.000000 131.000000 55.000000
1.2200 23.4800 49.9800 0.000000 0.000000 131.000000 55.000000
1.2300 23.3800 50.0700 0.000000 0.000000 130.000000 54.000000
1.2400 23.2800 50.1600 0.000000 0.000000 130.000000 54.000000
1.2500 23.2200 50.2700 0.000000 0.000000 130.000000 54.000000
1.2600 23.2200 50.4000 0.000000 0.000000 131.000000 55.000000
1.2700 23.2200 50.4000 122.000000 1.000000 131.000000 55.000000
1.2800 23.2200 50.4000 158.000000 0.000000 131.000000 55.000000
1.2900 23.2200 50.4000 212.000000 0.000000 134.000000 55.000000
1.3000 23.2200 50.4000 246.000000 0.000000 134.000000 55.000000
1.3100 23.2200 50.4000 250.000000 0.000000 134.000000 55.000000
1.3200 23.2200 50.4000 287.000000 0.000000 134.000000 55.000000
1.3300 23.2200 50.4000 284.000000 0.000000 134.000000 55.000000
1.3400 23.2200 50.4000 284.000000 0.000000 135.000000 54.000000
1.3500 23.2200 50.4000 282.000000 0.000000 134.000000 55.000000
1.3600 23.4600 49.9700 279.000000 0.000000 134.000000 55.000000
1.3700 23.6100 49.8200 246.000000 0.000000 134.000000 55.000000
1.3800 23.7300 49.6800 210.000000 0.000000 135.000000 55.000000
1.3900 23.8300 49.6800 173.000000 0.000000 135.000000 55.000000
1.4000 23.9700 49.7600 179.000000 0.000000 135.000000 55.000000
1.4100 24.1700 49.8800 175.000000 0.000000 135.000000 55.000000
1.4200 24.3900 50.0700 173.000000 0.000000 135.000000 55.000000
1.4300 24.6100 50.2900 182.000000 0.000000 135.000000 55.000000
1.4400 24.7400 50.5400 202.000000 0.000000 135.000000 55.000000
1.4500 24.7900 50.7000 233.000000 0.000000 135.000000 55.000000
1.4600 24.7900 50.8300 299.000000 0.000000 135.000000 55.000000
1.4700 24.7900 50.9000 327.000000 0.000000 135.000000 55.000000
1.4800 24.6900 50.9000 329.000000 0.000000 135.000000 55.000000
1.4900 24.6100 50.9000 314.000000 0.000000 135.000000 55.000000
1.5000 24.6100 50.8400 270.000000 0.000000 135.000000 55.000000
1.5100 24.6100 50.7500 132.000000 0.000000 135.000000 55.000000
1.5200 24.6100 50.7500 0.000000 1.000000 136.000000 55.000000
1.5300 24.7200 50.4700 0.000000 0.000000 135.000000 55.000000
1.5400 24.7800 50.3900 0.000000 0.000000 135.000000 55.000000
1.5500 24.7800 50.3900 0.000000 0.000000 135.000000 55.000000
1.5600 25.0100 50.3900 0.000000 0.000000 135.000000 55.000000
1.5700 25.2800 50.4700 0.000000 0.000000 135.000000 55.000000
1.5800 25.6100 50.5900 0.000000 0.000000 135.000000 55.000000
1.5900 25.8500 50.7100 0.000000 0.000000 135.000000 55.000000
1.6000 25.9900 50.8200 0.000000 0.000000 135.000000 55.000000
1.6100 26.0500 50.9100 0.000000 0.000000 135.000000 55.000000
1.6200 26.0500 51.0300 0.000000 0.000000 136.000000 56.000000
1.6300 26.0500 51.1600 0.000000 0.000000 136.000000 56.000000
1.6400 26.0500 51.2600 0.000000 0.000000 136.000000 56.000000
1.6500 26.0500 51.2600 136.000000 1.000000 136.000000 56.000000
1.6600 26.0500 51.2600 172.000000 0.000000 136.000000 56.000000
1.6700 26.0500 51.2600 187.000000 0.000000 138.000000 55.000000
1.6800 26.0500 51.2600 216.000000 0.000000 138.000000 55.000000
1.6900 26.0500 51.2600 244.000000 0.000000 138.000000 55.000000
1.7000 26.0500 51.2600 255.000000 0.000000 138.000000 55.000000
1.7100 26.0500 51.2600 285.000000 0.000000 138.000000 55.000000
1.7200 25.9200 50.8500 294.000000 0.000000 138.000000 55.000000
1.7300 25.9200 50.5900 314.000000 0.000000 138.000000 55.000000
1.7400 25.8600 50.3400 309.000000 0.000000 138.000000 55.000000
1.7500 25.7500 50.0700 232.000000 0.000000 138.000000 55.000000
1.7600 25.7500 50.0700 0.000000 1.000000 138.000000 55.000000
1.7700 25.8400 49.9800 0.000000 0.000000 138.000000 55.000000
1.7800 25.9900 50.2200 0.000000 0.000000 138.000000 55.000000
1.7900 26.1500 50.5600 0.000000 0.000000 138.000000 55.000000
1.8000 26.3500 51.0000 0.000000 0.000000 138.000000 55.000000
1.8100 26.5300 51.4400 0.000000 0.000000 138.000000 55.000000
1.8200 26.7400 51.9000 0.000000 0.000000 138.000000 55.000000
1.8300 26.9500 52.3700 0.000000 0.000000 138.000000 55.000000
1.8400 27.0600 52.7600 0.000000 0.000000 138.000000 55.000000
1.8500 27.0600 52.9900 0.000000 0.000000 138.000000 55.000000
1.8600 27.0600 52.9900 129.000000 1.000000 136.000000 55.000000
1.8700 27.0600 52.9900 242.000000 0.000000 137.000000 54.000000
1.8800 26.7700 53.2900 282.000000 0.000000 137.000000 54.000000
1.8900 26.7100 53.2900 334.000000 0.000000 135.000000 54.000000
1.9000 26.7100 53.2900 340.000000 0.000000 135.000000 54.000000
1.9100 26.7100 53.2900 301.000000 0.000000 135.000000 54.000000
1.9200 26.8200 53.2900 105.000000 0.000000 135.000000 54.000000
1.9300 26.8200 53.2900 0.000000 1.000000 135.000000 54.000000
1.9400 27.2200 53.1400 0.000000 0.000000 135.000000 54.000000
1.9500 27.4400 53.1400 0.000000 0.000000 135.000000 54.000000
1.9600 27.6200 53.1400 0.000000 0.000000 136.000000 55.000000
1.9700 27.9200 53.3100 0.000000 0.000000 136.000000 55.000000
1.9800 28.2300 53.5300 0.000000 0.000000 136.000000 55.000000
1.9900 28.5600 53.8100 0.000000 0.000000 136.000000 55.000000
2.0000 28.7500 53.9600 0.000000 0.000000 136.000000 55.000000
2.0100 28.8600 54.0800 0.000000 0.000000 137.000000 54.000000
2.0200 28.8600 54.1500 0.000000 0.000000 137.000000 54.000000
2.0300 28.8600 54.1500 103.000000 1.000000 137.000000 54.000000
2.0400 28.8600 54.1500 134.000000 0.000000 136.000000 55.000000
2.0500 28.8600 54.1500 141.000000 0.000000 136.000000 55.000000
2.0600 28.8600 54.1500 170.000000 0.000000 136.000000 55.000000
2.0700 28.8600 54.1500 188.000000 0.000000 136.000000 55.000000
2.0800 28.8600 54.1500 222.000000 0.000000 135.000000 55.000000
2.0900 28.8600 54.1500 211.000000 0.000000 135.000000 55.000000
2.1000 29.2200 53.7500 222.000000 0.000000 135.000000 55.000000
2.1100 29.3400 53.4300 220.000000 0.000000 135.000000 55.000000
2.1200 29.4700 53.0400 222.000000 0.000000 135.000000 55.000000
2.1300 29.5400 52.7200 206.000000 0.000000 135.000000 55.000000
2.1400 29.5400 52.4800 218.000000 0.000000 135.000000 55.000000
2.1500 29.5400 52.3000 218.000000 0.000000 136.000000 55.000000
2.1600 29.4600 52.3000 220.000000 0.000000 136.000000 55.000000
2.1700 29.4000 52.3000 220.000000 0.000000 136.000000 55.000000
2.1800 29.2800 52.3500 214.000000 0.000000 136.000000 55.000000
2.1900 29.1200 52.4600 226.000000 0.000000 136.000000 55.000000
2.2000 28.9500 52.5600 259.000000 0.000000 136.000000 55.000000
2.2100 28.7500 52.6300 297.000000 0.000000 136.000000 55.000000
2.2200 28.5300 52.6300 351.000000 0.000000 137.000000 54.000000
2.2300 28.3100 52.5800 409.000000 0.000000 137.000000 54.000000
2.2400 28.0800 52.4500 471.000000 0.000000 137.000000 54.000000
2.2500 27.8600 52.2200 518.000000 0.000000 137.000000 54.000000
2.2600 27.6600 51.8900 536.000000 0.000000 137.000000 54.000000
2.2700 27.5600 51.5600 556.000000 0.000000 137.000000 54.000000
2.2800 27.4900 51.2400 570.000000 0.000000 137.000000 54.000000
2.2900 27.4300 50.9200 565.000000 0.000000 137.000000 54.000000
2.3000 27.5900 50.7500 564.000000 0.000000 137.000000 54.000000
2.3100 27.8300 50.6900 526.000000 0.000000 137.000000 54.000000
2.3200 28.1300 50.6900 461.000000 0.000000 137.000000 54.000000
2.3300 28.4000 50.7600 285.000000 0.000000 136.000000 55.000000
2.3400 28.4000 50.7600 0.000000 1.000000 136.000000 55.000000
2.3500 29.0700 51.0100 0.000000 0.000000 136.000000 55.000000
2.3600 29.4700 51.2000 0.000000 0.000000 136.000000 55.000000
2.3700 29.8700 51.3800 0.000000 0.000000 136.000000 55.000000
2.3800 30.2200 51.5500 0.000000 0.000000 136.000000 55.000000
2.3900 30.5600 51.6700 0.000000 0.000000 136.000000 55.000000
2.4000 30.9800 51.6700 0.000000 0.000000 137.000000 54.000000
2.4100 31.3900 51.6700 0.000000 0.000000 137.000000 54.000000
2.4200 31.4900 51.5400 0.000000 0.000000 137.000000 54.000000
2.4300 31.3800 51.3600 0.000000 0.000000 137.000000 54.000000
2.4400 31.3800 51.3600 305.000000 1.000000 137.000000 54.000000
2.4500 30.9300 51.1900 418.000000 0.000000 137.000000 54.000000
2.4600 30.6900 51.2800 537.000000 0.000000 137.000000 54.000000
2.4700 30.6100 51.2800 613.000000 0.000000 137.000000 54.000000
2.4800 30.6100 51.3800 638.000000 0.000000 137.000000 54.000000
2.4900 30.7100 51.4400 631.000000 0.000000 136.000000 55.000000
2.5000 30.7700 51.4400 564.000000 0.000000 136.000000 55.000000
2.5100 30.8600 51.5000 388.000000 0.000000 136.000000 55.000000
2.5200 30.8600 51.5000 0.000000 1.000000 136.000000 55.000000
2.5300 31.1600 51.5000 0.000000 0.000000 136.000000 55.000000
2.5400 31.3100 51.5000 0.000000 0.000000 136.000000 55.000000
2.5500 31.4400 51.5700 0.000000 0.000000 136.000000 55.000000
2.5600 31.6200 51.6800 0.000000 0.000000 136.000000 55.000000
2.5700 31.9600 51.8700 0.000000 0.000000 136.000000 55.000000
2.5800 32.3900 52.0900 0.000000 0.000000 136.000000 55.000000
2.5900 32.8100 52.3200 0.000000 0.000000 137.000000 54.000000
2.6000 33.1100 52.5600 0.000000 0.000000 137.000000 54.000000
2.6100 33.3200 52.7600 0.000000 0.000000 137.000000 54.000000
2.6200 33.2700 52.8900 0.000000 0.000000 137.000000 54.000000
2.6300 33.1600 52.9900 0.000000 0.000000 139.000000 54.000000
2.6400 33.0000 53.1000 0.000000 0.000000 139.000000 54.000000
2.6500 32.7600 53.2400 0.000000 0.000000 139.000000 54.000000
2.6600 32.4500 53.3500 0.000000 0.000000 140.000000 53.000000
2.6700 32.1000 53.4700 0.000000 0.000000 140.000000 53.000000
2.6800 31.8100 53.5900 0.000000 0.000000 139.000000 54.000000
2.6900 31.5000 53.5900 0.000000 0.000000 139.000000 54.000000
2.7000 31.1700 53.6700 0.000000 0.000000 137.000000 53.000000
2.7100 30.9700 53.6700 0.000000 0.000000 137.000000 53.000000
2.7200 30.9700 53.6700 217.000000 1.000000 137.000000 53.000000
2.7300 30.7500 54.1500 239.000000 0.000000 136.000000 54.000000
2.7400 31.0000 54.3500 279.000000 0.000000 136.000000 54.000000
2.7500 31.4600 54.5400 339.000000 0.000000 137.000000 54.000000
2.7600 32.0600 54.7000 367.000000 0.000000 136.000000 55.000000
2.7700 32.6900 54.8500 398.000000 0.000000 136.000000 55.000000
2.7800 33.3200 54.9900 394.000000 0.000000 138.000000 55.000000
2.7900 33.8300 55.1300 397.000000 0.000000 138.000000 55.000000
2.8000 34.2600 55.2700 394.000000 0.000000 138.000000 55.000000
2.8100 34.5100 55.4200 399.000000 0.000000 139.000000 56.000000
2.8200 34.5100 55.4200 399.000000 0.000000 139.000000 56.000000
2.8300 34.4200 55.4200 397.000000 0.000000 139.000000 56.000000
2.8400 34.1700 55.4900 417.000000 0.000000 139.000000 56.000000
2.8500 33.7100 55.3700 438.000000 0.000000 139.000000 56.000000
2.8600 33.1200 55.1900 486.000000 0.000000 139.000000 56.000000
2.8700 32.5000 54.8900 544.000000 0.000000 139.000000 56.000000
2.8800 31.9300 54.5000 543.000000 0.000000 139.000000 56.000000
2.8900 31.7200 54.0600 537.000000 0.000000 139.000000 56.000000
2.9000 31.7200 53.8400 535.000000 0.000000 139.000000 56.000000
2.9100 31.9700 53.5500 533.000000 0.000000 139.000000 56.000000
2.9200 32.6000 53.2100 532.000000 0.000000 139.000000 56.000000
2.9300 33.4700 52.9000 530.000000 0.000000 140.000000 55.000000
2.9400 34.4300 52.6200 538.000000 0.000000 140.000000 55.000000
2.9500 35.4200 52.3800 541.000000 0.000000 141.000000 56.000000
2.9600 36.1200 52.1700 546.000000 0.000000 141.000000 56.000000
2.9700 36.6300 52.0000 557.000000 0.000000 143.000000 55.000000
2.9800 36.5500 51.8900 595.000000 0.000000 144.000000 56.000000
2.9900 36.1200 51.6600 605.000000 0.000000 144.000000 56.000000
3.0000 35.4500 51.3500 606.000000 0.000000 144.000000 56.000000
3.0100 34.4600 51.0600 542.000000 0.000000 144.000000 56.000000
3.0200 33.3200 50.7500 341.000000 0.000000 144.000000 56.000000
3.0300 33.3200 50.7500 0.000000 1.000000 143.000000 56.000000
3.0400 30.6900 49.9700 0.000000 0.000000 143.000000 56.000000
3.0500 29.4700 49.5400 0.000000 0.000000 143.000000 56.000000
3.0600 28.3700 49.1300 0.000000 0.000000 140.000000 56.000000
3.0700 27.3200 48.7000 0.000000 0.000000 140.000000 56.000000
3.0800 26.3000 48.3300 0.000000 0.000000 139.000000 57.000000
3.0900 25.3600 48.0000 0.000000 0.000000 136.000000 57.000000
3.1000 24.5600 47.8000 0.000000 0.000000 136.000000 57.000000
3.1100 23.8400 47.5900 0.000000 0.000000 135.000000 58.000000
3.1200 23.0000 47.3600 0.000000 0.000000 135.000000 58.000000
3.1300 22.0100 47.1300 0.000000 0.000000 134.000000 57.000000
3.1400 20.9300 46.9000 0.000000 0.000000 134.000000 57.000000
3.1500 19.6100 46.7200 0.000000 0.000000 134.000000 57.000000
3.1600 18.1900 46.5800 0.000000 0.000000 132.000000 57.000000
3.1700 16.6900 46.4600 0.000000 0.000000 132.000000 57.000000
3.1800 15.3200 46.4000 0.000000 0.000000 131.000000 57.000000
3.1900 14.2900 46.4000 0.000000 0.000000 131.000000 57.000000
3.2000 13.4900 46.4000 0.000000 0.000000 132.000000 58.000000
3.2100 13.2400 46.5100 0.000000 0.000000 132.000000 58.000000
3.2200 13.2400 46.5600 0.000000 0.000000 131.000000 58.000000
3.2300 13.3600 46.5600 0.000000 0.000000 132.000000 59.000000
3.2400 13.4800 46.5600 0.000000 0.000000 132.000000 59.000000
3.2500 13.6400 46.4800 0.000000 0.000000 131.000000 60.000000
3.2600 13.8400 46.4100 0.000000 0.000000 131.000000 60.000000
3.2700 14.0400 46.4100 0.000000 0.000000 131.000000 60.000000
3.2800 14.2500 46.5500 0.000000 0.000000 129.000000 59.000000
3.2900 14.4700 46.6700 0.000000 0.000000 129.000000 59.000000
3.3000 14.5800 46.8400 0.000000 0.000000 129.000000 59.000000
3.3100 14.5800 47.0400 0.000000 0.000000 131.000000 60.000000
3.3200 14.5800 47.2900 0.000000 0.000000 131.000000 60.000000
3.3300 14.5800 47.6500 0.000000 0.000000 131.000000 60.000000
3.3400 14.5800 48.0800 0.000000 0.000000 131.000000 60.000000
3.3500 14.5800 48.0800 56.000000 1.000000 132.000000 59.000000
3.3600 14.4600 49.4500 249.000000 0.000000 132.000000 59.000000
3.3700 14.3300 50.2200 363.000000 0.000000 134.000000 58.000000
3.3800 14.2700 50.9500 433.000000 0.000000 134.000000 58.000000
3.3900 14.2700 51.3800 522.000000 0.000000 134.000000 57.000000
3.4000 14.2700 51.6200 565.000000 0.000000 134.000000 57.000000
3.4100 14.2700 51.6200 595.000000 0.000000 135.000000 57.000000
3.4200 14.3600 51.3400 642.000000 0.000000 134.000000 56.000000
3.4300 14.4500 50.8800 662.000000 0.000000 134.000000 56.000000
3.4400 14.5800 49.9100 694.000000 0.000000 135.000000 55.000000
3.4500 14.5800 48.5700 725.000000 0.000000 134.000000 56.000000
3.4600 14.5800 46.9800 768.000000 0.000000 134.000000 56.000000
3.4700 14.5800 45.3600 796.000000 0.000000 134.000000 56.000000
3.4800 14.5300 43.7500 788.000000 0.000000 132.000000 57.000000
3.4900 14.5300 42.5500 797.000000 0.000000 134.000000 57.000000
3.5000 14.6100 41.6300 777.000000 0.000000 132.000000 58.000000
3.5100 14.7000 41.2700 733.000000 0.000000 132.000000 58.000000
3.5200 14.7800 41.1700 628.000000 0.000000 131.000000 58.000000
3.5300 14.7800 41.2500 417.000000 0.000000 132.000000 59.000000
3.5400 14.7800 41.2500 0.000000 1.000000 132.000000 59.000000
3.5500 14.8400 41.8200 0.000000 0.000000 132.000000 59.000000
3.5600 14.9800 42.3400 0.000000 0.000000 132.000000 59.000000
3.5700 14.8900 42.5900 0.000000 0.000000 132.000000 59.000000
3.5800 14.6700 42.5900 0.000000 0.000000 132.000000 59.000000
3.5900 14.3900 42.3200 0.000000 0.000000 132.000000 59.000000
3.6000 14.0200 41.8600 0.000000 0.000000 132.000000 59.000000
3.6100 13.6000 41.3600 0.000000 0.000000 132.000000 59.000000
3.6200 13.1600 40.8800 0.000000 0.000000 132.000000 59.000000
3.6300 12.7400 40.4300 0.000000 0.000000 132.000000 59.000000
3.6400 12.3400 40.1500 0.000000 0.000000 132.000000 59.000000
3.6500 11.9500 40.0100 0.000000 0.000000 131.000000 60.000000
3.6600 11.5400 39.9600 0.000000 0.000000 131.000000 60.000000
3.6700 11.0800 40.0400 0.000000 0.000000 131.000000 60.000000
3.6800 10.6000 40.2200 0.000000 0.000000 131.000000 60.000000
3.6900 10.2900 40.4800 0.000000 0.000000 131.000000 60.000000
3.7000 10.2300 40.8100 0.000000 0.000000 129.000000 59.000000
3.7100 10.3300 41.1800 0.000000 0.000000 129.000000 59.000000
3.7200 10.6100 41.5800 0.000000 0.000000 129.000000 59.000000
3.7300 10.9200 41.9200 0.000000 0.000000 129.000000 59.000000
3.7400 11.2800 42.2500 0.000000 0.000000 129.000000 59.000000
3.7500 11.6100 42.5000 0.000000 0.000000 129.000000 59.000000
3.7600 11.6100 42.5000 25.000000 1.000000 130.000000 58.000000
3.7700 12.1200 42.8000 66.000000 0.000000 130.000000 58.000000
3.7800 12.2400 42.8500 139.000000 0.000000 128.000000 57.000000
3.7900 12.2900 42.8500 241.000000 0.000000 127.000000 56.000000
3.8000 12.2900 42.8500 353.000000 0.000000 127.000000 56.000000
3.8100 12.1300 42.7600 439.000000 0.000000 127.000000 56.000000
3.8200 11.9600 42.6700 530.000000 0.000000 126.000000 56.000000
3.8300 11.6300 42.5400 599.000000 0.000000 126.000000 56.000000
3.8400 11.1800 42.3800 616.000000 0.000000 126.000000 56.000000
3.8500 10.6400 42.2200 659.000000 0.000000 126.000000 56.000000
3.8600 10.1900 42.0600 669.000000 0.000000 126.000000 56.000000
3.8700 10.0000 41.9300 667.000000 0.000000 126.000000 56.000000
3.8800 10.0000 41.8200 664.000000 0.000000 126.000000 56.000000
3.8900 10.1200 41.6700 659.000000 0.000000 126.000000 54.000000
3.9000 10.4600 41.5100 653.000000 0.000000 126.000000 54.000000
3.9100 10.9400 41.3500 647.000000 0.000000 126.000000 54.000000
3.9200 11.5500 41.2800 640.000000 0.000000 127.000000 55.000000
3.9300 12.0800 41.2800 637.000000 0.000000 127.000000 55.000000
3.9400 12.4500 41.1600 637.000000 0.000000 127.000000 55.000000
3.9500 12.7500 41.0600 637.000000 0.000000 127.000000 55.000000
3.9600 12.8300 40.9200 650.000000 0.000000 129.000000 56.000000
3.9700 12.8300 40.7700 668.000000 0.000000 129.000000 56.000000
3.9800 12.7000 40.6200 696.000000 0.000000 127.000000 56.000000
3.9900 12.4700 40.4500 702.000000 0.000000 127.000000 56.000000
4.0000 12.1900 40.3000 727.000000 0.000000 127.000000 56.000000
4.0100 11.8800 40.2000 740.000000 0.000000 127.000000 56.000000
4.0200 11.5600 40.0900 746.000000 0.000000 127.000000 56.000000
4.0300 11.0300 39.9900 748.000000 0.000000 127.000000 56.000000
4.0400 10.3500 39.8500 748.000000 0.000000 127.000000 56.000000
4.0500 9.9500 39.7800 749.000000 0.000000 127.000000 56.000000
4.0600 9.8200 39.7800 734.000000 0.000000 127.000000 56.000000
4.0700 9.8700 39.7800 727.000000 0.000000 126.000000 56.000000
4.0800 10.0000 39.8800 699.000000 0.000000 126.000000 56.000000
4.0900 10.1800 40.0500 673.000000 0.000000 126.000000 56.000000
4.1000 10.6500 40.3000 617.000000 0.000000 126.000000 56.000000
4.1100 11.2900 40.6400 581.000000 0.000000 125.000000 55.000000
4.1200 11.8100 40.9800 522.000000 0.000000 126.000000 56.000000
4.1300 12.2900 41.2900 497.000000 0.000000 126.000000 56.000000
4.1400 12.7400 41.5900 481.000000 0.000000 126.000000 56.000000
4.1500 13.1400 41.8600 481.000000 0.000000 127.000000 56.000000
4.1600 13.3800 42.1200 499.000000 0.000000 127.000000 56.000000
4.1700 13.5000 42.2500 556.000000 0.000000 127.000000 56.000000
4.1800 13.5000 42.3700 581.000000 0.000000 128.000000 57.000000
4.1900 13.4400 42.4700 597.000000 0.000000 128.000000 57.000000
4.2000 13.3700 42.6100 613.000000 0.000000 128.000000 57.000000
4.2100 13.3700 42.7900 641.000000 0.000000 128.000000 57.000000
4.2200 13.3200 42.9200 649.000000 0.000000 128.000000 57.000000
4.2300 13.3900 43.0600 655.000000 0.000000 128.000000 57.000000
4.2400 13.4900 43.2200 655.000000 0.000000 128.000000 57.000000
4.2500 13.6000 43.3800 652.000000 0.000000 127.000000 57.000000
4.2600 13.8100 43.5100 650.000000 0.000000 127.000000 57.000000
4.2700 14.0400 43.6300 646.000000 0.000000 128.000000 58.000000
4.2800 14.2800 43.6800 645.000000 0.000000 128.000000 58.000000
4.2900 14.5400 43.6800 622.000000 0.000000 128.000000 58.000000
4.3000 14.6700 43.6800 620.000000 0.000000 129.000000 59.000000
4.3100 14.7200 43.5200 617.000000 0.000000 129.000000 59.000000
4.3200 14.7200 43.3600 620.000000 0.000000 129.000000 59.000000
4.3300 14.7200 43.1600 620.000000 0.000000 131.000000 60.000000
4.3400 14.5600 42.8900 628.000000 0.000000 131.000000 60.000000
4.3500 14.3700 42.6100 627.000000 0.000000 131.000000 60.000000
4.3600 14.1800 42.3200 631.000000 0.000000 131.000000 60.000000
4.3700 14.0000 41.9900 631.000000 0.000000 132.000000 59.000000
4.3800 13.8300 41.7200 630.000000 0.000000 132.000000 59.000000
4.3900 13.8300 41.5000 634.000000 0.000000 132.000000 59.000000
4.4000 13.8300 41.3200 638.000000 0.000000 131.000000 58.000000
4.4100 13.9700 41.1500 639.000000 0.000000 132.000000 58.000000
4.4200 14.1700 40.9800 639.000000 0.000000 132.000000 58.000000
4.4300 14.5400 40.9800 637.000000 0.000000 132.000000 58.000000
4.4400 15.0200 40.9800 637.000000 0.000000 132.000000 58.000000
4.4500 15.6300 41.2000 638.000000 0.000000 131.000000 58.000000
4.4600 16.3100 41.5200 644.000000 0.000000 131.000000 58.000000
4.4700 17.0300 41.9200 644.000000 0.000000 131.000000 58.000000
4.4800 17.4500 42.2600 652.000000 0.000000 131.000000 58.000000
4.4900 17.6200 42.5600 684.000000 0.000000 131.000000 58.000000
4.5000 17.6200 42.7200 727.000000 0.000000 131.000000 58.000000
4.5100 17.4800 42.7900 740.000000 0.000000 131.000000 58.000000
4.5200 17.2200 42.7900 754.000000 0.000000 131.000000 58.000000
4.5300 16.8800 42.8600 762.000000 0.000000 130.000000 58.000000
4.5400 16.3100 42.8600 767.000000 0.000000 130.000000 58.000000
4.5500 15.7400 42.7600 776.000000 0.000000 131.000000 58.000000
4.5600 15.2200 42.6500 782.000000 0.000000 131.000000 58.000000
4.5700 14.7300 42.5300 776.000000 0.000000 131.000000 58.000000
4.5800 14.7300 42.5300 753.000000 0.000000 132.000000 59.000000
4.5900 14.7300 42.4800 757.000000 0.000000 132.000000 59.000000
4.6000 14.9300 42.3700 755.000000 0.000000 132.000000 59.000000
4.6100 15.2800 42.2500 755.000000 0.000000 132.000000 59.000000
4.6200 16.0900 42.0700 763.000000 0.000000 132.000000 59.000000
4.6300 16.9800 42.0700 763.000000 0.000000 132.000000 59.000000
4.6400 17.9300 42.1300 759.000000 0.000000 132.000000 59.000000
4.6500 18.8700 42.3200 760.000000 0.000000 132.000000 59.000000
4.6600 19.5300 42.5400 770.000000 0.000000 132.000000 59.000000
4.6700 20.0000 42.7900 783.000000 0.000000 129.000000 59.000000
4.6800 19.9400 42.9200 809.000000 0.000000 129.000000 59.000000
4.6900 19.7500 43.1100 812.000000 0.000000 129.000000 59.000000
4.7000 19.4600 43.3200 818.000000 0.000000 129.000000 59.000000
4.7100 18.9100 43.5300 812.000000 0.000000 129.000000 59.000000
4.7200 18.1200 43.5300 806.000000 0.000000 129.000000 59.000000
4.7300 17.1700 43.5300 800.000000 0.000000 131.000000 60.000000
4.7400 16.2200 43.2300 803.000000 0.000000 131.000000 60.000000
4.7500 15.3700 42.8100 803.000000 0.000000 131.000000 60.000000
4.7600 14.9400 42.3300 806.000000 0.000000 132.000000 60.000000
4.7700 14.7500 41.9900 800.000000 0.000000 132.000000 60.000000
4.7800 14.9200 41.7400 799.000000 0.000000 134.000000 60.000000
4.7900 15.4100 41.4300 797.000000 0.000000 134.000000 60.000000
4.8000 16.1200 41.3400 799.000000 0.000000 134.000000 60.000000
4.8100 17.2600 41.4100 790.000000 0.000000 135.000000 59.000000
4.8200 18.5500 41.6300 784.000000 0.000000 135.000000 59.000000
4.8300 19.9300 41.8700 797.000000 0.000000 134.000000 60.000000
4.8400 20.8300 42.1200 796.000000 0.000000 134.000000 60.000000
4.8500 20.9600 42.1200 809.000000 0.000000 132.000000 59.000000
4.8600 20.5700 42.0000 826.000000 0.000000 131.000000 60.000000
4.8700 19.4800 41.6700 834.000000 0.000000 131.000000 60.000000
4.8800 17.6400 41.2000 869.000000 0.000000 132.000000 60.000000
4.8900 15.3100 40.6300 908.000000 0.000000 132.000000 60.000000
4.9000 12.8700 40.2700 959.000000 0.000000 132.000000 60.000000
4.9100 10.8900 40.0400 1008.000000 0.000000 132.000000 60.000000
4.9200 9.2100 40.2800 1023.000000 0.000000 132.000000 60.000000
4.9300 8.5800 40.9600 1011.000000 0.000000 132.000000 60.000000
4.9400 8.7400 41.9400 994.000000 0.000000 132.000000 59.000000
4.9500 9.4300 43.5800 991.000000 0.000000 132.000000 59.000000
4.9600 11.3800 45.4800 980.000000 0.000000 132.000000 59.000000
4.9700 14.2200 47.5600 982.000000 0.000000 132.000000 59.000000
4.9800 17.6400 49.6000 965.000000 0.000000 134.000000 60.000000
4.9900 22.5400 51.5000 894.000000 0.000000 134.000000 60.000000
5.0000 28.2000 53.1300 751.000000 0.000000 135.000000 60.000000
5.0100 34.3600 54.6400 256.000000 0.000000 138.000000 60.000000
