0.0000 89.1300 47.5200 275.000000 1.000000 90.000000 71.000000
0.0100 89.5600 48.6800 513.000000 0.000000 90.000000 71.000000
0.0200 89.4800 48.8300 694.000000 0.000000 90.000000 71.000000
0.0300 89.4800 48.7600 818.000000 0.000000 90.000000 70.000000
0.0400 89.3600 48.4800 937.000000 0.000000 90.000000 70.000000
0.0500 89.2400 47.5700 1023.000000 0.000000 90.000000 70.000000
0.0600 89.1700 46.2400 1023.000000 0.000000 90.000000 69.000000
0.0700 89.1100 45.0300 1023.000000 0.000000 90.000000 69.000000
0.0800 89.1100 44.1100 1023.000000 0.000000 90.000000 69.000000
0.0900 89.2800 43.3800 1023.000000 0.000000 90.000000 68.000000
0.1000 89.4300 42.8500 1023.000000 0.000000 90.000000 68.000000
0.1100 89.5800 42.5400 1023.000000 0.000000 90.000000 68.000000
0.1200 89.6500 42.3900 942.000000 0.000000 88.000000 67.000000
0.1300 89.6500 42.4700 690.000000 0.000000 88.000000 67.000000
0.1400 89.6000 42.8600 60.000000 0.000000 88.000000 68.000000
0.1500 89.6000 42.8600 0.000000 1.000000 85.000000 68.000000
0.1600 89.5800 44.2200 0.000000 0.000000 85.000000 69.000000
0.1700 89.2100 44.7500 0.000000 0.000000 85.000000 69.000000
0.1800 88.9800 45.1400 0.000000 0.000000 87.000000 70.000000
0.1900 88.8000 45.4500 0.000000 0.000000 87.000000 70.000000
0.2000 88.7100 45.7600 0.000000 0.000000 87.000000 71.000000
0.2100 88.6500 46.0600 0.000000 0.000000 90.000000 71.000000
0.2200 88.6500 46.4300 0.000000 0.000000 90.000000 72.000000
0.2300 88.6500 46.8400 0.000000 0.000000 93.000000 72.000000
0.2400 88.7600 47.2800 0.000000 0.000000 93.000000 73.000000
0.2500 88.9600 47.6400 0.000000 0.000000 97.000000 73.000000
0.2600 89.0600 47.9500 0.000000 0.000000 97.000000 73.000000
0.2700 89.1700 48.1700 0.000000 0.000000 97.000000 73.000000
0.2800 89.1700 48.1700 0.000000 0.000000 96.000000 72.000000
0.2900 89.1700 48.1700 0.000000 0.000000 96.000000 71.000000
0.3000 88.9000 48.4200 0.000000 0.000000 93.000000 71.000000
0.3100 88.7400 48.4700 0.000000 0.000000 93.000000 71.000000
0.3200 88.5600 48.5700 0.000000 0.000000 93.000000 71.000000
0.3300 88.3700 48.7000 0.000000 0.000000 93.000000 71.000000
0.3400 87.9900 48.7000 0.000000 0.000000 93.000000 72.000000
0.3500 87.9900 48.7000 501.000000 1.000000 93.000000 72.000000
0.3600 86.6200 48.6000 591.000000 0.000000 96.000000 72.000000
0.3700 85.6800 48.4600 694.000000 0.000000 97.000000 73.000000
0.3800 84.7000 48.2900 826.000000 0.000000 97.000000 73.000000
0.3900 84.0800 48.2200 899.000000 0.000000 100.000000 73.000000
0.4000 83.9300 48.2200 905.000000 0.000000 99.000000 72.000000
0.4100 84.1000 48.2200 938.000000 0.000000 99.000000 72.000000
0.4200 84.9100 48.6200 934.000000 0.000000 99.000000 72.000000
0.4300 86.4100 49.1900 941.000000 0.000000 99.000000 71.000000
0.4400 88.3600 49.8200 953.000000 0.000000 99.000000 71.000000
0.4500 90.8000 50.4200 977.000000 0.000000 99.000000 71.000000
0.4600 93.2700 50.6600 995.000000 0.000000 101.000000 71.000000
0.4700 95.2200 50.6600 1002.000000 0.000000 102.000000 72.000000
0.4800 96.8100 50.2800 1023.000000 0.000000 102.000000 72.000000
0.4900 97.6700 49.4900 1023.000000 0.000000 105.000000 71.000000
0.5000 97.8800 48.4400 1023.000000 0.000000 103.000000 73.000000
0.5100 97.6600 47.2400 1023.000000 0.000000 104.000000 74.000000
0.5200 96.8500 46.0300 1023.000000 0.000000 104.000000 74.000000
0.5300 95.4900 44.9900 1023.000000 0.000000 100.000000 74.000000
0.5400 93.7600 44.0600 1023.000000 0.000000 97.000000 74.000000
0.5500 91.3500 43.0800 1023.000000 0.000000 93.000000 74.000000
0.5600 89.3500 42.4000 1023.000000 0.000000 93.000000 74.000000
0.5700 87.6200 41.9100 1023.000000 0.000000 90.000000 74.000000
0.5800 86.8300 41.9100 1023.000000 0.000000 90.000000 73.000000
0.5900 86.7100 42.0800 896.000000 0.000000 90.000000 73.000000
0.6000 87.0300 42.4700 605.000000 0.000000 90.000000 73.000000
0.6100 87.0300 42.4700 0.000000 1.000000 90.000000 72.000000
0.6200 89.5400 42.9500 0.000000 0.000000 90.000000 72.000000
0.6300 91.2800 43.1400 0.000000 0.000000 90.000000 72.000000
0.6400 92.9100 43.3400 0.000000 0.000000 90.000000 72.000000
0.6500 94.8100 43.6200 0.000000 0.000000 90.000000 72.000000
0.6600 96.8800 43.9300 0.000000 0.000000 90.000000 73.000000
0.6700 98.9200 44.2300 0.000000 0.000000 90.000000 73.000000
0.6800 100.8300 44.5300 0.000000 0.000000 90.000000 73.000000
0.6900 102.6600 44.7900 0.000000 0.000000 93.000000 72.000000
0.7000 104.1300 44.9500 0.000000 0.000000 96.000000 72.000000
0.7100 104.8100 45.0500 0.000000 0.000000 96.000000 71.000000
0.7200 104.9500 45.1400 0.000000 0.000000 98.000000 70.000000
0.7300 104.5700 45.2200 0.000000 0.000000 98.000000 69.000000
0.7400 104.0400 45.3000 0.000000 0.000000 100.000000 68.000000
0.7500 103.4200 45.3700 0.000000 0.000000 99.000000 67.000000
0.7600 102.6500 45.3200 0.000000 0.000000 102.000000 67.000000
0.7700 101.7800 45.2400 0.000000 0.000000 101.000000 66.000000
0.7800 100.8400 45.1300 0.000000 0.000000 99.000000 66.000000
0.7900 100.0600 45.0300 0.000000 0.000000 99.000000 66.000000
0.8000 99.3100 44.9800 0.000000 0.000000 99.000000 67.000000
0.8100 98.5800 44.9800 0.000000 0.000000 97.000000 68.000000
0.8200 98.1200 44.9200 0.000000 0.000000 98.000000 69.000000
0.8300 97.8200 44.9200 0.000000 0.000000 95.000000 70.000000
0.8400 97.6200 44.8400 0.000000 0.000000 96.000000 71.000000
0.8500 97.4200 44.7600 0.000000 0.000000 93.000000 72.000000
0.8600 97.4200 44.7600 0.000000 0.000000 93.000000 72.000000
0.8700 97.0600 44.6400 0.000000 0.000000 93.000000 73.000000
0.8800 96.9300 44.6400 0.000000 0.000000 93.000000 73.000000
0.8900 96.8700 44.6400 0.000000 0.000000 93.000000 73.000000
0.9000 96.9200 44.6400 0.000000 0.000000 93.000000 73.000000
0.9100 97.0400 44.7100 0.000000 0.000000 93.000000 73.000000
0.9200 97.2000 44.7800 0.000000 0.000000 93.000000 72.000000
0.9300 97.4300 44.8700 0.000000 0.000000 93.000000 72.000000
0.9400 97.7700 45.0100 0.000000 0.000000 93.000000 73.000000
0.9500 98.1900 45.1900 0.000000 0.000000 90.000000 73.000000
0.9600 98.5100 45.3900 0.000000 0.000000 90.000000 73.000000
0.9700 98.8400 45.6500 0.000000 0.000000 90.000000 73.000000
0.9800 98.8400 45.6500 339.000000 1.000000 90.000000 73.000000
0.9900 99.2400 46.0800 489.000000 0.000000 90.000000 73.000000
1.0000 99.1400 46.3100 619.000000 0.000000 90.000000 73.000000
1.0100 98.9200 46.5600 703.000000 0.000000 90.000000 73.000000
1.0200 98.5100 46.8300 794.000000 0.000000 90.000000 73.000000
1.0300 97.9800 46.9100 827.000000 0.000000 90.000000 72.000000
1.0400 97.3600 46.7300 879.000000 0.000000 90.000000 72.000000
1.0500 96.7500 46.3800 892.000000 0.000000 90.000000 71.000000
1.0600 96.3700 45.9000 941.000000 0.000000 90.000000 71.000000
1.0700 96.1300 45.4100 974.000000 0.000000 90.000000 71.000000
1.0800 96.1300 44.9700 979.000000 0.000000 90.000000 70.000000
1.0900 96.3000 44.6600 977.000000 0.000000 90.000000 70.000000
1.1000 96.6300 44.4000 982.000000 0.000000 90.000000 70.000000
1.1100 97.0100 44.4000 977.000000 0.000000 90.000000 70.000000
1.1200 97.5500 44.5700 973.000000 0.000000 90.000000 70.000000
1.1300 98.1900 44.9100 971.000000 0.000000 90.000000 70.000000
1.1400 98.7400 45.3400 965.000000 0.000000 90.000000 70.000000
1.1500 99.0100 45.7500 970.000000 0.000000 90.000000 70.000000
1.1600 99.0900 46.1300 982.000000 0.000000 90.000000 71.000000
1.1700 99.0900 46.2400 993.000000 0.000000 90.000000 71.000000
1.1800 99.0300 46.1800 996.000000 0.000000 90.000000 71.000000
1.1900 99.0300 46.0400 991.000000 0.000000 90.000000 71.000000
1.2000 99.1100 45.8700 990.000000 0.000000 90.000000 71.000000
1.2100 99.2900 45.6200 983.000000 0.000000 90.000000 71.000000
1.2200 99.5400 45.3300 909.000000 0.000000 90.000000 71.000000
1.2300 99.8900 45.1800 758.000000 0.000000 90.000000 71.000000
1.2400 100.2500 45.1800 384.000000 0.000000 90.000000 71.000000
1.2500 100.2500 45.1800 0.000000 1.000000 90.000000 71.000000
1.2600 100.8800 45.5200 0.000000 0.000000 90.000000 70.000000
1.2700 101.1000 45.6900 0.000000 0.000000 90.000000 70.000000
1.2800 101.0400 45.8200 0.000000 0.000000 90.000000 70.000000
1.2900 100.9900 45.9300 0.000000 0.000000 90.000000 70.000000
1.3000 100.9100 46.0100 0.000000 0.000000 90.000000 70.000000
1.3100 100.8000 46.0700 0.000000 0.000000 90.000000 70.000000
1.3200 100.7000 46.1900 0.000000 0.000000 90.000000 70.000000
1.3300 100.5900 46.3500 0.000000 0.000000 90.000000 70.000000
1.3400 100.5000 46.6100 0.000000 0.000000 90.000000 70.000000
1.3500 100.5000 46.6100 252.000000 1.000000 90.000000 70.000000
1.3600 100.4200 46.9400 460.000000 0.000000 90.000000 71.000000
1.3700 100.4200 46.8900 560.000000 0.000000 90.000000 71.000000
1.3800 100.5400 46.7300 655.000000 0.000000 90.000000 71.000000
1.3900 100.7700 46.4900 745.000000 0.000000 90.000000 71.000000
1.4000 101.0700 46.2500 823.000000 0.000000 90.000000 71.000000
1.4100 101.4100 46.1100 855.000000 0.000000 90.000000 71.000000
1.4200 101.7800 46.0500 905.000000 0.000000 90.000000 70.000000
1.4300 102.0100 46.0500 950.000000 0.000000 90.000000 70.000000
1.4400 102.1500 46.1500 964.000000 0.000000 90.000000 70.000000
1.4500 102.2000 46.2600 968.000000 0.000000 90.000000 70.000000
1.4600 102.2000 46.5200 956.000000 0.000000 90.000000 70.000000
1.4700 102.2500 46.7800 935.000000 0.000000 90.000000 69.000000
1.4800 102.2500 47.0600 903.000000 0.000000 90.000000 69.000000
1.4900 102.2500 47.3700 827.000000 0.000000 90.000000 69.000000
1.5000 102.3000 47.5900 708.000000 0.000000 90.000000 69.000000
1.5100 102.3000 47.7500 404.000000 0.000000 90.000000 70.000000
1.5200 102.3000 47.7500 0.000000 1.000000 90.000000 70.000000
1.5300 102.4100 47.8800 0.000000 0.000000 90.000000 70.000000
1.5400 102.4100 47.9500 0.000000 0.000000 90.000000 71.000000
1.5500 102.4900 47.9500 0.000000 0.000000 90.000000 71.000000
1.5600 102.7100 47.9500 0.000000 0.000000 90.000000 71.000000
1.5700 103.0200 47.8900 0.000000 0.000000 90.000000 71.000000
1.5800 103.3300 47.7400 0.000000 0.000000 90.000000 71.000000
1.5900 103.5700 47.5300 0.000000 0.000000 90.000000 71.000000
1.6000 103.7600 47.3000 0.000000 0.000000 90.000000 71.000000
1.6100 103.8500 47.0800 0.000000 0.000000 93.000000 70.000000
1.6200 103.8500 47.0800 563.000000 1.000000 93.000000 70.000000
1.6300 103.9100 46.8100 636.000000 0.000000 93.000000 70.000000
1.6400 103.8000 46.8800 630.000000 0.000000 93.000000 69.000000
1.6500 103.8000 46.9400 585.000000 0.000000 93.000000 69.000000
1.6600 103.8000 47.0300 400.000000 0.000000 90.000000 69.000000
1.6700 103.8000 47.0300 0.000000 1.000000 90.000000 69.000000
1.6800 103.9100 47.4900 0.000000 0.000000 90.000000 70.000000
1.6900 103.8000 47.8000 0.000000 0.000000 90.000000 70.000000
1.7000 103.5700 48.1000 0.000000 0.000000 90.000000 70.000000
1.7100 103.4100 48.3900 0.000000 0.000000 90.000000 70.000000
1.7200 103.3000 48.4900 0.000000 0.000000 90.000000 71.000000
1.7300 103.3000 48.4900 327.000000 1.000000 90.000000 71.000000
1.7400 103.3000 48.4900 570.000000 0.000000 90.000000 71.000000
1.7500 103.3000 48.4900 705.000000 0.000000 93.000000 72.000000
1.7600 103.3000 48.4900 809.000000 0.000000 93.000000 72.000000
1.7700 103.0500 48.4700 824.000000 0.000000 93.000000 72.000000
1.7800 103.0500 48.4700 803.000000 0.000000 93.000000 72.000000
1.7900 103.0500 48.4700 663.000000 0.000000 93.000000 72.000000
1.8000 103.0500 48.4700 349.000000 0.000000 93.000000 71.000000
1.8100 103.0500 48.4700 0.000000 1.000000 93.000000 71.000000
1.8200 103.4000 48.4700 0.000000 0.000000 93.000000 71.000000
1.8300 103.6400 48.4700 0.000000 0.000000 93.000000 71.000000
1.8400 103.8400 48.5300 0.000000 0.000000 90.000000 71.000000
1.8500 104.2000 48.6000 0.000000 0.000000 90.000000 71.000000
1.8600 104.6700 48.6900 0.000000 0.000000 90.000000 71.000000
1.8700 105.1500 48.7600 0.000000 0.000000 90.000000 71.000000
1.8800 105.5900 48.8400 0.000000 0.000000 90.000000 71.000000
1.8900 105.9200 48.9100 0.000000 0.000000 90.000000 71.000000
1.9000 106.1700 49.0000 0.000000 0.000000 90.000000 71.000000
1.9100 106.2600 49.0900 0.000000 0.000000 90.000000 70.000000
1.9200 106.2600 49.0900 589.000000 1.000000 90.000000 70.000000
1.9300 105.9000 49.1500 662.000000 0.000000 90.000000 70.000000
1.9400 105.3700 48.9900 730.000000 0.000000 90.000000 70.000000
1.9500 104.9000 48.6300 796.000000 0.000000 90.000000 70.000000
1.9600 104.5500 48.1600 818.000000 0.000000 90.000000 70.000000
1.9700 104.5500 47.6300 824.000000 0.000000 90.000000 70.000000
1.9800 104.6600 47.2300 818.000000 0.000000 93.000000 70.000000
1.9900 104.9500 47.0100 814.000000 0.000000 90.000000 70.000000
2.0000 105.2400 46.9200 814.000000 0.000000 90.000000 70.000000
2.0100 105.5300 47.0000 814.000000 0.000000 90.000000 70.000000
2.0200 105.8800 47.3200 814.000000 0.000000 90.000000 70.000000
2.0300 106.1700 47.8000 797.000000 0.000000 90.000000 70.000000
2.0400 106.4100 48.2900 790.000000 0.000000 90.000000 70.000000
2.0500 106.5100 48.9000 762.000000 0.000000 90.000000 70.000000
2.0600 106.5100 49.6000 746.000000 0.000000 90.000000 70.000000
2.0700 106.4500 50.3100 721.000000 0.000000 90.000000 70.000000
2.0800 106.2700 50.9100 724.000000 0.000000 93.000000 70.000000
2.0900 106.1000 51.4400 757.000000 0.000000 93.000000 70.000000
2.1000 106.0400 51.3500 776.000000 0.000000 93.000000 70.000000
2.1100 106.0400 50.9200 863.000000 0.000000 95.000000 70.000000
2.1200 106.0400 50.2600 894.000000 0.000000 95.000000 70.000000
2.1300 106.1500 49.3600 959.000000 0.000000 95.000000 70.000000
2.1400 106.2300 48.5500 935.000000 0.000000 95.000000 70.000000
2.1500 106.3500 47.7900 909.000000 0.000000 95.000000 70.000000
2.1600 106.5900 47.3500 733.000000 0.000000 95.000000 70.000000
2.1700 106.9000 47.1700 68.000000 0.000000 93.000000 70.000000
2.1800 106.9000 47.1700 0.000000 1.000000 93.000000 70.000000
2.1900 107.6000 47.3700 0.000000 0.000000 90.000000 71.000000
2.2000 107.8300 47.7100 0.000000 0.000000 90.000000 71.000000
2.2100 108.0500 48.1500 0.000000 0.000000 90.000000 71.000000
2.2200 108.3100 48.3400 0.000000 0.000000 90.000000 72.000000
2.2300 108.5500 48.3400 0.000000 0.000000 90.000000 72.000000
2.2400 108.7500 48.2900 0.000000 0.000000 90.000000 72.000000
2.2500 108.8100 48.2000 0.000000 0.000000 90.000000 73.000000
2.2600 108.8100 48.2000 691.000000 1.000000 90.000000 73.000000
2.2700 108.8100 48.2000 819.000000 0.000000 90.000000 73.000000
2.2800 108.8100 48.2000 831.000000 0.000000 90.000000 73.000000
2.2900 108.4900 47.9800 757.000000 0.000000 90.000000 73.000000
2.3000 108.5700 48.0300 333.000000 0.000000 90.000000 73.000000
2.3100 108.5700 48.0300 0.000000 1.000000 90.000000 73.000000
2.3200 108.9400 48.3700 0.000000 0.000000 90.000000 72.000000
2.3300 109.3200 48.6300 0.000000 0.000000 90.000000 72.000000
2.3400 109.6800 48.9700 0.000000 0.000000 90.000000 72.000000
2.3500 110.2400 49.3600 0.000000 0.000000 90.000000 72.000000
2.3600 110.9300 49.6500 0.000000 0.000000 90.000000 71.000000
2.3700 111.7200 49.9400 0.000000 0.000000 90.000000 71.000000
2.3800 112.6500 50.1700 0.000000 0.000000 90.000000 70.000000
2.3900 113.6700 50.3600 0.000000 0.000000 90.000000 69.000000
2.4000 114.6800 50.6200 0.000000 0.000000 88.000000 68.000000
2.4100 115.5900 50.8700 0.000000 0.000000 88.000000 67.000000
2.4200 116.4400 51.0900 0.000000 0.000000 90.000000 65.000000
2.4300 117.2800 51.2600 0.000000 0.000000 90.000000 64.000000
2.4400 117.9800 51.2600 0.000000 0.000000 90.000000 63.000000
2.4500 118.5900 51.1800 0.000000 0.000000 90.000000 63.000000
2.4600 118.7200 51.0700 0.000000 0.000000 90.000000 63.000000
2.4700 118.6100 51.0700 0.000000 0.000000 90.000000 62.000000
2.4800 118.3400 51.0700 0.000000 0.000000 90.000000 62.000000
2.4900 118.1000 51.1400 0.000000 0.000000 90.000000 62.000000
2.5000 117.7900 51.2400 0.000000 0.000000 90.000000 62.000000
2.5100 117.4400 51.3500 0.000000 0.000000 90.000000 62.000000
2.5200 117.0800 51.4600 0.000000 0.000000 92.000000 62.000000
2.5300 116.6600 51.5300 0.000000 0.000000 92.000000 62.000000
2.5400 116.2100 51.5300 0.000000 0.000000 92.000000 62.000000
2.5500 115.8700 51.6000 0.000000 0.000000 92.000000 62.000000
2.5600 115.5800 51.6000 0.000000 0.000000 94.000000 62.000000
2.5700 115.3800 51.6000 0.000000 0.000000 94.000000 63.000000
2.5800 115.1600 51.6700 0.000000 0.000000 94.000000 63.000000
2.5900 114.9300 51.7200 0.000000 0.000000 96.000000 63.000000
2.6000 114.6900 51.8000 0.000000 0.000000 96.000000 64.000000
2.6100 114.4700 51.8500 0.000000 0.000000 96.000000 64.000000
2.6200 114.2500 51.8500 0.000000 0.000000 96.000000 64.000000
2.6300 114.0500 51.8500 0.000000 0.000000 96.000000 64.000000
2.6400 113.8800 51.8500 0.000000 0.000000 96.000000 64.000000
2.6500 113.7500 51.8500 0.000000 0.000000 96.000000 64.000000
2.6600 113.5000 51.8500 0.000000 0.000000 96.000000 64.000000
2.6700 113.1800 51.8500 0.000000 0.000000 98.000000 64.000000
2.6800 112.8100 51.8500 0.000000 0.000000 98.000000 64.000000
2.6900 112.4000 51.8500 0.000000 0.000000 98.000000 64.000000
2.7000 111.9700 51.9100 0.000000 0.000000 98.000000 64.000000
2.7100 111.5800 51.9100 0.000000 0.000000 98.000000 64.000000
2.7200 111.5800 51.9100 542.000000 1.000000 99.000000 65.000000
2.7300 111.0400 51.7800 622.000000 0.000000 99.000000 65.000000
2.7400 110.9200 51.7300 642.000000 0.000000 99.000000 66.000000
2.7500 111.1400 51.7300 727.000000 0.000000 99.000000 67.000000
2.7600 111.7700 51.6300 797.000000 0.000000 100.000000 68.000000
2.7700 112.6600 51.7100 855.000000 0.000000 100.000000 69.000000
2.7800 113.9300 51.8800 905.000000 0.000000 101.000000 70.000000
2.7900 115.3700 52.2600 914.000000 0.000000 101.000000 70.000000
2.8000 116.9100 52.7400 920.000000 0.000000 101.000000 71.000000
2.8100 117.9500 53.2800 918.000000 0.000000 101.000000 71.000000
2.8200 118.5400 53.8000 924.000000 0.000000 101.000000 71.000000
2.8300 118.8300 54.3200 938.000000 0.000000 101.000000 71.000000
2.8400 118.7700 54.8400 944.000000 0.000000 101.000000 71.000000
2.8500 118.4800 55.3500 959.000000 0.000000 101.000000 71.000000
2.8600 118.0400 55.8500 964.000000 0.000000 101.000000 71.000000
2.8700 117.2300 56.0800 983.000000 0.000000 101.000000 70.000000
2.8800 116.0200 56.0300 981.000000 0.000000 101.000000 70.000000
2.8900 114.5400 55.7900 1023.000000 0.000000 104.000000 70.000000
2.9000 112.8600 55.3100 1023.000000 0.000000 104.000000 70.000000
2.9100 111.8700 54.7900 1023.000000 0.000000 104.000000 70.000000
2.9200 111.3500 54.2800 1023.000000 0.000000 105.000000 71.000000
2.9300 111.3500 53.8100 1023.000000 0.000000 105.000000 71.000000
2.9400 111.8300 53.1300 1023.000000 0.000000 106.000000 72.000000
2.9500 112.7000 52.5200 1023.000000 0.000000 106.000000 72.000000
2.9600 114.1500 51.9700 1023.000000 0.000000 106.000000 72.000000
2.9700 115.7500 51.6000 1023.000000 0.000000 103.000000 73.000000
2.9800 117.4500 51.2000 1023.000000 0.000000 103.000000 73.000000
2.9900 118.7000 50.9500 1023.000000 0.000000 104.000000 74.000000
3.0000 119.4300 50.8000 1023.000000 0.000000 100.000000 74.000000
3.0100 119.8200 50.6500 1023.000000 0.000000 100.000000 74.000000
3.0200 119.5000 50.5100 1023.000000 0.000000 100.000000 74.000000
3.0300 118.5200 50.3800 1023.000000 0.000000 100.000000 74.000000
3.0400 117.0900 49.9500 1023.000000 0.000000 97.000000 74.000000
3.0500 115.1400 49.5200 1023.000000 0.000000 97.000000 74.000000
3.0600 112.9700 49.1100 1023.000000 0.000000 97.000000 74.000000
3.0700 110.6400 48.7100 1023.000000 0.000000 97.000000 74.000000
3.0800 109.3700 48.5900 1023.000000 0.000000 97.000000 75.000000
3.0900 108.8400 48.6400 952.000000 0.000000 97.000000 75.000000
3.1000 108.8400 48.6400 0.000000 1.000000 97.000000 75.000000
3.1100 109.6300 49.1900 0.000000 0.000000 97.000000 75.000000
3.1200 110.7200 49.5800 0.000000 0.000000 97.000000 74.000000
3.1300 112.0000 50.0600 0.000000 0.000000 93.000000 74.000000
3.1400 113.3800 50.6100 0.000000 0.000000 93.000000 73.000000
3.1500 114.8200 51.1200 0.000000 0.000000 93.000000 71.000000
3.1600 116.1300 51.5900 0.000000 0.000000 93.000000 70.000000
3.1700 117.3300 51.7300 0.000000 0.000000 92.000000 68.000000
3.1800 117.8100 51.6700 0.000000 0.000000 92.000000 67.000000
3.1900 117.9700 51.4600 0.000000 0.000000 92.000000 65.000000
3.2000 117.9200 51.2100 0.000000 0.000000 92.000000 65.000000
3.2100 117.9200 50.8800 0.000000 0.000000 92.000000 65.000000
3.2200 117.9200 50.8800 1023.000000 1.000000 92.000000 65.000000
3.2300 117.4500 50.1800 1023.000000 0.000000 92.000000 66.000000
3.2400 117.2000 50.1000 1023.000000 0.000000 95.000000 67.000000
3.2500 117.2000 50.1700 1023.000000 0.000000 95.000000 68.000000
3.2600 117.3500 50.1700 1023.000000 0.000000 95.000000 69.000000
3.2700 117.3500 50.3200 591.000000 0.000000 96.000000 71.000000
3.2800 117.3500 50.3200 0.000000 1.000000 96.000000 72.000000
3.2900 117.5500 50.9500 0.000000 0.000000 96.000000 72.000000
3.3000 117.2400 51.3200 0.000000 0.000000 96.000000 72.000000
3.3100 116.6500 51.6200 0.000000 0.000000 96.000000 72.000000
3.3200 115.9000 51.6700 0.000000 0.000000 96.000000 72.000000
3.3300 115.0900 51.5800 0.000000 0.000000 96.000000 72.000000
3.3400 114.2300 51.4300 0.000000 0.000000 96.000000 71.000000
3.3500 113.8300 51.3300 0.000000 0.000000 96.000000 71.000000
3.3600 113.8300 51.3300 0.000000 0.000000 96.000000 71.000000
3.3700 100.5100 44.2900 0.000000 0.000000 100.000000 74.000000
3.3800 100.5100 44.2900 0.000000 0.000000 109.000000 75.000000
3.3900 99.6100 44.2900 0.000000 0.000000 120.000000 76.000000
3.4000 98.1000 44.2100 0.000000 0.000000 132.000000 77.000000
3.4100 97.0600 44.0300 0.000000 0.000000 132.000000 74.000000
3.4200 96.0800 43.8600 0.000000 0.000000 133.000000 71.000000
3.4300 95.2000 43.7000 0.000000 0.000000 133.000000 70.000000
3.4400 94.6700 43.5000 0.000000 0.000000 133.000000 67.000000
3.4500 94.3600 43.2600 0.000000 0.000000 130.000000 65.000000
3.4600 94.1800 43.1600 0.000000 0.000000 130.000000 65.000000
3.4700 94.2700 43.0500 0.000000 0.000000 129.000000 64.000000
3.4800 94.5400 43.0500 0.000000 0.000000 127.000000 63.000000
3.4900 94.9700 43.0500 0.000000 0.000000 125.000000 64.000000
3.5000 95.5400 43.1000 0.000000 0.000000 122.000000 63.000000
3.5100 96.2100 43.2000 0.000000 0.000000 122.000000 65.000000
3.5200 97.0300 43.3300 0.000000 0.000000 123.000000 65.000000
3.5300 97.9100 43.4800 0.000000 0.000000 128.000000 68.000000
3.5400 98.8900 43.6000 0.000000 0.000000 129.000000 68.000000
3.5500 99.9400 43.6700 0.000000 0.000000 133.000000 69.000000
3.5600 101.0300 43.7300 0.000000 0.000000 131.000000 68.000000
3.5700 101.8500 43.7800 0.000000 0.000000 130.000000 67.000000
3.5800 102.3200 43.7800 0.000000 0.000000 128.000000 65.000000
3.5900 102.5500 43.8300 0.000000 0.000000 124.000000 63.000000
3.6000 102.6000 43.8300 0.000000 0.000000 120.000000 60.000000
3.6100 102.5100 43.9100 0.000000 0.000000 118.000000 57.000000
3.6200 102.3200 43.9900 0.000000 0.000000 115.000000 54.000000
3.6300 102.0900 44.1000 0.000000 0.000000 114.000000 53.000000
3.6400 101.6200 44.1900 0.000000 0.000000 113.000000 52.000000
3.6500 100.9800 44.2600 0.000000 0.000000 113.000000 52.000000
3.6600 100.0600 44.2600 0.000000 0.000000 115.000000 52.000000
3.6700 99.0400 44.2600 0.000000 0.000000 115.000000 52.000000
3.6800 97.9600 44.2600 0.000000 0.000000 117.000000 54.000000
3.6900 97.0000 44.1600 0.000000 0.000000 119.000000 56.000000
3.7000 96.0400 44.0500 0.000000 0.000000 123.000000 59.000000
3.7100 95.0800 43.9300 0.000000 0.000000 127.000000 62.000000
3.7200 94.0700 43.8400 0.000000 0.000000 127.000000 63.000000
3.7300 93.0200 43.6900 0.000000 0.000000 132.000000 65.000000
3.7400 91.9000 43.5600 0.000000 0.000000 131.000000 67.000000
3.7500 90.9500 43.4800 0.000000 0.000000 130.000000 66.000000
3.7600 90.3700 43.4300 0.000000 0.000000 126.000000 66.000000
3.7700 89.9700 43.2800 0.000000 0.000000 120.000000 64.000000
3.7800 89.8200 43.0800 0.000000 0.000000 116.000000 63.000000
3.7900 89.8200 43.0000 0.000000 0.000000 113.000000 61.000000
3.8000 89.9300 43.0000 0.000000 0.000000 110.000000 60.000000
3.8100 90.1000 42.8900 0.000000 0.000000 108.000000 60.000000
3.8200 90.2800 42.7700 0.000000 0.000000 108.000000 60.000000
3.8300 90.4700 42.6500 0.000000 0.000000 106.000000 60.000000
3.8400 90.6100 42.5300 0.000000 0.000000 104.000000 60.000000
3.8500 90.7200 42.3900 0.000000 0.000000 105.000000 61.000000
3.8600 90.7200 42.2400 0.000000 0.000000 103.000000 61.000000
3.8700 90.6300 42.0700 0.000000 0.000000 102.000000 63.000000
3.8800 90.4700 41.8900 0.000000 0.000000 102.000000 63.000000
3.8900 90.2100 41.6900 0.000000 0.000000 100.000000 63.000000
3.9000 89.9100 41.4800 0.000000 0.000000 100.000000 63.000000
3.9100 89.5800 41.2600 0.000000 0.000000 98.000000 63.000000
3.9200 89.2100 41.0200 0.000000 0.000000 98.000000 64.000000
3.9300 88.9400 40.8600 0.000000 0.000000 96.000000 64.000000
3.9400 88.7300 40.7500 0.000000 0.000000 96.000000 65.000000
3.9500 88.5300 40.6300 0.000000 0.000000 97.000000 67.000000
3.9600 88.5300 40.6300 0.000000 0.000000 98.000000 69.000000
3.9700 88.5300 40.6300 0.000000 0.000000 95.000000 70.000000
3.9800 88.5300 40.6300 0.000000 0.000000 96.000000 72.000000
3.9900 88.5300 40.6300 0.000000 0.000000 97.000000 73.000000
4.0000 88.5300 40.6300 0.000000 0.000000 97.000000 75.000000
4.0100 88.1700 40.4100 0.000000 0.000000 97.000000 75.000000
4.0200 88.0000 40.3400 0.000000 0.000000 98.000000 76.000000
4.0300 87.8300 40.2600 0.000000 0.000000 98.000000 76.000000
4.0400 87.6700 40.1900 0.000000 0.000000 97.000000 75.000000
4.0500 87.5900 40.1400 0.000000 0.000000 97.000000 75.000000
4.0600 87.5900 40.0900 0.000000 0.000000 101.000000 75.000000
4.0700 87.5900 40.0900 0.000000 0.000000 101.000000 75.000000
4.0800 87.5900 40.0900 0.000000 0.000000 100.000000 74.000000
4.0900 87.5900 40.0900 0.000000 0.000000 100.000000 74.000000
4.1000 87.5300 40.0900 0.000000 0.000000 100.000000 74.000000
4.1100 87.4700 40.0900 0.000000 0.000000 100.000000 74.000000
4.1200 87.3800 40.1400 0.000000 0.000000 100.000000 73.000000
4.1300 87.2800 40.1400 0.000000 0.000000 100.000000 73.000000
4.1400 87.1800 40.0800 0.000000 0.000000 100.000000 73.000000
4.1500 87.0500 40.0200 0.000000 0.000000 100.000000 73.000000
4.1600 86.9100 39.9600 0.000000 0.000000 100.000000 73.000000
4.1700 86.8200 39.9600 0.000000 0.000000 100.000000 73.000000
4.1800 86.7700 39.8800 0.000000 0.000000 100.000000 73.000000
4.1900 86.7700 39.8800 0.000000 0.000000 100.000000 73.000000
4.2000 86.9500 39.8800 0.000000 0.000000 99.000000 72.000000
4.2100 87.1500 39.8800 0.000000 0.000000 99.000000 72.000000
4.2200 87.4100 39.9400 0.000000 0.000000 99.000000 72.000000
4.2300 87.7000 40.0500 0.000000 0.000000 100.000000 73.000000
4.2400 87.9900 40.2200 0.000000 0.000000 100.000000 73.000000
4.2500 88.3000 40.4500 0.000000 0.000000 100.000000 73.000000
4.2600 88.6600 40.7200 0.000000 0.000000 100.000000 74.000000
4.2700 88.9900 40.9400 0.000000 0.000000 100.000000 74.000000
4.2800 89.1900 41.1500 0.000000 0.000000 100.000000 74.000000
4.2900 89.3100 41.3100 0.000000 0.000000 100.000000 73.000000
4.3000 89.3100 41.4300 0.000000 0.000000 99.000000 72.000000
4.3100 89.2200 41.6100 0.000000 0.000000 99.000000 71.000000
4.3200 89.0600 41.8200 0.000000 0.000000 98.000000 70.000000
4.3300 88.9300 42.0500 0.000000 0.000000 98.000000 69.000000
4.3400 88.8200 42.2700 0.000000 0.000000 98.000000 69.000000
4.3500 88.7700 42.4400 0.000000 0.000000 100.000000 69.000000
4.3600 88.7700 42.5900 0.000000 0.000000 100.000000 69.000000
4.3700 88.7700 42.7200 0.000000 0.000000 101.000000 70.000000
4.3800 88.7700 42.8600 0.000000 0.000000 101.000000 71.000000
4.3900 88.8200 43.0000 0.000000 0.000000 102.000000 72.000000
4.4000 88.8200 43.1700 0.000000 0.000000 102.000000 72.000000
4.4100 88.8200 43.3500 0.000000 0.000000 103.000000 73.000000
4.4200 88.8200 43.5600 0.000000 0.000000 103.000000 73.000000
4.4300 88.8200 43.8300 0.000000 0.000000 103.000000 73.000000
4.4400 88.8200 44.1300 0.000000 0.000000 103.000000 73.000000
4.4500 88.8700 44.4200 0.000000 0.000000 102.000000 72.000000
4.4600 88.8700 44.4200 379.000000 1.000000 102.000000 72.000000
4.4700 88.9500 44.8500 473.000000 0.000000 99.000000 72.000000
4.4800 88.9500 44.9000 575.000000 0.000000 99.000000 72.000000
4.4900 88.9500 44.9000 685.000000 0.000000 99.000000 72.000000
4.5000 88.9500 44.9000 768.000000 0.000000 99.000000 72.000000
4.5100 89.0400 44.5600 858.000000 0.000000 99.000000 72.000000
4.5200 89.1200 44.0300 978.000000 0.000000 99.000000 72.000000
4.5300 89.2400 43.1700 1023.000000 0.000000 99.000000 71.000000
4.5400 89.4200 42.2800 1023.000000 0.000000 99.000000 71.000000
4.5500 89.4200 41.5600 1023.000000 0.000000 99.000000 71.000000
4.5600 89.3700 40.9500 1023.000000 0.000000 98.000000 70.000000
4.5700 89.4300 40.6000 1023.000000 0.000000 98.000000 70.000000
4.5800 89.4300 40.2500 1023.000000 0.000000 101.000000 70.000000
4.5900 89.4300 40.2500 1023.000000 0.000000 98.000000 69.000000
4.6000 89.4300 40.2500 857.000000 0.000000 98.000000 69.000000
4.6100 89.4300 40.2500 584.000000 0.000000 98.000000 69.000000
4.6200 89.4300 40.2500 0.000000 1.000000 98.000000 69.000000
4.6300 89.3800 40.7400 0.000000 0.000000 98.000000 69.000000
4.6400 89.2100 40.7400 0.000000 0.000000 98.000000 70.000000
4.6500 89.0400 40.7400 0.000000 0.000000 98.000000 70.000000
4.6600 88.8700 40.6400 0.000000 0.000000 98.000000 70.000000
4.6700 88.8000 40.5600 0.000000 0.000000 99.000000 71.000000
4.6800 88.8000 40.4400 0.000000 0.000000 99.000000 72.000000
4.6900 88.8000 40.3100 0.000000 0.000000 100.000000 73.000000
4.7000 88.8000 40.2300 0.000000 0.000000 100.000000 74.000000
4.7100 88.8800 40.1800 0.000000 0.000000 100.000000 74.000000
4.7200 88.8800 40.1800 0.000000 0.000000 101.000000 75.000000
4.7300 88.7900 40.1800 0.000000 0.000000 102.000000 76.000000
4.7400 88.6800 40.1800 0.000000 0.000000 102.000000 76.000000
4.7500 88.4900 40.2400 0.000000 0.000000 102.000000 76.000000
4.7600 88.2400 40.2400 0.000000 0.000000 102.000000 76.000000
4.7700 88.0600 40.2400 0.000000 0.000000 102.000000 76.000000
4.7800 87.8900 40.2900 0.000000 0.000000 102.000000 76.000000
4.7900 87.7300 40.2900 0.000000 0.000000 101.000000 75.000000
4.8000 87.5800 40.3400 0.000000 0.000000 101.000000 75.000000
4.8100 87.4300 40.3400 0.000000 0.000000 101.000000 75.000000
4.8200 87.3000 40.4200 0.000000 0.000000 100.000000 74.000000
4.8300 87.1700 40.4200 0.000000 0.000000 100.000000 74.000000
4.8400 87.0000 40.4800 0.000000 0.000000 100.000000 74.000000
4.8500 86.8200 40.4300 0.000000 0.000000 100.000000 73.000000
4.8600 86.6100 40.3700 0.000000 0.000000 100.000000 73.000000
4.8700 86.4100 40.2900 0.000000 0.000000 100.000000 73.000000
4.8800 86.2400 40.2200 0.000000 0.000000 99.000000 72.000000
4.8900 86.1000 40.2200 0.000000 0.000000 99.000000 72.000000
4.9000 86.0400 40.2200 0.000000 0.000000 99.000000 72.000000
4.9100 86.0400 40.2200 0.000000 0.000000 99.000000 72.000000
4.9200 86.0400 40.2200 0.000000 0.000000 99.000000 72.000000
4.9300 86.1200 40.2200 0.000000 0.000000 99.000000 71.000000
4.9400 86.1900 40.2700 0.000000 0.000000 99.000000 71.000000
4.9500 86.2500 40.2700 0.000000 0.000000 99.000000 71.000000
4.9600 86.3200 40.2700 0.000000 0.000000 99.000000 71.000000
4.9700 86.4000 40.3500 0.000000 0.000000 99.000000 71.000000
4.9800 86.5100 40.3500 0.000000 0.000000 99.000000 71.000000
4.9900 86.5600 40.4200 0.000000 0.000000 99.000000 71.000000
5.0000 86.5600 40.4200 0.000000 0.000000 99.000000 71.000000
5.0100 86.5600 40.4200 0.000000 0.000000 99.000000 71.000000
5.0200 86.5600 40.4200 0.000000 0.000000 99.000000 71.000000
5.0300 86.5600 40.4200 0.000000 0.000000 99.000000 71.000000
5.0400 86.5600 40.4200 0.000000 0.000000 99.000000 71.000000
5.0500 86.6400 40.4200 0.000000 0.000000 99.000000 71.000000
5.0600 86.7000 40.4200 0.000000 0.000000 99.000000 71.000000
5.0700 86.7500 40.4200 0.000000 0.000000 99.000000 72.000000
5.0800 86.7500 40.4200 0.000000 0.000000 99.000000 72.000000
5.0900 86.7500 40.4200 0.000000 0.000000 99.000000 72.000000
5.1000 86.6900 40.3600 0.000000 0.000000 99.000000 72.000000
5.1100 86.6900 40.3600 0.000000 0.000000 99.000000 72.000000
5.1200 86.6900 40.3600 0.000000 0.000000 99.000000 72.000000
5.1300 86.6900 40.3600 0.000000 0.000000 99.000000 72.000000
5.1400 86.6900 40.3600 0.000000 0.000000 99.000000 72.000000
5.1500 86.7800 40.4100 0.000000 0.000000 99.000000 72.000000
5.1600 86.8700 40.4100 0.000000 0.000000 99.000000 72.000000
5.1700 86.9500 40.4900 0.000000 0.000000 99.000000 72.000000
5.1800 86.9500 40.4900 0.000000 0.000000 99.000000 72.000000
5.1900 86.9500 40.4900 0.000000 0.000000 99.000000 72.000000
5.2000 86.9500 40.4900 0.000000 0.000000 99.000000 72.000000
5.2100 86.7800 40.4900 0.000000 0.000000 99.000000 72.000000
5.2200 86.6100 40.4400 0.000000 0.000000 99.000000 72.000000
5.2300 86.5500 40.4400 0.000000 0.000000 99.000000 72.000000
5.2400 86.4800 40.4400 0.000000 0.000000 99.000000 72.000000
5.2500 86.4000 40.4400 0.000000 0.000000 99.000000 72.000000
5.2600 86.4000 40.4400 0.000000 0.000000 99.000000 72.000000
5.2700 86.4000 40.4400 0.000000 0.000000 99.000000 72.000000
5.2800 86.4000 40.4400 0.000000 0.000000 99.000000 72.000000
5.2900 86.3200 40.4400 0.000000 0.000000 99.000000 72.000000
5.3000 86.2400 40.3600 0.000000 0.000000 99.000000 72.000000
5.3100 86.1300 40.2900 0.000000 0.000000 99.000000 71.000000
5.3200 86.0100 40.2100 0.000000 0.000000 99.000000 71.000000
5.3300 85.8900 40.1400 0.000000 0.000000 99.000000 71.000000
5.3400 85.8100 40.0900 0.000000 0.000000 99.000000 71.000000
5.3500 85.7600 40.0400 0.000000 0.000000 99.000000 71.000000
5.3600 85.7600 40.0400 0.000000 0.000000 99.000000 71.000000
5.3700 85.7600 40.0400 0.000000 0.000000 99.000000 71.000000
5.3800 85.8300 40.0400 0.000000 0.000000 99.000000 71.000000
5.3900 85.9000 40.0400 0.000000 0.000000 99.000000 71.000000
5.4000 85.9600 40.1100 0.000000 0.000000 99.000000 71.000000
5.4100 86.0100 40.1100 0.000000 0.000000 99.000000 71.000000
5.4200 86.0600 40.1700 0.000000 0.000000 99.000000 71.000000
5.4300 86.0600 40.2500 0.000000 0.000000 99.000000 71.000000
5.4400 86.1100 40.3600 0.000000 0.000000 99.000000 71.000000
5.4500 86.1600 40.5000 0.000000 0.000000 99.000000 71.000000
5.4600 86.2100 40.6400 0.000000 0.000000 99.000000 71.000000
5.4700 86.3000 40.8100 0.000000 0.000000 99.000000 71.000000
5.4800 86.3000 40.8100 307.000000 1.000000 99.000000 71.000000
5.4900 86.2900 41.1300 404.000000 0.000000 99.000000 71.000000
5.5000 85.8600 41.2300 537.000000 0.000000 99.000000 71.000000
5.5100 85.5100 41.2900 649.000000 0.000000 101.000000 71.000000
5.5200 85.0100 41.1500 724.000000 0.000000 101.000000 71.000000
5.5300 84.4000 40.9000 806.000000 0.000000 101.000000 71.000000
5.5400 83.8200 40.5800 869.000000 0.000000 101.000000 71.000000
5.5500 83.5200 40.2700 860.000000 0.000000 101.000000 71.000000
5.5600 83.4000 40.0100 855.000000 0.000000 101.000000 70.000000
5.5700 83.4900 39.7300 853.000000 0.000000 101.000000 70.000000
5.5800 83.8200 39.4600 867.000000 0.000000 101.000000 70.000000
5.5900 84.3100 39.1600 869.000000 0.000000 100.000000 69.000000
5.6000 84.8900 38.8800 855.000000 0.000000 98.000000 69.000000
5.6100 85.5000 38.7000 863.000000 0.000000 98.000000 69.000000
5.6200 85.9100 38.6000 897.000000 0.000000 98.000000 69.000000
5.6300 86.1700 38.5100 976.000000 0.000000 98.000000 70.000000
5.6400 86.1700 38.4500 1023.000000 0.000000 98.000000 70.000000
5.6500 86.0400 38.4000 1023.000000 0.000000 98.000000 70.000000
5.6600 85.8400 38.3500 1023.000000 0.000000 96.000000 71.000000
5.6700 85.3900 38.2900 1023.000000 0.000000 96.000000 71.000000
5.6800 85.0000 38.2400 994.000000 0.000000 96.000000 71.000000
5.6900 84.6600 38.2400 917.000000 0.000000 96.000000 71.000000
5.7000 84.5700 38.2400 745.000000 0.000000 96.000000 71.000000
5.7100 84.5200 38.2900 440.000000 0.000000 96.000000 71.000000
5.7200 84.5200 38.2900 0.000000 1.000000 96.000000 71.000000
5.7300 84.8800 38.6100 0.000000 0.000000 96.000000 71.000000
5.7400 85.2000 38.8500 0.000000 0.000000 96.000000 71.000000
5.7500 85.5200 39.1500 0.000000 0.000000 95.000000 70.000000
5.7600 85.9700 39.4900 0.000000 0.000000 95.000000 70.000000
5.7700 86.5000 39.8300 0.000000 0.000000 96.000000 71.000000
5.7800 86.9600 40.1200 0.000000 0.000000 96.000000 71.000000
5.7900 87.2100 40.3300 0.000000 0.000000 96.000000 71.000000
5.8000 87.3100 40.3300 0.000000 0.000000 96.000000 71.000000
5.8100 87.3100 40.3300 431.000000 1.000000 96.000000 72.000000
5.8200 86.8700 39.8400 577.000000 0.000000 96.000000 72.000000
5.8300 86.5100 39.5200 644.000000 0.000000 99.000000 72.000000
5.8400 86.4100 39.2200 733.000000 0.000000 99.000000 72.000000
5.8500 86.5200 39.0200 758.000000 0.000000 99.000000 72.000000
5.8600 86.7600 39.0200 779.000000 0.000000 99.000000 71.000000
5.8700 87.2900 39.1100 794.000000 0.000000 99.000000 71.000000
5.8800 87.8200 39.4400 861.000000 0.000000 99.000000 71.000000
5.8900 88.3600 39.7700 912.000000 0.000000 99.000000 71.000000
5.9000 88.5600 40.1100 990.000000 0.000000 99.000000 71.000000
5.9100 88.5600 40.4600 1023.000000 0.000000 99.000000 71.000000
5.9200 88.3200 40.7400 1023.000000 0.000000 99.000000 71.000000
5.9300 87.8900 41.0300 999.000000 0.000000 99.000000 72.000000
5.9400 87.3000 40.9600 926.000000 0.000000 99.000000 72.000000
5.9500 86.8800 40.6600 694.000000 0.000000 102.000000 72.000000
5.9600 86.6600 40.3300 47.000000 0.000000 99.000000 72.000000
5.9700 86.6600 40.3300 0.000000 1.000000 99.000000 72.000000
5.9800 86.5600 39.6700 0.000000 0.000000 99.000000 72.000000
5.9900 86.8900 39.5600 0.000000 0.000000 99.000000 71.000000
6.0000 87.3800 39.5600 0.000000 0.000000 99.000000 72.000000
6.0100 88.1600 39.6500 0.000000 0.000000 96.000000 72.000000
6.0200 89.0100 39.7500 0.000000 0.000000 96.000000 72.000000
6.0300 89.9100 39.8500 0.000000 0.000000 96.000000 72.000000
6.0400 90.6400 39.9500 0.000000 0.000000 93.000000 71.000000
6.0500 91.2200 40.0500 0.000000 0.000000 93.000000 70.000000
6.0600 91.6900 40.1400 0.000000 0.000000 93.000000 70.000000
6.0700 92.0000 40.1400 0.000000 0.000000 93.000000 69.000000
6.0800 92.1000 40.1400 0.000000 0.000000 92.000000 68.000000
6.0900 92.1000 40.2500 0.000000 0.000000 92.000000 68.000000
6.1000 92.0000 40.3700 0.000000 0.000000 92.000000 67.000000
6.1100 91.8900 40.5500 0.000000 0.000000 92.000000 67.000000
6.1200 91.7400 40.7200 0.000000 0.000000 92.000000 67.000000
6.1300 91.8000 40.8700 0.000000 0.000000 92.000000 68.000000
6.1400 91.8700 41.0300 0.000000 0.000000 92.000000 68.000000
6.1500 91.9700 41.1800 0.000000 0.000000 95.000000 68.000000
6.1600 92.0800 41.3000 0.000000 0.000000 95.000000 68.000000
6.1700 92.1400 41.3800 0.000000 0.000000 95.000000 68.000000
6.1800 92.1400 41.3800 0.000000 0.000000 97.000000 68.000000
6.1900 92.1400 41.3800 0.000000 0.000000 97.000000 68.000000
6.2000 92.0600 41.3800 0.000000 0.000000 97.000000 68.000000
6.2100 91.9600 41.3800 0.000000 0.000000 98.000000 69.000000
6.2200 91.9600 41.3800 522.000000 1.000000 98.000000 69.000000
6.2300 91.5700 41.1100 688.000000 0.000000 100.000000 69.000000
6.2400 91.2800 40.8500 721.000000 0.000000 101.000000 70.000000
6.2500 91.0300 40.6500 785.000000 0.000000 101.000000 70.000000
6.2600 91.0300 40.5100 815.000000 0.000000 101.000000 71.000000
6.2700 91.2700 40.4400 828.000000 0.000000 101.000000 71.000000
6.2800 91.7700 40.5600 861.000000 0.000000 101.000000 71.000000
6.2900 92.3600 40.8000 906.000000 0.000000 101.000000 71.000000
6.3000 93.0000 41.1300 986.000000 0.000000 101.000000 71.000000
6.3100 93.2500 41.4400 1023.000000 0.000000 101.000000 71.000000
6.3200 93.1500 41.7100 1023.000000 0.000000 101.000000 71.000000
6.3300 92.8200 41.9400 1023.000000 0.000000 101.000000 71.000000
6.3400 92.2300 42.1200 1015.000000 0.000000 101.000000 71.000000
6.3500 91.4500 41.8800 861.000000 0.000000 101.000000 71.000000
6.3600 90.5300 41.3900 131.000000 0.000000 101.000000 71.000000
6.3700 90.5300 41.3900 0.000000 1.000000 101.000000 71.000000
6.3800 89.9800 40.4200 0.000000 0.000000 99.000000 71.000000
6.3900 89.8700 40.2100 0.000000 0.000000 99.000000 71.000000
6.4000 90.2500 40.2100 0.000000 0.000000 98.000000 70.000000
6.4100 90.9500 40.5700 0.000000 0.000000 95.000000 69.000000
6.4200 91.8200 41.1100 0.000000 0.000000 92.000000 67.000000
6.4300 93.1700 41.7500 0.000000 0.000000 92.000000 66.000000
6.4400 94.8300 42.3500 0.000000 0.000000 90.000000 65.000000
6.4500 96.0700 42.8500 0.000000 0.000000 90.000000 64.000000
6.4600 97.3500 43.3700 0.000000 0.000000 90.000000 62.000000
6.4700 99.2800 43.9500 0.000000 0.000000 90.000000 61.000000
6.4800 101.6100 44.6000 0.000000 0.000000 92.000000 59.000000
6.4900 104.0100 45.2300 0.000000 0.000000 95.000000 58.000000
6.5000 105.7400 45.8600 0.000000 0.000000 96.000000 57.000000
6.5100 107.0200 46.4800 0.000000 0.000000 102.000000 55.000000
6.5200 108.2700 47.3500 0.000000 0.000000 106.000000 55.000000
6.5300 109.9500 48.3800 0.000000 0.000000 110.000000 54.000000
6.5400 111.9200 49.5900 0.000000 0.000000 114.000000 53.000000
6.5500 112.6500 50.7800 0.000000 0.000000 114.000000 53.000000
6.5600 113.2500 51.6900 0.000000 0.000000 114.000000 53.000000
6.5700 113.2500 51.6900 0.000000 0.000000 114.000000 53.000000
6.5800 96.3300 52.4900 0.000000 0.000000 116.000000 60.000000
6.5900 96.3300 52.4900 0.000000 0.000000 119.000000 66.000000
6.6000 95.2200 52.0500 0.000000 0.000000 122.000000 74.000000
6.6100 93.3600 51.3300 0.000000 0.000000 131.000000 79.000000
6.6200 92.1000 50.7200 0.000000 0.000000 128.000000 79.000000
6.6300 91.2200 50.1600 0.000000 0.000000 120.000000 76.000000
6.6400 90.6000 49.6900 0.000000 0.000000 115.000000 74.000000
6.6500 90.1500 49.2600 0.000000 0.000000 109.000000 69.000000
6.6600 89.9200 48.8800 0.000000 0.000000 103.000000 64.000000
6.6700 89.8300 48.5100 0.000000 0.000000 102.000000 63.000000
6.6800 90.1700 48.1600 0.000000 0.000000 101.000000 61.000000
6.6900 90.5100 47.8300 0.000000 0.000000 102.000000 60.000000
6.7000 91.2300 47.6000 0.000000 0.000000 104.000000 60.000000
6.7100 92.2000 47.4300 0.000000 0.000000 107.000000 61.000000
6.7200 93.2600 47.3000 0.000000 0.000000 111.000000 61.000000
6.7300 94.1900 47.1700 0.000000 0.000000 114.000000 62.000000
6.7400 95.0400 47.1000 0.000000 0.000000 118.000000 62.000000
6.7500 95.7100 47.1000 0.000000 0.000000 125.000000 64.000000
6.7600 96.3200 47.1000 0.000000 0.000000 132.000000 64.000000
6.7700 96.9000 47.0500 0.000000 0.000000 137.000000 65.000000
6.7800 97.3700 47.0000 0.000000 0.000000 140.000000 66.000000
6.7900 97.7100 47.0000 0.000000 0.000000 140.000000 67.000000
6.8000 97.9700 46.8900 0.000000 0.000000 145.000000 68.000000
6.8100 98.1600 46.8900 0.000000 0.000000 145.000000 70.000000
6.8200 98.1000 46.8900 0.000000 0.000000 148.000000 70.000000
6.8300 97.8700 46.8900 0.000000 0.000000 148.000000 70.000000
6.8400 97.3800 46.8900 0.000000 0.000000 146.000000 71.000000
6.8500 96.9400 46.8900 0.000000 0.000000 146.000000 71.000000
6.8600 96.5400 46.8900 0.000000 0.000000 144.000000 72.000000
6.8700 96.0800 46.8900 0.000000 0.000000 144.000000 72.000000
6.8800 95.9000 46.9500 0.000000 0.000000 140.000000 72.000000
6.8900 95.9000 47.0900 0.000000 0.000000 137.000000 71.000000
6.9000 96.0300 47.2900 0.000000 0.000000 137.000000 71.000000
6.9100 96.1800 47.5600 0.000000 0.000000 137.000000 71.000000
6.9200 96.5700 47.8700 0.000000 0.000000 133.000000 71.000000
6.9300 97.1000 48.1400 0.000000 0.000000 130.000000 72.000000
6.9400 97.8900 48.4100 0.000000 0.000000 128.000000 72.000000
6.9500 98.9200 48.6800 0.000000 0.000000 125.000000 73.000000
6.9600 100.1200 48.9800 0.000000 0.000000 122.000000 74.000000
6.9700 101.3200 49.3000 0.000000 0.000000 119.000000 74.000000
6.9800 102.4600 49.6200 0.000000 0.000000 116.000000 74.000000
6.9900 103.5600 49.9900 0.000000 0.000000 115.000000 74.000000
7.0000 104.5500 50.4000 0.000000 0.000000 111.000000 74.000000
7.0100 105.3200 50.8200 0.000000 0.000000 111.000000 74.000000
7.0200 105.3200 50.8200 466.000000 1.000000 110.000000 73.000000
7.0300 105.4800 51.9400 551.000000 0.000000 113.000000 73.000000
7.0400 104.7400 52.4400 537.000000 0.000000 118.000000 73.000000
7.0500 103.8300 52.9000 634.000000 0.000000 121.000000 73.000000
7.0600 102.3500 52.9900 710.000000 0.000000 125.000000 73.000000
7.0700 100.2500 52.8400 821.000000 0.000000 125.000000 73.000000
7.0800 97.7300 52.3800 905.000000 0.000000 125.000000 73.000000
7.0900 95.4400 51.7100 944.000000 0.000000 128.000000 72.000000
7.1000 93.1600 50.9100 999.000000 0.000000 126.000000 72.000000
7.1100 91.4600 49.9700 987.000000 0.000000 126.000000 72.000000
7.1200 90.1500 49.0200 991.000000 0.000000 126.000000 72.000000
7.1300 89.5100 48.0700 999.000000 0.000000 126.000000 72.000000
7.1400 89.6200 47.1300 988.000000 0.000000 124.000000 71.000000
7.1500 90.2300 46.1600 982.000000 0.000000 122.000000 71.000000
7.1600 91.6500 45.3400 977.000000 0.000000 120.000000 71.000000
7.1700 93.7700 44.6400 979.000000 0.000000 120.000000 71.000000
7.1800 96.3500 44.0100 997.000000 0.000000 117.000000 71.000000
7.1900 99.0400 43.5500 981.000000 0.000000 117.000000 71.000000
7.2000 101.5100 43.2000 991.000000 0.000000 115.000000 71.000000
7.2100 103.8400 42.6600 974.000000 0.000000 115.000000 71.000000
7.2200 105.3600 42.1900 968.000000 0.000000 116.000000 72.000000
7.2300 105.9700 41.7800 978.000000 0.000000 118.000000 73.000000
7.2400 105.9700 41.3700 1012.000000 0.000000 118.000000 73.000000
7.2500 105.2100 40.9300 1023.000000 0.000000 119.000000 74.000000
7.2600 103.6400 40.4500 1023.000000 0.000000 119.000000 74.000000
7.2700 101.5300 39.9700 1023.000000 0.000000 121.000000 75.000000
7.2800 98.7800 39.5100 1023.000000 0.000000 121.000000 75.000000
7.2900 95.5600 39.0500 1023.000000 0.000000 121.000000 75.000000
7.3000 92.0300 38.5700 1023.000000 0.000000 121.000000 75.000000
7.3100 88.4600 37.9900 1023.000000 0.000000 121.000000 75.000000
7.3200 85.1800 37.4100 1023.000000 0.000000 118.000000 75.000000
7.3300 82.1000 36.8700 1023.000000 0.000000 116.000000 74.000000
7.3400 79.7200 36.3900 1023.000000 0.000000 116.000000 74.000000
7.3500 78.2300 36.1400 1023.000000 0.000000 113.000000 75.000000
7.3600 77.3200 36.0500 1023.000000 0.000000 109.000000 75.000000
7.3700 77.4600 36.1500 1023.000000 0.000000 108.000000 74.000000
7.3800 78.6800 36.8300 1023.000000 0.000000 105.000000 75.000000
7.3900 80.6100 37.8900 1023.000000 0.000000 105.000000 75.000000
7.4000 84.1800 39.6900 1023.000000 0.000000 105.000000 75.000000
7.4100 89.4000 41.8600 1023.000000 0.000000 106.000000 75.000000
7.4200 95.7100 44.2700 1023.000000 0.000000 109.000000 75.000000
7.4300 103.3100 46.6300 1023.000000 0.000000 111.000000 76.000000
7.4400 110.7200 48.9800 1023.000000 0.000000 114.000000 76.000000
7.4500 118.0100 50.8400 950.000000 0.000000 116.000000 77.000000
7.4600 124.2500 52.3700 63.000000 0.000000 118.000000 78.000000
7.4700 126.8400 54.2100 63.000000 0.000000 122.000000 77.000000
7.4800 126.9900 55.1800 63.000000 0.000000 122.000000 77.000000
7.4900 126.9900 55.5600 63.000000 0.000000 122.000000 77.000000
7.5000 126.9900 55.7500 63.000000 0.000000 122.000000 77.000000
7.5100 126.9900 55.9000 63.000000 0.000000 122.000000 77.000000
7.5200 126.9900 55.8400 63.000000 0.000000 122.000000 77.000000
7.5300 126.9900 55.6600 63.000000 0.000000 122.000000 77.000000
7.5400 126.9900 55.4700 63.000000 0.000000 122.000000 77.000000
