0.0000 15.8100 26.7100 20.000000 1.000000 143.000000 63.000000
0.0100 15.9000 27.4700 61.000000 0.000000 143.000000 63.000000
0.0200 15.9000 27.8000 86.000000 0.000000 143.000000 63.000000
0.0300 15.9000 27.9900 100.000000 0.000000 141.000000 63.000000
0.0400 15.8000 28.1000 137.000000 0.000000 141.000000 63.000000
0.0500 15.7500 28.2300 170.000000 0.000000 143.000000 62.000000
0.0600 15.7500 28.4000 203.000000 0.000000 143.000000 62.000000
0.0700 15.7500 28.5900 235.000000 0.000000 143.000000 62.000000
0.0800 15.7500 28.9500 245.000000 0.000000 143.000000 62.000000
0.0900 15.6500 29.4000 269.000000 0.000000 141.000000 61.000000
0.1000 15.6500 29.9000 269.000000 0.000000 141.000000 61.000000
0.1100 15.5600 30.3900 285.000000 0.000000 141.000000 61.000000
0.1200 15.4900 30.8700 307.000000 0.000000 141.000000 61.000000
0.1300 15.4300 31.1500 345.000000 0.000000 142.000000 61.000000
0.1400 15.3700 31.2900 376.000000 0.000000 142.000000 61.000000
0.1500 15.3700 31.4500 405.000000 0.000000 142.000000 61.000000
0.1600 15.3700 31.5700 427.000000 0.000000 144.000000 60.000000
0.1700 15.3700 31.6300 453.000000 0.000000 144.000000 60.000000
0.1800 15.3200 31.7000 474.000000 0.000000 144.000000 60.000000
0.1900 15.3200 31.7800 473.000000 0.000000 142.000000 59.000000
0.2000 15.3200 31.7800 483.000000 0.000000 142.000000 59.000000
0.2100 15.3200 31.7800 480.000000 0.000000 143.000000 59.000000
0.2200 15.3200 31.7000 480.000000 0.000000 143.000000 59.000000
0.2300 15.3900 31.5500 493.000000 0.000000 143.000000 59.000000
0.2400 15.4900 31.1100 502.000000 0.000000 143.000000 59.000000
0.2500 15.7000 30.4000 502.000000 0.000000 142.000000 59.000000
0.2600 15.9700 29.5000 499.000000 0.000000 142.000000 59.000000
0.2700 16.1800 28.3700 494.000000 0.000000 142.000000 59.000000
0.2800 16.3900 27.3600 494.000000 0.000000 142.000000 59.000000
0.2900 16.6000 26.4300 497.000000 0.000000 139.000000 60.000000
0.3000 16.8300 25.7600 504.000000 0.000000 138.000000 59.000000
0.3100 16.9700 25.3100 509.000000 0.000000 136.000000 60.000000
0.3200 17.0600 25.0000 510.000000 0.000000 134.000000 60.000000
0.3300 17.0600 24.9000 519.000000 0.000000 132.000000 60.000000
0.3400 17.0600 24.9000 536.000000 0.000000 131.000000 60.000000
0.3500 16.9600 25.0400 540.000000 0.000000 129.000000 60.000000
0.3600 16.8400 25.4700 512.000000 0.000000 128.000000 59.000000
0.3700 16.6000 26.1400 495.000000 0.000000 129.000000 60.000000
0.3800 16.2200 26.9800 450.000000 0.000000 129.000000 60.000000
0.3900 15.7500 27.9300 433.000000 0.000000 131.000000 61.000000
0.4000 15.3100 28.6700 422.000000 0.000000 131.000000 61.000000
0.4100 14.8700 29.2700 422.000000 0.000000 134.000000 61.000000
0.4200 14.4300 29.6900 423.000000 0.000000 135.000000 60.000000
0.4300 14.0100 29.9700 420.000000 0.000000 136.000000 61.000000
0.4400 13.6000 30.1600 414.000000 0.000000 138.000000 60.000000
0.4500 13.3600 30.2900 414.000000 0.000000 139.000000 60.000000
0.4600 13.2200 30.4100 430.000000 0.000000 139.000000 60.000000
0.4700 13.2200 30.5000 435.000000 0.000000 139.000000 58.000000
0.4800 13.1400 30.6000 440.000000 0.000000 139.000000 58.000000
0.4900 13.1400 30.7300 469.000000 0.000000 138.000000 58.000000
0.5000 13.1400 30.8700 477.000000 0.000000 138.000000 58.000000
0.5100 13.1400 30.9700 495.000000 0.000000 136.000000 57.000000
0.5200 13.1400 31.0600 488.000000 0.000000 136.000000 57.000000
0.5300 13.1400 31.1300 491.000000 0.000000 136.000000 57.000000
0.5400 13.2000 31.1300 492.000000 0.000000 136.000000 57.000000
0.5500 13.2800 31.2000 494.000000 0.000000 136.000000 56.000000
0.5600 13.4000 31.2000 497.000000 0.000000 136.000000 56.000000
0.5700 13.5400 31.2000 504.000000 0.000000 136.000000 56.000000
0.5800 13.8300 31.2000 509.000000 0.000000 138.000000 57.000000
0.5900 14.2200 31.2000 517.000000 0.000000 138.000000 57.000000
0.6000 14.6200 31.3100 512.000000 0.000000 138.000000 57.000000
0.6100 15.0200 31.4400 515.000000 0.000000 139.000000 57.000000
0.6200 15.4200 31.5900 516.000000 0.000000 139.000000 57.000000
0.6300 15.6400 31.7200 519.000000 0.000000 140.000000 58.000000
0.6400 15.7300 31.7700 521.000000 0.000000 140.000000 58.000000
0.6500 15.7300 31.7700 522.000000 0.000000 142.000000 58.000000
0.6600 15.7300 31.7700 519.000000 0.000000 142.000000 58.000000
0.6700 15.7800 31.7700 521.000000 0.000000 143.000000 59.000000
0.6800 15.9000 31.6400 519.000000 0.000000 143.000000 59.000000
0.6900 16.1700 31.5100 519.000000 0.000000 143.000000 59.000000
0.7000 16.5200 31.3600 515.000000 0.000000 142.000000 58.000000
0.7100 16.8300 31.2000 522.000000 0.000000 142.000000 58.000000
0.7200 17.1600 31.0100 520.000000 0.000000 140.000000 58.000000
0.7300 17.5000 30.8200 510.000000 0.000000 140.000000 56.000000
0.7400 17.8600 30.6000 497.000000 0.000000 140.000000 56.000000
0.7500 18.1000 30.3900 489.000000 0.000000 139.000000 56.000000
0.7600 18.2600 30.1600 496.000000 0.000000 139.000000 56.000000
0.7700 18.3600 29.8500 465.000000 0.000000 140.000000 55.000000
0.7800 18.4500 29.5500 465.000000 0.000000 138.000000 55.000000
0.7900 18.5200 29.2700 440.000000 0.000000 138.000000 55.000000
0.8000 18.6200 28.9500 440.000000 0.000000 138.000000 55.000000
0.8100 18.6800 28.6300 428.000000 0.000000 138.000000 55.000000
0.8200 18.6800 28.4000 427.000000 0.000000 138.000000 55.000000
0.8300 18.7300 28.2400 427.000000 0.000000 138.000000 55.000000
0.8400 18.7300 28.0900 430.000000 0.000000 136.000000 56.000000
0.8500 18.6600 27.9800 440.000000 0.000000 136.000000 56.000000
0.8600 18.6600 27.9100 443.000000 0.000000 136.000000 56.000000
0.8700 18.4700 27.8000 473.000000 0.000000 136.000000 56.000000
0.8800 18.2000 27.7000 491.000000 0.000000 136.000000 56.000000
0.8900 17.9300 27.5900 501.000000 0.000000 135.000000 57.000000
0.9000 17.5100 27.4700 529.000000 0.000000 135.000000 57.000000
0.9100 16.9900 27.2900 540.000000 0.000000 135.000000 57.000000
0.9200 16.5700 27.1300 562.000000 0.000000 136.000000 57.000000
0.9300 16.1600 27.0000 561.000000 0.000000 135.000000 58.000000
0.9400 15.7900 27.0000 567.000000 0.000000 136.000000 58.000000
0.9500 15.4400 27.0500 566.000000 0.000000 138.000000 59.000000
0.9600 15.0900 27.2200 564.000000 0.000000 139.000000 60.000000
0.9700 14.7500 27.5100 560.000000 0.000000 141.000000 60.000000
0.9800 14.4700 27.8800 546.000000 0.000000 141.000000 61.000000
0.9900 14.2600 28.1000 491.000000 0.000000 141.000000 61.000000
1.0000 14.1200 28.2700 422.000000 0.000000 143.000000 62.000000
1.0100 14.0400 28.3400 267.000000 0.000000 143.000000 62.000000
1.0200 14.0400 28.3400 1.000000 1.000000 143.000000 62.000000
1.0300 14.0400 28.3400 0.000000 0.000000 143.000000 62.000000
1.0400 14.1900 28.1200 0.000000 0.000000 141.000000 61.000000
1.0500 14.5100 28.0200 0.000000 0.000000 141.000000 61.000000
1.0600 14.9700 27.8300 0.000000 0.000000 141.000000 61.000000
1.0700 15.6300 27.6300 0.000000 0.000000 140.000000 62.000000
1.0800 16.5600 27.4700 0.000000 0.000000 140.000000 62.000000
1.0900 17.6600 27.4700 0.000000 0.000000 138.000000 61.000000
1.1000 18.6700 27.6400 0.000000 0.000000 135.000000 62.000000
1.1100 19.5700 27.7800 0.000000 0.000000 132.000000 60.000000
1.1200 20.4000 27.9100 0.000000 0.000000 131.000000 60.000000
1.1300 20.8900 28.0000 0.000000 0.000000 129.000000 59.000000
1.1400 21.2000 28.0000 0.000000 0.000000 128.000000 58.000000
1.1500 21.3800 28.0000 0.000000 0.000000 127.000000 57.000000
1.1600 21.4800 28.0000 0.000000 0.000000 128.000000 57.000000
1.1700 21.5500 28.0800 0.000000 0.000000 127.000000 56.000000
1.1800 21.5500 28.2000 0.000000 0.000000 130.000000 56.000000
1.1900 21.6200 28.2600 0.000000 0.000000 130.000000 56.000000
1.2000 21.6200 28.3500 0.000000 0.000000 130.000000 56.000000
1.2100 21.7300 28.4500 0.000000 0.000000 131.000000 56.000000
1.2200 21.8100 28.5200 0.000000 0.000000 132.000000 57.000000
1.2300 21.9100 28.5800 0.000000 0.000000 132.000000 57.000000
1.2400 22.0200 28.5800 0.000000 0.000000 134.000000 56.000000
1.2500 22.0200 28.5800 0.000000 0.000000 135.000000 57.000000
1.2600 22.0200 28.5800 0.000000 0.000000 135.000000 57.000000
1.2700 22.0200 28.6300 0.000000 0.000000 136.000000 57.000000
1.2800 22.0900 28.6300 0.000000 0.000000 136.000000 57.000000
1.2900 22.0900 28.7300 0.000000 0.000000 138.000000 58.000000
1.3000 22.0900 28.7300 34.000000 1.000000 138.000000 58.000000
1.3100 22.0900 28.7300 93.000000 0.000000 139.000000 57.000000
1.3200 22.0900 28.7300 142.000000 0.000000 139.000000 57.000000
1.3300 22.0900 28.7300 181.000000 0.000000 139.000000 57.000000
1.3400 22.0900 28.7300 244.000000 0.000000 139.000000 57.000000
1.3500 22.0900 28.7300 284.000000 0.000000 139.000000 57.000000
1.3600 22.0900 28.7300 341.000000 0.000000 139.000000 57.000000
1.3700 22.0900 28.7300 366.000000 0.000000 139.000000 57.000000
1.3800 22.0900 28.7300 384.000000 0.000000 139.000000 57.000000
1.3900 21.8100 28.8800 404.000000 0.000000 139.000000 57.000000
1.4000 21.5000 28.8800 415.000000 0.000000 139.000000 57.000000
1.4100 21.1200 28.8800 467.000000 0.000000 139.000000 57.000000
1.4200 20.7800 28.8000 504.000000 0.000000 139.000000 57.000000
1.4300 20.4500 28.7200 527.000000 0.000000 139.000000 57.000000
1.4400 20.1200 28.6200 562.000000 0.000000 139.000000 57.000000
1.4500 19.8600 28.5100 570.000000 0.000000 138.000000 57.000000
1.4600 19.7500 28.4300 570.000000 0.000000 138.000000 57.000000
1.4700 19.7500 28.3500 570.000000 0.000000 138.000000 57.000000
1.4800 19.7500 28.2500 564.000000 0.000000 138.000000 57.000000
1.4900 19.8500 28.1400 564.000000 0.000000 138.000000 57.000000
1.5000 19.9800 28.0000 561.000000 0.000000 138.000000 57.000000
1.5100 20.2800 27.9200 562.000000 0.000000 138.000000 57.000000
1.5200 20.6800 27.8700 565.000000 0.000000 138.000000 57.000000
1.5300 21.0600 27.8700 567.000000 0.000000 138.000000 57.000000
1.5400 21.3700 27.9500 564.000000 0.000000 138.000000 57.000000
1.5500 21.6300 28.0500 564.000000 0.000000 138.000000 57.000000
1.5600 21.8100 28.1500 565.000000 0.000000 139.000000 57.000000
1.5700 21.8800 28.2100 564.000000 0.000000 139.000000 57.000000
1.5800 21.8800 28.2100 551.000000 0.000000 139.000000 57.000000
1.5900 21.8800 28.2100 537.000000 0.000000 139.000000 57.000000
1.6000 21.8800 28.2100 512.000000 0.000000 139.000000 57.000000
1.6100 21.9400 28.2100 512.000000 0.000000 139.000000 57.000000
1.6200 22.0400 28.1100 520.000000 0.000000 139.000000 57.000000
1.6300 22.1700 28.0300 522.000000 0.000000 140.000000 58.000000
1.6400 22.3400 27.9800 512.000000 0.000000 140.000000 58.000000
1.6500 22.5600 27.9100 516.000000 0.000000 140.000000 58.000000
1.6600 22.8300 27.9100 515.000000 0.000000 140.000000 58.000000
1.6700 23.1000 27.9100 516.000000 0.000000 140.000000 58.000000
1.6800 23.3100 27.9100 522.000000 0.000000 140.000000 58.000000
1.6900 23.4800 27.9100 491.000000 0.000000 140.000000 58.000000
1.7000 23.4800 27.9100 422.000000 0.000000 140.000000 58.000000
1.7100 23.5500 28.0000 285.000000 0.000000 140.000000 58.000000
1.7200 23.5500 28.0000 0.000000 1.000000 140.000000 58.000000
1.7300 23.5500 28.1100 0.000000 0.000000 139.000000 58.000000
1.7400 23.4900 28.2000 0.000000 0.000000 139.000000 58.000000
1.7500 23.4300 28.2000 0.000000 0.000000 139.000000 58.000000
1.7600 23.5800 28.2800 0.000000 0.000000 139.000000 58.000000
1.7700 23.7500 28.3600 0.000000 0.000000 139.000000 58.000000
1.7800 23.9500 28.4500 0.000000 0.000000 139.000000 58.000000
1.7900 24.1400 28.4500 0.000000 0.000000 138.000000 58.000000
1.8000 24.2600 28.4500 0.000000 0.000000 138.000000 58.000000
1.8100 24.3400 28.4500 0.000000 0.000000 136.000000 57.000000
1.8200 24.3900 28.5300 0.000000 0.000000 136.000000 57.000000
1.8300 24.3900 28.6000 0.000000 0.000000 136.000000 57.000000
1.8400 24.2600 28.6900 0.000000 0.000000 136.000000 57.000000
1.8500 24.1900 28.8100 0.000000 0.000000 135.000000 57.000000
1.8600 24.1200 28.9400 0.000000 0.000000 135.000000 57.000000
1.8700 24.0600 29.0500 0.000000 0.000000 135.000000 57.000000
1.8800 24.0100 29.1700 0.000000 0.000000 135.000000 57.000000
1.8900 23.9600 29.2500 0.000000 0.000000 136.000000 57.000000
1.9000 23.8700 29.2500 0.000000 0.000000 136.000000 57.000000
1.9100 23.7400 29.2500 0.000000 0.000000 136.000000 57.000000
1.9200 23.7400 29.3000 0.000000 0.000000 139.000000 57.000000
1.9300 23.7400 29.3000 0.000000 0.000000 139.000000 57.000000
1.9400 23.7400 29.3500 0.000000 0.000000 139.000000 57.000000
1.9500 23.7400 29.4100 0.000000 0.000000 139.000000 57.000000
1.9600 23.7400 29.4100 0.000000 0.000000 140.000000 58.000000
1.9700 23.7400 29.4800 0.000000 0.000000 140.000000 58.000000
1.9800 23.6900 29.4800 0.000000 0.000000 142.000000 57.000000
1.9900 23.6400 29.4800 0.000000 0.000000 142.000000 57.000000
2.0000 23.6400 29.4800 0.000000 0.000000 142.000000 57.000000
2.0100 23.6400 29.4800 0.000000 0.000000 142.000000 57.000000
2.0200 23.6400 29.4300 0.000000 0.000000 142.000000 57.000000
2.0300 23.6400 29.4300 0.000000 0.000000 143.000000 56.000000
2.0400 23.7300 29.4300 0.000000 0.000000 141.000000 56.000000
2.0500 23.7300 29.4300 0.000000 0.000000 141.000000 56.000000
2.0600 23.7300 29.4300 0.000000 0.000000 141.000000 56.000000
2.0700 23.7300 29.4300 0.000000 0.000000 141.000000 56.000000
2.0800 23.7300 29.4300 0.000000 0.000000 141.000000 56.000000
2.0900 23.7300 29.4300 58.000000 1.000000 141.000000 56.000000
2.1000 23.7300 29.4300 88.000000 0.000000 141.000000 56.000000
2.1100 23.7300 29.4300 117.000000 0.000000 141.000000 56.000000
2.1200 23.7300 29.4300 163.000000 0.000000 141.000000 56.000000
2.1300 23.7300 29.4300 203.000000 0.000000 141.000000 56.000000
2.1400 23.5900 29.7200 242.000000 0.000000 141.000000 56.000000
2.1500 23.5900 29.8100 262.000000 0.000000 141.000000 56.000000
2.1600 23.5900 29.8800 281.000000 0.000000 141.000000 56.000000
2.1700 23.5900 29.9300 309.000000 0.000000 141.000000 56.000000
2.1800 23.5900 29.9900 309.000000 0.000000 141.000000 56.000000
2.1900 23.5900 29.9900 339.000000 0.000000 141.000000 56.000000
2.2000 23.5900 29.9900 339.000000 0.000000 141.000000 56.000000
2.2100 23.5900 29.9900 343.000000 0.000000 141.000000 56.000000
2.2200 23.5900 29.9100 348.000000 0.000000 141.000000 56.000000
2.2300 23.5900 29.6900 351.000000 0.000000 141.000000 56.000000
2.2400 23.6900 29.3800 354.000000 0.000000 141.000000 56.000000
2.2500 23.7800 29.0300 354.000000 0.000000 141.000000 56.000000
2.2600 23.9400 28.6800 361.000000 0.000000 141.000000 56.000000
2.2700 24.1600 28.3300 366.000000 0.000000 142.000000 57.000000
2.2800 24.3800 27.9700 388.000000 0.000000 142.000000 57.000000
2.2900 24.6200 27.6200 414.000000 0.000000 142.000000 57.000000
2.3000 24.8200 27.4500 448.000000 0.000000 140.000000 58.000000
2.3100 24.9900 27.4000 472.000000 0.000000 140.000000 58.000000
2.3200 25.0900 27.4800 509.000000 0.000000 139.000000 58.000000
2.3300 25.0900 27.4800 561.000000 0.000000 141.000000 59.000000
2.3400 25.0900 27.4800 578.000000 0.000000 141.000000 59.000000
2.3500 25.2600 27.8700 592.000000 0.000000 141.000000 59.000000
2.3600 25.3300 28.1700 589.000000 0.000000 141.000000 59.000000
2.3700 25.3900 28.5400 592.000000 0.000000 141.000000 59.000000
2.3800 25.3900 28.8000 599.000000 0.000000 141.000000 59.000000
2.3900 25.4600 29.0000 603.000000 0.000000 141.000000 59.000000
2.4000 25.4600 29.0800 602.000000 0.000000 141.000000 59.000000
2.4100 25.4600 29.0800 588.000000 0.000000 141.000000 59.000000
2.4200 25.4600 29.1400 570.000000 0.000000 141.000000 59.000000
2.4300 25.4100 29.1400 491.000000 0.000000 142.000000 58.000000
2.4400 25.4100 29.1400 341.000000 0.000000 142.000000 58.000000
2.4500 25.4100 29.1900 180.000000 0.000000 142.000000 58.000000
2.4600 25.4100 29.1900 0.000000 1.000000 142.000000 58.000000
2.4700 25.6300 29.1400 0.000000 0.000000 142.000000 58.000000
2.4800 25.7300 29.0400 0.000000 0.000000 142.000000 58.000000
2.4900 25.7300 28.8700 0.000000 0.000000 142.000000 58.000000
2.5000 25.7300 28.6800 0.000000 0.000000 142.000000 58.000000
2.5100 25.6500 28.5100 0.000000 0.000000 141.000000 59.000000
2.5200 25.6000 28.3600 0.000000 0.000000 141.000000 59.000000
2.5300 25.6000 28.2200 0.000000 0.000000 141.000000 59.000000
2.5400 25.5200 28.0900 0.000000 0.000000 141.000000 59.000000
2.5500 25.5200 28.0100 0.000000 0.000000 141.000000 59.000000
2.5600 25.5200 28.0100 0.000000 0.000000 141.000000 59.000000
2.5700 25.5200 28.0100 68.000000 1.000000 141.000000 59.000000
2.5800 25.5200 28.0100 134.000000 0.000000 141.000000 59.000000
2.5900 25.5200 28.0100 198.000000 0.000000 141.000000 59.000000
2.6000 25.5200 28.0100 225.000000 0.000000 141.000000 59.000000
2.6100 25.5200 28.0100 233.000000 0.000000 141.000000 59.000000
2.6200 25.5200 28.0100 228.000000 0.000000 141.000000 59.000000
2.6300 25.5200 28.0100 220.000000 0.000000 141.000000 59.000000
2.6400 25.5200 28.0100 143.000000 0.000000 141.000000 59.000000
2.6500 25.5200 28.0100 37.000000 0.000000 141.000000 59.000000
2.6600 25.5200 28.0100 0.000000 1.000000 141.000000 59.000000
2.6700 25.8200 27.9500 0.000000 0.000000 142.000000 59.000000
2.6800 25.7700 27.8300 0.000000 0.000000 142.000000 59.000000
2.6900 25.7100 27.7100 0.000000 0.000000 141.000000 60.000000
2.7000 25.6500 27.5800 0.000000 0.000000 141.000000 60.000000
2.7100 25.6500 27.4700 0.000000 0.000000 141.000000 60.000000
2.7200 25.6500 27.3600 0.000000 0.000000 141.000000 60.000000
2.7300 25.6500 27.2200 0.000000 0.000000 141.000000 60.000000
2.7400 25.7200 27.2200 0.000000 0.000000 141.000000 60.000000
2.7500 25.7900 27.2800 0.000000 0.000000 141.000000 60.000000
2.7600 25.8600 27.2800 0.000000 0.000000 141.000000 60.000000
2.7700 25.8600 27.2800 0.000000 0.000000 141.000000 60.000000
2.7800 25.8600 27.2800 0.000000 0.000000 141.000000 60.000000
2.7900 25.8600 27.2800 0.000000 0.000000 141.000000 60.000000
2.8000 25.8600 27.2800 0.000000 0.000000 141.000000 60.000000
2.8100 25.8600 27.2800 0.000000 0.000000 142.000000 61.000000
2.8200 25.9300 27.3700 0.000000 0.000000 141.000000 61.000000
2.8300 25.9800 27.4200 0.000000 0.000000 141.000000 61.000000
2.8400 25.9800 27.4200 0.000000 0.000000 141.000000 61.000000
2.8500 25.9800 27.4200 0.000000 0.000000 141.000000 61.000000
2.8600 25.9800 27.4200 0.000000 0.000000 139.000000 61.000000
2.8700 25.9800 27.4200 0.000000 0.000000 139.000000 61.000000
2.8800 25.9800 27.4200 0.000000 0.000000 139.000000 61.000000
2.8900 25.9800 27.4200 0.000000 0.000000 139.000000 61.000000
2.9000 25.9800 27.4200 0.000000 0.000000 139.000000 61.000000
2.9100 25.9800 27.4200 0.000000 0.000000 139.000000 61.000000
2.9200 25.9800 27.4200 0.000000 0.000000 139.000000 61.000000
2.9300 25.9800 27.4200 0.000000 0.000000 141.000000 60.000000
2.9400 25.9800 27.4700 0.000000 0.000000 141.000000 60.000000
2.9500 25.9800 27.4700 0.000000 0.000000 141.000000 60.000000
2.9600 25.9800 27.4700 0.000000 0.000000 141.000000 60.000000
2.9700 25.9800 27.5200 0.000000 0.000000 141.000000 60.000000
2.9800 25.9300 27.5200 0.000000 0.000000 141.000000 60.000000
2.9900 25.8800 27.5200 0.000000 0.000000 141.000000 60.000000
3.0000 25.8800 27.5200 0.000000 0.000000 141.000000 60.000000
3.0100 25.8800 27.5200 0.000000 0.000000 141.000000 60.000000
3.0200 25.8800 27.5200 0.000000 0.000000 141.000000 60.000000
3.0300 25.8800 27.5200 0.000000 0.000000 141.000000 60.000000
3.0400 25.8800 27.5200 0.000000 0.000000 141.000000 60.000000
3.0500 25.8800 27.5200 0.000000 0.000000 141.000000 60.000000
3.0600 25.8800 27.5200 0.000000 0.000000 141.000000 60.000000
3.0700 25.8800 27.5200 0.000000 0.000000 139.000000 61.000000
3.0800 25.8800 27.5200 0.000000 0.000000 139.000000 61.000000
3.0900 25.8800 27.5200 0.000000 0.000000 139.000000 61.000000
3.1000 25.8800 27.5200 0.000000 0.000000 139.000000 61.000000
3.1100 25.8800 27.5200 0.000000 0.000000 139.000000 61.000000
3.1200 25.8800 27.5200 0.000000 0.000000 139.000000 61.000000
3.1300 26.1500 27.5700 0.000000 0.000000 139.000000 61.000000
3.1400 26.2400 27.5700 0.000000 0.000000 139.000000 61.000000
3.1500 26.2400 27.4800 0.000000 0.000000 139.000000 61.000000
3.1600 26.2400 27.4300 0.000000 0.000000 139.000000 61.000000
3.1700 26.2400 27.4300 0.000000 0.000000 139.000000 61.000000
3.1800 26.2400 27.5000 0.000000 0.000000 139.000000 61.000000
3.1900 26.2400 27.5600 0.000000 0.000000 139.000000 61.000000
3.2000 26.2400 27.6400 0.000000 0.000000 139.000000 61.000000
3.2100 26.2400 27.7100 0.000000 0.000000 139.000000 61.000000
3.2200 26.2400 27.7600 0.000000 0.000000 139.000000 61.000000
3.2300 26.1800 27.8800 0.000000 0.000000 139.000000 61.000000
3.2400 26.1300 28.0400 0.000000 0.000000 139.000000 61.000000
3.2500 26.0400 28.1200 0.000000 0.000000 139.000000 61.000000
3.2600 25.9200 28.1900 0.000000 0.000000 139.000000 61.000000
3.2700 25.9200 28.1900 0.000000 0.000000 139.000000 61.000000
3.2800 25.9200 28.1900 51.000000 1.000000 141.000000 60.000000
3.2900 25.9200 28.1900 191.000000 0.000000 141.000000 60.000000
3.3000 25.9200 28.1900 324.000000 0.000000 141.000000 60.000000
3.3100 25.9200 28.1900 415.000000 0.000000 142.000000 59.000000
3.3200 26.2200 28.4700 456.000000 0.000000 142.000000 59.000000
3.3300 26.2200 28.4700 473.000000 0.000000 142.000000 59.000000
3.3400 26.3300 28.4700 465.000000 0.000000 142.000000 59.000000
3.3500 26.4200 28.5700 391.000000 0.000000 142.000000 59.000000
3.3600 26.5100 28.5700 200.000000 0.000000 142.000000 59.000000
3.3700 26.5100 28.5700 0.000000 1.000000 143.000000 59.000000
3.3800 26.7400 28.6700 0.000000 0.000000 143.000000 59.000000
3.3900 26.7400 28.6700 0.000000 0.000000 142.000000 59.000000
3.4000 27.0600 28.6700 0.000000 0.000000 142.000000 59.000000
3.4100 27.2800 28.7200 0.000000 0.000000 141.000000 59.000000
3.4200 27.5100 28.7200 0.000000 0.000000 141.000000 59.000000
3.4300 27.6400 28.8000 0.000000 0.000000 141.000000 59.000000
3.4400 27.7200 28.8500 0.000000 0.000000 141.000000 59.000000
3.4500 27.7700 28.9700 0.000000 0.000000 141.000000 59.000000
3.4600 27.7700 29.1300 0.000000 0.000000 141.000000 59.000000
3.4700 27.8300 29.4600 0.000000 0.000000 141.000000 59.000000
3.4800 27.8300 29.9200 0.000000 0.000000 141.000000 59.000000
3.4900 27.8300 30.4600 0.000000 0.000000 141.000000 59.000000
3.5000 27.8300 31.0700 0.000000 0.000000 142.000000 59.000000
3.5100 27.8300 31.6600 0.000000 0.000000 143.000000 59.000000
3.5200 27.8300 32.0200 0.000000 0.000000 143.000000 59.000000
3.5300 27.8300 32.0200 44.000000 1.000000 144.000000 58.000000
3.5400 27.7600 32.4300 98.000000 0.000000 143.000000 57.000000
3.5500 27.7600 32.5800 163.000000 0.000000 144.000000 57.000000
3.5600 27.7600 32.6900 254.000000 0.000000 144.000000 57.000000
3.5700 27.7600 32.7900 274.000000 0.000000 143.000000 56.000000
3.5800 27.7600 32.7900 304.000000 0.000000 143.000000 56.000000
3.5900 27.7600 32.7200 310.000000 0.000000 143.000000 56.000000
3.6000 27.7600 32.7200 314.000000 0.000000 141.000000 56.000000
3.6100 27.9200 32.3500 312.000000 0.000000 141.000000 56.000000
3.6200 28.0800 31.9700 315.000000 0.000000 141.000000 56.000000
3.6300 28.2500 31.5000 319.000000 0.000000 143.000000 56.000000
3.6400 28.5600 30.9100 307.000000 0.000000 143.000000 56.000000
3.6500 28.9700 30.3300 292.000000 0.000000 143.000000 56.000000
3.6600 29.2200 29.7700 273.000000 0.000000 143.000000 56.000000
3.6700 29.4000 29.3100 260.000000 0.000000 142.000000 57.000000
3.6800 29.5200 29.0000 246.000000 0.000000 142.000000 57.000000
3.6900 29.5200 28.7800 244.000000 0.000000 142.000000 57.000000
3.7000 29.5200 28.7200 244.000000 0.000000 140.000000 58.000000
3.7100 29.5200 28.6500 242.000000 0.000000 140.000000 58.000000
3.7200 29.5200 28.6500 251.000000 0.000000 140.000000 58.000000
3.7300 29.4300 28.6500 257.000000 0.000000 140.000000 58.000000
3.7400 29.3400 28.6500 287.000000 0.000000 140.000000 58.000000
3.7500 29.1900 28.6000 341.000000 0.000000 140.000000 58.000000
3.7600 29.0500 28.5500 377.000000 0.000000 142.000000 58.000000
3.7700 28.8900 28.4800 422.000000 0.000000 142.000000 58.000000
3.7800 28.6600 28.4100 455.000000 0.000000 142.000000 58.000000
3.7900 28.3900 28.3200 455.000000 0.000000 142.000000 58.000000
3.8000 28.0900 28.2500 438.000000 0.000000 142.000000 58.000000
3.8100 27.7900 28.2500 414.000000 0.000000 142.000000 58.000000
3.8200 27.5000 28.2500 404.000000 0.000000 140.000000 58.000000
3.8300 27.5000 28.2500 398.000000 0.000000 140.000000 58.000000
3.8400 27.5500 28.2500 398.000000 0.000000 140.000000 58.000000
3.8500 27.5500 28.2500 388.000000 0.000000 140.000000 58.000000
3.8600 27.6200 28.2500 391.000000 0.000000 140.000000 58.000000
3.8700 27.7100 28.1500 407.000000 0.000000 140.000000 58.000000
3.8800 27.9900 28.0200 412.000000 0.000000 140.000000 58.000000
3.8900 28.3800 27.9300 397.000000 0.000000 140.000000 58.000000
3.9000 28.7700 27.9300 354.000000 0.000000 140.000000 58.000000
3.9100 29.0600 27.9300 180.000000 0.000000 140.000000 58.000000
3.9200 29.0600 27.9300 0.000000 1.000000 140.000000 58.000000
3.9300 29.4600 28.5100 0.000000 0.000000 141.000000 59.000000
3.9400 29.5300 28.8400 0.000000 0.000000 141.000000 59.000000
3.9500 29.5300 29.2100 0.000000 0.000000 141.000000 59.000000
3.9600 29.4300 29.3700 0.000000 0.000000 141.000000 59.000000
3.9700 29.3700 29.3700 0.000000 0.000000 141.000000 59.000000
3.9800 29.5700 29.1200 0.000000 0.000000 141.000000 59.000000
3.9900 29.9100 28.6800 0.000000 0.000000 139.000000 60.000000
4.0000 30.3000 28.1400 0.000000 0.000000 139.000000 60.000000
4.0100 30.5900 27.8400 0.000000 0.000000 139.000000 60.000000
4.0200 30.8200 27.5100 0.000000 0.000000 139.000000 60.000000
4.0300 30.9200 27.3700 0.000000 0.000000 139.000000 58.000000
4.0400 30.9900 27.3700 0.000000 0.000000 140.000000 58.000000
4.0500 31.0400 27.4300 0.000000 0.000000 142.000000 57.000000
4.0600 31.5500 27.6500 0.000000 0.000000 141.000000 56.000000
4.0700 32.1600 27.9900 0.000000 0.000000 143.000000 55.000000
4.0800 32.8300 28.3900 0.000000 0.000000 143.000000 55.000000
4.0900 33.2800 28.7800 0.000000 0.000000 144.000000 56.000000
4.1000 33.6300 29.0500 0.000000 0.000000 144.000000 56.000000
4.1100 33.9000 29.2500 0.000000 0.000000 144.000000 56.000000
4.1200 33.6000 29.4000 0.000000 0.000000 144.000000 57.000000
4.1300 33.4600 29.5200 0.000000 0.000000 144.000000 58.000000
4.1400 33.4600 29.6000 0.000000 0.000000 145.000000 59.000000
4.1500 33.3800 29.6500 0.000000 0.000000 145.000000 59.000000
4.1600 33.3800 29.6500 0.000000 0.000000 145.000000 59.000000
4.1700 33.3800 29.7500 0.000000 0.000000 145.000000 59.000000
4.1800 33.3800 29.8200 0.000000 0.000000 146.000000 58.000000
4.1900 33.4500 29.9300 0.000000 0.000000 146.000000 58.000000
4.2000 33.4500 30.0700 0.000000 0.000000 146.000000 58.000000
4.2100 33.3800 30.2000 0.000000 0.000000 147.000000 58.000000
4.2200 33.3800 30.3200 0.000000 0.000000 146.000000 57.000000
4.2300 33.3800 30.4400 0.000000 0.000000 146.000000 57.000000
4.2400 33.3000 30.4400 0.000000 0.000000 146.000000 57.000000
4.2500 33.2200 30.5200 0.000000 0.000000 146.000000 57.000000
4.2600 33.1300 30.5200 0.000000 0.000000 146.000000 57.000000
4.2700 33.0000 30.5200 0.000000 0.000000 146.000000 57.000000
4.2800 32.8300 30.5200 0.000000 0.000000 146.000000 57.000000
4.2900 32.6600 30.4500 0.000000 0.000000 146.000000 57.000000
4.3000 32.5100 30.3900 0.000000 0.000000 147.000000 56.000000
4.3100 32.3900 30.3200 0.000000 0.000000 147.000000 56.000000
4.3200 32.2700 30.2200 0.000000 0.000000 147.000000 56.000000
4.3300 32.1400 30.1200 0.000000 0.000000 147.000000 56.000000
4.3400 32.0200 30.0200 0.000000 0.000000 147.000000 56.000000
4.3500 31.9600 29.9600 0.000000 0.000000 147.000000 56.000000
4.3600 31.8800 29.9600 0.000000 0.000000 147.000000 56.000000
4.3700 31.6900 29.8700 0.000000 0.000000 146.000000 57.000000
4.3800 31.4400 29.6500 0.000000 0.000000 146.000000 57.000000
4.3900 31.0400 29.3300 0.000000 0.000000 146.000000 57.000000
4.4000 30.6900 28.9600 0.000000 0.000000 146.000000 57.000000
4.4100 30.3600 28.5300 0.000000 0.000000 144.000000 58.000000
4.4200 30.2300 28.3500 0.000000 0.000000 144.000000 58.000000
4.4300 30.2300 28.3500 0.000000 0.000000 144.000000 58.000000
4.4400 30.3000 28.3500 0.000000 0.000000 143.000000 59.000000
4.4500 30.3900 28.3500 0.000000 0.000000 143.000000 59.000000
4.4600 30.4600 28.3500 0.000000 0.000000 142.000000 59.000000
4.4700 30.5100 28.4200 0.000000 0.000000 142.000000 59.000000
4.4800 30.5100 28.4200 0.000000 0.000000 142.000000 59.000000
4.4900 30.5100 28.4200 256.000000 1.000000 142.000000 59.000000
4.5000 30.5100 28.4200 306.000000 0.000000 141.000000 59.000000
4.5100 30.5100 28.4200 387.000000 0.000000 142.000000 59.000000
4.5200 30.2500 28.4200 447.000000 0.000000 142.000000 59.000000
4.5300 30.2500 28.4700 468.000000 0.000000 142.000000 59.000000
4.5400 30.3400 28.4700 465.000000 0.000000 142.000000 59.000000
4.5500 30.4400 28.5800 443.000000 0.000000 142.000000 59.000000
4.5600 30.7200 28.6800 376.000000 0.000000 142.000000 59.000000
4.5700 31.1100 28.7500 254.000000 0.000000 143.000000 59.000000
4.5800 31.4300 28.8100 76.000000 0.000000 143.000000 59.000000
4.5900 31.4300 28.8100 0.000000 1.000000 143.000000 59.000000
4.6000 32.1500 28.9600 0.000000 0.000000 143.000000 59.000000
4.6100 32.5200 29.1000 0.000000 0.000000 145.000000 59.000000
4.6200 32.8600 29.3100 0.000000 0.000000 145.000000 59.000000
4.6300 33.2000 29.6600 0.000000 0.000000 145.000000 59.000000
4.6400 33.5100 30.1000 0.000000 0.000000 145.000000 59.000000
4.6500 33.7400 30.5700 0.000000 0.000000 145.000000 59.000000
4.6600 33.7400 30.5700 81.000000 1.000000 146.000000 58.000000
4.6700 33.9100 31.3300 139.000000 0.000000 146.000000 58.000000
4.6800 33.9100 31.5800 233.000000 0.000000 146.000000 58.000000
4.6900 33.7300 31.7700 257.000000 0.000000 147.000000 58.000000
4.7000 33.3300 31.9200 301.000000 0.000000 147.000000 58.000000
4.7100 32.7300 32.0200 335.000000 0.000000 147.000000 58.000000
4.7200 31.9900 32.0200 361.000000 0.000000 148.000000 57.000000
4.7300 31.3300 32.0200 398.000000 0.000000 148.000000 57.000000
4.7400 30.8400 31.9600 409.000000 0.000000 148.000000 57.000000
4.7500 30.4700 31.8500 417.000000 0.000000 148.000000 57.000000
4.7600 30.3700 31.7100 413.000000 0.000000 148.000000 57.000000
4.7700 30.2700 31.5400 409.000000 0.000000 148.000000 57.000000
4.7800 30.4000 31.3100 397.000000 0.000000 148.000000 57.000000
4.7900 30.6700 31.0100 369.000000 0.000000 148.000000 57.000000
4.8000 31.1700 30.6500 309.000000 0.000000 147.000000 56.000000
4.8100 31.7800 30.2500 277.000000 0.000000 147.000000 56.000000
4.8200 32.4700 29.8300 251.000000 0.000000 147.000000 56.000000
4.8300 33.0500 29.4100 218.000000 0.000000 147.000000 58.000000
4.8400 33.4300 29.1100 207.000000 0.000000 147.000000 58.000000
4.8500 33.6800 28.8800 218.000000 0.000000 147.000000 58.000000
4.8600 33.6800 28.6900 213.000000 0.000000 147.000000 59.000000
4.8700 33.5600 28.5600 196.000000 0.000000 147.000000 59.000000
4.8800 33.3800 28.4600 182.000000 0.000000 147.000000 59.000000
4.8900 33.0800 28.3500 170.000000 0.000000 147.000000 59.000000
4.9000 32.8100 28.2400 180.000000 0.000000 146.000000 60.000000
4.9100 32.6000 28.1700 196.000000 0.000000 146.000000 60.000000
4.9200 32.4300 28.1200 214.000000 0.000000 146.000000 60.000000
4.9300 32.2000 28.1200 254.000000 0.000000 146.000000 60.000000
4.9400 31.9300 28.1200 286.000000 0.000000 146.000000 60.000000
4.9500 31.6000 28.1200 319.000000 0.000000 146.000000 60.000000
4.9600 31.1700 28.1800 335.000000 0.000000 146.000000 60.000000
4.9700 30.6700 28.2600 339.000000 0.000000 145.000000 59.000000
4.9800 30.0500 28.3600 339.000000 0.000000 145.000000 59.000000
4.9900 29.4400 28.4200 371.000000 0.000000 145.000000 59.000000
5.0000 29.0300 28.4800 376.000000 0.000000 145.000000 59.000000
5.0100 28.7500 28.4800 415.000000 0.000000 143.000000 59.000000
5.0200 28.4000 28.5600 418.000000 0.000000 143.000000 59.000000
5.0300 28.0800 28.6100 420.000000 0.000000 143.000000 59.000000
5.0400 27.6600 28.6100 415.000000 0.000000 142.000000 58.000000
5.0500 27.1700 28.5500 412.000000 0.000000 142.000000 58.000000
5.0600 26.6300 28.5500 417.000000 0.000000 142.000000 58.000000
5.0700 26.1300 28.4600 407.000000 0.000000 142.000000 58.000000
5.0800 25.7100 28.3900 381.000000 0.000000 142.000000 58.000000
5.0900 25.3500 28.3900 386.000000 0.000000 143.000000 59.000000
5.1000 25.0000 28.3900 398.000000 0.000000 143.000000 59.000000
5.1100 24.6900 28.3900 412.000000 0.000000 143.000000 59.000000
5.1200 24.4400 28.3900 417.000000 0.000000 143.000000 59.000000
5.1300 24.2300 28.3900 415.000000 0.000000 145.000000 59.000000
5.1400 24.0100 28.3900 422.000000 0.000000 145.000000 59.000000
5.1500 23.7800 28.3900 422.000000 0.000000 145.000000 59.000000
5.1600 23.7800 28.3900 410.000000 0.000000 145.000000 59.000000
5.1700 23.8500 28.3900 415.000000 0.000000 145.000000 59.000000
5.1800 24.3200 28.3900 414.000000 0.000000 145.000000 59.000000
5.1900 25.0600 28.3900 423.000000 0.000000 146.000000 58.000000
5.2000 26.2400 28.3100 433.000000 0.000000 146.000000 58.000000
5.2100 27.5600 28.2000 423.000000 0.000000 146.000000 58.000000
5.2200 28.9700 28.0700 425.000000 0.000000 145.000000 59.000000
5.2300 30.2600 27.9200 423.000000 0.000000 145.000000 59.000000
5.2400 31.3200 27.6900 422.000000 0.000000 146.000000 60.000000
5.2500 32.2200 27.4100 420.000000 0.000000 146.000000 60.000000
5.2600 32.6800 27.1400 420.000000 0.000000 145.000000 60.000000
5.2700 32.8000 26.9400 423.000000 0.000000 145.000000 60.000000
5.2800 32.6900 26.7900 431.000000 0.000000 145.000000 60.000000
5.2900 32.3500 26.5800 460.000000 0.000000 144.000000 61.000000
5.3000 31.7400 26.3700 465.000000 0.000000 144.000000 61.000000
5.3100 30.9400 26.2700 515.000000 0.000000 143.000000 62.000000
5.3200 30.0500 26.2700 557.000000 0.000000 143.000000 62.000000
5.3300 29.0600 26.2700 580.000000 0.000000 141.000000 63.000000
5.3400 27.9900 26.3800 578.000000 0.000000 141.000000 63.000000
5.3500 26.6300 26.6100 599.000000 0.000000 140.000000 62.000000
5.3600 25.1700 26.8600 594.000000 0.000000 140.000000 62.000000
5.3700 23.6300 27.1200 589.000000 0.000000 140.000000 62.000000
5.3800 22.2500 27.4000 565.000000 0.000000 140.000000 62.000000
5.3900 20.8800 27.5600 561.000000 0.000000 140.000000 62.000000
5.4000 19.9500 27.7100 564.000000 0.000000 141.000000 61.000000
5.4100 19.3200 27.8100 554.000000 0.000000 141.000000 61.000000
5.4200 19.1600 27.8100 545.000000 0.000000 142.000000 61.000000
5.4300 19.1600 27.8100 546.000000 0.000000 142.000000 61.000000
5.4400 19.3400 27.7600 542.000000 0.000000 141.000000 60.000000
5.4500 19.8200 27.7600 542.000000 0.000000 142.000000 59.000000
5.4600 20.7800 27.6900 543.000000 0.000000 142.000000 59.000000
5.4700 22.0500 27.6300 536.000000 0.000000 142.000000 59.000000
5.4800 23.6700 27.5200 536.000000 0.000000 142.000000 59.000000
5.4900 25.4200 27.4000 521.000000 0.000000 142.000000 59.000000
5.5000 27.2600 27.2900 515.000000 0.000000 144.000000 60.000000
5.5100 28.4000 27.2100 505.000000 0.000000 142.000000 61.000000
5.5200 29.1300 27.2100 502.000000 0.000000 142.000000 61.000000
5.5300 29.5900 27.1500 499.000000 0.000000 142.000000 61.000000
5.5400 29.8100 27.0600 494.000000 0.000000 141.000000 61.000000
5.5500 29.9000 27.0000 489.000000 0.000000 141.000000 61.000000
5.5600 29.9000 27.0000 491.000000 0.000000 141.000000 61.000000
5.5700 29.9000 27.0000 501.000000 0.000000 141.000000 61.000000
5.5800 29.7300 27.0000 502.000000 0.000000 139.000000 61.000000
5.5900 29.5500 27.0000 510.000000 0.000000 139.000000 61.000000
5.6000 29.1800 26.8400 527.000000 0.000000 139.000000 61.000000
5.6100 28.6600 26.6200 530.000000 0.000000 139.000000 61.000000
5.6200 28.0500 26.4100 533.000000 0.000000 139.000000 61.000000
5.6300 27.3900 26.2000 543.000000 0.000000 138.000000 61.000000
5.6400 26.7500 25.9800 564.000000 0.000000 138.000000 61.000000
5.6500 26.1100 25.7600 565.000000 0.000000 138.000000 61.000000
5.6600 25.5200 25.6100 561.000000 0.000000 137.000000 62.000000
5.6700 24.8300 25.4900 591.000000 0.000000 138.000000 63.000000
5.6800 24.0600 25.4300 594.000000 0.000000 137.000000 63.000000
5.6900 23.1300 25.3700 620.000000 0.000000 137.000000 63.000000
5.7000 21.9500 25.3700 628.000000 0.000000 137.000000 63.000000
5.7100 20.5900 25.3700 644.000000 0.000000 138.000000 64.000000
5.7200 19.2600 25.3700 662.000000 0.000000 138.000000 64.000000
5.7300 18.3200 25.5100 661.000000 0.000000 138.000000 64.000000
5.7400 17.6400 25.7000 661.000000 0.000000 138.000000 64.000000
5.7500 17.0300 25.9600 653.000000 0.000000 137.000000 63.000000
5.7600 16.3900 26.5000 658.000000 0.000000 137.000000 63.000000
5.7700 15.7200 27.2200 650.000000 0.000000 140.000000 63.000000
5.7800 15.1100 28.0700 636.000000 0.000000 140.000000 63.000000
5.7900 14.5500 28.9100 628.000000 0.000000 143.000000 63.000000
5.8000 14.0100 29.7200 610.000000 0.000000 143.000000 63.000000
5.8100 13.4600 30.3700 613.000000 0.000000 144.000000 62.000000
5.8200 13.0500 30.9100 611.000000 0.000000 146.000000 62.000000
5.8300 12.7800 31.0600 614.000000 0.000000 146.000000 62.000000
5.8400 12.6100 31.1600 619.000000 0.000000 147.000000 61.000000
5.8500 12.4900 31.1600 617.000000 0.000000 147.000000 61.000000
5.8600 12.3000 31.2700 627.000000 0.000000 145.000000 60.000000
5.8700 12.0800 31.4200 631.000000 0.000000 145.000000 59.000000
5.8800 11.8600 31.5500 630.000000 0.000000 143.000000 59.000000
5.8900 11.8600 31.7200 638.000000 0.000000 142.000000 58.000000
5.9000 12.0600 31.9200 644.000000 0.000000 142.000000 58.000000
5.9100 12.4800 32.2900 666.000000 0.000000 142.000000 58.000000
5.9200 13.4500 32.7200 710.000000 0.000000 143.000000 57.000000
5.9300 15.0600 33.2000 740.000000 0.000000 143.000000 57.000000
5.9400 17.1000 33.5300 767.000000 0.000000 143.000000 57.000000
5.9500 19.5700 33.7200 768.000000 0.000000 144.000000 58.000000
5.9600 22.2200 33.8300 762.000000 0.000000 146.000000 58.000000
5.9700 24.9800 33.7100 740.000000 0.000000 147.000000 59.000000
5.9800 27.3200 33.5800 733.000000 0.000000 150.000000 58.000000
5.9900 29.0400 33.5000 702.000000 0.000000 150.000000 58.000000
6.0000 30.3500 33.5000 637.000000 0.000000 152.000000 59.000000
6.0100 31.4400 33.3700 516.000000 0.000000 153.000000 58.000000
6.0200 32.3100 33.2400 325.000000 0.000000 154.000000 58.000000
6.0300 33.0300 33.0700 73.000000 0.000000 154.000000 58.000000
