0.0000 48.2300 47.2900 134.000000 1.000000 147.000000 55.000000
0.0100 47.4300 47.1100 186.000000 0.000000 146.000000 54.000000
0.0200 46.9000 47.1100 312.000000 0.000000 146.000000 54.000000
0.0300 46.5000 47.1100 430.000000 0.000000 145.000000 54.000000
0.0400 46.1600 47.2100 515.000000 0.000000 145.000000 54.000000
0.0500 46.4300 47.3800 594.000000 0.000000 145.000000 54.000000
0.0600 47.0800 47.8100 690.000000 0.000000 143.000000 53.000000
0.0700 48.4700 48.5000 749.000000 0.000000 143.000000 53.000000
0.0800 50.4100 49.3600 768.000000 0.000000 143.000000 53.000000
0.0900 52.7100 50.1200 796.000000 0.000000 143.000000 53.000000
0.1000 55.1900 50.6800 800.000000 0.000000 145.000000 53.000000
0.1100 57.7200 51.1000 797.000000 0.000000 146.000000 53.000000
0.1200 59.7700 51.3400 797.000000 0.000000 148.000000 53.000000
0.1300 61.4800 51.2600 785.000000 0.000000 150.000000 52.000000
0.1400 62.4000 50.9600 755.000000 0.000000 150.000000 52.000000
0.1500 62.6300 50.5300 754.000000 0.000000 152.000000 53.000000
0.1600 62.4000 49.8000 746.000000 0.000000 154.000000 52.000000
0.1700 61.4000 48.8700 748.000000 0.000000 154.000000 52.000000
0.1800 59.7000 47.6400 746.000000 0.000000 153.000000 53.000000
0.1900 57.5400 46.4200 722.000000 0.000000 153.000000 53.000000
0.2000 54.5000 45.2100 725.000000 0.000000 151.000000 53.000000
0.2100 51.3600 43.8700 722.000000 0.000000 151.000000 53.000000
0.2200 48.1500 42.7800 736.000000 0.000000 148.000000 54.000000
0.2300 45.7200 41.8600 750.000000 0.000000 148.000000 54.000000
0.2400 44.4400 41.5100 788.000000 0.000000 147.000000 53.000000
0.2500 43.9300 41.5100 797.000000 0.000000 145.000000 54.000000
0.2600 44.2100 41.7100 800.000000 0.000000 145.000000 54.000000
0.2700 45.6600 42.4000 824.000000 0.000000 145.000000 54.000000
0.2800 47.8900 43.5200 828.000000 0.000000 143.000000 53.000000
0.2900 50.9300 44.9400 842.000000 0.000000 145.000000 54.000000
0.3000 54.8400 46.4600 845.000000 0.000000 145.000000 54.000000
0.3100 59.3300 48.0000 857.000000 0.000000 146.000000 54.000000
0.3200 63.9000 49.5500 845.000000 0.000000 146.000000 54.000000
0.3300 68.0400 50.8300 824.000000 0.000000 148.000000 54.000000
0.3400 71.8800 51.6600 784.000000 0.000000 150.000000 54.000000
0.3500 74.8400 52.2000 724.000000 0.000000 153.000000 54.000000
0.3600 76.5500 52.4900 616.000000 0.000000 155.000000 54.000000
0.3700 77.4300 52.4900 348.000000 0.000000 157.000000 54.000000
0.3800 77.4300 52.4900 0.000000 1.000000 159.000000 53.000000
0.3900 76.2000 51.9700 0.000000 0.000000 160.000000 53.000000
0.4000 74.7200 51.6300 0.000000 0.000000 161.000000 52.000000
0.4100 72.5800 51.3100 0.000000 0.000000 161.000000 52.000000
0.4200 70.0600 50.9000 0.000000 0.000000 161.000000 52.000000
0.4300 67.2800 50.4500 0.000000 0.000000 161.000000 52.000000
0.4400 64.4900 49.9500 0.000000 0.000000 159.000000 53.000000
0.4500 62.3400 49.4000 0.000000 0.000000 158.000000 53.000000
0.4600 60.6200 48.8100 0.000000 0.000000 156.000000 53.000000
0.4700 59.6800 48.5200 0.000000 0.000000 153.000000 53.000000
0.4800 59.4500 48.4300 0.000000 0.000000 152.000000 53.000000
0.4900 59.7000 48.4800 0.000000 0.000000 150.000000 52.000000
0.5000 60.1200 48.5400 0.000000 0.000000 147.000000 52.000000
0.5100 60.7400 48.6200 0.000000 0.000000 146.000000 52.000000
0.5200 61.4900 48.8000 0.000000 0.000000 146.000000 52.000000
0.5300 62.4500 48.9800 0.000000 0.000000 144.000000 51.000000
0.5400 63.4700 49.1700 0.000000 0.000000 146.000000 52.000000
0.5500 64.2800 49.3700 0.000000 0.000000 146.000000 52.000000
0.5600 64.9400 49.5200 0.000000 0.000000 145.000000 53.000000
0.5700 65.0700 49.5900 0.000000 0.000000 145.000000 53.000000
0.5800 64.9800 49.5900 0.000000 0.000000 145.000000 53.000000
0.5900 64.7500 49.6600 0.000000 0.000000 145.000000 53.000000
0.6000 64.4800 49.6600 0.000000 0.000000 146.000000 53.000000
0.6100 64.2400 49.6600 0.000000 0.000000 146.000000 53.000000
0.6200 64.0400 49.7200 0.000000 0.000000 146.000000 53.000000
0.6300 63.8900 49.7900 0.000000 0.000000 146.000000 53.000000
0.6400 63.8900 49.7900 0.000000 0.000000 146.000000 53.000000
0.6500 63.5200 49.9900 0.000000 0.000000 147.000000 52.000000
0.6600 63.3100 50.1400 0.000000 0.000000 147.000000 52.000000
0.6700 63.1700 50.3000 0.000000 0.000000 147.000000 52.000000
0.6800 63.1700 50.4700 0.000000 0.000000 147.000000 52.000000
0.6900 63.1700 50.6000 0.000000 0.000000 147.000000 52.000000
0.7000 63.3000 50.7000 0.000000 0.000000 147.000000 52.000000
0.7100 63.4100 50.7500 0.000000 0.000000 147.000000 52.000000
0.7200 63.5400 50.7500 0.000000 0.000000 148.000000 51.000000
0.7300 63.7200 50.8100 0.000000 0.000000 147.000000 51.000000
0.7400 63.9400 50.8100 0.000000 0.000000 147.000000 51.000000
0.7500 64.2000 50.8100 0.000000 0.000000 147.000000 51.000000
0.7600 64.4800 50.8600 0.000000 0.000000 148.000000 50.000000
0.7700 64.7700 50.8600 0.000000 0.000000 149.000000 51.000000
0.7800 64.9900 50.8600 0.000000 0.000000 149.000000 51.000000
0.7900 65.1700 50.8600 0.000000 0.000000 149.000000 51.000000
0.8000 65.1700 50.8600 0.000000 0.000000 149.000000 51.000000
0.8100 65.1700 50.8600 66.000000 1.000000 150.000000 51.000000
0.8200 65.1700 50.8600 146.000000 0.000000 150.000000 51.000000
0.8300 65.1700 50.8600 203.000000 0.000000 150.000000 51.000000
0.8400 64.7700 50.8600 249.000000 0.000000 150.000000 51.000000
0.8500 64.5800 50.9300 304.000000 0.000000 150.000000 51.000000
0.8600 64.3800 51.0100 354.000000 0.000000 150.000000 51.000000
0.8700 64.2200 51.0100 417.000000 0.000000 150.000000 51.000000
0.8800 64.0300 51.0100 436.000000 0.000000 150.000000 51.000000
0.8900 63.7900 50.9600 446.000000 0.000000 150.000000 51.000000
0.9000 63.5100 50.8400 439.000000 0.000000 150.000000 51.000000
0.9100 63.3500 50.6800 440.000000 0.000000 150.000000 51.000000
0.9200 63.2400 50.4700 440.000000 0.000000 150.000000 51.000000
0.9300 63.2400 50.2200 449.000000 0.000000 150.000000 51.000000
0.9400 63.3200 49.9600 446.000000 0.000000 150.000000 51.000000
0.9500 63.4700 49.6900 448.000000 0.000000 149.000000 51.000000
0.9600 63.6900 49.5300 440.000000 0.000000 148.000000 51.000000
0.9700 63.9800 49.4600 447.000000 0.000000 148.000000 51.000000
0.9800 64.2800 49.4600 453.000000 0.000000 148.000000 51.000000
0.9900 64.5300 49.5400 458.000000 0.000000 148.000000 51.000000
1.0000 64.7400 49.7000 456.000000 0.000000 148.000000 51.000000
1.0100 64.9300 49.8900 461.000000 0.000000 149.000000 52.000000
1.0200 65.1300 50.0800 463.000000 0.000000 149.000000 52.000000
1.0300 65.2100 50.2700 463.000000 0.000000 149.000000 52.000000
1.0400 65.2100 50.4700 471.000000 0.000000 149.000000 52.000000
1.0500 65.2100 50.6700 480.000000 0.000000 149.000000 52.000000
1.0600 65.1400 50.7700 522.000000 0.000000 149.000000 52.000000
1.0700 65.0800 50.8700 554.000000 0.000000 149.000000 52.000000
1.0800 65.0800 50.9300 589.000000 0.000000 149.000000 52.000000
1.0900 65.0200 50.9300 602.000000 0.000000 149.000000 52.000000
1.1000 65.0200 50.9300 602.000000 0.000000 150.000000 51.000000
1.1100 65.0200 50.9300 603.000000 0.000000 150.000000 51.000000
1.1200 65.1100 50.8300 616.000000 0.000000 150.000000 51.000000
1.1300 65.2000 50.6800 588.000000 0.000000 150.000000 51.000000
1.1400 65.3100 50.4800 519.000000 0.000000 150.000000 51.000000
1.1500 65.4100 50.2700 281.000000 0.000000 150.000000 51.000000
1.1600 65.4100 50.2700 0.000000 1.000000 150.000000 51.000000
1.1700 65.7700 50.0700 0.000000 0.000000 150.000000 51.000000
1.1800 65.9500 50.1300 0.000000 0.000000 150.000000 51.000000
1.1900 66.1000 50.2600 0.000000 0.000000 150.000000 51.000000
1.2000 66.2300 50.4400 0.000000 0.000000 150.000000 51.000000
1.2100 66.4200 50.6000 0.000000 0.000000 150.000000 51.000000
1.2200 66.5400 50.7300 0.000000 0.000000 150.000000 51.000000
1.2300 66.6100 50.7800 0.000000 0.000000 150.000000 51.000000
1.2400 66.5200 50.7800 0.000000 0.000000 149.000000 51.000000
1.2500 66.4100 50.7800 0.000000 0.000000 149.000000 51.000000
1.2600 66.2900 50.7800 0.000000 0.000000 149.000000 51.000000
1.2700 66.1600 50.7800 0.000000 0.000000 149.000000 51.000000
1.2800 66.0300 50.7800 0.000000 0.000000 149.000000 51.000000
1.2900 65.9200 50.8900 0.000000 0.000000 149.000000 51.000000
1.3000 65.9200 51.0200 0.000000 0.000000 149.000000 51.000000
1.3100 65.9700 51.1700 0.000000 0.000000 149.000000 51.000000
1.3200 65.9700 51.3200 0.000000 0.000000 149.000000 51.000000
1.3300 65.9700 51.3200 88.000000 1.000000 149.000000 51.000000
1.3400 65.9700 51.5400 170.000000 0.000000 149.000000 51.000000
1.3500 66.0200 51.6000 255.000000 0.000000 150.000000 51.000000
1.3600 66.0200 51.6000 301.000000 0.000000 150.000000 51.000000
1.3700 66.0200 51.6000 324.000000 0.000000 150.000000 51.000000
1.3800 66.0200 51.5400 333.000000 0.000000 150.000000 51.000000
1.3900 66.0200 51.4300 341.000000 0.000000 150.000000 51.000000
1.4000 66.0900 51.2500 359.000000 0.000000 150.000000 51.000000
1.4100 66.1500 51.0300 369.000000 0.000000 150.000000 51.000000
1.4200 66.2500 50.8000 362.000000 0.000000 150.000000 51.000000
1.4300 66.3500 50.5800 374.000000 0.000000 150.000000 51.000000
1.4400 66.4900 50.4500 371.000000 0.000000 150.000000 51.000000
1.4500 66.6600 50.3800 376.000000 0.000000 150.000000 51.000000
1.4600 66.8500 50.3800 376.000000 0.000000 150.000000 51.000000
1.4700 67.0500 50.5200 379.000000 0.000000 150.000000 51.000000
1.4800 67.2800 50.6500 379.000000 0.000000 151.000000 51.000000
1.4900 67.4300 50.7900 376.000000 0.000000 151.000000 51.000000
1.5000 67.4300 50.7900 376.000000 0.000000 151.000000 51.000000
1.5100 67.6700 51.1900 379.000000 0.000000 151.000000 51.000000
1.5200 67.7700 51.4600 396.000000 0.000000 153.000000 52.000000
1.5300 67.7700 51.7300 414.000000 0.000000 153.000000 52.000000
1.5400 67.7700 51.9600 433.000000 0.000000 153.000000 52.000000
1.5500 67.7700 52.1300 433.000000 0.000000 153.000000 52.000000
1.5600 67.6900 52.1900 418.000000 0.000000 153.000000 52.000000
1.5700 67.6900 52.1900 292.000000 0.000000 153.000000 52.000000
1.5800 67.6900 52.1900 17.000000 0.000000 153.000000 52.000000
1.5900 67.6900 52.1900 0.000000 1.000000 153.000000 52.000000
1.6000 67.6900 51.8800 0.000000 0.000000 153.000000 52.000000
1.6100 67.7600 51.8100 0.000000 0.000000 153.000000 52.000000
1.6200 67.8400 51.8100 0.000000 0.000000 153.000000 52.000000
1.6300 67.9800 51.8100 0.000000 0.000000 153.000000 52.000000
1.6400 68.1700 51.8100 0.000000 0.000000 153.000000 52.000000
1.6500 68.4100 51.8900 0.000000 0.000000 153.000000 52.000000
1.6600 68.5000 51.9600 0.000000 0.000000 153.000000 52.000000
1.6700 68.5600 51.9600 0.000000 0.000000 153.000000 52.000000
1.6800 68.5600 52.0300 0.000000 0.000000 153.000000 52.000000
1.6900 68.6200 52.0900 0.000000 0.000000 153.000000 52.000000
1.7000 68.6200 52.0900 208.000000 1.000000 153.000000 51.000000
1.7100 68.5500 51.7400 281.000000 0.000000 152.000000 51.000000
1.7200 68.5500 52.2900 376.000000 0.000000 152.000000 51.000000
1.7300 68.5000 52.2900 422.000000 0.000000 151.000000 50.000000
1.7400 68.5000 52.2900 443.000000 0.000000 151.000000 50.000000
1.7500 68.5500 52.2900 442.000000 0.000000 151.000000 50.000000
1.7600 68.5500 52.1500 455.000000 0.000000 150.000000 50.000000
1.7700 68.5500 51.9600 460.000000 0.000000 150.000000 50.000000
1.7800 68.5500 51.6400 461.000000 0.000000 150.000000 50.000000
1.7900 68.4800 51.2600 440.000000 0.000000 148.000000 50.000000
1.8000 68.3800 50.9700 348.000000 0.000000 148.000000 50.000000
1.8100 68.3800 50.8200 178.000000 0.000000 148.000000 50.000000
1.8200 68.3800 50.8200 0.000000 1.000000 148.000000 50.000000
1.8300 68.6200 50.9100 0.000000 0.000000 149.000000 51.000000
1.8400 68.8000 51.2100 0.000000 0.000000 149.000000 51.000000
1.8500 68.9900 51.6300 0.000000 0.000000 149.000000 51.000000
1.8600 69.1800 52.0100 0.000000 0.000000 150.000000 51.000000
1.8700 69.3300 52.3900 0.000000 0.000000 151.000000 51.000000
1.8800 69.4500 52.7400 0.000000 0.000000 153.000000 52.000000
1.8900 69.4500 53.0300 0.000000 0.000000 153.000000 52.000000
1.9000 69.4000 53.2300 0.000000 0.000000 155.000000 51.000000
1.9100 69.4000 53.2300 237.000000 1.000000 155.000000 51.000000
1.9200 69.0000 53.3900 309.000000 0.000000 155.000000 51.000000
1.9300 68.8300 53.3900 379.000000 0.000000 155.000000 51.000000
1.9400 68.7800 53.3900 396.000000 0.000000 153.000000 51.000000
1.9500 68.7800 53.3900 388.000000 0.000000 153.000000 51.000000
1.9600 68.8300 53.3900 342.000000 0.000000 152.000000 51.000000
1.9700 68.9100 53.3100 89.000000 0.000000 150.000000 51.000000
1.9800 68.9100 53.3100 0.000000 1.000000 150.000000 51.000000
1.9900 69.2200 53.1400 0.000000 0.000000 150.000000 51.000000
2.0000 69.4400 53.2400 0.000000 0.000000 150.000000 51.000000
2.0100 69.7200 53.4300 0.000000 0.000000 150.000000 51.000000
2.0200 70.1200 53.7200 0.000000 0.000000 151.000000 51.000000
2.0300 70.6000 54.0400 0.000000 0.000000 153.000000 52.000000
2.0400 71.1100 54.3800 0.000000 0.000000 154.000000 52.000000
2.0500 71.3500 54.6200 0.000000 0.000000 156.000000 51.000000
2.0600 71.4200 54.7200 0.000000 0.000000 156.000000 53.000000
2.0700 71.4200 54.7200 130.000000 1.000000 156.000000 53.000000
2.0800 71.4200 54.7200 167.000000 0.000000 156.000000 53.000000
2.0900 71.1400 54.7200 205.000000 0.000000 156.000000 53.000000
2.1000 71.0900 54.5800 250.000000 0.000000 154.000000 53.000000
2.1100 71.0400 54.3800 277.000000 0.000000 153.000000 53.000000
2.1200 71.0400 54.1100 317.000000 0.000000 153.000000 53.000000
2.1300 71.0400 53.7700 317.000000 0.000000 152.000000 53.000000
2.1400 71.0400 53.3500 329.000000 0.000000 150.000000 52.000000
2.1500 71.0400 52.8800 329.000000 0.000000 150.000000 52.000000
2.1600 71.0400 52.5600 334.000000 0.000000 150.000000 52.000000
2.1700 71.1200 52.3400 334.000000 0.000000 150.000000 52.000000
2.1800 71.2000 52.1700 330.000000 0.000000 151.000000 51.000000
2.1900 71.2700 52.1100 329.000000 0.000000 151.000000 51.000000
2.2000 71.3200 52.1100 337.000000 0.000000 151.000000 51.000000
2.2100 71.3200 52.2000 333.000000 0.000000 151.000000 51.000000
2.2200 71.3200 52.3100 366.000000 0.000000 151.000000 51.000000
2.2300 71.3200 52.4300 369.000000 0.000000 151.000000 51.000000
2.2400 71.2000 52.5800 388.000000 0.000000 151.000000 51.000000
2.2500 70.9700 52.6900 422.000000 0.000000 151.000000 51.000000
2.2600 70.7400 52.6900 455.000000 0.000000 151.000000 51.000000
2.2700 70.5200 52.6900 510.000000 0.000000 151.000000 51.000000
2.2800 70.3000 52.6200 556.000000 0.000000 151.000000 51.000000
2.2900 70.1700 52.4700 592.000000 0.000000 151.000000 51.000000
2.3000 70.0500 52.2500 613.000000 0.000000 151.000000 51.000000
2.3100 69.9500 52.0300 638.000000 0.000000 152.000000 51.000000
2.3200 69.8900 51.8300 641.000000 0.000000 152.000000 51.000000
2.3300 69.8900 51.6000 641.000000 0.000000 152.000000 51.000000
2.3400 69.9600 51.4800 620.000000 0.000000 151.000000 50.000000
2.3500 70.0600 51.4800 562.000000 0.000000 151.000000 50.000000
2.3600 70.2900 51.3800 362.000000 0.000000 151.000000 50.000000
2.3700 70.2900 51.3800 0.000000 1.000000 151.000000 50.000000
2.3800 70.9900 51.5300 0.000000 0.000000 151.000000 50.000000
2.3900 71.3700 51.7000 0.000000 0.000000 152.000000 51.000000
2.4000 71.8000 51.9300 0.000000 0.000000 152.000000 51.000000
2.4100 72.2200 52.2000 0.000000 0.000000 152.000000 51.000000
2.4200 72.6100 52.4000 0.000000 0.000000 153.000000 51.000000
2.4300 72.9600 52.5900 0.000000 0.000000 153.000000 51.000000
2.4400 73.1200 52.5900 0.000000 0.000000 155.000000 51.000000
2.4500 73.1200 52.5900 0.000000 0.000000 155.000000 51.000000
2.4600 73.1200 52.5900 0.000000 0.000000 155.000000 51.000000
2.4700 72.5800 52.3300 0.000000 0.000000 155.000000 51.000000
2.4800 72.5800 52.3300 245.000000 1.000000 155.000000 50.000000
2.4900 71.8700 52.2100 374.000000 0.000000 155.000000 51.000000
2.5000 71.7000 52.2100 501.000000 0.000000 155.000000 51.000000
2.5100 71.6300 52.2700 603.000000 0.000000 153.000000 51.000000
2.5200 71.6900 52.2700 653.000000 0.000000 153.000000 51.000000
2.5300 71.6900 52.2700 673.000000 0.000000 153.000000 52.000000
2.5400 71.7400 52.2700 668.000000 0.000000 153.000000 52.000000
2.5500 71.8200 52.2700 649.000000 0.000000 153.000000 52.000000
2.5600 71.9000 52.2700 595.000000 0.000000 153.000000 52.000000
2.5700 71.9900 52.2100 404.000000 0.000000 151.000000 51.000000
2.5800 71.9900 52.2100 0.000000 1.000000 151.000000 51.000000
2.5900 72.2600 52.2100 0.000000 0.000000 153.000000 52.000000
2.6000 72.4800 52.2900 0.000000 0.000000 153.000000 52.000000
2.6100 72.7400 52.5100 0.000000 0.000000 153.000000 52.000000
2.6200 73.0600 52.7600 0.000000 0.000000 153.000000 52.000000
2.6300 73.6400 53.0600 0.000000 0.000000 153.000000 51.000000
2.6400 74.3500 53.4000 0.000000 0.000000 153.000000 51.000000
2.6500 74.9900 53.7000 0.000000 0.000000 155.000000 51.000000
2.6600 75.5300 53.8400 0.000000 0.000000 155.000000 50.000000
2.6700 76.0000 53.8400 0.000000 0.000000 155.000000 50.000000
2.6800 76.1100 53.8900 0.000000 0.000000 157.000000 50.000000
2.6900 75.9600 53.8900 0.000000 0.000000 157.000000 50.000000
2.7000 75.6300 53.8900 0.000000 0.000000 157.000000 50.000000
2.7100 75.2300 53.9600 0.000000 0.000000 157.000000 50.000000
2.7200 74.7400 54.0100 0.000000 0.000000 157.000000 50.000000
2.7300 74.2000 54.0100 0.000000 0.000000 157.000000 50.000000
2.7400 73.7200 54.1000 0.000000 0.000000 157.000000 50.000000
2.7500 73.3800 54.1600 0.000000 0.000000 157.000000 51.000000
2.7600 73.1400 54.2400 0.000000 0.000000 157.000000 51.000000
2.7700 72.9900 54.3600 0.000000 0.000000 157.000000 51.000000
2.7800 72.8800 54.5000 0.000000 0.000000 156.000000 51.000000
2.7900 72.8800 54.6300 0.000000 0.000000 156.000000 51.000000
2.8000 72.8200 54.7500 0.000000 0.000000 156.000000 51.000000
2.8100 72.8200 54.7500 89.000000 1.000000 155.000000 52.000000
2.8200 72.8200 54.7500 205.000000 0.000000 155.000000 52.000000
2.8300 72.7600 54.7700 362.000000 0.000000 154.000000 52.000000
2.8400 72.9000 54.6800 502.000000 0.000000 154.000000 52.000000
2.8500 73.1500 54.6300 595.000000 0.000000 153.000000 53.000000
2.8600 73.4900 54.6300 640.000000 0.000000 152.000000 53.000000
2.8700 74.0400 54.7000 655.000000 0.000000 152.000000 53.000000
2.8800 74.6300 54.9500 661.000000 0.000000 152.000000 53.000000
2.8900 75.1900 55.2000 653.000000 0.000000 152.000000 53.000000
2.9000 75.7100 55.4500 643.000000 0.000000 152.000000 53.000000
2.9100 76.0000 55.6800 638.000000 0.000000 153.000000 53.000000
2.9200 76.1000 55.8400 624.000000 0.000000 152.000000 54.000000
2.9300 76.1000 55.9400 616.000000 0.000000 152.000000 54.000000
2.9400 75.7700 55.9900 620.000000 0.000000 152.000000 54.000000
2.9500 75.2100 55.9900 611.000000 0.000000 152.000000 54.000000
2.9600 74.4700 55.8900 631.000000 0.000000 153.000000 54.000000
2.9700 73.8100 55.8200 641.000000 0.000000 153.000000 54.000000
2.9800 73.5900 55.7600 627.000000 0.000000 153.000000 54.000000
2.9900 73.6700 55.6300 628.000000 0.000000 153.000000 54.000000
3.0000 73.9300 55.4700 628.000000 0.000000 153.000000 54.000000
3.0100 74.2500 55.2100 625.000000 0.000000 153.000000 54.000000
3.0200 74.8400 54.9000 627.000000 0.000000 153.000000 54.000000
3.0300 75.5800 54.5200 622.000000 0.000000 154.000000 53.000000
3.0400 76.2400 54.0000 627.000000 0.000000 154.000000 53.000000
3.0500 76.9000 53.3800 630.000000 0.000000 156.000000 53.000000
3.0600 77.2200 52.9900 652.000000 0.000000 156.000000 53.000000
3.0700 77.3100 52.6600 673.000000 0.000000 156.000000 53.000000
3.0800 77.1300 52.3700 733.000000 0.000000 158.000000 53.000000
3.0900 76.7400 52.1500 742.000000 0.000000 158.000000 52.000000
3.1000 76.2200 52.0300 753.000000 0.000000 160.000000 52.000000
3.1100 75.6200 51.9800 760.000000 0.000000 160.000000 52.000000
3.1200 75.0200 51.9800 765.000000 0.000000 160.000000 52.000000
3.1300 74.6800 51.9800 728.000000 0.000000 160.000000 52.000000
3.1400 74.5200 51.9300 661.000000 0.000000 160.000000 52.000000
3.1500 74.3300 51.8300 448.000000 0.000000 158.000000 52.000000
3.1600 74.3300 51.8300 0.000000 1.000000 158.000000 52.000000
3.1700 73.8400 51.4100 0.000000 0.000000 157.000000 52.000000
3.1800 73.4400 51.0900 0.000000 0.000000 157.000000 52.000000
3.1900 72.8500 50.8600 0.000000 0.000000 155.000000 52.000000
3.2000 72.1500 50.5600 0.000000 0.000000 155.000000 52.000000
3.2100 71.3700 50.2100 0.000000 0.000000 154.000000 52.000000
3.2200 70.5300 49.8700 0.000000 0.000000 153.000000 53.000000
3.2300 69.5300 49.4200 0.000000 0.000000 152.000000 53.000000
3.2400 68.4100 48.9100 0.000000 0.000000 151.000000 53.000000
3.2500 67.0900 48.4800 0.000000 0.000000 151.000000 53.000000
3.2600 65.7000 48.1100 0.000000 0.000000 149.000000 53.000000
3.2700 64.2500 47.6800 0.000000 0.000000 149.000000 53.000000
3.2800 62.6000 47.2000 0.000000 0.000000 149.000000 52.000000
3.2900 60.9500 46.8800 0.000000 0.000000 149.000000 52.000000
3.3000 59.3100 46.6200 0.000000 0.000000 148.000000 51.000000
3.3100 57.8300 46.4100 0.000000 0.000000 148.000000 51.000000
3.3200 56.7700 46.2400 0.000000 0.000000 148.000000 51.000000
3.3300 55.9900 46.0800 0.000000 0.000000 147.000000 52.000000
3.3400 55.5200 46.0800 0.000000 0.000000 146.000000 52.000000
3.3500 55.2800 45.9600 0.000000 0.000000 146.000000 52.000000
3.3600 55.2000 45.7500 0.000000 0.000000 145.000000 53.000000
3.3700 55.1400 45.5300 0.000000 0.000000 145.000000 53.000000
3.3800 55.0900 45.3100 0.000000 0.000000 143.000000 53.000000
3.3900 55.0400 45.1500 0.000000 0.000000 143.000000 53.000000
3.4000 55.0900 45.0400 0.000000 0.000000 142.000000 53.000000
3.4100 55.1500 44.9500 0.000000 0.000000 142.000000 53.000000
3.4200 55.2200 44.9500 0.000000 0.000000 141.000000 53.000000
3.4300 55.3200 45.0800 0.000000 0.000000 141.000000 53.000000
3.4400 55.4200 45.2900 0.000000 0.000000 140.000000 53.000000
3.4500 55.4200 45.6500 0.000000 0.000000 140.000000 53.000000
3.4600 55.4700 46.1000 0.000000 0.000000 140.000000 53.000000
3.4700 55.4700 46.6700 0.000000 0.000000 140.000000 53.000000
3.4800 55.4700 47.3900 0.000000 0.000000 141.000000 53.000000
3.4900 55.4700 48.2000 0.000000 0.000000 141.000000 53.000000
3.5000 55.4100 49.1000 0.000000 0.000000 141.000000 53.000000
3.5100 55.3300 49.9800 0.000000 0.000000 141.000000 53.000000
3.5200 55.2200 50.8300 0.000000 0.000000 142.000000 53.000000
3.5300 55.2200 50.8300 348.000000 1.000000 142.000000 53.000000
3.5400 54.9500 51.4700 405.000000 0.000000 143.000000 52.000000
3.5500 54.7100 52.1700 428.000000 0.000000 144.000000 51.000000
3.5600 54.6100 52.2400 472.000000 0.000000 144.000000 51.000000
3.5700 54.6600 51.8900 538.000000 0.000000 145.000000 51.000000
3.5800 54.8000 51.3000 580.000000 0.000000 145.000000 51.000000
3.5900 54.8700 50.1000 613.000000 0.000000 145.000000 51.000000
3.6000 55.0400 48.4900 636.000000 0.000000 145.000000 51.000000
3.6100 55.2700 46.7100 650.000000 0.000000 145.000000 51.000000
3.6200 55.1100 44.7900 644.000000 0.000000 144.000000 51.000000
3.6300 54.9900 42.7900 637.000000 0.000000 143.000000 52.000000
3.6400 54.9300 41.4000 613.000000 0.000000 142.000000 53.000000
3.6500 54.9300 40.5900 477.000000 0.000000 142.000000 53.000000
3.6600 54.9900 40.1800 68.000000 0.000000 141.000000 53.000000
3.6700 54.9900 40.1800 0.000000 1.000000 140.000000 54.000000
3.6800 55.2900 40.8700 0.000000 0.000000 139.000000 54.000000
3.6900 55.2900 41.7500 0.000000 0.000000 139.000000 54.000000
3.7000 55.1700 42.5400 0.000000 0.000000 139.000000 54.000000
3.7100 54.9200 43.2800 0.000000 0.000000 139.000000 54.000000
3.7200 54.6700 43.9400 0.000000 0.000000 139.000000 54.000000
3.7300 54.4200 44.0300 0.000000 0.000000 140.000000 53.000000
3.7400 53.8900 43.7600 0.000000 0.000000 141.000000 52.000000
3.7500 53.1800 43.2700 0.000000 0.000000 140.000000 52.000000
3.7600 52.2900 42.6700 0.000000 0.000000 141.000000 51.000000
3.7700 51.4400 42.0000 0.000000 0.000000 140.000000 51.000000
3.7800 50.6100 41.5200 0.000000 0.000000 138.000000 50.000000
3.7900 49.9700 41.1200 0.000000 0.000000 138.000000 50.000000
3.8000 49.3500 40.7700 0.000000 0.000000 136.000000 50.000000
3.8100 48.8000 40.6000 0.000000 0.000000 135.000000 51.000000
3.8200 48.3400 40.6000 0.000000 0.000000 135.000000 51.000000
3.8300 48.1900 40.6000 0.000000 0.000000 134.000000 51.000000
3.8400 48.1900 40.8000 0.000000 0.000000 133.000000 52.000000
3.8500 48.2900 40.9900 0.000000 0.000000 134.000000 52.000000
3.8600 48.3600 41.1700 0.000000 0.000000 134.000000 52.000000
3.8700 48.4900 41.3700 0.000000 0.000000 134.000000 52.000000
3.8800 48.6700 41.5700 0.000000 0.000000 135.000000 53.000000
3.8900 48.9000 41.7800 0.000000 0.000000 135.000000 53.000000
3.9000 49.1600 41.9000 0.000000 0.000000 136.000000 54.000000
3.9100 49.4300 42.0600 0.000000 0.000000 136.000000 54.000000
3.9200 49.8300 42.2500 0.000000 0.000000 139.000000 54.000000
3.9300 50.2300 42.3900 0.000000 0.000000 139.000000 54.000000
3.9400 50.2300 42.3900 65.000000 1.000000 139.000000 54.000000
3.9500 51.2000 42.6600 112.000000 0.000000 139.000000 54.000000
3.9600 51.5200 42.7400 196.000000 0.000000 139.000000 54.000000
3.9700 51.6000 42.7400 281.000000 0.000000 139.000000 54.000000
3.9800 51.5300 42.7400 339.000000 0.000000 137.000000 53.000000
3.9900 51.3600 42.6500 381.000000 0.000000 137.000000 53.000000
4.0000 51.0300 42.5200 423.000000 0.000000 137.000000 53.000000
4.0100 50.5900 42.3500 448.000000 0.000000 137.000000 53.000000
4.0200 50.1600 42.1600 493.000000 0.000000 136.000000 52.000000
4.0300 49.7200 41.9500 530.000000 0.000000 136.000000 52.000000
4.0400 49.2600 41.7400 544.000000 0.000000 136.000000 52.000000
4.0500 48.9800 41.5300 546.000000 0.000000 136.000000 52.000000
4.0600 48.8700 41.3700 535.000000 0.000000 136.000000 52.000000
4.0700 48.8700 41.2500 535.000000 0.000000 135.000000 52.000000
4.0800 49.0300 41.0800 529.000000 0.000000 135.000000 52.000000
4.0900 49.2400 40.9500 530.000000 0.000000 134.000000 52.000000
4.1000 49.5700 40.8500 533.000000 0.000000 133.000000 52.000000
4.1100 49.9900 40.7700 535.000000 0.000000 133.000000 52.000000
4.1200 50.4800 40.6600 538.000000 0.000000 133.000000 52.000000
4.1300 50.9600 40.5600 538.000000 0.000000 133.000000 52.000000
4.1400 51.4000 40.4500 537.000000 0.000000 134.000000 52.000000
4.1500 51.6600 40.3500 540.000000 0.000000 134.000000 52.000000
4.1600 51.7800 40.2400 543.000000 0.000000 134.000000 52.000000
4.1700 51.7800 40.1800 584.000000 0.000000 135.000000 53.000000
4.1800 51.6700 40.1300 638.000000 0.000000 136.000000 52.000000
4.1900 51.5100 40.0400 655.000000 0.000000 136.000000 52.000000
4.2000 51.2300 39.9300 666.000000 0.000000 136.000000 52.000000
4.2100 50.8100 39.8100 676.000000 0.000000 136.000000 52.000000
4.2200 50.3000 39.6900 673.000000 0.000000 135.000000 53.000000
4.2300 49.8300 39.5600 672.000000 0.000000 135.000000 53.000000
4.2400 49.4000 39.4800 652.000000 0.000000 135.000000 53.000000
4.2500 49.1700 39.4800 586.000000 0.000000 134.000000 52.000000
4.2600 49.0400 39.6100 474.000000 0.000000 133.000000 53.000000
4.2700 49.0400 39.6900 175.000000 0.000000 131.000000 52.000000
4.2800 49.0400 39.6900 0.000000 1.000000 131.000000 52.000000
4.2900 49.6500 40.1000 0.000000 0.000000 131.000000 52.000000
4.3000 50.0700 40.2600 0.000000 0.000000 131.000000 52.000000
4.3100 50.5000 40.4200 0.000000 0.000000 131.000000 52.000000
4.3200 50.9400 40.5800 0.000000 0.000000 131.000000 52.000000
4.3300 51.4100 40.7500 0.000000 0.000000 131.000000 52.000000
4.3400 51.9000 40.9400 0.000000 0.000000 133.000000 53.000000
4.3500 52.4600 41.1500 0.000000 0.000000 133.000000 53.000000
4.3600 52.9500 41.3200 0.000000 0.000000 133.000000 53.000000
4.3700 53.3900 41.4800 0.000000 0.000000 133.000000 53.000000
4.3800 53.5400 41.4800 0.000000 0.000000 134.000000 52.000000
4.3900 53.5400 41.4800 142.000000 1.000000 134.000000 52.000000
4.4000 53.5400 41.4800 202.000000 0.000000 135.000000 53.000000
4.4100 53.5400 41.4800 277.000000 0.000000 135.000000 53.000000
4.4200 53.5400 41.4800 334.000000 0.000000 135.000000 53.000000
4.4300 53.5400 41.4800 366.000000 0.000000 136.000000 54.000000
4.4400 53.5400 41.4800 404.000000 0.000000 136.000000 54.000000
4.4500 53.2600 41.4300 443.000000 0.000000 136.000000 54.000000
4.4600 53.1400 41.4300 468.000000 0.000000 136.000000 54.000000
4.4700 52.9300 41.4300 496.000000 0.000000 136.000000 54.000000
4.4800 52.6600 41.3700 542.000000 0.000000 136.000000 54.000000
4.4900 52.2500 41.2600 591.000000 0.000000 136.000000 54.000000
4.5000 51.8700 41.1300 614.000000 0.000000 136.000000 54.000000
4.5100 51.5500 41.0100 611.000000 0.000000 136.000000 54.000000
4.5200 51.4300 40.8500 613.000000 0.000000 136.000000 54.000000
4.5300 51.4300 40.6700 585.000000 0.000000 135.000000 53.000000
4.5400 51.5400 40.4500 580.000000 0.000000 135.000000 53.000000
4.5500 51.6900 40.1800 569.000000 0.000000 135.000000 53.000000
4.5600 52.0500 40.0300 572.000000 0.000000 134.000000 52.000000
4.5700 52.5400 39.9800 580.000000 0.000000 134.000000 52.000000
4.5800 53.0400 40.0600 589.000000 0.000000 134.000000 52.000000
4.5900 53.4100 40.2100 586.000000 0.000000 135.000000 53.000000
4.6000 53.6900 40.4000 591.000000 0.000000 135.000000 53.000000
4.6100 53.8900 40.6500 605.000000 0.000000 135.000000 53.000000
4.6200 53.9700 40.8600 630.000000 0.000000 135.000000 53.000000
4.6300 53.9700 41.0600 644.000000 0.000000 136.000000 54.000000
4.6400 53.8400 41.2700 665.000000 0.000000 136.000000 54.000000
4.6500 53.6500 41.5000 675.000000 0.000000 136.000000 54.000000
4.6600 53.4300 41.7300 687.000000 0.000000 137.000000 53.000000
4.6700 53.2100 41.9300 696.000000 0.000000 137.000000 53.000000
4.6800 53.0100 42.0900 697.000000 0.000000 137.000000 53.000000
4.6900 53.0600 42.2200 697.000000 0.000000 137.000000 53.000000
4.7000 53.2800 42.3500 696.000000 0.000000 137.000000 53.000000
4.7100 53.7900 42.5600 702.000000 0.000000 137.000000 53.000000
4.7200 54.3300 42.8100 693.000000 0.000000 137.000000 53.000000
4.7300 54.9200 42.9300 676.000000 0.000000 137.000000 53.000000
4.7400 55.5500 43.0500 673.000000 0.000000 136.000000 54.000000
4.7500 56.1900 43.1300 670.000000 0.000000 136.000000 54.000000
4.7600 56.5900 43.1300 652.000000 0.000000 136.000000 54.000000
4.7700 56.8300 43.1300 641.000000 0.000000 136.000000 54.000000
4.7800 56.8300 43.0000 653.000000 0.000000 137.000000 54.000000
4.7900 56.6100 42.8700 671.000000 0.000000 139.000000 54.000000
4.8000 56.3300 42.6900 684.000000 0.000000 139.000000 54.000000
4.8100 55.8000 42.4200 700.000000 0.000000 139.000000 54.000000
4.8200 55.3000 42.1500 691.000000 0.000000 139.000000 54.000000
4.8300 54.8400 41.9900 696.000000 0.000000 139.000000 54.000000
4.8400 54.7300 41.9100 696.000000 0.000000 139.000000 54.000000
4.8500 54.8300 41.8100 691.000000 0.000000 137.000000 53.000000
4.8600 55.0100 41.6700 691.000000 0.000000 137.000000 53.000000
4.8700 55.2200 41.4800 691.000000 0.000000 137.000000 53.000000
4.8800 55.6400 41.3000 691.000000 0.000000 137.000000 53.000000
4.8900 56.1800 41.1400 693.000000 0.000000 137.000000 53.000000
4.9000 56.8100 41.0300 700.000000 0.000000 137.000000 53.000000
4.9100 57.4500 40.9600 693.000000 0.000000 139.000000 54.000000
4.9200 58.0400 41.0500 694.000000 0.000000 139.000000 54.000000
4.9300 58.5900 41.2000 705.000000 0.000000 139.000000 54.000000
4.9400 58.9300 41.4000 728.000000 0.000000 139.000000 54.000000
4.9500 59.0300 41.5400 745.000000 0.000000 140.000000 54.000000
4.9600 58.9700 41.7500 755.000000 0.000000 140.000000 54.000000
4.9700 58.8100 42.0200 773.000000 0.000000 140.000000 54.000000
4.9800 58.5000 42.2600 793.000000 0.000000 141.000000 53.000000
4.9900 58.0900 42.4500 788.000000 0.000000 140.000000 53.000000
5.0000 57.5300 42.4500 790.000000 0.000000 140.000000 53.000000
5.0100 56.9800 42.4000 783.000000 0.000000 140.000000 53.000000
5.0200 56.4300 42.2300 770.000000 0.000000 140.000000 53.000000
5.0300 56.1500 42.0500 702.000000 0.000000 140.000000 53.000000
5.0400 55.9200 41.8400 537.000000 0.000000 140.000000 53.000000
5.0500 55.8700 41.5700 203.000000 0.000000 140.000000 53.000000
5.0600 55.8700 41.5700 0.000000 1.000000 140.000000 53.000000
5.0700 56.1000 41.0600 0.000000 0.000000 139.000000 54.000000
5.0800 56.3000 40.9200 0.000000 0.000000 139.000000 54.000000
5.0900 56.5600 41.0000 0.000000 0.000000 139.000000 54.000000
5.1000 57.2600 41.2200 0.000000 0.000000 139.000000 54.000000
5.1100 58.2600 41.6500 0.000000 0.000000 140.000000 54.000000
5.1200 59.5400 42.2700 0.000000 0.000000 140.000000 54.000000
5.1300 60.8700 43.0300 0.000000 0.000000 140.000000 54.000000
5.1400 62.2400 43.7400 0.000000 0.000000 140.000000 54.000000
5.1500 63.5900 44.4100 0.000000 0.000000 140.000000 54.000000
5.1600 64.6200 44.9800 0.000000 0.000000 142.000000 54.000000
5.1700 65.4500 45.4200 0.000000 0.000000 142.000000 54.000000
5.1800 65.8800 45.7700 0.000000 0.000000 142.000000 54.000000
5.1900 66.0500 45.9700 0.000000 0.000000 142.000000 54.000000
5.2000 66.0500 45.9700 51.000000 1.000000 144.000000 54.000000
5.2100 66.0500 46.3700 281.000000 0.000000 144.000000 54.000000
5.2200 65.9800 46.5100 374.000000 0.000000 143.000000 55.000000
5.2300 65.8800 46.5900 467.000000 0.000000 144.000000 56.000000
5.2400 65.9700 46.7700 495.000000 0.000000 144.000000 56.000000
5.2500 66.1000 47.0100 545.000000 0.000000 144.000000 56.000000
5.2600 66.3100 47.2900 561.000000 0.000000 145.000000 56.000000
5.2700 66.6000 47.5700 578.000000 0.000000 145.000000 56.000000
5.2800 66.7000 47.8500 595.000000 0.000000 146.000000 55.000000
5.2900 66.7000 48.0900 619.000000 0.000000 148.000000 56.000000
5.3000 66.5200 48.2400 653.000000 0.000000 149.000000 55.000000
5.3100 66.1200 48.4300 700.000000 0.000000 149.000000 55.000000
5.3200 65.5600 48.6400 721.000000 0.000000 150.000000 55.000000
5.3300 64.5400 48.5700 739.000000 0.000000 151.000000 54.000000
5.3400 63.0300 48.2500 759.000000 0.000000 151.000000 54.000000
5.3500 61.1800 47.7700 783.000000 0.000000 151.000000 54.000000
5.3600 59.2800 47.2500 809.000000 0.000000 151.000000 54.000000
5.3700 57.8900 46.7000 827.000000 0.000000 151.000000 54.000000
5.3800 56.8400 46.4000 790.000000 0.000000 150.000000 55.000000
5.3900 56.8400 46.2800 791.000000 0.000000 149.000000 55.000000
5.4000 57.2100 46.1300 788.000000 0.000000 149.000000 55.000000
5.4100 57.9200 45.9700 796.000000 0.000000 146.000000 55.000000
5.4200 59.3200 45.9700 794.000000 0.000000 146.000000 55.000000
5.4300 61.2100 45.9700 793.000000 0.000000 145.000000 56.000000
5.4400 63.4300 45.9700 799.000000 0.000000 143.000000 56.000000
5.4500 65.4600 45.8700 806.000000 0.000000 144.000000 57.000000
5.4600 66.5800 45.6800 814.000000 0.000000 144.000000 57.000000
5.4700 67.0800 45.4100 860.000000 0.000000 144.000000 57.000000
5.4800 66.7900 45.1000 893.000000 0.000000 146.000000 57.000000
5.4900 65.3100 44.5700 905.000000 0.000000 146.000000 57.000000
5.5000 63.0300 43.8900 906.000000 0.000000 146.000000 57.000000
5.5100 59.5000 42.9300 896.000000 0.000000 146.000000 57.000000
5.5200 55.2200 41.9200 909.000000 0.000000 147.000000 56.000000
5.5300 50.4400 40.8200 914.000000 0.000000 147.000000 56.000000
5.5400 46.3600 39.9400 934.000000 0.000000 145.000000 56.000000
5.5500 43.3900 39.2100 950.000000 0.000000 144.000000 56.000000
5.5600 41.1500 39.0800 982.000000 0.000000 144.000000 56.000000
5.5700 40.9700 39.6300 982.000000 0.000000 143.000000 55.000000
5.5800 42.5800 40.6300 988.000000 0.000000 140.000000 55.000000
5.5900 45.3900 42.4300 1002.000000 0.000000 140.000000 55.000000
5.6000 50.0100 44.5300 977.000000 0.000000 139.000000 55.000000
5.6100 55.6100 46.8400 834.000000 0.000000 140.000000 55.000000
5.6200 61.8500 48.7800 577.000000 0.000000 141.000000 56.000000
