0.0000 45.4100 18.0100 58.000000 1.000000 147.000000 53.000000
0.0100 45.4100 18.0100 124.000000 0.000000 147.000000 53.000000
0.0200 45.4100 18.0100 175.000000 0.000000 147.000000 53.000000
0.0300 45.4100 18.0100 284.000000 0.000000 148.000000 53.000000
0.0400 46.3300 18.3500 322.000000 0.000000 149.000000 53.000000
0.0500 47.3800 18.7600 368.000000 0.000000 149.000000 53.000000
0.0600 48.6800 19.2500 393.000000 0.000000 150.000000 52.000000
0.0700 50.1100 19.7300 410.000000 0.000000 150.000000 52.000000
0.0800 51.9200 20.2300 415.000000 0.000000 149.000000 52.000000
0.0900 53.9800 20.7400 415.000000 0.000000 149.000000 52.000000
0.1000 55.9300 20.5500 409.000000 0.000000 149.000000 52.000000
0.1100 57.7200 20.8400 409.000000 0.000000 148.000000 53.000000
0.1200 59.4000 21.4600 402.000000 0.000000 148.000000 53.000000
0.1300 60.6800 21.4600 393.000000 0.000000 148.000000 53.000000
0.1400 61.5100 21.3400 369.000000 0.000000 148.000000 53.000000
0.1500 62.0400 21.0900 353.000000 0.000000 148.000000 53.000000
0.1600 62.0400 20.7900 363.000000 0.000000 148.000000 53.000000
0.1700 61.2600 20.2200 388.000000 0.000000 149.000000 52.000000
0.1800 60.0400 19.4800 400.000000 0.000000 149.000000 52.000000
0.1900 58.0100 18.3900 418.000000 0.000000 149.000000 52.000000
0.2000 55.2500 17.0100 418.000000 0.000000 147.000000 52.000000
0.2100 52.0000 15.4500 453.000000 0.000000 147.000000 52.000000
0.2200 49.0300 14.1000 492.000000 0.000000 147.000000 52.000000
0.2300 46.4400 12.8600 556.000000 0.000000 146.000000 53.000000
0.2400 44.0900 11.7000 585.000000 0.000000 146.000000 53.000000
0.2500 42.7600 11.1000 624.000000 0.000000 146.000000 54.000000
0.2600 42.3700 10.9400 644.000000 0.000000 146.000000 54.000000
0.2700 42.6000 11.0700 646.000000 0.000000 146.000000 55.000000
0.2800 43.5500 11.4800 670.000000 0.000000 146.000000 55.000000
0.2900 45.3100 12.3600 673.000000 0.000000 146.000000 55.000000
0.3000 47.6100 13.5600 681.000000 0.000000 146.000000 55.000000
0.3100 50.3900 14.8500 685.000000 0.000000 146.000000 55.000000
0.3200 53.8200 16.2100 699.000000 0.000000 146.000000 55.000000
0.3300 57.6900 17.6100 699.000000 0.000000 147.000000 55.000000
0.3400 61.6500 18.9900 696.000000 0.000000 149.000000 55.000000
0.3500 65.7100 20.2000 691.000000 0.000000 150.000000 54.000000
0.3600 69.8400 21.3100 687.000000 0.000000 151.000000 53.000000
0.3700 73.0300 22.2900 631.000000 0.000000 152.000000 54.000000
0.3800 75.4300 23.0300 536.000000 0.000000 153.000000 53.000000
0.3900 77.2900 23.6200 294.000000 0.000000 154.000000 53.000000
0.4000 77.2900 23.6200 0.000000 1.000000 154.000000 53.000000
0.4100 77.8500 23.8800 0.000000 0.000000 156.000000 53.000000
0.4200 76.9500 23.7500 0.000000 0.000000 156.000000 53.000000
0.4300 75.4200 23.5100 0.000000 0.000000 156.000000 53.000000
0.4400 73.2300 23.0000 0.000000 0.000000 156.000000 53.000000
0.4500 70.6000 22.3100 0.000000 0.000000 156.000000 53.000000
0.4600 67.9700 21.6000 0.000000 0.000000 154.000000 53.000000
0.4700 65.4600 20.9000 0.000000 0.000000 154.000000 53.000000
0.4800 63.2700 20.2100 0.000000 0.000000 154.000000 52.000000
0.4900 61.2500 19.5900 0.000000 0.000000 153.000000 52.000000
0.5000 59.7200 19.0000 0.000000 0.000000 150.000000 52.000000
0.5100 58.7500 18.6300 0.000000 0.000000 149.000000 52.000000
0.5200 58.1400 18.4400 0.000000 0.000000 148.000000 51.000000
0.5300 58.1400 18.3600 0.000000 0.000000 146.000000 52.000000
0.5400 58.5200 18.4200 0.000000 0.000000 146.000000 52.000000
0.5500 59.1600 18.6100 0.000000 0.000000 145.000000 53.000000
0.5600 59.9400 18.8800 0.000000 0.000000 145.000000 53.000000
0.5700 60.6800 19.1600 0.000000 0.000000 145.000000 53.000000
0.5800 61.4000 19.4100 0.000000 0.000000 145.000000 53.000000
0.5900 61.9800 19.6500 0.000000 0.000000 145.000000 53.000000
0.6000 62.3300 19.8100 0.000000 0.000000 145.000000 53.000000
0.6100 62.5300 19.8100 0.000000 0.000000 146.000000 52.000000
0.6200 62.5300 19.8100 0.000000 0.000000 146.000000 52.000000
0.6300 62.5300 19.8100 0.000000 0.000000 146.000000 52.000000
0.6400 62.5300 19.8100 0.000000 0.000000 146.000000 52.000000
0.6500 62.4200 19.8100 0.000000 0.000000 146.000000 52.000000
0.6600 62.2900 19.8100 0.000000 0.000000 146.000000 52.000000
0.6700 62.1400 19.8100 0.000000 0.000000 146.000000 52.000000
0.6800 62.1400 19.9300 0.000000 0.000000 146.000000 52.000000
0.6900 62.1400 19.9900 0.000000 0.000000 146.000000 52.000000
0.7000 62.1400 20.0700 0.000000 0.000000 146.000000 52.000000
0.7100 62.2800 20.1700 0.000000 0.000000 146.000000 52.000000
0.7200 62.4000 20.2500 0.000000 0.000000 146.000000 52.000000
0.7300 62.5500 20.3500 0.000000 0.000000 147.000000 51.000000
0.7400 62.6600 20.4300 0.000000 0.000000 147.000000 51.000000
0.7500 62.8200 20.4300 0.000000 0.000000 147.000000 51.000000
0.7600 63.0000 20.4800 0.000000 0.000000 147.000000 51.000000
0.7700 63.1300 20.4800 0.000000 0.000000 147.000000 51.000000
0.7800 63.2100 20.4800 0.000000 0.000000 147.000000 51.000000
0.7900 63.2100 20.4800 48.000000 1.000000 147.000000 51.000000
0.8000 63.2100 20.4800 129.000000 0.000000 148.000000 51.000000
0.8100 63.2100 20.4800 195.000000 0.000000 148.000000 51.000000
0.8200 63.2100 20.4800 244.000000 0.000000 148.000000 51.000000
0.8300 63.2100 20.4800 285.000000 0.000000 148.000000 51.000000
0.8400 62.9700 20.7300 319.000000 0.000000 148.000000 51.000000
0.8500 62.8400 20.7900 364.000000 0.000000 148.000000 51.000000
0.8600 62.7500 20.7900 369.000000 0.000000 148.000000 51.000000
0.8700 62.6700 20.7900 387.000000 0.000000 148.000000 51.000000
0.8800 62.6000 20.7400 387.000000 0.000000 148.000000 51.000000
0.8900 62.5200 20.6900 391.000000 0.000000 148.000000 51.000000
0.9000 62.4400 20.6000 391.000000 0.000000 148.000000 51.000000
0.9100 62.3800 20.4500 394.000000 0.000000 147.000000 51.000000
0.9200 62.3300 20.2500 389.000000 0.000000 147.000000 51.000000
0.9300 62.3300 20.0100 396.000000 0.000000 147.000000 51.000000
0.9400 62.4000 19.7500 389.000000 0.000000 147.000000 51.000000
0.9500 62.5400 19.5200 386.000000 0.000000 147.000000 51.000000
0.9600 62.7300 19.3000 371.000000 0.000000 147.000000 51.000000
0.9700 62.9700 19.1600 364.000000 0.000000 147.000000 51.000000
0.9800 63.1900 19.0700 359.000000 0.000000 147.000000 51.000000
0.9900 63.3900 19.1400 359.000000 0.000000 148.000000 51.000000
1.0000 63.6200 19.2900 364.000000 0.000000 148.000000 51.000000
1.0100 63.7700 19.4900 387.000000 0.000000 148.000000 51.000000
1.0200 63.8600 19.7400 382.000000 0.000000 148.000000 51.000000
1.0300 63.9100 19.9900 396.000000 0.000000 148.000000 51.000000
1.0400 63.9100 20.2500 402.000000 0.000000 148.000000 51.000000
1.0500 63.9100 20.4400 413.000000 0.000000 148.000000 51.000000
1.0600 63.8200 20.6100 417.000000 0.000000 148.000000 51.000000
1.0700 63.7700 20.7000 427.000000 0.000000 148.000000 51.000000
1.0800 63.7700 20.7000 427.000000 0.000000 148.000000 51.000000
1.0900 63.7700 20.7000 428.000000 0.000000 148.000000 51.000000
1.1000 63.7700 20.6500 423.000000 0.000000 148.000000 51.000000
1.1100 63.8600 20.5200 422.000000 0.000000 149.000000 52.000000
1.1200 63.8600 20.5200 413.000000 0.000000 149.000000 52.000000
1.1300 64.0400 20.1200 369.000000 0.000000 149.000000 52.000000
1.1400 64.1500 19.8900 226.000000 0.000000 149.000000 52.000000
1.1500 64.1500 19.8900 0.000000 1.000000 149.000000 52.000000
1.1600 64.4000 19.6100 0.000000 0.000000 149.000000 52.000000
1.1700 64.5300 19.6100 0.000000 0.000000 149.000000 52.000000
1.1800 64.6700 19.7200 0.000000 0.000000 149.000000 52.000000
1.1900 64.8300 19.8900 0.000000 0.000000 149.000000 52.000000
1.2000 65.0000 20.1100 0.000000 0.000000 149.000000 52.000000
1.2100 65.1900 20.3100 0.000000 0.000000 149.000000 52.000000
1.2200 65.2700 20.4800 0.000000 0.000000 149.000000 52.000000
1.2300 65.2700 20.6200 0.000000 0.000000 149.000000 52.000000
1.2400 65.1900 20.6200 0.000000 0.000000 149.000000 52.000000
1.2500 65.0400 20.6200 0.000000 0.000000 150.000000 51.000000
1.2600 64.8400 20.5500 0.000000 0.000000 150.000000 51.000000
1.2700 64.7400 20.4900 0.000000 0.000000 149.000000 51.000000
1.2800 64.6600 20.4900 0.000000 0.000000 149.000000 51.000000
1.2900 64.6600 20.4900 0.000000 0.000000 149.000000 51.000000
1.3000 64.6600 20.4900 0.000000 0.000000 149.000000 51.000000
1.3100 64.6600 20.4900 0.000000 0.000000 149.000000 51.000000
1.3200 64.7300 20.5700 0.000000 0.000000 149.000000 51.000000
1.3300 64.7300 20.5700 61.000000 1.000000 149.000000 51.000000
1.3400 64.7300 20.5700 120.000000 0.000000 149.000000 51.000000
1.3500 64.7300 20.5700 188.000000 0.000000 149.000000 51.000000
1.3600 64.7300 20.5700 216.000000 0.000000 149.000000 52.000000
1.3700 64.7300 20.5700 246.000000 0.000000 149.000000 52.000000
1.3800 64.7300 20.5700 254.000000 0.000000 149.000000 52.000000
1.3900 64.7300 20.5700 254.000000 0.000000 149.000000 52.000000
1.4000 64.7300 20.5700 245.000000 0.000000 149.000000 52.000000
1.4100 65.0000 20.2700 259.000000 0.000000 149.000000 52.000000
1.4200 65.0700 20.1600 270.000000 0.000000 149.000000 52.000000
1.4300 65.1400 20.1600 277.000000 0.000000 149.000000 52.000000
1.4400 65.2400 20.1100 280.000000 0.000000 149.000000 52.000000
1.4500 65.3300 20.1100 282.000000 0.000000 149.000000 52.000000
1.4600 65.4200 20.1700 273.000000 0.000000 149.000000 52.000000
1.4700 65.5300 20.2900 279.000000 0.000000 149.000000 52.000000
1.4800 65.6200 20.4400 302.000000 0.000000 149.000000 52.000000
1.4900 65.6900 20.6000 327.000000 0.000000 149.000000 52.000000
1.5000 65.7400 20.7700 339.000000 0.000000 149.000000 52.000000
1.5100 65.7400 20.7700 356.000000 0.000000 149.000000 52.000000
1.5200 65.7400 21.1700 382.000000 0.000000 149.000000 52.000000
1.5300 65.7900 21.3100 377.000000 0.000000 149.000000 52.000000
1.5400 65.7900 21.4100 359.000000 0.000000 149.000000 52.000000
1.5500 65.7400 21.4700 269.000000 0.000000 149.000000 52.000000
1.5600 65.7400 21.4700 80.000000 0.000000 149.000000 52.000000
1.5700 65.7400 21.4700 0.000000 1.000000 149.000000 52.000000
1.5800 65.8900 21.3600 0.000000 0.000000 149.000000 52.000000
1.5900 65.9600 21.3600 0.000000 0.000000 149.000000 52.000000
1.6000 66.0700 21.3100 0.000000 0.000000 150.000000 52.000000
1.6100 66.2300 21.3100 0.000000 0.000000 150.000000 52.000000
1.6200 66.4200 21.3100 0.000000 0.000000 150.000000 52.000000
1.6300 66.6000 21.3800 0.000000 0.000000 151.000000 51.000000
1.6400 66.6800 21.3800 0.000000 0.000000 153.000000 52.000000
1.6500 66.6800 21.4300 0.000000 0.000000 153.000000 52.000000
1.6600 66.6800 21.4300 0.000000 0.000000 153.000000 52.000000
1.6700 66.6800 21.4300 0.000000 0.000000 153.000000 52.000000
1.6800 66.6800 21.4300 78.000000 1.000000 153.000000 52.000000
1.6900 66.6800 21.4300 134.000000 0.000000 153.000000 52.000000
1.7000 66.6800 21.4300 217.000000 0.000000 152.000000 53.000000
1.7100 66.6800 21.4300 265.000000 0.000000 152.000000 53.000000
1.7200 66.6800 21.4300 284.000000 0.000000 152.000000 53.000000
1.7300 66.6800 21.4300 309.000000 0.000000 152.000000 53.000000
1.7400 66.6800 21.4300 335.000000 0.000000 152.000000 53.000000
1.7500 66.6800 21.4300 333.000000 0.000000 152.000000 53.000000
1.7600 66.6300 21.1300 330.000000 0.000000 150.000000 52.000000
1.7700 66.6300 20.9200 284.000000 0.000000 150.000000 52.000000
1.7800 66.6300 20.7700 173.000000 0.000000 150.000000 52.000000
1.7900 66.6300 20.7700 0.000000 1.000000 150.000000 52.000000
1.8000 66.7200 20.6600 0.000000 0.000000 150.000000 52.000000
1.8100 66.8000 20.7900 0.000000 0.000000 150.000000 52.000000
1.8200 66.8800 21.0400 0.000000 0.000000 152.000000 53.000000
1.8300 67.0600 21.3300 0.000000 0.000000 152.000000 53.000000
1.8400 67.2500 21.6800 0.000000 0.000000 152.000000 53.000000
1.8500 67.4500 22.0600 0.000000 0.000000 152.000000 53.000000
1.8600 67.6400 22.5200 0.000000 0.000000 153.000000 53.000000
1.8700 67.7200 22.9500 0.000000 0.000000 153.000000 53.000000
1.8800 67.7200 23.3200 0.000000 0.000000 153.000000 53.000000
1.8900 67.6700 23.4700 0.000000 0.000000 153.000000 53.000000
1.9000 67.6700 23.4700 93.000000 1.000000 153.000000 53.000000
1.9100 67.6700 23.4700 98.000000 0.000000 152.000000 54.000000
1.9200 67.6700 23.4700 98.000000 0.000000 152.000000 54.000000
1.9300 67.6700 23.4700 106.000000 0.000000 152.000000 54.000000
1.9400 67.6700 23.4700 34.000000 0.000000 151.000000 54.000000
1.9500 67.6700 23.4700 0.000000 1.000000 150.000000 54.000000
1.9600 67.6700 23.4700 0.000000 0.000000 150.000000 54.000000
1.9700 68.0400 23.6100 0.000000 0.000000 150.000000 54.000000
1.9800 68.2400 23.8400 0.000000 0.000000 148.000000 54.000000
1.9900 68.4600 24.0700 0.000000 0.000000 148.000000 54.000000
2.0000 68.7000 24.2800 0.000000 0.000000 147.000000 53.000000
2.0100 68.9400 24.4700 0.000000 0.000000 146.000000 53.000000
2.0200 69.0700 24.6000 0.000000 0.000000 146.000000 53.000000
2.0300 69.1200 24.6900 0.000000 0.000000 145.000000 53.000000
2.0400 69.1200 24.6900 0.000000 0.000000 143.000000 52.000000
2.0500 69.1200 24.6900 0.000000 0.000000 142.000000 53.000000
2.0600 69.1200 24.6900 13.000000 0.000000 142.000000 53.000000
2.0700 69.1200 24.4200 50.000000 1.000000 142.000000 53.000000
2.0800 69.1200 24.2700 106.000000 0.000000 142.000000 53.000000
2.0900 69.1200 24.0000 141.000000 0.000000 143.000000 53.000000
2.1000 69.1900 23.7200 168.000000 0.000000 143.000000 53.000000
2.1100 69.3100 23.4100 191.000000 0.000000 145.000000 54.000000
2.1200 69.4400 23.0700 211.000000 0.000000 145.000000 54.000000
2.1300 69.5300 22.7100 225.000000 0.000000 145.000000 54.000000
2.1400 69.6000 22.4400 228.000000 0.000000 145.000000 54.000000
2.1500 69.6000 22.2300 230.000000 0.000000 145.000000 54.000000
2.1600 69.6000 22.1600 232.000000 0.000000 146.000000 53.000000
2.1700 69.6000 22.1600 232.000000 0.000000 146.000000 53.000000
2.1800 69.6000 22.1000 232.000000 0.000000 146.000000 53.000000
2.1900 69.4600 22.1000 223.000000 0.000000 147.000000 52.000000
2.2000 69.2700 22.1000 225.000000 0.000000 147.000000 52.000000
2.2100 69.0300 22.1000 223.000000 0.000000 147.000000 52.000000
2.2200 68.7900 22.1600 250.000000 0.000000 147.000000 52.000000
2.2300 68.5600 22.1600 304.000000 0.000000 147.000000 52.000000
2.2400 68.3700 22.1600 364.000000 0.000000 147.000000 52.000000
2.2500 68.2000 22.0000 423.000000 0.000000 147.000000 52.000000
2.2600 68.0600 21.8600 483.000000 0.000000 149.000000 52.000000
2.2700 67.9800 21.6800 510.000000 0.000000 149.000000 52.000000
2.2800 67.9800 21.5200 512.000000 0.000000 149.000000 52.000000
2.2900 67.9800 21.3900 516.000000 0.000000 150.000000 52.000000
2.3000 68.1500 21.2300 493.000000 0.000000 150.000000 52.000000
2.3100 68.3100 21.1000 414.000000 0.000000 152.000000 53.000000
2.3200 68.4800 21.1000 172.000000 0.000000 152.000000 53.000000
2.3300 68.4800 21.1000 0.000000 1.000000 152.000000 53.000000
2.3400 69.2100 21.3800 0.000000 0.000000 152.000000 53.000000
2.3500 69.5600 21.6700 0.000000 0.000000 152.000000 53.000000
2.3600 69.9400 21.9900 0.000000 0.000000 150.000000 52.000000
2.3700 70.3100 22.1800 0.000000 0.000000 150.000000 52.000000
2.3800 70.6800 22.3500 0.000000 0.000000 151.000000 51.000000
2.3900 71.0100 22.4700 0.000000 0.000000 151.000000 51.000000
2.4000 71.1500 22.4700 0.000000 0.000000 151.000000 51.000000
2.4100 71.1500 22.4700 0.000000 0.000000 151.000000 51.000000
2.4200 71.0000 22.3500 0.000000 0.000000 152.000000 51.000000
2.4300 70.7900 22.2400 0.000000 0.000000 153.000000 51.000000
2.4400 70.5400 22.1300 0.000000 0.000000 153.000000 51.000000
2.4500 70.3600 22.0400 0.000000 0.000000 153.000000 51.000000
2.4600 70.1900 21.9700 0.000000 0.000000 153.000000 51.000000
2.4700 70.1400 21.9200 0.000000 0.000000 151.000000 51.000000
2.4800 70.1400 21.9200 180.000000 1.000000 151.000000 51.000000
2.4900 70.1400 21.9200 282.000000 0.000000 151.000000 51.000000
2.5000 70.1400 21.9200 422.000000 0.000000 151.000000 51.000000
2.5100 70.1400 21.9200 489.000000 0.000000 150.000000 51.000000
2.5200 70.1400 21.9200 540.000000 0.000000 149.000000 52.000000
2.5300 70.1400 21.9200 567.000000 0.000000 149.000000 52.000000
2.5400 70.1400 21.9200 570.000000 0.000000 149.000000 52.000000
2.5500 70.1400 21.9200 556.000000 0.000000 149.000000 52.000000
2.5600 70.1400 21.9200 497.000000 0.000000 149.000000 52.000000
2.5700 70.4300 22.1300 341.000000 0.000000 149.000000 52.000000
2.5800 70.6600 22.2300 58.000000 0.000000 149.000000 52.000000
2.5900 70.6600 22.2300 0.000000 1.000000 149.000000 52.000000
2.6000 71.1600 22.5200 0.000000 0.000000 149.000000 52.000000
2.6100 71.4800 22.8000 0.000000 0.000000 150.000000 52.000000
2.6200 71.8500 23.0900 0.000000 0.000000 150.000000 52.000000
2.6300 72.2700 23.4200 0.000000 0.000000 150.000000 52.000000
2.6400 72.6900 23.7800 0.000000 0.000000 152.000000 53.000000
2.6500 73.0600 24.1400 0.000000 0.000000 152.000000 53.000000
2.6600 73.3900 24.4800 0.000000 0.000000 152.000000 53.000000
2.6700 73.6200 24.7800 0.000000 0.000000 153.000000 52.000000
2.6800 73.7200 25.0300 0.000000 0.000000 154.000000 52.000000
2.6900 73.7200 25.2100 0.000000 0.000000 154.000000 52.000000
2.7000 73.5800 25.3400 0.000000 0.000000 154.000000 52.000000
2.7100 73.5800 25.3400 0.000000 0.000000 154.000000 52.000000
2.7200 73.1000 25.4900 0.000000 0.000000 154.000000 52.000000
2.7300 72.7600 25.5400 0.000000 0.000000 153.000000 52.000000
2.7400 72.3000 25.5400 0.000000 0.000000 152.000000 53.000000
2.7500 71.7600 25.5400 0.000000 0.000000 152.000000 53.000000
2.7600 71.3100 25.5400 0.000000 0.000000 152.000000 53.000000
2.7700 70.9200 25.5400 0.000000 0.000000 151.000000 53.000000
2.7800 70.9200 25.5400 168.000000 1.000000 151.000000 53.000000
2.7900 70.9200 25.5400 172.000000 0.000000 150.000000 54.000000
2.8000 70.9200 25.5400 215.000000 0.000000 150.000000 54.000000
2.8100 71.1700 25.6100 257.000000 0.000000 148.000000 54.000000
2.8200 71.5500 25.6100 301.000000 0.000000 148.000000 54.000000
2.8300 72.0800 25.6100 330.000000 0.000000 148.000000 54.000000
2.8400 72.6600 25.7200 344.000000 0.000000 148.000000 54.000000
2.8500 73.3200 25.9000 345.000000 0.000000 150.000000 54.000000
2.8600 74.0300 26.1200 334.000000 0.000000 150.000000 54.000000
2.8700 74.5000 26.3300 339.000000 0.000000 150.000000 54.000000
2.8800 74.6800 26.4800 359.000000 0.000000 151.000000 54.000000
2.8900 74.6800 26.5600 371.000000 0.000000 152.000000 54.000000
2.9000 74.4800 26.5600 377.000000 0.000000 152.000000 54.000000
2.9100 74.0700 26.5600 387.000000 0.000000 152.000000 54.000000
2.9200 73.5000 26.4000 405.000000 0.000000 152.000000 54.000000
2.9300 72.9100 26.1600 425.000000 0.000000 153.000000 53.000000
2.9400 72.5400 25.9100 417.000000 0.000000 153.000000 53.000000
2.9500 72.3100 25.6600 418.000000 0.000000 152.000000 54.000000
2.9600 72.3600 25.3400 410.000000 0.000000 152.000000 54.000000
2.9700 72.4600 25.0100 388.000000 0.000000 152.000000 54.000000
2.9800 72.8300 24.6900 394.000000 0.000000 151.000000 53.000000
2.9900 73.3500 24.4000 386.000000 0.000000 150.000000 54.000000
3.0000 73.9700 24.1200 386.000000 0.000000 150.000000 54.000000
3.0100 74.5500 23.8500 387.000000 0.000000 151.000000 54.000000
3.0200 74.9500 23.5800 392.000000 0.000000 151.000000 54.000000
3.0300 75.2400 23.3200 420.000000 0.000000 151.000000 54.000000
3.0400 75.3000 23.1300 450.000000 0.000000 153.000000 54.000000
3.0500 75.1800 22.9700 447.000000 0.000000 153.000000 54.000000
3.0600 74.9400 22.7500 422.000000 0.000000 153.000000 54.000000
3.0700 74.4600 22.5300 363.000000 0.000000 153.000000 54.000000
3.0800 73.8300 22.2900 101.000000 0.000000 154.000000 53.000000
3.0900 73.8300 22.2900 0.000000 1.000000 154.000000 53.000000
3.1000 71.6200 21.6300 0.000000 0.000000 154.000000 53.000000
3.1100 70.1600 21.3200 0.000000 0.000000 155.000000 52.000000
3.1200 68.7200 21.0000 0.000000 0.000000 154.000000 52.000000
3.1300 66.7900 20.6500 0.000000 0.000000 154.000000 52.000000
3.1400 64.8600 20.2200 0.000000 0.000000 153.000000 52.000000
3.1500 62.9200 19.7200 0.000000 0.000000 151.000000 51.000000
3.1600 60.7900 19.1100 0.000000 0.000000 149.000000 52.000000
3.1700 58.5400 18.4100 0.000000 0.000000 149.000000 52.000000
3.1800 56.3000 17.6300 0.000000 0.000000 148.000000 51.000000
3.1900 54.2400 16.8400 0.000000 0.000000 148.000000 51.000000
3.2000 52.4600 16.0500 0.000000 0.000000 148.000000 51.000000
3.2100 50.8100 15.4800 0.000000 0.000000 147.000000 51.000000
3.2200 49.6400 15.0600 0.000000 0.000000 147.000000 51.000000
3.2300 49.0200 14.8500 0.000000 0.000000 147.000000 51.000000
3.2400 48.7700 14.8500 0.000000 0.000000 148.000000 51.000000
3.2500 48.9300 15.0300 0.000000 0.000000 148.000000 51.000000
3.2600 49.2600 15.2500 0.000000 0.000000 149.000000 51.000000
3.2700 49.7000 15.5400 0.000000 0.000000 149.000000 51.000000
3.2800 50.1900 15.8700 0.000000 0.000000 148.000000 51.000000
3.2900 50.7100 16.2600 0.000000 0.000000 148.000000 51.000000
3.3000 51.1300 16.7400 0.000000 0.000000 148.000000 51.000000
3.3100 51.4800 17.2800 0.000000 0.000000 148.000000 51.000000
3.3200 51.9900 17.8200 0.000000 0.000000 148.000000 51.000000
3.3300 52.5500 18.3900 0.000000 0.000000 147.000000 52.000000
3.3400 52.8900 18.9700 0.000000 0.000000 147.000000 52.000000
3.3500 53.0600 19.5100 0.000000 0.000000 146.000000 52.000000
3.3600 53.0600 19.5100 109.000000 1.000000 146.000000 52.000000
3.3700 52.9300 20.5300 143.000000 0.000000 145.000000 53.000000
3.3800 52.7300 20.9100 207.000000 0.000000 145.000000 53.000000
3.3900 52.6200 21.2200 270.000000 0.000000 145.000000 53.000000
3.4000 52.5300 21.4000 291.000000 0.000000 145.000000 53.000000
3.4100 52.5300 21.4000 344.000000 0.000000 145.000000 53.000000
3.4200 52.5300 21.2200 386.000000 0.000000 145.000000 53.000000
3.4300 52.7000 20.6300 433.000000 0.000000 146.000000 52.000000
3.4400 52.8200 19.6500 505.000000 0.000000 146.000000 52.000000
3.4500 52.9200 18.4200 546.000000 0.000000 147.000000 52.000000
3.4600 53.0000 16.7400 592.000000 0.000000 147.000000 52.000000
3.4700 53.0000 15.0300 634.000000 0.000000 146.000000 53.000000
3.4800 53.0000 13.5900 637.000000 0.000000 146.000000 53.000000
3.4900 53.0000 12.3400 644.000000 0.000000 145.000000 54.000000
3.5000 53.0000 11.3400 633.000000 0.000000 145.000000 54.000000
3.5100 53.0000 10.8000 548.000000 0.000000 145.000000 55.000000
3.5200 53.0000 10.5800 257.000000 0.000000 144.000000 56.000000
3.5300 53.0000 10.5800 0.000000 1.000000 143.000000 56.000000
3.5400 52.9200 10.6000 0.000000 0.000000 142.000000 57.000000
3.5500 52.7100 10.8700 0.000000 0.000000 142.000000 57.000000
3.5600 52.3400 11.1500 0.000000 0.000000 142.000000 57.000000
3.5700 51.8500 11.3900 0.000000 0.000000 140.000000 56.000000
3.5800 51.3000 11.3900 0.000000 0.000000 141.000000 56.000000
3.5900 50.7700 11.3400 0.000000 0.000000 141.000000 56.000000
3.6000 50.2600 11.1100 0.000000 0.000000 141.000000 55.000000
3.6100 49.7300 10.8600 0.000000 0.000000 142.000000 54.000000
3.6200 49.2100 10.5700 0.000000 0.000000 142.000000 53.000000
3.6300 48.6800 10.2400 0.000000 0.000000 142.000000 53.000000
3.6400 48.2100 9.9900 0.000000 0.000000 142.000000 53.000000
3.6500 47.8000 9.7900 0.000000 0.000000 142.000000 52.000000
3.6600 47.5000 9.6700 0.000000 0.000000 143.000000 52.000000
3.6700 47.3100 9.6700 0.000000 0.000000 142.000000 53.000000
3.6800 47.2300 9.6700 0.000000 0.000000 143.000000 53.000000
3.6900 47.4200 9.8400 0.000000 0.000000 143.000000 53.000000
3.7000 47.7700 10.0100 0.000000 0.000000 145.000000 54.000000
3.7100 48.2700 10.2400 0.000000 0.000000 144.000000 54.000000
3.7200 48.7600 10.5300 0.000000 0.000000 144.000000 54.000000
3.7300 49.2300 10.7800 0.000000 0.000000 143.000000 55.000000
3.7400 49.2300 10.7800 30.000000 1.000000 143.000000 55.000000
3.7500 49.9200 11.2500 95.000000 0.000000 141.000000 56.000000
3.7600 50.2400 11.4800 146.000000 0.000000 139.000000 56.000000
3.7700 50.4300 11.7100 226.000000 0.000000 139.000000 56.000000
3.7800 50.4300 11.8300 307.000000 0.000000 136.000000 56.000000
3.7900 50.4300 11.8800 371.000000 0.000000 136.000000 56.000000
3.8000 50.3200 11.8800 382.000000 0.000000 135.000000 57.000000
3.8100 50.1500 11.7800 414.000000 0.000000 135.000000 57.000000
3.8200 49.9100 11.6300 431.000000 0.000000 136.000000 57.000000
3.8300 49.6200 11.4100 458.000000 0.000000 136.000000 57.000000
3.8400 49.3200 11.1800 486.000000 0.000000 136.000000 57.000000
3.8500 49.0200 10.9500 492.000000 0.000000 136.000000 57.000000
3.8600 48.8400 10.7200 494.000000 0.000000 138.000000 57.000000
3.8700 48.6900 10.5600 492.000000 0.000000 138.000000 57.000000
3.8800 48.6900 10.4700 501.000000 0.000000 136.000000 56.000000
3.8900 48.9000 10.3100 499.000000 0.000000 136.000000 56.000000
3.9000 49.1800 10.2100 501.000000 0.000000 136.000000 56.000000
3.9100 49.5200 10.1500 502.000000 0.000000 136.000000 56.000000
3.9200 49.9400 10.0800 505.000000 0.000000 136.000000 56.000000
3.9300 50.3500 10.0200 507.000000 0.000000 139.000000 56.000000
3.9400 50.6500 10.0200 502.000000 0.000000 139.000000 56.000000
3.9500 50.9000 9.9300 497.000000 0.000000 139.000000 56.000000
3.9600 51.0900 9.8700 491.000000 0.000000 139.000000 56.000000
3.9700 51.1600 9.7800 491.000000 0.000000 140.000000 56.000000
3.9800 51.1600 9.7200 497.000000 0.000000 140.000000 56.000000
3.9900 51.1100 9.7200 510.000000 0.000000 140.000000 56.000000
4.0000 50.9000 9.5900 512.000000 0.000000 140.000000 56.000000
4.0100 50.5800 9.4800 521.000000 0.000000 141.000000 56.000000
4.0200 50.2100 9.3600 537.000000 0.000000 141.000000 56.000000
4.0300 49.8400 9.2900 546.000000 0.000000 141.000000 56.000000
4.0400 49.4800 9.2900 565.000000 0.000000 141.000000 56.000000
4.0500 49.1300 9.2900 564.000000 0.000000 141.000000 56.000000
4.0600 48.8600 9.3600 564.000000 0.000000 140.000000 55.000000
4.0700 48.7400 9.5100 554.000000 0.000000 140.000000 55.000000
4.0800 48.7400 9.7000 505.000000 0.000000 140.000000 55.000000
4.0900 48.8000 9.9700 423.000000 0.000000 140.000000 55.000000
4.1000 49.0400 10.2900 228.000000 0.000000 140.000000 55.000000
4.1100 49.0400 10.2900 0.000000 1.000000 138.000000 55.000000
4.1200 49.8600 10.8400 0.000000 0.000000 138.000000 55.000000
4.1300 50.2900 11.0900 0.000000 0.000000 138.000000 55.000000
4.1400 50.6900 11.2200 0.000000 0.000000 138.000000 55.000000
4.1500 51.1300 11.2800 0.000000 0.000000 138.000000 55.000000
4.1600 51.5500 11.3800 0.000000 0.000000 139.000000 56.000000
4.1700 51.8400 11.4400 0.000000 0.000000 139.000000 56.000000
4.1800 52.0400 11.4400 0.000000 0.000000 139.000000 56.000000
4.1900 52.1000 11.4400 0.000000 0.000000 139.000000 56.000000
4.2000 52.1000 11.4400 0.000000 0.000000 139.000000 56.000000
4.2100 52.0500 11.4400 0.000000 0.000000 139.000000 56.000000
4.2200 52.0500 11.4400 0.000000 0.000000 139.000000 56.000000
4.2300 52.0500 11.5700 0.000000 0.000000 139.000000 56.000000
4.2400 52.0500 11.5700 44.000000 1.000000 138.000000 57.000000
4.2500 52.2600 11.8200 109.000000 0.000000 138.000000 57.000000
4.2600 52.3900 11.9500 168.000000 0.000000 139.000000 57.000000
4.2700 52.5200 11.9500 210.000000 0.000000 138.000000 58.000000
4.2800 52.5900 12.0200 225.000000 0.000000 138.000000 58.000000
4.2900 52.5900 12.0200 253.000000 0.000000 136.000000 58.000000
4.3000 52.6400 12.0200 279.000000 0.000000 136.000000 58.000000
4.3100 52.6400 11.9300 314.000000 0.000000 136.000000 58.000000
4.3200 52.5500 11.8700 341.000000 0.000000 136.000000 58.000000
4.3300 52.4200 11.7600 392.000000 0.000000 136.000000 58.000000
4.3400 52.1600 11.5800 412.000000 0.000000 136.000000 58.000000
4.3500 51.8000 11.3700 465.000000 0.000000 136.000000 58.000000
4.3600 51.4800 11.1600 491.000000 0.000000 136.000000 58.000000
4.3700 51.1600 10.9600 519.000000 0.000000 136.000000 58.000000
4.3800 51.0000 10.7800 519.000000 0.000000 136.000000 58.000000
4.3900 50.9300 10.6200 519.000000 0.000000 138.000000 58.000000
4.4000 50.9900 10.4600 518.000000 0.000000 136.000000 57.000000
4.4100 51.1100 10.2900 522.000000 0.000000 136.000000 57.000000
4.4200 51.3900 10.2200 515.000000 0.000000 138.000000 57.000000
4.4300 51.7600 10.2200 518.000000 0.000000 138.000000 57.000000
4.4400 52.2100 10.2200 519.000000 0.000000 139.000000 57.000000
4.4500 52.6600 10.2800 519.000000 0.000000 139.000000 57.000000
4.4600 52.9800 10.4100 519.000000 0.000000 139.000000 57.000000
4.4700 53.2200 10.5500 530.000000 0.000000 139.000000 57.000000
4.4800 53.3200 10.6800 532.000000 0.000000 140.000000 58.000000
4.4900 53.3200 10.8400 543.000000 0.000000 139.000000 58.000000
4.5000 53.2700 11.0900 561.000000 0.000000 139.000000 58.000000
4.5100 53.0800 11.4000 574.000000 0.000000 139.000000 58.000000
4.5200 52.8700 11.8100 578.000000 0.000000 138.000000 59.000000
4.5300 52.6400 12.2100 591.000000 0.000000 138.000000 59.000000
4.5400 52.4900 12.6000 599.000000 0.000000 138.000000 59.000000
4.5500 52.4900 12.9300 599.000000 0.000000 138.000000 59.000000
4.5600 52.6200 13.2100 603.000000 0.000000 138.000000 59.000000
4.5700 52.9000 13.4100 595.000000 0.000000 138.000000 59.000000
4.5800 53.2400 13.5600 586.000000 0.000000 138.000000 59.000000
4.5900 53.6300 13.6200 586.000000 0.000000 136.000000 58.000000
4.6000 54.0300 13.6200 563.000000 0.000000 136.000000 58.000000
4.6100 54.4700 13.5600 556.000000 0.000000 138.000000 59.000000
4.6200 54.8300 13.4300 541.000000 0.000000 138.000000 59.000000
4.6300 55.1300 13.2600 533.000000 0.000000 138.000000 59.000000
4.6400 55.2800 13.0800 530.000000 0.000000 139.000000 58.000000
4.6500 55.2100 12.8700 544.000000 0.000000 139.000000 58.000000
4.6600 55.0000 12.6600 539.000000 0.000000 139.000000 58.000000
4.6700 54.6400 12.4300 546.000000 0.000000 139.000000 58.000000
4.6800 54.1700 12.1900 580.000000 0.000000 139.000000 58.000000
4.6900 53.6300 11.9600 602.000000 0.000000 139.000000 58.000000
4.7000 53.2600 11.7300 620.000000 0.000000 141.000000 59.000000
4.7100 53.1400 11.5400 628.000000 0.000000 141.000000 59.000000
4.7200 53.1900 11.3700 627.000000 0.000000 141.000000 59.000000
4.7300 53.3200 11.1500 631.000000 0.000000 141.000000 59.000000
4.7400 53.5000 10.9700 630.000000 0.000000 141.000000 59.000000
4.7500 53.8800 10.8300 628.000000 0.000000 141.000000 59.000000
4.7600 54.3700 10.7400 620.000000 0.000000 141.000000 59.000000
4.7700 54.9800 10.7900 606.000000 0.000000 141.000000 59.000000
4.7800 55.6000 10.9300 561.000000 0.000000 141.000000 59.000000
4.7900 56.2400 11.1200 515.000000 0.000000 141.000000 59.000000
4.8000 56.6900 11.3100 486.000000 0.000000 139.000000 60.000000
4.8100 57.0200 11.5000 472.000000 0.000000 139.000000 60.000000
4.8200 57.0200 11.7000 472.000000 0.000000 141.000000 60.000000
4.8300 56.9200 11.7600 496.000000 0.000000 141.000000 60.000000
4.8400 56.9200 11.7600 517.000000 0.000000 141.000000 60.000000
4.8500 56.3300 11.7600 546.000000 0.000000 141.000000 60.000000
4.8600 55.8900 11.7000 539.000000 0.000000 141.000000 60.000000
4.8700 55.4000 11.6100 535.000000 0.000000 141.000000 60.000000
4.8800 55.0000 11.5300 535.000000 0.000000 141.000000 60.000000
4.8900 54.6600 11.4700 526.000000 0.000000 141.000000 60.000000
4.9000 54.4500 11.4700 499.000000 0.000000 141.000000 60.000000
4.9100 54.4500 11.5600 468.000000 0.000000 141.000000 60.000000
4.9200 54.6900 11.7200 420.000000 0.000000 141.000000 60.000000
4.9300 55.1600 12.0400 354.000000 0.000000 141.000000 60.000000
4.9400 55.8500 12.4800 332.000000 0.000000 141.000000 60.000000
4.9500 56.6800 12.9900 329.000000 0.000000 141.000000 60.000000
4.9600 57.7000 13.5000 340.000000 0.000000 141.000000 60.000000
4.9700 58.8700 14.1800 372.000000 0.000000 141.000000 60.000000
4.9800 60.1300 14.9700 389.000000 0.000000 141.000000 60.000000
4.9900 61.2900 15.8600 425.000000 0.000000 142.000000 59.000000
5.0000 62.2800 16.7500 473.000000 0.000000 143.000000 59.000000
5.0100 63.1500 17.6400 540.000000 0.000000 144.000000 58.000000
5.0200 63.5200 18.3000 563.000000 0.000000 146.000000 57.000000
5.0300 63.4600 18.7400 572.000000 0.000000 147.000000 56.000000
5.0400 63.1000 19.0400 589.000000 0.000000 148.000000 56.000000
5.0500 62.1500 19.2000 600.000000 0.000000 149.000000 55.000000
5.0600 60.6900 19.0700 592.000000 0.000000 149.000000 55.000000
5.0700 58.8800 18.7500 606.000000 0.000000 150.000000 54.000000
5.0800 56.4200 18.0400 638.000000 0.000000 150.000000 54.000000
5.0900 53.9100 17.0800 671.000000 0.000000 151.000000 53.000000
5.1000 51.3600 15.9600 673.000000 0.000000 151.000000 53.000000
5.1100 49.5700 15.0800 672.000000 0.000000 151.000000 53.000000
5.1200 48.7400 14.5500 661.000000 0.000000 150.000000 54.000000
5.1300 48.5400 14.2600 643.000000 0.000000 148.000000 54.000000
5.1400 49.1700 14.0600 647.000000 0.000000 148.000000 54.000000
5.1500 50.6900 14.0600 625.000000 0.000000 147.000000 55.000000
5.1600 52.7900 14.1100 617.000000 0.000000 148.000000 56.000000
5.1700 55.3200 14.4000 622.000000 0.000000 148.000000 56.000000
5.1800 57.8800 14.6900 641.000000 0.000000 148.000000 56.000000
5.1900 59.8600 14.9500 671.000000 0.000000 149.000000 56.000000
5.2000 61.4400 15.1500 694.000000 0.000000 149.000000 56.000000
5.2100 61.8500 15.1500 761.000000 0.000000 149.000000 56.000000
5.2200 61.2100 15.0300 770.000000 0.000000 149.000000 56.000000
5.2300 59.8700 14.7200 765.000000 0.000000 149.000000 56.000000
5.2400 57.2400 14.1700 770.000000 0.000000 148.000000 57.000000
5.2500 53.8600 13.4600 791.000000 0.000000 148.000000 57.000000
5.2600 49.9700 12.9000 818.000000 0.000000 148.000000 57.000000
5.2700 46.5900 12.5200 863.000000 0.000000 147.000000 56.000000
5.2800 44.2000 12.2500 861.000000 0.000000 146.000000 57.000000
5.2900 42.4700 12.4300 870.000000 0.000000 146.000000 57.000000
5.3000 42.2400 13.0100 855.000000 0.000000 146.000000 57.000000
5.3100 43.5500 13.8600 855.000000 0.000000 146.000000 57.000000
5.3200 45.8900 15.5900 858.000000 0.000000 146.000000 57.000000
5.3300 50.3400 17.6900 834.000000 0.000000 148.000000 57.000000
5.3400 56.3000 20.0300 796.000000 0.000000 149.000000 56.000000
5.3500 63.2700 22.2100 661.000000 0.000000 151.000000 56.000000
5.3600 71.3500 24.3700 100.000000 0.000000 153.000000 56.000000
