0.0000 17.0500 17.8700 284.000000 1.000000 171.000000 42.000000
0.0100 16.9400 18.3600 279.000000 0.000000 170.000000 44.000000
0.0200 16.7700 17.6000 291.000000 0.000000 171.000000 46.000000
0.0300 16.6100 16.1800 307.000000 0.000000 170.000000 48.000000
0.0400 16.7100 14.0900 314.000000 0.000000 169.000000 50.000000
0.0500 16.9800 11.9300 316.000000 0.000000 169.000000 50.000000
0.0600 17.3000 9.7300 304.000000 0.000000 170.000000 51.000000
0.0700 17.6200 8.0500 305.000000 0.000000 170.000000 51.000000
0.0800 17.9600 6.5600 329.000000 0.000000 170.000000 51.000000
0.0900 18.3100 5.2000 353.000000 0.000000 172.000000 50.000000
0.1000 18.4900 4.3700 381.000000 0.000000 173.000000 49.000000
0.1100 18.4900 3.8000 431.000000 0.000000 174.000000 49.000000
0.1200 18.1300 3.4000 481.000000 0.000000 177.000000 49.000000
0.1300 17.1600 3.2700 529.000000 0.000000 179.000000 49.000000
0.1400 15.8200 3.3300 556.000000 0.000000 180.000000 49.000000
0.1500 14.1900 3.5100 589.000000 0.000000 182.000000 49.000000
0.1600 12.5400 3.6700 620.000000 0.000000 186.000000 49.000000
0.1700 10.8700 3.9400 637.000000 0.000000 189.000000 49.000000
0.1800 9.8100 4.2800 655.000000 0.000000 191.000000 48.000000
0.1900 9.1400 4.5300 638.000000 0.000000 193.000000 47.000000
0.2000 9.2900 4.7900 617.000000 0.000000 196.000000 46.000000
0.2100 10.4600 5.2800 585.000000 0.000000 196.000000 44.000000
0.2200 12.3200 5.9300 583.000000 0.000000 196.000000 43.000000
0.2300 15.1100 6.6500 556.000000 0.000000 195.000000 43.000000
0.2400 18.6700 7.3200 577.000000 0.000000 194.000000 43.000000
0.2500 22.7300 7.9500 581.000000 0.000000 192.000000 43.000000
0.2600 26.4900 8.1300 578.000000 0.000000 190.000000 45.000000
0.2700 29.5800 8.0400 586.000000 0.000000 189.000000 47.000000
0.2800 32.2100 7.7700 578.000000 0.000000 187.000000 48.000000
0.2900 33.6800 7.3200 572.000000 0.000000 185.000000 50.000000
0.3000 34.1400 6.6700 586.000000 0.000000 183.000000 52.000000
0.3100 33.9300 5.8800 592.000000 0.000000 181.000000 53.000000
0.3200 32.9600 5.0800 597.000000 0.000000 180.000000 54.000000
0.3300 31.0700 4.3700 602.000000 0.000000 180.000000 55.000000
0.3400 28.5700 3.7200 614.000000 0.000000 180.000000 55.000000
0.3500 25.4500 3.5300 631.000000 0.000000 180.000000 55.000000
0.3600 22.4200 3.6400 641.000000 0.000000 180.000000 55.000000
0.3700 19.4600 3.9600 642.000000 0.000000 180.000000 55.000000
0.3800 17.3100 4.3800 633.000000 0.000000 181.000000 54.000000
0.3900 16.1200 4.7900 588.000000 0.000000 185.000000 54.000000
0.4000 15.5800 5.1600 533.000000 0.000000 188.000000 53.000000
0.4100 16.1800 5.3000 540.000000 0.000000 191.000000 51.000000
0.4200 17.8200 5.3000 548.000000 0.000000 192.000000 50.000000
0.4300 20.1600 4.8600 564.000000 0.000000 193.000000 49.000000
0.4400 23.2900 4.3700 580.000000 0.000000 193.000000 49.000000
0.4500 26.4700 3.7800 592.000000 0.000000 192.000000 49.000000
0.4600 29.6900 3.1200 591.000000 0.000000 191.000000 50.000000
0.4700 31.9900 2.3700 564.000000 0.000000 188.000000 53.000000
0.4800 33.1600 1.5500 543.000000 0.000000 185.000000 54.000000
0.4900 33.5800 1.1300 566.000000 0.000000 181.000000 56.000000
0.5000 32.8300 1.0500 580.000000 0.000000 180.000000 57.000000
0.5100 30.9400 1.1900 625.000000 0.000000 180.000000 59.000000
0.5200 28.2900 1.6700 673.000000 0.000000 180.000000 60.000000
0.5300 24.8000 2.3400 707.000000 0.000000 180.000000 60.000000
0.5400 21.3700 3.1300 725.000000 0.000000 180.000000 60.000000
0.5500 18.4500 3.9700 725.000000 0.000000 180.000000 59.000000
0.5600 15.8500 4.8700 693.000000 0.000000 183.000000 57.000000
0.5700 14.5000 5.8100 667.000000 0.000000 186.000000 56.000000
0.5800 14.3000 6.7300 620.000000 0.000000 190.000000 54.000000
0.5900 14.8600 7.7300 570.000000 0.000000 191.000000 51.000000
0.6000 16.8100 8.7800 554.000000 0.000000 192.000000 50.000000
0.6100 19.7200 9.7200 556.000000 0.000000 193.000000 50.000000
0.6200 23.2700 10.2100 530.000000 0.000000 193.000000 50.000000
0.6300 26.8500 10.3900 447.000000 0.000000 192.000000 50.000000
0.6400 29.9600 10.2000 232.000000 0.000000 190.000000 52.000000
0.6500 29.9600 10.2000 0.000000 1.000000 188.000000 53.000000
0.6600 34.6400 9.3200 0.000000 0.000000 186.000000 55.000000
0.6700 35.4800 9.0000 0.000000 0.000000 183.000000 56.000000
0.6800 35.6300 8.8900 0.000000 0.000000 182.000000 57.000000
0.6900 34.7900 8.8900 0.000000 0.000000 180.000000 57.000000
0.7000 33.3900 9.0300 0.000000 0.000000 180.000000 57.000000
0.7100 31.6200 9.3400 0.000000 0.000000 180.000000 57.000000
0.7200 29.5400 9.7800 0.000000 0.000000 180.000000 56.000000
0.7300 27.3100 10.3700 0.000000 0.000000 179.000000 54.000000
0.7400 24.9800 11.0400 0.000000 0.000000 177.000000 52.000000
0.7500 22.9200 11.7600 0.000000 0.000000 176.000000 50.000000
0.7600 21.1200 12.6300 0.000000 0.000000 176.000000 48.000000
0.7700 19.4800 13.4700 0.000000 0.000000 175.000000 46.000000
0.7800 18.3900 14.2400 0.000000 0.000000 173.000000 45.000000
0.7900 17.6200 14.9400 0.000000 0.000000 173.000000 43.000000
0.8000 17.0700 15.5500 0.000000 0.000000 171.000000 42.000000
0.8100 16.7200 16.1600 0.000000 0.000000 170.000000 41.000000
0.8200 16.3700 16.7700 0.000000 0.000000 171.000000 40.000000
0.8300 16.0400 17.1800 0.000000 0.000000 172.000000 40.000000
0.8400 15.6100 17.6000 0.000000 0.000000 173.000000 42.000000
0.8500 15.1200 18.0300 0.000000 0.000000 174.000000 44.000000
0.8600 14.4900 18.3500 0.000000 0.000000 177.000000 46.000000
0.8700 13.9100 18.4700 0.000000 0.000000 180.000000 49.000000
0.8800 13.3500 18.4700 0.000000 0.000000 183.000000 52.000000
0.8900 13.3500 18.4700 315.000000 1.000000 187.000000 54.000000
0.9000 12.7800 18.3800 327.000000 0.000000 191.000000 57.000000
0.9100 12.7800 18.3800 342.000000 0.000000 193.000000 58.000000
0.9200 13.0100 18.2100 391.000000 0.000000 195.000000 59.000000
0.9300 13.6300 17.9100 458.000000 0.000000 195.000000 59.000000
0.9400 14.4900 17.6100 521.000000 0.000000 193.000000 58.000000
0.9500 15.8600 17.3100 554.000000 0.000000 193.000000 58.000000
0.9600 17.5900 17.1600 556.000000 0.000000 192.000000 58.000000
0.9700 19.5700 17.1600 496.000000 0.000000 189.000000 60.000000
0.9800 21.4800 17.0900 377.000000 0.000000 187.000000 60.000000
