0.0000 49.3300 50.3600 110.000000 1.000000 329.000000 55.000000
0.0100 49.0200 50.3600 682.000000 0.000000 329.000000 56.000000
0.0200 49.1700 50.3600 793.000000 0.000000 330.000000 57.000000
0.0300 49.4800 50.2700 879.000000 0.000000 330.000000 58.000000
0.0400 49.9000 50.1600 894.000000 0.000000 332.000000 59.000000
0.0500 50.5200 50.0200 879.000000 0.000000 331.000000 60.000000
0.0600 51.6200 50.0200 799.000000 0.000000 331.000000 60.000000
0.0700 53.0300 49.9700 728.000000 0.000000 330.000000 60.000000
0.0800 55.3700 49.9700 699.000000 0.000000 328.000000 60.000000
0.0900 57.7600 49.9700 728.000000 0.000000 326.000000 60.000000
0.1000 60.1800 49.9700 725.000000 0.000000 323.000000 59.000000
0.1100 61.2900 49.9700 724.000000 0.000000 320.000000 58.000000
0.1200 61.7300 49.9700 702.000000 0.000000 319.000000 57.000000
0.1300 61.7300 49.9700 688.000000 0.000000 316.000000 56.000000
0.1400 61.3700 49.9700 666.000000 0.000000 314.000000 55.000000
0.1500 60.3700 49.8600 622.000000 0.000000 313.000000 54.000000
0.1600 58.9400 50.0100 551.000000 0.000000 313.000000 54.000000
0.1700 57.0800 50.3000 468.000000 0.000000 313.000000 54.000000
0.1800 55.3300 50.7300 467.000000 0.000000 313.000000 54.000000
0.1900 53.6500 51.1800 491.000000 0.000000 314.000000 55.000000
0.2000 52.5300 51.3300 499.000000 0.000000 315.000000 55.000000
0.2100 51.7300 51.2800 491.000000 0.000000 316.000000 56.000000
0.2200 51.1300 51.1300 353.000000 0.000000 318.000000 57.000000
0.2300 51.1300 51.1300 0.000000 1.000000 320.000000 58.000000
0.2400 50.5800 50.6600 0.000000 0.000000 322.000000 58.000000
0.2500 50.5800 50.5900 0.000000 0.000000 323.000000 59.000000
0.2600 50.6500 50.5900 0.000000 0.000000 323.000000 59.000000
0.2700 50.8100 50.5900 0.000000 0.000000 324.000000 58.000000
0.2800 51.0200 50.6900 0.000000 0.000000 324.000000 58.000000
0.2900 51.2100 50.8100 0.000000 0.000000 326.000000 57.000000
0.3000 51.3900 50.9000 0.000000 0.000000 326.000000 57.000000
0.3100 51.5400 50.9000 0.000000 0.000000 326.000000 57.000000
0.3200 51.6300 50.9000 0.000000 0.000000 327.000000 56.000000
0.3300 51.6800 50.7500 0.000000 0.000000 327.000000 56.000000
0.3400 51.6800 50.6500 0.000000 0.000000 327.000000 56.000000
0.3500 51.6800 50.5600 0.000000 0.000000 328.000000 56.000000
0.3600 51.6000 50.4900 0.000000 0.000000 326.000000 55.000000
0.3700 51.6000 50.4100 0.000000 0.000000 326.000000 55.000000
0.3800 51.6000 50.3000 0.000000 0.000000 326.000000 55.000000
0.3900 51.6000 50.1700 0.000000 0.000000 326.000000 55.000000
0.4000 51.6000 49.9900 0.000000 0.000000 326.000000 55.000000
0.4100 51.6600 49.8400 0.000000 0.000000 326.000000 55.000000
0.4200 51.7300 49.7500 0.000000 0.000000 326.000000 55.000000
0.4300 51.7300 49.6900 0.000000 0.000000 326.000000 55.000000
0.4400 51.8300 49.6900 0.000000 0.000000 326.000000 55.000000
0.4500 51.9200 49.6100 0.000000 0.000000 326.000000 55.000000
0.4600 52.0600 49.6100 0.000000 0.000000 326.000000 55.000000
0.4700 52.2200 49.6100 0.000000 0.000000 326.000000 55.000000
0.4800 52.4000 49.7300 0.000000 0.000000 325.000000 55.000000
0.4900 52.6700 49.8300 0.000000 0.000000 325.000000 55.000000
0.5000 52.9300 49.9300 0.000000 0.000000 325.000000 55.000000
0.5100 53.1700 50.0500 0.000000 0.000000 324.000000 54.000000
0.5200 53.3600 50.1600 0.000000 0.000000 324.000000 54.000000
0.5300 53.5300 50.2200 0.000000 0.000000 324.000000 54.000000
0.5400 53.6500 50.2200 0.000000 0.000000 324.000000 54.000000
0.5500 53.7600 50.3600 0.000000 0.000000 324.000000 54.000000
0.5600 53.8400 50.5000 0.000000 0.000000 322.000000 54.000000
0.5700 53.9100 50.7300 0.000000 0.000000 324.000000 54.000000
0.5800 53.9600 50.9300 0.000000 0.000000 325.000000 54.000000
0.5900 53.9600 51.1100 0.000000 0.000000 325.000000 54.000000
0.6000 53.8700 51.2800 0.000000 0.000000 324.000000 54.000000
0.6100 53.6000 51.4700 0.000000 0.000000 324.000000 54.000000
0.6200 53.2100 51.6800 0.000000 0.000000 324.000000 54.000000
0.6300 52.7500 51.8200 0.000000 0.000000 324.000000 54.000000
0.6400 52.3100 51.9200 0.000000 0.000000 325.000000 55.000000
0.6500 52.0000 51.8200 0.000000 0.000000 325.000000 55.000000
0.6600 51.7600 51.4800 0.000000 0.000000 325.000000 55.000000
0.6700 51.7600 50.9700 0.000000 0.000000 324.000000 56.000000
0.6800 51.7600 50.2300 0.000000 0.000000 324.000000 56.000000
0.6900 51.9300 49.4600 0.000000 0.000000 324.000000 56.000000
0.7000 52.0700 48.6800 0.000000 0.000000 324.000000 56.000000
0.7100 52.1700 48.2200 0.000000 0.000000 323.000000 56.000000
0.7200 52.2200 48.0300 0.000000 0.000000 323.000000 56.000000
0.7300 52.2200 48.0300 0.000000 0.000000 323.000000 56.000000
0.7400 52.2200 48.0300 0.000000 0.000000 322.000000 57.000000
0.7500 52.2200 48.0300 0.000000 0.000000 322.000000 57.000000
0.7600 52.2200 48.0300 0.000000 0.000000 320.000000 56.000000
0.7700 52.5000 48.0800 0.000000 0.000000 320.000000 56.000000
0.7800 52.6100 48.1400 0.000000 0.000000 320.000000 56.000000
0.7900 52.7000 48.2100 0.000000 0.000000 318.000000 57.000000
0.8000 52.7900 48.2600 0.000000 0.000000 318.000000 57.000000
0.8100 52.8700 48.3600 0.000000 0.000000 318.000000 57.000000
0.8200 52.9500 48.4700 0.000000 0.000000 318.000000 57.000000
0.8300 53.0100 48.5800 0.000000 0.000000 318.000000 57.000000
0.8400 53.0100 48.6600 0.000000 0.000000 318.000000 57.000000
0.8500 53.0100 48.7300 0.000000 0.000000 318.000000 57.000000
0.8600 53.0100 48.7900 0.000000 0.000000 315.000000 57.000000
0.8700 53.0100 48.8900 0.000000 0.000000 315.000000 57.000000
0.8800 53.0100 48.8900 0.000000 0.000000 315.000000 57.000000
0.8900 53.0100 48.8900 0.000000 0.000000 315.000000 57.000000
0.9000 53.0100 48.8900 0.000000 0.000000 315.000000 57.000000
0.9100 53.0700 48.8400 0.000000 0.000000 315.000000 57.000000
0.9200 53.1500 48.8400 0.000000 0.000000 315.000000 57.000000
0.9300 53.2200 48.7600 0.000000 0.000000 315.000000 57.000000
0.9400 53.2800 48.7100 0.000000 0.000000 315.000000 57.000000
0.9500 53.2800 48.6600 0.000000 0.000000 315.000000 57.000000
0.9600 53.3700 48.5800 0.000000 0.000000 315.000000 57.000000
0.9700 53.4400 48.4800 0.000000 0.000000 315.000000 57.000000
0.9800 53.5200 48.3900 0.000000 0.000000 315.000000 57.000000
0.9900 53.5800 48.3200 0.000000 0.000000 315.000000 57.000000
1.0000 53.6300 48.2700 0.000000 0.000000 315.000000 57.000000
1.0100 53.6900 48.2700 0.000000 0.000000 315.000000 57.000000
1.0200 53.6900 48.3400 0.000000 0.000000 315.000000 57.000000
1.0300 53.6900 48.4500 0.000000 0.000000 315.000000 57.000000
1.0400 53.6900 48.5700 0.000000 0.000000 315.000000 57.000000
1.0500 53.6100 48.7200 0.000000 0.000000 315.000000 57.000000
1.0600 53.6100 48.9000 0.000000 0.000000 315.000000 57.000000
1.0700 53.6100 49.1100 0.000000 0.000000 314.000000 57.000000
1.0800 53.6100 49.3700 0.000000 0.000000 314.000000 57.000000
1.0900 53.6100 49.7000 0.000000 0.000000 314.000000 57.000000
1.1000 53.6100 49.7000 83.000000 1.000000 314.000000 58.000000
1.1100 53.5600 50.4500 304.000000 0.000000 314.000000 58.000000
1.1200 53.5600 50.6900 473.000000 0.000000 314.000000 58.000000
1.1300 53.6400 50.6900 624.000000 0.000000 312.000000 59.000000
1.1400 53.6400 50.6900 728.000000 0.000000 312.000000 59.000000
1.1500 53.6400 50.5400 776.000000 0.000000 312.000000 59.000000
1.1600 53.7700 50.0800 809.000000 0.000000 311.000000 60.000000
1.1700 53.9800 49.1800 811.000000 0.000000 311.000000 60.000000
1.1800 54.2200 47.9900 809.000000 0.000000 311.000000 60.000000
1.1900 54.4000 46.2800 805.000000 0.000000 311.000000 60.000000
1.2000 54.5300 44.9900 814.000000 0.000000 312.000000 59.000000
1.2100 54.3000 43.9800 806.000000 0.000000 312.000000 59.000000
1.2200 54.0700 43.5800 791.000000 0.000000 314.000000 58.000000
1.2300 53.7400 43.5000 790.000000 0.000000 315.000000 58.000000
1.2400 53.3500 43.6300 787.000000 0.000000 316.000000 57.000000
1.2500 52.8400 44.1300 791.000000 0.000000 318.000000 57.000000
1.2600 52.3200 44.7000 750.000000 0.000000 319.000000 56.000000
1.2700 51.8900 45.3300 725.000000 0.000000 320.000000 56.000000
1.2800 51.5200 45.8700 728.000000 0.000000 320.000000 56.000000
1.2900 51.3700 46.1000 740.000000 0.000000 320.000000 56.000000
1.3000 51.3700 46.1000 754.000000 0.000000 320.000000 58.000000
1.3100 51.4200 46.1000 756.000000 0.000000 320.000000 58.000000
1.3200 51.5800 45.9300 737.000000 0.000000 320.000000 58.000000
1.3300 51.8400 45.7200 538.000000 0.000000 320.000000 58.000000
1.3400 51.8400 45.7200 0.000000 1.000000 320.000000 58.000000
1.3500 52.4600 45.4600 0.000000 0.000000 320.000000 58.000000
1.3600 52.6900 45.4600 0.000000 0.000000 320.000000 58.000000
1.3700 52.8200 45.6100 0.000000 0.000000 320.000000 58.000000
1.3800 52.9600 45.6600 0.000000 0.000000 320.000000 58.000000
1.3900 53.0500 45.7200 0.000000 0.000000 319.000000 57.000000
1.4000 53.0500 45.8000 0.000000 0.000000 320.000000 56.000000
1.4100 52.9600 45.9300 0.000000 0.000000 319.000000 56.000000
1.4200 52.8100 45.9300 0.000000 0.000000 319.000000 56.000000
1.4300 52.8100 45.7300 0.000000 0.000000 319.000000 56.000000
1.4400 52.9000 45.4800 0.000000 0.000000 318.000000 55.000000
1.4500 53.0400 45.2100 0.000000 0.000000 319.000000 55.000000
1.4600 53.2200 44.9300 0.000000 0.000000 319.000000 55.000000
1.4700 53.4200 44.7600 0.000000 0.000000 317.000000 54.000000
1.4800 53.6400 44.6300 0.000000 0.000000 320.000000 54.000000
1.4900 53.8100 44.6300 0.000000 0.000000 320.000000 54.000000
1.5000 53.9900 44.8100 0.000000 0.000000 321.000000 53.000000
1.5100 54.1800 44.8800 0.000000 0.000000 321.000000 53.000000
1.5200 54.3300 44.8800 0.000000 0.000000 321.000000 53.000000
1.5300 54.4700 44.8800 0.000000 0.000000 322.000000 53.000000
1.5400 54.6200 44.8000 0.000000 0.000000 322.000000 53.000000
1.5500 54.7700 44.6700 0.000000 0.000000 322.000000 53.000000
1.5600 54.7700 44.5000 0.000000 0.000000 322.000000 53.000000
1.5700 54.7100 44.4300 0.000000 0.000000 322.000000 53.000000
1.5800 54.5700 44.4300 0.000000 0.000000 323.000000 53.000000
1.5900 54.4300 44.4300 0.000000 0.000000 323.000000 53.000000
1.6000 54.2700 44.5100 0.000000 0.000000 323.000000 53.000000
1.6100 54.1000 44.6200 0.000000 0.000000 323.000000 53.000000
1.6200 53.8900 44.7400 0.000000 0.000000 323.000000 53.000000
1.6300 53.5800 44.8400 0.000000 0.000000 325.000000 54.000000
1.6400 53.2000 44.9300 0.000000 0.000000 325.000000 54.000000
1.6500 52.9200 45.0100 0.000000 0.000000 324.000000 54.000000
1.6600 52.6400 45.0900 0.000000 0.000000 325.000000 55.000000
1.6700 52.6400 45.0900 107.000000 1.000000 325.000000 55.000000
1.6800 52.3900 45.3500 324.000000 0.000000 324.000000 56.000000
1.6900 52.3400 45.4500 460.000000 0.000000 325.000000 56.000000
1.7000 52.3400 45.5500 586.000000 0.000000 325.000000 56.000000
1.7100 52.3400 45.5500 669.000000 0.000000 324.000000 57.000000
1.7200 52.2700 45.5500 757.000000 0.000000 326.000000 57.000000
1.7300 52.2700 45.5500 840.000000 0.000000 324.000000 58.000000
1.7400 52.2700 45.5500 908.000000 0.000000 326.000000 58.000000
1.7500 52.3300 45.3900 897.000000 0.000000 326.000000 58.000000
1.7600 52.5900 45.2200 939.000000 0.000000 326.000000 58.000000
1.7700 53.0000 44.9700 927.000000 0.000000 326.000000 58.000000
1.7800 53.5000 44.6800 892.000000 0.000000 326.000000 58.000000
1.7900 54.2800 44.3700 869.000000 0.000000 326.000000 58.000000
1.8000 55.3300 44.1600 811.000000 0.000000 324.000000 58.000000
1.8100 56.5700 44.1600 737.000000 0.000000 324.000000 58.000000
1.8200 58.0800 44.3800 702.000000 0.000000 324.000000 57.000000
1.8300 59.5600 44.5400 675.000000 0.000000 323.000000 56.000000
1.8400 60.2600 44.6700 644.000000 0.000000 321.000000 56.000000
1.8500 60.4500 44.7400 548.000000 0.000000 320.000000 54.000000
1.8600 60.3700 44.7400 339.000000 0.000000 319.000000 54.000000
1.8700 60.2600 44.7400 222.000000 0.000000 317.000000 53.000000
1.8800 59.9100 44.8000 44.000000 0.000000 319.000000 52.000000
1.8900 59.9100 44.8000 0.000000 1.000000 319.000000 52.000000
1.9000 58.9000 45.0600 0.000000 0.000000 317.000000 52.000000
1.9100 58.5700 45.2700 0.000000 0.000000 317.000000 52.000000
1.9200 58.3600 45.3900 0.000000 0.000000 317.000000 52.000000
1.9300 58.3600 45.4400 0.000000 0.000000 317.000000 52.000000
1.9400 58.4800 45.5400 0.000000 0.000000 317.000000 52.000000
1.9500 58.7000 45.6500 0.000000 0.000000 319.000000 52.000000
1.9600 59.0600 45.8100 0.000000 0.000000 317.000000 53.000000
1.9700 59.4200 46.0100 0.000000 0.000000 317.000000 53.000000
1.9800 59.7700 46.2300 0.000000 0.000000 317.000000 53.000000
1.9900 60.1100 46.4300 0.000000 0.000000 317.000000 53.000000
2.0000 60.4200 46.5700 0.000000 0.000000 317.000000 53.000000
2.0100 60.7300 46.6900 0.000000 0.000000 316.000000 54.000000
2.0200 61.0100 46.7800 0.000000 0.000000 316.000000 54.000000
2.0300 61.2400 46.7800 0.000000 0.000000 316.000000 54.000000
2.0400 61.4100 46.8300 0.000000 0.000000 316.000000 54.000000
2.0500 61.5300 46.8300 0.000000 0.000000 314.000000 54.000000
2.0600 61.5800 46.8300 0.000000 0.000000 314.000000 54.000000
2.0700 61.5800 46.8900 0.000000 0.000000 314.000000 54.000000
2.0800 61.4000 46.8000 0.000000 0.000000 314.000000 54.000000
2.0900 61.1800 46.6500 0.000000 0.000000 315.000000 54.000000
2.1000 60.9400 46.4000 0.000000 0.000000 315.000000 54.000000
2.1100 60.7000 46.0800 0.000000 0.000000 315.000000 54.000000
2.1200 60.4500 45.7100 0.000000 0.000000 316.000000 55.000000
2.1300 60.1900 45.3900 0.000000 0.000000 316.000000 55.000000
2.1400 60.0300 45.1300 0.000000 0.000000 316.000000 55.000000
2.1500 59.9100 44.9800 0.000000 0.000000 318.000000 55.000000
2.1600 59.8300 44.9200 0.000000 0.000000 319.000000 55.000000
2.1700 59.8300 44.9200 0.000000 0.000000 319.000000 55.000000
2.1800 59.8300 45.0200 0.000000 0.000000 319.000000 55.000000
2.1900 59.8300 45.0200 104.000000 1.000000 320.000000 54.000000
2.2000 59.8300 45.0200 172.000000 0.000000 320.000000 54.000000
2.2100 59.8300 45.0200 257.000000 0.000000 320.000000 54.000000
2.2200 59.8300 45.0200 364.000000 0.000000 320.000000 54.000000
2.2300 59.8300 45.0200 430.000000 0.000000 321.000000 55.000000
2.2400 59.6500 45.3000 470.000000 0.000000 320.000000 55.000000
2.2500 59.7200 45.3600 486.000000 0.000000 320.000000 55.000000
2.2600 59.8000 45.4600 496.000000 0.000000 320.000000 55.000000
2.2700 59.8800 45.6000 494.000000 0.000000 320.000000 55.000000
2.2800 60.0100 45.8000 537.000000 0.000000 319.000000 56.000000
2.2900 60.1800 46.0100 544.000000 0.000000 319.000000 56.000000
2.3000 60.5000 46.4300 538.000000 0.000000 319.000000 56.000000
2.3100 60.9800 46.9800 529.000000 0.000000 318.000000 57.000000
2.3200 61.5600 48.0800 491.000000 0.000000 318.000000 57.000000
2.3300 62.3600 49.5000 450.000000 0.000000 316.000000 57.000000
2.3400 63.1200 51.1400 450.000000 0.000000 314.000000 57.000000
2.3500 63.2500 52.6600 446.000000 0.000000 312.000000 58.000000
2.3600 62.9800 53.6800 431.000000 0.000000 311.000000 58.000000
2.3700 62.6500 54.3800 371.000000 0.000000 310.000000 58.000000
2.3800 62.2800 54.5600 345.000000 0.000000 308.000000 58.000000
2.3900 61.8800 54.2000 382.000000 0.000000 307.000000 59.000000
2.4000 61.6300 53.4700 433.000000 0.000000 305.000000 59.000000
2.4100 61.4800 52.1000 505.000000 0.000000 305.000000 59.000000
2.4200 61.4800 50.4800 567.000000 0.000000 306.000000 60.000000
2.4300 61.5800 48.6900 605.000000 0.000000 306.000000 60.000000
2.4400 61.6800 46.7800 637.000000 0.000000 306.000000 60.000000
2.4500 61.8000 45.0400 691.000000 0.000000 306.000000 60.000000
2.4600 61.9000 43.4100 696.000000 0.000000 306.000000 60.000000
2.4700 61.8000 42.5400 700.000000 0.000000 308.000000 59.000000
2.4800 61.5700 42.1600 669.000000 0.000000 309.000000 59.000000
2.4900 61.2600 42.1000 664.000000 0.000000 309.000000 59.000000
2.5000 60.9500 42.2100 665.000000 0.000000 312.000000 59.000000
2.5100 60.6300 42.4500 655.000000 0.000000 314.000000 58.000000
2.5200 60.3200 42.7800 641.000000 0.000000 315.000000 58.000000
2.5300 60.0100 43.1100 639.000000 0.000000 315.000000 58.000000
2.5400 59.8300 43.2900 638.000000 0.000000 315.000000 58.000000
2.5500 59.7200 43.3700 647.000000 0.000000 316.000000 57.000000
2.5600 59.7200 43.3700 641.000000 0.000000 316.000000 57.000000
2.5700 59.7900 43.3700 641.000000 0.000000 316.000000 57.000000
2.5800 59.7900 43.3700 636.000000 0.000000 318.000000 58.000000
2.5900 59.9300 43.4400 628.000000 0.000000 318.000000 58.000000
2.6000 60.1000 43.5600 602.000000 0.000000 318.000000 58.000000
2.6100 60.2200 43.6800 585.000000 0.000000 318.000000 58.000000
2.6200 60.3400 43.7900 586.000000 0.000000 318.000000 58.000000
2.6300 60.4400 43.7900 584.000000 0.000000 318.000000 58.000000
2.6400 60.5100 43.7900 567.000000 0.000000 318.000000 58.000000
2.6500 60.5600 43.6800 553.000000 0.000000 318.000000 58.000000
2.6600 60.5600 43.6000 526.000000 0.000000 318.000000 58.000000
2.6700 60.6100 43.6000 468.000000 0.000000 316.000000 57.000000
2.6800 60.6100 43.6000 435.000000 0.000000 316.000000 57.000000
2.6900 60.6100 43.7100 428.000000 0.000000 316.000000 57.000000
2.7000 60.5400 43.8000 418.000000 0.000000 316.000000 57.000000
2.7100 60.4900 43.8000 389.000000 0.000000 316.000000 57.000000
2.7200 60.4900 43.8000 366.000000 0.000000 316.000000 57.000000
2.7300 60.4300 43.8000 363.000000 0.000000 316.000000 57.000000
2.7400 60.3800 43.8000 361.000000 0.000000 316.000000 57.000000
2.7500 60.3200 43.8000 327.000000 0.000000 316.000000 57.000000
2.7600 60.2100 43.8000 270.000000 0.000000 316.000000 57.000000
2.7700 60.1000 43.8000 212.000000 0.000000 316.000000 57.000000
2.7800 59.9800 43.8000 195.000000 0.000000 316.000000 57.000000
2.7900 59.8800 43.8700 178.000000 0.000000 318.000000 58.000000
2.8000 59.7800 43.9300 175.000000 0.000000 318.000000 58.000000
2.8100 59.7000 44.0100 175.000000 0.000000 318.000000 58.000000
2.8200 59.6100 44.1000 202.000000 0.000000 318.000000 58.000000
2.8300 59.5000 44.2000 270.000000 0.000000 318.000000 58.000000
2.8400 59.3900 44.2700 338.000000 0.000000 318.000000 58.000000
2.8500 59.2800 44.2700 418.000000 0.000000 318.000000 58.000000
2.8600 59.1600 44.4100 504.000000 0.000000 319.000000 58.000000
2.8700 59.0500 44.5700 545.000000 0.000000 319.000000 58.000000
2.8800 59.0500 44.8300 617.000000 0.000000 319.000000 58.000000
2.8900 59.1300 45.1400 690.000000 0.000000 321.000000 59.000000
2.9000 59.3500 45.4800 745.000000 0.000000 321.000000 59.000000
2.9100 59.8300 45.8800 761.000000 0.000000 319.000000 60.000000
2.9200 60.4900 46.3100 753.000000 0.000000 319.000000 60.000000
2.9300 61.5600 46.5100 763.000000 0.000000 319.000000 60.000000
2.9400 63.1600 46.5100 719.000000 0.000000 316.000000 60.000000
2.9500 65.1100 46.3600 708.000000 0.000000 316.000000 60.000000
2.9600 67.0400 46.0700 721.000000 0.000000 315.000000 59.000000
2.9700 68.0300 45.7600 707.000000 0.000000 314.000000 58.000000
2.9800 68.3900 45.4500 691.000000 0.000000 311.000000 57.000000
2.9900 68.4600 45.2100 667.000000 0.000000 310.000000 56.000000
3.0000 68.1700 44.9600 673.000000 0.000000 310.000000 55.000000
3.0100 67.6300 44.6000 671.000000 0.000000 309.000000 55.000000
3.0200 66.7800 44.1700 669.000000 0.000000 309.000000 55.000000
3.0300 65.4700 43.7300 673.000000 0.000000 308.000000 54.000000
3.0400 63.8600 43.4500 673.000000 0.000000 310.000000 54.000000
3.0500 62.1500 43.2700 639.000000 0.000000 310.000000 54.000000
3.0600 60.7000 43.2700 614.000000 0.000000 311.000000 55.000000
3.0700 59.4100 43.1900 620.000000 0.000000 312.000000 55.000000
3.0800 58.6800 43.1900 609.000000 0.000000 314.000000 56.000000
3.0900 58.3800 43.1900 561.000000 0.000000 316.000000 56.000000
3.1000 58.3800 43.2600 556.000000 0.000000 318.000000 57.000000
3.1100 58.5800 43.3900 489.000000 0.000000 316.000000 57.000000
3.1200 58.9000 43.5600 480.000000 0.000000 318.000000 58.000000
3.1300 59.2800 43.6800 410.000000 0.000000 318.000000 58.000000
3.1400 59.6500 43.7800 339.000000 0.000000 318.000000 58.000000
3.1500 60.0200 43.9000 302.000000 0.000000 318.000000 58.000000
3.1600 60.3700 44.0100 269.000000 0.000000 318.000000 58.000000
3.1700 60.6400 44.1100 245.000000 0.000000 318.000000 58.000000
3.1800 60.8100 44.2100 228.000000 0.000000 318.000000 58.000000
3.1900 60.8800 44.2100 225.000000 0.000000 318.000000 58.000000
3.2000 60.8800 44.2100 214.000000 0.000000 318.000000 58.000000
3.2100 60.7600 44.1600 191.000000 0.000000 318.000000 58.000000
3.2200 60.5700 44.1000 95.000000 0.000000 318.000000 58.000000
3.2300 60.3000 44.0500 41.000000 0.000000 318.000000 58.000000
3.2400 60.3000 44.0500 0.000000 1.000000 318.000000 58.000000
3.2500 59.5700 43.9500 0.000000 0.000000 318.000000 58.000000
3.2600 59.1900 43.9000 0.000000 0.000000 318.000000 58.000000
3.2700 58.8400 43.8400 0.000000 0.000000 318.000000 58.000000
3.2800 58.4000 43.7700 0.000000 0.000000 319.000000 58.000000
3.2900 58.0100 43.6600 0.000000 0.000000 319.000000 58.000000
3.3000 57.7300 43.5600 0.000000 0.000000 319.000000 58.000000
3.3100 57.5000 43.4600 0.000000 0.000000 321.000000 59.000000
3.3200 57.3100 43.3700 0.000000 0.000000 323.000000 59.000000
3.3300 57.1100 43.2800 0.000000 0.000000 323.000000 59.000000
3.3400 56.9000 43.2000 0.000000 0.000000 325.000000 59.000000
3.3500 56.6500 43.1200 0.000000 0.000000 326.000000 60.000000
3.3600 56.6500 43.1200 20.000000 1.000000 328.000000 60.000000
3.3700 56.2500 42.9900 137.000000 0.000000 328.000000 60.000000
3.3800 55.9600 42.9900 241.000000 0.000000 328.000000 60.000000
3.3900 55.6300 42.9900 364.000000 0.000000 328.000000 60.000000
3.4000 55.2300 42.9900 486.000000 0.000000 328.000000 60.000000
3.4100 54.8000 42.9900 611.000000 0.000000 328.000000 60.000000
3.4200 54.3900 43.0700 675.000000 0.000000 328.000000 60.000000
3.4300 54.1000 43.0700 740.000000 0.000000 326.000000 60.000000
3.4400 53.8800 43.0700 823.000000 0.000000 328.000000 60.000000
3.4500 53.8800 43.0700 879.000000 0.000000 328.000000 60.000000
3.4600 54.1100 43.0700 894.000000 0.000000 328.000000 60.000000
3.4700 54.5000 43.1400 896.000000 0.000000 328.000000 60.000000
3.4800 55.2500 43.2100 906.000000 0.000000 328.000000 60.000000
3.4900 56.4000 43.2800 903.000000 0.000000 328.000000 60.000000
3.5000 57.8200 43.3300 842.000000 0.000000 328.000000 60.000000
3.5100 60.3100 43.4000 737.000000 0.000000 326.000000 60.000000
3.5200 63.4000 43.4000 696.000000 0.000000 325.000000 59.000000
3.5300 66.8900 43.3300 679.000000 0.000000 323.000000 59.000000
3.5400 69.2400 43.1600 702.000000 0.000000 319.000000 58.000000
3.5500 70.3100 42.8800 687.000000 0.000000 316.000000 57.000000
3.5600 70.5300 42.5400 694.000000 0.000000 315.000000 57.000000
3.5700 70.1100 42.0800 703.000000 0.000000 312.000000 55.000000
3.5800 68.8800 41.4100 746.000000 0.000000 310.000000 55.000000
3.5900 67.1000 40.6100 759.000000 0.000000 309.000000 55.000000
3.6000 64.5100 40.1600 767.000000 0.000000 308.000000 54.000000
3.6100 60.9400 40.0700 749.000000 0.000000 308.000000 54.000000
3.6200 56.7200 40.2200 758.000000 0.000000 309.000000 55.000000
3.6300 54.0500 40.2200 767.000000 0.000000 311.000000 56.000000
3.6400 52.3100 40.2800 777.000000 0.000000 312.000000 57.000000
3.6500 51.1800 40.2800 793.000000 0.000000 315.000000 58.000000
3.6600 51.0300 40.2800 809.000000 0.000000 318.000000 59.000000
3.6700 51.3500 40.2800 791.000000 0.000000 321.000000 60.000000
3.6800 51.9700 40.3700 776.000000 0.000000 324.000000 61.000000
3.6900 53.0300 40.6200 755.000000 0.000000 326.000000 62.000000
3.7000 54.4200 40.9800 678.000000 0.000000 326.000000 62.000000
3.7100 56.0400 41.5600 581.000000 0.000000 327.000000 61.000000
3.7200 58.2000 42.1800 560.000000 0.000000 327.000000 61.000000
3.7300 60.4500 42.5500 642.000000 0.000000 325.000000 60.000000
3.7400 62.7500 42.7600 666.000000 0.000000 322.000000 59.000000
3.7500 64.0600 42.6400 675.000000 0.000000 321.000000 59.000000
3.7600 64.6900 42.4700 675.000000 0.000000 319.000000 57.000000
3.7700 64.8600 42.2700 676.000000 0.000000 318.000000 57.000000
3.7800 64.7100 42.0500 691.000000 0.000000 316.000000 56.000000
3.7900 63.5200 41.8000 694.000000 0.000000 315.000000 55.000000
3.8000 61.6400 41.5200 694.000000 0.000000 315.000000 55.000000
3.8100 58.7600 41.3000 690.000000 0.000000 315.000000 55.000000
3.8200 55.5600 41.0600 707.000000 0.000000 315.000000 55.000000
3.8300 52.1500 40.6100 714.000000 0.000000 316.000000 56.000000
3.8400 48.9900 40.0400 748.000000 0.000000 319.000000 57.000000
3.8500 46.8000 39.8700 827.000000 0.000000 322.000000 58.000000
3.8600 45.2500 39.6700 872.000000 0.000000 325.000000 59.000000
3.8700 44.8800 39.4500 906.000000 0.000000 328.000000 60.000000
3.8800 45.2300 39.4500 885.000000 0.000000 331.000000 61.000000
3.8900 46.0500 39.5500 860.000000 0.000000 335.000000 62.000000
3.9000 47.6900 39.6600 817.000000 0.000000 336.000000 62.000000
3.9100 50.1100 39.9600 751.000000 0.000000 336.000000 62.000000
3.9200 53.0400 40.4600 700.000000 0.000000 336.000000 62.000000
3.9300 56.5100 41.1000 586.000000 0.000000 335.000000 62.000000
3.9400 60.0800 41.7300 653.000000 0.000000 333.000000 61.000000
3.9500 63.7100 41.9600 664.000000 0.000000 330.000000 60.000000
3.9600 65.6700 41.9600 667.000000 0.000000 326.000000 60.000000
3.9700 66.7600 41.8300 682.000000 0.000000 323.000000 59.000000
3.9800 67.2600 41.7100 697.000000 0.000000 320.000000 58.000000
3.9900 67.3700 41.5600 696.000000 0.000000 318.000000 57.000000
4.0000 67.0200 41.5600 690.000000 0.000000 315.000000 55.000000
4.0100 66.3600 41.4800 700.000000 0.000000 314.000000 55.000000
4.0200 64.5400 41.4800 700.000000 0.000000 314.000000 55.000000
4.0300 61.4800 41.4800 687.000000 0.000000 314.000000 55.000000
4.0400 57.5900 41.4800 663.000000 0.000000 314.000000 55.000000
4.0500 54.6800 41.4800 691.000000 0.000000 315.000000 55.000000
4.0600 52.4900 41.3800 697.000000 0.000000 318.000000 57.000000
4.0700 50.7900 41.1400 707.000000 0.000000 319.000000 57.000000
4.0800 49.9600 40.9000 717.000000 0.000000 322.000000 58.000000
4.0900 49.8400 40.6700 716.000000 0.000000 325.000000 59.000000
4.1000 50.1900 40.4700 670.000000 0.000000 328.000000 60.000000
4.1100 51.3800 40.3100 637.000000 0.000000 330.000000 60.000000
4.1200 53.2100 40.2200 600.000000 0.000000 331.000000 61.000000
4.1300 55.4700 40.3100 563.000000 0.000000 331.000000 61.000000
4.1400 58.2500 40.5000 504.000000 0.000000 331.000000 61.000000
4.1500 61.7000 40.6200 544.000000 0.000000 330.000000 60.000000
4.1600 65.6000 40.6200 597.000000 0.000000 326.000000 60.000000
4.1700 67.5300 40.4700 605.000000 0.000000 324.000000 60.000000
4.1800 68.7300 40.2400 622.000000 0.000000 321.000000 59.000000
4.1900 69.4300 40.0000 638.000000 0.000000 318.000000 58.000000
4.2000 69.6400 39.7600 639.000000 0.000000 315.000000 58.000000
4.2100 69.1000 39.6700 642.000000 0.000000 312.000000 57.000000
4.2200 68.0700 39.6100 644.000000 0.000000 311.000000 56.000000
4.2300 65.9900 39.6100 622.000000 0.000000 311.000000 56.000000
4.2400 62.8100 39.7700 577.000000 0.000000 311.000000 56.000000
4.2500 58.8900 40.0200 620.000000 0.000000 311.000000 56.000000
4.2600 56.1300 40.2900 653.000000 0.000000 314.000000 57.000000
4.2700 54.1700 40.2900 696.000000 0.000000 315.000000 58.000000
4.2800 52.7400 40.2100 728.000000 0.000000 318.000000 59.000000
4.2900 52.1600 40.2100 751.000000 0.000000 321.000000 60.000000
4.3000 52.3400 40.2100 777.000000 0.000000 324.000000 60.000000
4.3100 53.0300 40.3100 800.000000 0.000000 325.000000 60.000000
4.3200 54.5700 40.5000 827.000000 0.000000 327.000000 61.000000
4.3300 57.0100 40.7300 819.000000 0.000000 327.000000 61.000000
4.3400 60.0500 41.0900 793.000000 0.000000 327.000000 61.000000
4.3500 64.5900 41.5300 817.000000 0.000000 325.000000 60.000000
4.3600 68.3600 41.8100 833.000000 0.000000 324.000000 60.000000
4.3700 71.6200 41.8100 828.000000 0.000000 321.000000 59.000000
4.3800 73.6000 41.5300 824.000000 0.000000 318.000000 58.000000
4.3900 75.0800 41.2300 768.000000 0.000000 314.000000 57.000000
4.4000 76.2200 40.9900 647.000000 0.000000 311.000000 56.000000
4.4100 77.0000 40.9300 149.000000 0.000000 309.000000 55.000000
