0.0000 82.3500 38.1300 488.000000 1.000000 189.000000 57.000000
0.0100 86.5200 37.0500 423.000000 0.000000 192.000000 56.000000
0.0200 87.4300 36.7500 396.000000 0.000000 194.000000 57.000000
0.0300 86.8300 35.9800 428.000000 0.000000 196.000000 58.000000
0.0400 84.9800 34.9000 449.000000 0.000000 199.000000 59.000000
0.0500 82.3000 33.6500 439.000000 0.000000 201.000000 59.000000
0.0600 78.2100 32.3600 489.000000 0.000000 201.000000 59.000000
0.0700 73.0100 31.3400 537.000000 0.000000 201.000000 59.000000
0.0800 67.0800 30.5200 580.000000 0.000000 199.000000 60.000000
0.0900 60.2600 29.7600 611.000000 0.000000 198.000000 60.000000
0.1000 53.8400 29.2100 622.000000 0.000000 196.000000 60.000000
0.1100 47.6800 28.8100 636.000000 0.000000 193.000000 61.000000
0.1200 43.7600 28.8600 591.000000 0.000000 190.000000 63.000000
0.1300 41.9600 29.4600 519.000000 0.000000 186.000000 64.000000
0.1400 41.5600 30.4200 404.000000 0.000000 182.000000 65.000000
0.1500 43.0500 31.9000 289.000000 0.000000 180.000000 65.000000
0.1600 46.3600 33.8200 235.000000 0.000000 178.000000 66.000000
0.1700 50.8700 36.0300 344.000000 0.000000 176.000000 66.000000
0.1800 56.7800 38.0100 502.000000 0.000000 176.000000 66.000000
0.1900 62.9200 39.2100 570.000000 0.000000 176.000000 65.000000
0.2000 69.2100 39.8800 561.000000 0.000000 178.000000 64.000000
0.2100 73.4900 39.0400 569.000000 0.000000 180.000000 64.000000
0.2200 75.7900 37.5700 572.000000 0.000000 182.000000 63.000000
0.2300 76.7600 35.6900 589.000000 0.000000 186.000000 62.000000
0.2400 75.9100 33.7500 595.000000 0.000000 187.000000 62.000000
0.2500 73.5000 31.6700 602.000000 0.000000 187.000000 62.000000
0.2600 70.0600 29.5000 649.000000 0.000000 187.000000 62.000000
0.2700 65.6000 27.7700 678.000000 0.000000 187.000000 62.000000
0.2800 60.7100 26.2900 699.000000 0.000000 186.000000 64.000000
0.2900 55.5400 24.9900 716.000000 0.000000 184.000000 65.000000
0.3000 50.9500 24.2400 716.000000 0.000000 180.000000 67.000000
0.3100 47.4200 24.1000 714.000000 0.000000 175.000000 69.000000
0.3200 44.6000 24.3800 666.000000 0.000000 169.000000 71.000000
0.3300 42.9000 25.3700 603.000000 0.000000 161.000000 72.000000
0.3400 41.9800 27.2300 520.000000 0.000000 152.000000 73.000000
0.3500 41.5700 29.6800 499.000000 0.000000 145.000000 73.000000
0.3600 41.8200 32.5200 488.000000 0.000000 142.000000 72.000000
0.3700 42.4200 35.9600 519.000000 0.000000 140.000000 72.000000
0.3800 43.2500 39.7900 540.000000 0.000000 139.000000 71.000000
0.3900 44.4400 43.3200 564.000000 0.000000 141.000000 70.000000
0.4000 45.8400 45.3500 570.000000 0.000000 142.000000 68.000000
0.4100 47.3700 46.3900 564.000000 0.000000 144.000000 67.000000
0.4200 48.1600 46.1200 564.000000 0.000000 147.000000 65.000000
0.4300 48.5300 44.8800 562.000000 0.000000 148.000000 65.000000
0.4400 48.6200 43.0000 583.000000 0.000000 149.000000 63.000000
0.4500 48.3600 40.7300 611.000000 0.000000 149.000000 63.000000
0.4600 47.9900 38.0200 628.000000 0.000000 150.000000 62.000000
0.4700 47.5400 35.0100 622.000000 0.000000 150.000000 62.000000
0.4800 47.0300 32.3400 624.000000 0.000000 147.000000 62.000000
0.4900 46.5600 30.2000 614.000000 0.000000 146.000000 63.000000
0.5000 46.1500 28.4200 591.000000 0.000000 145.000000 64.000000
0.5100 45.7900 26.8600 592.000000 0.000000 142.000000 65.000000
0.5200 45.5200 25.9400 569.000000 0.000000 140.000000 66.000000
0.5300 45.4400 25.4400 537.000000 0.000000 137.000000 67.000000
0.5400 45.4400 25.3800 512.000000 0.000000 131.000000 68.000000
0.5500 45.5600 25.7700 492.000000 0.000000 127.000000 69.000000
0.5600 45.8200 26.4500 478.000000 0.000000 125.000000 70.000000
0.5700 46.2000 27.6300 496.000000 0.000000 125.000000 70.000000
0.5800 46.7900 29.0300 491.000000 0.000000 123.000000 69.000000
0.5900 47.5900 30.5900 518.000000 0.000000 123.000000 69.000000
0.6000 48.5400 31.7400 527.000000 0.000000 125.000000 68.000000
0.6100 49.4400 32.4200 546.000000 0.000000 128.000000 68.000000
0.6200 49.8600 32.8000 567.000000 0.000000 131.000000 68.000000
0.6300 49.9600 32.5700 611.000000 0.000000 133.000000 67.000000
0.6400 49.8600 31.8700 622.000000 0.000000 135.000000 67.000000
0.6500 49.6000 30.8500 636.000000 0.000000 137.000000 66.000000
0.6600 49.2400 29.6800 636.000000 0.000000 137.000000 66.000000
0.6700 48.9400 28.6000 617.000000 0.000000 137.000000 66.000000
0.6800 48.9400 27.7700 591.000000 0.000000 135.000000 65.000000
0.6900 49.0600 27.0800 561.000000 0.000000 133.000000 66.000000
0.7000 49.2700 26.7000 532.000000 0.000000 133.000000 66.000000
0.7100 49.5400 26.7000 492.000000 0.000000 133.000000 67.000000
0.7200 49.9000 27.0700 475.000000 0.000000 131.000000 68.000000
0.7300 50.3000 27.7900 495.000000 0.000000 131.000000 68.000000
0.7400 50.6700 28.4200 564.000000 0.000000 129.000000 68.000000
0.7500 50.7900 28.9800 617.000000 0.000000 129.000000 68.000000
0.7600 50.7900 29.1800 652.000000 0.000000 129.000000 68.000000
0.7700 50.6700 29.1200 681.000000 0.000000 131.000000 68.000000
0.7800 50.5900 28.9000 700.000000 0.000000 131.000000 68.000000
0.7900 50.4100 28.2000 684.000000 0.000000 133.000000 67.000000
0.8000 50.1600 27.2300 614.000000 0.000000 133.000000 67.000000
0.8100 49.9800 26.0800 473.000000 0.000000 133.000000 67.000000
0.8200 50.1200 25.4600 42.000000 0.000000 130.000000 67.000000
0.8300 50.1200 25.4600 0.000000 1.000000 130.000000 67.000000
0.8400 50.9100 25.4200 0.000000 0.000000 128.000000 68.000000
0.8500 51.3200 25.9900 0.000000 0.000000 128.000000 68.000000
0.8600 51.7000 26.6000 0.000000 0.000000 128.000000 68.000000
0.8700 52.0400 27.2500 0.000000 0.000000 128.000000 68.000000
0.8800 52.3900 27.8800 0.000000 0.000000 128.000000 68.000000
0.8900 52.7400 28.5600 0.000000 0.000000 130.000000 67.000000
0.9000 53.1100 29.2900 0.000000 0.000000 130.000000 67.000000
0.9100 53.4800 30.0400 0.000000 0.000000 131.000000 67.000000
0.9200 53.3600 31.2400 0.000000 0.000000 135.000000 65.000000
0.9300 53.4100 32.1500 0.000000 0.000000 137.000000 65.000000
0.9400 53.5600 32.8600 0.000000 0.000000 140.000000 63.000000
0.9500 53.6400 33.6800 0.000000 0.000000 143.000000 62.000000
0.9600 53.6400 34.4900 0.000000 0.000000 145.000000 60.000000
0.9700 53.6400 35.3000 0.000000 0.000000 147.000000 59.000000
0.9800 53.6400 36.2800 0.000000 0.000000 150.000000 57.000000
0.9900 53.5800 37.3700 0.000000 0.000000 153.000000 55.000000
1.0000 53.5800 38.6700 0.000000 0.000000 152.000000 54.000000
1.0100 53.9600 39.5300 0.000000 0.000000 154.000000 53.000000
1.0200 54.3600 40.1000 0.000000 0.000000 154.000000 53.000000
1.0300 54.2300 39.9200 0.000000 0.000000 154.000000 53.000000
1.0400 53.7300 39.3200 0.000000 0.000000 153.000000 54.000000
1.0500 53.0500 38.4400 0.000000 0.000000 153.000000 54.000000
1.0600 52.3700 37.2200 0.000000 0.000000 153.000000 54.000000
1.0700 51.7800 35.5700 0.000000 0.000000 153.000000 54.000000
1.0800 51.2600 33.6400 0.000000 0.000000 153.000000 54.000000
1.0900 50.7100 31.5600 0.000000 0.000000 153.000000 54.000000
1.1000 50.1800 29.7300 0.000000 0.000000 151.000000 54.000000
1.1100 49.6500 28.0700 0.000000 0.000000 150.000000 54.000000
1.1200 49.3800 26.6600 0.000000 0.000000 149.000000 55.000000
1.1300 49.3200 25.8000 0.000000 0.000000 146.000000 55.000000
1.1400 49.4000 25.3100 0.000000 0.000000 145.000000 56.000000
1.1500 49.5800 25.1900 0.000000 0.000000 144.000000 57.000000
1.1600 49.7700 25.1900 0.000000 0.000000 144.000000 58.000000
1.1700 49.9700 25.2700 0.000000 0.000000 143.000000 59.000000
1.1800 50.1900 25.3200 0.000000 0.000000 143.000000 59.000000
1.1900 50.4100 25.3800 0.000000 0.000000 145.000000 59.000000
1.2000 50.5500 25.4500 0.000000 0.000000 145.000000 59.000000
1.2100 50.6400 25.5500 0.000000 0.000000 145.000000 59.000000
1.2200 50.7000 25.7100 0.000000 0.000000 147.000000 59.000000
1.2300 50.7600 25.9000 0.000000 0.000000 147.000000 59.000000
1.2400 50.8200 26.0400 0.000000 0.000000 147.000000 59.000000
1.2500 50.9000 26.1900 0.000000 0.000000 146.000000 60.000000
1.2600 50.9700 26.3200 0.000000 0.000000 148.000000 60.000000
1.2700 51.0200 26.4100 0.000000 0.000000 148.000000 60.000000
1.2800 51.0200 26.4800 0.000000 0.000000 148.000000 60.000000
1.2900 51.0800 26.5800 0.000000 0.000000 148.000000 60.000000
1.3000 51.1300 26.7100 0.000000 0.000000 148.000000 60.000000
1.3100 51.1300 26.7600 0.000000 0.000000 148.000000 60.000000
1.3200 51.1300 26.7600 0.000000 0.000000 148.000000 60.000000
1.3300 51.0700 26.7600 0.000000 0.000000 148.000000 61.000000
1.3400 50.9900 26.7600 0.000000 0.000000 148.000000 61.000000
1.3500 50.9000 26.7100 0.000000 0.000000 148.000000 61.000000
1.3600 50.9000 26.7100 0.000000 0.000000 149.000000 63.000000
1.3700 50.9000 26.6500 0.000000 0.000000 149.000000 63.000000
1.3800 50.9000 26.6500 0.000000 0.000000 148.000000 63.000000
1.3900 50.9000 26.6500 0.000000 0.000000 150.000000 64.000000
1.4000 50.9600 26.7500 0.000000 0.000000 148.000000 65.000000
1.4100 51.0700 26.9300 0.000000 0.000000 148.000000 65.000000
1.4200 51.0700 26.9300 0.000000 0.000000 148.000000 65.000000
1.4300 51.0700 26.9300 71.000000 1.000000 148.000000 65.000000
1.4400 51.3800 27.8000 132.000000 0.000000 148.000000 65.000000
1.4500 51.5300 28.2500 220.000000 0.000000 148.000000 65.000000
1.4600 51.8100 28.7500 287.000000 0.000000 150.000000 64.000000
1.4700 52.1600 29.2200 387.000000 0.000000 150.000000 64.000000
1.4800 52.4700 29.4600 433.000000 0.000000 149.000000 63.000000
1.4900 52.6900 29.5600 471.000000 0.000000 149.000000 63.000000
1.5000 52.8500 29.4400 499.000000 0.000000 150.000000 62.000000
1.5100 52.8500 29.1100 529.000000 0.000000 150.000000 62.000000
1.5200 52.7900 28.6500 537.000000 0.000000 152.000000 62.000000
1.5300 52.6100 27.8400 553.000000 0.000000 152.000000 62.000000
1.5400 52.4200 26.9400 559.000000 0.000000 152.000000 62.000000
1.5500 52.2300 25.9700 554.000000 0.000000 152.000000 62.000000
1.5600 52.2300 25.1700 537.000000 0.000000 151.000000 63.000000
1.5700 52.3200 24.6200 530.000000 0.000000 150.000000 64.000000
1.5800 52.4200 24.2400 514.000000 0.000000 148.000000 65.000000
1.5900 52.5300 24.1100 496.000000 0.000000 147.000000 65.000000
1.6000 52.6500 24.1600 492.000000 0.000000 147.000000 65.000000
1.6100 52.7500 24.3400 499.000000 0.000000 146.000000 66.000000
1.6200 52.9800 24.7800 496.000000 0.000000 146.000000 66.000000
1.6300 53.2700 25.2900 515.000000 0.000000 146.000000 66.000000
1.6400 53.5600 25.8500 541.000000 0.000000 146.000000 66.000000
1.6500 53.8100 26.3300 565.000000 0.000000 148.000000 67.000000
1.6600 53.9300 26.7600 606.000000 0.000000 148.000000 67.000000
1.6700 53.9300 26.9400 641.000000 0.000000 148.000000 67.000000
1.6800 53.9300 26.9400 664.000000 0.000000 148.000000 67.000000
1.6900 53.9300 26.7900 685.000000 0.000000 148.000000 67.000000
1.7000 53.9300 26.4000 684.000000 0.000000 148.000000 67.000000
1.7100 53.8500 25.8800 661.000000 0.000000 149.000000 66.000000
1.7200 53.8500 25.4200 570.000000 0.000000 149.000000 66.000000
1.7300 53.9000 25.0300 423.000000 0.000000 148.000000 67.000000
1.7400 53.9600 24.6800 106.000000 0.000000 148.000000 67.000000
1.7500 53.9600 24.6800 0.000000 1.000000 148.000000 67.000000
1.7600 54.2200 24.7600 0.000000 0.000000 148.000000 67.000000
1.7700 54.3900 25.0700 0.000000 0.000000 148.000000 67.000000
1.7800 54.5600 25.4400 0.000000 0.000000 148.000000 67.000000
1.7900 54.5600 25.4400 232.000000 1.000000 146.000000 66.000000
1.8000 54.7900 26.0200 353.000000 0.000000 148.000000 67.000000
1.8100 54.7900 26.2200 438.000000 0.000000 148.000000 67.000000
1.8200 54.6900 26.2900 458.000000 0.000000 148.000000 67.000000
1.8300 54.5600 26.2900 449.000000 0.000000 148.000000 67.000000
1.8400 54.5600 26.1700 377.000000 0.000000 148.000000 67.000000
1.8500 54.5600 26.0400 93.000000 0.000000 148.000000 67.000000
1.8600 54.5600 26.0400 0.000000 1.000000 148.000000 67.000000
1.8700 54.6100 25.8500 0.000000 0.000000 148.000000 67.000000
1.8800 54.6900 25.8500 0.000000 0.000000 148.000000 67.000000
1.8900 54.7900 26.0800 0.000000 0.000000 148.000000 67.000000
1.9000 54.9700 26.5000 0.000000 0.000000 148.000000 67.000000
1.9100 55.2300 27.0700 0.000000 0.000000 149.000000 66.000000
1.9200 55.4400 27.9800 0.000000 0.000000 151.000000 66.000000
1.9300 55.6100 29.1600 0.000000 0.000000 152.000000 65.000000
1.9400 55.7000 30.5200 0.000000 0.000000 153.000000 65.000000
1.9500 55.7000 32.1300 0.000000 0.000000 154.000000 64.000000
1.9600 55.7000 32.1300 465.000000 1.000000 155.000000 63.000000
1.9700 55.7800 35.5600 477.000000 0.000000 156.000000 62.000000
1.9800 55.6900 35.7900 495.000000 0.000000 156.000000 62.000000
1.9900 55.5100 35.4400 515.000000 0.000000 157.000000 61.000000
2.0000 55.3800 34.7000 588.000000 0.000000 157.000000 61.000000
2.0100 55.4500 33.1800 642.000000 0.000000 157.000000 61.000000
2.0200 55.6400 31.4000 655.000000 0.000000 158.000000 60.000000
2.0300 55.7900 29.4600 670.000000 0.000000 158.000000 60.000000
2.0400 55.9600 27.4800 682.000000 0.000000 157.000000 61.000000
2.0500 55.9600 25.8900 667.000000 0.000000 157.000000 61.000000
2.0600 55.9000 24.5600 636.000000 0.000000 156.000000 62.000000
2.0700 55.8300 23.5200 613.000000 0.000000 155.000000 63.000000
2.0800 55.7300 22.8100 553.000000 0.000000 155.000000 63.000000
2.0900 55.5600 22.3200 499.000000 0.000000 154.000000 64.000000
2.1000 55.3400 22.2500 405.000000 0.000000 153.000000 65.000000
2.1100 55.1500 22.4800 351.000000 0.000000 152.000000 65.000000
2.1200 54.9700 22.9200 335.000000 0.000000 151.000000 66.000000
2.1300 54.8500 23.4400 327.000000 0.000000 151.000000 66.000000
2.1400 54.7800 24.0300 330.000000 0.000000 149.000000 66.000000
2.1500 54.7800 24.6700 344.000000 0.000000 148.000000 67.000000
2.1600 54.9500 25.3700 364.000000 0.000000 148.000000 67.000000
2.1700 55.2300 26.0200 396.000000 0.000000 148.000000 67.000000
2.1800 55.6200 26.6300 431.000000 0.000000 148.000000 67.000000
2.1900 56.0300 26.9700 467.000000 0.000000 148.000000 67.000000
2.2000 56.4700 27.2500 505.000000 0.000000 148.000000 67.000000
2.2100 56.9300 27.4200 530.000000 0.000000 148.000000 67.000000
2.2200 57.1900 27.3500 575.000000 0.000000 151.000000 66.000000
2.2300 57.3200 27.1400 594.000000 0.000000 151.000000 66.000000
2.2400 57.3700 26.7500 613.000000 0.000000 152.000000 65.000000
2.2500 57.2900 26.2200 613.000000 0.000000 152.000000 65.000000
2.2600 57.1200 25.5900 600.000000 0.000000 152.000000 65.000000
2.2700 56.8200 24.9900 550.000000 0.000000 152.000000 65.000000
2.2800 56.5700 24.6000 423.000000 0.000000 152.000000 65.000000
2.2900 56.4500 24.3400 63.000000 0.000000 151.000000 66.000000
2.3000 56.4500 24.3400 0.000000 1.000000 151.000000 66.000000
2.3100 56.7200 24.5700 0.000000 0.000000 150.000000 67.000000
2.3200 56.9600 25.0100 0.000000 0.000000 150.000000 67.000000
2.3300 57.2300 25.5600 0.000000 0.000000 150.000000 67.000000
2.3400 57.5600 26.1500 0.000000 0.000000 150.000000 67.000000
2.3500 57.9000 26.7800 0.000000 0.000000 152.000000 68.000000
2.3600 57.9000 26.7800 386.000000 1.000000 153.000000 67.000000
2.3700 58.3500 27.5700 455.000000 0.000000 153.000000 67.000000
2.3800 58.2800 27.6800 495.000000 0.000000 154.000000 66.000000
2.3900 58.1800 27.6800 538.000000 0.000000 155.000000 65.000000
2.4000 58.0700 27.4900 543.000000 0.000000 153.000000 65.000000
2.4100 58.0000 27.2000 522.000000 0.000000 153.000000 65.000000
2.4200 58.0000 26.9100 384.000000 0.000000 153.000000 63.000000
2.4300 58.0700 26.6200 5.000000 1.000000 153.000000 63.000000
2.4400 58.0700 26.6200 0.000000 0.000000 151.000000 64.000000
2.4500 58.3300 26.2300 0.000000 0.000000 150.000000 64.000000
2.4600 58.4100 26.1800 0.000000 0.000000 150.000000 64.000000
2.4700 58.4800 26.1800 0.000000 0.000000 148.000000 65.000000
2.4800 58.6600 26.1800 0.000000 0.000000 148.000000 65.000000
2.4900 58.9300 26.2800 0.000000 0.000000 148.000000 65.000000
2.5000 59.2600 26.4000 0.000000 0.000000 148.000000 65.000000
2.5100 59.3200 26.5200 0.000000 0.000000 150.000000 64.000000
2.5200 59.3200 26.6400 0.000000 0.000000 150.000000 64.000000
2.5300 59.2400 26.7200 0.000000 0.000000 151.000000 63.000000
2.5400 59.0600 26.8000 0.000000 0.000000 151.000000 63.000000
2.5500 59.0600 26.8000 0.000000 0.000000 151.000000 63.000000
2.5600 58.7600 26.9600 0.000000 0.000000 153.000000 63.000000
2.5700 58.6600 27.0900 0.000000 0.000000 153.000000 63.000000
2.5800 58.6600 27.0900 0.000000 0.000000 153.000000 63.000000
2.5900 58.6600 27.0900 0.000000 0.000000 154.000000 64.000000
2.6000 58.7100 26.9700 0.000000 0.000000 153.000000 65.000000
2.6100 58.8300 26.8800 0.000000 0.000000 153.000000 65.000000
2.6200 58.9800 26.8000 0.000000 0.000000 155.000000 65.000000
2.6300 59.1200 26.7000 0.000000 0.000000 155.000000 65.000000
2.6400 59.2300 26.6500 0.000000 0.000000 155.000000 65.000000
2.6500 59.3700 26.6500 0.000000 0.000000 155.000000 65.000000
2.6600 59.5400 26.7000 0.000000 0.000000 157.000000 65.000000
2.6700 59.7300 26.8000 0.000000 0.000000 157.000000 65.000000
2.6800 59.9200 26.9400 0.000000 0.000000 157.000000 65.000000
2.6900 59.9200 26.9400 101.000000 1.000000 157.000000 65.000000
2.7000 60.1300 27.3100 254.000000 0.000000 157.000000 65.000000
2.7100 60.1300 27.5200 376.000000 0.000000 157.000000 65.000000
2.7200 60.0200 27.7500 512.000000 0.000000 157.000000 65.000000
2.7300 59.8300 27.8200 603.000000 0.000000 155.000000 65.000000
2.7400 59.5700 27.8700 662.000000 0.000000 156.000000 64.000000
2.7500 59.3100 27.8700 693.000000 0.000000 154.000000 64.000000
2.7600 58.9900 27.6600 697.000000 0.000000 154.000000 64.000000
2.7700 58.6400 27.3400 702.000000 0.000000 154.000000 63.000000
2.7800 58.3000 26.9200 697.000000 0.000000 153.000000 63.000000
2.7900 57.9700 26.3800 694.000000 0.000000 153.000000 63.000000
2.8000 57.8500 25.7500 670.000000 0.000000 151.000000 63.000000
2.8100 57.8500 25.2700 638.000000 0.000000 151.000000 64.000000
2.8200 58.0200 24.9200 592.000000 0.000000 150.000000 65.000000
2.8300 58.2500 24.6700 543.000000 0.000000 150.000000 65.000000
2.8400 58.5800 24.6700 475.000000 0.000000 149.000000 66.000000
2.8500 58.9900 24.8100 427.000000 0.000000 147.000000 65.000000
2.8600 59.4200 25.1200 417.000000 0.000000 146.000000 66.000000
2.8700 59.7200 25.5100 420.000000 0.000000 146.000000 66.000000
2.8800 59.9500 25.9700 465.000000 0.000000 146.000000 66.000000
2.8900 60.1000 26.4800 496.000000 0.000000 146.000000 66.000000
2.9000 60.1600 26.9000 561.000000 0.000000 146.000000 66.000000
2.9100 60.1600 27.2700 617.000000 0.000000 149.000000 66.000000
2.9200 60.0400 27.3700 647.000000 0.000000 149.000000 66.000000
2.9300 59.9200 27.3100 640.000000 0.000000 150.000000 65.000000
2.9400 59.8100 27.2000 640.000000 0.000000 150.000000 65.000000
2.9500 59.6600 26.8900 643.000000 0.000000 150.000000 65.000000
2.9600 59.5000 26.4500 628.000000 0.000000 151.000000 64.000000
2.9700 59.3900 25.9700 603.000000 0.000000 150.000000 65.000000
2.9800 59.3400 25.4800 570.000000 0.000000 150.000000 65.000000
2.9900 59.4200 25.0900 516.000000 0.000000 150.000000 65.000000
3.0000 59.5600 24.7600 456.000000 0.000000 149.000000 66.000000
3.0100 59.5600 24.7600 379.000000 0.000000 147.000000 65.000000
3.0200 59.9300 24.7400 335.000000 0.000000 146.000000 66.000000
3.0300 60.1800 24.9500 312.000000 0.000000 146.000000 66.000000
3.0400 60.4500 25.3500 314.000000 0.000000 148.000000 67.000000
3.0500 60.7300 25.8300 334.000000 0.000000 148.000000 67.000000
3.0600 60.9700 26.3700 335.000000 0.000000 148.000000 67.000000
3.0700 61.1800 26.9500 393.000000 0.000000 150.000000 67.000000
3.0800 61.3200 27.5000 473.000000 0.000000 151.000000 66.000000
3.0900 61.4200 27.7200 546.000000 0.000000 151.000000 66.000000
3.1000 61.4200 27.7200 567.000000 0.000000 154.000000 66.000000
3.1100 61.3400 27.6600 581.000000 0.000000 154.000000 66.000000
3.1200 61.2400 27.3500 583.000000 0.000000 155.000000 65.000000
3.1300 61.0600 26.8800 570.000000 0.000000 155.000000 65.000000
3.1400 60.8800 26.4100 560.000000 0.000000 153.000000 65.000000
3.1500 60.7000 25.9400 535.000000 0.000000 153.000000 65.000000
3.1600 60.7000 25.5800 486.000000 0.000000 153.000000 65.000000
3.1700 60.8200 25.3000 423.000000 0.000000 152.000000 65.000000
3.1800 60.9800 25.2000 379.000000 0.000000 152.000000 65.000000
3.1900 61.1600 25.2600 334.000000 0.000000 149.000000 66.000000
3.2000 61.3500 25.4400 304.000000 0.000000 149.000000 66.000000
3.2100 61.5400 25.7400 317.000000 0.000000 148.000000 67.000000
3.2200 61.7200 26.0700 353.000000 0.000000 150.000000 67.000000
3.2300 61.8500 26.4300 443.000000 0.000000 150.000000 67.000000
3.2400 61.9400 26.6900 491.000000 0.000000 150.000000 67.000000
3.2500 61.9400 26.9000 546.000000 0.000000 150.000000 67.000000
3.2600 62.0200 27.0300 600.000000 0.000000 153.000000 67.000000
3.2700 62.0200 27.0300 611.000000 0.000000 153.000000 67.000000
3.2800 61.9500 26.9800 631.000000 0.000000 153.000000 67.000000
3.2900 61.9500 26.7600 645.000000 0.000000 154.000000 66.000000
3.3000 61.8900 26.4200 647.000000 0.000000 154.000000 66.000000
3.3100 61.8300 26.0000 634.000000 0.000000 154.000000 66.000000
3.3200 61.8300 25.5800 620.000000 0.000000 154.000000 66.000000
3.3300 61.8800 25.2700 564.000000 0.000000 151.000000 66.000000
3.3400 61.9800 25.0300 449.000000 0.000000 151.000000 66.000000
3.3500 62.1500 25.0300 186.000000 0.000000 151.000000 66.000000
3.3600 62.1500 25.0300 0.000000 1.000000 150.000000 67.000000
3.3700 62.6200 25.5400 0.000000 0.000000 150.000000 67.000000
3.3800 62.8300 25.9800 0.000000 0.000000 152.000000 68.000000
3.3900 63.0200 26.4400 0.000000 0.000000 152.000000 68.000000
3.4000 63.2200 26.9200 0.000000 0.000000 152.000000 68.000000
3.4100 63.3500 27.3300 0.000000 0.000000 153.000000 67.000000
3.4200 63.4400 27.7100 0.000000 0.000000 153.000000 67.000000
3.4300 63.5200 27.9500 0.000000 0.000000 156.000000 66.000000
3.4400 63.5200 28.1000 0.000000 0.000000 156.000000 66.000000
3.4500 63.5200 28.1000 235.000000 1.000000 157.000000 65.000000
3.4600 63.5200 28.5000 333.000000 0.000000 158.000000 64.000000
3.4700 63.4600 28.7700 483.000000 0.000000 158.000000 64.000000
3.4800 63.4000 28.8400 570.000000 0.000000 159.000000 64.000000
3.4900 63.3400 28.8400 569.000000 0.000000 159.000000 64.000000
3.5000 63.3900 28.8400 567.000000 0.000000 159.000000 64.000000
3.5100 63.3900 28.8400 544.000000 0.000000 160.000000 63.000000
3.5200 63.3900 28.7800 456.000000 0.000000 160.000000 63.000000
3.5300 63.3900 28.7200 246.000000 0.000000 160.000000 63.000000
3.5400 63.3900 28.7200 0.000000 1.000000 160.000000 63.000000
3.5500 63.3900 28.4800 0.000000 0.000000 158.000000 62.000000
3.5600 63.3900 28.3700 0.000000 0.000000 158.000000 62.000000
3.5700 63.3900 28.2800 0.000000 0.000000 157.000000 63.000000
3.5800 63.6200 28.0500 0.000000 0.000000 157.000000 63.000000
3.5900 64.0200 27.7300 0.000000 0.000000 157.000000 63.000000
3.6000 64.5100 27.3500 0.000000 0.000000 157.000000 63.000000
3.6100 64.9400 27.0300 0.000000 0.000000 157.000000 63.000000
3.6200 65.1500 26.7900 0.000000 0.000000 157.000000 63.000000
3.6300 65.2200 26.5900 0.000000 0.000000 157.000000 63.000000
3.6400 65.2200 26.5900 0.000000 0.000000 157.000000 63.000000
3.6500 64.9600 26.3900 0.000000 0.000000 157.000000 63.000000
3.6600 64.8100 26.3900 0.000000 0.000000 157.000000 63.000000
3.6700 64.7000 26.3200 0.000000 0.000000 157.000000 63.000000
3.6800 64.6400 26.3200 0.000000 0.000000 156.000000 64.000000
3.6900 64.7100 26.3200 0.000000 0.000000 156.000000 64.000000
3.7000 64.7100 26.3200 68.000000 1.000000 156.000000 64.000000
3.7100 65.0100 26.5300 179.000000 0.000000 155.000000 65.000000
3.7200 65.0900 26.6700 279.000000 0.000000 155.000000 65.000000
3.7300 65.0900 26.8100 415.000000 0.000000 155.000000 65.000000
3.7400 65.1900 26.9900 504.000000 0.000000 155.000000 65.000000
3.7500 65.1200 27.1900 578.000000 0.000000 157.000000 65.000000
3.7600 64.9700 27.3100 637.000000 0.000000 157.000000 65.000000
3.7700 64.8400 27.3900 667.000000 0.000000 157.000000 65.000000
3.7800 64.6000 27.2900 696.000000 0.000000 157.000000 65.000000
3.7900 64.2900 27.0900 714.000000 0.000000 158.000000 64.000000
3.8000 63.9400 26.6900 728.000000 0.000000 158.000000 64.000000
3.8100 63.6600 26.2900 722.000000 0.000000 157.000000 65.000000
3.8200 63.4200 25.8600 691.000000 0.000000 157.000000 65.000000
3.8300 63.5200 25.4600 646.000000 0.000000 157.000000 65.000000
3.8400 63.6900 25.2200 586.000000 0.000000 156.000000 66.000000
3.8500 63.9900 25.0900 501.000000 0.000000 156.000000 66.000000
3.8600 64.3500 25.2200 428.000000 0.000000 156.000000 66.000000
3.8700 64.7300 25.5000 405.000000 0.000000 155.000000 67.000000
3.8800 65.0700 25.8900 418.000000 0.000000 155.000000 67.000000
3.8900 65.2100 26.3600 433.000000 0.000000 155.000000 67.000000
3.9000 65.2100 26.8300 491.000000 0.000000 155.000000 67.000000
3.9100 65.0400 27.2900 557.000000 0.000000 155.000000 67.000000
3.9200 64.7200 27.7400 613.000000 0.000000 156.000000 66.000000
3.9300 64.3300 27.9200 640.000000 0.000000 156.000000 66.000000
3.9400 63.9400 28.0500 653.000000 0.000000 157.000000 65.000000
3.9500 63.5600 28.0500 650.000000 0.000000 157.000000 65.000000
3.9600 63.4100 27.9800 639.000000 0.000000 158.000000 64.000000
3.9700 63.4100 27.9800 622.000000 0.000000 158.000000 64.000000
3.9800 63.5200 27.8500 620.000000 0.000000 159.000000 64.000000
3.9900 63.6700 27.7100 595.000000 0.000000 159.000000 64.000000
4.0000 63.8900 27.5600 574.000000 0.000000 159.000000 64.000000
4.0100 64.1900 27.4900 561.000000 0.000000 159.000000 64.000000
4.0200 64.5300 27.4900 546.000000 0.000000 157.000000 63.000000
4.0300 64.9100 27.5600 516.000000 0.000000 157.000000 63.000000
4.0400 65.3100 27.6700 514.000000 0.000000 159.000000 64.000000
4.0500 65.7000 27.7900 519.000000 0.000000 159.000000 64.000000
4.0600 65.9700 27.8600 546.000000 0.000000 159.000000 64.000000
4.0700 66.1700 27.9200 588.000000 0.000000 159.000000 64.000000
4.0800 66.3100 27.9200 630.000000 0.000000 161.000000 64.000000
4.0900 66.3100 27.9200 671.000000 0.000000 162.000000 63.000000
4.1000 66.3100 27.9200 670.000000 0.000000 162.000000 63.000000
4.1100 66.3600 27.4700 678.000000 0.000000 161.000000 64.000000
4.1200 66.2600 27.1700 678.000000 0.000000 161.000000 64.000000
4.1300 66.1900 26.8000 667.000000 0.000000 161.000000 64.000000
4.1400 66.1400 26.4500 655.000000 0.000000 160.000000 65.000000
4.1500 66.1400 26.1600 643.000000 0.000000 160.000000 65.000000
4.1600 66.1400 25.9700 628.000000 0.000000 160.000000 66.000000
4.1700 66.2000 25.8400 610.000000 0.000000 160.000000 66.000000
4.1800 66.3300 25.8400 585.000000 0.000000 159.000000 67.000000
4.1900 66.4800 25.9600 556.000000 0.000000 159.000000 67.000000
4.2000 66.7800 26.2100 553.000000 0.000000 158.000000 67.000000
4.2100 67.1000 26.3800 565.000000 0.000000 158.000000 67.000000
4.2200 67.2500 26.5000 599.000000 0.000000 158.000000 67.000000
4.2300 67.2500 26.5000 644.000000 0.000000 160.000000 68.000000
4.2400 67.2500 26.3900 700.000000 0.000000 160.000000 68.000000
4.2500 67.1200 26.1900 721.000000 0.000000 160.000000 68.000000
4.2600 66.9800 25.9100 727.000000 0.000000 161.000000 67.000000
4.2700 66.9800 25.6900 664.000000 0.000000 161.000000 67.000000
4.2800 66.9800 25.5000 504.000000 0.000000 160.000000 68.000000
4.2900 66.9800 25.5000 0.000000 1.000000 160.000000 68.000000
4.3000 67.2500 25.6200 0.000000 0.000000 160.000000 68.000000
4.3100 67.4800 25.9500 0.000000 0.000000 160.000000 68.000000
4.3200 67.7000 26.4700 0.000000 0.000000 160.000000 68.000000
4.3300 67.7900 27.0200 0.000000 0.000000 162.000000 68.000000
4.3400 67.7900 27.5800 0.000000 0.000000 163.000000 67.000000
4.3500 67.4500 28.3000 0.000000 0.000000 163.000000 67.000000
4.3600 66.9000 28.7900 0.000000 0.000000 164.000000 66.000000
4.3700 66.9000 28.7900 537.000000 1.000000 165.000000 65.000000
4.3800 65.7500 29.3200 561.000000 0.000000 165.000000 65.000000
4.3900 65.2900 29.4700 553.000000 0.000000 165.000000 64.000000
4.4000 65.2900 29.4700 466.000000 0.000000 164.000000 63.000000
4.4100 65.2900 29.4700 273.000000 0.000000 164.000000 63.000000
4.4200 65.2900 29.4700 0.000000 1.000000 162.000000 63.000000
4.4300 65.6500 29.5400 0.000000 0.000000 163.000000 62.000000
4.4400 66.0900 29.6300 0.000000 0.000000 163.000000 62.000000
4.4500 66.3400 29.7000 0.000000 0.000000 161.000000 62.000000
4.4600 66.8800 29.7800 0.000000 0.000000 163.000000 62.000000
4.4700 67.6000 29.7800 0.000000 0.000000 163.000000 62.000000
4.4800 68.8700 29.6100 0.000000 0.000000 163.000000 62.000000
4.4900 70.0000 29.3900 0.000000 0.000000 163.000000 62.000000
4.5000 71.0400 29.1200 0.000000 0.000000 161.000000 62.000000
4.5100 71.7500 28.8500 0.000000 0.000000 160.000000 63.000000
4.5200 72.0800 28.5300 0.000000 0.000000 158.000000 62.000000
4.5300 72.1600 28.1700 0.000000 0.000000 158.000000 62.000000
4.5400 71.9000 27.9500 0.000000 0.000000 155.000000 63.000000
4.5500 71.5400 27.8300 0.000000 0.000000 154.000000 63.000000
4.5600 71.1000 27.6500 0.000000 0.000000 153.000000 63.000000
4.5700 70.7100 27.5200 0.000000 0.000000 151.000000 63.000000
4.5800 70.3500 27.4200 0.000000 0.000000 151.000000 63.000000
4.5900 70.0600 27.3400 0.000000 0.000000 153.000000 63.000000
4.6000 69.8400 27.2900 0.000000 0.000000 153.000000 63.000000
4.6100 69.7100 27.2900 0.000000 0.000000 153.000000 63.000000
4.6200 69.6400 27.2900 0.000000 0.000000 154.000000 64.000000
4.6300 69.6400 27.4200 0.000000 0.000000 154.000000 64.000000
4.6400 69.6400 27.5700 0.000000 0.000000 155.000000 63.000000
4.6500 69.5500 27.7800 0.000000 0.000000 155.000000 63.000000
4.6600 69.4800 28.0900 0.000000 0.000000 155.000000 63.000000
4.6700 69.3500 28.4600 0.000000 0.000000 155.000000 63.000000
4.6800 69.1500 29.0300 0.000000 0.000000 155.000000 63.000000
4.6900 68.9100 29.8400 0.000000 0.000000 155.000000 63.000000
4.7000 68.6300 30.8100 0.000000 0.000000 155.000000 63.000000
4.7100 68.3400 32.0800 0.000000 0.000000 156.000000 62.000000
4.7200 68.0400 33.6600 0.000000 0.000000 157.000000 61.000000
4.7300 67.8400 35.4400 0.000000 0.000000 160.000000 60.000000
4.7400 67.8400 35.4400 85.000000 1.000000 161.000000 60.000000
4.7500 67.8300 37.8200 391.000000 0.000000 161.000000 60.000000
4.7600 68.1900 37.9300 409.000000 0.000000 163.000000 59.000000
4.7700 68.0100 37.3600 443.000000 0.000000 163.000000 59.000000
4.7800 68.0600 36.0300 514.000000 0.000000 163.000000 59.000000
4.7900 68.2600 34.1900 566.000000 0.000000 163.000000 59.000000
4.8000 68.4700 32.0100 592.000000 0.000000 163.000000 59.000000
4.8100 68.6900 30.1500 586.000000 0.000000 163.000000 59.000000
4.8200 68.8100 28.5100 581.000000 0.000000 161.000000 60.000000
4.8300 68.8600 27.2100 557.000000 0.000000 161.000000 60.000000
4.8400 69.1200 26.4800 522.000000 0.000000 158.000000 60.000000
4.8500 69.3900 26.1400 502.000000 0.000000 156.000000 61.000000
4.8600 69.6300 26.1400 502.000000 0.000000 155.000000 62.000000
4.8700 69.8600 26.6000 529.000000 0.000000 152.000000 62.000000
4.8800 70.1000 27.2700 543.000000 0.000000 152.000000 62.000000
4.8900 70.2100 28.1600 545.000000 0.000000 151.000000 63.000000
4.9000 70.2100 29.1100 551.000000 0.000000 151.000000 63.000000
4.9100 70.2100 30.1100 564.000000 0.000000 151.000000 63.000000
4.9200 70.0900 30.7800 553.000000 0.000000 152.000000 62.000000
4.9300 70.0900 30.7800 512.000000 0.000000 152.000000 62.000000
4.9400 70.0900 30.7800 460.000000 0.000000 155.000000 62.000000
4.9500 70.0900 30.7800 377.000000 0.000000 156.000000 61.000000
4.9600 69.7800 29.9100 223.000000 0.000000 156.000000 61.000000
4.9700 69.7800 29.9100 0.000000 1.000000 157.000000 60.000000
4.9800 70.0500 28.3900 0.000000 0.000000 157.000000 60.000000
4.9900 70.3900 27.9100 0.000000 0.000000 156.000000 61.000000
5.0000 70.7500 27.5900 0.000000 0.000000 156.000000 61.000000
5.0100 71.0500 27.4800 0.000000 0.000000 156.000000 61.000000
5.0200 71.3000 27.4800 0.000000 0.000000 156.000000 62.000000
5.0300 71.5000 27.4800 0.000000 0.000000 156.000000 62.000000
5.0400 71.5000 27.4800 160.000000 1.000000 156.000000 62.000000
5.0500 71.7000 27.7400 244.000000 0.000000 158.000000 62.000000
5.0600 71.5400 27.9300 339.000000 0.000000 158.000000 62.000000
5.0700 71.3200 28.1500 467.000000 0.000000 158.000000 62.000000
5.0800 71.0600 28.3400 539.000000 0.000000 158.000000 62.000000
5.0900 70.7500 28.5000 595.000000 0.000000 156.000000 62.000000
5.1000 70.4900 28.6000 611.000000 0.000000 156.000000 62.000000
5.1100 70.3200 28.5200 616.000000 0.000000 156.000000 62.000000
5.1200 70.2400 28.3200 606.000000 0.000000 156.000000 62.000000
5.1300 70.2400 27.8600 589.000000 0.000000 156.000000 62.000000
5.1400 70.3000 27.3400 570.000000 0.000000 155.000000 62.000000
5.1500 70.4600 26.7700 551.000000 0.000000 154.000000 63.000000
5.1600 70.6600 26.2400 535.000000 0.000000 154.000000 63.000000
5.1700 70.8400 25.9100 512.000000 0.000000 153.000000 63.000000
5.1800 70.9700 25.7000 488.000000 0.000000 151.000000 64.000000
5.1900 71.0600 25.7000 495.000000 0.000000 150.000000 64.000000
5.2000 71.1400 25.9700 493.000000 0.000000 148.000000 65.000000
5.2100 71.2500 26.3200 495.000000 0.000000 148.000000 65.000000
5.2200 71.4000 26.8000 494.000000 0.000000 150.000000 65.000000
5.2300 71.5400 27.3300 527.000000 0.000000 150.000000 65.000000
5.2400 71.5400 27.8900 546.000000 0.000000 150.000000 65.000000
5.2500 71.5400 28.3000 577.000000 0.000000 151.000000 64.000000
5.2600 71.4800 28.5100 614.000000 0.000000 153.000000 65.000000
5.2700 71.4100 28.5900 619.000000 0.000000 154.000000 64.000000
5.2800 71.4100 28.5900 624.000000 0.000000 155.000000 63.000000
5.2900 71.3500 28.3200 630.000000 0.000000 155.000000 63.000000
5.3000 71.3000 27.9500 633.000000 0.000000 156.000000 62.000000
5.3100 71.2400 27.3800 634.000000 0.000000 156.000000 62.000000
5.3200 71.3400 26.8800 631.000000 0.000000 156.000000 62.000000
5.3300 71.4800 26.4400 628.000000 0.000000 155.000000 62.000000
5.3400 71.7000 26.2700 619.000000 0.000000 154.000000 63.000000
5.3500 71.9900 26.3200 610.000000 0.000000 154.000000 63.000000
5.3600 72.3500 26.5300 588.000000 0.000000 153.000000 63.000000
5.3700 72.8100 27.0100 588.000000 0.000000 153.000000 63.000000
5.3800 73.3100 27.6900 550.000000 0.000000 153.000000 63.000000
5.3900 73.7500 28.5000 561.000000 0.000000 154.000000 64.000000
5.4000 74.0000 29.4200 562.000000 0.000000 154.000000 64.000000
5.4100 74.1600 30.5300 567.000000 0.000000 157.000000 63.000000
5.4200 74.0900 31.7800 588.000000 0.000000 158.000000 62.000000
5.4300 73.8300 33.3000 645.000000 0.000000 161.000000 62.000000
5.4400 73.4400 33.9800 670.000000 0.000000 161.000000 62.000000
5.4500 73.3000 34.0900 672.000000 0.000000 163.000000 61.000000
5.4600 73.0400 33.6300 691.000000 0.000000 164.000000 60.000000
5.4700 72.7000 32.5400 714.000000 0.000000 164.000000 60.000000
5.4800 72.5200 31.0400 725.000000 0.000000 164.000000 60.000000
5.4900 72.3800 29.6500 703.000000 0.000000 162.000000 60.000000
5.5000 72.3800 28.4300 655.000000 0.000000 162.000000 60.000000
5.5100 72.4900 27.3300 540.000000 0.000000 162.000000 60.000000
5.5200 72.7000 26.6500 296.000000 0.000000 160.000000 60.000000
5.5300 72.7000 26.6500 0.000000 1.000000 159.000000 61.000000
5.5400 73.2900 26.4000 0.000000 0.000000 158.000000 62.000000
5.5500 73.5800 26.7300 0.000000 0.000000 158.000000 62.000000
5.5600 73.8400 27.1700 0.000000 0.000000 157.000000 63.000000
5.5700 74.0300 27.7100 0.000000 0.000000 157.000000 63.000000
5.5800 74.2200 28.2200 0.000000 0.000000 157.000000 63.000000
5.5900 74.3900 28.7200 0.000000 0.000000 159.000000 64.000000
5.6000 74.4700 29.2000 0.000000 0.000000 159.000000 64.000000
5.6100 74.4700 29.2000 217.000000 1.000000 160.000000 63.000000
5.6200 74.4700 29.5200 306.000000 0.000000 160.000000 63.000000
5.6300 74.3700 29.5200 391.000000 0.000000 163.000000 62.000000
5.6400 74.2900 29.2400 472.000000 0.000000 163.000000 62.000000
5.6500 74.2900 28.8700 537.000000 0.000000 163.000000 61.000000
5.6600 74.2200 28.3100 586.000000 0.000000 165.000000 61.000000
5.6700 74.2200 27.5500 585.000000 0.000000 165.000000 62.000000
5.6800 74.1700 26.6700 594.000000 0.000000 165.000000 62.000000
5.6900 74.1700 26.0700 570.000000 0.000000 165.000000 62.000000
5.7000 74.2800 25.6500 536.000000 0.000000 164.000000 63.000000
5.7100 74.4500 25.3500 501.000000 0.000000 163.000000 64.000000
5.7200 74.5800 25.3500 481.000000 0.000000 160.000000 65.000000
5.7300 74.7100 25.6000 470.000000 0.000000 160.000000 65.000000
5.7400 74.8700 25.9600 489.000000 0.000000 160.000000 66.000000
5.7500 75.0700 26.5000 518.000000 0.000000 157.000000 65.000000
5.7600 75.2700 27.1300 540.000000 0.000000 157.000000 65.000000
5.7700 75.3800 27.8200 546.000000 0.000000 157.000000 65.000000
5.7800 75.4300 28.3800 537.000000 0.000000 160.000000 66.000000
5.7900 75.5000 28.5900 491.000000 0.000000 160.000000 65.000000
5.8000 75.5000 28.5900 425.000000 0.000000 161.000000 64.000000
5.8100 75.5000 28.3300 285.000000 0.000000 161.000000 64.000000
5.8200 75.3900 27.9100 41.000000 0.000000 162.000000 63.000000
5.8300 75.3900 27.9100 0.000000 1.000000 162.000000 63.000000
5.8400 75.3900 26.8700 0.000000 0.000000 162.000000 63.000000
5.8500 75.3900 26.5400 0.000000 0.000000 162.000000 63.000000
5.8600 75.5800 26.3300 0.000000 0.000000 162.000000 63.000000
5.8700 75.7600 26.1900 0.000000 0.000000 161.000000 64.000000
5.8800 75.9300 26.1900 0.000000 0.000000 161.000000 64.000000
5.8900 76.0500 26.1900 0.000000 0.000000 160.000000 65.000000
5.9000 76.1300 26.3100 0.000000 0.000000 160.000000 65.000000
5.9100 76.1300 26.3100 90.000000 1.000000 162.000000 65.000000
5.9200 76.1800 26.6200 203.000000 0.000000 162.000000 65.000000
5.9300 76.1800 26.7100 315.000000 0.000000 162.000000 65.000000
5.9400 76.1300 26.7800 361.000000 0.000000 162.000000 65.000000
5.9500 76.1300 26.7800 399.000000 0.000000 160.000000 65.000000
5.9600 76.2000 26.7800 415.000000 0.000000 160.000000 65.000000
5.9700 76.2000 26.6500 420.000000 0.000000 160.000000 65.000000
5.9800 76.3600 26.5400 425.000000 0.000000 160.000000 65.000000
5.9900 76.5100 26.4500 425.000000 0.000000 160.000000 65.000000
6.0000 76.7100 26.4500 425.000000 0.000000 160.000000 65.000000
6.0100 76.8800 26.4500 430.000000 0.000000 160.000000 65.000000
6.0200 77.0400 26.5600 422.000000 0.000000 160.000000 65.000000
6.0300 77.1600 26.8000 433.000000 0.000000 160.000000 65.000000
6.0400 77.3000 27.1100 430.000000 0.000000 160.000000 65.000000
6.0500 77.4500 27.5200 452.000000 0.000000 162.000000 65.000000
6.0600 77.4500 27.9800 486.000000 0.000000 163.000000 64.000000
6.0700 77.4500 28.4800 518.000000 0.000000 163.000000 64.000000
6.0800 77.2400 28.7000 572.000000 0.000000 166.000000 63.000000
6.0900 76.9800 28.6200 605.000000 0.000000 166.000000 63.000000
6.1000 76.6700 28.3500 616.000000 0.000000 166.000000 63.000000
6.1100 76.3100 27.7600 594.000000 0.000000 166.000000 62.000000
6.1200 76.0500 27.1800 544.000000 0.000000 166.000000 62.000000
6.1300 76.0500 26.6300 396.000000 0.000000 166.000000 63.000000
6.1400 76.2700 26.2900 215.000000 0.000000 166.000000 63.000000
6.1500 76.2700 26.2900 0.000000 1.000000 164.000000 63.000000
6.1600 76.8400 26.1200 0.000000 0.000000 163.000000 64.000000
6.1700 77.1500 26.3500 0.000000 0.000000 163.000000 64.000000
6.1800 77.4500 26.6900 0.000000 0.000000 160.000000 65.000000
6.1900 77.7100 27.1100 0.000000 0.000000 162.000000 65.000000
6.2000 77.7100 27.1100 161.000000 1.000000 162.000000 65.000000
6.2100 78.1000 27.8000 311.000000 0.000000 163.000000 64.000000
6.2200 78.1000 28.1200 425.000000 0.000000 165.000000 64.000000
6.2300 78.0000 28.1200 496.000000 0.000000 168.000000 63.000000
6.2400 78.0000 27.9500 564.000000 0.000000 168.000000 63.000000
6.2500 77.9400 27.6500 595.000000 0.000000 168.000000 63.000000
6.2600 77.9400 27.1200 592.000000 0.000000 168.000000 63.000000
6.2700 77.9900 26.5900 594.000000 0.000000 168.000000 63.000000
6.2800 78.0800 26.0700 586.000000 0.000000 168.000000 63.000000
6.2900 78.1900 25.7600 580.000000 0.000000 168.000000 63.000000
6.3000 78.3100 25.5700 554.000000 0.000000 165.000000 64.000000
6.3100 78.3100 25.5000 514.000000 0.000000 165.000000 64.000000
6.3200 78.3100 25.6300 507.000000 0.000000 165.000000 65.000000
6.3300 78.2500 25.8900 499.000000 0.000000 162.000000 66.000000
6.3400 78.2500 26.2700 504.000000 0.000000 162.000000 66.000000
6.3500 78.1500 26.6600 522.000000 0.000000 162.000000 66.000000
6.3600 78.0500 27.0700 543.000000 0.000000 162.000000 66.000000
6.3700 78.0500 27.3200 565.000000 0.000000 162.000000 66.000000
6.3800 78.0500 27.5300 570.000000 0.000000 162.000000 65.000000
6.3900 78.0500 27.5300 570.000000 0.000000 162.000000 65.000000
6.4000 78.1500 27.4600 559.000000 0.000000 163.000000 64.000000
6.4100 78.3900 27.3600 520.000000 0.000000 163.000000 64.000000
6.4200 78.7300 27.2400 418.000000 0.000000 164.000000 63.000000
6.4300 79.0300 27.1100 309.000000 0.000000 164.000000 63.000000
6.4400 79.3400 27.0200 172.000000 0.000000 164.000000 63.000000
6.4500 79.6900 26.9500 1.000000 1.000000 164.000000 63.000000
6.4600 79.6900 26.9500 0.000000 0.000000 164.000000 63.000000
6.4700 80.3900 26.9500 0.000000 0.000000 164.000000 63.000000
6.4800 80.3900 26.9500 20.000000 1.000000 164.000000 63.000000
6.4900 80.7300 27.0100 156.000000 0.000000 166.000000 63.000000
6.5000 80.7300 27.0800 284.000000 0.000000 166.000000 63.000000
6.5100 80.7300 27.1400 376.000000 0.000000 166.000000 63.000000
6.5200 80.7300 27.2100 460.000000 0.000000 168.000000 63.000000
6.5300 80.7300 27.2800 519.000000 0.000000 168.000000 63.000000
6.5400 80.6300 27.3400 537.000000 0.000000 168.000000 63.000000
6.5500 80.5600 27.3400 548.000000 0.000000 168.000000 63.000000
6.5600 80.4600 27.3400 556.000000 0.000000 166.000000 62.000000
6.5700 80.3500 27.3400 554.000000 0.000000 165.000000 62.000000
6.5800 80.2200 27.2100 562.000000 0.000000 164.000000 63.000000
6.5900 80.0400 27.0100 564.000000 0.000000 162.000000 63.000000
6.6000 79.8300 26.7200 570.000000 0.000000 162.000000 63.000000
6.6100 79.5400 26.3300 562.000000 0.000000 159.000000 64.000000
6.6200 79.4000 25.9700 545.000000 0.000000 159.000000 64.000000
6.6300 79.3500 25.6400 529.000000 0.000000 159.000000 64.000000
6.6400 79.3500 25.3900 501.000000 0.000000 156.000000 64.000000
6.6500 79.4800 25.3300 499.000000 0.000000 156.000000 64.000000
6.6600 79.6800 25.3900 496.000000 0.000000 156.000000 64.000000
6.6700 79.9300 25.7200 502.000000 0.000000 156.000000 64.000000
6.6800 80.2300 26.2100 527.000000 0.000000 156.000000 64.000000
6.6900 80.5200 26.8100 515.000000 0.000000 156.000000 64.000000
6.7000 80.6500 27.5400 537.000000 0.000000 156.000000 64.000000
6.7100 80.6500 28.4000 553.000000 0.000000 156.000000 64.000000
6.7200 80.4900 29.3500 584.000000 0.000000 157.000000 63.000000
6.7300 79.9600 30.2000 631.000000 0.000000 157.000000 63.000000
6.7400 79.1900 31.0300 649.000000 0.000000 160.000000 63.000000
6.7500 77.9400 31.7900 672.000000 0.000000 161.000000 62.000000
6.7600 76.6200 32.4300 663.000000 0.000000 163.000000 62.000000
6.7700 75.2500 33.0000 641.000000 0.000000 163.000000 61.000000
6.7800 73.8300 33.5200 613.000000 0.000000 163.000000 61.000000
6.7900 72.7500 33.9700 592.000000 0.000000 165.000000 62.000000
6.8000 71.8900 34.3800 574.000000 0.000000 165.000000 62.000000
6.8100 71.7300 34.8700 540.000000 0.000000 165.000000 62.000000
6.8200 72.2500 35.4200 499.000000 0.000000 164.000000 63.000000
6.8300 73.2100 36.2200 491.000000 0.000000 164.000000 63.000000
6.8400 74.6300 37.4400 519.000000 0.000000 164.000000 63.000000
6.8500 76.1600 38.9500 610.000000 0.000000 164.000000 63.000000
6.8600 77.7700 40.2800 661.000000 0.000000 166.000000 63.000000
6.8700 78.9700 40.8000 673.000000 0.000000 166.000000 62.000000
6.8800 79.8000 40.8000 673.000000 0.000000 169.000000 62.000000
6.8900 80.3800 40.2700 691.000000 0.000000 169.000000 61.000000
6.9000 80.5100 38.8600 700.000000 0.000000 171.000000 61.000000
6.9100 79.8200 36.8600 730.000000 0.000000 171.000000 61.000000
6.9200 78.5800 34.8400 817.000000 0.000000 173.000000 60.000000
6.9300 76.4500 32.8900 929.000000 0.000000 173.000000 61.000000
6.9400 73.1500 31.0000 991.000000 0.000000 173.000000 61.000000
6.9500 69.0600 29.1000 989.000000 0.000000 173.000000 62.000000
6.9600 64.5000 27.1600 938.000000 0.000000 170.000000 64.000000
6.9700 59.9700 25.9300 911.000000 0.000000 169.000000 65.000000
6.9800 56.1400 25.2000 837.000000 0.000000 166.000000 66.000000
6.9900 52.7600 25.2000 794.000000 0.000000 162.000000 68.000000
7.0000 49.9900 25.8400 721.000000 0.000000 155.000000 69.000000
7.0100 48.1400 26.9700 710.000000 0.000000 150.000000 71.000000
7.0200 46.9100 28.7200 700.000000 0.000000 143.000000 70.000000
7.0300 46.8300 30.4700 671.000000 0.000000 139.000000 71.000000
7.0400 47.9200 32.7300 644.000000 0.000000 139.000000 71.000000
7.0500 49.7900 35.3300 574.000000 0.000000 137.000000 70.000000
7.0600 52.5500 38.2900 613.000000 0.000000 139.000000 69.000000
7.0700 55.7800 41.2100 650.000000 0.000000 142.000000 68.000000
7.0800 59.3200 44.1000 679.000000 0.000000 148.000000 67.000000
7.0900 62.6300 45.8300 705.000000 0.000000 149.000000 66.000000
7.1000 65.9600 46.2900 714.000000 0.000000 153.000000 65.000000
7.1100 68.5400 45.9000 736.000000 0.000000 154.000000 64.000000
7.1200 70.6100 45.1800 754.000000 0.000000 158.000000 62.000000
7.1300 71.9400 43.9000 767.000000 0.000000 161.000000 62.000000
7.1400 72.4200 42.2500 797.000000 0.000000 165.000000 61.000000
7.1500 72.3400 40.2800 799.000000 0.000000 168.000000 60.000000
7.1600 71.4600 37.7300 869.000000 0.000000 169.000000 61.000000
7.1700 69.6800 34.8000 909.000000 0.000000 169.000000 61.000000
7.1800 67.3000 31.7900 941.000000 0.000000 169.000000 61.000000
7.1900 64.3500 28.7300 946.000000 0.000000 169.000000 62.000000
7.2000 60.8300 25.6400 946.000000 0.000000 168.000000 63.000000
7.2100 56.9400 22.6400 964.000000 0.000000 166.000000 63.000000
7.2200 53.0800 19.8100 982.000000 0.000000 162.000000 65.000000
7.2300 50.4500 17.0900 958.000000 0.000000 156.000000 66.000000
7.2400 48.6500 15.0600 933.000000 0.000000 152.000000 68.000000
7.2500 48.2100 13.8200 908.000000 0.000000 147.000000 69.000000
7.2600 48.6800 13.1200 906.000000 0.000000 141.000000 70.000000
7.2700 49.7600 12.7800 894.000000 0.000000 135.000000 71.000000
7.2800 52.0900 13.1700 920.000000 0.000000 130.000000 72.000000
7.2900 55.7700 14.0500 927.000000 0.000000 128.000000 72.000000
7.3000 60.3400 15.3900 914.000000 0.000000 125.000000 73.000000
7.3100 65.4400 16.7300 935.000000 0.000000 130.000000 73.000000
7.3200 70.6300 18.0700 933.000000 0.000000 132.000000 74.000000
7.3300 75.8700 18.3700 935.000000 0.000000 140.000000 73.000000
7.3400 79.6600 18.2200 926.000000 0.000000 144.000000 72.000000
7.3500 82.2000 17.7800 893.000000 0.000000 150.000000 71.000000
7.3600 83.9100 17.2700 884.000000 0.000000 155.000000 69.000000
7.3700 84.7400 16.8900 824.000000 0.000000 160.000000 68.000000
7.3800 84.9700 16.6000 767.000000 0.000000 164.000000 66.000000
7.3900 84.8000 16.4700 610.000000 0.000000 165.000000 64.000000
