0.0000 82.6700 83.3700 12.000000 1.000000 143.000000 50.000000
0.0100 82.6700 83.3700 182.000000 1.000000 143.000000 50.000000
0.0200 82.6700 83.3700 206.000000 0.000000 143.000000 50.000000
0.0300 82.7700 83.6700 262.000000 0.000000 143.000000 50.000000
0.0400 82.8200 83.6100 322.000000 0.000000 143.000000 49.000000
0.0500 82.8800 83.4000 339.000000 0.000000 143.000000 49.000000
0.0600 82.9900 83.0800 397.000000 0.000000 143.000000 49.000000
0.0700 83.1400 82.4400 465.000000 0.000000 143.000000 49.000000
0.0800 83.3000 81.7800 481.000000 0.000000 142.000000 48.000000
0.0900 83.3500 81.0600 492.000000 0.000000 142.000000 48.000000
0.1000 83.3500 80.3200 499.000000 0.000000 143.000000 48.000000
0.1100 83.3500 79.7000 501.000000 0.000000 143.000000 48.000000
0.1200 83.2600 79.1600 494.000000 0.000000 144.000000 48.000000
0.1300 83.1700 78.8600 464.000000 0.000000 144.000000 48.000000
0.1400 83.1700 78.7400 420.000000 0.000000 144.000000 48.000000
0.1500 83.1700 78.7400 349.000000 0.000000 144.000000 48.000000
0.1600 83.2300 78.9400 252.000000 0.000000 144.000000 48.000000
0.1700 83.3200 79.4900 142.000000 0.000000 143.000000 49.000000
0.1800 83.4200 80.2700 53.000000 0.000000 143.000000 49.000000
0.1900 83.5000 81.0800 17.000000 0.000000 142.000000 49.000000
0.2000 83.5000 81.9700 44.000000 0.000000 142.000000 49.000000
0.2100 83.6300 82.9200 130.000000 0.000000 142.000000 49.000000
0.2200 83.7800 83.5200 191.000000 0.000000 142.000000 49.000000
0.2300 83.9600 83.8900 257.000000 0.000000 142.000000 49.000000
0.2400 84.2200 84.1000 279.000000 0.000000 142.000000 49.000000
0.2500 84.4700 84.1000 301.000000 0.000000 142.000000 49.000000
0.2600 84.6600 84.0000 312.000000 0.000000 142.000000 49.000000
0.2700 84.8200 83.7400 353.000000 0.000000 143.000000 49.000000
0.2800 85.0300 83.2400 396.000000 0.000000 143.000000 49.000000
0.2900 85.1700 82.6900 422.000000 0.000000 143.000000 49.000000
0.3000 85.2700 82.1500 410.000000 0.000000 144.000000 49.000000
0.3100 85.1700 81.6200 344.000000 0.000000 144.000000 49.000000
0.3200 85.0800 81.2100 175.000000 0.000000 144.000000 49.000000
0.3300 85.0800 81.2100 0.000000 1.000000 144.000000 49.000000
0.3400 84.8700 80.8300 0.000000 0.000000 144.000000 49.000000
0.3500 84.6200 81.0100 0.000000 0.000000 143.000000 50.000000
0.3600 84.2700 81.3400 0.000000 0.000000 143.000000 50.000000
0.3700 84.0200 81.7800 0.000000 0.000000 143.000000 50.000000
0.3800 83.8900 82.2200 0.000000 0.000000 143.000000 50.000000
0.3900 83.8400 82.6100 0.000000 0.000000 143.000000 50.000000
0.4000 83.8900 82.7800 0.000000 0.000000 143.000000 50.000000
0.4100 83.9900 82.7800 0.000000 0.000000 143.000000 50.000000
0.4200 84.1400 82.5900 0.000000 0.000000 143.000000 50.000000
0.4300 84.2700 82.2300 0.000000 0.000000 142.000000 49.000000
0.4400 84.3400 81.7700 0.000000 0.000000 142.000000 49.000000
0.4500 84.3400 81.3300 0.000000 0.000000 141.000000 50.000000
0.4600 84.4500 80.8800 0.000000 0.000000 141.000000 50.000000
0.4700 84.5300 80.4400 0.000000 0.000000 141.000000 50.000000
0.4800 84.6100 80.1100 0.000000 0.000000 140.000000 51.000000
0.4900 84.6700 79.8500 0.000000 0.000000 141.000000 51.000000
0.5000 84.6700 79.7700 0.000000 0.000000 141.000000 51.000000
0.5100 84.6700 79.7700 0.000000 0.000000 140.000000 52.000000
0.5200 84.6700 79.8500 0.000000 0.000000 140.000000 52.000000
0.5300 84.6000 79.8500 0.000000 0.000000 141.000000 52.000000
0.5400 84.5400 79.9100 0.000000 0.000000 141.000000 52.000000
0.5500 84.4800 79.9800 0.000000 0.000000 141.000000 52.000000
0.5600 84.4800 80.0700 0.000000 0.000000 141.000000 52.000000
0.5700 84.4800 80.2500 0.000000 0.000000 141.000000 52.000000
0.5800 84.4800 80.4100 0.000000 0.000000 141.000000 52.000000
0.5900 84.4800 80.5400 0.000000 0.000000 141.000000 52.000000
0.6000 84.4800 80.6100 0.000000 0.000000 141.000000 52.000000
0.6100 84.4800 80.6100 0.000000 0.000000 141.000000 52.000000
0.6200 84.4800 80.6100 170.000000 1.000000 142.000000 52.000000
0.6300 84.4800 80.6100 212.000000 0.000000 142.000000 52.000000
0.6400 84.4800 80.6100 265.000000 0.000000 141.000000 51.000000
0.6500 84.1900 80.2100 309.000000 0.000000 141.000000 51.000000
0.6600 84.1900 79.8600 342.000000 0.000000 141.000000 51.000000
0.6700 84.1900 79.4600 362.000000 0.000000 142.000000 50.000000
0.6800 84.3100 79.0300 382.000000 0.000000 142.000000 50.000000
0.6900 84.4500 78.7900 389.000000 0.000000 142.000000 50.000000
0.7000 84.6000 78.6900 391.000000 0.000000 143.000000 50.000000
0.7100 84.7500 78.6900 402.000000 0.000000 144.000000 50.000000
0.7200 84.9200 78.7900 420.000000 0.000000 144.000000 50.000000
0.7300 85.1500 78.9700 410.000000 0.000000 144.000000 50.000000
0.7400 85.3100 79.3000 398.000000 0.000000 145.000000 50.000000
0.7500 85.4000 79.7000 381.000000 0.000000 144.000000 50.000000
0.7600 85.4000 80.1500 371.000000 0.000000 144.000000 50.000000
0.7700 85.4000 80.5600 361.000000 0.000000 144.000000 50.000000
0.7800 85.2500 80.9500 359.000000 0.000000 144.000000 50.000000
0.7900 85.1700 81.0700 364.000000 0.000000 143.000000 51.000000
0.8000 85.1000 81.0200 362.000000 0.000000 142.000000 50.000000
0.8100 85.1000 80.7500 396.000000 0.000000 142.000000 50.000000
0.8200 85.1000 80.3000 394.000000 0.000000 142.000000 50.000000
0.8300 85.1000 79.7300 418.000000 0.000000 142.000000 50.000000
0.8400 85.2000 79.1700 420.000000 0.000000 142.000000 50.000000
0.8500 85.3200 78.8500 423.000000 0.000000 143.000000 51.000000
0.8600 85.4800 78.6800 418.000000 0.000000 143.000000 51.000000
0.8700 85.7000 78.6300 420.000000 0.000000 144.000000 50.000000
0.8800 85.9400 78.8000 418.000000 0.000000 144.000000 50.000000
0.8900 86.2400 79.1200 412.000000 0.000000 144.000000 50.000000
0.9000 86.5300 79.5800 412.000000 0.000000 144.000000 50.000000
0.9100 86.8100 80.0800 410.000000 0.000000 144.000000 50.000000
0.9200 87.0100 80.6000 410.000000 0.000000 144.000000 50.000000
0.9300 87.1700 80.9800 417.000000 0.000000 144.000000 50.000000
0.9400 87.1700 81.0700 414.000000 0.000000 143.000000 51.000000
0.9500 87.1700 80.9700 460.000000 0.000000 143.000000 51.000000
0.9600 87.1700 80.5400 496.000000 0.000000 143.000000 51.000000
0.9700 87.1700 79.9900 514.000000 0.000000 143.000000 51.000000
0.9800 87.1700 79.3500 521.000000 0.000000 144.000000 51.000000
0.9900 87.1700 78.8300 527.000000 0.000000 145.000000 51.000000
1.0000 87.2600 78.5400 529.000000 0.000000 145.000000 51.000000
1.0100 87.3200 78.4000 521.000000 0.000000 145.000000 51.000000
1.0200 87.3800 78.4000 512.000000 0.000000 145.000000 51.000000
1.0300 87.4300 78.5500 502.000000 0.000000 147.000000 51.000000
1.0400 87.6300 78.8100 481.000000 0.000000 147.000000 51.000000
1.0500 87.9200 79.3100 460.000000 0.000000 147.000000 51.000000
1.0600 88.1600 79.8500 448.000000 0.000000 147.000000 51.000000
1.0700 88.3400 80.4200 441.000000 0.000000 146.000000 52.000000
1.0800 88.4900 80.7800 439.000000 0.000000 146.000000 52.000000
1.0900 88.5900 80.8400 453.000000 0.000000 146.000000 52.000000
1.1000 88.5900 80.7000 498.000000 0.000000 146.000000 52.000000
1.1100 88.5100 80.2700 512.000000 0.000000 146.000000 52.000000
1.1200 88.5100 79.8100 526.000000 0.000000 146.000000 52.000000
1.1300 88.5600 79.2800 535.000000 0.000000 147.000000 51.000000
1.1400 88.5600 78.9300 516.000000 0.000000 148.000000 51.000000
1.1500 88.7100 78.7000 468.000000 0.000000 148.000000 51.000000
1.1600 88.8500 78.6300 315.000000 0.000000 148.000000 51.000000
1.1700 88.8500 78.6300 0.000000 1.000000 148.000000 51.000000
1.1800 89.2200 78.9400 0.000000 0.000000 148.000000 51.000000
1.1900 89.3200 79.4600 0.000000 0.000000 146.000000 52.000000
1.2000 89.3200 80.0500 0.000000 0.000000 146.000000 52.000000
1.2100 89.3900 80.6900 0.000000 0.000000 146.000000 52.000000
1.2200 89.4500 81.3100 0.000000 0.000000 144.000000 51.000000
1.2300 89.4500 81.9300 0.000000 0.000000 144.000000 51.000000
1.2400 89.3300 82.2000 0.000000 0.000000 143.000000 51.000000
1.2500 89.3300 82.2000 254.000000 1.000000 143.000000 51.000000
1.2600 89.2700 81.9500 262.000000 0.000000 143.000000 51.000000
1.2700 89.2700 81.6900 279.000000 0.000000 142.000000 50.000000
1.2800 89.2200 81.4400 285.000000 0.000000 142.000000 50.000000
1.2900 89.4700 81.3200 287.000000 0.000000 142.000000 50.000000
1.3000 89.7700 81.3200 257.000000 0.000000 142.000000 50.000000
1.3100 90.1700 81.3900 212.000000 0.000000 142.000000 50.000000
1.3200 90.6000 81.7000 146.000000 0.000000 143.000000 50.000000
1.3300 90.8700 82.0400 98.000000 0.000000 143.000000 50.000000
1.3400 91.0300 82.4100 91.000000 0.000000 143.000000 50.000000
1.3500 91.0300 82.6800 90.000000 0.000000 143.000000 50.000000
1.3600 90.9000 82.9100 146.000000 0.000000 143.000000 50.000000
1.3700 90.7000 82.9100 216.000000 0.000000 143.000000 50.000000
1.3800 90.4400 82.7600 277.000000 0.000000 143.000000 50.000000
1.3900 90.2000 82.2300 348.000000 0.000000 143.000000 50.000000
1.4000 89.9600 81.5200 430.000000 0.000000 143.000000 50.000000
1.4100 89.9100 80.6800 465.000000 0.000000 143.000000 50.000000
1.4200 89.9100 79.6400 492.000000 0.000000 143.000000 50.000000
1.4300 89.9100 78.7800 499.000000 0.000000 142.000000 50.000000
1.4400 90.0000 78.0500 509.000000 0.000000 142.000000 50.000000
1.4500 90.0700 77.6500 512.000000 0.000000 142.000000 50.000000
1.4600 90.0700 77.4200 499.000000 0.000000 141.000000 51.000000
1.4700 90.1400 77.3000 499.000000 0.000000 140.000000 51.000000
1.4800 90.1400 77.3700 496.000000 0.000000 140.000000 51.000000
1.4900 90.1400 77.6100 481.000000 0.000000 140.000000 51.000000
1.5000 90.1400 77.9700 473.000000 0.000000 140.000000 51.000000
1.5100 90.1400 78.4100 474.000000 0.000000 140.000000 51.000000
1.5200 90.2300 78.9400 464.000000 0.000000 140.000000 51.000000
1.5300 90.4000 79.5400 473.000000 0.000000 140.000000 51.000000
1.5400 90.5600 79.9400 481.000000 0.000000 141.000000 50.000000
1.5500 90.7200 80.1200 480.000000 0.000000 141.000000 50.000000
1.5600 90.8100 80.1200 483.000000 0.000000 142.000000 50.000000
1.5700 90.8100 80.1200 493.000000 0.000000 143.000000 50.000000
1.5800 90.8100 79.9700 512.000000 0.000000 143.000000 50.000000
1.5900 90.8100 79.8300 533.000000 0.000000 143.000000 50.000000
1.6000 90.8100 79.6200 545.000000 0.000000 144.000000 49.000000
1.6100 90.8100 79.3400 562.000000 0.000000 144.000000 49.000000
1.6200 90.8100 79.0200 568.000000 0.000000 144.000000 49.000000
1.6300 90.8100 78.6900 567.000000 0.000000 144.000000 49.000000
1.6400 90.8800 78.4700 539.000000 0.000000 144.000000 49.000000
1.6500 91.0100 78.3700 518.000000 0.000000 144.000000 49.000000
1.6600 91.0100 78.3700 444.000000 0.000000 143.000000 50.000000
1.6700 91.4000 78.5400 214.000000 0.000000 143.000000 50.000000
1.6800 91.4000 78.5400 0.000000 1.000000 143.000000 50.000000
1.6900 91.8500 79.3300 0.000000 0.000000 143.000000 50.000000
1.7000 91.9400 79.9200 0.000000 0.000000 144.000000 50.000000
1.7100 91.8900 80.4900 0.000000 0.000000 143.000000 51.000000
1.7200 91.7600 81.0200 0.000000 0.000000 144.000000 51.000000
1.7300 91.7600 81.0200 110.000000 1.000000 144.000000 51.000000
1.7400 91.4400 81.6300 185.000000 0.000000 144.000000 51.000000
1.7500 91.2400 81.5300 239.000000 0.000000 144.000000 51.000000
1.7600 91.1600 81.2800 255.000000 0.000000 144.000000 51.000000
1.7700 91.1600 81.0000 244.000000 0.000000 144.000000 51.000000
1.7800 91.3100 80.6900 98.000000 0.000000 144.000000 51.000000
1.7900 91.3100 80.6900 0.000000 1.000000 144.000000 51.000000
1.8000 91.7800 80.2700 0.000000 0.000000 144.000000 51.000000
1.8100 92.0900 80.2700 0.000000 0.000000 143.000000 52.000000
1.8200 92.4300 80.4200 0.000000 0.000000 143.000000 52.000000
1.8300 92.7600 80.6500 0.000000 0.000000 143.000000 52.000000
1.8400 93.0800 80.9300 0.000000 0.000000 145.000000 53.000000
1.8500 93.3000 81.0600 0.000000 0.000000 145.000000 53.000000
1.8600 93.3000 81.0600 257.000000 1.000000 145.000000 53.000000
1.8700 93.8500 81.1400 396.000000 0.000000 145.000000 53.000000
1.8800 93.6100 81.0600 499.000000 0.000000 145.000000 53.000000
1.8900 92.9500 80.9400 561.000000 0.000000 145.000000 53.000000
1.9000 92.7500 80.7500 597.000000 0.000000 145.000000 53.000000
1.9100 92.5800 80.4300 609.000000 0.000000 145.000000 53.000000
1.9200 92.5800 80.0200 614.000000 0.000000 146.000000 52.000000
1.9300 92.5800 79.5900 609.000000 0.000000 146.000000 52.000000
1.9400 92.5800 79.1600 594.000000 0.000000 147.000000 51.000000
1.9500 92.6600 78.8500 578.000000 0.000000 147.000000 51.000000
1.9600 92.8100 78.7200 546.000000 0.000000 147.000000 51.000000
1.9700 93.0200 78.7200 502.000000 0.000000 146.000000 50.000000
1.9800 93.3800 78.8600 418.000000 0.000000 146.000000 50.000000
1.9900 93.8200 79.1600 316.000000 0.000000 146.000000 50.000000
2.0000 94.2900 79.5700 215.000000 0.000000 145.000000 51.000000
2.0100 94.7000 79.9500 170.000000 0.000000 147.000000 51.000000
2.0200 95.0000 80.3100 173.000000 0.000000 147.000000 51.000000
2.0300 95.2400 80.6200 220.000000 0.000000 147.000000 51.000000
2.0400 95.3000 80.8600 345.000000 0.000000 147.000000 52.000000
2.0500 95.3000 81.0500 446.000000 0.000000 147.000000 52.000000
2.0600 95.3000 81.1900 514.000000 0.000000 148.000000 53.000000
2.0700 95.1600 81.2400 551.000000 0.000000 148.000000 53.000000
2.0800 95.0100 81.2400 581.000000 0.000000 148.000000 53.000000
2.0900 94.8400 81.1300 585.000000 0.000000 148.000000 53.000000
2.1000 94.6500 80.8400 610.000000 0.000000 148.000000 53.000000
2.1100 94.4500 80.4200 638.000000 0.000000 148.000000 53.000000
2.1200 94.2500 79.9700 647.000000 0.000000 148.000000 53.000000
2.1300 94.2500 79.5900 646.000000 0.000000 149.000000 52.000000
2.1400 94.2500 79.2700 647.000000 0.000000 149.000000 52.000000
2.1500 94.3500 79.1900 641.000000 0.000000 149.000000 52.000000
2.1600 94.6100 79.1900 625.000000 0.000000 150.000000 51.000000
2.1700 94.9700 79.3200 592.000000 0.000000 150.000000 51.000000
2.1800 95.3700 79.7100 544.000000 0.000000 150.000000 51.000000
2.1900 95.6800 80.1000 514.000000 0.000000 150.000000 51.000000
2.2000 95.9400 80.4900 473.000000 0.000000 150.000000 51.000000
2.2100 96.0500 80.8900 467.000000 0.000000 150.000000 51.000000
2.2200 96.0500 81.0900 498.000000 0.000000 149.000000 52.000000
2.2300 95.9700 81.1700 522.000000 0.000000 149.000000 52.000000
2.2400 95.8600 81.0600 548.000000 0.000000 149.000000 52.000000
2.2500 95.7200 80.7200 595.000000 0.000000 150.000000 52.000000
2.2600 95.5500 80.2200 610.000000 0.000000 150.000000 52.000000
2.2700 95.5500 79.7900 627.000000 0.000000 150.000000 52.000000
2.2800 95.5500 79.4300 636.000000 0.000000 150.000000 52.000000
2.2900 95.7300 79.1300 638.000000 0.000000 150.000000 52.000000
2.3000 95.9700 78.9700 628.000000 0.000000 150.000000 52.000000
2.3100 96.3500 79.0300 595.000000 0.000000 150.000000 52.000000
2.3200 96.7400 79.2500 567.000000 0.000000 150.000000 51.000000
2.3300 97.1500 79.5900 472.000000 0.000000 150.000000 51.000000
2.3400 97.4600 80.0000 405.000000 0.000000 149.000000 52.000000
2.3500 97.7200 80.4500 371.000000 0.000000 149.000000 52.000000
2.3600 97.7800 80.7600 343.000000 0.000000 149.000000 52.000000
2.3700 97.7100 81.0200 387.000000 0.000000 148.000000 53.000000
2.3800 97.5500 81.1600 441.000000 0.000000 149.000000 53.000000
2.3900 97.3500 81.0400 504.000000 0.000000 149.000000 53.000000
2.4000 97.1700 80.7500 561.000000 0.000000 149.000000 53.000000
2.4100 97.0600 80.3300 591.000000 0.000000 149.000000 53.000000
2.4200 97.0600 79.9100 611.000000 0.000000 149.000000 53.000000
2.4300 97.0600 79.6100 619.000000 0.000000 149.000000 53.000000
2.4400 97.1200 79.3900 627.000000 0.000000 149.000000 53.000000
2.4500 97.3100 79.3000 647.000000 0.000000 150.000000 52.000000
2.4600 97.5600 79.3700 631.000000 0.000000 150.000000 52.000000
2.4700 97.9200 79.5600 602.000000 0.000000 150.000000 52.000000
2.4800 98.3300 79.9100 564.000000 0.000000 150.000000 52.000000
2.4900 98.5600 80.2600 519.000000 0.000000 150.000000 52.000000
2.5000 98.8000 80.5800 510.000000 0.000000 150.000000 52.000000
2.5100 98.8600 80.8800 502.000000 0.000000 150.000000 52.000000
2.5200 98.8000 81.0400 521.000000 0.000000 151.000000 53.000000
2.5300 98.7300 80.9700 564.000000 0.000000 151.000000 53.000000
2.5400 98.6200 80.7400 599.000000 0.000000 151.000000 53.000000
2.5500 98.4800 80.3300 630.000000 0.000000 151.000000 53.000000
2.5600 98.4800 79.9200 641.000000 0.000000 151.000000 53.000000
2.5700 98.5700 79.5400 636.000000 0.000000 151.000000 53.000000
2.5800 98.7300 79.3400 634.000000 0.000000 151.000000 53.000000
2.5900 98.9500 79.2400 588.000000 0.000000 151.000000 53.000000
2.6000 99.2100 79.2400 464.000000 0.000000 153.000000 53.000000
2.6100 99.5500 79.5000 178.000000 0.000000 153.000000 53.000000
2.6200 99.5500 79.5000 0.000000 1.000000 153.000000 53.000000
2.6300 100.1000 80.4000 0.000000 0.000000 152.000000 54.000000
2.6400 100.1000 80.8800 0.000000 0.000000 152.000000 54.000000
2.6500 100.0300 81.3400 0.000000 0.000000 151.000000 53.000000
2.6600 99.8400 81.7700 0.000000 0.000000 151.000000 53.000000
2.6700 99.5500 82.1900 0.000000 0.000000 150.000000 54.000000
2.6800 99.5500 82.1900 172.000000 1.000000 150.000000 54.000000
2.6900 99.0700 82.2600 235.000000 0.000000 150.000000 54.000000
2.7000 98.9100 82.1700 247.000000 0.000000 150.000000 54.000000
2.7100 98.7700 81.9400 226.000000 0.000000 150.000000 54.000000
2.7200 98.8300 81.6200 101.000000 0.000000 151.000000 53.000000
2.7300 98.8300 81.6200 0.000000 1.000000 151.000000 53.000000
2.7400 99.4100 81.1400 0.000000 0.000000 151.000000 53.000000
2.7500 99.7300 81.0300 0.000000 0.000000 149.000000 53.000000
2.7600 100.0900 81.0300 0.000000 0.000000 150.000000 54.000000
2.7700 100.3900 81.0300 0.000000 0.000000 150.000000 54.000000
2.7800 100.6200 81.1700 0.000000 0.000000 150.000000 54.000000
2.7900 100.6200 81.1700 191.000000 1.000000 151.000000 54.000000
2.8000 100.6200 81.1700 359.000000 0.000000 151.000000 54.000000
2.8100 100.2600 80.9800 491.000000 0.000000 151.000000 54.000000
2.8200 100.0400 80.7500 567.000000 0.000000 150.000000 54.000000
2.8300 99.8600 80.5100 611.000000 0.000000 150.000000 54.000000
2.8400 99.7600 80.1500 641.000000 0.000000 148.000000 54.000000
2.8500 99.7600 79.7200 664.000000 0.000000 147.000000 53.000000
2.8600 99.9100 79.3500 666.000000 0.000000 146.000000 53.000000
2.8700 100.1100 79.1600 666.000000 0.000000 145.000000 53.000000
2.8800 100.2800 79.0800 673.000000 0.000000 145.000000 53.000000
2.8900 100.4200 79.0800 667.000000 0.000000 144.000000 51.000000
2.9000 100.7300 79.3500 656.000000 0.000000 144.000000 51.000000
2.9100 100.9800 79.7100 609.000000 0.000000 144.000000 51.000000
2.9200 101.1900 80.0800 572.000000 0.000000 147.000000 51.000000
2.9300 101.2600 80.4400 548.000000 0.000000 146.000000 52.000000
2.9400 101.1700 80.7500 546.000000 0.000000 146.000000 52.000000
2.9500 100.9800 81.0400 550.000000 0.000000 146.000000 52.000000
2.9600 100.7900 81.1100 556.000000 0.000000 146.000000 53.000000
2.9700 100.6200 81.0600 566.000000 0.000000 146.000000 53.000000
2.9800 100.5000 80.8100 591.000000 0.000000 146.000000 53.000000
2.9900 100.4300 80.4800 597.000000 0.000000 146.000000 53.000000
3.0000 100.4300 80.1000 613.000000 0.000000 146.000000 53.000000
3.0100 100.6500 79.7800 616.000000 0.000000 146.000000 53.000000
3.0200 100.9200 79.6500 606.000000 0.000000 146.000000 53.000000
3.0300 101.1900 79.6500 594.000000 0.000000 146.000000 53.000000
3.0400 101.5100 79.8600 570.000000 0.000000 145.000000 53.000000
3.0500 101.8200 80.1300 553.000000 0.000000 147.000000 52.000000
3.0600 102.1000 80.4600 545.000000 0.000000 147.000000 52.000000
3.0700 102.2000 80.6900 551.000000 0.000000 147.000000 52.000000
3.0800 102.2000 80.8700 560.000000 0.000000 146.000000 53.000000
3.0900 102.0600 80.8700 585.000000 0.000000 146.000000 53.000000
3.1000 101.9200 80.8000 611.000000 0.000000 147.000000 53.000000
3.1100 101.7900 80.5800 647.000000 0.000000 147.000000 53.000000
3.1200 101.7000 80.2500 658.000000 0.000000 147.000000 53.000000
3.1300 101.7000 79.8500 670.000000 0.000000 147.000000 53.000000
3.1400 101.8300 79.5500 664.000000 0.000000 147.000000 53.000000
3.1500 102.0100 79.3600 666.000000 0.000000 147.000000 53.000000
3.1600 102.2500 79.2500 664.000000 0.000000 146.000000 53.000000
3.1700 102.4900 79.3700 664.000000 0.000000 146.000000 53.000000
3.1800 102.7100 79.5800 641.000000 0.000000 146.000000 53.000000
3.1900 102.9700 79.8600 616.000000 0.000000 147.000000 52.000000
3.2000 103.0800 80.1300 586.000000 0.000000 147.000000 52.000000
3.2100 103.0800 80.3400 603.000000 0.000000 147.000000 52.000000
3.2200 103.0800 80.4300 610.000000 0.000000 147.000000 53.000000
3.2300 103.0100 80.4300 627.000000 0.000000 147.000000 53.000000
3.2400 102.9500 80.3200 643.000000 0.000000 147.000000 53.000000
3.2500 102.8800 80.1500 667.000000 0.000000 146.000000 54.000000
3.2600 102.8800 79.9600 678.000000 0.000000 146.000000 54.000000
3.2700 102.8800 79.7900 684.000000 0.000000 146.000000 54.000000
3.2800 102.9300 79.7400 685.000000 0.000000 146.000000 54.000000
3.2900 103.0100 79.7400 664.000000 0.000000 146.000000 54.000000
3.3000 103.0900 79.7400 606.000000 0.000000 146.000000 54.000000
3.3100 103.1800 79.8200 399.000000 0.000000 147.000000 53.000000
3.3200 103.1800 79.8200 0.000000 1.000000 147.000000 53.000000
3.3300 103.1800 80.1500 0.000000 0.000000 147.000000 53.000000
3.3400 103.0900 80.4200 0.000000 0.000000 147.000000 55.000000
3.3500 102.9100 80.7300 0.000000 0.000000 147.000000 55.000000
3.3600 102.7000 81.1000 0.000000 0.000000 147.000000 55.000000
3.3700 102.4700 81.5800 0.000000 0.000000 147.000000 55.000000
3.3800 102.2300 82.1400 0.000000 0.000000 147.000000 55.000000
3.3900 102.0200 82.6800 0.000000 0.000000 149.000000 55.000000
3.4000 101.8200 82.8700 0.000000 0.000000 149.000000 55.000000
3.4100 101.8200 82.8700 469.000000 1.000000 149.000000 55.000000
3.4200 101.8200 82.8700 521.000000 0.000000 149.000000 55.000000
3.4300 101.5300 82.7200 521.000000 0.000000 147.000000 55.000000
3.4400 101.5800 82.7200 512.000000 0.000000 148.000000 54.000000
3.4500 101.6600 82.6500 329.000000 0.000000 147.000000 53.000000
3.4600 101.6600 82.6500 0.000000 1.000000 147.000000 53.000000
3.4700 101.8000 82.0700 0.000000 0.000000 147.000000 53.000000
3.4800 101.8000 82.0700 0.000000 0.000000 146.000000 53.000000
3.4900 101.6500 82.1500 0.000000 0.000000 146.000000 53.000000
3.5000 101.5300 82.2400 0.000000 0.000000 146.000000 53.000000
3.5100 101.6100 82.3700 0.000000 0.000000 145.000000 54.000000
3.5200 101.8000 82.2600 0.000000 0.000000 145.000000 54.000000
3.5300 102.5300 82.5400 0.000000 0.000000 143.000000 53.000000
3.5400 103.2700 83.0700 0.000000 0.000000 142.000000 53.000000
3.5500 104.0100 83.4000 0.000000 0.000000 141.000000 52.000000
3.5600 104.6000 83.5700 0.000000 0.000000 140.000000 52.000000
3.5700 105.6700 83.6300 0.000000 0.000000 138.000000 51.000000
3.5800 107.0500 83.9600 0.000000 0.000000 141.000000 51.000000
3.5900 107.6100 84.1000 0.000000 0.000000 142.000000 52.000000
3.6000 107.9700 84.1000 0.000000 0.000000 144.000000 51.000000
3.6100 108.1900 84.0000 0.000000 0.000000 147.000000 52.000000
3.6200 108.0800 84.0700 0.000000 0.000000 149.000000 53.000000
3.6300 107.9300 83.5800 0.000000 0.000000 152.000000 53.000000
3.6400 107.7400 82.6600 0.000000 0.000000 154.000000 53.000000
3.6500 106.9600 82.3100 0.000000 0.000000 155.000000 54.000000
3.6600 106.6100 81.6700 0.000000 0.000000 155.000000 54.000000
3.6700 106.5500 80.8500 0.000000 0.000000 155.000000 55.000000
3.6800 106.0100 80.3100 0.000000 0.000000 153.000000 56.000000
3.6900 105.6800 79.8300 0.000000 0.000000 149.000000 56.000000
3.7000 105.5000 79.3900 0.000000 0.000000 147.000000 56.000000
3.7100 105.4400 79.1600 0.000000 0.000000 145.000000 56.000000
3.7200 105.4400 79.0000 0.000000 0.000000 144.000000 56.000000
3.7300 105.4400 78.9000 0.000000 0.000000 143.000000 55.000000
3.7400 105.3800 78.9500 0.000000 0.000000 141.000000 55.000000
3.7500 105.2200 79.1600 0.000000 0.000000 140.000000 54.000000
3.7600 105.0600 79.4900 0.000000 0.000000 141.000000 53.000000
3.7700 104.9100 79.8900 0.000000 0.000000 140.000000 53.000000
3.7800 104.9100 80.3500 0.000000 0.000000 140.000000 53.000000
3.7900 105.0000 80.8400 0.000000 0.000000 140.000000 53.000000
3.8000 105.1100 81.3700 0.000000 0.000000 140.000000 53.000000
3.8100 105.2400 81.7700 0.000000 0.000000 139.000000 52.000000
3.8200 105.3100 82.3300 0.000000 0.000000 140.000000 53.000000
3.8300 105.3100 83.0500 0.000000 0.000000 140.000000 53.000000
3.8400 105.3100 83.0500 279.000000 1.000000 140.000000 53.000000
3.8500 105.0500 83.1500 342.000000 0.000000 140.000000 53.000000
3.8600 104.8000 83.1500 361.000000 0.000000 140.000000 53.000000
3.8700 104.8000 82.8700 417.000000 0.000000 141.000000 52.000000
3.8800 104.7500 82.2700 512.000000 0.000000 141.000000 52.000000
3.8900 104.8100 81.4500 584.000000 0.000000 143.000000 52.000000
3.9000 104.8700 80.5700 620.000000 0.000000 143.000000 52.000000
3.9100 104.9400 79.7700 627.000000 0.000000 143.000000 52.000000
3.9200 105.0500 79.2100 647.000000 0.000000 143.000000 52.000000
3.9300 105.2100 78.7800 659.000000 0.000000 143.000000 52.000000
3.9400 105.3900 78.6900 682.000000 0.000000 144.000000 51.000000
3.9500 105.5600 78.8400 699.000000 0.000000 144.000000 51.000000
3.9600 105.8600 79.1500 696.000000 0.000000 144.000000 51.000000
3.9700 106.2500 79.9200 678.000000 0.000000 144.000000 51.000000
3.9800 106.7100 80.7600 669.000000 0.000000 143.000000 52.000000
3.9900 106.9500 81.6600 641.000000 0.000000 143.000000 52.000000
4.0000 107.0900 82.5700 568.000000 0.000000 143.000000 52.000000
4.0100 107.1600 83.5000 504.000000 0.000000 143.000000 52.000000
4.0200 107.1000 84.1000 225.000000 0.000000 143.000000 52.000000
4.0300 107.1000 84.1000 0.000000 1.000000 143.000000 52.000000
4.0400 106.8500 84.1800 0.000000 0.000000 143.000000 52.000000
4.0500 106.5800 83.6800 0.000000 0.000000 143.000000 52.000000
4.0600 106.3100 83.0600 0.000000 0.000000 143.000000 52.000000
4.0700 106.2600 82.3900 0.000000 0.000000 143.000000 52.000000
4.0800 106.3600 81.7200 0.000000 0.000000 142.000000 53.000000
4.0900 106.5300 81.1400 0.000000 0.000000 142.000000 53.000000
4.1000 106.7300 80.6100 0.000000 0.000000 142.000000 53.000000
4.1100 106.9600 80.3200 0.000000 0.000000 141.000000 53.000000
4.1200 107.1900 80.2100 0.000000 0.000000 141.000000 53.000000
4.1300 107.4000 80.2100 0.000000 0.000000 140.000000 54.000000
4.1400 107.6500 80.3600 0.000000 0.000000 140.000000 54.000000
4.1500 107.6500 80.3600 177.000000 1.000000 140.000000 54.000000
4.1600 108.2000 80.6700 246.000000 0.000000 140.000000 54.000000
4.1700 108.2600 80.8400 316.000000 0.000000 140.000000 54.000000
4.1800 108.1800 80.9700 377.000000 0.000000 140.000000 54.000000
4.1900 108.1800 81.0400 438.000000 0.000000 140.000000 54.000000
4.2000 108.1300 81.1100 469.000000 0.000000 140.000000 54.000000
4.2100 107.9800 81.1100 494.000000 0.000000 141.000000 53.000000
4.2200 107.7900 81.1100 537.000000 0.000000 141.000000 53.000000
4.2300 107.5400 80.7800 561.000000 0.000000 141.000000 53.000000
4.2400 107.2300 80.3600 569.000000 0.000000 141.000000 53.000000
4.2500 106.8700 79.8100 580.000000 0.000000 141.000000 53.000000
4.2600 106.7800 79.2600 586.000000 0.000000 142.000000 53.000000
4.2700 106.8800 78.9000 592.000000 0.000000 142.000000 53.000000
4.2800 106.8800 78.9000 591.000000 0.000000 142.000000 53.000000
4.2900 107.4400 78.6800 588.000000 0.000000 142.000000 53.000000
4.3000 107.9300 78.8900 592.000000 0.000000 145.000000 53.000000
4.3100 108.5200 79.2800 577.000000 0.000000 145.000000 53.000000
4.3200 108.9700 79.8500 570.000000 0.000000 145.000000 53.000000
4.3300 109.1800 80.3800 580.000000 0.000000 143.000000 53.000000
4.3400 109.2400 80.8800 574.000000 0.000000 143.000000 53.000000
4.3500 109.0200 81.2800 592.000000 0.000000 143.000000 53.000000
4.3600 108.7100 81.4700 586.000000 0.000000 143.000000 53.000000
4.3700 108.3500 81.5300 591.000000 0.000000 143.000000 53.000000
4.3800 108.0300 81.2500 603.000000 0.000000 142.000000 53.000000
4.3900 107.7300 80.7500 611.000000 0.000000 142.000000 53.000000
4.4000 107.6700 80.1000 625.000000 0.000000 142.000000 53.000000
4.4100 107.7500 79.5500 638.000000 0.000000 142.000000 53.000000
4.4200 107.9000 79.1900 642.000000 0.000000 142.000000 53.000000
4.4300 108.2500 78.9500 640.000000 0.000000 143.000000 52.000000
4.4400 108.7200 78.9500 644.000000 0.000000 143.000000 52.000000
4.4500 109.1900 79.1700 636.000000 0.000000 143.000000 52.000000
4.4600 109.6700 79.5700 611.000000 0.000000 143.000000 52.000000
4.4700 110.1500 80.1000 605.000000 0.000000 142.000000 53.000000
4.4800 110.4200 80.6200 564.000000 0.000000 142.000000 53.000000
4.4900 110.5600 81.1200 544.000000 0.000000 141.000000 52.000000
4.5000 110.5600 81.6800 520.000000 0.000000 139.000000 52.000000
4.5100 110.4600 82.2700 512.000000 0.000000 139.000000 52.000000
4.5200 110.3200 82.9400 522.000000 0.000000 137.000000 52.000000
4.5300 110.1700 83.2700 524.000000 0.000000 136.000000 51.000000
4.5400 110.0600 83.3800 529.000000 0.000000 136.000000 51.000000
4.5500 110.0000 83.2300 546.000000 0.000000 136.000000 51.000000
4.5600 110.0000 82.7900 554.000000 0.000000 135.000000 51.000000
4.5700 109.9100 82.1500 589.000000 0.000000 135.000000 51.000000
4.5800 109.9100 81.3900 609.000000 0.000000 135.000000 51.000000
4.5900 109.8200 80.6300 624.000000 0.000000 136.000000 51.000000
4.6000 109.7700 79.8900 633.000000 0.000000 136.000000 51.000000
4.6100 109.8400 79.3900 636.000000 0.000000 136.000000 51.000000
4.6200 109.9900 79.0300 631.000000 0.000000 136.000000 51.000000
4.6300 110.2400 78.9200 627.000000 0.000000 136.000000 51.000000
4.6400 110.5300 79.0200 620.000000 0.000000 137.000000 52.000000
4.6500 110.8400 79.2500 603.000000 0.000000 137.000000 52.000000
4.6600 111.2300 79.6900 586.000000 0.000000 137.000000 52.000000
4.6700 111.4400 80.1300 570.000000 0.000000 137.000000 52.000000
4.6800 111.5400 80.5200 561.000000 0.000000 137.000000 52.000000
4.6900 111.4900 80.8600 565.000000 0.000000 136.000000 51.000000
4.7000 111.3700 80.9400 569.000000 0.000000 135.000000 52.000000
4.7100 111.2000 80.8600 588.000000 0.000000 135.000000 52.000000
4.7200 111.0000 80.5400 610.000000 0.000000 135.000000 52.000000
4.7300 110.8200 80.0900 631.000000 0.000000 135.000000 52.000000
4.7400 110.8200 79.5600 636.000000 0.000000 135.000000 52.000000
4.7500 110.8200 79.1300 650.000000 0.000000 135.000000 52.000000
4.7600 111.0300 78.9000 652.000000 0.000000 135.000000 52.000000
4.7700 111.2200 78.8000 658.000000 0.000000 135.000000 52.000000
4.7800 111.4300 78.8000 655.000000 0.000000 135.000000 52.000000
4.7900 111.7100 79.0200 647.000000 0.000000 135.000000 52.000000
4.8000 112.0000 79.3200 644.000000 0.000000 136.000000 51.000000
4.8100 112.2100 79.6700 619.000000 0.000000 136.000000 51.000000
4.8200 112.3700 80.0100 614.000000 0.000000 136.000000 51.000000
4.8300 112.3700 80.3500 586.000000 0.000000 135.000000 52.000000
4.8400 112.2600 80.6500 597.000000 0.000000 136.000000 52.000000
4.8500 112.1200 80.8400 602.000000 0.000000 136.000000 52.000000
4.8600 112.1200 80.8400 606.000000 0.000000 135.000000 53.000000
4.8700 112.0700 80.6900 610.000000 0.000000 135.000000 53.000000
4.8800 112.1300 80.4500 636.000000 0.000000 134.000000 52.000000
4.8900 112.2200 80.1600 636.000000 0.000000 134.000000 52.000000
4.9000 112.3700 79.8300 647.000000 0.000000 134.000000 52.000000
4.9100 112.5400 79.6700 647.000000 0.000000 134.000000 52.000000
4.9200 112.7600 79.6100 641.000000 0.000000 134.000000 52.000000
4.9300 112.9600 79.6100 650.000000 0.000000 135.000000 53.000000
4.9400 113.1500 79.8000 644.000000 0.000000 134.000000 54.000000
4.9500 113.3200 80.0300 641.000000 0.000000 134.000000 54.000000
4.9600 113.5000 80.3000 630.000000 0.000000 134.000000 54.000000
4.9700 113.6100 80.5400 625.000000 0.000000 134.000000 54.000000
4.9800 113.6800 80.7500 620.000000 0.000000 134.000000 54.000000
4.9900 113.7600 80.9100 610.000000 0.000000 134.000000 54.000000
5.0000 113.7600 80.9100 610.000000 0.000000 134.000000 54.000000
5.0100 113.7600 80.8100 619.000000 0.000000 135.000000 53.000000
5.0200 113.7600 80.5800 624.000000 0.000000 135.000000 53.000000
5.0300 113.8400 80.4100 627.000000 0.000000 135.000000 53.000000
5.0400 113.9800 80.2800 634.000000 0.000000 135.000000 53.000000
5.0500 114.1600 80.2100 638.000000 0.000000 135.000000 53.000000
5.0600 114.3600 80.2600 631.000000 0.000000 135.000000 53.000000
5.0700 114.5300 80.4000 616.000000 0.000000 135.000000 53.000000
5.0800 114.6100 80.5700 603.000000 0.000000 134.000000 54.000000
5.0900 114.6100 80.7900 595.000000 0.000000 134.000000 54.000000
5.1000 114.4800 81.0400 574.000000 0.000000 134.000000 54.000000
5.1100 114.2600 81.1500 577.000000 0.000000 134.000000 54.000000
5.1200 113.9800 81.2400 581.000000 0.000000 134.000000 54.000000
5.1300 113.7700 81.1200 595.000000 0.000000 134.000000 54.000000
5.1400 113.6100 80.8800 614.000000 0.000000 135.000000 53.000000
5.1500 113.6100 80.4400 622.000000 0.000000 135.000000 53.000000
5.1600 113.6100 80.0500 630.000000 0.000000 135.000000 53.000000
5.1700 113.7500 79.7000 638.000000 0.000000 135.000000 53.000000
5.1800 114.0000 79.5000 659.000000 0.000000 135.000000 53.000000
5.1900 114.3100 79.4000 673.000000 0.000000 134.000000 54.000000
5.2000 114.6200 79.4000 664.000000 0.000000 134.000000 54.000000
5.2100 114.9300 79.6100 667.000000 0.000000 134.000000 54.000000
5.2200 115.1700 79.8300 673.000000 0.000000 133.000000 54.000000
5.2300 115.3700 80.0500 666.000000 0.000000 133.000000 54.000000
5.2400 115.5000 80.2800 667.000000 0.000000 133.000000 54.000000
5.2500 115.5000 80.2800 664.000000 0.000000 133.000000 54.000000
5.2600 115.5000 80.2800 678.000000 0.000000 133.000000 54.000000
5.2700 115.5000 80.2800 694.000000 0.000000 133.000000 54.000000
5.2800 115.7200 79.8800 694.000000 0.000000 133.000000 54.000000
5.2900 115.8900 79.6300 696.000000 0.000000 133.000000 54.000000
5.3000 116.0700 79.4900 699.000000 0.000000 133.000000 54.000000
5.3100 116.1400 79.4200 700.000000 0.000000 133.000000 54.000000
5.3200 116.1400 79.4200 711.000000 0.000000 133.000000 54.000000
5.3300 116.1400 79.4200 719.000000 0.000000 133.000000 54.000000
5.3400 116.0800 79.5200 717.000000 0.000000 131.000000 54.000000
5.3500 116.0000 79.6700 716.000000 0.000000 131.000000 54.000000
5.3600 115.8700 79.8200 696.000000 0.000000 131.000000 54.000000
5.3700 115.7600 79.9500 694.000000 0.000000 131.000000 54.000000
5.3800 115.7000 80.1000 691.000000 0.000000 131.000000 54.000000
5.3900 115.7000 80.1700 685.000000 0.000000 131.000000 54.000000
5.4000 115.7000 80.1700 673.000000 0.000000 131.000000 54.000000
5.4100 115.7500 80.1700 667.000000 0.000000 131.000000 54.000000
5.4200 115.8600 80.1700 664.000000 0.000000 131.000000 54.000000
5.4300 116.0700 80.1700 613.000000 0.000000 131.000000 54.000000
5.4400 116.3800 80.2700 493.000000 0.000000 131.000000 54.000000
5.4500 116.6700 80.3600 141.000000 0.000000 131.000000 54.000000
5.4600 116.6700 80.3600 0.000000 1.000000 131.000000 54.000000
5.4700 117.1700 80.8100 0.000000 0.000000 131.000000 54.000000
5.4800 117.2900 81.1300 0.000000 0.000000 133.000000 54.000000
5.4900 117.3500 81.4800 0.000000 0.000000 133.000000 54.000000
5.5000 117.4500 81.8500 0.000000 0.000000 133.000000 54.000000
5.5100 117.5300 82.2100 0.000000 0.000000 133.000000 54.000000
5.5200 117.5300 82.5600 0.000000 0.000000 133.000000 54.000000
5.5300 117.5300 82.5600 254.000000 1.000000 133.000000 54.000000
5.5400 117.5300 82.5600 356.000000 0.000000 133.000000 54.000000
5.5500 117.5200 82.2900 446.000000 0.000000 133.000000 54.000000
5.5600 117.3900 81.9900 542.000000 0.000000 134.000000 54.000000
5.5700 117.3900 81.5200 619.000000 0.000000 133.000000 53.000000
5.5800 117.4500 80.9900 667.000000 0.000000 133.000000 53.000000
5.5900 117.5400 80.4700 687.000000 0.000000 134.000000 54.000000
5.6000 117.6400 79.9800 697.000000 0.000000 133.000000 54.000000
5.6100 117.7100 79.6100 711.000000 0.000000 133.000000 54.000000
5.6200 117.7100 79.3000 700.000000 0.000000 133.000000 54.000000
5.6300 117.7800 79.2200 691.000000 0.000000 131.000000 55.000000
5.6400 117.7800 79.2200 697.000000 0.000000 131.000000 55.000000
5.6500 117.8400 79.3800 667.000000 0.000000 130.000000 55.000000
5.6600 117.9200 79.6800 659.000000 0.000000 130.000000 55.000000
5.6700 117.9200 79.9700 641.000000 0.000000 130.000000 55.000000
5.6800 117.9200 80.3900 617.000000 0.000000 130.000000 55.000000
5.6900 117.7700 80.8900 616.000000 0.000000 130.000000 55.000000
5.7000 117.5800 81.2600 652.000000 0.000000 130.000000 55.000000
5.7100 117.3900 81.4200 662.000000 0.000000 131.000000 55.000000
5.7200 117.1900 81.4200 662.000000 0.000000 131.000000 55.000000
5.7300 116.9900 81.1700 679.000000 0.000000 131.000000 55.000000
5.7400 116.8200 80.8900 687.000000 0.000000 133.000000 54.000000
5.7500 116.8200 80.5400 691.000000 0.000000 133.000000 54.000000
5.7600 116.8200 80.1800 679.000000 0.000000 133.000000 54.000000
5.7700 116.9400 79.9200 643.000000 0.000000 133.000000 54.000000
5.7800 117.0600 79.7300 546.000000 0.000000 133.000000 54.000000
5.7900 117.2500 79.6500 130.000000 0.000000 131.000000 54.000000
5.8000 117.2500 79.6500 0.000000 1.000000 130.000000 54.000000
5.8100 117.6700 79.9800 0.000000 0.000000 131.000000 55.000000
5.8200 117.7700 80.3500 0.000000 0.000000 131.000000 55.000000
5.8300 117.8200 80.6800 0.000000 0.000000 131.000000 55.000000
5.8400 117.9300 80.9200 0.000000 0.000000 130.000000 55.000000
5.8500 118.0300 80.9200 0.000000 0.000000 130.000000 55.000000
5.8600 118.0300 80.7700 0.000000 0.000000 130.000000 55.000000
5.8700 118.0300 80.4800 0.000000 0.000000 130.000000 55.000000
5.8800 118.0300 80.4800 420.000000 1.000000 131.000000 56.000000
5.8900 118.0900 80.0600 491.000000 0.000000 131.000000 56.000000
5.9000 118.1400 80.0600 585.000000 0.000000 131.000000 56.000000
5.9100 118.2500 80.0600 702.000000 0.000000 131.000000 56.000000
5.9200 118.4100 80.0600 736.000000 0.000000 132.000000 57.000000
5.9300 118.7300 80.1600 736.000000 0.000000 134.000000 56.000000
5.9400 119.1500 80.2900 720.000000 0.000000 134.000000 56.000000
5.9500 119.3000 80.4500 730.000000 0.000000 135.000000 57.000000
5.9600 119.3900 80.6400 691.000000 0.000000 135.000000 57.000000
5.9700 119.4400 80.7800 673.000000 0.000000 135.000000 57.000000
5.9800 119.3600 80.9600 617.000000 0.000000 135.000000 57.000000
5.9900 119.1800 81.1900 591.000000 0.000000 136.000000 57.000000
6.0000 118.9400 81.4400 533.000000 0.000000 136.000000 57.000000
6.0100 118.6100 81.7700 492.000000 0.000000 136.000000 57.000000
6.0200 118.1400 82.1000 497.000000 0.000000 136.000000 57.000000
6.0300 117.5700 82.4200 521.000000 0.000000 136.000000 56.000000
6.0400 116.9500 82.7300 581.000000 0.000000 136.000000 56.000000
6.0500 116.2700 83.0800 592.000000 0.000000 136.000000 55.000000
6.0600 115.5500 83.4500 611.000000 0.000000 135.000000 54.000000
6.0700 114.5300 83.8900 636.000000 0.000000 136.000000 54.000000
6.0800 113.4100 84.4500 641.000000 0.000000 135.000000 53.000000
6.0900 112.2200 85.0800 644.000000 0.000000 135.000000 53.000000
6.1000 110.6300 85.7400 599.000000 0.000000 136.000000 52.000000
6.1100 108.5900 86.3300 591.000000 0.000000 136.000000 52.000000
6.1200 106.2400 86.6200 589.000000 0.000000 136.000000 52.000000
6.1300 103.6500 86.7300 595.000000 0.000000 139.000000 52.000000
6.1400 101.0800 86.4300 602.000000 0.000000 139.000000 52.000000
6.1500 98.6800 85.9600 595.000000 0.000000 139.000000 52.000000
6.1600 96.3800 85.3700 594.000000 0.000000 139.000000 52.000000
6.1700 94.2500 84.6700 585.000000 0.000000 140.000000 52.000000
6.1800 92.2600 84.0100 554.000000 0.000000 140.000000 52.000000
6.1900 90.3600 83.3800 544.000000 0.000000 141.000000 51.000000
6.2000 88.3200 82.6500 542.000000 0.000000 142.000000 50.000000
6.2100 86.7300 81.9800 540.000000 0.000000 143.000000 50.000000
6.2200 85.4500 81.3600 544.000000 0.000000 143.000000 49.000000
6.2300 84.4000 80.6900 545.000000 0.000000 143.000000 49.000000
6.2400 83.6500 79.9600 545.000000 0.000000 144.000000 48.000000
6.2500 83.0900 79.1600 545.000000 0.000000 144.000000 48.000000
6.2600 82.9300 78.2100 556.000000 0.000000 143.000000 48.000000
6.2700 83.1500 77.2100 570.000000 0.000000 143.000000 48.000000
6.2800 83.6200 76.1900 565.000000 0.000000 142.000000 48.000000
6.2900 84.3200 75.2500 563.000000 0.000000 140.000000 48.000000
6.3000 85.1800 74.6400 572.000000 0.000000 141.000000 49.000000
6.3100 86.1500 74.2200 578.000000 0.000000 141.000000 49.000000
6.3200 87.0600 73.9900 589.000000 0.000000 141.000000 49.000000
6.3300 87.9200 73.8600 595.000000 0.000000 141.000000 49.000000
6.3400 88.7400 73.7900 603.000000 0.000000 142.000000 49.000000
6.3500 89.6100 73.6900 616.000000 0.000000 142.000000 49.000000
6.3600 90.3800 73.6000 617.000000 0.000000 142.000000 49.000000
6.3700 91.0900 73.5100 610.000000 0.000000 142.000000 49.000000
6.3800 91.6800 73.4100 616.000000 0.000000 142.000000 49.000000
6.3900 91.9400 73.3000 617.000000 0.000000 142.000000 49.000000
6.4000 91.9400 73.2500 620.000000 0.000000 142.000000 49.000000
6.4100 92.0000 73.2500 611.000000 0.000000 142.000000 49.000000
6.4200 91.9400 73.2500 628.000000 0.000000 142.000000 49.000000
6.4300 91.8200 73.3500 631.000000 0.000000 141.000000 50.000000
6.4400 91.6600 73.4900 631.000000 0.000000 141.000000 50.000000
6.4500 91.3300 73.7300 610.000000 0.000000 141.000000 50.000000
6.4600 90.8800 73.9600 610.000000 0.000000 141.000000 50.000000
6.4700 90.3700 74.1400 611.000000 0.000000 141.000000 50.000000
6.4800 89.8700 74.1400 610.000000 0.000000 141.000000 50.000000
6.4900 89.3100 74.1400 617.000000 0.000000 141.000000 50.000000
6.5000 88.7000 74.0200 610.000000 0.000000 141.000000 50.000000
6.5100 88.0500 73.9000 617.000000 0.000000 141.000000 50.000000
6.5200 87.3800 73.7200 616.000000 0.000000 142.000000 49.000000
6.5300 86.7000 73.6500 624.000000 0.000000 142.000000 49.000000
6.5400 86.0500 73.6500 622.000000 0.000000 142.000000 49.000000
6.5500 85.3900 73.8000 630.000000 0.000000 142.000000 49.000000
6.5600 84.7700 74.2400 636.000000 0.000000 142.000000 49.000000
6.5700 84.1800 74.8700 631.000000 0.000000 142.000000 49.000000
6.5800 83.6600 75.8900 625.000000 0.000000 142.000000 49.000000
6.5900 83.1800 77.3100 620.000000 0.000000 142.000000 49.000000
6.6000 82.7700 79.0000 613.000000 0.000000 142.000000 49.000000
6.6100 82.6100 81.0300 614.000000 0.000000 141.000000 49.000000
6.6200 82.6100 82.6100 616.000000 0.000000 141.000000 49.000000
6.6300 83.2700 83.9000 620.000000 0.000000 142.000000 48.000000
6.6400 83.8600 84.6200 611.000000 0.000000 140.000000 48.000000
6.6500 84.4000 85.1000 591.000000 0.000000 142.000000 47.000000
6.6600 84.6300 85.4200 570.000000 0.000000 142.000000 47.000000
6.6700 84.7100 85.4200 535.000000 0.000000 143.000000 46.000000
6.6800 84.7100 85.1600 535.000000 0.000000 143.000000 46.000000
6.6900 84.7100 84.7100 540.000000 0.000000 145.000000 46.000000
6.7000 84.7100 83.7300 545.000000 0.000000 145.000000 46.000000
6.7100 84.5600 82.7100 556.000000 0.000000 145.000000 46.000000
6.7200 84.6600 81.6600 562.000000 0.000000 146.000000 46.000000
6.7300 84.8000 80.6500 570.000000 0.000000 146.000000 46.000000
6.7400 85.1100 79.8200 570.000000 0.000000 145.000000 46.000000
6.7500 85.5000 79.1200 561.000000 0.000000 145.000000 46.000000
6.7600 85.9200 78.7400 563.000000 0.000000 145.000000 46.000000
6.7700 86.3000 78.5800 574.000000 0.000000 144.000000 47.000000
6.7800 86.6200 78.5800 578.000000 0.000000 144.000000 47.000000
6.7900 86.9200 78.7600 589.000000 0.000000 143.000000 48.000000
6.8000 87.1800 79.2100 588.000000 0.000000 144.000000 48.000000
6.8100 87.3500 79.8400 588.000000 0.000000 144.000000 48.000000
6.8200 87.3500 80.4100 567.000000 0.000000 144.000000 48.000000
6.8300 87.1900 81.0600 569.000000 0.000000 144.000000 48.000000
6.8400 86.9800 81.7600 577.000000 0.000000 144.000000 48.000000
6.8500 86.8200 81.8700 569.000000 0.000000 144.000000 48.000000
6.8600 86.6800 81.5400 589.000000 0.000000 144.000000 48.000000
6.8700 86.6800 80.9300 597.000000 0.000000 143.000000 48.000000
6.8800 86.8500 79.5400 620.000000 0.000000 144.000000 47.000000
6.8900 87.1200 78.4500 620.000000 0.000000 143.000000 48.000000
6.9000 87.6500 77.5600 622.000000 0.000000 144.000000 48.000000
6.9100 88.1900 76.9400 634.000000 0.000000 143.000000 49.000000
6.9200 88.8300 76.5900 644.000000 0.000000 142.000000 49.000000
6.9300 89.5300 76.4100 644.000000 0.000000 142.000000 49.000000
6.9400 90.0600 76.5300 645.000000 0.000000 141.000000 50.000000
6.9500 90.4400 76.8600 638.000000 0.000000 138.000000 50.000000
6.9600 90.7200 77.3200 644.000000 0.000000 137.000000 51.000000
6.9700 90.8600 77.8500 641.000000 0.000000 137.000000 51.000000
6.9800 90.8600 78.3600 639.000000 0.000000 136.000000 50.000000
6.9900 90.7800 78.9200 643.000000 0.000000 136.000000 50.000000
7.0000 90.6600 79.5200 640.000000 0.000000 136.000000 50.000000
7.0100 90.5600 79.4500 638.000000 0.000000 137.000000 50.000000
7.0200 90.6200 79.0500 641.000000 0.000000 138.000000 49.000000
7.0300 90.7800 78.4300 643.000000 0.000000 138.000000 49.000000
7.0400 91.1900 77.7100 650.000000 0.000000 139.000000 48.000000
7.0500 91.6200 77.1100 643.000000 0.000000 138.000000 49.000000
7.0600 92.2200 76.5800 644.000000 0.000000 138.000000 49.000000
7.0700 92.9200 76.2500 636.000000 0.000000 137.000000 50.000000
7.0800 93.5900 76.1700 647.000000 0.000000 137.000000 50.000000
7.0900 94.1500 76.2600 633.000000 0.000000 137.000000 51.000000
7.1000 94.6300 76.5600 627.000000 0.000000 136.000000 51.000000
7.1100 94.9800 76.9800 622.000000 0.000000 136.000000 51.000000
7.1200 95.2600 77.4900 616.000000 0.000000 137.000000 52.000000
7.1300 95.4900 78.0300 619.000000 0.000000 137.000000 52.000000
7.1400 95.6700 78.5900 614.000000 0.000000 137.000000 52.000000
7.1500 95.8700 79.1700 628.000000 0.000000 139.000000 52.000000
7.1600 95.8700 79.1700 633.000000 0.000000 140.000000 52.000000
7.1700 96.4000 79.2600 631.000000 0.000000 140.000000 52.000000
7.1800 96.6800 78.8700 633.000000 0.000000 141.000000 51.000000
7.1900 96.9100 78.4600 634.000000 0.000000 141.000000 51.000000
7.2000 97.1100 78.0500 634.000000 0.000000 142.000000 50.000000
7.2100 97.3600 77.7500 636.000000 0.000000 141.000000 51.000000
7.2200 97.6300 77.5200 636.000000 0.000000 141.000000 51.000000
7.2300 98.0300 77.4500 643.000000 0.000000 141.000000 51.000000
7.2400 98.4900 77.4500 647.000000 0.000000 140.000000 52.000000
7.2500 99.2100 77.4500 653.000000 0.000000 140.000000 52.000000
7.2600 99.9400 77.4000 659.000000 0.000000 139.000000 52.000000
7.2700 100.6700 77.2500 659.000000 0.000000 139.000000 52.000000
7.2800 101.2600 77.0200 661.000000 0.000000 137.000000 53.000000
7.2900 101.7800 76.7800 662.000000 0.000000 137.000000 53.000000
7.3000 102.1500 76.6200 673.000000 0.000000 137.000000 53.000000
7.3100 102.4400 76.5200 685.000000 0.000000 137.000000 53.000000
7.3200 102.6700 76.5200 702.000000 0.000000 137.000000 53.000000
7.3300 102.9500 76.8000 702.000000 0.000000 139.000000 54.000000
7.3400 103.4100 77.2000 702.000000 0.000000 139.000000 54.000000
7.3500 103.9900 77.7000 694.000000 0.000000 139.000000 54.000000
7.3600 104.7400 78.2400 685.000000 0.000000 139.000000 54.000000
7.3700 105.5400 78.8000 676.000000 0.000000 139.000000 54.000000
7.3800 106.4300 79.2500 670.000000 0.000000 141.000000 53.000000
7.3900 107.4500 79.3500 667.000000 0.000000 142.000000 53.000000
7.4000 108.5500 79.2200 669.000000 0.000000 142.000000 53.000000
7.4100 109.7300 79.1200 681.000000 0.000000 142.000000 53.000000
7.4200 110.7800 79.2100 693.000000 0.000000 143.000000 52.000000
7.4300 111.4500 79.4300 716.000000 0.000000 143.000000 52.000000
7.4400 111.9000 79.7400 725.000000 0.000000 142.000000 53.000000
7.4500 112.3200 80.2700 728.000000 0.000000 142.000000 53.000000
7.4600 112.4900 80.9400 737.000000 0.000000 140.000000 53.000000
7.4700 112.4900 81.6500 730.000000 0.000000 140.000000 53.000000
7.4800 112.2700 82.4900 721.000000 0.000000 139.000000 54.000000
7.4900 111.7700 83.4300 727.000000 0.000000 137.000000 53.000000
7.5000 111.0900 84.4200 700.000000 0.000000 137.000000 53.000000
7.5100 110.0700 85.4400 670.000000 0.000000 137.000000 53.000000
7.5200 108.4000 86.4900 659.000000 0.000000 137.000000 53.000000
7.5300 106.3000 86.8000 670.000000 0.000000 137.000000 53.000000
7.5400 103.4300 86.4300 702.000000 0.000000 139.000000 52.000000
7.5500 100.7200 85.6000 740.000000 0.000000 140.000000 53.000000
7.5600 98.1200 84.5400 780.000000 0.000000 141.000000 52.000000
7.5700 96.7100 83.5400 780.000000 0.000000 141.000000 52.000000
7.5800 96.0300 82.5700 788.000000 0.000000 143.000000 52.000000
7.5900 95.8400 81.6700 788.000000 0.000000 144.000000 51.000000
7.6000 96.1300 80.9300 783.000000 0.000000 145.000000 51.000000
7.6100 97.0000 80.3100 799.000000 0.000000 148.000000 50.000000
7.6200 98.2600 79.7700 817.000000 0.000000 148.000000 50.000000
7.6300 100.0500 79.2500 815.000000 0.000000 148.000000 50.000000
7.6400 101.5700 78.7400 809.000000 0.000000 148.000000 50.000000
7.6500 102.9100 78.1400 799.000000 0.000000 148.000000 50.000000
7.6600 104.0600 77.2700 797.000000 0.000000 148.000000 50.000000
7.6700 104.6600 76.2300 800.000000 0.000000 147.000000 51.000000
7.6800 104.8900 75.0400 823.000000 0.000000 146.000000 52.000000
7.6900 104.8900 73.8000 833.000000 0.000000 145.000000 53.000000
7.7000 104.8900 72.8700 848.000000 0.000000 146.000000 53.000000
7.7100 104.8300 72.1500 864.000000 0.000000 145.000000 54.000000
7.7200 104.8300 71.8700 876.000000 0.000000 145.000000 54.000000
7.7300 104.8300 71.7700 924.000000 0.000000 146.000000 54.000000
7.7400 104.8300 71.7700 967.000000 0.000000 146.000000 54.000000
7.7500 104.7600 71.8200 950.000000 0.000000 146.000000 54.000000
7.7600 104.1300 71.9700 949.000000 0.000000 146.000000 54.000000
7.7700 103.1500 72.2000 950.000000 0.000000 146.000000 54.000000
7.7800 101.8100 72.4500 961.000000 0.000000 146.000000 54.000000
7.7900 100.5800 72.6800 968.000000 0.000000 146.000000 54.000000
7.8000 99.4100 72.6800 964.000000 0.000000 146.000000 54.000000
7.8100 98.8700 72.4800 942.000000 0.000000 146.000000 54.000000
7.8200 98.7800 72.3200 894.000000 0.000000 147.000000 53.000000
7.8300 98.9800 71.9900 836.000000 0.000000 147.000000 53.000000
7.8400 99.8000 71.5500 581.000000 0.000000 147.000000 53.000000
