0.0000 85.2500 48.6900 91.000000 1.000000 135.000000 52.000000
0.0100 85.3200 49.1400 129.000000 0.000000 135.000000 52.000000
0.0200 85.3200 49.3300 196.000000 0.000000 136.000000 52.000000
0.0300 85.2600 49.3300 255.000000 0.000000 136.000000 52.000000
0.0400 85.1700 49.2700 304.000000 0.000000 137.000000 52.000000
0.0500 85.0200 49.1300 369.000000 0.000000 137.000000 52.000000
0.0600 84.8200 48.4600 379.000000 0.000000 137.000000 52.000000
0.0700 84.6000 47.4400 392.000000 0.000000 137.000000 52.000000
0.0800 84.4200 46.5900 405.000000 0.000000 136.000000 52.000000
0.0900 84.2800 45.7100 396.000000 0.000000 136.000000 52.000000
0.1000 84.1500 44.8000 382.000000 0.000000 135.000000 53.000000
0.1100 84.0400 44.2800 319.000000 0.000000 135.000000 53.000000
0.1200 83.9700 43.7500 209.000000 0.000000 134.000000 54.000000
0.1300 83.9700 43.7500 0.000000 1.000000 134.000000 54.000000
0.1400 84.0600 43.3800 0.000000 0.000000 133.000000 54.000000
0.1500 84.1600 43.6600 0.000000 0.000000 133.000000 54.000000
0.1600 84.2500 44.1900 0.000000 0.000000 133.000000 54.000000
0.1700 84.2500 44.8800 0.000000 0.000000 133.000000 54.000000
0.1800 84.2500 45.5700 0.000000 0.000000 133.000000 54.000000
0.1900 84.3400 46.3300 0.000000 0.000000 133.000000 54.000000
0.2000 84.4700 47.1400 0.000000 0.000000 133.000000 54.000000
0.2100 84.5600 47.4800 0.000000 0.000000 133.000000 53.000000
0.2200 84.6100 47.4100 0.000000 0.000000 133.000000 53.000000
0.2300 84.7000 47.0800 0.000000 0.000000 133.000000 53.000000
0.2400 84.7000 47.0800 131.000000 1.000000 133.000000 53.000000
0.2500 84.6500 45.9300 161.000000 0.000000 133.000000 53.000000
0.2600 84.3900 45.5400 213.000000 0.000000 133.000000 53.000000
0.2700 84.3400 45.3100 273.000000 0.000000 134.000000 54.000000
0.2800 84.4500 45.0800 325.000000 0.000000 133.000000 54.000000
0.2900 84.6700 44.9700 358.000000 0.000000 133.000000 54.000000
0.3000 84.9900 44.9700 366.000000 0.000000 134.000000 55.000000
0.3100 85.5100 45.1700 366.000000 0.000000 132.000000 55.000000
0.3200 86.1500 45.5900 364.000000 0.000000 132.000000 55.000000
0.3300 86.6600 46.1400 333.000000 0.000000 132.000000 55.000000
0.3400 87.0700 46.8300 304.000000 0.000000 132.000000 55.000000
0.3500 87.4000 47.5900 279.000000 0.000000 134.000000 55.000000
0.3600 87.4000 48.4000 267.000000 0.000000 134.000000 55.000000
0.3700 87.1800 49.2600 274.000000 0.000000 135.000000 54.000000
0.3800 86.7500 49.9800 291.000000 0.000000 135.000000 54.000000
0.3900 86.0700 50.1400 320.000000 0.000000 136.000000 54.000000
0.4000 85.4200 49.9800 332.000000 0.000000 137.000000 53.000000
0.4100 84.8100 49.3400 340.000000 0.000000 139.000000 52.000000
0.4200 84.2300 48.4500 322.000000 0.000000 139.000000 52.000000
0.4300 84.0000 47.4000 269.000000 0.000000 139.000000 52.000000
0.4400 84.0000 46.6600 122.000000 0.000000 139.000000 52.000000
0.4500 84.0000 46.6600 0.000000 1.000000 137.000000 52.000000
0.4600 84.4000 45.5400 0.000000 0.000000 136.000000 52.000000
0.4700 84.5000 45.4300 0.000000 0.000000 135.000000 53.000000
0.4800 84.5000 45.5400 0.000000 0.000000 134.000000 54.000000
0.4900 84.6000 45.8100 0.000000 0.000000 134.000000 54.000000
0.5000 84.6800 46.1000 0.000000 0.000000 134.000000 54.000000
0.5100 84.8100 46.3500 0.000000 0.000000 133.000000 53.000000
0.5200 85.0500 46.5400 0.000000 0.000000 134.000000 52.000000
0.5300 85.2900 46.4000 0.000000 0.000000 134.000000 52.000000
0.5400 85.5000 46.0400 0.000000 0.000000 134.000000 51.000000
0.5500 85.6000 45.5000 0.000000 0.000000 135.000000 51.000000
0.5600 85.6000 45.0800 0.000000 0.000000 135.000000 51.000000
0.5700 85.7000 44.7300 0.000000 0.000000 137.000000 51.000000
0.5800 85.8000 44.4800 0.000000 0.000000 137.000000 51.000000
0.5900 85.9400 44.3800 0.000000 0.000000 136.000000 51.000000
0.6000 86.1000 44.3800 0.000000 0.000000 136.000000 51.000000
0.6100 86.2500 44.5000 0.000000 0.000000 137.000000 52.000000
0.6200 86.4300 44.7200 0.000000 0.000000 136.000000 52.000000
0.6300 86.6000 45.0000 0.000000 0.000000 135.000000 53.000000
0.6400 86.7300 45.3100 0.000000 0.000000 135.000000 53.000000
0.6500 86.8400 45.5700 0.000000 0.000000 134.000000 54.000000
0.6600 86.8400 45.5700 184.000000 1.000000 135.000000 54.000000
0.6700 86.8400 45.5700 210.000000 0.000000 134.000000 55.000000
0.6800 86.5800 45.6600 240.000000 0.000000 134.000000 55.000000
0.6900 86.3000 45.4300 341.000000 0.000000 132.000000 55.000000
0.7000 86.0100 44.9300 381.000000 0.000000 132.000000 55.000000
0.7100 85.7100 44.2600 399.000000 0.000000 132.000000 55.000000
0.7200 85.7100 43.8300 399.000000 0.000000 132.000000 55.000000
0.7300 85.8400 43.5300 402.000000 0.000000 132.000000 55.000000
0.7400 86.0600 43.3300 397.000000 0.000000 132.000000 55.000000
0.7500 86.3800 43.3300 399.000000 0.000000 132.000000 55.000000
0.7600 86.7400 43.5300 386.000000 0.000000 134.000000 55.000000
0.7700 87.0900 43.8500 361.000000 0.000000 134.000000 55.000000
0.7800 87.3200 44.2800 363.000000 0.000000 134.000000 55.000000
0.7900 87.4900 44.7000 334.000000 0.000000 134.000000 55.000000
0.8000 87.4900 45.1000 340.000000 0.000000 132.000000 55.000000
0.8100 87.3500 45.4700 344.000000 0.000000 132.000000 55.000000
0.8200 87.1900 45.7500 361.000000 0.000000 132.000000 55.000000
0.8300 87.0300 45.9600 376.000000 0.000000 132.000000 55.000000
0.8400 86.8600 45.8500 399.000000 0.000000 132.000000 55.000000
0.8500 86.6900 45.5300 418.000000 0.000000 132.000000 55.000000
0.8600 86.5800 45.0900 441.000000 0.000000 132.000000 55.000000
0.8700 86.5200 44.6100 450.000000 0.000000 132.000000 55.000000
0.8800 86.6400 44.1000 466.000000 0.000000 132.000000 55.000000
0.8900 86.8600 43.8700 466.000000 0.000000 132.000000 55.000000
0.9000 87.1500 43.7600 473.000000 0.000000 132.000000 55.000000
0.9100 87.4400 43.7600 469.000000 0.000000 132.000000 55.000000
0.9200 87.7500 43.8600 473.000000 0.000000 134.000000 55.000000
0.9300 88.0900 44.2000 465.000000 0.000000 134.000000 55.000000
0.9400 88.4600 44.6700 465.000000 0.000000 134.000000 55.000000
0.9500 88.8100 45.0600 469.000000 0.000000 134.000000 55.000000
0.9600 89.1200 45.4600 470.000000 0.000000 132.000000 55.000000
0.9700 89.4200 45.8700 478.000000 0.000000 132.000000 55.000000
0.9800 89.5100 46.0300 492.000000 0.000000 132.000000 55.000000
0.9900 89.5100 45.9000 532.000000 0.000000 132.000000 55.000000
1.0000 89.5100 45.5900 565.000000 0.000000 132.000000 55.000000
1.0100 89.4100 45.1000 578.000000 0.000000 132.000000 55.000000
1.0200 89.3100 44.5600 586.000000 0.000000 132.000000 55.000000
1.0300 89.3100 43.9800 589.000000 0.000000 131.000000 55.000000
1.0400 89.2300 43.7500 589.000000 0.000000 131.000000 55.000000
1.0500 89.2300 43.5200 578.000000 0.000000 131.000000 55.000000
1.0600 89.2800 43.4600 569.000000 0.000000 131.000000 54.000000
1.0700 89.3600 43.5300 569.000000 0.000000 131.000000 54.000000
1.0800 89.4700 43.7000 565.000000 0.000000 131.000000 54.000000
1.0900 89.7200 44.1300 561.000000 0.000000 130.000000 53.000000
1.1000 90.0400 44.7300 551.000000 0.000000 131.000000 54.000000
1.1100 90.2600 45.1900 546.000000 0.000000 131.000000 54.000000
1.1200 90.4500 45.6200 556.000000 0.000000 131.000000 54.000000
1.1300 90.6200 45.9700 560.000000 0.000000 131.000000 55.000000
1.1400 90.6800 45.9700 589.000000 0.000000 131.000000 55.000000
1.1500 90.6800 45.6500 622.000000 0.000000 131.000000 55.000000
1.1600 90.6800 45.2400 636.000000 0.000000 131.000000 55.000000
1.1700 90.5200 44.8000 641.000000 0.000000 131.000000 55.000000
1.1800 90.5200 44.3400 617.000000 0.000000 131.000000 55.000000
1.1900 90.5200 44.0700 586.000000 0.000000 131.000000 55.000000
1.2000 90.6300 43.9400 483.000000 0.000000 131.000000 55.000000
1.2100 90.7200 43.9400 316.000000 0.000000 131.000000 55.000000
1.2200 90.7200 43.9400 0.000000 1.000000 131.000000 55.000000
1.2300 90.9900 44.3800 0.000000 0.000000 134.000000 55.000000
1.2400 91.1800 44.8700 0.000000 0.000000 134.000000 55.000000
1.2500 91.3300 45.4000 0.000000 0.000000 135.000000 55.000000
1.2600 91.4100 46.0200 0.000000 0.000000 136.000000 56.000000
1.2700 91.4600 46.7000 0.000000 0.000000 138.000000 57.000000
1.2800 91.4600 46.7000 212.000000 1.000000 139.000000 57.000000
1.2900 91.4400 47.4300 280.000000 0.000000 139.000000 57.000000
1.3000 91.2700 47.1800 299.000000 0.000000 139.000000 57.000000
1.3100 91.2700 46.9000 309.000000 0.000000 139.000000 57.000000
1.3200 91.2200 46.7200 307.000000 0.000000 140.000000 56.000000
1.3300 91.4800 46.6000 279.000000 0.000000 139.000000 56.000000
1.3400 91.9000 46.6000 217.000000 0.000000 138.000000 55.000000
1.3500 92.5100 46.9000 120.000000 0.000000 136.000000 55.000000
1.3600 93.1200 47.3600 56.000000 0.000000 136.000000 55.000000
1.3700 93.8100 47.9600 6.000000 1.000000 136.000000 55.000000
1.3800 94.5400 48.5800 58.000000 1.000000 136.000000 55.000000
1.3900 94.2100 49.2100 122.000000 0.000000 136.000000 55.000000
1.4000 94.0300 49.7200 249.000000 0.000000 137.000000 54.000000
1.4100 93.9400 50.2000 337.000000 0.000000 139.000000 55.000000
1.4200 93.6300 50.2600 409.000000 0.000000 140.000000 54.000000
1.4300 93.3200 50.0600 464.000000 0.000000 140.000000 54.000000
1.4400 93.0100 49.3500 544.000000 0.000000 141.000000 53.000000
1.4500 92.6900 48.2500 580.000000 0.000000 141.000000 53.000000
1.4600 92.4700 46.9000 620.000000 0.000000 141.000000 53.000000
1.4700 92.2800 45.6300 636.000000 0.000000 141.000000 53.000000
1.4800 92.1600 44.5300 642.000000 0.000000 140.000000 54.000000
1.4900 92.0800 43.5500 642.000000 0.000000 140.000000 54.000000
1.5000 92.0800 42.9300 631.000000 0.000000 137.000000 54.000000
1.5100 92.1900 42.6100 617.000000 0.000000 136.000000 55.000000
1.5200 92.1900 42.4900 606.000000 0.000000 136.000000 55.000000
1.5300 92.1900 42.4900 589.000000 0.000000 136.000000 55.000000
1.5400 92.1900 42.7800 588.000000 0.000000 136.000000 55.000000
1.5500 92.1300 43.1900 537.000000 0.000000 136.000000 55.000000
1.5600 92.1300 43.8300 536.000000 0.000000 136.000000 55.000000
1.5700 92.2400 44.4700 546.000000 0.000000 136.000000 55.000000
1.5800 92.4000 45.1200 539.000000 0.000000 135.000000 55.000000
1.5900 92.7100 45.6400 561.000000 0.000000 135.000000 55.000000
1.6000 93.1200 45.8000 563.000000 0.000000 135.000000 55.000000
1.6100 93.5200 45.7100 567.000000 0.000000 134.000000 56.000000
1.6200 93.9200 45.8400 570.000000 0.000000 132.000000 55.000000
1.6300 94.1500 45.9700 577.000000 0.000000 134.000000 56.000000
1.6400 94.2700 45.9700 592.000000 0.000000 134.000000 56.000000
1.6500 94.2700 45.9700 616.000000 0.000000 134.000000 56.000000
1.6600 94.2000 45.9700 625.000000 0.000000 134.000000 56.000000
1.6700 94.1400 45.9700 641.000000 0.000000 134.000000 56.000000
1.6800 94.0600 46.1000 636.000000 0.000000 134.000000 56.000000
1.6900 94.0000 46.0500 644.000000 0.000000 134.000000 56.000000
1.7000 93.9300 45.9800 652.000000 0.000000 134.000000 56.000000
1.7100 93.7900 45.5800 655.000000 0.000000 134.000000 56.000000
1.7200 93.6200 44.9700 652.000000 0.000000 134.000000 56.000000
1.7300 93.7200 44.6700 645.000000 0.000000 134.000000 56.000000
1.7400 93.8200 44.4400 594.000000 0.000000 134.000000 56.000000
1.7500 93.9500 44.2600 546.000000 0.000000 134.000000 56.000000
1.7600 94.1400 44.2600 425.000000 0.000000 134.000000 56.000000
1.7700 94.3900 44.4800 277.000000 0.000000 134.000000 56.000000
1.7800 94.6400 44.8700 142.000000 0.000000 134.000000 56.000000
1.7900 94.8100 45.3700 63.000000 0.000000 134.000000 56.000000
1.8000 94.9400 45.8400 93.000000 0.000000 134.000000 56.000000
1.8100 94.8700 46.2800 141.000000 0.000000 135.000000 57.000000
1.8200 94.7600 46.7100 249.000000 0.000000 135.000000 57.000000
1.8300 94.6100 47.1500 307.000000 0.000000 135.000000 57.000000
1.8400 94.4600 47.2400 334.000000 0.000000 135.000000 57.000000
1.8500 94.3500 47.1100 338.000000 0.000000 136.000000 56.000000
1.8600 94.3500 46.8100 302.000000 0.000000 136.000000 56.000000
1.8700 94.4400 46.4900 215.000000 0.000000 136.000000 56.000000
1.8800 94.6800 46.1400 101.000000 0.000000 138.000000 55.000000
1.8900 94.6800 46.1400 0.000000 1.000000 138.000000 55.000000
1.9000 95.5800 45.8000 0.000000 0.000000 136.000000 56.000000
1.9100 96.0400 45.8700 0.000000 0.000000 136.000000 56.000000
1.9200 96.0400 45.8700 42.000000 1.000000 136.000000 56.000000
1.9300 96.6400 46.2500 149.000000 0.000000 135.000000 57.000000
1.9400 96.7200 46.5000 269.000000 0.000000 135.000000 57.000000
1.9500 96.6600 46.7200 382.000000 0.000000 135.000000 57.000000
1.9600 96.5100 46.8600 440.000000 0.000000 135.000000 57.000000
1.9700 96.2600 46.8600 477.000000 0.000000 135.000000 57.000000
1.9800 95.9900 46.8600 499.000000 0.000000 136.000000 56.000000
1.9900 95.7100 46.5400 512.000000 0.000000 136.000000 56.000000
2.0000 95.4400 46.0300 516.000000 0.000000 136.000000 56.000000
2.0100 95.3400 45.5300 527.000000 0.000000 138.000000 55.000000
2.0200 95.3400 45.0800 519.000000 0.000000 138.000000 55.000000
2.0300 95.5100 44.6700 519.000000 0.000000 136.000000 56.000000
2.0400 95.7200 44.4000 492.000000 0.000000 136.000000 56.000000
2.0500 96.0100 44.3100 463.000000 0.000000 136.000000 56.000000
2.0600 96.3600 44.3100 425.000000 0.000000 136.000000 56.000000
2.0700 96.7500 44.5700 376.000000 0.000000 136.000000 56.000000
2.0800 97.1600 44.9000 343.000000 0.000000 136.000000 56.000000
2.0900 97.5700 45.3100 329.000000 0.000000 138.000000 57.000000
2.1000 97.9000 45.6900 340.000000 0.000000 136.000000 57.000000
2.1100 98.1800 46.0600 348.000000 0.000000 136.000000 57.000000
2.1200 98.3300 46.3900 396.000000 0.000000 136.000000 57.000000
2.1300 98.3300 46.6900 465.000000 0.000000 136.000000 57.000000
2.1400 98.2100 46.7900 510.000000 0.000000 136.000000 57.000000
2.1500 98.0300 46.7900 550.000000 0.000000 138.000000 57.000000
2.1600 97.7500 46.6900 569.000000 0.000000 138.000000 57.000000
2.1700 97.4100 46.4000 600.000000 0.000000 138.000000 57.000000
2.1800 97.0900 45.9800 639.000000 0.000000 138.000000 57.000000
2.1900 96.7800 45.5500 647.000000 0.000000 138.000000 57.000000
2.2000 96.6800 45.1900 655.000000 0.000000 138.000000 57.000000
2.2100 96.6800 44.8900 656.000000 0.000000 138.000000 57.000000
2.2200 96.8600 44.7300 643.000000 0.000000 138.000000 57.000000
2.2300 97.1400 44.6800 643.000000 0.000000 136.000000 57.000000
2.2400 97.5000 44.6800 638.000000 0.000000 136.000000 57.000000
2.2500 97.9400 44.9800 619.000000 0.000000 136.000000 57.000000
2.2600 98.4000 45.3400 606.000000 0.000000 136.000000 57.000000
2.2700 98.7000 45.7700 589.000000 0.000000 136.000000 57.000000
2.2800 98.8800 46.1000 597.000000 0.000000 136.000000 57.000000
2.2900 98.9300 46.4100 620.000000 0.000000 138.000000 58.000000
2.3000 98.8600 46.6200 624.000000 0.000000 138.000000 58.000000
2.3100 98.7100 46.5600 638.000000 0.000000 138.000000 58.000000
2.3200 98.4500 46.3700 650.000000 0.000000 138.000000 58.000000
2.3300 98.2400 45.9200 666.000000 0.000000 138.000000 58.000000
2.3400 98.0700 45.5500 682.000000 0.000000 138.000000 58.000000
2.3500 98.1800 45.2300 682.000000 0.000000 138.000000 58.000000
2.3600 98.3100 44.9900 676.000000 0.000000 138.000000 58.000000
2.3700 98.6200 44.9300 678.000000 0.000000 138.000000 58.000000
2.3800 99.0400 44.9800 664.000000 0.000000 136.000000 57.000000
2.3900 99.6600 45.2800 641.000000 0.000000 136.000000 57.000000
2.4000 100.1900 45.6700 620.000000 0.000000 136.000000 57.000000
2.4100 100.6500 46.1100 616.000000 0.000000 136.000000 57.000000
2.4200 100.8700 46.4200 616.000000 0.000000 136.000000 57.000000
2.4300 100.8700 46.7200 631.000000 0.000000 136.000000 57.000000
2.4400 100.7700 46.8600 662.000000 0.000000 136.000000 57.000000
2.4500 100.6200 46.9100 685.000000 0.000000 136.000000 57.000000
2.4600 100.3800 46.7400 693.000000 0.000000 136.000000 57.000000
2.4700 100.0700 46.3200 721.000000 0.000000 138.000000 57.000000
2.4800 99.8000 45.7300 746.000000 0.000000 138.000000 57.000000
2.4900 99.8000 45.3200 749.000000 0.000000 138.000000 57.000000
2.5000 99.9600 45.0200 757.000000 0.000000 138.000000 57.000000
2.5100 100.2200 44.8000 761.000000 0.000000 138.000000 57.000000
2.5200 100.5300 44.7000 752.000000 0.000000 136.000000 57.000000
2.5300 100.9200 44.8200 740.000000 0.000000 136.000000 57.000000
2.5400 101.3100 45.0900 730.000000 0.000000 136.000000 57.000000
2.5500 101.5900 45.4200 720.000000 0.000000 136.000000 57.000000
2.5600 101.8000 45.7200 725.000000 0.000000 136.000000 57.000000
2.5700 101.8800 45.9700 724.000000 0.000000 136.000000 57.000000
2.5800 101.8800 46.1700 736.000000 0.000000 136.000000 57.000000
2.5900 101.7500 46.3500 757.000000 0.000000 138.000000 58.000000
2.6000 101.6700 46.1500 750.000000 0.000000 138.000000 58.000000
2.6100 101.6700 45.9800 759.000000 0.000000 138.000000 58.000000
2.6200 101.5600 45.8400 763.000000 0.000000 138.000000 58.000000
2.6300 101.4600 45.4000 763.000000 0.000000 138.000000 58.000000
2.6400 101.5600 45.1700 731.000000 0.000000 138.000000 58.000000
2.6500 101.6900 45.0800 664.000000 0.000000 138.000000 58.000000
2.6600 101.8900 45.0800 526.000000 0.000000 138.000000 58.000000
2.6700 102.1700 45.2500 149.000000 0.000000 136.000000 58.000000
2.6800 102.1700 45.2500 0.000000 1.000000 136.000000 58.000000
2.6900 102.9100 45.7600 0.000000 0.000000 136.000000 58.000000
2.7000 103.0200 46.1800 0.000000 0.000000 136.000000 58.000000
2.7100 102.9500 46.7600 0.000000 0.000000 136.000000 58.000000
2.7200 102.8400 47.1600 0.000000 0.000000 138.000000 59.000000
2.7300 102.8400 47.1600 22.000000 1.000000 139.000000 58.000000
2.7400 102.4100 48.0900 251.000000 0.000000 139.000000 58.000000
2.7500 101.8800 48.5400 325.000000 0.000000 140.000000 58.000000
2.7600 101.6700 48.6500 334.000000 0.000000 140.000000 58.000000
2.7700 101.6700 48.5300 337.000000 0.000000 142.000000 57.000000
2.7800 101.7400 48.2800 250.000000 0.000000 142.000000 57.000000
2.7900 101.8900 47.9000 88.000000 0.000000 143.000000 56.000000
2.8000 101.8900 47.9000 0.000000 1.000000 143.000000 56.000000
2.8100 102.5500 46.9700 0.000000 0.000000 141.000000 56.000000
2.8200 102.9800 46.7600 0.000000 0.000000 141.000000 56.000000
2.8300 102.9800 46.7600 13.000000 0.000000 140.000000 56.000000
2.8400 103.3200 46.7600 205.000000 1.000000 140.000000 56.000000
2.8500 103.3200 46.7600 354.000000 0.000000 140.000000 56.000000
2.8600 103.2000 46.7100 492.000000 0.000000 139.000000 57.000000
2.8700 102.9800 46.6500 631.000000 0.000000 139.000000 57.000000
2.8800 102.6800 46.3900 673.000000 0.000000 139.000000 57.000000
2.8900 102.4100 45.9900 678.000000 0.000000 139.000000 57.000000
2.9000 102.3000 45.6800 699.000000 0.000000 139.000000 57.000000
2.9100 102.3000 45.3500 714.000000 0.000000 138.000000 58.000000
2.9200 102.4100 44.9600 728.000000 0.000000 138.000000 58.000000
2.9300 102.5700 44.7600 727.000000 0.000000 138.000000 58.000000
2.9400 102.7800 44.6800 722.000000 0.000000 138.000000 58.000000
2.9500 103.0100 44.6800 714.000000 0.000000 138.000000 58.000000
2.9600 103.2900 44.9400 693.000000 0.000000 138.000000 58.000000
2.9700 103.6500 45.2800 687.000000 0.000000 138.000000 58.000000
2.9800 103.8100 45.6300 668.000000 0.000000 136.000000 58.000000
2.9900 103.8100 45.9800 664.000000 0.000000 136.000000 58.000000
3.0000 103.8100 46.3200 652.000000 0.000000 136.000000 58.000000
3.0100 103.6800 46.6900 662.000000 0.000000 136.000000 58.000000
3.0200 103.5300 47.0500 662.000000 0.000000 136.000000 58.000000
3.0300 103.4200 47.0500 667.000000 0.000000 138.000000 58.000000
3.0400 103.4200 46.8200 664.000000 0.000000 138.000000 58.000000
3.0500 103.4800 46.6500 676.000000 0.000000 138.000000 58.000000
3.0600 103.6600 46.4300 682.000000 0.000000 138.000000 58.000000
3.0700 103.9100 46.1400 684.000000 0.000000 138.000000 58.000000
3.0800 104.1700 46.0200 691.000000 0.000000 138.000000 58.000000
3.0900 104.4300 46.0200 691.000000 0.000000 138.000000 58.000000
3.1000 104.7600 46.0900 693.000000 0.000000 136.000000 58.000000
3.1100 104.9300 46.1700 697.000000 0.000000 136.000000 58.000000
3.1200 104.9800 46.2400 707.000000 0.000000 138.000000 59.000000
3.1300 104.9800 46.3000 733.000000 0.000000 138.000000 59.000000
3.1400 104.9000 46.3000 728.000000 0.000000 138.000000 59.000000
3.1500 104.8300 46.1900 728.000000 0.000000 138.000000 59.000000
3.1600 104.8300 46.1300 720.000000 0.000000 138.000000 59.000000
3.1700 104.8300 45.9400 733.000000 0.000000 138.000000 59.000000
3.1800 104.8300 45.6600 730.000000 0.000000 138.000000 59.000000
3.1900 105.0300 45.4000 724.000000 0.000000 138.000000 59.000000
3.2000 105.3600 45.3500 728.000000 0.000000 138.000000 59.000000
3.2100 105.7000 45.4300 725.000000 0.000000 138.000000 59.000000
3.2200 106.0200 45.6300 725.000000 0.000000 138.000000 59.000000
3.2300 106.2300 45.8900 728.000000 0.000000 138.000000 59.000000
3.2400 106.3800 46.1800 733.000000 0.000000 139.000000 60.000000
3.2500 106.3300 46.3500 743.000000 0.000000 139.000000 60.000000
3.2600 106.2300 46.5300 754.000000 0.000000 139.000000 60.000000
3.2700 106.1000 46.7200 783.000000 0.000000 139.000000 60.000000
3.2800 105.9800 46.7200 793.000000 0.000000 139.000000 60.000000
3.2900 105.8800 46.6300 796.000000 0.000000 139.000000 60.000000
3.3000 105.8800 46.5200 797.000000 0.000000 139.000000 60.000000
3.3100 105.8800 46.2700 796.000000 0.000000 139.000000 60.000000
3.3200 105.9400 45.9300 790.000000 0.000000 141.000000 59.000000
3.3300 106.0100 45.8600 750.000000 0.000000 139.000000 60.000000
3.3400 106.1500 45.7800 643.000000 0.000000 139.000000 60.000000
3.3500 106.3200 45.7000 396.000000 0.000000 139.000000 60.000000
3.3600 106.3200 45.7000 0.000000 1.000000 138.000000 59.000000
3.3700 106.5300 46.0500 0.000000 0.000000 138.000000 59.000000
3.3800 106.4100 46.3900 0.000000 0.000000 138.000000 59.000000
3.3900 106.2200 46.7200 0.000000 0.000000 138.000000 59.000000
3.4000 105.9800 47.0300 0.000000 0.000000 138.000000 59.000000
3.4100 105.6500 47.4500 0.000000 0.000000 138.000000 59.000000
3.4200 105.2700 47.9200 0.000000 0.000000 139.000000 58.000000
3.4300 104.8600 48.3400 0.000000 0.000000 139.000000 58.000000
3.4400 104.8600 48.3400 337.000000 1.000000 140.000000 58.000000
3.4500 104.3700 48.8600 398.000000 0.000000 140.000000 58.000000
3.4600 104.2700 48.8600 377.000000 0.000000 142.000000 57.000000
3.4700 104.3700 48.8600 325.000000 0.000000 142.000000 57.000000
3.4800 104.5200 48.6800 48.000000 0.000000 142.000000 57.000000
3.4900 104.5200 48.6800 0.000000 1.000000 143.000000 56.000000
3.5000 105.1000 48.2900 0.000000 0.000000 142.000000 57.000000
3.5100 105.1000 48.2400 0.000000 0.000000 142.000000 57.000000
3.5200 104.9300 48.1900 0.000000 0.000000 142.000000 57.000000
3.5300 104.8500 48.1900 0.000000 0.000000 142.000000 57.000000
3.5400 104.8000 48.1900 0.000000 0.000000 143.000000 56.000000
3.5500 104.9700 48.1900 0.000000 0.000000 144.000000 56.000000
3.5600 105.2700 48.1900 0.000000 0.000000 144.000000 54.000000
3.5700 105.6600 48.2500 0.000000 0.000000 146.000000 53.000000
3.5800 106.1000 48.3800 0.000000 0.000000 148.000000 51.000000
3.5900 106.8200 48.5500 0.000000 0.000000 148.000000 50.000000
3.6000 107.7000 48.7200 0.000000 0.000000 151.000000 49.000000
3.6100 108.5600 48.8900 0.000000 0.000000 151.000000 49.000000
3.6200 109.2900 49.1000 0.000000 0.000000 149.000000 51.000000
3.6300 109.8600 49.1900 0.000000 0.000000 146.000000 53.000000
3.6400 110.3700 49.1900 0.000000 0.000000 140.000000 55.000000
3.6500 110.6200 48.9700 0.000000 0.000000 135.000000 57.000000
3.6600 110.6200 48.6800 0.000000 0.000000 128.000000 57.000000
3.6700 110.5500 48.2500 0.000000 0.000000 122.000000 57.000000
3.6800 110.1300 47.7600 0.000000 0.000000 120.000000 55.000000
3.6900 109.6100 46.9800 0.000000 0.000000 120.000000 54.000000
3.7000 109.0300 46.1600 0.000000 0.000000 123.000000 53.000000
3.7100 108.5300 45.5100 0.000000 0.000000 127.000000 52.000000
3.7200 107.9200 45.0000 0.000000 0.000000 131.000000 52.000000
3.7300 107.2700 45.1000 0.000000 0.000000 136.000000 52.000000
3.7400 106.6200 45.1600 0.000000 0.000000 139.000000 52.000000
3.7500 106.2700 45.2400 0.000000 0.000000 142.000000 53.000000
3.7600 105.9800 45.3600 0.000000 0.000000 142.000000 54.000000
3.7700 106.0600 45.4400 0.000000 0.000000 141.000000 56.000000
3.7800 106.3700 45.5200 0.000000 0.000000 140.000000 56.000000
3.7900 106.7000 45.6000 0.000000 0.000000 139.000000 56.000000
3.8000 106.8400 45.7900 0.000000 0.000000 139.000000 56.000000
3.8100 106.8400 46.0500 0.000000 0.000000 138.000000 55.000000
3.8200 106.9200 46.3400 0.000000 0.000000 138.000000 55.000000
3.8300 107.0200 46.7200 0.000000 0.000000 138.000000 55.000000
3.8400 107.1800 47.1700 0.000000 0.000000 138.000000 55.000000
3.8500 107.3900 47.7200 0.000000 0.000000 138.000000 55.000000
3.8600 107.6300 48.2600 0.000000 0.000000 138.000000 55.000000
3.8700 107.6300 48.2600 250.000000 1.000000 139.000000 56.000000
3.8800 107.7100 48.6300 364.000000 0.000000 139.000000 56.000000
3.8900 107.6000 48.7100 418.000000 0.000000 139.000000 56.000000
3.9000 107.6000 48.7100 495.000000 0.000000 139.000000 56.000000
3.9100 107.6000 48.3700 561.000000 0.000000 139.000000 56.000000
3.9200 107.6000 47.7400 617.000000 0.000000 139.000000 56.000000
3.9300 107.6000 46.8300 655.000000 0.000000 138.000000 57.000000
3.9400 107.6800 46.0800 673.000000 0.000000 138.000000 57.000000
3.9500 107.8000 45.4300 702.000000 0.000000 138.000000 57.000000
3.9600 107.9300 44.9800 707.000000 0.000000 136.000000 57.000000
3.9700 108.0500 44.7600 717.000000 0.000000 136.000000 57.000000
3.9800 108.2300 44.7000 724.000000 0.000000 135.000000 58.000000
3.9900 108.4200 44.7000 728.000000 0.000000 135.000000 58.000000
4.0000 108.5900 45.0900 731.000000 0.000000 134.000000 58.000000
4.0100 108.9600 45.6400 727.000000 0.000000 134.000000 58.000000
4.0200 109.2300 46.4100 724.000000 0.000000 134.000000 58.000000
4.0300 109.4400 47.3100 717.000000 0.000000 134.000000 58.000000
4.0400 109.5600 48.2900 665.000000 0.000000 134.000000 58.000000
4.0500 109.6100 49.5700 617.000000 0.000000 135.000000 58.000000
4.0600 109.6100 50.8400 553.000000 0.000000 135.000000 58.000000
4.0700 109.5600 51.5900 414.000000 0.000000 136.000000 57.000000
4.0800 109.5600 52.0100 108.000000 0.000000 138.000000 57.000000
4.0900 109.5600 52.0100 0.000000 1.000000 139.000000 56.000000
4.1000 109.5600 51.1900 0.000000 0.000000 141.000000 56.000000
4.1100 109.4800 50.2800 0.000000 0.000000 141.000000 56.000000
4.1200 109.4800 49.2200 0.000000 0.000000 141.000000 56.000000
4.1300 109.4800 48.1200 0.000000 0.000000 141.000000 56.000000
4.1400 109.5400 47.2500 0.000000 0.000000 141.000000 56.000000
4.1500 109.7500 46.5600 0.000000 0.000000 141.000000 56.000000
4.1600 110.0300 46.0700 0.000000 0.000000 140.000000 56.000000
4.1700 110.2400 45.7300 0.000000 0.000000 140.000000 56.000000
4.1800 110.4300 45.4800 0.000000 0.000000 139.000000 56.000000
4.1900 110.6100 45.4100 0.000000 0.000000 138.000000 57.000000
4.2000 110.8200 45.4100 0.000000 0.000000 136.000000 56.000000
4.2100 110.8200 45.4100 143.000000 1.000000 135.000000 57.000000
4.2200 111.0500 45.6900 179.000000 0.000000 135.000000 57.000000
4.2300 111.1600 45.8500 249.000000 0.000000 132.000000 57.000000
4.2400 111.2800 46.0000 309.000000 0.000000 132.000000 57.000000
4.2500 111.3800 46.1900 367.000000 0.000000 132.000000 58.000000
4.2600 111.4600 46.4000 422.000000 0.000000 132.000000 58.000000
4.2700 111.4600 46.6200 505.000000 0.000000 132.000000 58.000000
4.2800 111.4100 46.7500 532.000000 0.000000 132.000000 58.000000
4.2900 111.2600 46.9200 562.000000 0.000000 132.000000 58.000000
4.3000 111.0000 47.1300 591.000000 0.000000 132.000000 58.000000
4.3100 110.6600 47.1300 617.000000 0.000000 132.000000 58.000000
4.3200 110.2600 47.0100 628.000000 0.000000 132.000000 58.000000
4.3300 109.9100 46.7200 640.000000 0.000000 132.000000 58.000000
4.3400 109.6000 46.2800 643.000000 0.000000 134.000000 57.000000
4.3500 109.3800 45.7400 658.000000 0.000000 134.000000 57.000000
4.3600 109.3800 45.4900 662.000000 0.000000 134.000000 57.000000
4.3700 109.5300 45.2300 655.000000 0.000000 132.000000 58.000000
4.3800 109.8600 44.9700 661.000000 0.000000 132.000000 58.000000
4.3900 110.2000 44.9700 661.000000 0.000000 132.000000 58.000000
4.4000 110.5400 45.0900 656.000000 0.000000 132.000000 58.000000
4.4100 110.9300 45.3700 650.000000 0.000000 132.000000 58.000000
4.4200 111.1600 45.6500 644.000000 0.000000 131.000000 58.000000
4.4300 111.2700 45.9800 641.000000 0.000000 131.000000 58.000000
4.4400 111.2700 46.3500 628.000000 0.000000 130.000000 58.000000
4.4500 111.0900 46.7100 639.000000 0.000000 130.000000 58.000000
4.4600 110.8900 47.0500 641.000000 0.000000 130.000000 58.000000
4.4700 110.7200 47.0500 642.000000 0.000000 131.000000 57.000000
4.4800 110.5700 46.8600 638.000000 0.000000 131.000000 57.000000
4.4900 110.4100 46.2900 655.000000 0.000000 131.000000 57.000000
4.5000 110.2400 45.8100 667.000000 0.000000 131.000000 57.000000
4.5100 110.4300 45.4000 670.000000 0.000000 131.000000 57.000000
4.5200 110.7600 45.0500 666.000000 0.000000 131.000000 57.000000
4.5300 111.1700 44.9500 671.000000 0.000000 131.000000 57.000000
4.5400 111.6400 45.0300 671.000000 0.000000 130.000000 58.000000
4.5500 112.1200 45.2500 641.000000 0.000000 130.000000 58.000000
4.5600 112.5700 45.7000 634.000000 0.000000 130.000000 58.000000
4.5700 112.8900 46.3000 611.000000 0.000000 131.000000 58.000000
4.5800 113.1300 46.7300 614.000000 0.000000 131.000000 58.000000
4.5900 113.1300 47.1600 595.000000 0.000000 131.000000 58.000000
4.6000 113.0700 47.6600 581.000000 0.000000 132.000000 59.000000
4.6100 112.8900 48.2000 580.000000 0.000000 132.000000 59.000000
4.6200 112.6600 48.9100 586.000000 0.000000 134.000000 58.000000
4.6300 112.4300 49.2400 591.000000 0.000000 134.000000 58.000000
4.6400 112.2000 49.3300 602.000000 0.000000 135.000000 58.000000
4.6500 112.2000 49.0300 611.000000 0.000000 135.000000 58.000000
4.6600 112.1400 48.3900 619.000000 0.000000 136.000000 57.000000
4.6700 112.0600 47.5300 630.000000 0.000000 136.000000 57.000000
4.6800 112.1500 46.9400 641.000000 0.000000 136.000000 57.000000
4.6900 112.3300 46.4500 638.000000 0.000000 134.000000 57.000000
4.7000 112.5700 46.0200 628.000000 0.000000 134.000000 57.000000
4.7100 112.7700 45.8000 627.000000 0.000000 134.000000 57.000000
4.7200 112.9600 45.6900 620.000000 0.000000 132.000000 58.000000
4.7300 113.1400 45.6900 609.000000 0.000000 134.000000 58.000000
4.7400 113.2900 45.6900 605.000000 0.000000 132.000000 59.000000
4.7500 113.4100 45.8600 595.000000 0.000000 132.000000 59.000000
4.7600 113.5100 46.0800 588.000000 0.000000 132.000000 59.000000
4.7700 113.5900 46.3800 586.000000 0.000000 132.000000 59.000000
4.7800 113.5900 46.6500 591.000000 0.000000 132.000000 59.000000
4.7900 113.5900 46.8400 595.000000 0.000000 132.000000 59.000000
4.8000 113.5900 46.8400 605.000000 0.000000 132.000000 59.000000
4.8100 113.4800 46.6900 613.000000 0.000000 132.000000 59.000000
4.8200 113.4100 46.4400 639.000000 0.000000 132.000000 59.000000
4.8300 113.3200 46.0300 637.000000 0.000000 132.000000 59.000000
4.8400 113.2500 45.5100 650.000000 0.000000 132.000000 59.000000
4.8500 113.3300 45.2800 664.000000 0.000000 132.000000 59.000000
4.8600 113.5200 45.1200 670.000000 0.000000 132.000000 59.000000
4.8700 113.7400 45.0100 670.000000 0.000000 132.000000 59.000000
4.8800 113.9600 45.0600 670.000000 0.000000 132.000000 59.000000
4.8900 114.1900 45.2200 658.000000 0.000000 132.000000 59.000000
4.9000 114.4500 45.4600 652.000000 0.000000 131.000000 60.000000
4.9100 114.5900 45.7200 644.000000 0.000000 131.000000 60.000000
4.9200 114.6600 45.9900 639.000000 0.000000 131.000000 60.000000
4.9300 114.5500 46.2600 631.000000 0.000000 131.000000 60.000000
4.9400 114.4600 46.5300 630.000000 0.000000 131.000000 60.000000
4.9500 114.3800 46.7800 634.000000 0.000000 131.000000 60.000000
4.9600 114.3100 47.0100 641.000000 0.000000 132.000000 59.000000
4.9700 114.2400 46.8900 644.000000 0.000000 132.000000 59.000000
4.9800 114.2400 46.7500 637.000000 0.000000 132.000000 59.000000
4.9900 114.2900 46.5400 652.000000 0.000000 132.000000 59.000000
5.0000 114.3900 46.2400 665.000000 0.000000 132.000000 59.000000
5.0100 114.5200 45.8700 659.000000 0.000000 132.000000 59.000000
5.0200 114.6700 45.7300 662.000000 0.000000 132.000000 59.000000
5.0300 114.8700 45.6800 665.000000 0.000000 132.000000 59.000000
5.0400 115.0900 45.6800 668.000000 0.000000 132.000000 59.000000
5.0500 115.3000 45.6800 662.000000 0.000000 131.000000 60.000000
5.0600 115.4900 45.9300 656.000000 0.000000 131.000000 60.000000
5.0700 115.6600 46.2500 640.000000 0.000000 131.000000 60.000000
5.0800 115.7700 46.4800 642.000000 0.000000 131.000000 60.000000
5.0900 115.8400 46.7200 624.000000 0.000000 131.000000 60.000000
5.1000 115.8400 46.9800 616.000000 0.000000 131.000000 60.000000
5.1100 115.7800 47.2000 613.000000 0.000000 131.000000 60.000000
5.1200 115.7800 47.3500 611.000000 0.000000 129.000000 59.000000
5.1300 115.7300 47.2600 614.000000 0.000000 131.000000 58.000000
5.1400 115.6700 47.0500 619.000000 0.000000 131.000000 58.000000
5.1500 115.7400 46.9200 622.000000 0.000000 131.000000 58.000000
5.1600 115.8100 46.7800 630.000000 0.000000 131.000000 58.000000
5.1700 115.9100 46.7000 630.000000 0.000000 131.000000 58.000000
5.1800 115.9800 46.6500 631.000000 0.000000 131.000000 58.000000
5.1900 115.9800 46.6500 638.000000 0.000000 131.000000 58.000000
5.2000 115.9800 46.7100 645.000000 0.000000 131.000000 58.000000
5.2100 115.9800 46.7100 637.000000 0.000000 131.000000 58.000000
5.2200 115.9000 46.7100 643.000000 0.000000 131.000000 58.000000
5.2300 115.8100 46.7700 646.000000 0.000000 131.000000 58.000000
5.2400 115.7600 46.8200 655.000000 0.000000 132.000000 59.000000
5.2500 115.7600 46.7200 662.000000 0.000000 132.000000 59.000000
5.2600 115.6700 46.4500 671.000000 0.000000 132.000000 59.000000
5.2700 115.6000 46.0700 663.000000 0.000000 132.000000 59.000000
5.2800 115.7500 45.8100 669.000000 0.000000 132.000000 59.000000
5.2900 115.9000 45.6600 669.000000 0.000000 131.000000 60.000000
5.3000 115.9000 45.6600 675.000000 0.000000 131.000000 60.000000
5.3100 116.2100 45.5400 684.000000 0.000000 131.000000 60.000000
5.3200 116.3400 45.6000 699.000000 0.000000 129.000000 59.000000
5.3300 116.4600 45.7400 696.000000 0.000000 129.000000 59.000000
5.3400 116.5600 45.8800 696.000000 0.000000 129.000000 59.000000
5.3500 116.6300 46.0400 703.000000 0.000000 129.000000 59.000000
5.3600 116.6900 46.2100 708.000000 0.000000 129.000000 59.000000
5.3700 116.8700 46.3500 705.000000 0.000000 129.000000 59.000000
5.3800 116.9800 46.4300 711.000000 0.000000 129.000000 59.000000
5.3900 117.0400 46.4300 724.000000 0.000000 128.000000 58.000000
5.4000 117.1200 46.3600 730.000000 0.000000 128.000000 58.000000
5.4100 117.2000 46.2900 727.000000 0.000000 128.000000 58.000000
5.4200 117.2000 46.2400 743.000000 0.000000 128.000000 58.000000
5.4300 117.2600 46.1900 755.000000 0.000000 128.000000 58.000000
5.4400 117.2600 46.0900 763.000000 0.000000 128.000000 58.000000
5.4500 117.1500 46.0200 754.000000 0.000000 128.000000 58.000000
5.4600 117.0600 45.9500 759.000000 0.000000 128.000000 58.000000
5.4700 116.9500 45.8700 767.000000 0.000000 128.000000 58.000000
5.4800 116.8700 45.8700 773.000000 0.000000 128.000000 58.000000
5.4900 116.8200 45.8700 770.000000 0.000000 128.000000 58.000000
5.5000 116.8200 45.9800 753.000000 0.000000 128.000000 58.000000
5.5100 116.8200 46.2300 751.000000 0.000000 128.000000 58.000000
5.5200 116.8200 46.2300 758.000000 0.000000 128.000000 58.000000
5.5300 116.9900 46.5700 754.000000 0.000000 128.000000 58.000000
5.5400 117.0500 46.5700 724.000000 0.000000 128.000000 58.000000
5.5500 117.2100 46.6500 705.000000 0.000000 128.000000 58.000000
5.5600 117.4300 46.8200 664.000000 0.000000 128.000000 58.000000
5.5700 117.5600 46.7700 595.000000 0.000000 128.000000 58.000000
5.5800 117.8000 46.9100 486.000000 0.000000 128.000000 58.000000
5.5900 118.1100 47.1900 388.000000 0.000000 129.000000 59.000000
5.6000 118.3500 47.5100 339.000000 0.000000 129.000000 59.000000
5.6100 118.6000 47.9000 329.000000 0.000000 129.000000 59.000000
5.6200 118.7500 48.3300 334.000000 0.000000 132.000000 59.000000
5.6300 118.8400 48.7200 384.000000 0.000000 132.000000 59.000000
5.6400 118.8400 49.1200 465.000000 0.000000 132.000000 59.000000
5.6500 118.8400 49.5100 561.000000 0.000000 134.000000 60.000000
5.6600 118.8400 49.6600 611.000000 0.000000 134.000000 60.000000
5.6700 118.7700 49.6600 640.000000 0.000000 134.000000 60.000000
5.6800 118.7200 49.4000 678.000000 0.000000 134.000000 60.000000
5.6900 118.7200 49.1400 713.000000 0.000000 134.000000 60.000000
5.7000 118.7200 48.5700 728.000000 0.000000 134.000000 60.000000
5.7100 118.7200 47.8000 763.000000 0.000000 134.000000 60.000000
5.7200 118.7200 47.3500 768.000000 0.000000 134.000000 60.000000
5.7300 118.8100 47.0300 780.000000 0.000000 134.000000 60.000000
5.7400 118.8100 46.8000 785.000000 0.000000 134.000000 60.000000
5.7500 118.8100 46.6100 784.000000 0.000000 132.000000 60.000000
5.7600 118.8100 46.5500 785.000000 0.000000 131.000000 60.000000
5.7700 118.8100 46.5500 788.000000 0.000000 131.000000 60.000000
5.7800 118.8100 46.5500 787.000000 0.000000 131.000000 60.000000
5.7900 118.8100 46.6500 785.000000 0.000000 131.000000 60.000000
5.8000 118.7000 46.7600 779.000000 0.000000 131.000000 60.000000
5.8100 118.5500 46.9400 760.000000 0.000000 131.000000 60.000000
5.8200 118.3400 47.2000 759.000000 0.000000 131.000000 60.000000
5.8300 118.0700 47.5200 760.000000 0.000000 131.000000 60.000000
5.8400 117.8100 47.7700 777.000000 0.000000 131.000000 60.000000
5.8500 117.5900 47.7700 777.000000 0.000000 132.000000 59.000000
5.8600 117.4500 47.7200 777.000000 0.000000 132.000000 59.000000
5.8700 117.3800 47.5000 779.000000 0.000000 132.000000 59.000000
5.8800 117.3800 47.2400 782.000000 0.000000 134.000000 58.000000
5.8900 117.4600 46.8900 787.000000 0.000000 132.000000 58.000000
5.9000 117.6100 46.5000 771.000000 0.000000 132.000000 58.000000
5.9100 117.7700 46.2900 771.000000 0.000000 131.000000 58.000000
5.9200 117.9400 46.1500 748.000000 0.000000 131.000000 58.000000
5.9300 118.1100 46.0700 727.000000 0.000000 129.000000 59.000000
5.9400 118.2200 46.0700 700.000000 0.000000 129.000000 59.000000
5.9500 118.2900 46.1400 646.000000 0.000000 128.000000 59.000000
5.9600 118.4400 46.3200 638.000000 0.000000 128.000000 59.000000
5.9700 118.5500 46.5900 619.000000 0.000000 129.000000 60.000000
5.9800 118.6300 46.6500 624.000000 0.000000 129.000000 60.000000
5.9900 118.6900 46.6500 637.000000 0.000000 129.000000 60.000000
6.0000 118.6900 46.6500 667.000000 0.000000 131.000000 61.000000
6.0100 118.7800 46.5500 700.000000 0.000000 132.000000 60.000000
6.0200 118.8800 46.4500 763.000000 0.000000 132.000000 60.000000
6.0300 119.0600 46.3500 777.000000 0.000000 132.000000 60.000000
6.0400 119.2500 46.2600 791.000000 0.000000 132.000000 60.000000
6.0500 119.4400 46.2600 809.000000 0.000000 132.000000 60.000000
6.0600 119.5800 46.2600 815.000000 0.000000 132.000000 61.000000
6.0700 119.6700 46.3700 817.000000 0.000000 132.000000 61.000000
6.0800 119.7200 46.4500 821.000000 0.000000 132.000000 61.000000
6.0900 119.8500 46.6700 817.000000 0.000000 132.000000 61.000000
6.1000 119.8500 46.9800 817.000000 0.000000 132.000000 61.000000
6.1100 119.8500 47.1200 817.000000 0.000000 132.000000 61.000000
6.1200 119.7300 47.2900 815.000000 0.000000 134.000000 61.000000
6.1300 119.5500 47.4800 817.000000 0.000000 134.000000 61.000000
6.1400 119.3700 47.5400 827.000000 0.000000 134.000000 61.000000
6.1500 119.1800 47.3700 825.000000 0.000000 134.000000 61.000000
6.1600 119.0400 47.0400 848.000000 0.000000 134.000000 61.000000
6.1700 118.9400 46.6900 863.000000 0.000000 135.000000 60.000000
6.1800 118.8900 46.4000 837.000000 0.000000 135.000000 60.000000
6.1900 119.0200 46.1600 767.000000 0.000000 135.000000 60.000000
6.2000 119.2800 46.0600 349.000000 0.000000 134.000000 61.000000
6.2100 119.2800 46.0600 0.000000 1.000000 134.000000 61.000000
6.2200 119.7800 46.2100 0.000000 0.000000 134.000000 61.000000
6.2300 119.7800 46.7100 0.000000 0.000000 132.000000 60.000000
6.2400 119.6100 47.2100 0.000000 0.000000 132.000000 60.000000
6.2500 119.7300 47.7700 0.000000 0.000000 134.000000 60.000000
6.2600 120.1300 48.3600 0.000000 0.000000 134.000000 60.000000
6.2700 120.7100 49.1000 0.000000 0.000000 134.000000 60.000000
6.2800 121.6600 49.9900 0.000000 0.000000 134.000000 60.000000
6.2900 123.4500 50.9900 0.000000 0.000000 134.000000 60.000000
6.3000 123.4500 50.9900 0.000000 0.000000 134.000000 60.000000
6.3100 117.8700 46.4600 0.000000 0.000000 133.000000 65.000000
6.3200 117.8700 46.4600 0.000000 0.000000 133.000000 70.000000
6.3300 117.8700 46.3700 0.000000 0.000000 132.000000 75.000000
6.3400 118.0000 46.2200 0.000000 0.000000 135.000000 80.000000
6.3500 118.1300 46.1600 0.000000 0.000000 135.000000 79.000000
6.3600 118.2700 46.2300 0.000000 0.000000 132.000000 77.000000
6.3700 118.4400 46.4000 0.000000 0.000000 130.000000 73.000000
6.3800 118.6500 46.4000 0.000000 0.000000 127.000000 69.000000
6.3900 118.8600 46.4000 0.000000 0.000000 128.000000 65.000000
6.4000 118.8600 46.4600 0.000000 0.000000 127.000000 62.000000
6.4100 118.7800 46.4600 0.000000 0.000000 127.000000 59.000000
6.4200 118.5600 46.3300 0.000000 0.000000 126.000000 56.000000
6.4300 118.3500 46.0700 0.000000 0.000000 128.000000 54.000000
6.4400 118.1800 45.8200 0.000000 0.000000 127.000000 53.000000
6.4500 118.0700 45.6500 0.000000 0.000000 128.000000 53.000000
6.4600 118.0700 45.5300 0.000000 0.000000 128.000000 53.000000
6.4700 118.0700 45.4100 0.000000 0.000000 128.000000 53.000000
6.4800 118.0700 45.3600 0.000000 0.000000 128.000000 54.000000
6.4900 118.1600 45.3600 0.000000 0.000000 128.000000 54.000000
6.5000 118.2500 45.4100 0.000000 0.000000 128.000000 54.000000
6.5100 118.3300 45.4600 0.000000 0.000000 128.000000 54.000000
6.5200 118.3800 45.4600 0.000000 0.000000 128.000000 54.000000
6.5300 118.3800 45.4600 0.000000 0.000000 128.000000 54.000000
6.5400 118.3000 45.4600 0.000000 0.000000 128.000000 54.000000
6.5500 118.3000 45.4600 0.000000 0.000000 128.000000 54.000000
6.5600 118.2200 45.5200 0.000000 0.000000 128.000000 54.000000
6.5700 118.1700 45.5800 0.000000 0.000000 128.000000 54.000000
6.5800 118.1100 45.6600 0.000000 0.000000 128.000000 54.000000
6.5900 118.0500 45.7400 0.000000 0.000000 128.000000 54.000000
6.6000 118.0000 45.8200 0.000000 0.000000 128.000000 54.000000
6.6100 117.8800 45.8700 0.000000 0.000000 128.000000 54.000000
6.6200 117.7200 45.9300 0.000000 0.000000 128.000000 54.000000
6.6300 117.6100 46.0100 0.000000 0.000000 128.000000 54.000000
6.6400 117.6100 46.0100 0.000000 0.000000 129.000000 53.000000
6.6500 117.5200 46.2700 0.000000 0.000000 129.000000 53.000000
6.6600 117.5200 46.4500 0.000000 0.000000 129.000000 52.000000
6.6700 117.5200 46.6500 0.000000 0.000000 129.000000 51.000000
6.6800 117.6800 47.1500 0.000000 0.000000 130.000000 51.000000
6.6900 117.9800 47.8500 0.000000 0.000000 129.000000 50.000000
6.7000 117.9800 47.8500 0.000000 0.000000 129.000000 50.000000
6.7100 118.2300 43.5500 0.000000 0.000000 130.000000 56.000000
6.7200 118.2300 43.5500 0.000000 0.000000 132.000000 64.000000
6.7300 118.0200 43.2600 0.000000 0.000000 130.000000 72.000000
6.7400 117.6600 42.7700 0.000000 0.000000 128.000000 79.000000
6.7500 117.4200 42.5100 0.000000 0.000000 120.000000 76.000000
6.7600 117.1500 42.3100 0.000000 0.000000 117.000000 71.000000
6.7700 116.8300 42.1500 0.000000 0.000000 116.000000 66.000000
6.7800 116.5000 42.0700 0.000000 0.000000 114.000000 61.000000
6.7900 116.1700 42.1200 0.000000 0.000000 114.000000 57.000000
6.8000 115.8600 42.2600 0.000000 0.000000 114.000000 53.000000
6.8100 115.5800 42.3800 0.000000 0.000000 112.000000 49.000000
6.8200 115.3200 42.3800 0.000000 0.000000 112.000000 47.000000
6.8300 115.0700 42.3800 0.000000 0.000000 112.000000 46.000000
6.8400 114.8700 43.0700 0.000000 0.000000 114.000000 46.000000
6.8500 114.7300 43.3700 0.000000 0.000000 115.000000 47.000000
6.8600 114.6600 43.4500 0.000000 0.000000 115.000000 48.000000
6.8700 114.6600 44.0800 0.000000 0.000000 117.000000 49.000000
6.8800 114.7600 44.4200 0.000000 0.000000 118.000000 49.000000
6.8900 114.8500 44.5600 0.000000 0.000000 119.000000 50.000000
6.9000 114.9200 44.6900 0.000000 0.000000 120.000000 50.000000
6.9100 115.0400 44.8200 0.000000 0.000000 121.000000 51.000000
6.9200 115.1900 44.9100 0.000000 0.000000 121.000000 51.000000
6.9300 115.3600 44.9100 0.000000 0.000000 122.000000 51.000000
6.9400 115.5400 44.9700 0.000000 0.000000 122.000000 51.000000
6.9500 115.7100 44.9700 0.000000 0.000000 122.000000 51.000000
6.9600 115.8500 44.9000 0.000000 0.000000 123.000000 52.000000
6.9700 115.9400 44.8100 0.000000 0.000000 123.000000 52.000000
6.9800 116.0000 44.6700 0.000000 0.000000 123.000000 52.000000
6.9900 116.0000 44.5000 0.000000 0.000000 124.000000 53.000000
7.0000 115.9500 44.3300 0.000000 0.000000 125.000000 54.000000
7.0100 115.8600 44.1800 0.000000 0.000000 124.000000 54.000000
7.0200 115.7300 44.0200 0.000000 0.000000 125.000000 55.000000
7.0300 115.6200 43.9300 0.000000 0.000000 125.000000 55.000000
7.0400 115.5300 43.9300 0.000000 0.000000 125.000000 55.000000
7.0500 115.4600 43.9300 0.000000 0.000000 125.000000 55.000000
7.0600 115.4600 43.9300 0.000000 0.000000 126.000000 56.000000
7.0700 115.4100 44.0100 0.000000 0.000000 126.000000 56.000000
7.0800 115.4100 44.0700 0.000000 0.000000 125.000000 56.000000
7.0900 115.3400 44.0700 0.000000 0.000000 125.000000 56.000000
7.1000 115.3400 44.0700 0.000000 0.000000 126.000000 57.000000
7.1100 115.3400 43.9100 0.000000 0.000000 126.000000 57.000000
7.1200 115.4300 43.7300 0.000000 0.000000 126.000000 58.000000
7.1300 115.4300 43.7300 245.000000 1.000000 126.000000 58.000000
7.1400 115.4800 43.4600 285.000000 0.000000 126.000000 58.000000
7.1500 115.4800 43.5200 289.000000 0.000000 124.000000 58.000000
7.1600 115.4800 43.5200 336.000000 0.000000 124.000000 58.000000
7.1700 115.9100 43.4000 381.000000 0.000000 124.000000 58.000000
7.1800 116.3400 43.2700 427.000000 0.000000 124.000000 58.000000
7.1900 116.8200 43.2700 442.000000 0.000000 121.000000 58.000000
7.2000 117.5100 43.3900 478.000000 0.000000 121.000000 58.000000
7.2100 118.3300 43.5200 504.000000 0.000000 120.000000 57.000000
7.2200 119.1200 43.7400 532.000000 0.000000 120.000000 57.000000
7.2300 119.9000 44.0800 553.000000 0.000000 119.000000 58.000000
7.2400 120.5900 44.4900 563.000000 0.000000 120.000000 58.000000
7.2500 121.2100 44.8900 606.000000 0.000000 120.000000 58.000000
7.2600 121.5900 45.3600 616.000000 0.000000 121.000000 59.000000
7.2700 121.6500 45.8900 616.000000 0.000000 122.000000 60.000000
7.2800 121.5000 46.5600 619.000000 0.000000 122.000000 60.000000
7.2900 121.0500 47.4800 616.000000 0.000000 123.000000 61.000000
7.3000 120.2900 48.5600 617.000000 0.000000 124.000000 62.000000
7.3100 119.3300 49.6900 591.000000 0.000000 124.000000 62.000000
7.3200 118.2800 50.8600 606.000000 0.000000 126.000000 62.000000
7.3300 117.0500 52.0700 614.000000 0.000000 126.000000 62.000000
7.3400 115.7100 53.2600 622.000000 0.000000 127.000000 62.000000
7.3500 113.7300 54.4400 630.000000 0.000000 129.000000 61.000000
7.3600 111.5400 55.6100 636.000000 0.000000 132.000000 61.000000
7.3700 109.2100 56.4500 650.000000 0.000000 134.000000 61.000000
7.3800 106.7500 57.0200 667.000000 0.000000 135.000000 60.000000
7.3900 104.1200 57.4000 662.000000 0.000000 136.000000 60.000000
7.4000 101.3700 57.5600 684.000000 0.000000 138.000000 59.000000
7.4100 98.6400 57.4300 678.000000 0.000000 139.000000 58.000000
7.4200 95.9300 57.1000 682.000000 0.000000 139.000000 58.000000
7.4300 93.2500 56.2800 666.000000 0.000000 140.000000 58.000000
7.4400 90.9400 55.3800 673.000000 0.000000 140.000000 58.000000
7.4500 88.8700 54.4400 670.000000 0.000000 142.000000 57.000000
7.4600 86.9000 53.2300 661.000000 0.000000 140.000000 56.000000
7.4700 85.1800 52.0100 668.000000 0.000000 140.000000 56.000000
7.4800 83.6300 50.9200 668.000000 0.000000 141.000000 56.000000
7.4900 82.3800 49.9100 673.000000 0.000000 141.000000 56.000000
7.5000 81.5700 49.0700 666.000000 0.000000 141.000000 56.000000
7.5100 81.0500 48.1700 663.000000 0.000000 140.000000 55.000000
7.5200 81.0500 47.2200 663.000000 0.000000 139.000000 56.000000
7.5300 81.4000 46.4600 662.000000 0.000000 139.000000 56.000000
7.5400 82.0600 45.6300 671.000000 0.000000 138.000000 57.000000
7.5500 83.3900 44.8600 667.000000 0.000000 136.000000 57.000000
7.5600 85.1300 44.1500 662.000000 0.000000 135.000000 58.000000
7.5700 87.1400 43.5000 652.000000 0.000000 136.000000 58.000000
7.5800 89.1300 42.8500 647.000000 0.000000 135.000000 59.000000
7.5900 91.0500 42.0000 630.000000 0.000000 136.000000 60.000000
7.6000 92.9100 41.0300 631.000000 0.000000 136.000000 60.000000
7.6100 94.7600 40.2700 645.000000 0.000000 136.000000 61.000000
7.6200 96.6200 39.5100 646.000000 0.000000 136.000000 61.000000
7.6300 98.5100 39.0200 658.000000 0.000000 136.000000 61.000000
7.6400 100.3600 38.7000 670.000000 0.000000 137.000000 62.000000
7.6500 101.9400 38.2400 672.000000 0.000000 137.000000 62.000000
7.6600 103.3100 37.9400 678.000000 0.000000 135.000000 63.000000
7.6700 104.7700 37.7500 678.000000 0.000000 135.000000 63.000000
7.6800 105.7900 37.4100 679.000000 0.000000 133.000000 63.000000
7.6900 106.5200 37.0600 675.000000 0.000000 133.000000 63.000000
7.7000 106.7700 36.6800 672.000000 0.000000 132.000000 64.000000
7.7100 106.6000 36.2400 667.000000 0.000000 132.000000 64.000000
7.7200 106.1600 35.7600 670.000000 0.000000 132.000000 65.000000
7.7300 105.1200 35.3100 669.000000 0.000000 132.000000 65.000000
7.7400 103.7500 34.9000 673.000000 0.000000 132.000000 65.000000
7.7500 102.1600 34.7600 681.000000 0.000000 132.000000 65.000000
7.7600 100.6500 34.8900 702.000000 0.000000 132.000000 65.000000
7.7700 99.1700 35.1900 702.000000 0.000000 130.000000 65.000000
7.7800 97.7100 35.7500 691.000000 0.000000 130.000000 65.000000
7.7900 96.4300 36.5900 699.000000 0.000000 130.000000 65.000000
7.8000 95.1700 37.6200 711.000000 0.000000 130.000000 65.000000
7.8100 93.9900 38.9900 700.000000 0.000000 130.000000 63.000000
7.8200 92.8500 39.8300 700.000000 0.000000 130.000000 63.000000
7.8300 91.9700 40.3200 705.000000 0.000000 132.000000 63.000000
7.8400 91.2600 40.5800 707.000000 0.000000 132.000000 61.000000
7.8500 90.9500 40.7200 696.000000 0.000000 132.000000 61.000000
7.8600 91.0300 40.7700 696.000000 0.000000 134.000000 61.000000
7.8700 91.3800 40.9000 691.000000 0.000000 134.000000 61.000000
7.8800 92.4200 41.3700 702.000000 0.000000 134.000000 60.000000
7.8900 94.0200 42.0700 693.000000 0.000000 134.000000 60.000000
7.9000 95.9800 43.3500 685.000000 0.000000 135.000000 60.000000
7.9100 98.1300 44.7500 700.000000 0.000000 135.000000 60.000000
7.9200 100.3200 46.2300 690.000000 0.000000 135.000000 60.000000
7.9300 102.2000 47.6100 700.000000 0.000000 136.000000 61.000000
7.9400 103.8500 49.1300 702.000000 0.000000 136.000000 61.000000
7.9500 105.4000 50.7500 697.000000 0.000000 138.000000 61.000000
7.9600 106.5200 52.0900 697.000000 0.000000 138.000000 61.000000
7.9700 107.3600 53.6800 691.000000 0.000000 140.000000 62.000000
7.9800 107.8300 55.4400 713.000000 0.000000 141.000000 61.000000
7.9900 107.9400 56.1500 728.000000 0.000000 141.000000 61.000000
8.0000 107.8000 56.5100 725.000000 0.000000 141.000000 61.000000
8.0100 107.4800 56.6300 716.000000 0.000000 142.000000 61.000000
8.0200 106.8200 56.7800 708.000000 0.000000 142.000000 61.000000
8.0300 105.9300 56.3700 693.000000 0.000000 142.000000 61.000000
8.0400 104.4900 55.6000 684.000000 0.000000 142.000000 61.000000
8.0500 102.8900 54.5500 679.000000 0.000000 142.000000 61.000000
8.0600 101.1800 53.3900 693.000000 0.000000 144.000000 60.000000
8.0700 99.5200 52.1500 711.000000 0.000000 142.000000 59.000000
8.0800 97.9800 51.2000 727.000000 0.000000 142.000000 59.000000
8.0900 97.0300 50.0400 730.000000 0.000000 143.000000 59.000000
8.1000 96.4400 48.7300 736.000000 0.000000 143.000000 59.000000
8.1100 96.3200 47.3400 728.000000 0.000000 143.000000 59.000000
8.1200 96.6700 46.1000 720.000000 0.000000 142.000000 59.000000
8.1300 97.3400 44.9500 713.000000 0.000000 142.000000 59.000000
8.1400 98.2900 44.0800 703.000000 0.000000 141.000000 60.000000
8.1500 99.4300 43.4200 705.000000 0.000000 141.000000 60.000000
8.1600 100.7000 42.8900 714.000000 0.000000 139.000000 61.000000
8.1700 101.9000 42.5700 730.000000 0.000000 138.000000 61.000000
8.1800 102.9400 42.1000 731.000000 0.000000 138.000000 61.000000
8.1900 103.8700 41.5200 745.000000 0.000000 137.000000 62.000000
8.2000 104.4700 40.6900 742.000000 0.000000 138.000000 63.000000
8.2100 104.8600 39.8100 731.000000 0.000000 137.000000 63.000000
8.2200 105.1000 38.8500 725.000000 0.000000 137.000000 63.000000
8.2300 105.0400 38.1300 700.000000 0.000000 137.000000 63.000000
8.2400 104.5800 37.5700 696.000000 0.000000 135.000000 64.000000
8.2500 103.8500 37.1700 690.000000 0.000000 135.000000 64.000000
8.2600 102.8000 37.2500 707.000000 0.000000 133.000000 65.000000
8.2700 101.5300 37.6500 722.000000 0.000000 133.000000 65.000000
8.2800 100.1000 38.4300 725.000000 0.000000 133.000000 65.000000
8.2900 98.0200 39.4100 707.000000 0.000000 133.000000 65.000000
8.3000 95.7600 40.5300 719.000000 0.000000 133.000000 65.000000
8.3100 93.3800 41.8300 700.000000 0.000000 135.000000 64.000000
8.3200 91.0300 43.5400 708.000000 0.000000 133.000000 63.000000
8.3300 88.6700 45.5200 736.000000 0.000000 135.000000 63.000000
8.3400 86.3200 47.3800 759.000000 0.000000 133.000000 62.000000
8.3500 84.5700 48.7100 797.000000 0.000000 135.000000 62.000000
8.3600 83.2300 49.6800 791.000000 0.000000 135.000000 60.000000
8.3700 82.4200 50.1500 785.000000 0.000000 136.000000 60.000000
8.3800 82.0800 50.4200 763.000000 0.000000 136.000000 58.000000
8.3900 82.0800 50.5500 696.000000 0.000000 136.000000 57.000000
8.4000 82.1300 50.6900 670.000000 0.000000 138.000000 57.000000
8.4100 82.2600 50.9800 668.000000 0.000000 138.000000 55.000000
8.4200 82.4800 51.3600 641.000000 0.000000 139.000000 55.000000
8.4300 82.7900 51.9400 628.000000 0.000000 139.000000 55.000000
8.4400 83.1500 52.6100 597.000000 0.000000 137.000000 54.000000
8.4500 83.3600 53.3300 561.000000 0.000000 139.000000 54.000000
8.4600 83.4300 54.0900 570.000000 0.000000 139.000000 54.000000
8.4700 83.4300 54.7300 565.000000 0.000000 137.000000 54.000000
8.4800 83.4300 54.9300 565.000000 0.000000 137.000000 54.000000
8.4900 83.5300 54.8700 577.000000 0.000000 137.000000 54.000000
8.5000 83.7700 54.4100 611.000000 0.000000 137.000000 54.000000
8.5100 84.1000 53.3300 636.000000 0.000000 137.000000 54.000000
8.5200 84.4700 51.8500 659.000000 0.000000 137.000000 54.000000
8.5300 84.8800 50.4000 666.000000 0.000000 137.000000 54.000000
8.5400 85.2900 49.1000 673.000000 0.000000 136.000000 55.000000
8.5500 85.6600 47.9000 685.000000 0.000000 136.000000 55.000000
8.5600 85.9200 47.3300 694.000000 0.000000 138.000000 55.000000
8.5700 86.1800 47.0400 700.000000 0.000000 136.000000 56.000000
8.5800 86.4100 46.9500 693.000000 0.000000 136.000000 56.000000
8.5900 86.5600 46.9500 700.000000 0.000000 135.000000 57.000000
8.6000 86.7200 47.2300 702.000000 0.000000 134.000000 57.000000
8.6100 87.1000 47.6600 705.000000 0.000000 134.000000 57.000000
8.6200 87.6200 48.5300 705.000000 0.000000 132.000000 58.000000
8.6300 88.1100 49.6000 708.000000 0.000000 132.000000 58.000000
8.6400 88.6300 50.8000 719.000000 0.000000 134.000000 57.000000
8.6500 89.1700 51.8800 719.000000 0.000000 134.000000 57.000000
8.6600 89.5200 52.3100 721.000000 0.000000 135.000000 57.000000
8.6700 89.7100 52.3100 720.000000 0.000000 138.000000 57.000000
8.6800 89.8000 51.9900 728.000000 0.000000 139.000000 56.000000
8.6900 89.8600 51.0300 736.000000 0.000000 139.000000 56.000000
8.7000 89.8100 49.6400 743.000000 0.000000 139.000000 56.000000
8.7100 89.6900 48.5400 755.000000 0.000000 139.000000 56.000000
8.7200 89.9300 47.6800 763.000000 0.000000 139.000000 56.000000
8.7300 90.2000 46.9800 751.000000 0.000000 136.000000 56.000000
8.7400 90.6200 46.8100 758.000000 0.000000 135.000000 57.000000
8.7500 91.1400 46.6100 757.000000 0.000000 135.000000 57.000000
8.7600 91.6900 46.7500 757.000000 0.000000 134.000000 57.000000
8.7700 92.2100 47.1300 758.000000 0.000000 131.000000 57.000000
8.7800 92.6800 47.5600 746.000000 0.000000 131.000000 57.000000
8.7900 92.9300 48.1800 737.000000 0.000000 131.000000 57.000000
8.8000 93.0300 48.9200 749.000000 0.000000 132.000000 58.000000
8.8100 93.0300 49.5000 751.000000 0.000000 132.000000 58.000000
8.8200 92.8800 49.5800 754.000000 0.000000 132.000000 58.000000
8.8300 92.7100 49.3200 761.000000 0.000000 135.000000 58.000000
8.8400 92.4400 48.6100 765.000000 0.000000 135.000000 58.000000
8.8500 92.2200 47.6600 768.000000 0.000000 136.000000 57.000000
8.8600 92.3600 46.5600 765.000000 0.000000 136.000000 57.000000
8.8700 92.7300 45.9300 765.000000 0.000000 135.000000 58.000000
8.8800 93.3900 45.5000 760.000000 0.000000 135.000000 58.000000
8.8900 94.2000 45.2100 759.000000 0.000000 132.000000 58.000000
8.9000 95.1100 45.2100 751.000000 0.000000 131.000000 58.000000
8.9100 95.8100 45.4000 754.000000 0.000000 131.000000 58.000000
8.9200 96.5700 45.7300 760.000000 0.000000 131.000000 60.000000
8.9300 97.0600 45.9100 760.000000 0.000000 129.000000 60.000000
8.9400 97.3600 45.9700 762.000000 0.000000 129.000000 60.000000
8.9500 97.4700 45.9700 777.000000 0.000000 131.000000 61.000000
8.9600 97.4700 45.8500 774.000000 0.000000 131.000000 61.000000
8.9700 97.4700 45.6100 774.000000 0.000000 131.000000 61.000000
8.9800 97.4700 45.2900 774.000000 0.000000 131.000000 61.000000
8.9900 97.4700 44.9600 777.000000 0.000000 131.000000 61.000000
9.0000 97.5500 44.8400 782.000000 0.000000 131.000000 61.000000
9.0100 97.6900 44.8400 782.000000 0.000000 132.000000 60.000000
9.0200 97.6900 44.8400 785.000000 0.000000 132.000000 60.000000
9.0300 97.8000 44.8400 787.000000 0.000000 132.000000 60.000000
9.0400 97.9300 44.9300 790.000000 0.000000 132.000000 60.000000
9.0500 97.9800 45.1300 793.000000 0.000000 132.000000 60.000000
9.0600 97.9800 45.1300 791.000000 0.000000 132.000000 60.000000
9.0700 97.9800 45.0500 793.000000 0.000000 132.000000 60.000000
9.0800 97.8200 44.9000 797.000000 0.000000 134.000000 61.000000
9.0900 97.5700 44.4900 783.000000 0.000000 134.000000 61.000000
9.1000 97.4000 43.9100 793.000000 0.000000 134.000000 61.000000
9.1100 97.2300 43.1800 796.000000 0.000000 134.000000 61.000000
9.1200 97.0600 42.6100 803.000000 0.000000 135.000000 60.000000
9.1300 97.2600 42.1600 805.000000 0.000000 135.000000 60.000000
9.1400 97.6300 41.6900 803.000000 0.000000 136.000000 61.000000
9.1500 98.1100 41.2000 799.000000 0.000000 136.000000 61.000000
9.1600 98.7200 40.8800 799.000000 0.000000 136.000000 61.000000
9.1700 99.4300 40.6900 800.000000 0.000000 136.000000 61.000000
9.1800 100.2100 40.4600 805.000000 0.000000 136.000000 61.000000
9.1900 100.9000 40.0700 803.000000 0.000000 136.000000 61.000000
9.2000 101.4400 39.5800 808.000000 0.000000 135.000000 62.000000
9.2100 101.8900 38.9600 790.000000 0.000000 135.000000 62.000000
9.2200 102.5400 38.3400 740.000000 0.000000 135.000000 62.000000
9.2300 103.2000 37.7100 473.000000 0.000000 133.000000 62.000000
