0.0000 8.7500 59.0400 100.000000 1.000000 90.000000 66.000000
0.0100 8.6800 56.9800 173.000000 0.000000 90.000000 66.000000
0.0200 8.6800 56.4400 247.000000 0.000000 90.000000 66.000000
0.0300 8.6800 56.1200 359.000000 0.000000 88.000000 66.000000
0.0400 8.8200 56.1200 450.000000 0.000000 86.000000 66.000000
0.0500 8.9900 56.3700 504.000000 0.000000 86.000000 66.000000
0.0600 9.3400 56.8700 544.000000 0.000000 86.000000 65.000000
0.0700 9.8200 57.9000 564.000000 0.000000 86.000000 64.000000
0.0800 10.6100 59.3100 584.000000 0.000000 86.000000 63.000000
0.0900 11.3900 60.9800 614.000000 0.000000 86.000000 62.000000
0.1000 12.1300 62.9400 627.000000 0.000000 88.000000 61.000000
0.1100 12.7400 64.9000 622.000000 0.000000 88.000000 60.000000
0.1200 13.2800 66.8700 625.000000 0.000000 90.000000 60.000000
0.1300 13.5900 68.4500 627.000000 0.000000 90.000000 60.000000
0.1400 13.7400 69.2200 637.000000 0.000000 92.000000 60.000000
0.1500 13.7900 69.4400 673.000000 0.000000 93.000000 60.000000
0.1600 13.7900 69.2300 705.000000 0.000000 93.000000 60.000000
0.1700 13.6700 68.0200 739.000000 0.000000 95.000000 61.000000
0.1800 13.5200 66.1500 765.000000 0.000000 95.000000 61.000000
0.1900 13.3700 63.9600 788.000000 0.000000 95.000000 61.000000
0.2000 13.2300 61.7200 815.000000 0.000000 95.000000 61.000000
0.2100 13.0600 59.9200 831.000000 0.000000 95.000000 61.000000
0.2200 12.8600 58.4200 845.000000 0.000000 94.000000 61.000000
0.2300 12.7900 57.3500 840.000000 0.000000 92.000000 60.000000
0.2400 12.7900 56.7400 827.000000 0.000000 92.000000 60.000000
0.2500 12.7900 56.4500 797.000000 0.000000 90.000000 60.000000
0.2600 12.7900 56.4500 787.000000 0.000000 90.000000 60.000000
0.2700 12.8600 56.7100 788.000000 0.000000 88.000000 60.000000
0.2800 12.9400 57.2000 783.000000 0.000000 88.000000 60.000000
0.2900 13.1000 58.3100 773.000000 0.000000 88.000000 60.000000
0.3000 13.2600 59.5300 760.000000 0.000000 88.000000 60.000000
0.3100 13.4000 60.8300 740.000000 0.000000 88.000000 60.000000
0.3200 13.5700 61.8400 731.000000 0.000000 90.000000 60.000000
0.3300 13.7400 62.3300 719.000000 0.000000 90.000000 60.000000
0.3400 13.8500 62.4700 734.000000 0.000000 90.000000 61.000000
0.3500 13.9200 62.2300 751.000000 0.000000 92.000000 61.000000
0.3600 14.0300 61.5700 754.000000 0.000000 94.000000 61.000000
0.3700 14.1400 60.6400 758.000000 0.000000 94.000000 62.000000
0.3800 14.2300 59.8700 761.000000 0.000000 96.000000 62.000000
0.3900 14.3400 59.2800 757.000000 0.000000 96.000000 62.000000
0.4000 14.4800 58.8200 751.000000 0.000000 94.000000 63.000000
0.4100 14.6500 58.6200 754.000000 0.000000 94.000000 63.000000
0.4200 14.7800 58.5500 749.000000 0.000000 92.000000 63.000000
0.4300 14.8800 58.5500 749.000000 0.000000 92.000000 63.000000
0.4400 15.0600 58.8900 749.000000 0.000000 92.000000 63.000000
0.4500 15.2500 59.4600 728.000000 0.000000 92.000000 63.000000
0.4600 15.4500 60.2100 719.000000 0.000000 92.000000 63.000000
0.4700 15.6100 60.9700 711.000000 0.000000 92.000000 63.000000
0.4800 15.7600 61.2600 714.000000 0.000000 92.000000 63.000000
0.4900 15.7600 61.2600 719.000000 0.000000 92.000000 63.000000
0.5000 15.7600 60.9900 725.000000 0.000000 94.000000 63.000000
0.5100 15.7000 60.4000 748.000000 0.000000 94.000000 63.000000
0.5200 15.6500 59.5800 763.000000 0.000000 96.000000 63.000000
0.5300 15.6500 58.8800 760.000000 0.000000 96.000000 63.000000
0.5400 15.7300 58.3300 760.000000 0.000000 94.000000 62.000000
0.5500 15.8700 57.8800 745.000000 0.000000 94.000000 62.000000
0.5600 16.0400 57.6900 687.000000 0.000000 92.000000 62.000000
0.5700 16.1700 57.6400 493.000000 0.000000 92.000000 62.000000
0.5800 16.2600 57.6400 172.000000 0.000000 90.000000 62.000000
0.5900 16.2600 57.6400 0.000000 1.000000 90.000000 62.000000
0.6000 16.4700 58.1000 0.000000 0.000000 90.000000 62.000000
0.6100 16.4700 58.3100 0.000000 0.000000 90.000000 61.000000
0.6200 16.4700 58.4000 0.000000 0.000000 90.000000 61.000000
0.6300 16.6000 58.4600 0.000000 0.000000 90.000000 61.000000
0.6400 16.8300 58.4600 0.000000 0.000000 90.000000 61.000000
0.6500 17.0500 58.4000 0.000000 0.000000 90.000000 60.000000
0.6600 17.2400 58.3200 0.000000 0.000000 90.000000 60.000000
0.6700 17.3500 58.2100 0.000000 0.000000 90.000000 60.000000
0.6800 17.4100 58.1500 0.000000 0.000000 90.000000 60.000000
0.6900 17.4100 58.1500 0.000000 0.000000 90.000000 60.000000
0.7000 17.3500 58.1500 0.000000 0.000000 90.000000 60.000000
0.7100 17.3500 58.2300 0.000000 0.000000 90.000000 59.000000
0.7200 17.2800 58.3400 0.000000 0.000000 90.000000 59.000000
0.7300 17.2800 58.3400 0.000000 0.000000 90.000000 59.000000
0.7400 17.2800 58.4400 0.000000 0.000000 90.000000 59.000000
0.7500 17.2800 58.5500 0.000000 0.000000 90.000000 59.000000
0.7600 17.2800 58.6600 0.000000 0.000000 90.000000 59.000000
0.7700 17.3300 58.7400 0.000000 0.000000 90.000000 58.000000
0.7800 17.2700 58.6700 0.000000 0.000000 90.000000 58.000000
0.7900 17.1700 58.5100 0.000000 0.000000 90.000000 59.000000
0.8000 16.9900 58.2700 0.000000 0.000000 90.000000 59.000000
0.8100 16.8100 58.0200 0.000000 0.000000 90.000000 59.000000
0.8200 16.6300 57.8000 0.000000 0.000000 90.000000 59.000000
0.8300 16.4500 57.6100 0.000000 0.000000 90.000000 60.000000
0.8400 16.2700 57.4300 0.000000 0.000000 90.000000 60.000000
0.8500 16.1600 57.3700 0.000000 0.000000 90.000000 60.000000
0.8600 16.1000 57.3700 0.000000 0.000000 90.000000 60.000000
0.8700 16.1000 57.5000 0.000000 0.000000 90.000000 60.000000
0.8800 16.2300 57.7300 0.000000 0.000000 90.000000 61.000000
0.8900 16.4300 58.0300 0.000000 0.000000 90.000000 61.000000
0.9000 16.5600 58.1700 0.000000 0.000000 90.000000 61.000000
0.9100 16.6400 58.2500 0.000000 0.000000 90.000000 61.000000
0.9200 16.6400 58.2500 0.000000 0.000000 90.000000 61.000000
0.9300 16.6400 58.2500 0.000000 0.000000 90.000000 61.000000
0.9400 16.6400 58.2500 0.000000 0.000000 90.000000 61.000000
0.9500 16.6900 58.3200 0.000000 0.000000 90.000000 61.000000
0.9600 16.7400 58.4400 0.000000 0.000000 90.000000 61.000000
0.9700 16.7400 58.6000 0.000000 0.000000 90.000000 61.000000
0.9800 16.7400 58.8200 0.000000 0.000000 90.000000 61.000000
0.9900 16.7900 59.1200 0.000000 0.000000 90.000000 60.000000
1.0000 16.7900 59.4800 0.000000 0.000000 90.000000 60.000000
1.0100 16.7900 59.4800 32.000000 1.000000 90.000000 61.000000
1.0200 16.7200 60.5300 110.000000 0.000000 90.000000 61.000000
1.0300 16.7200 61.0200 249.000000 0.000000 90.000000 61.000000
1.0400 16.7200 61.0200 367.000000 0.000000 90.000000 61.000000
1.0500 16.7200 60.4500 448.000000 0.000000 92.000000 61.000000
1.0600 16.6100 59.4800 574.000000 0.000000 92.000000 61.000000
1.0700 16.4900 57.7700 678.000000 0.000000 92.000000 61.000000
1.0800 16.2900 56.1700 793.000000 0.000000 92.000000 61.000000
1.0900 16.1500 54.6400 818.000000 0.000000 90.000000 61.000000
1.1000 16.0900 53.4500 858.000000 0.000000 90.000000 60.000000
1.1100 16.0900 52.6000 881.000000 0.000000 88.000000 60.000000
1.1200 16.0900 51.9900 890.000000 0.000000 87.000000 60.000000
1.1300 16.1600 51.7500 885.000000 0.000000 87.000000 60.000000
1.1400 16.1600 51.7500 873.000000 0.000000 85.000000 60.000000
1.1500 16.1600 51.8900 854.000000 0.000000 85.000000 60.000000
1.1600 16.1600 52.5600 817.000000 0.000000 83.000000 60.000000
1.1700 16.0900 53.7900 788.000000 0.000000 83.000000 60.000000
1.1800 16.1600 55.3900 720.000000 0.000000 83.000000 60.000000
1.1900 16.2100 57.2600 708.000000 0.000000 83.000000 60.000000
1.2000 16.2100 58.8700 727.000000 0.000000 85.000000 60.000000
1.2100 16.3800 60.3100 721.000000 0.000000 85.000000 60.000000
1.2200 16.6700 60.7500 728.000000 0.000000 87.000000 60.000000
1.2300 17.0700 60.7500 748.000000 0.000000 88.000000 60.000000
1.2400 17.3500 60.5600 762.000000 0.000000 90.000000 60.000000
1.2500 17.6300 59.9900 780.000000 0.000000 90.000000 60.000000
1.2600 17.8400 59.1600 794.000000 0.000000 90.000000 60.000000
1.2700 18.0000 58.1500 790.000000 0.000000 90.000000 60.000000
1.2800 18.0000 57.3500 814.000000 0.000000 90.000000 60.000000
1.2900 18.0000 56.7100 805.000000 0.000000 90.000000 60.000000
1.3000 17.9300 56.1700 803.000000 0.000000 90.000000 60.000000
1.3100 17.8500 55.8800 796.000000 0.000000 90.000000 60.000000
1.3200 17.8000 55.7600 757.000000 0.000000 88.000000 60.000000
1.3300 17.8000 55.7600 710.000000 0.000000 87.000000 60.000000
1.3400 17.8000 55.8800 620.000000 0.000000 87.000000 60.000000
1.3500 17.8000 56.1900 339.000000 0.000000 86.000000 61.000000
1.3600 17.8000 56.6400 66.000000 0.000000 85.000000 61.000000
1.3700 17.8000 56.6400 0.000000 1.000000 86.000000 61.000000
1.3800 17.9700 57.3700 0.000000 0.000000 86.000000 62.000000
1.3900 18.0600 57.5200 0.000000 0.000000 86.000000 62.000000
1.4000 18.0600 57.5200 100.000000 1.000000 88.000000 63.000000
1.4100 18.0600 57.5200 237.000000 0.000000 88.000000 63.000000
1.4200 18.0600 57.5200 340.000000 0.000000 90.000000 63.000000
1.4300 18.3200 57.3900 404.000000 0.000000 90.000000 64.000000
1.4400 18.4000 57.2800 468.000000 0.000000 90.000000 64.000000
1.4500 18.4900 57.1400 519.000000 0.000000 90.000000 64.000000
1.4600 18.5800 56.9900 578.000000 0.000000 90.000000 63.000000
1.4700 18.6400 56.8100 599.000000 0.000000 90.000000 63.000000
1.4800 18.7600 56.6100 619.000000 0.000000 90.000000 63.000000
1.4900 18.9000 56.5100 613.000000 0.000000 88.000000 63.000000
1.5000 19.0300 56.4200 599.000000 0.000000 88.000000 63.000000
1.5100 19.2100 56.5000 592.000000 0.000000 88.000000 63.000000
1.5200 19.3900 56.6800 595.000000 0.000000 86.000000 62.000000
1.5300 19.6000 56.9400 578.000000 0.000000 86.000000 62.000000
1.5400 19.8600 57.2200 566.000000 0.000000 86.000000 62.000000
1.5500 20.0200 57.3800 568.000000 0.000000 86.000000 62.000000
1.5600 20.1000 57.4600 564.000000 0.000000 88.000000 62.000000
1.5700 20.1000 57.4600 562.000000 0.000000 88.000000 62.000000
1.5800 20.1000 57.4000 570.000000 0.000000 88.000000 62.000000
1.5900 20.1000 57.3000 577.000000 0.000000 90.000000 62.000000
1.6000 20.1000 57.1100 577.000000 0.000000 90.000000 62.000000
1.6100 20.1500 56.9200 578.000000 0.000000 90.000000 62.000000
1.6200 20.2200 56.7500 564.000000 0.000000 90.000000 62.000000
1.6300 20.2200 56.7500 490.000000 0.000000 90.000000 62.000000
1.6400 20.4700 56.6500 324.000000 0.000000 90.000000 62.000000
1.6500 20.6600 56.7600 60.000000 0.000000 88.000000 62.000000
1.6600 20.6600 56.7600 0.000000 1.000000 88.000000 62.000000
1.6700 20.9800 57.1600 0.000000 0.000000 88.000000 62.000000
1.6800 21.0700 57.3100 0.000000 0.000000 88.000000 62.000000
1.6900 21.1400 57.4400 0.000000 0.000000 88.000000 62.000000
1.7000 21.2300 57.4400 0.000000 0.000000 90.000000 62.000000
1.7100 21.3300 57.4400 0.000000 0.000000 90.000000 61.000000
1.7200 21.3300 57.4400 247.000000 1.000000 90.000000 61.000000
1.7300 21.3300 57.4400 311.000000 0.000000 90.000000 61.000000
1.7400 21.3300 57.4400 364.000000 0.000000 90.000000 61.000000
1.7500 21.3300 57.4400 425.000000 0.000000 90.000000 61.000000
1.7600 21.4100 57.1000 453.000000 0.000000 90.000000 61.000000
1.7700 21.4600 56.9700 483.000000 0.000000 90.000000 61.000000
1.7800 21.5100 56.8700 496.000000 0.000000 90.000000 61.000000
1.7900 21.5700 56.8700 513.000000 0.000000 90.000000 61.000000
1.8000 21.5700 56.8700 545.000000 0.000000 90.000000 61.000000
1.8100 21.5700 56.8700 588.000000 0.000000 88.000000 61.000000
1.8200 21.6400 57.0000 608.000000 0.000000 88.000000 61.000000
1.8300 21.6400 57.2500 609.000000 0.000000 88.000000 61.000000
1.8400 21.6400 57.5800 611.000000 0.000000 88.000000 62.000000
1.8500 21.6400 57.9800 605.000000 0.000000 88.000000 62.000000
1.8600 21.7300 58.4100 591.000000 0.000000 88.000000 62.000000
1.8700 21.8400 58.7300 536.000000 0.000000 90.000000 62.000000
1.8800 21.9500 58.9800 329.000000 0.000000 90.000000 62.000000
1.8900 21.9500 58.9800 0.000000 1.000000 90.000000 62.000000
1.9000 22.1100 58.9700 0.000000 0.000000 90.000000 62.000000
1.9100 22.1100 58.7600 0.000000 0.000000 90.000000 62.000000
1.9200 22.1700 58.5500 0.000000 0.000000 90.000000 61.000000
1.9300 22.1700 58.3500 0.000000 0.000000 90.000000 61.000000
1.9400 22.3800 58.1400 0.000000 0.000000 90.000000 61.000000
1.9500 22.5900 57.9900 0.000000 0.000000 90.000000 61.000000
1.9600 22.8300 57.8700 0.000000 0.000000 90.000000 60.000000
1.9700 23.0000 57.7100 0.000000 0.000000 90.000000 60.000000
1.9800 23.1300 57.5500 0.000000 0.000000 90.000000 60.000000
1.9900 23.1300 57.4400 0.000000 0.000000 90.000000 61.000000
2.0000 23.0300 57.3700 0.000000 0.000000 90.000000 61.000000
2.0100 22.9400 57.3700 0.000000 0.000000 90.000000 61.000000
2.0200 22.8000 57.4500 0.000000 0.000000 90.000000 61.000000
2.0300 22.6700 57.5200 0.000000 0.000000 90.000000 61.000000
2.0400 22.5800 57.5200 0.000000 0.000000 90.000000 61.000000
2.0500 22.5800 57.5200 0.000000 0.000000 90.000000 61.000000
2.0600 22.7400 57.4000 0.000000 0.000000 90.000000 61.000000
2.0700 22.8100 57.2800 0.000000 0.000000 90.000000 61.000000
2.0800 22.8800 57.1600 0.000000 0.000000 90.000000 61.000000
2.0900 22.8800 57.1000 0.000000 0.000000 90.000000 61.000000
2.1000 22.8800 57.1000 117.000000 1.000000 90.000000 61.000000
2.1100 22.8800 57.1000 241.000000 0.000000 90.000000 61.000000
2.1200 22.8800 57.1000 257.000000 0.000000 90.000000 61.000000
2.1300 22.8800 57.1000 255.000000 0.000000 90.000000 61.000000
2.1400 22.8800 57.1000 228.000000 0.000000 90.000000 61.000000
2.1500 22.8800 57.1000 184.000000 0.000000 90.000000 61.000000
2.1600 22.8400 57.4200 149.000000 0.000000 90.000000 61.000000
2.1700 22.9000 57.5300 117.000000 0.000000 90.000000 61.000000
2.1800 22.9600 57.6400 115.000000 0.000000 90.000000 61.000000
2.1900 22.9600 57.7900 119.000000 0.000000 90.000000 61.000000
2.2000 22.9600 57.9500 125.000000 0.000000 90.000000 61.000000
2.2100 22.9600 58.2500 136.000000 0.000000 90.000000 61.000000
2.2200 22.9100 58.5800 143.000000 0.000000 90.000000 61.000000
2.2300 22.9100 58.9300 180.000000 0.000000 90.000000 61.000000
2.2400 22.9100 59.0400 167.000000 0.000000 90.000000 61.000000
2.2500 22.9100 59.1100 94.000000 0.000000 90.000000 61.000000
2.2600 22.9100 59.1100 0.000000 1.000000 90.000000 61.000000
2.2700 22.9100 59.0000 0.000000 0.000000 92.000000 61.000000
2.2800 22.8500 58.8800 0.000000 0.000000 92.000000 61.000000
2.2900 22.8500 58.7600 0.000000 0.000000 92.000000 61.000000
2.3000 22.8500 58.6400 0.000000 0.000000 92.000000 61.000000
2.3100 22.9500 58.5400 0.000000 0.000000 92.000000 61.000000
2.3200 23.0800 58.4400 0.000000 0.000000 90.000000 61.000000
2.3300 23.2400 58.2700 0.000000 0.000000 90.000000 61.000000
2.3400 23.4200 58.0700 0.000000 0.000000 90.000000 61.000000
2.3500 23.5300 57.8200 0.000000 0.000000 90.000000 61.000000
2.3600 23.5800 57.5400 0.000000 0.000000 90.000000 61.000000
2.3700 23.6700 57.2200 0.000000 0.000000 90.000000 62.000000
2.3800 23.6700 56.8700 0.000000 0.000000 90.000000 62.000000
2.3900 23.6700 56.8700 342.000000 1.000000 88.000000 62.000000
2.4000 23.6700 56.5600 449.000000 0.000000 88.000000 62.000000
2.4100 23.5900 56.5600 567.000000 0.000000 88.000000 62.000000
2.4200 23.5900 56.5600 639.000000 0.000000 88.000000 62.000000
2.4300 23.5900 56.7200 716.000000 0.000000 88.000000 63.000000
2.4400 23.5900 56.9500 753.000000 0.000000 88.000000 63.000000
2.4500 23.5900 57.2700 773.000000 0.000000 88.000000 63.000000
2.4600 23.6500 57.7700 790.000000 0.000000 88.000000 63.000000
2.4700 23.6500 58.4000 794.000000 0.000000 90.000000 63.000000
2.4800 23.8900 59.1800 783.000000 0.000000 90.000000 63.000000
2.4900 24.1200 59.9200 783.000000 0.000000 90.000000 63.000000
2.5000 24.3600 60.3900 784.000000 0.000000 90.000000 63.000000
2.5100 24.6000 60.7000 765.000000 0.000000 92.000000 63.000000
2.5200 24.7200 60.7800 696.000000 0.000000 94.000000 63.000000
2.5300 24.7700 60.7800 599.000000 0.000000 94.000000 63.000000
2.5400 24.7700 60.6500 280.000000 0.000000 96.000000 63.000000
2.5500 24.7700 60.6500 0.000000 1.000000 96.000000 63.000000
2.5600 24.4300 59.8500 0.000000 0.000000 96.000000 63.000000
2.5700 24.0300 59.3300 0.000000 0.000000 96.000000 63.000000
2.5800 23.6500 58.7900 0.000000 0.000000 96.000000 63.000000
2.5900 23.2700 58.3300 0.000000 0.000000 94.000000 63.000000
2.6000 23.0400 57.9200 0.000000 0.000000 94.000000 62.000000
2.6100 23.0400 57.9200 305.000000 1.000000 92.000000 62.000000
2.6200 23.0400 57.9200 362.000000 0.000000 92.000000 62.000000
2.6300 23.0400 57.9200 415.000000 0.000000 90.000000 62.000000
2.6400 23.5500 58.1200 435.000000 0.000000 90.000000 62.000000
2.6500 24.0000 58.4200 458.000000 0.000000 90.000000 62.000000
2.6600 24.4800 58.6600 468.000000 0.000000 90.000000 62.000000
2.6700 24.8800 58.7300 464.000000 0.000000 90.000000 63.000000
2.6800 25.1400 58.7300 499.000000 0.000000 90.000000 63.000000
2.6900 25.3200 58.5000 543.000000 0.000000 90.000000 63.000000
2.7000 25.3200 58.1400 562.000000 0.000000 90.000000 64.000000
2.7100 25.3200 57.6900 597.000000 0.000000 90.000000 64.000000
2.7200 25.2200 57.3500 639.000000 0.000000 90.000000 64.000000
2.7300 25.1700 57.0800 642.000000 0.000000 90.000000 64.000000
2.7400 25.1700 56.8700 630.000000 0.000000 90.000000 64.000000
2.7500 25.1700 56.7300 550.000000 0.000000 90.000000 65.000000
2.7600 25.1700 56.7300 415.000000 0.000000 90.000000 65.000000
2.7700 25.1700 56.8600 139.000000 0.000000 90.000000 65.000000
2.7800 25.1700 56.8600 0.000000 1.000000 90.000000 65.000000
2.7900 25.2300 57.4500 0.000000 0.000000 90.000000 65.000000
2.8000 25.2300 57.7600 0.000000 0.000000 90.000000 65.000000
2.8100 25.1100 58.0100 0.000000 0.000000 90.000000 65.000000
2.8200 25.1100 58.2500 0.000000 0.000000 90.000000 65.000000
2.8300 25.1100 58.4800 0.000000 0.000000 90.000000 65.000000
2.8400 25.1100 58.6900 0.000000 0.000000 90.000000 65.000000
2.8500 25.1100 58.9000 0.000000 0.000000 90.000000 64.000000
2.8600 25.1100 58.9000 184.000000 1.000000 90.000000 64.000000
2.8700 25.1100 59.2200 275.000000 0.000000 90.000000 64.000000
2.8800 25.0600 59.3600 302.000000 0.000000 92.000000 64.000000
2.8900 25.0600 59.4700 317.000000 0.000000 92.000000 63.000000
2.9000 25.1100 59.5300 273.000000 0.000000 92.000000 64.000000
2.9100 25.1700 59.5300 131.000000 0.000000 94.000000 64.000000
2.9200 25.1700 59.5300 0.000000 1.000000 94.000000 64.000000
2.9300 25.3700 59.4100 0.000000 0.000000 94.000000 64.000000
2.9400 25.5100 59.2800 0.000000 0.000000 94.000000 64.000000
2.9500 25.6100 59.1200 0.000000 0.000000 94.000000 64.000000
2.9600 25.6900 58.9500 0.000000 0.000000 94.000000 64.000000
2.9700 25.7500 58.7900 0.000000 0.000000 92.000000 64.000000
2.9800 25.8100 58.6200 0.000000 0.000000 92.000000 65.000000
2.9900 25.8700 58.4500 0.000000 0.000000 92.000000 65.000000
3.0000 25.8700 58.2500 0.000000 0.000000 92.000000 65.000000
3.0100 25.8700 58.0400 0.000000 0.000000 92.000000 65.000000
3.0200 25.8700 57.9500 0.000000 0.000000 92.000000 66.000000
3.0300 25.7900 57.9500 0.000000 0.000000 92.000000 66.000000
3.0400 25.6500 57.9500 0.000000 0.000000 92.000000 66.000000
3.0500 25.4500 57.9500 0.000000 0.000000 92.000000 66.000000
3.0600 25.2100 58.1200 0.000000 0.000000 92.000000 66.000000
3.0700 24.9400 58.2700 0.000000 0.000000 94.000000 66.000000
3.0800 24.6800 58.5100 0.000000 0.000000 94.000000 66.000000
3.0900 24.4700 58.8000 0.000000 0.000000 92.000000 65.000000
3.1000 24.3000 59.1500 0.000000 0.000000 92.000000 65.000000
3.1100 24.1700 59.5900 0.000000 0.000000 92.000000 64.000000
3.1200 24.0600 60.0800 0.000000 0.000000 92.000000 64.000000
3.1300 24.0600 60.0800 73.000000 1.000000 92.000000 63.000000
3.1400 24.0600 61.4100 213.000000 0.000000 94.000000 63.000000
3.1500 24.1600 62.1000 317.000000 0.000000 94.000000 62.000000
3.1600 24.2300 62.7500 471.000000 0.000000 96.000000 62.000000
3.1700 24.3500 63.3000 602.000000 0.000000 96.000000 62.000000
3.1800 24.3500 63.5000 721.000000 0.000000 97.000000 62.000000
3.1900 24.3500 63.5000 814.000000 0.000000 98.000000 63.000000
3.2000 24.3500 63.2900 892.000000 0.000000 98.000000 63.000000
3.2100 24.2700 62.0900 1023.000000 0.000000 100.000000 63.000000
3.2200 24.1200 60.2400 1023.000000 0.000000 98.000000 63.000000
3.2300 23.8800 58.0800 1023.000000 0.000000 98.000000 63.000000
3.2400 23.6800 56.0500 1023.000000 0.000000 96.000000 63.000000
3.2500 23.5100 54.1000 1023.000000 0.000000 94.000000 63.000000
3.2600 23.5100 52.6400 1023.000000 0.000000 92.000000 63.000000
3.2700 23.5100 51.5700 1023.000000 0.000000 90.000000 63.000000
3.2800 23.5100 50.7600 1023.000000 0.000000 90.000000 63.000000
3.2900 23.5900 50.4200 1023.000000 0.000000 90.000000 63.000000
3.3000 23.5900 50.3500 1023.000000 0.000000 88.000000 63.000000
3.3100 23.5900 50.4600 1023.000000 0.000000 88.000000 63.000000
3.3200 23.5000 50.8100 1023.000000 0.000000 86.000000 63.000000
3.3300 23.5000 51.6100 1023.000000 0.000000 86.000000 63.000000
3.3400 23.2900 52.7000 1023.000000 0.000000 86.000000 63.000000
3.3500 22.9900 53.9100 1023.000000 0.000000 86.000000 63.000000
3.3600 22.7200 54.7700 1023.000000 0.000000 86.000000 63.000000
3.3700 22.4700 55.4100 1023.000000 0.000000 86.000000 63.000000
3.3800 22.2600 55.7400 1023.000000 0.000000 86.000000 64.000000
3.3900 22.1100 55.8900 1023.000000 0.000000 86.000000 64.000000
3.4000 22.1100 55.8900 1023.000000 0.000000 86.000000 64.000000
3.4100 22.1100 55.9400 1012.000000 0.000000 86.000000 64.000000
3.4200 22.1600 55.9400 940.000000 0.000000 86.000000 63.000000
3.4300 22.1600 55.9400 831.000000 0.000000 86.000000 63.000000
3.4400 22.2600 55.8900 671.000000 0.000000 86.000000 63.000000
3.4500 22.3600 55.8900 361.000000 0.000000 86.000000 63.000000
3.4600 22.3600 55.8900 0.000000 1.000000 88.000000 63.000000
3.4700 22.9400 55.7700 0.000000 0.000000 88.000000 63.000000
3.4800 23.2600 55.6300 0.000000 0.000000 88.000000 63.000000
3.4900 23.6000 55.4400 0.000000 0.000000 88.000000 63.000000
3.5000 23.9400 55.3100 0.000000 0.000000 88.000000 63.000000
3.5100 24.3400 55.2000 0.000000 0.000000 90.000000 63.000000
3.5200 24.7800 55.1300 0.000000 0.000000 90.000000 64.000000
3.5300 25.2800 55.1300 0.000000 0.000000 90.000000 64.000000
3.5400 25.7700 55.2200 0.000000 0.000000 90.000000 65.000000
3.5500 26.2700 55.3000 0.000000 0.000000 90.000000 65.000000
3.5600 26.6700 55.3600 0.000000 0.000000 90.000000 65.000000
3.5700 27.0000 55.3600 0.000000 0.000000 92.000000 65.000000
3.5800 27.2400 55.3600 0.000000 0.000000 92.000000 64.000000
3.5900 27.3500 55.3000 0.000000 0.000000 92.000000 64.000000
3.6000 27.3500 55.3000 0.000000 0.000000 94.000000 63.000000
3.6100 27.3500 55.3000 0.000000 0.000000 94.000000 62.000000
3.6200 27.3500 55.4200 0.000000 0.000000 94.000000 61.000000
3.6300 27.3500 55.5100 0.000000 0.000000 93.000000 60.000000
3.6400 27.4100 55.6300 0.000000 0.000000 93.000000 60.000000
3.6500 27.4100 55.7800 0.000000 0.000000 93.000000 59.000000
3.6600 27.5400 55.8600 0.000000 0.000000 93.000000 59.000000
3.6700 27.6600 55.9300 0.000000 0.000000 93.000000 60.000000
3.6800 27.7600 55.9900 0.000000 0.000000 93.000000 60.000000
3.6900 27.8400 55.9900 0.000000 0.000000 93.000000 60.000000
3.7000 27.8400 56.0700 0.000000 0.000000 93.000000 60.000000
3.7100 27.8400 56.1600 0.000000 0.000000 93.000000 59.000000
3.7200 27.8400 56.1600 0.000000 0.000000 95.000000 59.000000
3.7300 27.8400 56.1600 0.000000 0.000000 95.000000 59.000000
3.7400 27.8400 56.2200 0.000000 0.000000 95.000000 59.000000
3.7500 27.8400 56.2200 0.000000 0.000000 95.000000 59.000000
3.7600 27.8400 56.2200 0.000000 0.000000 97.000000 59.000000
3.7700 27.8400 56.2200 0.000000 0.000000 97.000000 59.000000
3.7800 27.8400 56.2200 0.000000 0.000000 97.000000 59.000000
3.7900 28.0700 56.4800 0.000000 0.000000 97.000000 59.000000
3.8000 28.0700 56.4800 0.000000 0.000000 97.000000 59.000000
3.8100 28.0700 56.4800 0.000000 0.000000 97.000000 59.000000
3.8200 28.0200 56.4800 0.000000 0.000000 97.000000 60.000000
3.8300 28.0200 56.4800 0.000000 0.000000 97.000000 60.000000
3.8400 28.0200 56.5900 0.000000 0.000000 97.000000 60.000000
3.8500 28.0200 56.6900 0.000000 0.000000 97.000000 60.000000
3.8600 28.0800 56.7800 0.000000 0.000000 97.000000 60.000000
3.8700 28.0800 56.8700 0.000000 0.000000 97.000000 60.000000
3.8800 28.1300 56.9400 0.000000 0.000000 95.000000 60.000000
3.8900 28.1300 56.9400 0.000000 0.000000 95.000000 60.000000
3.9000 28.1300 56.9900 0.000000 0.000000 95.000000 60.000000
3.9100 28.0700 56.9900 0.000000 0.000000 95.000000 60.000000
3.9200 28.0000 56.9900 0.000000 0.000000 95.000000 61.000000
3.9300 27.9200 56.9900 0.000000 0.000000 95.000000 61.000000
3.9400 27.8700 57.0500 0.000000 0.000000 95.000000 61.000000
3.9500 27.8100 57.1000 0.000000 0.000000 95.000000 61.000000
3.9600 27.8100 57.1600 0.000000 0.000000 95.000000 61.000000
3.9700 27.7300 57.2300 0.000000 0.000000 95.000000 61.000000
3.9800 27.6800 57.2300 0.000000 0.000000 95.000000 61.000000
3.9900 27.6000 57.2300 0.000000 0.000000 95.000000 61.000000
4.0000 27.5100 57.2300 0.000000 0.000000 95.000000 61.000000
4.0100 27.4200 57.2900 0.000000 0.000000 95.000000 61.000000
4.0200 27.3500 57.3400 0.000000 0.000000 95.000000 61.000000
4.0300 27.3000 57.3400 0.000000 0.000000 95.000000 61.000000
4.0400 27.3000 57.3400 0.000000 0.000000 95.000000 61.000000
4.0500 27.3500 57.4100 0.000000 0.000000 94.000000 61.000000
4.0600 27.4100 57.4700 0.000000 0.000000 94.000000 61.000000
4.0700 27.4100 57.5200 0.000000 0.000000 94.000000 61.000000
4.0800 27.5000 57.6100 0.000000 0.000000 94.000000 62.000000
4.0900 27.5700 57.7200 0.000000 0.000000 94.000000 62.000000
4.1000 27.6400 57.8300 0.000000 0.000000 94.000000 62.000000
4.1100 27.7100 57.9600 0.000000 0.000000 94.000000 62.000000
4.1200 27.8200 58.1000 0.000000 0.000000 94.000000 62.000000
4.1300 27.9200 58.2800 0.000000 0.000000 94.000000 63.000000
4.1400 28.0200 58.4600 0.000000 0.000000 94.000000 63.000000
4.1500 28.0200 58.4600 214.000000 1.000000 94.000000 64.000000
4.1600 28.0200 58.7800 297.000000 0.000000 94.000000 64.000000
4.1700 28.0200 58.9200 359.000000 0.000000 94.000000 65.000000
4.1800 27.9100 59.0500 463.000000 0.000000 96.000000 65.000000
4.1900 27.8100 59.1700 548.000000 0.000000 97.000000 66.000000
4.2000 27.6200 59.2300 628.000000 0.000000 97.000000 66.000000
4.2100 27.3600 59.2300 700.000000 0.000000 97.000000 66.000000
4.2200 27.0600 59.1300 761.000000 0.000000 97.000000 66.000000
4.2300 26.6300 58.8400 820.000000 0.000000 99.000000 66.000000
4.2400 26.3400 58.4100 875.000000 0.000000 96.000000 65.000000
4.2500 26.1300 57.9500 915.000000 0.000000 96.000000 65.000000
4.2600 26.0400 57.4800 937.000000 0.000000 96.000000 65.000000
4.2700 26.0400 57.0400 946.000000 0.000000 94.000000 65.000000
4.2800 26.0900 56.7400 941.000000 0.000000 94.000000 65.000000
4.2900 26.2400 56.5100 950.000000 0.000000 92.000000 66.000000
4.3000 26.5100 56.4200 914.000000 0.000000 92.000000 66.000000
4.3100 26.7800 56.4200 860.000000 0.000000 90.000000 66.000000
4.3200 27.0600 56.4700 670.000000 0.000000 90.000000 66.000000
4.3300 27.3400 56.6400 115.000000 0.000000 90.000000 65.000000
4.3400 27.3400 56.6400 0.000000 1.000000 90.000000 65.000000
4.3500 27.7200 56.9500 0.000000 0.000000 90.000000 65.000000
4.3600 27.7200 57.0400 0.000000 0.000000 90.000000 64.000000
4.3700 27.7200 57.1300 0.000000 0.000000 90.000000 64.000000
4.3800 27.8500 57.2100 0.000000 0.000000 90.000000 63.000000
4.3900 28.0000 57.2700 0.000000 0.000000 90.000000 63.000000
4.4000 28.1300 57.2700 0.000000 0.000000 92.000000 62.000000
4.4100 28.2400 57.3500 0.000000 0.000000 92.000000 62.000000
4.4200 28.3000 57.3500 0.000000 0.000000 92.000000 62.000000
4.4300 28.3000 57.4500 0.000000 0.000000 94.000000 62.000000
4.4400 28.3000 57.5300 0.000000 0.000000 94.000000 62.000000
4.4500 28.3000 57.6600 0.000000 0.000000 94.000000 62.000000
4.4600 28.3500 57.7800 0.000000 0.000000 94.000000 62.000000
4.4700 28.3500 57.9000 0.000000 0.000000 94.000000 62.000000
4.4800 28.4700 57.9900 0.000000 0.000000 94.000000 62.000000
4.4900 28.5500 58.0500 0.000000 0.000000 94.000000 63.000000
4.5000 28.5500 58.0500 0.000000 0.000000 94.000000 63.000000
4.5100 28.5500 58.0500 0.000000 0.000000 94.000000 63.000000
4.5200 28.5500 58.0500 0.000000 0.000000 94.000000 63.000000
4.5300 28.5500 58.0500 0.000000 0.000000 96.000000 63.000000
4.5400 28.5500 58.0500 0.000000 0.000000 96.000000 63.000000
4.5500 28.5500 58.0500 0.000000 0.000000 96.000000 63.000000
4.5600 28.5500 58.0500 0.000000 0.000000 96.000000 63.000000
4.5700 28.5500 58.0500 0.000000 0.000000 96.000000 63.000000
4.5800 28.5500 58.0500 0.000000 0.000000 96.000000 63.000000
4.5900 28.5500 58.0500 0.000000 0.000000 96.000000 63.000000
4.6000 28.5000 57.8000 0.000000 0.000000 96.000000 63.000000
4.6100 28.5000 57.8000 0.000000 0.000000 96.000000 63.000000
4.6200 28.5500 57.8500 0.000000 0.000000 96.000000 63.000000
4.6300 28.5500 57.9300 0.000000 0.000000 96.000000 63.000000
4.6400 28.6500 58.0700 0.000000 0.000000 96.000000 63.000000
4.6500 28.6500 58.0700 161.000000 1.000000 96.000000 64.000000
4.6600 28.7100 58.3600 214.000000 0.000000 96.000000 64.000000
4.6700 28.6600 58.5200 312.000000 0.000000 96.000000 64.000000
4.6800 28.6000 58.6900 486.000000 0.000000 96.000000 65.000000
4.6900 28.4700 58.7900 569.000000 0.000000 96.000000 65.000000
4.7000 28.2900 58.7900 619.000000 0.000000 96.000000 65.000000
4.7100 27.9800 58.6400 665.000000 0.000000 97.000000 66.000000
4.7200 27.7000 58.3800 727.000000 0.000000 97.000000 66.000000
4.7300 27.4800 57.9400 794.000000 0.000000 97.000000 66.000000
4.7400 27.3200 57.5200 831.000000 0.000000 94.000000 65.000000
4.7500 27.2400 57.1200 869.000000 0.000000 94.000000 65.000000
4.7600 27.2900 56.9200 879.000000 0.000000 94.000000 65.000000
4.7700 27.4300 56.6900 893.000000 0.000000 92.000000 64.000000
4.7800 27.6600 56.6000 900.000000 0.000000 92.000000 64.000000
4.7900 27.8900 56.6000 891.000000 0.000000 90.000000 64.000000
4.8000 28.1100 56.7400 890.000000 0.000000 90.000000 63.000000
4.8100 28.4400 56.9700 866.000000 0.000000 90.000000 63.000000
4.8200 28.7300 57.2800 863.000000 0.000000 90.000000 63.000000
4.8300 28.8500 57.5600 855.000000 0.000000 90.000000 63.000000
4.8400 28.8500 57.8300 853.000000 0.000000 90.000000 63.000000
4.8500 28.8500 58.0700 860.000000 0.000000 90.000000 63.000000
4.8600 28.7600 58.1500 864.000000 0.000000 90.000000 64.000000
4.8700 28.7600 58.1500 870.000000 0.000000 92.000000 64.000000
4.8800 28.6600 58.0300 876.000000 0.000000 92.000000 64.000000
4.8900 28.6600 58.0300 897.000000 0.000000 92.000000 64.000000
4.9000 28.5900 57.6500 903.000000 0.000000 94.000000 64.000000
4.9100 28.5300 57.3900 909.000000 0.000000 94.000000 64.000000
4.9200 28.6100 57.1700 900.000000 0.000000 92.000000 64.000000
4.9300 28.7000 57.0400 882.000000 0.000000 92.000000 64.000000
4.9400 28.8300 56.9800 869.000000 0.000000 92.000000 64.000000
4.9500 29.0000 56.9800 828.000000 0.000000 90.000000 64.000000
4.9600 29.2100 57.0500 780.000000 0.000000 90.000000 64.000000
4.9700 29.3800 57.1700 734.000000 0.000000 90.000000 63.000000
4.9800 29.5200 57.2500 725.000000 0.000000 90.000000 63.000000
4.9900 29.6200 57.3300 722.000000 0.000000 90.000000 63.000000
5.0000 29.6200 57.4100 717.000000 0.000000 90.000000 64.000000
5.0100 29.4900 57.5000 727.000000 0.000000 90.000000 64.000000
5.0200 29.3800 57.5800 725.000000 0.000000 90.000000 64.000000
5.0300 29.2700 57.5800 730.000000 0.000000 90.000000 64.000000
5.0400 29.1900 57.5800 722.000000 0.000000 92.000000 64.000000
5.0500 29.0700 57.5200 740.000000 0.000000 92.000000 64.000000
5.0600 28.9200 57.4100 760.000000 0.000000 92.000000 64.000000
5.0700 28.9200 57.2800 763.000000 0.000000 92.000000 64.000000
5.0800 28.9200 57.1500 758.000000 0.000000 92.000000 64.000000
5.0900 29.0500 57.0100 720.000000 0.000000 92.000000 64.000000
5.1000 29.2400 56.9500 646.000000 0.000000 92.000000 64.000000
5.1100 29.5100 56.9500 453.000000 0.000000 90.000000 64.000000
5.1200 29.8100 56.9500 149.000000 0.000000 90.000000 64.000000
5.1300 29.8100 56.9500 0.000000 1.000000 90.000000 64.000000
5.1400 30.3100 57.2200 0.000000 0.000000 90.000000 64.000000
5.1500 30.4700 57.3100 0.000000 0.000000 90.000000 64.000000
5.1600 30.4700 57.4200 0.000000 0.000000 90.000000 64.000000
5.1700 30.4700 57.5300 0.000000 0.000000 90.000000 64.000000
5.1800 30.4700 57.5300 205.000000 1.000000 90.000000 64.000000
5.1900 30.4700 57.5300 337.000000 0.000000 90.000000 63.000000
5.2000 30.4700 57.5300 394.000000 0.000000 92.000000 63.000000
5.2100 30.4700 57.5300 448.000000 0.000000 92.000000 63.000000
5.2200 30.4700 57.5300 473.000000 0.000000 92.000000 64.000000
5.2300 30.2500 57.1900 481.000000 0.000000 92.000000 64.000000
5.2400 30.3400 57.0400 458.000000 0.000000 92.000000 64.000000
5.2500 30.3900 56.9600 315.000000 0.000000 92.000000 64.000000
5.2600 30.4500 56.9600 17.000000 0.000000 92.000000 64.000000
5.2700 30.4500 56.9600 0.000000 1.000000 92.000000 64.000000
5.2800 30.4000 57.0700 0.000000 0.000000 92.000000 64.000000
5.2900 30.3400 57.2200 0.000000 0.000000 92.000000 64.000000
5.3000 30.2700 57.4400 0.000000 0.000000 92.000000 64.000000
5.3100 30.2200 57.7000 0.000000 0.000000 92.000000 63.000000
5.3200 30.2200 58.0000 0.000000 0.000000 92.000000 63.000000
5.3300 30.2200 58.3200 0.000000 0.000000 92.000000 63.000000
5.3400 30.2900 58.5700 0.000000 0.000000 94.000000 63.000000
5.3500 30.2900 58.5700 450.000000 1.000000 94.000000 64.000000
5.3600 30.2900 58.5700 610.000000 0.000000 96.000000 64.000000
5.3700 30.2700 58.9000 644.000000 0.000000 96.000000 64.000000
5.3800 30.3200 58.9500 653.000000 0.000000 96.000000 65.000000
5.3900 30.3200 58.9500 653.000000 0.000000 99.000000 65.000000
5.4000 30.3200 58.9500 591.000000 0.000000 99.000000 66.000000
5.4100 30.3700 58.9500 438.000000 0.000000 99.000000 66.000000
5.4200 30.4400 58.9500 136.000000 0.000000 99.000000 66.000000
5.4300 30.4400 58.9500 0.000000 1.000000 99.000000 66.000000
5.4400 30.7900 58.8100 0.000000 0.000000 99.000000 66.000000
5.4500 30.7900 58.8100 0.000000 0.000000 99.000000 66.000000
5.4600 31.1500 58.7500 0.000000 0.000000 99.000000 66.000000
5.4700 31.3300 58.7500 0.000000 0.000000 99.000000 66.000000
5.4800 31.5200 58.6500 0.000000 0.000000 99.000000 66.000000
5.4900 31.6200 58.5700 0.000000 0.000000 99.000000 66.000000
5.5000 31.6700 58.4300 0.000000 0.000000 99.000000 66.000000
5.5100 31.6700 58.4300 249.000000 1.000000 99.000000 65.000000
5.5200 31.5200 58.0300 358.000000 0.000000 99.000000 65.000000
5.5300 31.3300 57.8100 422.000000 0.000000 96.000000 65.000000
5.5400 31.2700 57.5700 522.000000 0.000000 96.000000 65.000000
5.5500 31.2700 57.2900 595.000000 0.000000 96.000000 65.000000
5.5600 31.3400 57.0600 624.000000 0.000000 94.000000 65.000000
5.5700 31.4800 56.8600 644.000000 0.000000 94.000000 64.000000
5.5800 31.8100 56.7000 641.000000 0.000000 94.000000 64.000000
5.5900 32.2400 56.7000 641.000000 0.000000 92.000000 64.000000
5.6000 32.7200 56.7700 643.000000 0.000000 92.000000 64.000000
5.6100 33.1800 57.0200 647.000000 0.000000 92.000000 63.000000
5.6200 33.3900 57.3100 636.000000 0.000000 92.000000 63.000000
5.6300 33.4500 57.6200 656.000000 0.000000 92.000000 63.000000
5.6400 33.3300 58.0100 702.000000 0.000000 92.000000 64.000000
5.6500 33.0400 58.4000 749.000000 0.000000 94.000000 64.000000
5.6600 32.6400 58.8000 817.000000 0.000000 94.000000 64.000000
5.6700 32.0900 58.9400 855.000000 0.000000 96.000000 65.000000
5.6800 31.5800 59.0500 869.000000 0.000000 96.000000 65.000000
5.6900 31.1000 59.1300 870.000000 0.000000 99.000000 66.000000
5.7000 30.9400 59.2100 873.000000 0.000000 99.000000 66.000000
5.7100 31.0400 59.3300 872.000000 0.000000 99.000000 66.000000
5.7200 31.3100 59.4700 875.000000 0.000000 101.000000 66.000000
5.7300 31.7600 59.7200 879.000000 0.000000 102.000000 67.000000
5.7400 32.3300 59.9700 882.000000 0.000000 102.000000 67.000000
5.7500 32.9700 60.2200 881.000000 0.000000 104.000000 66.000000
5.7600 33.3600 60.3500 867.000000 0.000000 104.000000 66.000000
5.7700 33.4900 60.3500 817.000000 0.000000 104.000000 66.000000
5.7800 33.4900 60.3500 669.000000 0.000000 104.000000 66.000000
5.7900 33.4200 60.2900 36.000000 0.000000 106.000000 66.000000
5.8000 33.4200 60.2900 0.000000 1.000000 106.000000 66.000000
5.8100 32.9700 60.0800 0.000000 0.000000 106.000000 66.000000
5.8200 32.7700 59.9600 0.000000 0.000000 106.000000 66.000000
5.8300 32.7700 59.8700 0.000000 0.000000 106.000000 66.000000
5.8400 32.7700 59.7800 0.000000 0.000000 104.000000 66.000000
5.8500 32.9700 59.6300 0.000000 0.000000 103.000000 65.000000
5.8600 33.1700 59.4500 0.000000 0.000000 103.000000 65.000000
5.8700 33.3700 59.2200 0.000000 0.000000 101.000000 66.000000
5.8800 33.5500 59.0000 0.000000 0.000000 99.000000 65.000000
5.8900 33.6100 58.8300 0.000000 0.000000 99.000000 65.000000
5.9000 33.6100 58.6800 0.000000 0.000000 96.000000 65.000000
5.9100 33.6100 58.6100 0.000000 0.000000 97.000000 66.000000
5.9200 33.6100 58.5200 0.000000 0.000000 97.000000 66.000000
5.9300 33.6100 58.3700 0.000000 0.000000 97.000000 66.000000
5.9400 33.6100 58.3700 262.000000 1.000000 97.000000 66.000000
5.9500 33.4100 57.8400 463.000000 0.000000 97.000000 66.000000
5.9600 33.3000 57.5500 521.000000 0.000000 97.000000 66.000000
5.9700 33.3000 57.2800 588.000000 0.000000 96.000000 65.000000
5.9800 33.3000 57.1000 662.000000 0.000000 96.000000 65.000000
5.9900 33.3700 57.0000 696.000000 0.000000 96.000000 65.000000
6.0000 33.3700 57.0000 733.000000 0.000000 94.000000 64.000000
6.0100 33.3700 57.0000 773.000000 0.000000 94.000000 64.000000
6.0200 33.4500 57.0800 783.000000 0.000000 94.000000 64.000000
6.0300 33.5000 57.2700 790.000000 0.000000 94.000000 65.000000
6.0400 33.6500 57.5500 788.000000 0.000000 94.000000 65.000000
6.0500 33.8400 57.8900 794.000000 0.000000 94.000000 65.000000
6.0600 34.0300 57.9600 834.000000 0.000000 94.000000 66.000000
6.0700 34.1600 57.9600 837.000000 0.000000 94.000000 66.000000
6.0800 34.2500 57.8800 828.000000 0.000000 97.000000 67.000000
6.0900 34.4000 57.6800 788.000000 0.000000 97.000000 67.000000
6.1000 34.5700 57.4700 611.000000 0.000000 97.000000 67.000000
6.1100 34.7700 57.3300 149.000000 0.000000 99.000000 67.000000
6.1200 34.7700 57.3300 0.000000 1.000000 97.000000 67.000000
6.1300 35.2200 57.2400 0.000000 0.000000 97.000000 67.000000
6.1400 35.3400 57.2400 0.000000 0.000000 97.000000 68.000000
6.1500 35.5900 57.3600 0.000000 0.000000 97.000000 68.000000
6.1600 35.8900 57.3600 0.000000 0.000000 100.000000 68.000000
6.1700 36.2900 57.4500 0.000000 0.000000 100.000000 69.000000
6.1800 36.7400 57.5000 0.000000 0.000000 103.000000 69.000000
6.1900 37.2100 57.5000 0.000000 0.000000 105.000000 67.000000
6.2000 37.6500 57.5800 0.000000 0.000000 107.000000 67.000000
6.2100 37.9300 57.5800 0.000000 0.000000 108.000000 65.000000
6.2200 38.1100 57.5800 0.000000 0.000000 109.000000 64.000000
6.2300 38.1100 57.6300 0.000000 0.000000 110.000000 63.000000
6.2400 38.0100 57.6300 0.000000 0.000000 111.000000 61.000000
6.2500 37.8600 57.6900 0.000000 0.000000 109.000000 60.000000
6.2600 37.6700 57.6900 0.000000 0.000000 110.000000 58.000000
6.2700 37.4800 57.6900 0.000000 0.000000 109.000000 57.000000
6.2800 37.2900 57.6900 0.000000 0.000000 109.000000 57.000000
6.2900 37.1700 57.7800 0.000000 0.000000 109.000000 57.000000
6.3000 37.0400 57.8900 0.000000 0.000000 108.000000 58.000000
6.3100 36.9100 58.0400 0.000000 0.000000 109.000000 59.000000
6.3200 36.8100 58.2400 0.000000 0.000000 109.000000 60.000000
6.3300 36.7400 58.4100 0.000000 0.000000 108.000000 61.000000
6.3400 36.6900 58.5600 0.000000 0.000000 108.000000 63.000000
6.3500 36.6400 58.5600 0.000000 0.000000 108.000000 65.000000
6.3600 36.6400 58.5600 0.000000 0.000000 106.000000 66.000000
6.3700 36.6400 58.5600 0.000000 0.000000 105.000000 68.000000
6.3800 36.5800 58.5600 0.000000 0.000000 104.000000 70.000000
6.3900 36.4900 58.7200 0.000000 0.000000 105.000000 71.000000
6.4000 36.3500 58.9100 0.000000 0.000000 102.000000 72.000000
6.4100 36.1800 59.1400 0.000000 0.000000 103.000000 73.000000
6.4200 36.0100 59.5000 0.000000 0.000000 102.000000 72.000000
6.4300 35.8700 59.9700 0.000000 0.000000 102.000000 72.000000
6.4400 35.7600 60.5200 0.000000 0.000000 105.000000 71.000000
6.4500 35.6900 61.1600 0.000000 0.000000 105.000000 71.000000
6.4600 35.6300 61.7700 0.000000 0.000000 108.000000 71.000000
6.4700 35.5700 62.3200 0.000000 0.000000 107.000000 70.000000
6.4800 35.5000 62.8300 0.000000 0.000000 110.000000 70.000000
6.4900 35.4300 63.2600 0.000000 0.000000 112.000000 70.000000
6.5000 35.4300 63.2600 628.000000 1.000000 114.000000 68.000000
6.5100 34.8600 63.9000 725.000000 0.000000 114.000000 68.000000
6.5200 34.5300 64.1500 794.000000 0.000000 112.000000 67.000000
6.5300 34.4700 64.1500 843.000000 0.000000 114.000000 66.000000
6.5400 34.5800 63.9300 950.000000 0.000000 114.000000 66.000000
6.5500 34.7300 62.9800 1023.000000 0.000000 114.000000 66.000000
6.5600 34.9300 61.7600 1023.000000 0.000000 113.000000 65.000000
6.5700 35.2100 60.3500 1023.000000 0.000000 110.000000 66.000000
6.5800 35.5500 59.1500 1023.000000 0.000000 111.000000 67.000000
6.5900 35.9100 58.1700 1023.000000 0.000000 111.000000 67.000000
6.6000 36.1800 57.3300 1023.000000 0.000000 109.000000 67.000000
6.6100 36.3700 56.9600 1023.000000 0.000000 107.000000 67.000000
6.6200 36.4500 56.8100 1023.000000 0.000000 105.000000 67.000000
6.6300 36.4500 56.8100 1023.000000 0.000000 103.000000 69.000000
6.6400 36.4500 56.8100 1023.000000 0.000000 100.000000 69.000000
6.6500 36.5100 57.1400 1023.000000 0.000000 98.000000 69.000000
6.6600 36.7100 57.5900 1023.000000 0.000000 98.000000 69.000000
6.6700 37.0300 58.5200 1023.000000 0.000000 98.000000 69.000000
6.6800 37.2400 59.3800 1023.000000 0.000000 98.000000 69.000000
6.6900 37.4800 60.2000 1023.000000 0.000000 97.000000 68.000000
6.7000 37.5500 60.4800 1023.000000 0.000000 100.000000 68.000000
6.7100 37.4900 60.5400 1023.000000 0.000000 102.000000 67.000000
6.7200 37.4900 60.4500 1023.000000 0.000000 103.000000 65.000000
6.7300 37.4900 60.4000 1023.000000 0.000000 105.000000 65.000000
6.7400 37.4900 60.2100 878.000000 0.000000 105.000000 64.000000
6.7500 37.4400 59.9400 364.000000 0.000000 107.000000 64.000000
6.7600 37.4400 59.9400 0.000000 1.000000 107.000000 64.000000
6.7700 37.6400 59.8300 0.000000 0.000000 107.000000 64.000000
6.7800 37.7100 59.8300 0.000000 0.000000 107.000000 64.000000
6.7900 37.7100 59.8300 0.000000 0.000000 107.000000 64.000000
6.8000 37.7100 59.8300 0.000000 0.000000 105.000000 64.000000
6.8100 37.9700 59.5800 0.000000 0.000000 105.000000 64.000000
6.8200 38.0300 59.4100 0.000000 0.000000 105.000000 64.000000
6.8300 38.0300 59.2300 0.000000 0.000000 102.000000 63.000000
6.8400 38.1500 59.1300 0.000000 0.000000 102.000000 63.000000
6.8500 38.2200 59.0700 0.000000 0.000000 100.000000 63.000000
6.8600 38.2200 59.0700 0.000000 0.000000 100.000000 63.000000
6.8700 38.2200 59.0700 0.000000 0.000000 100.000000 63.000000
6.8800 38.2200 59.0700 0.000000 0.000000 100.000000 63.000000
6.8900 38.2200 59.0700 0.000000 0.000000 100.000000 63.000000
6.9000 38.2200 59.1800 0.000000 0.000000 100.000000 64.000000
6.9100 38.1400 59.3000 0.000000 0.000000 100.000000 64.000000
6.9200 38.1400 59.3000 212.000000 1.000000 101.000000 65.000000
6.9300 38.0100 59.6100 492.000000 0.000000 103.000000 64.000000
6.9400 37.9400 59.7400 567.000000 0.000000 103.000000 65.000000
6.9500 37.8800 59.8000 678.000000 0.000000 105.000000 65.000000
6.9600 37.8800 59.8000 753.000000 0.000000 106.000000 66.000000
6.9700 37.9500 59.6300 826.000000 0.000000 106.000000 66.000000
6.9800 38.0300 59.4200 863.000000 0.000000 109.000000 67.000000
6.9900 38.1900 59.1200 905.000000 0.000000 109.000000 67.000000
7.0000 38.4100 58.7600 932.000000 0.000000 109.000000 67.000000
7.0100 38.6100 58.5000 944.000000 0.000000 107.000000 67.000000
7.0200 38.7000 58.3300 941.000000 0.000000 106.000000 66.000000
7.0300 38.7000 58.2200 968.000000 0.000000 106.000000 66.000000
7.0400 38.7000 58.2200 978.000000 0.000000 104.000000 66.000000
7.0500 38.6200 58.2200 980.000000 0.000000 104.000000 66.000000
7.0600 38.4800 58.1300 978.000000 0.000000 104.000000 66.000000
7.0700 38.2000 58.0200 978.000000 0.000000 103.000000 65.000000
7.0800 37.9500 57.8700 988.000000 0.000000 101.000000 66.000000
7.0900 37.7500 57.7000 1012.000000 0.000000 101.000000 65.000000
7.1000 37.6900 57.4800 1020.000000 0.000000 101.000000 65.000000
7.1100 37.6900 57.3100 1018.000000 0.000000 100.000000 64.000000
7.1200 37.8200 57.1800 985.000000 0.000000 98.000000 64.000000
7.1300 37.9500 57.0900 951.000000 0.000000 98.000000 64.000000
7.1400 38.1200 57.0900 829.000000 0.000000 98.000000 63.000000
7.1500 38.4400 57.2700 589.000000 0.000000 98.000000 64.000000
7.1600 38.8500 57.5400 237.000000 0.000000 98.000000 64.000000
7.1700 38.8500 57.5400 0.000000 1.000000 98.000000 64.000000
7.1800 39.2900 58.2200 0.000000 0.000000 99.000000 65.000000
7.1900 39.3400 58.7400 0.000000 0.000000 99.000000 66.000000
7.2000 39.3900 59.4200 0.000000 0.000000 101.000000 66.000000
7.2100 39.4500 60.2000 0.000000 0.000000 102.000000 67.000000
7.2200 39.5100 61.0400 0.000000 0.000000 104.000000 66.000000
7.2300 39.5100 61.0400 149.000000 1.000000 106.000000 66.000000
7.2400 39.5900 62.3400 361.000000 0.000000 108.000000 66.000000
7.2500 39.4900 62.6200 509.000000 0.000000 108.000000 66.000000
7.2600 39.4400 62.7100 638.000000 0.000000 110.000000 66.000000
7.2700 39.3800 62.5500 751.000000 0.000000 110.000000 66.000000
7.2800 39.3100 62.2300 854.000000 0.000000 111.000000 67.000000
7.2900 39.2100 61.5400 964.000000 0.000000 114.000000 66.000000
7.3000 39.1100 60.6600 1023.000000 0.000000 114.000000 66.000000
7.3100 38.9900 59.6600 1023.000000 0.000000 111.000000 67.000000
7.3200 38.8900 58.7800 1023.000000 0.000000 111.000000 67.000000
7.3300 38.8900 57.9000 1023.000000 0.000000 110.000000 66.000000
7.3400 38.8900 57.3500 1023.000000 0.000000 108.000000 66.000000
7.3500 38.9600 57.0300 1023.000000 0.000000 106.000000 66.000000
7.3600 39.0400 56.8900 1023.000000 0.000000 103.000000 65.000000
7.3700 39.0400 56.8900 908.000000 0.000000 101.000000 66.000000
7.3800 39.1000 56.8900 693.000000 0.000000 99.000000 66.000000
7.3900 39.2300 57.1100 125.000000 0.000000 96.000000 65.000000
7.4000 39.2300 57.1100 0.000000 1.000000 96.000000 65.000000
7.4100 39.4700 57.5100 0.000000 0.000000 96.000000 65.000000
7.4200 39.4700 57.6400 0.000000 0.000000 96.000000 65.000000
7.4300 39.3900 57.7500 0.000000 0.000000 96.000000 65.000000
7.4400 39.3900 57.9200 0.000000 0.000000 99.000000 65.000000
7.4500 39.4500 58.1400 0.000000 0.000000 99.000000 65.000000
7.4600 39.5100 58.4400 0.000000 0.000000 101.000000 65.000000
7.4700 39.6100 58.7200 0.000000 0.000000 101.000000 66.000000
7.4800 39.6100 58.7200 317.000000 1.000000 103.000000 65.000000
7.4900 39.7200 59.1900 453.000000 0.000000 103.000000 65.000000
7.5000 39.7200 59.3200 570.000000 0.000000 105.000000 65.000000
7.5100 39.7900 59.3200 700.000000 0.000000 106.000000 66.000000
7.5200 39.8600 59.1600 797.000000 0.000000 106.000000 66.000000
7.5300 40.0000 58.8400 864.000000 0.000000 108.000000 66.000000
7.5400 40.1900 58.4000 902.000000 0.000000 108.000000 66.000000
7.5500 40.4000 58.0200 933.000000 0.000000 106.000000 66.000000
7.5600 40.6000 57.7400 967.000000 0.000000 106.000000 66.000000
7.5700 40.7800 57.5100 982.000000 0.000000 106.000000 66.000000
7.5800 40.8600 57.5100 1023.000000 0.000000 104.000000 66.000000
7.5900 40.8600 57.5100 1023.000000 0.000000 104.000000 66.000000
7.6000 40.9300 57.5600 1023.000000 0.000000 102.000000 67.000000
7.6100 40.9300 57.6700 1023.000000 0.000000 101.000000 66.000000
7.6200 40.9300 58.0200 1023.000000 0.000000 101.000000 66.000000
7.6300 41.0300 58.5200 1023.000000 0.000000 101.000000 66.000000
7.6400 41.1000 58.9100 1023.000000 0.000000 101.000000 66.000000
7.6500 41.1600 59.2500 1023.000000 0.000000 104.000000 66.000000
7.6600 41.1600 59.4000 988.000000 0.000000 104.000000 66.000000
7.6700 41.2300 59.4500 908.000000 0.000000 106.000000 66.000000
7.6800 41.2300 59.4500 693.000000 0.000000 106.000000 66.000000
7.6900 41.2300 59.4500 144.000000 0.000000 106.000000 66.000000
7.7000 41.2300 59.4500 0.000000 1.000000 108.000000 66.000000
7.7100 41.2300 59.1900 0.000000 0.000000 108.000000 66.000000
7.7200 41.1700 59.0200 0.000000 0.000000 108.000000 66.000000
7.7300 41.1700 58.9100 0.000000 0.000000 108.000000 66.000000
7.7400 41.3200 58.8200 0.000000 0.000000 106.000000 66.000000
7.7500 41.4300 58.7400 0.000000 0.000000 106.000000 66.000000
7.7600 41.4300 58.6100 0.000000 0.000000 106.000000 66.000000
7.7700 41.4300 58.4800 0.000000 0.000000 103.000000 65.000000
7.7800 41.4300 58.3700 0.000000 0.000000 103.000000 65.000000
7.7900 41.4300 58.3700 0.000000 0.000000 103.000000 65.000000
7.8000 41.4300 58.3700 232.000000 1.000000 103.000000 65.000000
7.8100 41.4400 58.2800 287.000000 0.000000 103.000000 65.000000
7.8200 41.5100 58.3800 377.000000 0.000000 103.000000 65.000000
7.8300 41.6400 58.5400 504.000000 0.000000 103.000000 65.000000
7.8400 41.8100 58.7000 586.000000 0.000000 103.000000 65.000000
7.8500 41.9800 58.9100 664.000000 0.000000 104.000000 66.000000
7.8600 42.0600 59.1600 716.000000 0.000000 104.000000 66.000000
7.8700 42.0600 59.2900 787.000000 0.000000 106.000000 66.000000
7.8800 42.0600 59.3700 797.000000 0.000000 106.000000 66.000000
7.8900 41.8000 59.3700 805.000000 0.000000 106.000000 66.000000
7.9000 41.4500 59.1400 866.000000 0.000000 108.000000 66.000000
7.9100 41.0300 58.7700 917.000000 0.000000 108.000000 66.000000
7.9200 40.8200 58.4100 918.000000 0.000000 108.000000 66.000000
7.9300 40.7500 58.0000 930.000000 0.000000 106.000000 66.000000
7.9400 40.6800 57.5300 915.000000 0.000000 106.000000 66.000000
7.9500 40.6300 57.2200 891.000000 0.000000 105.000000 65.000000
7.9600 40.8000 57.0200 817.000000 0.000000 103.000000 65.000000
7.9700 41.1100 56.9400 685.000000 0.000000 103.000000 65.000000
7.9800 41.5200 56.9900 396.000000 0.000000 101.000000 66.000000
7.9900 41.5200 56.9900 0.000000 1.000000 101.000000 66.000000
8.0000 42.3200 57.2900 0.000000 0.000000 99.000000 65.000000
8.0100 42.5300 57.4500 0.000000 0.000000 99.000000 65.000000
8.0200 42.6500 57.6000 0.000000 0.000000 99.000000 65.000000
8.0300 42.6500 57.6000 0.000000 0.000000 99.000000 65.000000
8.0400 42.6500 57.6000 427.000000 1.000000 99.000000 65.000000
8.0500 42.3000 57.5400 491.000000 0.000000 101.000000 65.000000
8.0600 42.2500 57.4700 554.000000 0.000000 101.000000 65.000000
8.0700 42.2500 57.4700 636.000000 0.000000 101.000000 65.000000
8.0800 42.1800 57.4200 702.000000 0.000000 103.000000 64.000000
8.0900 42.1800 57.4200 754.000000 0.000000 103.000000 64.000000
8.1000 42.1800 57.4200 833.000000 0.000000 103.000000 64.000000
8.1100 42.1800 57.4200 882.000000 0.000000 103.000000 64.000000
8.1200 42.1800 57.4200 908.000000 0.000000 103.000000 64.000000
8.1300 42.1800 57.7300 906.000000 0.000000 103.000000 64.000000
8.1400 42.1800 57.9500 902.000000 0.000000 103.000000 64.000000
8.1500 42.1800 58.2000 854.000000 0.000000 103.000000 64.000000
8.1600 42.1800 58.4800 805.000000 0.000000 103.000000 64.000000
8.1700 42.1800 58.6900 653.000000 0.000000 103.000000 65.000000
8.1800 42.2300 58.8000 363.000000 0.000000 103.000000 65.000000
8.1900 42.2300 58.8000 0.000000 1.000000 105.000000 65.000000
8.2000 42.5400 58.9400 0.000000 0.000000 105.000000 65.000000
8.2100 42.7500 58.9400 0.000000 0.000000 105.000000 65.000000
8.2200 42.9700 59.0700 0.000000 0.000000 108.000000 66.000000
8.2300 43.2400 59.1900 0.000000 0.000000 108.000000 66.000000
8.2400 43.5500 59.1900 0.000000 0.000000 108.000000 66.000000
8.2500 43.5500 59.1900 241.000000 1.000000 108.000000 66.000000
8.2600 43.5500 59.1900 477.000000 0.000000 108.000000 66.000000
8.2700 43.5500 59.1900 502.000000 0.000000 108.000000 66.000000
8.2800 43.5500 59.1900 584.000000 0.000000 108.000000 66.000000
8.2900 43.2100 58.9800 603.000000 0.000000 108.000000 65.000000
8.3000 43.0600 58.8600 610.000000 0.000000 108.000000 65.000000
8.3100 42.9300 58.7200 619.000000 0.000000 108.000000 65.000000
8.3200 42.9300 58.5900 622.000000 0.000000 108.000000 65.000000
8.3300 42.9300 58.5100 638.000000 0.000000 108.000000 65.000000
8.3400 43.0100 58.4600 637.000000 0.000000 108.000000 65.000000
8.3500 43.1300 58.5500 647.000000 0.000000 108.000000 65.000000
8.3600 43.1300 58.5500 638.000000 0.000000 108.000000 65.000000
8.3700 43.6400 59.0200 611.000000 0.000000 108.000000 65.000000
8.3800 43.9000 59.3500 599.000000 0.000000 108.000000 65.000000
8.3900 44.1100 59.7200 602.000000 0.000000 108.000000 65.000000
8.4000 44.2700 60.1200 602.000000 0.000000 108.000000 66.000000
8.4100 44.3900 60.6500 606.000000 0.000000 110.000000 66.000000
8.4200 44.3900 61.3000 605.000000 0.000000 110.000000 66.000000
8.4300 44.3100 62.0200 624.000000 0.000000 113.000000 65.000000
8.4400 44.2100 62.5300 650.000000 0.000000 113.000000 65.000000
8.4500 44.1400 62.6600 700.000000 0.000000 115.000000 65.000000
8.4600 43.9600 62.5400 797.000000 0.000000 115.000000 65.000000
8.4700 43.7000 61.8800 932.000000 0.000000 116.000000 66.000000
8.4800 43.4800 61.0400 997.000000 0.000000 118.000000 65.000000
8.4900 43.2600 60.0900 1023.000000 0.000000 118.000000 65.000000
8.5000 43.1000 59.1500 1023.000000 0.000000 116.000000 66.000000
8.5100 43.0500 58.4700 1023.000000 0.000000 116.000000 66.000000
8.5200 43.1400 57.9600 1023.000000 0.000000 114.000000 66.000000
8.5300 43.3100 57.5600 1023.000000 0.000000 111.000000 67.000000
8.5400 43.5300 57.4000 1023.000000 0.000000 109.000000 67.000000
8.5500 43.7900 57.4000 1023.000000 0.000000 109.000000 67.000000
8.5600 44.1400 57.5600 1017.000000 0.000000 107.000000 67.000000
8.5700 44.5600 57.7300 995.000000 0.000000 107.000000 67.000000
8.5800 44.8800 57.9100 991.000000 0.000000 105.000000 67.000000
8.5900 45.1300 58.0200 992.000000 0.000000 105.000000 67.000000
8.6000 45.3000 58.1000 981.000000 0.000000 105.000000 67.000000
8.6100 45.3000 58.1000 1023.000000 0.000000 106.000000 66.000000
8.6200 45.3000 58.1500 1023.000000 0.000000 106.000000 66.000000
8.6300 45.3000 58.1500 1023.000000 0.000000 106.000000 66.000000
8.6400 45.3000 58.1500 1023.000000 0.000000 106.000000 66.000000
8.6500 45.2400 58.1500 1023.000000 0.000000 108.000000 66.000000
8.6600 45.2400 58.2100 1023.000000 0.000000 109.000000 67.000000
8.6700 45.2400 58.2100 1023.000000 0.000000 109.000000 67.000000
8.6800 45.2400 58.2100 1023.000000 0.000000 109.000000 67.000000
8.6900 45.2400 58.2100 1023.000000 0.000000 110.000000 68.000000
8.7000 45.2400 58.2100 1023.000000 0.000000 110.000000 68.000000
8.7100 45.2400 58.2100 1023.000000 0.000000 110.000000 68.000000
8.7200 45.2400 58.2100 1023.000000 0.000000 109.000000 69.000000
8.7300 45.2400 58.1500 1023.000000 0.000000 109.000000 69.000000
8.7400 45.1700 58.1500 1018.000000 0.000000 109.000000 69.000000
8.7500 45.1200 58.1500 994.000000 0.000000 109.000000 69.000000
8.7600 45.1200 58.2100 958.000000 0.000000 109.000000 69.000000
8.7700 45.0300 58.3100 936.000000 0.000000 109.000000 69.000000
8.7800 44.9600 58.4400 906.000000 0.000000 111.000000 69.000000
8.7900 44.9000 58.6800 899.000000 0.000000 111.000000 69.000000
8.8000 44.8300 58.8800 900.000000 0.000000 111.000000 69.000000
8.8100 44.7600 58.9800 912.000000 0.000000 111.000000 69.000000
8.8200 44.6400 58.9800 939.000000 0.000000 111.000000 69.000000
8.8300 44.4900 58.8700 946.000000 0.000000 114.000000 68.000000
8.8400 44.2500 58.6300 965.000000 0.000000 114.000000 68.000000
8.8500 44.0300 58.3000 988.000000 0.000000 111.000000 69.000000
8.8600 43.8200 57.9200 1023.000000 0.000000 111.000000 69.000000
8.8700 43.7500 57.5800 1023.000000 0.000000 111.000000 69.000000
8.8800 43.8400 57.2800 1023.000000 0.000000 109.000000 69.000000
8.8900 44.0300 57.0100 1023.000000 0.000000 108.000000 68.000000
8.9000 44.3200 56.9300 991.000000 0.000000 105.000000 68.000000
8.9100 44.6500 56.9900 826.000000 0.000000 105.000000 68.000000
8.9200 45.0700 57.1900 186.000000 0.000000 105.000000 67.000000
8.9300 45.0700 57.1900 0.000000 1.000000 105.000000 67.000000
8.9400 45.7200 57.6300 0.000000 0.000000 105.000000 67.000000
8.9500 45.7200 57.7300 0.000000 0.000000 105.000000 67.000000
8.9600 45.6200 57.7900 0.000000 0.000000 105.000000 68.000000
8.9700 45.4700 57.7900 0.000000 0.000000 108.000000 68.000000
8.9800 45.3300 57.7300 0.000000 0.000000 110.000000 68.000000
8.9900 45.1600 57.6300 0.000000 0.000000 110.000000 68.000000
9.0000 45.0000 57.5200 0.000000 0.000000 112.000000 67.000000
9.0100 44.8400 57.4100 0.000000 0.000000 115.000000 67.000000
9.0200 44.6900 57.3200 0.000000 0.000000 117.000000 67.000000
9.0300 44.6900 57.3200 0.000000 0.000000 119.000000 66.000000
9.0400 44.6400 57.2600 0.000000 0.000000 119.000000 66.000000
9.0500 44.6400 57.2600 0.000000 0.000000 118.000000 65.000000
9.0600 44.6400 57.3300 0.000000 0.000000 120.000000 65.000000
9.0700 44.6400 57.3900 0.000000 0.000000 120.000000 65.000000
9.0800 44.6400 57.5000 0.000000 0.000000 120.000000 65.000000
9.0900 44.7200 57.6400 0.000000 0.000000 120.000000 65.000000
9.1000 44.8300 57.8200 0.000000 0.000000 120.000000 65.000000
9.1100 44.9600 58.0200 0.000000 0.000000 120.000000 65.000000
9.1200 45.0900 58.2400 0.000000 0.000000 121.000000 66.000000
9.1300 45.1900 58.2400 0.000000 0.000000 119.000000 66.000000
9.1400 45.2800 58.2400 0.000000 0.000000 119.000000 66.000000
9.1500 45.3900 58.1900 0.000000 0.000000 119.000000 66.000000
9.1600 45.5000 58.0400 0.000000 0.000000 119.000000 66.000000
9.1700 45.5000 57.8900 0.000000 0.000000 121.000000 66.000000
9.1800 45.5000 57.7600 0.000000 0.000000 119.000000 66.000000
9.1900 45.4300 57.6800 0.000000 0.000000 119.000000 66.000000
9.2000 45.3500 57.6800 0.000000 0.000000 119.000000 66.000000
9.2100 45.1700 57.6200 0.000000 0.000000 119.000000 66.000000
9.2200 44.9200 57.6200 0.000000 0.000000 119.000000 66.000000
9.2300 44.7000 57.6200 0.000000 0.000000 119.000000 66.000000
9.2400 44.4800 57.5300 0.000000 0.000000 119.000000 66.000000
9.2500 44.2800 57.4800 0.000000 0.000000 118.000000 65.000000
9.2600 44.0900 57.4800 0.000000 0.000000 118.000000 65.000000
9.2700 43.9300 57.4800 0.000000 0.000000 116.000000 66.000000
9.2800 43.7900 57.4000 0.000000 0.000000 116.000000 66.000000
9.2900 43.6600 57.3100 0.000000 0.000000 115.000000 65.000000
9.3000 43.5200 57.1800 0.000000 0.000000 113.000000 65.000000
9.3100 43.4200 57.0500 0.000000 0.000000 113.000000 65.000000
9.3200 43.3400 56.9200 0.000000 0.000000 112.000000 64.000000
9.3300 43.3400 56.8400 0.000000 0.000000 112.000000 64.000000
9.3400 43.3400 56.7900 0.000000 0.000000 110.000000 65.000000
9.3500 43.3900 56.7900 0.000000 0.000000 110.000000 65.000000
9.3600 43.5200 56.7900 0.000000 0.000000 110.000000 65.000000
9.3700 43.6700 56.7300 0.000000 0.000000 110.000000 65.000000
9.3800 43.8500 56.6800 0.000000 0.000000 112.000000 64.000000
9.3900 44.0400 56.6100 0.000000 0.000000 112.000000 64.000000
9.4000 44.1600 56.5200 0.000000 0.000000 112.000000 64.000000
9.4100 44.2300 56.3700 0.000000 0.000000 110.000000 66.000000
9.4200 44.0600 56.2300 0.000000 0.000000 110.000000 66.000000
9.4300 43.8900 56.1100 0.000000 0.000000 110.000000 66.000000
9.4400 43.7200 56.0300 0.000000 0.000000 110.000000 66.000000
9.4500 43.6400 55.9700 0.000000 0.000000 108.000000 66.000000
9.4600 43.5600 55.9700 0.000000 0.000000 108.000000 66.000000
9.4700 43.5000 55.9700 0.000000 0.000000 108.000000 66.000000
9.4800 43.4500 55.9100 0.000000 0.000000 108.000000 66.000000
9.4900 43.4500 55.9100 0.000000 0.000000 106.000000 66.000000
9.5000 43.3800 55.9100 0.000000 0.000000 105.000000 65.000000
9.5100 43.3800 55.9100 0.000000 0.000000 105.000000 65.000000
9.5200 43.3800 55.9100 0.000000 0.000000 105.000000 65.000000
9.5300 43.3800 56.0000 0.000000 0.000000 105.000000 65.000000
9.5400 43.3000 56.0600 0.000000 0.000000 105.000000 65.000000
9.5500 43.3000 56.1200 0.000000 0.000000 103.000000 65.000000
9.5600 43.3000 56.1200 0.000000 0.000000 103.000000 65.000000
9.5700 43.2300 56.1700 0.000000 0.000000 103.000000 65.000000
9.5800 43.1600 56.1700 0.000000 0.000000 103.000000 65.000000
9.5900 43.0600 56.0700 0.000000 0.000000 103.000000 65.000000
9.6000 43.0600 56.0700 75.000000 1.000000 103.000000 65.000000
9.6100 42.7300 56.0200 75.000000 0.000000 103.000000 65.000000
9.6200 42.5700 55.9400 70.000000 0.000000 103.000000 65.000000
9.6300 42.4200 55.8900 80.000000 0.000000 103.000000 65.000000
9.6400 42.3000 55.8400 195.000000 0.000000 101.000000 66.000000
9.6500 42.2000 55.7600 371.000000 0.000000 102.000000 67.000000
9.6600 42.1300 55.6200 521.000000 0.000000 102.000000 67.000000
9.6700 42.1300 55.4500 577.000000 0.000000 102.000000 67.000000
9.6800 42.1300 55.3000 603.000000 0.000000 102.000000 67.000000
9.6900 42.1300 55.1700 620.000000 0.000000 102.000000 67.000000
9.7000 42.2200 55.1100 641.000000 0.000000 102.000000 67.000000
9.7100 42.3100 55.1100 697.000000 0.000000 102.000000 67.000000
9.7200 42.4400 55.2000 762.000000 0.000000 102.000000 67.000000
9.7300 42.6400 55.4800 796.000000 0.000000 102.000000 67.000000
9.7400 42.9200 55.8800 827.000000 0.000000 102.000000 67.000000
9.7500 43.3600 56.5300 846.000000 0.000000 102.000000 67.000000
9.7600 43.8900 57.4000 869.000000 0.000000 102.000000 67.000000
9.7700 44.4600 58.4200 878.000000 0.000000 102.000000 68.000000
9.7800 45.0300 59.6700 876.000000 0.000000 102.000000 68.000000
9.7900 45.4400 61.0800 861.000000 0.000000 103.000000 69.000000
9.8000 45.7300 62.6100 864.000000 0.000000 105.000000 68.000000
9.8100 45.7800 64.0700 869.000000 0.000000 109.000000 69.000000
9.8200 45.4800 65.2400 891.000000 0.000000 109.000000 69.000000
9.8300 44.9400 66.2100 893.000000 0.000000 110.000000 70.000000
9.8400 44.0400 66.9000 881.000000 0.000000 112.000000 70.000000
9.8500 42.6600 67.3100 897.000000 0.000000 112.000000 70.000000
9.8600 40.9700 67.5300 917.000000 0.000000 110.000000 70.000000
9.8700 38.9600 67.4000 955.000000 0.000000 110.000000 70.000000
9.8800 36.7900 66.8800 989.000000 0.000000 109.000000 69.000000
9.8900 34.5200 66.1000 1017.000000 0.000000 106.000000 69.000000
9.9000 32.4800 65.0800 1023.000000 0.000000 106.000000 69.000000
9.9100 30.5000 64.0200 1023.000000 0.000000 104.000000 69.000000
9.9200 29.2500 62.8100 1023.000000 0.000000 104.000000 69.000000
9.9300 28.4700 61.5300 1023.000000 0.000000 104.000000 69.000000
9.9400 28.3900 60.4000 999.000000 0.000000 104.000000 69.000000
9.9500 28.9600 59.3400 985.000000 0.000000 101.000000 70.000000
9.9600 29.9500 58.3300 997.000000 0.000000 101.000000 70.000000
9.9700 31.4400 57.3600 1023.000000 0.000000 101.000000 70.000000
9.9800 33.2700 56.3900 1023.000000 0.000000 98.000000 70.000000
9.9900 35.3300 55.6000 1023.000000 0.000000 98.000000 70.000000
10.0000 37.2300 54.9300 1023.000000 0.000000 98.000000 70.000000
10.0100 38.6600 54.3100 1023.000000 0.000000 95.000000 70.000000
10.0200 39.7800 53.8000 1023.000000 0.000000 95.000000 70.000000
10.0300 40.2000 53.3700 1023.000000 0.000000 95.000000 70.000000
10.0400 40.1500 53.0000 1023.000000 0.000000 95.000000 70.000000
10.0500 39.7800 52.6200 1023.000000 0.000000 95.000000 69.000000
10.0600 39.1200 52.3800 1017.000000 0.000000 95.000000 69.000000
10.0700 38.2600 52.2300 1018.000000 0.000000 98.000000 69.000000
10.0800 37.2600 52.1800 1023.000000 0.000000 97.000000 68.000000
10.0900 36.4900 52.2800 1018.000000 0.000000 98.000000 69.000000
10.1000 36.2300 52.4900 994.000000 0.000000 98.000000 69.000000
10.1100 36.3200 52.7600 971.000000 0.000000 95.000000 70.000000
10.1200 36.9100 53.5100 955.000000 0.000000 95.000000 70.000000
10.1300 38.1700 54.5800 944.000000 0.000000 95.000000 70.000000
10.1400 39.8700 55.8300 943.000000 0.000000 95.000000 70.000000
10.1500 41.8300 57.4400 952.000000 0.000000 96.000000 71.000000
10.1600 43.8000 59.3000 958.000000 0.000000 96.000000 71.000000
10.1700 45.3400 61.2000 959.000000 0.000000 96.000000 71.000000
10.1800 46.5900 63.1100 967.000000 0.000000 96.000000 71.000000
10.1900 47.2500 65.1700 991.000000 0.000000 99.000000 71.000000
10.2000 47.0300 67.3200 1023.000000 0.000000 99.000000 72.000000
10.2100 46.2300 69.3500 1023.000000 0.000000 102.000000 72.000000
10.2200 44.4300 70.8100 1023.000000 0.000000 105.000000 71.000000
10.2300 41.6700 71.9000 1023.000000 0.000000 109.000000 72.000000
10.2400 38.2800 72.3800 1023.000000 0.000000 112.000000 72.000000
10.2500 33.9400 72.1800 1023.000000 0.000000 112.000000 72.000000
10.2600 29.1700 71.5200 1023.000000 0.000000 112.000000 72.000000
10.2700 24.1000 70.3400 1023.000000 0.000000 115.000000 71.000000
10.2800 19.4500 68.5700 1023.000000 0.000000 112.000000 72.000000
10.2900 15.5200 66.4100 1023.000000 0.000000 112.000000 72.000000
10.3000 12.0800 64.1000 1023.000000 0.000000 109.000000 72.000000
10.3100 9.6900 61.7900 1023.000000 0.000000 103.000000 73.000000
10.3200 8.8700 59.4700 1023.000000 0.000000 100.000000 73.000000
10.3300 9.1000 57.4300 1023.000000 0.000000 97.000000 73.000000
10.3400 10.8600 55.8000 1023.000000 0.000000 93.000000 73.000000
10.3500 14.0400 54.4500 1023.000000 0.000000 90.000000 73.000000
10.3600 18.1600 53.7300 1023.000000 0.000000 90.000000 73.000000
10.3700 23.4300 53.4900 1023.000000 0.000000 90.000000 74.000000
10.3800 28.7300 53.5600 1023.000000 0.000000 90.000000 74.000000
10.3900 34.0500 53.8400 1023.000000 0.000000 87.000000 74.000000
10.4000 38.3500 53.8400 1023.000000 0.000000 87.000000 74.000000
10.4100 41.1200 53.7700 1023.000000 0.000000 87.000000 74.000000
10.4200 42.8600 53.6300 1023.000000 0.000000 90.000000 74.000000
10.4300 43.4800 53.3700 1023.000000 0.000000 90.000000 73.000000
10.4400 43.3400 53.0400 958.000000 0.000000 90.000000 73.000000
