0.0000 119.1500 31.4200 354.000000 1.000000 188.000000 64.000000
0.0100 121.7900 30.1000 341.000000 0.000000 186.000000 65.000000
0.0200 121.1800 29.6000 349.000000 0.000000 184.000000 66.000000
0.0300 119.7500 29.0600 377.000000 0.000000 185.000000 67.000000
0.0400 117.3200 28.0700 423.000000 0.000000 187.000000 68.000000
0.0500 113.8100 27.0600 473.000000 0.000000 187.000000 68.000000
0.0600 109.5800 26.1800 567.000000 0.000000 190.000000 69.000000
0.0700 104.6500 25.4100 644.000000 0.000000 193.000000 69.000000
0.0800 99.3200 24.7700 665.000000 0.000000 193.000000 69.000000
0.0900 93.7300 24.1200 630.000000 0.000000 193.000000 69.000000
0.1000 88.9600 23.4600 617.000000 0.000000 193.000000 69.000000
0.1100 85.8300 22.8000 550.000000 0.000000 190.000000 69.000000
0.1200 83.7900 22.6100 477.000000 0.000000 188.000000 69.000000
0.1300 83.7900 22.8900 373.000000 0.000000 183.000000 69.000000
0.1400 85.3300 23.4900 339.000000 0.000000 180.000000 69.000000
0.1500 87.7900 24.7100 297.000000 0.000000 180.000000 69.000000
0.1600 91.6800 26.1500 324.000000 0.000000 177.000000 69.000000
0.1700 96.3200 27.7500 344.000000 0.000000 177.000000 69.000000
0.1800 101.4600 29.4700 470.000000 0.000000 177.000000 69.000000
0.1900 106.1400 30.9000 543.000000 0.000000 177.000000 69.000000
0.2000 109.3800 31.0400 561.000000 0.000000 180.000000 68.000000
0.2100 111.6700 30.4100 572.000000 0.000000 180.000000 68.000000
0.2200 112.4700 29.2300 594.000000 0.000000 180.000000 67.000000
0.2300 111.9900 27.5600 636.000000 0.000000 180.000000 67.000000
0.2400 110.6500 25.5600 678.000000 0.000000 180.000000 67.000000
0.2500 108.0200 23.6900 727.000000 0.000000 180.000000 67.000000
0.2600 104.7700 21.9700 791.000000 0.000000 180.000000 67.000000
0.2700 101.1000 20.3500 842.000000 0.000000 178.000000 68.000000
0.2800 97.2100 19.1600 834.000000 0.000000 178.000000 68.000000
0.2900 93.8900 18.3800 776.000000 0.000000 177.000000 69.000000
0.3000 90.9500 17.8700 708.000000 0.000000 175.000000 70.000000
0.3100 88.5000 18.0900 620.000000 0.000000 175.000000 70.000000
0.3200 86.8400 18.9900 512.000000 0.000000 171.000000 71.000000
0.3300 85.7100 20.3500 418.000000 0.000000 168.000000 72.000000
0.3400 85.2300 22.5800 400.000000 0.000000 162.000000 71.000000
0.3500 85.2300 25.3800 325.000000 0.000000 158.000000 72.000000
0.3600 85.5400 28.5500 404.000000 0.000000 155.000000 71.000000
0.3700 86.0600 32.6900 392.000000 0.000000 153.000000 71.000000
0.3800 86.8400 36.7400 450.000000 0.000000 154.000000 70.000000
0.3900 87.7900 40.7200 556.000000 0.000000 154.000000 68.000000
0.4000 88.7900 42.0100 554.000000 0.000000 156.000000 66.000000
0.4100 89.2500 41.6800 578.000000 0.000000 158.000000 64.000000
0.4200 89.3600 40.2800 594.000000 0.000000 159.000000 64.000000
0.4300 89.2400 37.7100 641.000000 0.000000 161.000000 62.000000
0.4400 88.9500 34.5500 667.000000 0.000000 162.000000 61.000000
0.4500 88.5500 31.0100 721.000000 0.000000 162.000000 61.000000
0.4600 88.2100 27.5000 736.000000 0.000000 162.000000 61.000000
0.4700 87.7500 24.6200 740.000000 0.000000 161.000000 62.000000
0.4800 87.1100 22.1600 700.000000 0.000000 159.000000 64.000000
0.4900 86.3900 20.5400 681.000000 0.000000 155.000000 65.000000
0.5000 86.1200 19.6400 646.000000 0.000000 153.000000 67.000000
0.5100 86.1200 19.2200 606.000000 0.000000 148.000000 68.000000
0.5200 86.3300 19.4000 588.000000 0.000000 147.000000 69.000000
0.5300 86.4600 20.0400 574.000000 0.000000 143.000000 69.000000
0.5400 86.8300 20.9900 561.000000 0.000000 141.000000 70.000000
0.5500 87.3700 22.6100 512.000000 0.000000 141.000000 70.000000
0.5600 87.7100 24.2300 561.000000 0.000000 139.000000 69.000000
0.5700 87.9300 25.5700 572.000000 0.000000 139.000000 69.000000
0.5800 88.0800 26.7200 578.000000 0.000000 141.000000 70.000000
0.5900 88.1700 26.8100 624.000000 0.000000 141.000000 70.000000
0.6000 88.1700 26.1000 664.000000 0.000000 141.000000 70.000000
0.6100 88.1100 24.8700 672.000000 0.000000 141.000000 70.000000
0.6200 87.7700 23.0300 678.000000 0.000000 141.000000 70.000000
0.6300 87.4100 21.4400 675.000000 0.000000 141.000000 70.000000
0.6400 87.0400 20.0100 664.000000 0.000000 141.000000 70.000000
0.6500 86.8700 19.1600 647.000000 0.000000 141.000000 70.000000
0.6600 86.8700 18.7100 588.000000 0.000000 141.000000 70.000000
0.6700 87.0200 18.5200 551.000000 0.000000 141.000000 70.000000
0.6800 87.3500 18.8400 516.000000 0.000000 139.000000 71.000000
0.6900 87.8300 19.5800 512.000000 0.000000 139.000000 71.000000
0.7000 88.4200 20.6000 521.000000 0.000000 139.000000 71.000000
0.7100 88.8700 21.7100 557.000000 0.000000 139.000000 71.000000
0.7200 89.1900 22.5100 639.000000 0.000000 142.000000 71.000000
0.7300 89.4200 23.1100 684.000000 0.000000 142.000000 71.000000
0.7400 89.3700 22.9000 737.000000 0.000000 143.000000 70.000000
0.7500 89.2200 22.1400 757.000000 0.000000 143.000000 70.000000
0.7600 89.0100 21.0100 721.000000 0.000000 143.000000 70.000000
0.7700 88.7200 19.9400 643.000000 0.000000 143.000000 70.000000
0.7800 88.5100 19.1700 466.000000 0.000000 143.000000 70.000000
0.7900 88.5100 19.1700 0.000000 1.000000 143.000000 70.000000
0.8000 88.6400 18.4000 0.000000 0.000000 143.000000 70.000000
0.8100 88.8300 18.5400 0.000000 0.000000 146.000000 71.000000
0.8200 89.0100 18.9200 0.000000 0.000000 146.000000 71.000000
0.8300 89.1800 19.3300 0.000000 0.000000 143.000000 70.000000
0.8400 89.5200 19.6800 0.000000 0.000000 143.000000 70.000000
0.8500 89.8800 19.9200 0.000000 0.000000 141.000000 70.000000
0.8600 90.3000 19.9800 0.000000 0.000000 139.000000 69.000000
0.8700 90.7400 19.9200 0.000000 0.000000 137.000000 69.000000
0.8800 91.2000 19.7200 0.000000 0.000000 135.000000 68.000000
0.8900 91.6500 19.4900 0.000000 0.000000 133.000000 67.000000
0.9000 91.9800 19.2400 0.000000 0.000000 131.000000 67.000000
0.9100 92.2300 19.0100 0.000000 0.000000 132.000000 65.000000
0.9200 92.3700 18.8400 0.000000 0.000000 132.000000 65.000000
0.9300 92.3700 18.6900 0.000000 0.000000 132.000000 65.000000
0.9400 92.2700 18.6900 0.000000 0.000000 133.000000 66.000000
0.9500 92.1400 18.7400 0.000000 0.000000 133.000000 66.000000
0.9600 91.9800 18.8200 0.000000 0.000000 135.000000 67.000000
0.9700 91.8100 18.9700 0.000000 0.000000 135.000000 67.000000
0.9800 91.6400 19.1500 0.000000 0.000000 137.000000 67.000000
0.9900 91.4500 19.3600 0.000000 0.000000 137.000000 67.000000
1.0000 91.2500 19.5700 0.000000 0.000000 137.000000 67.000000
1.0100 91.0500 19.8200 0.000000 0.000000 137.000000 67.000000
1.0200 90.8600 20.0900 0.000000 0.000000 137.000000 67.000000
1.0300 90.6800 20.4200 0.000000 0.000000 140.000000 67.000000
1.0400 90.5500 20.7100 0.000000 0.000000 140.000000 67.000000
1.0500 90.4900 20.9200 0.000000 0.000000 142.000000 66.000000
1.0600 90.4900 21.0400 0.000000 0.000000 142.000000 66.000000
1.0700 90.5500 21.0400 0.000000 0.000000 142.000000 66.000000
1.0800 90.6000 20.9400 0.000000 0.000000 146.000000 66.000000
1.0900 90.6000 20.7100 0.000000 0.000000 146.000000 66.000000
1.1000 90.6000 20.7100 186.000000 1.000000 146.000000 66.000000
1.1100 90.3300 20.5300 161.000000 0.000000 149.000000 66.000000
1.1200 90.2100 20.5300 173.000000 0.000000 149.000000 66.000000
1.1300 90.1200 20.5300 175.000000 0.000000 149.000000 66.000000
1.1400 90.1200 20.6500 179.000000 0.000000 150.000000 67.000000
1.1500 90.1800 20.8400 171.000000 0.000000 150.000000 67.000000
1.1600 90.2900 21.1000 202.000000 0.000000 150.000000 67.000000
1.1700 90.4000 21.4900 212.000000 0.000000 152.000000 68.000000
1.1800 90.5300 21.9800 237.000000 0.000000 152.000000 68.000000
1.1900 90.7100 22.6600 294.000000 0.000000 152.000000 68.000000
1.2000 90.9400 23.3400 374.000000 0.000000 154.000000 68.000000
1.2100 91.1600 23.7100 458.000000 0.000000 154.000000 68.000000
1.2200 91.3100 23.8800 520.000000 0.000000 154.000000 68.000000
1.2300 91.4300 23.8800 566.000000 0.000000 156.000000 68.000000
1.2400 91.5400 23.6100 599.000000 0.000000 156.000000 68.000000
1.2500 91.6500 23.2100 611.000000 0.000000 156.000000 68.000000
1.2600 91.7200 22.4600 630.000000 0.000000 156.000000 68.000000
1.2700 91.7200 21.6600 631.000000 0.000000 156.000000 68.000000
1.2800 91.7200 20.7800 617.000000 0.000000 156.000000 68.000000
1.2900 91.7200 20.1000 611.000000 0.000000 154.000000 68.000000
1.3000 91.6400 19.5600 588.000000 0.000000 154.000000 68.000000
1.3100 91.5800 19.2100 551.000000 0.000000 152.000000 68.000000
1.3200 91.5300 19.0900 519.000000 0.000000 152.000000 68.000000
1.3300 91.5300 19.0900 452.000000 0.000000 151.000000 68.000000
1.3400 91.6700 19.4500 458.000000 0.000000 148.000000 68.000000
1.3500 91.8700 19.8200 468.000000 0.000000 148.000000 68.000000
1.3600 92.1500 20.2300 493.000000 0.000000 148.000000 68.000000
1.3700 92.3100 20.5700 542.000000 0.000000 148.000000 68.000000
1.3800 92.3900 20.7300 586.000000 0.000000 148.000000 68.000000
1.3900 92.4500 20.7300 619.000000 0.000000 148.000000 68.000000
1.4000 92.4500 20.6700 638.000000 0.000000 148.000000 68.000000
1.4100 92.4500 20.5200 652.000000 0.000000 150.000000 67.000000
1.4200 92.4500 20.2800 646.000000 0.000000 150.000000 67.000000
1.4300 92.4500 19.9900 634.000000 0.000000 150.000000 67.000000
1.4400 92.4500 19.6600 536.000000 0.000000 150.000000 67.000000
1.4500 92.4500 19.4600 367.000000 0.000000 150.000000 67.000000
1.4600 92.5200 19.4600 119.000000 0.000000 150.000000 67.000000
1.4700 92.5200 19.4600 0.000000 1.000000 150.000000 67.000000
1.4800 92.8900 19.8100 0.000000 0.000000 150.000000 67.000000
1.4900 93.1500 20.1300 0.000000 0.000000 150.000000 67.000000
1.5000 93.3400 20.4700 0.000000 0.000000 150.000000 67.000000
1.5100 93.3400 20.4700 428.000000 1.000000 150.000000 67.000000
1.5200 93.3400 20.4700 543.000000 0.000000 148.000000 67.000000
1.5300 93.3400 20.4700 611.000000 0.000000 150.000000 67.000000
1.5400 93.3400 20.4700 613.000000 0.000000 150.000000 67.000000
1.5500 92.9100 20.1200 563.000000 0.000000 150.000000 67.000000
1.5600 92.7700 19.9400 343.000000 0.000000 150.000000 67.000000
1.5700 92.7700 19.9400 0.000000 1.000000 150.000000 67.000000
1.5800 92.9400 20.0300 0.000000 0.000000 150.000000 67.000000
1.5900 93.1300 20.3200 0.000000 0.000000 150.000000 67.000000
1.6000 93.2800 20.7400 0.000000 0.000000 148.000000 67.000000
1.6100 93.5600 21.2400 0.000000 0.000000 148.000000 67.000000
1.6200 93.9400 22.1300 0.000000 0.000000 148.000000 67.000000
1.6300 94.4700 23.4400 0.000000 0.000000 151.000000 66.000000
1.6400 94.6400 25.0300 0.000000 0.000000 151.000000 66.000000
1.6500 94.5600 27.0800 0.000000 0.000000 152.000000 65.000000
1.6600 94.4400 29.4000 0.000000 0.000000 155.000000 65.000000
1.6700 94.4400 29.4000 567.000000 1.000000 156.000000 64.000000
1.6800 94.3800 32.5200 588.000000 0.000000 157.000000 63.000000
1.6900 94.2300 32.4200 597.000000 0.000000 160.000000 63.000000
1.7000 93.9100 31.8400 650.000000 0.000000 161.000000 62.000000
1.7100 93.7700 30.6500 690.000000 0.000000 161.000000 62.000000
1.7200 93.8200 28.6400 728.000000 0.000000 162.000000 61.000000
1.7300 94.0000 26.0800 736.000000 0.000000 161.000000 62.000000
1.7400 94.1400 23.5800 746.000000 0.000000 161.000000 62.000000
1.7500 94.1400 21.3700 725.000000 0.000000 160.000000 63.000000
1.7600 93.9800 19.3600 707.000000 0.000000 159.000000 64.000000
1.7700 93.7900 18.0300 655.000000 0.000000 158.000000 64.000000
1.7800 93.6300 17.1000 617.000000 0.000000 155.000000 65.000000
1.7900 93.5200 16.4400 536.000000 0.000000 154.000000 66.000000
1.8000 93.4100 16.3300 475.000000 0.000000 153.000000 67.000000
1.8100 93.3200 16.6100 455.000000 0.000000 152.000000 68.000000
1.8200 93.3200 17.1400 449.000000 0.000000 152.000000 68.000000
1.8300 93.3200 17.9600 445.000000 0.000000 151.000000 68.000000
1.8400 93.3200 18.7800 447.000000 0.000000 148.000000 68.000000
1.8500 93.4200 19.6700 483.000000 0.000000 148.000000 68.000000
1.8600 93.6100 20.6100 491.000000 0.000000 148.000000 68.000000
1.8700 93.9100 21.4100 530.000000 0.000000 148.000000 68.000000
1.8800 94.2500 21.7400 560.000000 0.000000 148.000000 68.000000
1.8900 94.5100 21.7400 630.000000 0.000000 148.000000 68.000000
1.9000 94.6600 21.6600 647.000000 0.000000 148.000000 68.000000
1.9100 94.7800 21.4400 643.000000 0.000000 150.000000 67.000000
1.9200 94.8900 21.1400 620.000000 0.000000 150.000000 67.000000
1.9300 94.9400 20.6700 543.000000 0.000000 150.000000 67.000000
1.9400 94.9400 20.2000 235.000000 0.000000 151.000000 66.000000
1.9500 94.9400 20.2000 0.000000 1.000000 151.000000 66.000000
1.9600 94.8600 19.5300 0.000000 0.000000 150.000000 67.000000
1.9700 95.0000 19.6400 0.000000 0.000000 150.000000 67.000000
1.9800 95.2500 19.9400 0.000000 0.000000 150.000000 67.000000
1.9900 95.6500 20.3600 0.000000 0.000000 150.000000 67.000000
2.0000 96.0500 20.8300 0.000000 0.000000 150.000000 67.000000
2.0100 96.3300 21.2800 0.000000 0.000000 150.000000 67.000000
2.0200 96.3300 21.2800 485.000000 1.000000 150.000000 67.000000
2.0300 96.5100 21.9100 561.000000 0.000000 150.000000 67.000000
2.0400 96.4200 22.0400 583.000000 0.000000 151.000000 66.000000
2.0500 96.2100 22.0400 599.000000 0.000000 151.000000 66.000000
2.0600 96.2100 22.0400 527.000000 0.000000 151.000000 66.000000
2.0700 96.1600 21.8900 296.000000 0.000000 151.000000 66.000000
2.0800 96.1600 21.8900 0.000000 1.000000 151.000000 66.000000
2.0900 96.2900 21.5400 0.000000 0.000000 152.000000 65.000000
2.1000 96.3400 21.4000 0.000000 0.000000 152.000000 65.000000
2.1100 96.3400 21.2100 0.000000 0.000000 152.000000 65.000000
2.1200 96.3400 21.0100 0.000000 0.000000 152.000000 65.000000
2.1300 96.4800 20.7800 0.000000 0.000000 154.000000 66.000000
2.1400 96.8200 20.5100 0.000000 0.000000 154.000000 66.000000
2.1500 97.2600 20.2100 0.000000 0.000000 154.000000 66.000000
2.1600 97.7600 19.9600 0.000000 0.000000 156.000000 66.000000
2.1700 98.2100 19.7300 0.000000 0.000000 159.000000 67.000000
2.1800 98.4500 19.6500 0.000000 0.000000 159.000000 67.000000
2.1900 98.5600 19.6500 0.000000 0.000000 161.000000 67.000000
2.2000 98.4000 19.7600 0.000000 0.000000 163.000000 67.000000
2.2100 98.1600 19.9000 0.000000 0.000000 163.000000 67.000000
2.2200 97.8700 20.1100 0.000000 0.000000 163.000000 67.000000
2.2300 97.5600 20.3600 0.000000 0.000000 163.000000 67.000000
2.2400 97.2500 20.6100 0.000000 0.000000 163.000000 67.000000
2.2500 96.9800 20.8400 0.000000 0.000000 163.000000 67.000000
2.2600 96.7100 21.0400 0.000000 0.000000 162.000000 66.000000
2.2700 96.6300 21.1600 0.000000 0.000000 162.000000 66.000000
2.2800 96.6300 21.2300 0.000000 0.000000 160.000000 66.000000
2.2900 96.7900 21.2300 0.000000 0.000000 160.000000 66.000000
2.3000 96.9300 21.1800 0.000000 0.000000 157.000000 65.000000
2.3100 97.0800 21.1800 0.000000 0.000000 157.000000 65.000000
2.3200 97.2500 21.0900 0.000000 0.000000 157.000000 65.000000
2.3300 97.4100 21.0400 0.000000 0.000000 157.000000 65.000000
2.3400 97.5600 21.0400 0.000000 0.000000 157.000000 65.000000
2.3500 97.7300 21.0400 0.000000 0.000000 157.000000 65.000000
2.3600 97.8900 21.1600 0.000000 0.000000 158.000000 64.000000
2.3700 97.8900 21.1600 129.000000 1.000000 158.000000 64.000000
2.3800 98.1400 21.4400 171.000000 0.000000 158.000000 64.000000
2.3900 98.1400 21.6700 364.000000 0.000000 160.000000 65.000000
2.4000 98.1400 21.8900 469.000000 0.000000 160.000000 66.000000
2.4100 98.1400 22.0700 541.000000 0.000000 160.000000 66.000000
2.4200 97.9900 22.2300 647.000000 0.000000 160.000000 66.000000
2.4300 97.9900 22.2300 667.000000 0.000000 160.000000 66.000000
2.4400 97.6500 22.3200 716.000000 0.000000 160.000000 66.000000
2.4500 97.4300 22.3200 725.000000 0.000000 160.000000 66.000000
2.4600 97.2100 21.9800 717.000000 0.000000 160.000000 66.000000
2.4700 96.8900 21.4900 696.000000 0.000000 160.000000 66.000000
2.4800 96.5000 20.8800 649.000000 0.000000 160.000000 66.000000
2.4900 96.3900 20.2600 585.000000 0.000000 157.000000 65.000000
2.5000 96.3200 19.7600 440.000000 0.000000 157.000000 65.000000
2.5100 96.3200 19.3500 294.000000 0.000000 154.000000 66.000000
2.5200 96.5300 19.1500 96.000000 0.000000 154.000000 66.000000
2.5300 96.5300 19.1500 0.000000 1.000000 154.000000 66.000000
2.5400 97.2500 19.2600 0.000000 0.000000 152.000000 65.000000
2.5500 97.6600 19.5400 0.000000 0.000000 151.000000 66.000000
2.5600 98.0900 19.8200 0.000000 0.000000 151.000000 66.000000
2.5700 98.0900 19.8200 81.000000 1.000000 153.000000 67.000000
2.5800 98.6900 20.5600 209.000000 0.000000 153.000000 67.000000
2.5900 98.8200 20.8800 340.000000 0.000000 153.000000 67.000000
2.6000 98.8200 21.1700 496.000000 0.000000 156.000000 66.000000
2.6100 98.7200 21.4000 581.000000 0.000000 156.000000 66.000000
2.6200 98.5900 21.4800 646.000000 0.000000 159.000000 67.000000
2.6300 98.4100 21.4800 696.000000 0.000000 159.000000 67.000000
2.6400 98.2000 21.3600 707.000000 0.000000 159.000000 67.000000
2.6500 97.9900 21.1900 717.000000 0.000000 159.000000 67.000000
2.6600 97.8000 20.8400 708.000000 0.000000 159.000000 67.000000
2.6700 97.6300 20.3800 690.000000 0.000000 159.000000 67.000000
2.6800 97.4500 19.9000 681.000000 0.000000 159.000000 67.000000
2.6900 97.4500 19.3900 631.000000 0.000000 156.000000 66.000000
2.7000 97.5700 19.1100 570.000000 0.000000 156.000000 66.000000
2.7100 97.6500 19.0000 536.000000 0.000000 154.000000 66.000000
2.7200 97.8500 19.0000 505.000000 0.000000 153.000000 67.000000
2.7300 98.1300 19.2700 460.000000 0.000000 151.000000 66.000000
2.7400 98.5000 19.6200 448.000000 0.000000 151.000000 66.000000
2.7500 98.8000 20.0000 442.000000 0.000000 153.000000 67.000000
2.7600 99.0400 20.3800 455.000000 0.000000 153.000000 67.000000
2.7700 99.1800 20.7500 483.000000 0.000000 153.000000 67.000000
2.7800 99.1800 21.0800 551.000000 0.000000 155.000000 67.000000
2.7900 99.1800 21.2600 606.000000 0.000000 156.000000 66.000000
2.8000 99.1200 21.3500 637.000000 0.000000 159.000000 67.000000
2.8100 99.0600 21.2700 656.000000 0.000000 159.000000 67.000000
2.8200 99.0000 21.1500 664.000000 0.000000 161.000000 67.000000
2.8300 98.8900 20.7500 663.000000 0.000000 161.000000 67.000000
2.8400 98.7400 20.1900 659.000000 0.000000 161.000000 67.000000
2.8500 98.5400 19.5600 641.000000 0.000000 161.000000 67.000000
2.8600 98.3800 19.0600 611.000000 0.000000 160.000000 68.000000
2.8700 98.3800 18.6400 560.000000 0.000000 158.000000 67.000000
2.8800 98.5000 18.4300 515.000000 0.000000 158.000000 67.000000
2.8900 98.6900 18.4800 468.000000 0.000000 158.000000 67.000000
2.9000 99.0200 18.7000 450.000000 0.000000 154.000000 68.000000
2.9100 99.4300 19.1100 420.000000 0.000000 154.000000 68.000000
2.9200 99.8500 19.5600 440.000000 0.000000 154.000000 68.000000
2.9300 100.1400 20.0400 474.000000 0.000000 154.000000 68.000000
2.9400 100.3500 20.4100 550.000000 0.000000 156.000000 68.000000
2.9500 100.4500 20.7500 641.000000 0.000000 156.000000 68.000000
2.9600 100.4500 20.8600 705.000000 0.000000 158.000000 67.000000
2.9700 100.3900 20.8600 746.000000 0.000000 160.000000 68.000000
2.9800 100.3300 20.6200 757.000000 0.000000 160.000000 68.000000
2.9900 100.2100 20.2300 737.000000 0.000000 160.000000 68.000000
3.0000 100.0600 19.7300 673.000000 0.000000 160.000000 68.000000
3.0100 100.1100 19.3900 567.000000 0.000000 160.000000 68.000000
3.0200 100.2700 19.1700 359.000000 0.000000 160.000000 68.000000
3.0300 100.2700 19.1700 0.000000 1.000000 160.000000 68.000000
3.0400 100.7700 19.2300 0.000000 0.000000 160.000000 68.000000
3.0500 101.0300 19.5800 0.000000 0.000000 160.000000 68.000000
3.0600 101.2100 20.0200 0.000000 0.000000 158.000000 67.000000
3.0700 101.3300 20.4300 0.000000 0.000000 158.000000 67.000000
3.0800 101.3900 20.8100 0.000000 0.000000 158.000000 67.000000
3.0900 101.3900 20.8100 315.000000 1.000000 158.000000 67.000000
3.1000 101.0600 21.2500 455.000000 0.000000 160.000000 68.000000
3.1100 100.7700 21.2500 492.000000 0.000000 160.000000 68.000000
3.1200 100.5000 21.1900 505.000000 0.000000 161.000000 67.000000
3.1300 100.4300 21.1300 448.000000 0.000000 161.000000 67.000000
3.1400 100.4800 21.0000 247.000000 0.000000 161.000000 67.000000
3.1500 100.4800 21.0000 0.000000 1.000000 161.000000 67.000000
3.1600 101.0400 20.7000 0.000000 0.000000 161.000000 67.000000
3.1700 101.4900 20.6300 0.000000 0.000000 161.000000 67.000000
3.1800 101.9500 20.5800 0.000000 0.000000 161.000000 67.000000
3.1900 102.4200 20.5800 0.000000 0.000000 161.000000 67.000000
3.2000 102.8100 20.6900 0.000000 0.000000 161.000000 67.000000
3.2100 103.1500 20.8400 0.000000 0.000000 161.000000 67.000000
3.2200 103.2900 21.0300 0.000000 0.000000 161.000000 67.000000
3.2300 103.2900 21.0300 469.000000 1.000000 162.000000 66.000000
3.2400 103.2000 21.4200 564.000000 0.000000 162.000000 66.000000
3.2500 102.9500 21.6200 705.000000 0.000000 162.000000 66.000000
3.2600 102.7000 21.7600 750.000000 0.000000 162.000000 66.000000
3.2700 102.4500 21.7000 815.000000 0.000000 162.000000 66.000000
3.2800 102.1800 21.5200 830.000000 0.000000 164.000000 66.000000
3.2900 101.9400 21.0900 825.000000 0.000000 163.000000 67.000000
3.3000 101.7400 20.6000 829.000000 0.000000 163.000000 67.000000
3.3100 101.6000 20.0100 784.000000 0.000000 163.000000 67.000000
3.3200 101.6600 19.6200 740.000000 0.000000 161.000000 67.000000
3.3300 101.8700 19.3600 664.000000 0.000000 161.000000 67.000000
3.3400 102.0000 19.2300 606.000000 0.000000 160.000000 68.000000
3.3500 102.1500 19.3500 515.000000 0.000000 160.000000 68.000000
3.3600 102.4200 19.6400 469.000000 0.000000 160.000000 68.000000
3.3700 102.7600 20.0500 465.000000 0.000000 160.000000 68.000000
3.3800 102.9300 20.5100 465.000000 0.000000 160.000000 68.000000
3.3900 102.9300 21.0000 494.000000 0.000000 160.000000 68.000000
3.4000 102.7800 21.4200 546.000000 0.000000 160.000000 68.000000
3.4100 102.5500 21.6700 636.000000 0.000000 160.000000 68.000000
3.4200 102.2200 21.8000 664.000000 0.000000 162.000000 68.000000
3.4300 101.8300 21.8000 699.000000 0.000000 162.000000 68.000000
3.4400 101.5400 21.7400 710.000000 0.000000 163.000000 67.000000
3.4500 101.4200 21.6300 708.000000 0.000000 163.000000 67.000000
3.4600 101.4200 21.4700 690.000000 0.000000 163.000000 67.000000
3.4700 101.4700 21.3200 678.000000 0.000000 163.000000 67.000000
3.4800 101.6300 21.2000 675.000000 0.000000 163.000000 67.000000
3.4900 101.8600 21.1300 671.000000 0.000000 163.000000 67.000000
3.5000 102.2100 21.1300 659.000000 0.000000 163.000000 67.000000
3.5100 102.5800 21.2300 637.000000 0.000000 163.000000 67.000000
3.5200 102.9500 21.3800 616.000000 0.000000 161.000000 67.000000
3.5300 103.3500 21.5400 613.000000 0.000000 161.000000 67.000000
3.5400 103.7500 21.7000 619.000000 0.000000 161.000000 67.000000
3.5500 104.0800 21.7900 638.000000 0.000000 161.000000 67.000000
3.5600 104.3500 21.7900 667.000000 0.000000 161.000000 67.000000
3.5700 104.4400 21.7900 711.000000 0.000000 161.000000 67.000000
3.5800 104.4400 21.6900 727.000000 0.000000 161.000000 67.000000
3.5900 104.4400 21.4200 745.000000 0.000000 161.000000 67.000000
3.6000 104.2500 21.0400 760.000000 0.000000 161.000000 67.000000
3.6100 104.0700 20.5000 761.000000 0.000000 161.000000 67.000000
3.6200 103.8800 20.0400 758.000000 0.000000 161.000000 67.000000
3.6300 103.8800 19.6400 731.000000 0.000000 161.000000 67.000000
3.6400 103.9600 19.3600 699.000000 0.000000 161.000000 67.000000
3.6500 104.1500 19.2600 655.000000 0.000000 160.000000 68.000000
3.6600 104.4400 19.2600 616.000000 0.000000 160.000000 68.000000
3.6700 104.7900 19.5600 563.000000 0.000000 160.000000 68.000000
3.6800 105.1700 19.8600 560.000000 0.000000 160.000000 68.000000
3.6900 105.5500 20.1800 595.000000 0.000000 160.000000 68.000000
3.7000 105.7600 20.4200 641.000000 0.000000 160.000000 68.000000
3.7100 105.8300 20.5000 719.000000 0.000000 160.000000 68.000000
3.7200 105.8300 20.5000 763.000000 0.000000 160.000000 68.000000
3.7300 105.7600 20.3300 791.000000 0.000000 160.000000 68.000000
3.7400 105.6800 20.0300 806.000000 0.000000 160.000000 68.000000
3.7500 105.5800 19.6400 794.000000 0.000000 160.000000 68.000000
3.7600 105.5800 19.3300 727.000000 0.000000 160.000000 68.000000
3.7700 105.5800 19.1400 538.000000 0.000000 160.000000 68.000000
3.7800 105.5800 19.1400 0.000000 1.000000 160.000000 68.000000
3.7900 105.6400 19.1800 0.000000 0.000000 160.000000 68.000000
3.8000 105.7100 19.5100 0.000000 0.000000 160.000000 68.000000
3.8100 105.7100 19.9600 0.000000 0.000000 160.000000 68.000000
3.8200 105.7800 20.5100 0.000000 0.000000 160.000000 68.000000
3.8300 105.5900 21.1000 0.000000 0.000000 160.000000 68.000000
3.8400 105.2400 21.7200 0.000000 0.000000 160.000000 68.000000
3.8500 104.5500 22.3500 0.000000 0.000000 160.000000 68.000000
3.8600 104.5500 22.3500 638.000000 1.000000 161.000000 67.000000
3.8700 103.2000 23.0600 655.000000 0.000000 159.000000 67.000000
3.8800 102.5900 23.3300 640.000000 0.000000 159.000000 67.000000
3.8900 102.3900 23.4600 581.000000 0.000000 156.000000 66.000000
3.9000 102.4500 23.4600 376.000000 0.000000 157.000000 65.000000
3.9100 102.4500 23.4600 0.000000 1.000000 157.000000 65.000000
3.9200 103.1100 23.7000 0.000000 0.000000 155.000000 65.000000
3.9300 103.6600 23.7700 0.000000 0.000000 155.000000 65.000000
3.9400 104.0900 23.7700 0.000000 0.000000 155.000000 65.000000
3.9500 104.5800 23.7700 0.000000 0.000000 155.000000 65.000000
3.9600 105.2800 23.5700 0.000000 0.000000 153.000000 65.000000
3.9700 106.0800 23.2900 0.000000 0.000000 154.000000 64.000000
3.9800 106.7700 22.9600 0.000000 0.000000 154.000000 64.000000
3.9900 107.2900 22.6300 0.000000 0.000000 157.000000 63.000000
4.0000 107.6900 22.3900 0.000000 0.000000 157.000000 63.000000
4.0100 107.7800 22.2100 0.000000 0.000000 159.000000 64.000000
4.0200 107.6600 22.1400 0.000000 0.000000 160.000000 63.000000
4.0300 107.4000 22.1400 0.000000 0.000000 162.000000 63.000000
4.0400 107.1200 22.2200 0.000000 0.000000 163.000000 64.000000
4.0500 106.8400 22.3500 0.000000 0.000000 163.000000 64.000000
4.0600 106.7000 22.6100 0.000000 0.000000 163.000000 64.000000
4.0700 106.6400 22.9500 0.000000 0.000000 163.000000 64.000000
4.0800 106.7200 23.5300 0.000000 0.000000 161.000000 64.000000
4.0900 106.8200 24.3300 0.000000 0.000000 160.000000 65.000000
4.1000 106.9300 25.2900 0.000000 0.000000 158.000000 64.000000
4.1100 106.9300 25.2900 119.000000 1.000000 158.000000 64.000000
4.1200 107.0400 28.4200 373.000000 0.000000 158.000000 64.000000
4.1300 106.9400 30.2600 486.000000 0.000000 156.000000 64.000000
4.1400 106.8200 30.6900 562.000000 0.000000 157.000000 63.000000
4.1500 106.6800 30.6200 636.000000 0.000000 157.000000 63.000000
4.1600 106.5200 30.2200 724.000000 0.000000 158.000000 62.000000
4.1700 106.3700 28.9400 779.000000 0.000000 158.000000 62.000000
4.1800 106.2500 26.9500 808.000000 0.000000 158.000000 62.000000
4.1900 106.1500 24.5000 809.000000 0.000000 159.000000 61.000000
4.2000 106.2000 22.6300 799.000000 0.000000 158.000000 62.000000
4.2100 106.2500 21.2200 794.000000 0.000000 158.000000 62.000000
4.2200 106.3600 20.1200 759.000000 0.000000 157.000000 63.000000
4.2300 106.5500 19.5000 719.000000 0.000000 156.000000 64.000000
4.2400 106.6900 19.3300 697.000000 0.000000 155.000000 65.000000
4.2500 106.7800 19.4500 708.000000 0.000000 154.000000 66.000000
4.2600 106.9500 19.7700 714.000000 0.000000 154.000000 66.000000
4.2700 107.1500 20.4100 716.000000 0.000000 153.000000 67.000000
4.2800 107.4000 21.2700 710.000000 0.000000 153.000000 67.000000
4.2900 107.5800 22.3200 719.000000 0.000000 153.000000 67.000000
4.3000 107.7100 23.4700 719.000000 0.000000 153.000000 67.000000
4.3100 107.8300 24.6900 719.000000 0.000000 153.000000 67.000000
4.3200 107.8900 25.2000 684.000000 0.000000 153.000000 67.000000
4.3300 107.8900 25.2000 616.000000 0.000000 153.000000 67.000000
4.3400 107.9700 24.9500 494.000000 0.000000 153.000000 67.000000
4.3500 108.0800 24.3400 203.000000 0.000000 153.000000 67.000000
4.3600 108.0800 24.3400 0.000000 1.000000 152.000000 65.000000
4.3700 108.4300 23.0600 0.000000 0.000000 152.000000 65.000000
4.3800 108.5500 22.5600 0.000000 0.000000 154.000000 66.000000
4.3900 108.6800 22.1700 0.000000 0.000000 154.000000 66.000000
4.4000 109.0000 21.8600 0.000000 0.000000 154.000000 66.000000
4.4100 109.3300 21.6700 0.000000 0.000000 156.000000 66.000000
4.4200 109.6700 21.5700 0.000000 0.000000 160.000000 66.000000
4.4300 109.7800 21.5700 0.000000 0.000000 162.000000 66.000000
4.4400 109.7800 21.6200 0.000000 0.000000 164.000000 66.000000
4.4500 109.5800 21.7000 0.000000 0.000000 166.000000 66.000000
4.4600 109.4200 21.7000 0.000000 0.000000 167.000000 65.000000
4.4700 109.2700 21.7000 0.000000 0.000000 167.000000 65.000000
4.4800 109.1300 21.6500 0.000000 0.000000 167.000000 65.000000
4.4900 109.1300 21.6500 106.000000 1.000000 166.000000 66.000000
4.5000 109.1300 21.4000 100.000000 0.000000 164.000000 66.000000
4.5100 109.2300 21.3000 143.000000 0.000000 164.000000 66.000000
4.5200 109.3300 21.1900 186.000000 0.000000 162.000000 66.000000
4.5300 109.5200 21.1200 221.000000 0.000000 162.000000 66.000000
4.5400 109.6700 21.1200 242.000000 0.000000 162.000000 66.000000
4.5500 109.7500 21.1200 315.000000 0.000000 160.000000 66.000000
4.5600 109.7500 21.2200 405.000000 0.000000 160.000000 66.000000
4.5700 109.7000 21.2700 440.000000 0.000000 160.000000 66.000000
4.5800 109.5500 21.3400 475.000000 0.000000 160.000000 66.000000
4.5900 109.3600 21.4200 522.000000 0.000000 160.000000 66.000000
4.6000 109.1200 21.4200 536.000000 0.000000 160.000000 66.000000
4.6100 108.8900 21.4200 553.000000 0.000000 156.000000 66.000000
4.6200 108.6800 21.3000 553.000000 0.000000 156.000000 66.000000
4.6300 108.6800 21.3000 553.000000 0.000000 156.000000 66.000000
4.6400 108.4000 20.8900 542.000000 0.000000 156.000000 66.000000
4.6500 108.4000 20.6500 530.000000 0.000000 156.000000 66.000000
4.6600 108.5000 20.4100 514.000000 0.000000 154.000000 66.000000
4.6700 108.6400 20.2500 491.000000 0.000000 154.000000 66.000000
4.6800 108.8400 20.1800 467.000000 0.000000 154.000000 66.000000
4.6900 109.0900 20.1800 473.000000 0.000000 154.000000 66.000000
4.7000 109.2500 20.2400 472.000000 0.000000 154.000000 66.000000
4.7100 109.3400 20.3300 486.000000 0.000000 154.000000 66.000000
4.7200 109.4000 20.4400 509.000000 0.000000 154.000000 66.000000
4.7300 109.4900 20.5600 514.000000 0.000000 154.000000 66.000000
4.7400 109.6400 20.6800 514.000000 0.000000 155.000000 65.000000
4.7500 109.8300 20.7800 512.000000 0.000000 155.000000 65.000000
4.7600 110.0000 20.8300 518.000000 0.000000 153.000000 65.000000
4.7700 110.0800 20.8300 553.000000 0.000000 150.000000 64.000000
4.7800 110.0800 20.6500 570.000000 0.000000 146.000000 63.000000
4.7900 110.0800 20.4200 599.000000 0.000000 143.000000 62.000000
4.8000 110.0800 20.1300 599.000000 0.000000 139.000000 61.000000
4.8100 110.1700 19.9200 595.000000 0.000000 136.000000 60.000000
4.8200 110.3900 19.8300 592.000000 0.000000 135.000000 59.000000
4.8300 110.6200 19.8300 584.000000 0.000000 132.000000 58.000000
4.8400 111.0400 20.0400 583.000000 0.000000 132.000000 58.000000
4.8500 111.5900 20.4300 589.000000 0.000000 131.000000 58.000000
4.8600 112.0400 20.9300 585.000000 0.000000 131.000000 58.000000
4.8700 112.3500 21.6500 586.000000 0.000000 132.000000 59.000000
4.8800 112.5700 22.7100 595.000000 0.000000 135.000000 60.000000
4.8900 112.7000 23.9900 594.000000 0.000000 136.000000 61.000000
4.9000 112.6500 25.5900 620.000000 0.000000 140.000000 62.000000
4.9100 112.4700 26.7400 690.000000 0.000000 141.000000 63.000000
4.9200 112.1900 27.5900 722.000000 0.000000 143.000000 63.000000
4.9300 111.7900 27.3800 777.000000 0.000000 143.000000 63.000000
4.9400 111.3100 26.2900 821.000000 0.000000 143.000000 63.000000
4.9500 110.7900 24.6200 852.000000 0.000000 143.000000 63.000000
4.9600 110.5400 22.6600 849.000000 0.000000 141.000000 63.000000
4.9700 110.4800 21.2000 826.000000 0.000000 140.000000 62.000000
4.9800 110.6900 20.0700 748.000000 0.000000 138.000000 61.000000
4.9900 110.9000 19.4700 536.000000 0.000000 136.000000 61.000000
5.0000 110.9000 19.4700 0.000000 1.000000 135.000000 60.000000
5.0100 111.2200 19.2200 0.000000 0.000000 134.000000 60.000000
5.0200 111.2700 19.5200 0.000000 0.000000 132.000000 59.000000
5.0300 111.3600 19.9300 0.000000 0.000000 131.000000 58.000000
5.0400 111.5000 20.3900 0.000000 0.000000 130.000000 58.000000
5.0500 111.8300 20.7000 0.000000 0.000000 130.000000 58.000000
5.0600 112.2600 20.8300 0.000000 0.000000 128.000000 57.000000
5.0700 112.7400 20.8300 0.000000 0.000000 128.000000 57.000000
5.0800 113.2000 20.6000 0.000000 0.000000 128.000000 57.000000
5.0900 113.5700 20.3000 0.000000 0.000000 130.000000 56.000000
5.1000 113.8900 20.0400 0.000000 0.000000 131.000000 57.000000
5.1100 114.0300 19.8300 0.000000 0.000000 131.000000 57.000000
5.1200 113.9800 19.6900 0.000000 0.000000 131.000000 57.000000
5.1300 113.7900 19.6900 0.000000 0.000000 132.000000 58.000000
5.1400 113.6500 19.6900 0.000000 0.000000 132.000000 58.000000
5.1500 113.5200 19.8300 0.000000 0.000000 134.000000 58.000000
5.1600 113.4200 20.0400 0.000000 0.000000 135.000000 59.000000
5.1700 113.4200 20.0400 105.000000 1.000000 136.000000 60.000000
5.1800 113.3500 20.7100 163.000000 0.000000 138.000000 60.000000
5.1900 113.3500 21.2100 249.000000 0.000000 139.000000 61.000000
5.2000 113.3500 21.7700 399.000000 0.000000 141.000000 61.000000
5.2100 113.3500 22.1800 491.000000 0.000000 143.000000 62.000000
5.2200 113.2900 22.4100 578.000000 0.000000 144.000000 62.000000
5.2300 113.2900 22.5200 617.000000 0.000000 146.000000 63.000000
5.2400 113.2900 22.3600 659.000000 0.000000 146.000000 63.000000
5.2500 113.2900 22.0300 681.000000 0.000000 146.000000 63.000000
5.2600 113.2900 21.6000 684.000000 0.000000 146.000000 63.000000
5.2700 113.2900 21.0300 682.000000 0.000000 144.000000 62.000000
5.2800 113.4500 20.6100 666.000000 0.000000 144.000000 62.000000
5.2900 113.5600 20.2800 673.000000 0.000000 143.000000 62.000000
5.3000 113.6300 20.1000 662.000000 0.000000 143.000000 62.000000
5.3100 113.6900 20.1000 668.000000 0.000000 143.000000 62.000000
5.3200 113.7700 20.2800 671.000000 0.000000 143.000000 62.000000
5.3300 113.9000 20.6300 663.000000 0.000000 143.000000 62.000000
5.3400 114.0200 20.9700 663.000000 0.000000 143.000000 62.000000
5.3500 114.1000 21.3300 670.000000 0.000000 144.000000 62.000000
5.3600 114.1000 21.7100 631.000000 0.000000 144.000000 62.000000
5.3700 114.1500 21.8200 537.000000 0.000000 144.000000 62.000000
5.3800 114.1500 21.7200 367.000000 0.000000 146.000000 63.000000
5.3900 114.1500 21.4700 22.000000 0.000000 146.000000 63.000000
5.4000 114.1500 21.4700 0.000000 1.000000 147.000000 62.000000
5.4100 114.3800 20.6900 0.000000 0.000000 147.000000 62.000000
5.4200 114.5200 20.4600 0.000000 0.000000 146.000000 63.000000
5.4300 114.7300 20.3300 0.000000 0.000000 146.000000 63.000000
5.4400 115.0100 20.3300 0.000000 0.000000 144.000000 62.000000
5.4500 115.2500 20.4500 0.000000 0.000000 144.000000 62.000000
5.4600 115.4000 20.6300 0.000000 0.000000 144.000000 62.000000
5.4700 115.5000 20.8700 0.000000 0.000000 143.000000 62.000000
5.4800 115.5000 20.8700 267.000000 1.000000 144.000000 62.000000
5.4900 115.3700 21.2500 304.000000 0.000000 144.000000 62.000000
5.5000 115.2100 21.3500 396.000000 0.000000 146.000000 63.000000
5.5100 115.2100 21.3500 422.000000 0.000000 148.000000 63.000000
5.5200 115.1500 21.2900 430.000000 0.000000 150.000000 64.000000
5.5300 115.1500 21.1300 428.000000 0.000000 151.000000 64.000000
5.5400 115.2100 20.9000 427.000000 0.000000 154.000000 64.000000
5.5500 115.2100 20.6800 417.000000 0.000000 156.000000 64.000000
5.5600 115.3200 20.5300 392.000000 0.000000 155.000000 65.000000
5.5700 115.4200 20.4300 389.000000 0.000000 155.000000 65.000000
5.5800 115.5600 20.4300 363.000000 0.000000 155.000000 65.000000
5.5900 115.7600 20.5900 363.000000 0.000000 153.000000 65.000000
5.6000 116.0000 20.7700 369.000000 0.000000 153.000000 65.000000
5.6100 116.1900 21.0400 379.000000 0.000000 153.000000 65.000000
5.6200 116.3400 21.3700 402.000000 0.000000 151.000000 64.000000
5.6300 116.4800 21.7400 467.000000 0.000000 151.000000 64.000000
5.6400 116.4800 22.0800 510.000000 0.000000 151.000000 64.000000
5.6500 116.4800 22.4200 569.000000 0.000000 150.000000 64.000000
5.6600 116.3300 22.5200 617.000000 0.000000 146.000000 63.000000
5.6700 116.1400 22.4600 641.000000 0.000000 144.000000 62.000000
5.6800 115.9100 22.0400 650.000000 0.000000 143.000000 62.000000
5.6900 115.6400 21.4800 638.000000 0.000000 141.000000 61.000000
5.7000 115.4100 20.8300 586.000000 0.000000 139.000000 61.000000
5.7100 115.4100 20.3400 468.000000 0.000000 138.000000 60.000000
5.7200 115.4700 20.0200 277.000000 0.000000 139.000000 61.000000
5.7300 115.4700 20.0200 0.000000 1.000000 141.000000 61.000000
5.7400 115.9300 19.9000 0.000000 0.000000 143.000000 62.000000
5.7500 116.2700 20.1600 0.000000 0.000000 144.000000 62.000000
5.7600 116.6500 20.5400 0.000000 0.000000 146.000000 63.000000
5.7700 116.9800 20.9300 0.000000 0.000000 148.000000 65.000000
5.7800 116.9800 20.9300 115.000000 1.000000 150.000000 65.000000
5.7900 117.3700 21.7500 297.000000 0.000000 152.000000 65.000000
5.8000 117.4200 21.9800 465.000000 0.000000 154.000000 66.000000
5.8100 117.4200 22.0400 591.000000 0.000000 153.000000 65.000000
5.8200 117.3200 21.9900 638.000000 0.000000 151.000000 64.000000
5.8300 117.3200 21.7300 668.000000 0.000000 150.000000 64.000000
5.8400 117.3200 21.3200 667.000000 0.000000 146.000000 63.000000
5.8500 117.3200 20.8000 670.000000 0.000000 144.000000 62.000000
5.8600 117.3200 20.3200 640.000000 0.000000 141.000000 61.000000
5.8700 117.3700 19.9800 611.000000 0.000000 138.000000 60.000000
5.8800 117.3700 19.7300 542.000000 0.000000 135.000000 60.000000
5.8900 117.3700 19.7300 514.000000 0.000000 134.000000 60.000000
5.9000 117.3200 19.8100 470.000000 0.000000 132.000000 59.000000
5.9100 117.2600 20.0000 446.000000 0.000000 134.000000 60.000000
5.9200 117.1800 20.3000 445.000000 0.000000 135.000000 60.000000
5.9300 117.0500 20.5800 465.000000 0.000000 135.000000 60.000000
5.9400 116.9200 20.8500 485.000000 0.000000 136.000000 61.000000
5.9500 116.8000 21.1100 521.000000 0.000000 136.000000 61.000000
5.9600 116.8000 21.2200 535.000000 0.000000 138.000000 61.000000
5.9700 116.8500 21.2200 535.000000 0.000000 138.000000 61.000000
5.9800 116.9000 21.2200 533.000000 0.000000 139.000000 61.000000
5.9900 117.1600 21.2200 516.000000 0.000000 139.000000 61.000000
6.0000 117.5400 21.1200 502.000000 0.000000 138.000000 60.000000
6.0100 117.9700 20.9900 450.000000 0.000000 136.000000 60.000000
6.0200 118.4400 20.9200 417.000000 0.000000 136.000000 60.000000
6.0300 118.9100 20.9200 377.000000 0.000000 136.000000 60.000000
6.0400 119.3700 20.9200 366.000000 0.000000 136.000000 60.000000
6.0500 119.8200 21.0600 387.000000 0.000000 136.000000 60.000000
6.0600 120.1700 21.2400 448.000000 0.000000 138.000000 60.000000
6.0700 120.4400 21.5300 491.000000 0.000000 138.000000 60.000000
6.0800 120.6200 21.8300 567.000000 0.000000 139.000000 61.000000
6.0900 120.5300 22.1500 620.000000 0.000000 138.000000 61.000000
6.1000 120.2600 22.3300 673.000000 0.000000 138.000000 61.000000
6.1100 119.9100 22.2700 707.000000 0.000000 140.000000 62.000000
6.1200 119.3800 22.0600 754.000000 0.000000 140.000000 62.000000
6.1300 118.7400 21.4900 768.000000 0.000000 140.000000 62.000000
6.1400 118.1800 20.7400 790.000000 0.000000 140.000000 62.000000
6.1500 117.5600 19.8600 794.000000 0.000000 140.000000 62.000000
6.1600 117.1400 19.1000 771.000000 0.000000 140.000000 62.000000
6.1700 116.8800 18.4300 763.000000 0.000000 138.000000 63.000000
6.1800 116.6900 17.8200 754.000000 0.000000 138.000000 63.000000
6.1900 116.5200 17.6100 740.000000 0.000000 138.000000 63.000000
6.2000 116.3700 17.7700 748.000000 0.000000 137.000000 63.000000
6.2100 116.0200 18.1800 748.000000 0.000000 138.000000 64.000000
6.2200 115.5400 19.0800 739.000000 0.000000 137.000000 65.000000
6.2300 114.5300 20.3100 720.000000 0.000000 138.000000 65.000000
6.2400 112.8400 21.7700 691.000000 0.000000 140.000000 66.000000
6.2500 110.7000 23.6200 717.000000 0.000000 142.000000 66.000000
6.2600 107.9600 25.7100 748.000000 0.000000 144.000000 67.000000
6.2700 104.9300 27.9500 757.000000 0.000000 146.000000 67.000000
6.2800 101.7100 29.9400 737.000000 0.000000 148.000000 68.000000
6.2900 98.6400 31.4700 743.000000 0.000000 152.000000 68.000000
6.3000 96.0300 32.7000 746.000000 0.000000 154.000000 68.000000
6.3100 93.7300 33.9900 763.000000 0.000000 155.000000 67.000000
6.3200 92.5300 35.1500 761.000000 0.000000 158.000000 67.000000
6.3300 92.5300 36.2200 743.000000 0.000000 158.000000 67.000000
6.3400 93.2300 37.3900 719.000000 0.000000 159.000000 67.000000
6.3500 95.4800 38.8300 707.000000 0.000000 159.000000 67.000000
6.3600 99.0200 40.4500 727.000000 0.000000 159.000000 67.000000
6.3700 103.4300 41.8200 745.000000 0.000000 160.000000 66.000000
6.3800 108.7000 42.5500 757.000000 0.000000 160.000000 66.000000
6.3900 113.1400 42.8500 780.000000 0.000000 162.000000 66.000000
6.4000 117.0300 41.8800 777.000000 0.000000 162.000000 65.000000
6.4100 118.9000 40.5600 788.000000 0.000000 162.000000 65.000000
6.4200 119.1600 39.0100 796.000000 0.000000 162.000000 66.000000
6.4300 118.3400 36.6100 814.000000 0.000000 162.000000 66.000000
6.4400 115.6500 34.1000 824.000000 0.000000 162.000000 66.000000
6.4500 111.1700 31.5300 897.000000 0.000000 161.000000 67.000000
6.4600 105.5000 28.8300 945.000000 0.000000 158.000000 67.000000
6.4700 99.0400 26.0200 996.000000 0.000000 156.000000 68.000000
6.4800 93.2100 23.1400 1023.000000 0.000000 156.000000 68.000000
6.4900 87.8100 20.5700 1023.000000 0.000000 155.000000 69.000000
6.5000 85.7000 18.8200 987.000000 0.000000 152.000000 70.000000
6.5100 85.6000 17.6200 962.000000 0.000000 150.000000 71.000000
6.5200 86.8500 16.5500 940.000000 0.000000 148.000000 71.000000
6.5300 89.8600 16.4400 961.000000 0.000000 144.000000 72.000000
6.5400 94.3600 16.9700 964.000000 0.000000 144.000000 72.000000
6.5500 99.8600 17.9700 974.000000 0.000000 142.000000 71.000000
6.5600 105.6900 18.5800 977.000000 0.000000 139.000000 71.000000
6.5700 110.7900 18.9200 973.000000 0.000000 139.000000 71.000000
6.5800 115.4000 18.7700 965.000000 0.000000 137.000000 70.000000
6.5900 118.1700 18.5000 946.000000 0.000000 135.000000 69.000000
6.6000 119.8000 18.1400 942.000000 0.000000 135.000000 68.000000
6.6100 120.6600 17.8000 930.000000 0.000000 133.000000 67.000000
6.6200 120.6600 17.6500 896.000000 0.000000 130.000000 66.000000
6.6300 120.3800 17.6500 811.000000 0.000000 128.000000 65.000000
6.6400 119.8400 17.5000 518.000000 0.000000 127.000000 64.000000
