0.0000 86.0400 47.8700 388.000000 1.000000 106.000000 58.000000
0.0100 86.9400 49.5300 521.000000 0.000000 106.000000 58.000000
0.0200 87.1700 50.0100 679.000000 0.000000 109.000000 59.000000
0.0300 87.2500 50.2800 894.000000 0.000000 109.000000 59.000000
0.0400 87.2000 50.2300 1023.000000 0.000000 109.000000 59.000000
0.0500 87.0500 49.7300 1023.000000 0.000000 110.000000 58.000000
0.0600 86.7300 48.9300 1023.000000 0.000000 110.000000 58.000000
0.0700 86.1700 47.2300 1023.000000 0.000000 110.000000 58.000000
0.0800 85.4600 45.7200 1023.000000 0.000000 110.000000 58.000000
0.0900 84.9100 44.3500 1023.000000 0.000000 109.000000 59.000000
0.1000 84.5700 43.3600 1023.000000 0.000000 108.000000 58.000000
0.1100 84.3800 42.6700 1023.000000 0.000000 106.000000 58.000000
0.1200 84.2800 42.1900 1023.000000 0.000000 105.000000 58.000000
0.1300 84.2100 41.9400 1023.000000 0.000000 103.000000 58.000000
0.1400 84.2100 41.8600 1023.000000 0.000000 103.000000 58.000000
0.1500 84.2100 41.8600 1023.000000 0.000000 102.000000 58.000000
0.1600 84.2900 41.9800 937.000000 0.000000 102.000000 58.000000
0.1700 84.3900 42.6800 546.000000 0.000000 100.000000 59.000000
0.1800 84.3900 42.6800 0.000000 1.000000 100.000000 59.000000
0.1900 84.7600 44.6800 0.000000 0.000000 100.000000 59.000000
0.2000 84.7000 45.3100 0.000000 0.000000 100.000000 59.000000
0.2100 84.7000 45.7800 0.000000 0.000000 100.000000 59.000000
0.2200 84.7000 46.3400 0.000000 0.000000 100.000000 59.000000
0.2300 84.9800 47.0000 0.000000 0.000000 100.000000 59.000000
0.2400 85.3300 47.7300 0.000000 0.000000 102.000000 58.000000
0.2500 85.8100 48.6200 0.000000 0.000000 102.000000 58.000000
0.2600 86.3600 49.4800 0.000000 0.000000 103.000000 58.000000
0.2700 86.3600 49.4800 430.000000 1.000000 106.000000 58.000000
0.2800 87.4100 50.6700 594.000000 0.000000 108.000000 58.000000
0.2900 87.5700 50.8100 728.000000 0.000000 109.000000 57.000000
0.3000 87.8300 51.0800 805.000000 0.000000 112.000000 58.000000
0.3100 88.0900 51.1500 879.000000 0.000000 112.000000 58.000000
0.3200 88.2900 51.1000 929.000000 0.000000 113.000000 58.000000
0.3300 88.4400 50.9800 1002.000000 0.000000 113.000000 58.000000
0.3400 88.6100 50.5100 1023.000000 0.000000 112.000000 58.000000
0.3500 88.6100 49.8200 1023.000000 0.000000 112.000000 58.000000
0.3600 88.4300 49.0500 1023.000000 0.000000 112.000000 58.000000
0.3700 88.0100 48.1700 1023.000000 0.000000 110.000000 58.000000
0.3800 87.4300 47.2100 1023.000000 0.000000 111.000000 59.000000
0.3900 86.7500 46.5700 1023.000000 0.000000 111.000000 59.000000
0.4000 86.4000 46.2100 1023.000000 0.000000 111.000000 59.000000
0.4100 86.3000 46.0400 1023.000000 0.000000 111.000000 59.000000
0.4200 86.3600 46.0400 1023.000000 0.000000 111.000000 59.000000
0.4300 86.5000 46.0400 1023.000000 0.000000 111.000000 59.000000
0.4400 86.6900 45.9500 1023.000000 0.000000 111.000000 59.000000
0.4500 87.0700 45.7700 1023.000000 0.000000 111.000000 59.000000
0.4600 87.5600 45.6500 1023.000000 0.000000 111.000000 59.000000
0.4700 88.0600 45.5900 1023.000000 0.000000 111.000000 59.000000
0.4800 88.4000 45.5900 1023.000000 0.000000 111.000000 59.000000
0.4900 88.6300 45.4800 981.000000 0.000000 112.000000 60.000000
0.5000 88.8500 45.3800 763.000000 0.000000 110.000000 60.000000
0.5100 89.0700 45.3300 249.000000 0.000000 110.000000 60.000000
0.5200 89.0700 45.3300 0.000000 1.000000 110.000000 60.000000
0.5300 89.6100 45.3800 0.000000 0.000000 108.000000 60.000000
0.5400 89.6700 45.4800 0.000000 0.000000 108.000000 61.000000
0.5500 89.7800 45.6000 0.000000 0.000000 108.000000 61.000000
0.5600 89.9600 45.6600 0.000000 0.000000 108.000000 61.000000
0.5700 90.2200 45.7200 0.000000 0.000000 108.000000 61.000000
0.5800 90.5100 45.7800 0.000000 0.000000 109.000000 62.000000
0.5900 90.8500 45.9000 0.000000 0.000000 109.000000 62.000000
0.6000 90.8500 45.9000 373.000000 1.000000 109.000000 62.000000
0.6100 91.3200 46.2100 595.000000 0.000000 110.000000 63.000000
0.6200 91.3200 46.3400 736.000000 0.000000 109.000000 62.000000
0.6300 91.3200 46.4500 851.000000 0.000000 109.000000 62.000000
0.6400 91.4000 46.5800 903.000000 0.000000 108.000000 61.000000
0.6500 91.4800 46.6400 926.000000 0.000000 108.000000 60.000000
0.6600 91.5800 46.6400 986.000000 0.000000 109.000000 60.000000
0.6700 91.7100 46.7200 989.000000 0.000000 109.000000 59.000000
0.6800 91.8700 46.7900 974.000000 0.000000 110.000000 58.000000
0.6900 91.9900 46.8700 924.000000 0.000000 111.000000 57.000000
0.7000 92.0500 46.8700 827.000000 0.000000 111.000000 57.000000
0.7100 92.1000 46.8700 611.000000 0.000000 111.000000 57.000000
0.7200 92.2300 46.8700 95.000000 0.000000 111.000000 57.000000
0.7300 92.2300 46.8700 0.000000 1.000000 112.000000 58.000000
0.7400 92.6300 46.6700 0.000000 0.000000 112.000000 58.000000
0.7500 92.8100 46.6700 0.000000 0.000000 111.000000 59.000000
0.7600 92.9500 46.6700 0.000000 0.000000 111.000000 59.000000
0.7700 93.4100 46.8000 0.000000 0.000000 111.000000 59.000000
0.7800 93.8800 46.9000 0.000000 0.000000 112.000000 60.000000
0.7900 94.3400 46.9800 0.000000 0.000000 112.000000 60.000000
0.8000 94.6800 46.9800 0.000000 0.000000 112.000000 60.000000
0.8100 94.9500 46.9800 0.000000 0.000000 112.000000 60.000000
0.8200 95.0500 46.7900 0.000000 0.000000 112.000000 60.000000
0.8300 95.0500 46.7900 480.000000 1.000000 110.000000 60.000000
0.8400 94.6700 46.0300 641.000000 0.000000 110.000000 60.000000
0.8500 94.3100 45.4400 782.000000 0.000000 110.000000 60.000000
0.8600 94.0100 44.7600 858.000000 0.000000 108.000000 60.000000
0.8700 93.8000 43.9800 900.000000 0.000000 108.000000 60.000000
0.8800 93.6300 43.5200 936.000000 0.000000 108.000000 60.000000
0.8900 93.6300 43.2800 944.000000 0.000000 108.000000 60.000000
0.9000 93.6300 42.9700 986.000000 0.000000 108.000000 60.000000
0.9100 93.5700 42.9700 987.000000 0.000000 107.000000 59.000000
0.9200 93.5700 43.2000 997.000000 0.000000 107.000000 59.000000
0.9300 93.6300 43.3900 991.000000 0.000000 107.000000 59.000000
0.9400 93.9000 44.0900 982.000000 0.000000 107.000000 59.000000
0.9500 94.2900 45.1200 982.000000 0.000000 109.000000 59.000000
0.9600 94.7700 46.2500 991.000000 0.000000 109.000000 59.000000
0.9700 95.2600 47.1200 991.000000 0.000000 109.000000 59.000000
0.9800 95.7300 47.8100 1006.000000 0.000000 111.000000 59.000000
0.9900 95.9700 48.0800 1023.000000 0.000000 111.000000 59.000000
1.0000 96.0900 48.0800 1023.000000 0.000000 111.000000 59.000000
1.0100 96.0900 48.0200 1023.000000 0.000000 113.000000 59.000000
1.0200 96.0900 47.7900 1023.000000 0.000000 113.000000 59.000000
1.0300 96.0200 47.4200 1023.000000 0.000000 113.000000 59.000000
1.0400 95.9000 46.9600 1008.000000 0.000000 113.000000 59.000000
1.0500 95.8000 46.6200 759.000000 0.000000 113.000000 59.000000
1.0600 95.8000 46.6200 0.000000 1.000000 113.000000 59.000000
1.0700 95.7000 46.3000 0.000000 0.000000 113.000000 59.000000
1.0800 95.7000 46.5000 0.000000 0.000000 113.000000 59.000000
1.0900 95.7000 46.7100 0.000000 0.000000 113.000000 59.000000
1.1000 95.9800 46.9000 0.000000 0.000000 112.000000 60.000000
1.1100 96.4800 47.1000 0.000000 0.000000 112.000000 60.000000
1.1200 96.4800 47.2800 0.000000 0.000000 112.000000 60.000000
1.1300 96.8200 47.4600 0.000000 0.000000 113.000000 61.000000
1.1400 97.3200 47.5600 0.000000 0.000000 114.000000 61.000000
1.1500 97.6300 47.5600 0.000000 0.000000 114.000000 61.000000
1.1600 97.8100 47.5000 0.000000 0.000000 115.000000 62.000000
1.1700 97.8900 47.4000 0.000000 0.000000 117.000000 61.000000
1.1800 97.8900 47.4000 606.000000 1.000000 117.000000 61.000000
1.1900 97.8900 47.4000 848.000000 0.000000 117.000000 61.000000
1.2000 97.8900 47.4000 924.000000 0.000000 116.000000 60.000000
1.2100 97.8900 47.4000 1005.000000 0.000000 116.000000 60.000000
1.2200 98.1900 47.7000 1023.000000 0.000000 116.000000 60.000000
1.2300 98.4100 48.0200 1023.000000 0.000000 116.000000 60.000000
1.2400 98.6400 48.4000 1023.000000 0.000000 116.000000 60.000000
1.2500 98.8600 48.9500 1023.000000 0.000000 116.000000 60.000000
1.2600 99.1000 49.3400 1020.000000 0.000000 116.000000 60.000000
1.2700 99.2900 49.6200 879.000000 0.000000 116.000000 60.000000
1.2800 99.4400 49.8600 600.000000 0.000000 116.000000 60.000000
1.2900 99.4400 49.8600 0.000000 1.000000 116.000000 60.000000
1.3000 99.5600 49.7800 0.000000 0.000000 115.000000 60.000000
1.3100 99.4600 49.4700 0.000000 0.000000 116.000000 60.000000
1.3200 99.2500 49.1400 0.000000 0.000000 116.000000 60.000000
1.3300 99.1100 48.7400 0.000000 0.000000 116.000000 60.000000
1.3400 99.1100 48.3000 0.000000 0.000000 116.000000 60.000000
1.3500 99.1100 47.8500 0.000000 0.000000 116.000000 60.000000
1.3600 99.3000 47.5000 0.000000 0.000000 114.000000 61.000000
1.3700 99.5400 47.2100 0.000000 0.000000 114.000000 61.000000
1.3800 99.7400 47.0100 0.000000 0.000000 113.000000 60.000000
1.3900 99.8900 46.8500 0.000000 0.000000 113.000000 60.000000
1.4000 100.0100 46.7200 0.000000 0.000000 113.000000 60.000000
1.4100 100.0100 46.7200 444.000000 1.000000 113.000000 60.000000
1.4200 100.0100 46.7200 655.000000 0.000000 113.000000 60.000000
1.4300 100.0100 46.7200 737.000000 0.000000 112.000000 60.000000
1.4400 100.2000 47.2500 823.000000 0.000000 112.000000 60.000000
1.4500 100.4200 47.5500 851.000000 0.000000 112.000000 60.000000
1.4600 100.7400 47.9900 864.000000 0.000000 112.000000 60.000000
1.4700 101.1100 48.5400 867.000000 0.000000 113.000000 60.000000
1.4800 101.4900 48.9000 881.000000 0.000000 113.000000 60.000000
1.4900 101.8800 49.2500 884.000000 0.000000 113.000000 60.000000
1.5000 102.1200 49.5900 885.000000 0.000000 113.000000 59.000000
1.5100 102.2700 49.8100 890.000000 0.000000 113.000000 59.000000
1.5200 102.2700 49.8800 890.000000 0.000000 113.000000 59.000000
1.5300 102.2700 49.8800 879.000000 0.000000 113.000000 59.000000
1.5400 102.2700 49.8800 860.000000 0.000000 113.000000 59.000000
1.5500 102.2700 49.8800 861.000000 0.000000 113.000000 59.000000
1.5600 101.8000 49.5500 854.000000 0.000000 113.000000 59.000000
1.5700 101.5100 49.3400 891.000000 0.000000 113.000000 59.000000
1.5800 101.3400 49.0700 921.000000 0.000000 113.000000 59.000000
1.5900 101.2100 48.7200 941.000000 0.000000 113.000000 59.000000
1.6000 101.1400 48.4200 955.000000 0.000000 113.000000 60.000000
1.6100 101.2300 48.1800 959.000000 0.000000 112.000000 60.000000
1.6200 101.4200 47.9500 948.000000 0.000000 112.000000 60.000000
1.6300 101.6400 47.7900 873.000000 0.000000 113.000000 60.000000
1.6400 101.8800 47.7300 699.000000 0.000000 113.000000 60.000000
1.6500 102.3200 47.7300 218.000000 0.000000 114.000000 59.000000
1.6600 102.3200 47.7300 0.000000 1.000000 115.000000 60.000000
1.6700 103.4300 48.1500 0.000000 0.000000 115.000000 60.000000
1.6800 103.6100 48.3900 0.000000 0.000000 117.000000 59.000000
1.6900 103.5500 48.5600 0.000000 0.000000 117.000000 59.000000
1.7000 103.6000 48.7000 0.000000 0.000000 115.000000 60.000000
1.7100 103.6000 48.8000 0.000000 0.000000 116.000000 60.000000
1.7200 103.6700 48.8900 0.000000 0.000000 114.000000 61.000000
1.7300 103.7700 49.0200 0.000000 0.000000 114.000000 61.000000
1.7400 103.9400 49.1700 0.000000 0.000000 113.000000 61.000000
1.7500 104.1600 49.4300 0.000000 0.000000 113.000000 61.000000
1.7600 104.5800 49.6700 0.000000 0.000000 113.000000 61.000000
1.7700 105.1200 49.8600 0.000000 0.000000 112.000000 60.000000
1.7800 105.1200 49.8600 490.000000 1.000000 113.000000 60.000000
1.7900 106.3200 50.0800 690.000000 0.000000 114.000000 61.000000
1.8000 106.0800 50.1500 809.000000 0.000000 116.000000 60.000000
1.8100 106.2400 50.1500 863.000000 0.000000 116.000000 60.000000
1.8200 106.3000 50.1500 908.000000 0.000000 119.000000 61.000000
1.8300 106.3000 50.0100 939.000000 0.000000 119.000000 61.000000
1.8400 106.1000 49.6300 950.000000 0.000000 119.000000 61.000000
1.8500 105.6200 49.0700 981.000000 0.000000 117.000000 61.000000
1.8600 104.9400 48.4300 1023.000000 0.000000 117.000000 61.000000
1.8700 104.4400 48.0100 1023.000000 0.000000 117.000000 61.000000
1.8800 104.3000 47.7400 1023.000000 0.000000 115.000000 62.000000
1.8900 104.4100 47.4800 1023.000000 0.000000 115.000000 62.000000
1.9000 104.7000 47.2200 1023.000000 0.000000 115.000000 62.000000
1.9100 105.2200 47.0700 1023.000000 0.000000 116.000000 60.000000
1.9200 105.8900 47.0000 1023.000000 0.000000 116.000000 60.000000
1.9300 106.5500 47.1200 1023.000000 0.000000 118.000000 60.000000
1.9400 107.1100 47.2300 909.000000 0.000000 118.000000 60.000000
1.9500 107.3300 47.2900 619.000000 0.000000 119.000000 60.000000
1.9600 107.3300 47.2900 0.000000 1.000000 120.000000 60.000000
1.9700 106.8400 47.0900 0.000000 0.000000 120.000000 60.000000
1.9800 105.8100 46.8000 0.000000 0.000000 119.000000 61.000000
1.9900 104.4400 46.3400 0.000000 0.000000 119.000000 61.000000
2.0000 102.7200 45.8300 0.000000 0.000000 118.000000 60.000000
2.0100 100.9400 45.2300 0.000000 0.000000 118.000000 60.000000
2.0200 99.1300 44.5700 0.000000 0.000000 118.000000 60.000000
2.0300 97.7000 43.8800 0.000000 0.000000 117.000000 59.000000
2.0400 96.6900 43.1700 0.000000 0.000000 117.000000 59.000000
2.0500 95.9600 42.4400 0.000000 0.000000 117.000000 59.000000
2.0600 95.4800 41.7600 0.000000 0.000000 117.000000 59.000000
2.0700 95.0400 41.1200 0.000000 0.000000 117.000000 59.000000
2.0800 94.6100 40.5100 0.000000 0.000000 115.000000 60.000000
2.0900 94.1600 39.9600 0.000000 0.000000 115.000000 60.000000
2.1000 94.1600 39.9600 719.000000 1.000000 113.000000 60.000000
2.1100 93.7900 39.2400 808.000000 0.000000 113.000000 60.000000
2.1200 92.9500 39.3000 806.000000 0.000000 112.000000 60.000000
2.1300 93.1200 39.5500 817.000000 0.000000 112.000000 60.000000
2.1400 93.7100 40.2100 869.000000 0.000000 113.000000 61.000000
2.1500 94.5900 41.1800 930.000000 0.000000 113.000000 61.000000
2.1600 95.8600 42.3500 958.000000 0.000000 113.000000 61.000000
2.1700 97.6100 44.0000 973.000000 0.000000 112.000000 62.000000
2.1800 99.6700 45.9300 965.000000 0.000000 113.000000 63.000000
2.1900 101.6500 48.0600 983.000000 0.000000 113.000000 63.000000
2.2000 103.2200 50.1500 992.000000 0.000000 114.000000 64.000000
2.2100 104.5200 51.5600 1023.000000 0.000000 114.000000 64.000000
2.2200 104.6000 52.5200 1023.000000 0.000000 115.000000 65.000000
2.2300 103.8600 53.0800 1023.000000 0.000000 115.000000 65.000000
2.2400 102.5700 53.2000 1023.000000 0.000000 115.000000 65.000000
2.2500 101.1600 53.0400 1023.000000 0.000000 115.000000 65.000000
2.2600 99.5200 52.4900 1023.000000 0.000000 115.000000 65.000000
2.2700 97.7200 51.6900 1023.000000 0.000000 115.000000 65.000000
2.2800 96.1100 50.7200 1023.000000 0.000000 118.000000 65.000000
2.2900 94.9400 49.7500 1023.000000 0.000000 116.000000 66.000000
2.3000 94.0500 48.7700 1023.000000 0.000000 116.000000 66.000000
2.3100 93.8500 47.7500 1023.000000 0.000000 117.000000 67.000000
2.3200 94.2700 46.6800 1023.000000 0.000000 115.000000 67.000000
2.3300 95.1100 45.6400 1023.000000 0.000000 116.000000 68.000000
2.3400 96.1900 44.6500 1023.000000 0.000000 114.000000 68.000000
2.3500 97.0800 43.8100 1023.000000 0.000000 115.000000 69.000000
2.3600 97.8300 42.9900 1023.000000 0.000000 112.000000 70.000000
2.3700 98.0800 42.1800 1023.000000 0.000000 112.000000 70.000000
2.3800 97.8000 41.3500 1023.000000 0.000000 112.000000 70.000000
2.3900 97.1700 40.4700 1023.000000 0.000000 113.000000 71.000000
2.4000 95.9000 39.4800 1023.000000 0.000000 116.000000 70.000000
2.4100 94.4300 38.7300 1023.000000 0.000000 116.000000 70.000000
2.4200 92.8200 38.1600 1023.000000 0.000000 116.000000 70.000000
2.4300 91.7900 37.9200 1023.000000 0.000000 116.000000 70.000000
2.4400 91.4200 38.0100 1023.000000 0.000000 116.000000 70.000000
2.4500 91.4900 38.3200 1023.000000 0.000000 115.000000 69.000000
2.4600 92.3100 38.9700 1023.000000 0.000000 115.000000 69.000000
2.4700 94.1300 40.0400 1023.000000 0.000000 115.000000 69.000000
2.4800 96.6100 41.3900 1023.000000 0.000000 115.000000 69.000000
2.4900 99.7300 43.0600 1023.000000 0.000000 115.000000 69.000000
2.5000 103.0600 44.9000 1023.000000 0.000000 115.000000 69.000000
2.5100 106.5300 46.8500 1006.000000 0.000000 116.000000 70.000000
2.5200 109.4500 49.0800 1018.000000 0.000000 116.000000 70.000000
2.5300 111.3700 50.8900 1023.000000 0.000000 116.000000 70.000000
2.5400 112.6200 52.4100 1023.000000 0.000000 116.000000 70.000000
2.5500 112.6200 53.7400 1023.000000 0.000000 116.000000 70.000000
2.5600 111.7000 54.7800 1023.000000 0.000000 113.000000 71.000000
2.5700 110.1500 55.6200 1023.000000 0.000000 113.000000 71.000000
2.5800 107.8000 56.0300 1023.000000 0.000000 113.000000 71.000000
2.5900 104.4900 55.8000 1023.000000 0.000000 113.000000 71.000000
2.6000 100.5300 55.1500 1023.000000 0.000000 116.000000 70.000000
2.6100 96.0300 54.1700 1023.000000 0.000000 116.000000 70.000000
2.6200 91.5600 52.6600 1023.000000 0.000000 116.000000 70.000000
2.6300 87.1100 50.8100 1023.000000 0.000000 115.000000 69.000000
2.6400 83.2900 49.0300 1023.000000 0.000000 115.000000 69.000000
2.6500 80.9100 47.4100 1023.000000 0.000000 115.000000 69.000000
2.6600 79.4800 45.8900 1023.000000 0.000000 115.000000 69.000000
2.6700 79.3200 44.7200 1023.000000 0.000000 115.000000 69.000000
2.6800 80.4100 43.6900 1023.000000 0.000000 112.000000 70.000000
2.6900 82.3200 42.7600 1023.000000 0.000000 113.000000 71.000000
2.7000 85.8000 42.6600 1023.000000 0.000000 113.000000 71.000000
2.7100 90.0900 42.8600 1023.000000 0.000000 113.000000 71.000000
2.7200 94.9100 43.2700 1023.000000 0.000000 115.000000 71.000000
2.7300 99.8500 43.6500 1023.000000 0.000000 115.000000 71.000000
2.7400 103.9500 44.0800 1023.000000 0.000000 116.000000 72.000000
2.7500 107.4900 44.1300 1023.000000 0.000000 116.000000 72.000000
2.7600 109.7900 43.9000 1023.000000 0.000000 118.000000 73.000000
2.7700 110.8100 43.5800 1023.000000 0.000000 118.000000 73.000000
2.7800 110.9800 43.2400 1023.000000 0.000000 118.000000 73.000000
2.7900 110.7500 42.8300 1023.000000 0.000000 118.000000 73.000000
2.8000 109.9800 42.0600 1023.000000 0.000000 116.000000 72.000000
2.8100 108.8500 41.0600 1023.000000 0.000000 118.000000 73.000000
2.8200 107.3900 39.9800 1023.000000 0.000000 118.000000 73.000000
2.8300 105.9200 39.0200 983.000000 0.000000 118.000000 73.000000
2.8400 104.4400 38.1500 277.000000 0.000000 118.000000 73.000000
