0.0000 51.4600 11.8100 353.000000 1.000000 92.000000 63.000000
0.0100 52.5000 13.2100 560.000000 0.000000 92.000000 63.000000
0.0200 52.5800 13.5500 763.000000 0.000000 90.000000 63.000000
0.0300 52.5000 13.5000 897.000000 0.000000 90.000000 62.000000
0.0400 52.5000 13.3900 980.000000 0.000000 90.000000 62.000000
0.0500 52.0900 12.6000 1023.000000 0.000000 90.000000 62.000000
0.0600 51.4900 11.3900 1023.000000 0.000000 90.000000 62.000000
0.0700 50.8400 10.1200 1023.000000 0.000000 90.000000 62.000000
0.0800 50.1300 8.8400 1023.000000 0.000000 90.000000 62.000000
0.0900 49.3800 7.5600 1023.000000 0.000000 90.000000 63.000000
0.1000 48.9400 6.5600 1023.000000 0.000000 90.000000 63.000000
0.1100 48.5600 5.8400 1023.000000 0.000000 90.000000 63.000000
0.1200 48.4000 5.3200 1023.000000 0.000000 90.000000 64.000000
0.1300 48.4000 5.2200 991.000000 0.000000 90.000000 64.000000
0.1400 48.4900 5.5100 793.000000 0.000000 90.000000 64.000000
0.1500 48.7000 6.0500 136.000000 0.000000 90.000000 65.000000
0.1600 48.7000 6.0500 0.000000 1.000000 90.000000 65.000000
0.1700 49.4100 8.3800 0.000000 0.000000 90.000000 65.000000
0.1800 49.6600 9.6300 0.000000 0.000000 90.000000 65.000000
0.1900 49.7800 10.4000 0.000000 0.000000 90.000000 65.000000
0.2000 49.9600 10.9600 0.000000 0.000000 90.000000 64.000000
0.2100 50.1100 11.3900 0.000000 0.000000 92.000000 64.000000
0.2200 50.2500 11.7900 0.000000 0.000000 92.000000 63.000000
0.2300 50.5300 12.2300 0.000000 0.000000 92.000000 63.000000
0.2400 50.9700 12.7900 0.000000 0.000000 92.000000 63.000000
0.2500 50.9700 12.7900 237.000000 1.000000 92.000000 62.000000
0.2600 52.4200 14.0400 422.000000 0.000000 92.000000 62.000000
0.2700 53.0900 14.2600 585.000000 0.000000 92.000000 62.000000
0.2800 53.6000 14.2600 743.000000 0.000000 94.000000 62.000000
0.2900 54.0300 13.9900 878.000000 0.000000 94.000000 63.000000
0.3000 54.2200 13.7600 1014.000000 0.000000 92.000000 63.000000
0.3100 54.2200 13.2300 1023.000000 0.000000 92.000000 63.000000
0.3200 54.0500 12.5200 1023.000000 0.000000 92.000000 64.000000
0.3300 53.6000 11.5800 1023.000000 0.000000 92.000000 64.000000
0.3400 52.9900 10.6200 1023.000000 0.000000 92.000000 64.000000
0.3500 52.3000 9.7700 1023.000000 0.000000 92.000000 64.000000
0.3600 51.6500 8.9900 1023.000000 0.000000 92.000000 64.000000
0.3700 51.0800 8.4500 1023.000000 0.000000 92.000000 64.000000
0.3800 50.8300 8.2200 1023.000000 0.000000 92.000000 64.000000
0.3900 50.7800 8.2200 1023.000000 0.000000 92.000000 64.000000
0.4000 50.9100 8.2700 1023.000000 0.000000 94.000000 64.000000
0.4100 51.0600 8.3200 1023.000000 0.000000 94.000000 63.000000
0.4200 51.2400 8.3200 1023.000000 0.000000 94.000000 63.000000
0.4300 51.5000 8.2600 1023.000000 0.000000 96.000000 63.000000
0.4400 51.8800 8.2600 1023.000000 0.000000 96.000000 63.000000
0.4500 52.3500 8.3900 1023.000000 0.000000 96.000000 64.000000
0.4600 52.6200 8.3900 1023.000000 0.000000 96.000000 64.000000
0.4700 52.9100 8.3900 837.000000 0.000000 98.000000 64.000000
0.4800 53.2500 8.4500 273.000000 0.000000 98.000000 64.000000
0.4900 53.2500 8.4500 0.000000 1.000000 98.000000 64.000000
0.5000 53.9000 8.6400 0.000000 0.000000 99.000000 65.000000
0.5100 54.1200 8.7100 0.000000 0.000000 99.000000 65.000000
0.5200 54.3000 8.7600 0.000000 0.000000 99.000000 65.000000
0.5300 54.5000 8.7600 0.000000 0.000000 99.000000 65.000000
0.5400 54.7000 8.7600 0.000000 0.000000 99.000000 65.000000
0.5500 54.8900 8.7600 0.000000 0.000000 99.000000 66.000000
0.5600 55.1000 8.7600 0.000000 0.000000 99.000000 66.000000
0.5700 55.3200 8.8300 0.000000 0.000000 99.000000 66.000000
0.5800 55.5800 8.9400 0.000000 0.000000 99.000000 66.000000
0.5900 55.8500 9.0900 0.000000 0.000000 99.000000 66.000000
0.6000 55.8500 9.0900 619.000000 1.000000 99.000000 66.000000
0.6100 55.8500 9.0900 788.000000 0.000000 99.000000 66.000000
0.6200 55.8500 9.0900 864.000000 0.000000 99.000000 67.000000
0.6300 55.8500 9.0900 912.000000 0.000000 99.000000 67.000000
0.6400 55.8500 9.0900 933.000000 0.000000 99.000000 67.000000
0.6500 56.2500 9.0900 944.000000 0.000000 97.000000 67.000000
0.6600 56.5300 9.2000 935.000000 0.000000 97.000000 67.000000
0.6700 56.8700 9.3300 909.000000 0.000000 97.000000 67.000000
0.6800 57.1900 9.4400 814.000000 0.000000 97.000000 67.000000
0.6900 57.2700 9.4400 599.000000 0.000000 97.000000 67.000000
0.7000 57.2200 9.4400 94.000000 0.000000 97.000000 67.000000
0.7100 57.2200 9.4400 0.000000 1.000000 97.000000 68.000000
0.7200 57.1400 9.3000 0.000000 0.000000 97.000000 68.000000
0.7300 56.9500 9.3000 0.000000 0.000000 97.000000 68.000000
0.7400 56.9500 9.3000 0.000000 0.000000 98.000000 69.000000
0.7500 57.1500 9.3900 0.000000 0.000000 98.000000 69.000000
0.7600 57.5300 9.5000 0.000000 0.000000 98.000000 69.000000
0.7700 58.0000 9.6500 0.000000 0.000000 98.000000 69.000000
0.7800 58.5300 9.7500 0.000000 0.000000 100.000000 68.000000
0.7900 58.9600 9.8200 0.000000 0.000000 100.000000 68.000000
0.8000 59.3000 9.8200 0.000000 0.000000 99.000000 67.000000
0.8100 59.3800 9.5400 0.000000 0.000000 99.000000 66.000000
0.8200 59.3800 9.5400 731.000000 1.000000 99.000000 66.000000
0.8300 58.7800 8.6800 861.000000 0.000000 99.000000 65.000000
0.8400 58.2900 8.1000 974.000000 0.000000 99.000000 65.000000
0.8500 58.0100 7.4400 1014.000000 0.000000 99.000000 65.000000
0.8600 57.8700 6.8700 1023.000000 0.000000 99.000000 65.000000
0.8700 57.7900 6.5200 1023.000000 0.000000 101.000000 65.000000
0.8800 57.7900 6.3300 1023.000000 0.000000 101.000000 65.000000
0.8900 57.8500 6.2500 1023.000000 0.000000 101.000000 65.000000
0.9000 57.8500 6.3200 1023.000000 0.000000 101.000000 65.000000
0.9100 57.8500 6.4800 1023.000000 0.000000 101.000000 65.000000
0.9200 57.9400 7.0900 1023.000000 0.000000 99.000000 65.000000
0.9300 58.2600 7.8500 1023.000000 0.000000 99.000000 65.000000
0.9400 58.7500 8.7100 1008.000000 0.000000 99.000000 65.000000
0.9500 59.4300 9.6300 1015.000000 0.000000 99.000000 65.000000
0.9600 59.9900 10.4500 1023.000000 0.000000 96.000000 64.000000
0.9700 60.4600 10.7400 1023.000000 0.000000 96.000000 64.000000
0.9800 60.7400 10.7400 1023.000000 0.000000 96.000000 64.000000
0.9900 60.8300 10.6400 1023.000000 0.000000 94.000000 64.000000
1.0000 60.7800 10.5600 1023.000000 0.000000 94.000000 64.000000
1.0100 60.6300 10.2600 1023.000000 0.000000 94.000000 64.000000
1.0200 60.4800 9.8300 1023.000000 0.000000 94.000000 64.000000
1.0300 60.2600 9.5500 1023.000000 0.000000 94.000000 64.000000
1.0400 59.9900 9.4100 779.000000 0.000000 94.000000 65.000000
1.0500 59.9900 9.4100 0.000000 1.000000 94.000000 65.000000
1.0600 60.0400 9.5300 0.000000 0.000000 94.000000 65.000000
1.0700 60.0400 9.7000 0.000000 0.000000 94.000000 65.000000
1.0800 60.2000 9.8900 0.000000 0.000000 94.000000 65.000000
1.0900 60.3800 10.0400 0.000000 0.000000 96.000000 65.000000
1.1000 60.6500 10.1900 0.000000 0.000000 96.000000 64.000000
1.1100 61.0900 10.3400 0.000000 0.000000 96.000000 64.000000
1.1200 61.6300 10.4600 0.000000 0.000000 98.000000 63.000000
1.1300 62.0400 10.5300 0.000000 0.000000 98.000000 63.000000
1.1400 62.3300 10.5300 0.000000 0.000000 98.000000 63.000000
1.1500 62.5300 10.3700 0.000000 0.000000 99.000000 62.000000
1.1600 62.5300 10.1700 0.000000 0.000000 99.000000 62.000000
1.1700 62.5300 9.9600 0.000000 0.000000 99.000000 62.000000
1.1800 62.5300 9.9600 745.000000 1.000000 100.000000 63.000000
1.1900 62.4500 9.6700 861.000000 0.000000 98.000000 63.000000
1.2000 62.4500 9.6700 977.000000 0.000000 98.000000 63.000000
1.2100 62.5300 9.7800 1023.000000 0.000000 98.000000 64.000000
1.2200 62.7200 10.0300 1023.000000 0.000000 96.000000 64.000000
1.2300 62.9800 10.3700 1023.000000 0.000000 96.000000 65.000000
1.2400 63.2400 10.8000 1023.000000 0.000000 94.000000 65.000000
1.2500 63.4900 11.3800 1023.000000 0.000000 94.000000 65.000000
1.2600 63.8100 12.0600 1023.000000 0.000000 94.000000 65.000000
1.2700 64.0700 12.4400 1023.000000 0.000000 94.000000 66.000000
1.2800 64.2900 12.8200 817.000000 0.000000 94.000000 66.000000
1.2900 64.4800 12.9700 241.000000 0.000000 94.000000 66.000000
1.3000 64.4800 12.9700 0.000000 1.000000 94.000000 66.000000
1.3100 64.5400 12.6900 0.000000 0.000000 94.000000 66.000000
1.3200 64.2900 12.2600 0.000000 0.000000 94.000000 66.000000
1.3300 64.1300 11.7400 0.000000 0.000000 94.000000 66.000000
1.3400 64.0800 11.2600 0.000000 0.000000 97.000000 66.000000
1.3500 64.0800 10.8700 0.000000 0.000000 96.000000 65.000000
1.3600 64.1700 10.5500 0.000000 0.000000 99.000000 65.000000
1.3700 64.3100 10.2100 0.000000 0.000000 99.000000 65.000000
1.3800 64.4000 9.9600 0.000000 0.000000 101.000000 65.000000
1.3900 64.4500 9.7700 0.000000 0.000000 101.000000 65.000000
1.4000 64.4500 9.6400 0.000000 0.000000 101.000000 65.000000
1.4100 64.5400 9.5100 0.000000 0.000000 103.000000 64.000000
1.4200 64.6200 9.5100 0.000000 0.000000 103.000000 64.000000
1.4300 64.6200 9.5100 570.000000 1.000000 101.000000 65.000000
1.4400 64.6200 9.5100 700.000000 0.000000 101.000000 66.000000
1.4500 64.8000 9.8900 749.000000 0.000000 101.000000 66.000000
1.4600 65.1300 10.1800 811.000000 0.000000 99.000000 66.000000
1.4700 65.4900 10.4700 819.000000 0.000000 99.000000 66.000000
1.4800 65.8600 10.8000 836.000000 0.000000 97.000000 66.000000
1.4900 66.1400 11.1600 854.000000 0.000000 97.000000 67.000000
1.5000 66.4900 11.4700 873.000000 0.000000 97.000000 67.000000
1.5100 66.8900 11.7400 897.000000 0.000000 95.000000 67.000000
1.5200 67.0900 11.9500 900.000000 0.000000 95.000000 67.000000
1.5300 67.2200 12.1500 892.000000 0.000000 95.000000 67.000000
1.5400 67.3100 12.3500 906.000000 0.000000 95.000000 67.000000
1.5500 67.3100 12.5300 896.000000 0.000000 95.000000 67.000000
1.5600 67.3100 12.7100 872.000000 0.000000 95.000000 67.000000
1.5700 67.3800 12.8600 861.000000 0.000000 95.000000 67.000000
1.5800 67.4400 12.9500 861.000000 0.000000 95.000000 67.000000
1.5900 67.4400 12.9500 863.000000 0.000000 95.000000 67.000000
1.6000 67.4400 12.9500 866.000000 0.000000 95.000000 67.000000
1.6100 67.4400 12.9000 870.000000 0.000000 95.000000 68.000000
1.6200 67.4400 12.9000 875.000000 0.000000 97.000000 68.000000
1.6300 67.5000 12.8500 887.000000 0.000000 97.000000 68.000000
1.6400 67.5900 12.8500 887.000000 0.000000 97.000000 68.000000
1.6500 67.6500 12.7900 893.000000 0.000000 97.000000 68.000000
1.6600 67.6500 12.7900 905.000000 0.000000 97.000000 68.000000
1.6700 67.6500 12.7900 908.000000 0.000000 97.000000 68.000000
1.6800 67.6500 12.7900 926.000000 0.000000 97.000000 68.000000
1.6900 67.6500 12.7900 932.000000 0.000000 97.000000 68.000000
1.7000 67.6500 12.7900 932.000000 0.000000 97.000000 68.000000
1.7100 67.6500 12.7900 921.000000 0.000000 97.000000 68.000000
1.7200 67.6500 12.7900 917.000000 0.000000 97.000000 68.000000
1.7300 67.6500 12.7900 914.000000 0.000000 97.000000 68.000000
1.7400 67.6500 12.7900 914.000000 0.000000 97.000000 68.000000
1.7500 68.0500 12.7800 914.000000 0.000000 97.000000 68.000000
1.7600 68.3700 12.8600 911.000000 0.000000 97.000000 68.000000
1.7700 68.6600 12.9500 911.000000 0.000000 97.000000 68.000000
1.7800 68.7700 12.9500 917.000000 0.000000 97.000000 68.000000
1.7900 68.7700 12.9500 938.000000 0.000000 97.000000 68.000000
1.8000 68.7700 12.9500 983.000000 0.000000 97.000000 68.000000
1.8100 68.7700 12.9500 1012.000000 0.000000 97.000000 67.000000
1.8200 68.7200 12.9500 1023.000000 0.000000 97.000000 67.000000
1.8300 68.5200 12.7400 1023.000000 0.000000 97.000000 67.000000
1.8400 68.2300 12.4300 1023.000000 0.000000 97.000000 66.000000
1.8500 67.8700 12.0800 1023.000000 0.000000 97.000000 67.000000
1.8600 67.6700 11.7300 1023.000000 0.000000 97.000000 67.000000
1.8700 67.6100 11.3400 1023.000000 0.000000 97.000000 67.000000
1.8800 67.6100 11.0400 1023.000000 0.000000 97.000000 68.000000
1.8900 67.8400 10.8200 1023.000000 0.000000 97.000000 68.000000
1.9000 68.0800 10.6200 988.000000 0.000000 98.000000 69.000000
1.9100 68.3300 10.6200 757.000000 0.000000 98.000000 69.000000
1.9200 68.3300 10.6200 0.000000 1.000000 98.000000 69.000000
1.9300 69.3800 11.0100 0.000000 0.000000 98.000000 70.000000
1.9400 69.8800 11.2500 0.000000 0.000000 98.000000 70.000000
1.9500 70.0400 11.4200 0.000000 0.000000 101.000000 70.000000
1.9600 70.2000 11.5700 0.000000 0.000000 100.000000 69.000000
1.9700 70.3700 11.6900 0.000000 0.000000 103.000000 69.000000
1.9800 70.4400 11.8000 0.000000 0.000000 105.000000 67.000000
1.9900 70.4400 11.9000 0.000000 0.000000 107.000000 67.000000
2.0000 70.4400 11.9800 0.000000 0.000000 106.000000 66.000000
2.0100 70.5000 12.1600 0.000000 0.000000 108.000000 66.000000
2.0200 70.5000 12.4200 0.000000 0.000000 108.000000 66.000000
2.0300 70.5600 12.6000 0.000000 0.000000 110.000000 65.000000
2.0400 70.5600 12.6000 415.000000 1.000000 110.000000 66.000000
2.0500 70.6600 12.9200 707.000000 0.000000 108.000000 66.000000
2.0600 70.7300 13.0300 791.000000 0.000000 108.000000 66.000000
2.0700 70.8800 13.1000 896.000000 0.000000 107.000000 67.000000
2.0800 71.2300 13.2300 968.000000 0.000000 107.000000 67.000000
2.0900 71.7100 13.3900 1018.000000 0.000000 105.000000 67.000000
2.1000 72.2400 13.3900 1023.000000 0.000000 102.000000 68.000000
2.1100 72.5600 13.3400 1023.000000 0.000000 102.000000 68.000000
2.1200 72.7400 13.2400 1023.000000 0.000000 102.000000 68.000000
2.1300 72.6800 13.0500 1023.000000 0.000000 100.000000 68.000000
2.1400 72.2900 12.6100 1023.000000 0.000000 100.000000 68.000000
2.1500 71.6700 12.0000 1023.000000 0.000000 99.000000 67.000000
2.1600 70.9600 11.4300 1023.000000 0.000000 99.000000 67.000000
2.1700 70.6400 11.0800 1023.000000 0.000000 99.000000 67.000000
2.1800 70.5900 10.8800 1023.000000 0.000000 99.000000 67.000000
2.1900 70.7600 10.6500 1023.000000 0.000000 99.000000 67.000000
2.2000 71.1100 10.4500 1023.000000 0.000000 99.000000 67.000000
2.2100 71.5700 10.3800 1023.000000 0.000000 99.000000 67.000000
2.2200 72.3300 10.3800 1023.000000 0.000000 99.000000 67.000000
2.2300 73.0100 10.5000 1023.000000 0.000000 99.000000 67.000000
2.2400 73.4700 10.6100 1020.000000 0.000000 100.000000 68.000000
2.2500 73.8100 10.7100 746.000000 0.000000 100.000000 68.000000
2.2600 73.8100 10.7100 0.000000 1.000000 100.000000 69.000000
2.2700 73.3100 10.5300 0.000000 0.000000 100.000000 69.000000
2.2800 72.5400 10.3800 0.000000 0.000000 103.000000 69.000000
2.2900 71.5800 10.2200 0.000000 0.000000 103.000000 69.000000
2.3000 70.3500 10.0400 0.000000 0.000000 105.000000 68.000000
2.3100 68.9500 9.7800 0.000000 0.000000 105.000000 68.000000
2.3200 67.4900 9.4200 0.000000 0.000000 108.000000 68.000000
2.3300 66.4700 9.0900 0.000000 0.000000 109.000000 67.000000
2.3400 65.7400 8.8000 0.000000 0.000000 111.000000 67.000000
2.3500 65.2800 8.4600 0.000000 0.000000 114.000000 66.000000
2.3600 64.9600 8.1200 0.000000 0.000000 116.000000 66.000000
2.3700 64.7200 7.8100 0.000000 0.000000 116.000000 66.000000
2.3800 64.3900 7.5200 0.000000 0.000000 116.000000 66.000000
2.3900 64.1100 7.2700 0.000000 0.000000 118.000000 65.000000
2.4000 63.3700 6.9700 0.000000 0.000000 118.000000 65.000000
2.4100 62.3100 6.5800 0.000000 0.000000 118.000000 65.000000
2.4200 61.5600 6.1500 0.000000 0.000000 117.000000 65.000000
2.4300 61.5600 6.1500 788.000000 1.000000 115.000000 65.000000
2.4400 60.0700 5.1800 893.000000 0.000000 114.000000 64.000000
2.4500 59.1700 4.9000 906.000000 0.000000 112.000000 64.000000
2.4600 58.7000 4.7700 933.000000 0.000000 110.000000 65.000000
2.4700 58.5200 4.7000 924.000000 0.000000 106.000000 66.000000
2.4800 58.7300 4.8600 944.000000 0.000000 104.000000 66.000000
2.4900 59.4500 5.1800 956.000000 0.000000 102.000000 67.000000
2.5000 60.5000 6.0700 980.000000 0.000000 100.000000 68.000000
2.5100 62.0000 7.2600 977.000000 0.000000 97.000000 68.000000
2.5200 63.6800 8.6600 977.000000 0.000000 98.000000 69.000000
2.5300 65.4900 10.2600 973.000000 0.000000 95.000000 69.000000
2.5400 67.1300 12.1300 982.000000 0.000000 95.000000 70.000000
2.5500 68.5000 14.1800 996.000000 0.000000 95.000000 70.000000
2.5600 69.6800 16.0600 1023.000000 0.000000 96.000000 71.000000
2.5700 70.5200 17.9000 1023.000000 0.000000 96.000000 71.000000
2.5800 70.9500 19.1400 1023.000000 0.000000 99.000000 71.000000
2.5900 71.1100 20.0100 1023.000000 0.000000 99.000000 71.000000
2.6000 70.8200 20.4400 1023.000000 0.000000 99.000000 71.000000
2.6100 70.1200 20.5100 1000.000000 0.000000 101.000000 71.000000
2.6200 69.1500 20.3500 1023.000000 0.000000 104.000000 70.000000
2.6300 67.5100 19.5900 1023.000000 0.000000 104.000000 70.000000
2.6400 65.8700 18.6000 1023.000000 0.000000 104.000000 70.000000
2.6500 64.8600 17.4600 1023.000000 0.000000 104.000000 70.000000
2.6600 64.2500 16.2200 1023.000000 0.000000 105.000000 71.000000
2.6700 64.1500 15.0600 1023.000000 0.000000 102.000000 72.000000
2.6800 64.4700 13.9500 1023.000000 0.000000 99.000000 72.000000
2.6900 65.0700 13.0000 1023.000000 0.000000 96.000000 72.000000
2.7000 65.6200 12.1200 1023.000000 0.000000 96.000000 72.000000
2.7100 65.9200 11.2900 1023.000000 0.000000 93.000000 72.000000
2.7200 66.0400 10.5500 1023.000000 0.000000 90.000000 72.000000
2.7300 65.5700 9.6800 1023.000000 0.000000 90.000000 72.000000
2.7400 64.3700 8.7300 1023.000000 0.000000 90.000000 72.000000
2.7500 62.6800 7.8000 1023.000000 0.000000 90.000000 72.000000
2.7600 60.6700 6.8500 1023.000000 0.000000 90.000000 72.000000
2.7700 58.9200 6.1600 1023.000000 0.000000 90.000000 72.000000
2.7800 57.3500 5.6700 1023.000000 0.000000 93.000000 72.000000
2.7900 56.4500 5.5100 1023.000000 0.000000 93.000000 72.000000
2.8000 56.2300 5.5100 1023.000000 0.000000 93.000000 73.000000
2.8100 56.4600 5.5100 1023.000000 0.000000 97.000000 73.000000
2.8200 57.4800 5.9600 1023.000000 0.000000 97.000000 73.000000
2.8300 59.4600 6.6300 1023.000000 0.000000 97.000000 74.000000
2.8400 62.0800 7.4700 1023.000000 0.000000 97.000000 74.000000
2.8500 65.2500 8.3800 1023.000000 0.000000 93.000000 74.000000
2.8600 68.7100 9.5100 1023.000000 0.000000 93.000000 74.000000
2.8700 72.3600 10.7800 1023.000000 0.000000 93.000000 74.000000
2.8800 75.5300 12.1000 1023.000000 0.000000 93.000000 74.000000
2.8900 77.9600 13.6000 1023.000000 0.000000 93.000000 74.000000
2.9000 79.9000 15.2200 1023.000000 0.000000 93.000000 74.000000
2.9100 80.8600 16.7400 1023.000000 0.000000 97.000000 75.000000
2.9200 80.9200 18.2500 1023.000000 0.000000 97.000000 75.000000
2.9300 80.3700 19.3700 1023.000000 0.000000 101.000000 75.000000
2.9400 78.9000 20.2400 1023.000000 0.000000 105.000000 75.000000
2.9500 76.2700 20.9200 1023.000000 0.000000 107.000000 73.000000
2.9600 72.8700 21.0300 1023.000000 0.000000 110.000000 73.000000
2.9700 68.3600 20.7600 1023.000000 0.000000 110.000000 73.000000
2.9800 63.3700 20.2100 1023.000000 0.000000 109.000000 72.000000
2.9900 58.0700 19.2200 1023.000000 0.000000 108.000000 71.000000
3.0000 52.5400 17.9500 1023.000000 0.000000 105.000000 71.000000
3.0100 47.8400 16.4500 1023.000000 0.000000 102.000000 72.000000
3.0200 43.6900 15.0400 1023.000000 0.000000 99.000000 71.000000
3.0300 40.5900 13.6900 1023.000000 0.000000 96.000000 71.000000
3.0400 38.9200 12.4700 1023.000000 0.000000 95.000000 70.000000
3.0500 38.2100 11.5200 1023.000000 0.000000 93.000000 70.000000
3.0600 38.7000 10.7400 1023.000000 0.000000 90.000000 70.000000
3.0700 40.3500 10.0800 1023.000000 0.000000 90.000000 70.000000
3.0800 42.7800 9.7200 1023.000000 0.000000 90.000000 71.000000
3.0900 46.3900 9.5700 1023.000000 0.000000 90.000000 71.000000
3.1000 50.9900 9.7300 1023.000000 0.000000 90.000000 72.000000
3.1100 56.2400 9.9400 1023.000000 0.000000 87.000000 73.000000
3.1200 61.9900 10.2000 1023.000000 0.000000 90.000000 73.000000
3.1300 67.0300 10.4700 1023.000000 0.000000 90.000000 74.000000
3.1400 71.5900 10.1900 1023.000000 0.000000 90.000000 75.000000
3.1500 74.4400 9.8800 1023.000000 0.000000 90.000000 76.000000
3.1600 75.9100 9.4200 1023.000000 0.000000 90.000000 76.000000
3.1700 76.4500 8.8800 1023.000000 0.000000 90.000000 76.000000
3.1800 76.2400 8.3300 1023.000000 0.000000 94.000000 76.000000
3.1900 75.6200 7.7400 1023.000000 0.000000 94.000000 76.000000
3.2000 74.7300 6.9100 1023.000000 0.000000 98.000000 76.000000
3.2100 73.0600 5.9300 1023.000000 0.000000 97.000000 75.000000
3.2200 71.4000 4.9600 1023.000000 0.000000 101.000000 75.000000
3.2300 69.7500 4.1600 1023.000000 0.000000 101.000000 75.000000
3.2400 68.4700 3.4700 1023.000000 0.000000 98.000000 76.000000
3.2500 67.7200 3.0400 721.000000 0.000000 98.000000 76.000000
