0.0000 15.2700 49.6000 171.000000 1.000000 90.000000 65.000000
0.0100 15.9100 50.8900 427.000000 0.000000 90.000000 65.000000
0.0200 16.0500 51.1700 662.000000 0.000000 92.000000 64.000000
0.0300 16.0500 51.1700 845.000000 0.000000 92.000000 63.000000
0.0400 15.8200 50.5800 992.000000 0.000000 92.000000 63.000000
0.0500 15.5400 49.8300 1023.000000 0.000000 94.000000 62.000000
0.0600 14.9700 48.3300 1023.000000 0.000000 94.000000 62.000000
0.0700 14.4000 46.7000 1023.000000 0.000000 92.000000 62.000000
0.0800 13.8600 44.9900 1023.000000 0.000000 92.000000 61.000000
0.0900 13.4100 43.9200 1023.000000 0.000000 92.000000 61.000000
0.1000 13.1200 43.0700 1023.000000 0.000000 90.000000 61.000000
0.1100 12.9800 42.3600 1023.000000 0.000000 90.000000 61.000000
0.1200 12.9800 42.1400 1017.000000 0.000000 88.000000 61.000000
0.1300 12.9800 42.2300 690.000000 0.000000 88.000000 61.000000
0.1400 12.9800 42.2300 0.000000 1.000000 86.000000 61.000000
0.1500 13.1200 43.6100 0.000000 0.000000 86.000000 61.000000
0.1600 13.0600 44.7300 0.000000 0.000000 86.000000 61.000000
0.1700 12.8800 45.9200 0.000000 0.000000 86.000000 61.000000
0.1800 12.8000 46.8300 0.000000 0.000000 88.000000 62.000000
0.1900 12.8900 47.5600 0.000000 0.000000 88.000000 62.000000
0.2000 13.0900 48.0400 0.000000 0.000000 88.000000 62.000000
0.2100 13.2700 48.4400 0.000000 0.000000 90.000000 63.000000
0.2200 13.4500 48.7900 0.000000 0.000000 90.000000 63.000000
0.2300 13.6300 49.2000 0.000000 0.000000 90.000000 64.000000
0.2400 13.8100 49.7000 0.000000 0.000000 90.000000 64.000000
0.2500 13.9800 50.2600 0.000000 0.000000 90.000000 64.000000
0.2600 14.2400 50.7800 0.000000 0.000000 90.000000 64.000000
0.2700 14.2400 50.7800 699.000000 1.000000 92.000000 64.000000
0.2800 14.8700 51.3900 803.000000 0.000000 92.000000 64.000000
0.2900 14.8700 51.5300 897.000000 0.000000 94.000000 64.000000
0.3000 15.1200 51.6300 982.000000 0.000000 94.000000 63.000000
0.3100 15.5300 51.6300 1023.000000 0.000000 96.000000 63.000000
0.3200 15.8700 51.6300 1023.000000 0.000000 98.000000 63.000000
0.3300 16.1400 51.2500 1023.000000 0.000000 97.000000 62.000000
0.3400 16.3600 50.6500 1023.000000 0.000000 97.000000 62.000000
0.3500 16.3600 49.8000 1023.000000 0.000000 97.000000 62.000000
0.3600 16.0100 48.7500 1023.000000 0.000000 97.000000 61.000000
0.3700 15.4800 47.5800 1023.000000 0.000000 97.000000 61.000000
0.3800 14.6700 46.3600 1023.000000 0.000000 95.000000 61.000000
0.3900 14.0700 45.5600 1023.000000 0.000000 94.000000 61.000000
0.4000 13.6200 45.0500 1023.000000 0.000000 94.000000 62.000000
0.4100 13.6200 44.9900 1023.000000 0.000000 92.000000 62.000000
0.4200 13.6800 44.9300 1023.000000 0.000000 90.000000 62.000000
0.4300 13.9800 44.8600 1023.000000 0.000000 90.000000 63.000000
0.4400 14.4300 44.8600 1023.000000 0.000000 90.000000 63.000000
0.4500 15.0700 44.8600 1023.000000 0.000000 88.000000 63.000000
0.4600 15.7600 44.9100 1023.000000 0.000000 88.000000 63.000000
0.4700 16.2300 44.9100 1023.000000 0.000000 88.000000 63.000000
0.4800 16.5300 44.9100 893.000000 0.000000 88.000000 63.000000
0.4900 16.7600 44.9100 422.000000 0.000000 88.000000 62.000000
0.5000 16.7600 44.9100 0.000000 1.000000 88.000000 62.000000
0.5100 16.8400 44.9100 0.000000 0.000000 88.000000 62.000000
0.5200 16.5800 44.8600 0.000000 0.000000 88.000000 62.000000
0.5300 16.3900 44.9300 0.000000 0.000000 90.000000 61.000000
0.5400 16.3000 44.9900 0.000000 0.000000 90.000000 61.000000
0.5500 16.4600 45.1000 0.000000 0.000000 90.000000 61.000000
0.5600 16.7900 45.2400 0.000000 0.000000 90.000000 60.000000
0.5700 17.1500 45.4100 0.000000 0.000000 90.000000 60.000000
0.5800 17.5500 45.6100 0.000000 0.000000 90.000000 60.000000
0.5900 17.9000 45.8200 0.000000 0.000000 90.000000 60.000000
0.6000 18.2000 46.1300 0.000000 0.000000 92.000000 60.000000
0.6100 18.2000 46.1300 495.000000 1.000000 92.000000 61.000000
0.6200 18.3400 46.7000 662.000000 0.000000 92.000000 61.000000
0.6300 18.1300 46.7500 763.000000 0.000000 90.000000 61.000000
0.6400 18.1300 46.7500 845.000000 0.000000 90.000000 62.000000
0.6500 18.1300 46.7500 902.000000 0.000000 90.000000 62.000000
0.6600 18.1300 46.7500 942.000000 0.000000 90.000000 62.000000
0.6700 18.1800 46.7000 948.000000 0.000000 90.000000 62.000000
0.6800 18.2300 46.7000 948.000000 0.000000 90.000000 62.000000
0.6900 18.3000 46.6500 927.000000 0.000000 88.000000 62.000000
0.7000 18.4000 46.6500 870.000000 0.000000 88.000000 62.000000
0.7100 18.5300 46.7100 664.000000 0.000000 88.000000 61.000000
0.7200 18.5300 46.7100 0.000000 1.000000 88.000000 61.000000
0.7300 19.0200 47.1400 0.000000 0.000000 88.000000 61.000000
0.7400 19.1300 47.1400 0.000000 0.000000 88.000000 61.000000
0.7500 19.1300 47.1400 0.000000 0.000000 90.000000 61.000000
0.7600 19.2600 47.0900 0.000000 0.000000 90.000000 61.000000
0.7700 19.4200 47.0900 0.000000 0.000000 90.000000 61.000000
0.7800 19.6500 47.0100 0.000000 0.000000 90.000000 60.000000
0.7900 19.9300 47.0100 0.000000 0.000000 92.000000 60.000000
0.8000 20.2300 47.0100 0.000000 0.000000 93.000000 60.000000
0.8100 20.5000 47.0600 0.000000 0.000000 93.000000 59.000000
0.8200 20.7800 47.1800 0.000000 0.000000 95.000000 59.000000
0.8300 21.0500 47.3200 0.000000 0.000000 95.000000 59.000000
0.8400 21.2400 47.4800 0.000000 0.000000 95.000000 58.000000
0.8500 21.2400 47.4800 529.000000 1.000000 95.000000 59.000000
0.8600 21.3900 47.2100 767.000000 0.000000 95.000000 59.000000
0.8700 21.0900 46.8300 861.000000 0.000000 93.000000 59.000000
0.8800 20.6500 46.4000 983.000000 0.000000 93.000000 60.000000
0.8900 20.3000 45.7900 1023.000000 0.000000 92.000000 60.000000
0.9000 20.0900 45.0700 1023.000000 0.000000 92.000000 61.000000
0.9100 19.9700 44.6300 1023.000000 0.000000 90.000000 61.000000
0.9200 19.9100 44.3300 1023.000000 0.000000 90.000000 61.000000
0.9300 19.9100 44.1300 1023.000000 0.000000 90.000000 61.000000
0.9400 19.8600 44.1300 1023.000000 0.000000 90.000000 61.000000
0.9500 19.8600 44.1300 1023.000000 0.000000 90.000000 61.000000
0.9600 19.9600 44.4400 1023.000000 0.000000 88.000000 61.000000
0.9700 20.0700 44.9000 1023.000000 0.000000 88.000000 61.000000
0.9800 20.3800 45.6600 1023.000000 0.000000 88.000000 61.000000
0.9900 20.8000 46.6600 1023.000000 0.000000 90.000000 61.000000
1.0000 21.3600 47.8200 1023.000000 0.000000 90.000000 61.000000
1.0100 21.8300 48.3600 1023.000000 0.000000 90.000000 61.000000
1.0200 22.0900 48.5600 1023.000000 0.000000 90.000000 61.000000
1.0300 22.2400 48.5600 1023.000000 0.000000 92.000000 62.000000
1.0400 22.2400 48.3400 1023.000000 0.000000 92.000000 62.000000
1.0500 22.2400 48.1400 1023.000000 0.000000 92.000000 62.000000
1.0600 22.2400 47.8100 1023.000000 0.000000 94.000000 62.000000
1.0700 22.1100 47.3900 1023.000000 0.000000 94.000000 62.000000
1.0800 22.1100 47.1700 881.000000 0.000000 94.000000 62.000000
1.0900 22.0500 47.0800 146.000000 0.000000 94.000000 62.000000
1.1000 22.0500 47.0800 0.000000 1.000000 92.000000 62.000000
1.1100 22.0500 47.3300 0.000000 0.000000 92.000000 62.000000
1.1200 22.0500 47.6200 0.000000 0.000000 92.000000 62.000000
1.1300 22.2500 47.9400 0.000000 0.000000 92.000000 62.000000
1.1400 22.6000 48.1200 0.000000 0.000000 92.000000 61.000000
1.1500 23.0400 48.2800 0.000000 0.000000 92.000000 61.000000
1.1600 23.4500 48.2800 0.000000 0.000000 92.000000 61.000000
1.1700 23.7300 48.2000 0.000000 0.000000 90.000000 60.000000
1.1800 23.9100 48.0800 0.000000 0.000000 90.000000 60.000000
1.1900 24.0300 47.9600 0.000000 0.000000 90.000000 60.000000
1.2000 24.1500 47.8200 0.000000 0.000000 90.000000 60.000000
1.2100 24.1500 47.8200 565.000000 1.000000 90.000000 60.000000
1.2200 24.5100 47.7200 793.000000 0.000000 92.000000 60.000000
1.2300 24.5700 47.7200 867.000000 0.000000 92.000000 61.000000
1.2400 24.4900 48.0000 977.000000 0.000000 94.000000 61.000000
1.2500 24.8100 48.3400 1023.000000 0.000000 94.000000 62.000000
1.2600 25.0200 48.7400 1023.000000 0.000000 96.000000 62.000000
1.2700 25.1500 49.1100 1023.000000 0.000000 96.000000 63.000000
1.2800 25.2300 49.4300 1023.000000 0.000000 98.000000 63.000000
1.2900 25.2900 49.6600 1023.000000 0.000000 98.000000 63.000000
1.3000 25.2900 49.8100 887.000000 0.000000 100.000000 63.000000
1.3100 25.3500 49.8700 560.000000 0.000000 100.000000 63.000000
1.3200 25.3500 49.8700 0.000000 1.000000 100.000000 63.000000
1.3300 25.3500 49.7700 0.000000 0.000000 102.000000 63.000000
1.3400 25.1200 49.6100 0.000000 0.000000 102.000000 63.000000
1.3500 24.8700 49.4200 0.000000 0.000000 102.000000 63.000000
1.3600 24.8700 49.2000 0.000000 0.000000 100.000000 63.000000
1.3700 25.1200 48.9500 0.000000 0.000000 100.000000 63.000000
1.3800 25.6300 48.6300 0.000000 0.000000 98.000000 63.000000
1.3900 26.1300 48.2900 0.000000 0.000000 98.000000 63.000000
1.4000 26.6300 47.9500 0.000000 0.000000 96.000000 63.000000
1.4100 26.9400 47.6000 0.000000 0.000000 96.000000 62.000000
1.4200 27.0000 47.2300 0.000000 0.000000 94.000000 62.000000
1.4300 26.9000 46.9900 0.000000 0.000000 94.000000 61.000000
1.4400 26.9000 46.9900 567.000000 1.000000 94.000000 61.000000
1.4500 26.9000 46.9900 643.000000 0.000000 93.000000 60.000000
1.4600 26.9000 46.9900 724.000000 0.000000 93.000000 60.000000
1.4700 26.7100 47.4200 783.000000 0.000000 93.000000 60.000000
1.4800 27.0300 47.7500 817.000000 0.000000 93.000000 60.000000
1.4900 27.3000 48.1400 824.000000 0.000000 93.000000 60.000000
1.5000 27.5300 48.5700 821.000000 0.000000 95.000000 60.000000
1.5100 27.7700 48.7900 791.000000 0.000000 95.000000 60.000000
1.5200 27.9600 48.9700 613.000000 0.000000 97.000000 60.000000
1.5300 27.9600 48.9700 0.000000 1.000000 97.000000 61.000000
1.5400 28.2500 49.0900 0.000000 0.000000 99.000000 61.000000
1.5500 28.2500 49.0900 0.000000 0.000000 99.000000 61.000000
1.5600 28.2500 49.0900 0.000000 0.000000 101.000000 61.000000
1.5700 28.3400 49.1400 0.000000 0.000000 101.000000 61.000000
1.5800 28.4300 49.1400 0.000000 0.000000 99.000000 61.000000
1.5900 28.5600 49.0700 0.000000 0.000000 99.000000 61.000000
1.6000 28.7000 48.9900 0.000000 0.000000 99.000000 61.000000
1.6100 28.8600 48.8900 0.000000 0.000000 97.000000 61.000000
1.6200 29.0000 48.8100 0.000000 0.000000 97.000000 60.000000
1.6300 29.0000 48.7500 0.000000 0.000000 95.000000 60.000000
1.6400 29.0000 48.6900 0.000000 0.000000 95.000000 59.000000
1.6500 29.0500 48.6900 0.000000 0.000000 95.000000 59.000000
1.6600 29.1100 48.6300 0.000000 0.000000 95.000000 59.000000
1.6700 29.1800 48.5700 0.000000 0.000000 95.000000 59.000000
1.6800 29.2800 48.5100 0.000000 0.000000 95.000000 60.000000
1.6900 29.4600 48.5100 0.000000 0.000000 95.000000 60.000000
1.7000 29.4600 48.5100 108.000000 1.000000 97.000000 60.000000
1.7100 29.9700 48.7300 540.000000 0.000000 97.000000 61.000000
1.7200 30.2300 49.0000 652.000000 0.000000 99.000000 61.000000
1.7300 30.4500 49.3300 736.000000 0.000000 99.000000 62.000000
1.7400 30.7100 49.6500 825.000000 0.000000 101.000000 62.000000
1.7500 30.9900 49.9700 869.000000 0.000000 102.000000 63.000000
1.7600 31.0800 50.1000 939.000000 0.000000 104.000000 62.000000
1.7700 31.0300 50.1000 940.000000 0.000000 104.000000 62.000000
1.7800 30.8900 50.0000 939.000000 0.000000 105.000000 62.000000
1.7900 30.3700 49.8700 986.000000 0.000000 105.000000 62.000000
1.8000 29.8100 49.4100 1015.000000 0.000000 105.000000 62.000000
1.8100 29.2300 48.7500 1023.000000 0.000000 105.000000 62.000000
1.8200 29.0500 48.3000 1023.000000 0.000000 105.000000 62.000000
1.8300 28.9300 47.9600 1005.000000 0.000000 105.000000 62.000000
1.8400 29.0300 47.7000 950.000000 0.000000 104.000000 62.000000
1.8500 29.2500 47.5100 754.000000 0.000000 104.000000 62.000000
1.8600 29.6900 47.5900 70.000000 0.000000 101.000000 62.000000
1.8700 29.6900 47.5900 0.000000 1.000000 101.000000 62.000000
1.8800 31.0600 48.2100 0.000000 0.000000 100.000000 63.000000
1.8900 31.4200 48.5600 0.000000 0.000000 100.000000 63.000000
1.9000 31.6700 48.8900 0.000000 0.000000 100.000000 63.000000
1.9100 31.8500 49.1000 0.000000 0.000000 100.000000 63.000000
1.9200 31.9900 49.2800 0.000000 0.000000 100.000000 63.000000
1.9300 32.0600 49.4100 0.000000 0.000000 100.000000 63.000000
1.9400 32.0600 49.5300 0.000000 0.000000 102.000000 63.000000
1.9500 32.3000 49.7900 0.000000 0.000000 102.000000 63.000000
1.9600 32.5400 50.1300 0.000000 0.000000 102.000000 63.000000
1.9700 32.9700 50.4800 0.000000 0.000000 102.000000 63.000000
1.9800 32.9700 50.4800 568.000000 1.000000 104.000000 62.000000
1.9900 34.2000 50.8600 675.000000 0.000000 105.000000 62.000000
2.0000 34.6100 50.8600 818.000000 0.000000 106.000000 63.000000
2.0100 34.8200 50.8600 900.000000 0.000000 108.000000 63.000000
2.0200 35.1200 50.8600 937.000000 0.000000 109.000000 64.000000
2.0300 35.2400 50.7100 981.000000 0.000000 109.000000 64.000000
2.0400 35.2400 50.4700 1009.000000 0.000000 112.000000 64.000000
2.0500 35.0300 50.1500 1023.000000 0.000000 112.000000 64.000000
2.0600 34.5300 49.5400 1023.000000 0.000000 112.000000 64.000000
2.0700 33.8300 48.7600 1023.000000 0.000000 112.000000 64.000000
2.0800 33.3500 48.2600 1023.000000 0.000000 110.000000 65.000000
2.0900 33.2500 47.8100 1023.000000 0.000000 110.000000 65.000000
2.1000 33.3900 47.3900 1023.000000 0.000000 110.000000 65.000000
2.1100 33.7600 47.0400 1023.000000 0.000000 108.000000 65.000000
2.1200 34.4500 46.8100 1023.000000 0.000000 105.000000 65.000000
2.1300 35.3500 46.6600 1023.000000 0.000000 103.000000 65.000000
2.1400 36.4000 46.6600 1023.000000 0.000000 103.000000 65.000000
2.1500 37.3100 46.8100 965.000000 0.000000 101.000000 66.000000
2.1600 37.7400 47.0500 620.000000 0.000000 101.000000 66.000000
2.1700 37.7400 47.0500 0.000000 1.000000 101.000000 65.000000
2.1800 37.3500 46.8800 0.000000 0.000000 101.000000 65.000000
2.1900 36.2300 46.6100 0.000000 0.000000 100.000000 64.000000
2.2000 34.7100 46.2400 0.000000 0.000000 100.000000 64.000000
2.2100 33.0000 45.8300 0.000000 0.000000 100.000000 64.000000
2.2200 31.0500 45.2700 0.000000 0.000000 100.000000 63.000000
2.2300 28.9500 44.6400 0.000000 0.000000 101.000000 62.000000
2.2400 27.4700 44.0300 0.000000 0.000000 101.000000 61.000000
2.2500 26.0100 43.5700 0.000000 0.000000 101.000000 61.000000
2.2600 24.8800 43.2000 0.000000 0.000000 101.000000 61.000000
2.2700 23.9700 42.8700 0.000000 0.000000 101.000000 62.000000
2.2800 23.3900 42.5800 0.000000 0.000000 101.000000 62.000000
2.2900 22.8200 42.3300 0.000000 0.000000 101.000000 62.000000
2.3000 22.0000 42.0000 0.000000 0.000000 100.000000 63.000000
2.3100 21.0100 41.6600 0.000000 0.000000 100.000000 63.000000
2.3200 19.9900 41.2900 0.000000 0.000000 98.000000 64.000000
2.3300 19.2300 40.9500 0.000000 0.000000 98.000000 64.000000
2.3400 19.2300 40.9500 771.000000 1.000000 96.000000 64.000000
2.3500 18.2000 40.8100 809.000000 0.000000 96.000000 64.000000
2.3600 18.0500 40.9500 828.000000 0.000000 96.000000 64.000000
2.3700 18.0500 41.3100 903.000000 0.000000 96.000000 64.000000
2.3800 18.6100 41.8300 976.000000 0.000000 96.000000 65.000000
2.3900 19.7000 42.7000 1023.000000 0.000000 94.000000 65.000000
2.4000 21.1800 43.7600 1023.000000 0.000000 94.000000 66.000000
2.4100 23.1500 44.9400 1023.000000 0.000000 95.000000 67.000000
2.4200 25.4000 46.5100 1023.000000 0.000000 95.000000 67.000000
2.4300 27.8300 48.4700 1023.000000 0.000000 95.000000 68.000000
2.4400 29.8900 50.7000 1023.000000 0.000000 95.000000 69.000000
2.4500 31.1700 52.6900 1023.000000 0.000000 98.000000 69.000000
2.4600 31.9300 54.0500 1023.000000 0.000000 98.000000 70.000000
2.4700 31.6600 54.9900 1023.000000 0.000000 101.000000 70.000000
2.4800 30.9300 55.4100 1023.000000 0.000000 101.000000 70.000000
2.4900 29.8900 55.2700 1023.000000 0.000000 104.000000 69.000000
2.5000 28.7800 54.7500 1023.000000 0.000000 106.000000 69.000000
2.5100 27.3700 53.7700 1023.000000 0.000000 106.000000 69.000000
2.5200 25.7600 52.5400 1023.000000 0.000000 109.000000 69.000000
2.5300 24.6600 51.1500 1023.000000 0.000000 107.000000 70.000000
2.5400 24.1600 50.0600 1023.000000 0.000000 107.000000 70.000000
2.5500 24.0600 48.9600 1023.000000 0.000000 107.000000 70.000000
2.5600 24.4600 47.8000 1023.000000 0.000000 105.000000 71.000000
2.5700 25.3000 46.7600 1023.000000 0.000000 106.000000 72.000000
2.5800 26.4200 45.8100 1023.000000 0.000000 107.000000 73.000000
2.5900 27.7000 44.9100 1023.000000 0.000000 104.000000 74.000000
2.6000 28.5900 44.0800 1023.000000 0.000000 100.000000 74.000000
2.6100 29.2300 43.3000 1023.000000 0.000000 100.000000 74.000000
2.6200 29.1800 42.5400 1023.000000 0.000000 97.000000 73.000000
2.6300 28.4900 41.6900 1023.000000 0.000000 97.000000 73.000000
2.6400 27.3600 40.7700 1023.000000 0.000000 96.000000 72.000000
2.6500 25.7200 40.1000 1023.000000 0.000000 96.000000 72.000000
2.6600 24.0300 39.6100 1023.000000 0.000000 96.000000 72.000000
2.6700 22.3100 39.2300 1023.000000 0.000000 96.000000 71.000000
2.6800 20.8100 39.2300 1023.000000 0.000000 96.000000 71.000000
2.6900 19.8200 39.5300 1023.000000 0.000000 93.000000 71.000000
2.7000 19.1600 39.9700 1023.000000 0.000000 93.000000 71.000000
2.7100 19.3100 40.5400 1023.000000 0.000000 93.000000 71.000000
2.7200 20.4000 41.5600 1023.000000 0.000000 93.000000 71.000000
2.7300 22.1100 42.8700 1023.000000 0.000000 93.000000 71.000000
2.7400 24.8000 44.4700 1023.000000 0.000000 93.000000 71.000000
2.7500 28.3000 46.3500 1023.000000 0.000000 93.000000 71.000000
2.7600 32.3400 48.4300 1023.000000 0.000000 93.000000 72.000000
2.7700 36.4200 50.4900 1023.000000 0.000000 93.000000 72.000000
2.7800 39.9700 52.5300 1023.000000 0.000000 96.000000 72.000000
2.7900 43.1600 54.5700 1023.000000 0.000000 100.000000 73.000000
2.8000 45.0100 56.3000 1023.000000 0.000000 103.000000 73.000000
2.8100 45.6100 57.5300 1023.000000 0.000000 106.000000 72.000000
2.8200 45.3800 58.4200 1023.000000 0.000000 110.000000 73.000000
2.8300 44.2700 59.2200 1023.000000 0.000000 113.000000 73.000000
2.8400 41.8600 59.3200 1023.000000 0.000000 116.000000 72.000000
2.8500 38.5700 58.9500 1023.000000 0.000000 116.000000 72.000000
2.8600 34.1900 58.0300 1023.000000 0.000000 119.000000 72.000000
2.8700 29.1700 56.6800 1023.000000 0.000000 115.000000 71.000000
2.8800 23.7100 55.0400 1023.000000 0.000000 115.000000 71.000000
2.8900 18.6400 52.9400 1023.000000 0.000000 113.000000 71.000000
2.9000 14.6000 50.9600 1023.000000 0.000000 111.000000 71.000000
2.9100 11.2400 49.0600 1023.000000 0.000000 108.000000 71.000000
2.9200 8.7200 47.1100 1023.000000 0.000000 101.000000 71.000000
2.9300 7.4800 45.4800 1023.000000 0.000000 99.000000 71.000000
2.9400 7.1000 44.0700 1023.000000 0.000000 96.000000 71.000000
2.9500 7.7500 42.8700 1023.000000 0.000000 93.000000 71.000000
2.9600 9.6200 42.0200 1023.000000 0.000000 93.000000 71.000000
2.9700 12.2900 41.4100 1023.000000 0.000000 90.000000 71.000000
2.9800 15.9000 41.5000 1023.000000 0.000000 90.000000 72.000000
2.9900 20.6700 41.9000 1023.000000 0.000000 90.000000 72.000000
3.0000 26.2200 42.5000 1023.000000 0.000000 90.000000 72.000000
3.0100 31.7600 43.0200 1023.000000 0.000000 90.000000 73.000000
3.0200 36.4000 43.4900 1023.000000 0.000000 90.000000 73.000000
3.0300 40.4500 43.4900 1023.000000 0.000000 93.000000 73.000000
3.0400 42.8200 43.1500 1023.000000 0.000000 93.000000 73.000000
3.0500 43.7200 42.7900 1023.000000 0.000000 93.000000 73.000000
3.0600 43.6500 42.5600 1023.000000 0.000000 93.000000 73.000000
3.0700 43.5200 42.4200 1023.000000 0.000000 97.000000 73.000000
3.0800 43.0200 41.9500 1023.000000 0.000000 97.000000 73.000000
3.0900 42.2800 41.4500 1023.000000 0.000000 97.000000 73.000000
3.1000 40.8700 40.8100 1023.000000 0.000000 100.000000 73.000000
3.1100 39.3300 40.0800 1023.000000 0.000000 100.000000 73.000000
3.1200 37.7100 39.3400 988.000000 0.000000 100.000000 73.000000
