0.0000 15.2300 32.3600 369.000000 1.000000 90.000000 67.000000
0.0100 15.9200 33.7200 546.000000 0.000000 92.000000 67.000000
0.0200 15.8100 33.8600 720.000000 0.000000 95.000000 67.000000
0.0300 15.8100 33.7100 854.000000 0.000000 95.000000 67.000000
0.0400 15.6600 33.5600 950.000000 0.000000 95.000000 67.000000
0.0500 15.4900 32.8000 1023.000000 0.000000 97.000000 66.000000
0.0600 15.1700 31.6300 1023.000000 0.000000 97.000000 66.000000
0.0700 14.8500 30.1600 1023.000000 0.000000 97.000000 66.000000
0.0800 14.5200 28.8100 1023.000000 0.000000 94.000000 66.000000
0.0900 14.0700 27.5300 1023.000000 0.000000 94.000000 66.000000
0.1000 13.7800 26.6000 1023.000000 0.000000 95.000000 67.000000
0.1100 13.5900 25.9900 1023.000000 0.000000 92.000000 67.000000
0.1200 13.4400 25.5900 1023.000000 0.000000 92.000000 67.000000
0.1300 13.3900 25.4200 1023.000000 0.000000 90.000000 67.000000
0.1400 13.3900 25.5100 818.000000 0.000000 90.000000 67.000000
0.1500 13.3900 25.5100 0.000000 1.000000 90.000000 67.000000
0.1600 13.6400 26.8700 0.000000 0.000000 88.000000 67.000000
0.1700 13.7000 28.0800 0.000000 0.000000 88.000000 67.000000
0.1800 13.7000 29.3700 0.000000 0.000000 88.000000 67.000000
0.1900 13.6000 30.3300 0.000000 0.000000 90.000000 67.000000
0.2000 13.6600 30.8500 0.000000 0.000000 90.000000 67.000000
0.2100 13.6600 30.8500 0.000000 0.000000 90.000000 67.000000
0.2200 13.8800 31.3800 0.000000 0.000000 90.000000 67.000000
0.2300 13.9500 31.6600 0.000000 0.000000 90.000000 68.000000
0.2400 14.0200 31.9300 0.000000 0.000000 92.000000 68.000000
0.2500 14.0200 32.2500 0.000000 0.000000 92.000000 68.000000
0.2600 14.0700 32.6600 0.000000 0.000000 95.000000 68.000000
0.2700 14.1400 33.1500 0.000000 0.000000 97.000000 68.000000
0.2800 14.2600 33.5500 0.000000 0.000000 99.000000 67.000000
0.2900 14.2600 33.5500 489.000000 1.000000 99.000000 67.000000
0.3000 14.6100 34.1700 745.000000 0.000000 102.000000 67.000000
0.3100 14.7500 34.4100 808.000000 0.000000 102.000000 67.000000
0.3200 14.8100 34.5900 905.000000 0.000000 102.000000 67.000000
0.3300 15.1100 34.7500 983.000000 0.000000 101.000000 66.000000
0.3400 15.5700 34.8900 1023.000000 0.000000 101.000000 66.000000
0.3500 16.1100 34.8900 1023.000000 0.000000 99.000000 65.000000
0.3600 16.7000 34.7100 1023.000000 0.000000 99.000000 65.000000
0.3700 17.3200 34.3500 1023.000000 0.000000 98.000000 64.000000
0.3800 17.5500 33.7500 1023.000000 0.000000 98.000000 63.000000
0.3900 17.4400 32.9900 1023.000000 0.000000 98.000000 63.000000
0.4000 17.0900 32.1600 1023.000000 0.000000 98.000000 63.000000
0.4100 16.2500 31.2700 1023.000000 0.000000 97.000000 62.000000
0.4200 15.6100 30.3400 1023.000000 0.000000 98.000000 63.000000
0.4300 15.1100 29.8200 1023.000000 0.000000 98.000000 63.000000
0.4400 14.9100 29.5900 1023.000000 0.000000 98.000000 64.000000
0.4500 14.9100 29.5900 1023.000000 0.000000 96.000000 65.000000
0.4600 14.9100 29.5900 1023.000000 0.000000 96.000000 65.000000
0.4700 14.9100 29.5900 1023.000000 0.000000 97.000000 66.000000
0.4800 15.4500 29.3200 1023.000000 0.000000 95.000000 67.000000
0.4900 15.8800 29.1900 1023.000000 0.000000 95.000000 67.000000
0.5000 16.1900 29.1100 1023.000000 0.000000 95.000000 67.000000
0.5100 16.5300 29.1100 1023.000000 0.000000 94.000000 66.000000
0.5200 16.7900 29.0200 899.000000 0.000000 96.000000 65.000000
0.5300 16.9800 29.0200 280.000000 0.000000 96.000000 65.000000
0.5400 16.9800 29.0200 0.000000 1.000000 96.000000 64.000000
0.5500 17.5400 29.2600 0.000000 0.000000 96.000000 63.000000
0.5600 17.6200 29.4100 0.000000 0.000000 97.000000 62.000000
0.5700 17.6200 29.5800 0.000000 0.000000 97.000000 62.000000
0.5800 17.8500 29.7300 0.000000 0.000000 97.000000 61.000000
0.5900 18.2200 29.8800 0.000000 0.000000 97.000000 61.000000
0.6000 18.6700 30.0500 0.000000 0.000000 97.000000 61.000000
0.6100 19.1000 30.2400 0.000000 0.000000 97.000000 60.000000
0.6200 19.5500 30.4700 0.000000 0.000000 97.000000 60.000000
0.6300 19.8800 30.7000 0.000000 0.000000 97.000000 60.000000
0.6400 19.8800 30.7000 276.000000 1.000000 97.000000 59.000000
0.6500 20.1200 31.0000 616.000000 0.000000 97.000000 59.000000
0.6600 19.9900 31.0000 675.000000 0.000000 97.000000 60.000000
0.6700 19.7800 30.9300 721.000000 0.000000 99.000000 60.000000
0.6800 19.7000 30.7800 777.000000 0.000000 99.000000 60.000000
0.6900 19.7000 30.5500 806.000000 0.000000 99.000000 61.000000
0.7000 19.7000 30.3200 833.000000 0.000000 101.000000 61.000000
0.7100 19.8600 30.1100 905.000000 0.000000 101.000000 61.000000
0.7200 20.0600 30.0000 971.000000 0.000000 101.000000 61.000000
0.7300 20.3000 29.9400 1023.000000 0.000000 101.000000 62.000000
0.7400 20.5700 29.9400 1023.000000 0.000000 101.000000 62.000000
0.7500 20.8900 30.1000 1023.000000 0.000000 101.000000 62.000000
0.7600 21.1400 30.3300 1023.000000 0.000000 101.000000 62.000000
0.7700 21.3400 30.4100 1023.000000 0.000000 102.000000 63.000000
0.7800 21.3400 30.4100 996.000000 0.000000 102.000000 63.000000
0.7900 21.3400 30.4100 796.000000 0.000000 102.000000 63.000000
0.8000 21.3400 30.4100 287.000000 0.000000 102.000000 63.000000
0.8100 21.3400 30.4100 0.000000 1.000000 102.000000 63.000000
0.8200 21.3400 30.4100 0.000000 0.000000 102.000000 63.000000
0.8300 21.6300 30.6300 0.000000 0.000000 102.000000 63.000000
0.8400 21.7000 30.7200 0.000000 0.000000 102.000000 63.000000
0.8500 22.0400 30.8200 0.000000 0.000000 101.000000 62.000000
0.8600 22.4300 30.9000 0.000000 0.000000 101.000000 62.000000
0.8700 22.8700 30.9700 0.000000 0.000000 101.000000 62.000000
0.8800 23.2900 30.9700 0.000000 0.000000 101.000000 61.000000
0.8900 23.6900 31.0700 0.000000 0.000000 101.000000 61.000000
0.9000 23.9800 31.1600 0.000000 0.000000 101.000000 61.000000
0.9100 24.1500 31.2600 0.000000 0.000000 101.000000 61.000000
0.9200 24.2400 31.3300 0.000000 0.000000 101.000000 61.000000
0.9300 24.2400 31.3300 514.000000 1.000000 101.000000 61.000000
0.9400 24.2500 31.0000 647.000000 0.000000 103.000000 61.000000
0.9500 23.9900 30.6400 824.000000 0.000000 103.000000 61.000000
0.9600 23.7600 29.9800 937.000000 0.000000 102.000000 63.000000
0.9700 23.5400 29.1300 1023.000000 0.000000 102.000000 63.000000
0.9800 23.3700 28.4600 1023.000000 0.000000 102.000000 63.000000
0.9900 23.2500 27.9400 1023.000000 0.000000 102.000000 63.000000
1.0000 23.1800 27.5200 1023.000000 0.000000 100.000000 64.000000
1.0100 23.1100 27.3400 1023.000000 0.000000 100.000000 64.000000
1.0200 23.1100 27.3400 1023.000000 0.000000 100.000000 64.000000
1.0300 23.0600 27.3400 1023.000000 0.000000 98.000000 64.000000
1.0400 23.1100 27.5500 1023.000000 0.000000 98.000000 64.000000
1.0500 23.3100 28.1800 1023.000000 0.000000 98.000000 64.000000
1.0600 23.6100 29.1100 1023.000000 0.000000 98.000000 64.000000
1.0700 23.9100 30.0400 1023.000000 0.000000 98.000000 64.000000
1.0800 24.2400 31.0200 1023.000000 0.000000 98.000000 64.000000
1.0900 24.5900 32.0300 1023.000000 0.000000 98.000000 64.000000
1.1000 24.8600 32.2000 1023.000000 0.000000 100.000000 64.000000
1.1100 25.1400 32.3200 1023.000000 0.000000 100.000000 64.000000
1.1200 25.2600 32.4100 1023.000000 0.000000 100.000000 64.000000
1.1300 25.2600 32.0500 1023.000000 0.000000 102.000000 63.000000
1.1400 25.0700 31.4300 1023.000000 0.000000 102.000000 63.000000
1.1500 24.8700 30.6400 1023.000000 0.000000 102.000000 63.000000
1.1600 24.6600 30.2700 858.000000 0.000000 102.000000 63.000000
1.1700 24.4800 30.0700 108.000000 0.000000 102.000000 63.000000
1.1800 24.4800 30.0700 0.000000 1.000000 102.000000 63.000000
1.1900 24.5800 30.2000 0.000000 0.000000 102.000000 63.000000
1.2000 24.6700 30.5000 0.000000 0.000000 102.000000 63.000000
1.2100 24.9600 30.8600 0.000000 0.000000 102.000000 63.000000
1.2200 25.3800 31.1600 0.000000 0.000000 102.000000 63.000000
1.2300 25.8100 31.4600 0.000000 0.000000 102.000000 63.000000
1.2400 26.3100 31.7500 0.000000 0.000000 102.000000 63.000000
1.2500 26.8500 32.0100 0.000000 0.000000 102.000000 63.000000
1.2600 27.2200 32.2200 0.000000 0.000000 102.000000 63.000000
1.2700 27.4300 32.3600 0.000000 0.000000 102.000000 63.000000
1.2800 27.5300 32.4600 0.000000 0.000000 103.000000 61.000000
1.2900 27.6200 32.3900 0.000000 0.000000 103.000000 61.000000
1.3000 27.6200 32.3900 196.000000 1.000000 103.000000 61.000000
1.3100 27.6700 31.9700 724.000000 0.000000 102.000000 60.000000
1.3200 27.5700 31.8000 797.000000 0.000000 102.000000 60.000000
1.3300 27.5700 31.8000 939.000000 0.000000 102.000000 60.000000
1.3400 27.6700 31.8000 1023.000000 0.000000 101.000000 61.000000
1.3500 27.6700 31.9300 1023.000000 0.000000 101.000000 61.000000
1.3600 27.7700 32.0800 1023.000000 0.000000 101.000000 61.000000
1.3700 27.8700 32.2700 1023.000000 0.000000 101.000000 61.000000
1.3800 27.9800 32.6200 1023.000000 0.000000 101.000000 61.000000
1.3900 28.0800 32.9600 1023.000000 0.000000 101.000000 61.000000
1.4000 28.2100 33.4100 1023.000000 0.000000 101.000000 61.000000
1.4100 28.3600 33.9300 1023.000000 0.000000 99.000000 61.000000
1.4200 28.4800 33.9800 757.000000 0.000000 99.000000 61.000000
1.4300 28.5600 34.0400 1.000000 1.000000 99.000000 61.000000
1.4400 28.5600 34.0400 0.000000 0.000000 99.000000 61.000000
1.4500 28.7200 33.9900 0.000000 0.000000 99.000000 61.000000
1.4600 28.5300 33.8400 0.000000 0.000000 99.000000 61.000000
1.4700 28.4400 33.6000 0.000000 0.000000 101.000000 61.000000
1.4800 28.5000 33.3100 0.000000 0.000000 100.000000 60.000000
1.4900 28.6500 32.9700 0.000000 0.000000 102.000000 59.000000
1.5000 28.8700 32.6400 0.000000 0.000000 102.000000 58.000000
1.5100 29.0900 32.3800 0.000000 0.000000 103.000000 58.000000
1.5200 29.3200 32.1600 0.000000 0.000000 103.000000 58.000000
1.5300 29.5100 31.9900 0.000000 0.000000 103.000000 57.000000
1.5400 29.5100 31.9900 0.000000 0.000000 104.000000 57.000000
1.5500 29.5100 31.9900 0.000000 0.000000 104.000000 57.000000
1.5600 29.5000 31.7000 0.000000 0.000000 104.000000 57.000000
1.5700 29.5000 31.5700 0.000000 0.000000 103.000000 58.000000
1.5800 29.4400 31.4000 0.000000 0.000000 104.000000 59.000000
1.5900 29.4400 31.2300 0.000000 0.000000 104.000000 59.000000
1.6000 29.4400 31.2300 636.000000 1.000000 104.000000 60.000000
1.6100 29.4400 31.2300 834.000000 0.000000 102.000000 60.000000
1.6200 29.4400 31.2300 940.000000 0.000000 103.000000 61.000000
1.6300 29.4400 31.2300 1023.000000 0.000000 103.000000 61.000000
1.6400 29.4400 31.2300 1023.000000 0.000000 103.000000 61.000000
1.6500 29.4300 31.5500 1023.000000 0.000000 103.000000 61.000000
1.6600 29.7200 32.0200 1023.000000 0.000000 103.000000 61.000000
1.6700 30.0200 32.4600 1023.000000 0.000000 103.000000 61.000000
1.6800 30.3400 32.8300 1023.000000 0.000000 103.000000 61.000000
1.6900 30.6100 33.1900 1023.000000 0.000000 101.000000 62.000000
1.7000 30.8400 33.5000 1023.000000 0.000000 101.000000 62.000000
1.7100 30.9200 33.5900 997.000000 0.000000 101.000000 62.000000
1.7200 30.9200 33.5400 797.000000 0.000000 101.000000 62.000000
1.7300 30.9200 33.5400 0.000000 1.000000 101.000000 62.000000
1.7400 30.7600 33.5400 0.000000 0.000000 101.000000 62.000000
1.7500 30.6400 33.5400 0.000000 0.000000 101.000000 62.000000
1.7600 30.4800 33.5400 0.000000 0.000000 101.000000 61.000000
1.7700 30.7100 33.5900 0.000000 0.000000 102.000000 60.000000
1.7800 31.0500 33.4700 0.000000 0.000000 102.000000 59.000000
1.7900 31.4600 33.3200 0.000000 0.000000 104.000000 59.000000
1.8000 31.5800 33.1100 0.000000 0.000000 103.000000 58.000000
1.8100 31.5800 32.9000 0.000000 0.000000 104.000000 57.000000
1.8200 31.4900 32.7400 0.000000 0.000000 106.000000 57.000000
1.8300 31.3000 32.5900 0.000000 0.000000 105.000000 56.000000
1.8400 31.1300 32.4300 0.000000 0.000000 107.000000 56.000000
1.8500 31.0400 32.2800 0.000000 0.000000 107.000000 56.000000
1.8600 31.0400 32.1900 0.000000 0.000000 105.000000 56.000000
1.8700 31.0400 32.1300 0.000000 0.000000 106.000000 57.000000
1.8800 31.0400 32.1300 496.000000 1.000000 106.000000 58.000000
1.8900 31.3300 31.9800 622.000000 0.000000 105.000000 59.000000
1.9000 31.4000 32.2000 731.000000 0.000000 104.000000 60.000000
1.9100 31.8300 32.4000 825.000000 0.000000 104.000000 60.000000
1.9200 32.3200 32.6500 908.000000 0.000000 103.000000 61.000000
1.9300 32.8100 32.9300 955.000000 0.000000 103.000000 61.000000
1.9400 33.2700 33.2900 986.000000 0.000000 104.000000 62.000000
1.9500 33.7300 33.6300 987.000000 0.000000 104.000000 62.000000
1.9600 33.9500 33.9400 1017.000000 0.000000 104.000000 62.000000
1.9700 34.0200 34.0300 1023.000000 0.000000 104.000000 62.000000
1.9800 33.8500 34.0300 1023.000000 0.000000 104.000000 62.000000
1.9900 33.3500 33.9300 1023.000000 0.000000 104.000000 62.000000
2.0000 32.6300 33.5200 1023.000000 0.000000 104.000000 62.000000
2.0100 32.1100 32.8900 1023.000000 0.000000 104.000000 62.000000
2.0200 31.9000 32.4200 1023.000000 0.000000 104.000000 62.000000
2.0300 31.9000 32.1200 1023.000000 0.000000 104.000000 63.000000
2.0400 31.9000 31.9300 1023.000000 0.000000 104.000000 63.000000
2.0500 32.0100 31.7500 950.000000 0.000000 104.000000 63.000000
2.0600 32.4200 31.8300 609.000000 0.000000 104.000000 63.000000
2.0700 32.4200 31.8300 0.000000 1.000000 104.000000 63.000000
2.0800 33.7200 32.4800 0.000000 0.000000 106.000000 63.000000
2.0900 34.0700 32.8500 0.000000 0.000000 106.000000 63.000000
2.1000 34.1900 33.1200 0.000000 0.000000 105.000000 62.000000
2.1100 34.3500 33.2900 0.000000 0.000000 105.000000 62.000000
2.1200 34.4100 33.3800 0.000000 0.000000 105.000000 62.000000
2.1300 34.4100 33.3800 0.000000 0.000000 105.000000 62.000000
2.1400 34.4100 33.3800 0.000000 0.000000 105.000000 61.000000
2.1500 34.4100 33.4500 0.000000 0.000000 107.000000 61.000000
2.1600 34.4100 33.4500 384.000000 1.000000 107.000000 61.000000
2.1700 34.8100 33.9300 589.000000 0.000000 105.000000 61.000000
2.1800 35.0800 34.2900 743.000000 0.000000 105.000000 61.000000
2.1900 35.4100 34.6500 894.000000 0.000000 105.000000 62.000000
2.2000 35.9800 34.8800 973.000000 0.000000 104.000000 62.000000
2.2100 36.6600 35.0200 1023.000000 0.000000 104.000000 62.000000
2.2200 37.2700 34.9500 1023.000000 0.000000 104.000000 63.000000
2.2300 37.6100 34.8300 1023.000000 0.000000 104.000000 63.000000
2.2400 37.7600 34.6400 1023.000000 0.000000 104.000000 63.000000
2.2500 37.7600 34.4500 1023.000000 0.000000 104.000000 62.000000
2.2600 37.2600 33.9100 1023.000000 0.000000 104.000000 62.000000
2.2700 36.4700 33.1400 1023.000000 0.000000 104.000000 62.000000
2.2800 35.6000 32.4400 1023.000000 0.000000 103.000000 61.000000
2.2900 35.1300 31.9500 1023.000000 0.000000 104.000000 62.000000
2.3000 34.9300 31.6000 1023.000000 0.000000 104.000000 62.000000
2.3100 35.0400 31.4400 1023.000000 0.000000 105.000000 62.000000
2.3200 35.4500 31.2400 1023.000000 0.000000 106.000000 63.000000
2.3300 36.0600 31.0100 1023.000000 0.000000 107.000000 64.000000
2.3400 36.9600 31.0100 1023.000000 0.000000 107.000000 64.000000
2.3500 37.7200 31.0100 1023.000000 0.000000 109.000000 64.000000
2.3600 38.3900 31.1000 890.000000 0.000000 109.000000 64.000000
2.3700 38.6200 31.1700 220.000000 0.000000 109.000000 64.000000
2.3800 38.6200 31.1700 0.000000 1.000000 109.000000 64.000000
2.3900 37.8500 31.0000 0.000000 0.000000 108.000000 63.000000
2.4000 36.7200 30.7700 0.000000 0.000000 108.000000 63.000000
2.4100 35.1100 30.4800 0.000000 0.000000 108.000000 63.000000
2.4200 33.1700 30.0600 0.000000 0.000000 108.000000 63.000000
2.4300 30.7900 29.5400 0.000000 0.000000 106.000000 63.000000
2.4400 28.4200 28.9800 0.000000 0.000000 106.000000 63.000000
2.4500 26.0900 28.4000 0.000000 0.000000 104.000000 63.000000
2.4600 24.4000 27.7600 0.000000 0.000000 103.000000 64.000000
2.4700 23.1400 27.1200 0.000000 0.000000 101.000000 65.000000
2.4800 22.3000 26.5000 0.000000 0.000000 101.000000 65.000000
2.4900 21.4500 25.8500 0.000000 0.000000 103.000000 64.000000
2.5000 20.5800 25.2000 0.000000 0.000000 104.000000 63.000000
2.5100 19.6500 24.5300 0.000000 0.000000 106.000000 63.000000
2.5200 18.7700 23.9400 0.000000 0.000000 106.000000 63.000000
2.5300 17.9100 23.4100 0.000000 0.000000 107.000000 62.000000
2.5400 17.1700 23.0400 0.000000 0.000000 107.000000 62.000000
2.5500 17.1700 23.0400 823.000000 1.000000 107.000000 62.000000
2.5600 16.8800 22.4800 803.000000 0.000000 106.000000 63.000000
2.5700 16.9700 22.5800 814.000000 0.000000 104.000000 63.000000
2.5800 17.4000 22.7400 867.000000 0.000000 103.000000 64.000000
2.5900 18.0700 23.1400 914.000000 0.000000 101.000000 65.000000
2.6000 19.1900 23.7000 980.000000 0.000000 99.000000 66.000000
2.6100 20.7200 24.5800 1023.000000 0.000000 97.000000 67.000000
2.6200 22.5200 25.7400 1023.000000 0.000000 97.000000 68.000000
2.6300 24.4200 27.1000 1023.000000 0.000000 97.000000 68.000000
2.6400 26.4100 28.7800 1023.000000 0.000000 98.000000 69.000000
2.6500 28.4700 30.6900 1023.000000 0.000000 98.000000 70.000000
2.6600 30.1900 32.7600 1023.000000 0.000000 98.000000 70.000000
2.6700 31.4100 34.7000 1023.000000 0.000000 98.000000 70.000000
2.6800 32.3000 36.2800 1023.000000 0.000000 98.000000 70.000000
2.6900 32.7300 37.6200 1023.000000 0.000000 101.000000 70.000000
2.7000 32.8800 38.0800 1023.000000 0.000000 101.000000 70.000000
2.7100 32.8800 38.4800 1023.000000 0.000000 100.000000 69.000000
2.7200 32.6600 38.5800 1023.000000 0.000000 103.000000 69.000000
2.7300 32.0200 38.5100 1023.000000 0.000000 103.000000 69.000000
2.7400 31.0600 37.7100 1023.000000 0.000000 102.000000 68.000000
2.7500 29.5100 36.5500 1023.000000 0.000000 102.000000 68.000000
2.7600 27.8600 35.1600 1023.000000 0.000000 100.000000 68.000000
2.7700 26.1400 33.8700 1023.000000 0.000000 100.000000 69.000000
2.7800 25.0000 32.6300 1023.000000 0.000000 100.000000 69.000000
2.7900 24.4500 31.4200 1023.000000 0.000000 100.000000 69.000000
2.8000 24.3000 30.4100 1023.000000 0.000000 101.000000 70.000000
2.8100 24.7600 29.4300 1023.000000 0.000000 101.000000 70.000000
2.8200 25.9600 28.4600 1023.000000 0.000000 101.000000 70.000000
2.8300 27.6400 27.4200 1023.000000 0.000000 101.000000 70.000000
2.8400 29.3300 26.6100 1023.000000 0.000000 101.000000 70.000000
2.8500 30.5900 25.9600 1023.000000 0.000000 98.000000 70.000000
2.8600 31.5500 25.5100 1023.000000 0.000000 98.000000 70.000000
2.8700 31.5500 25.1100 1023.000000 0.000000 98.000000 69.000000
2.8800 30.6800 24.7500 1023.000000 0.000000 95.000000 69.000000
2.8900 29.2100 24.2700 1023.000000 0.000000 95.000000 68.000000
2.9000 26.9000 23.7700 1023.000000 0.000000 92.000000 68.000000
2.9100 24.2900 23.4900 1023.000000 0.000000 90.000000 68.000000
2.9200 21.4900 23.3700 1023.000000 0.000000 90.000000 67.000000
2.9300 19.1600 23.3700 1023.000000 0.000000 90.000000 67.000000
2.9400 17.8300 23.5200 1023.000000 0.000000 90.000000 67.000000
2.9500 17.1700 23.6900 1023.000000 0.000000 92.000000 68.000000
2.9600 17.4100 24.0400 1023.000000 0.000000 90.000000 68.000000
2.9700 18.8200 24.8800 1023.000000 0.000000 90.000000 68.000000
2.9800 21.0100 26.0600 1023.000000 0.000000 90.000000 69.000000
2.9900 24.4100 27.6300 1023.000000 0.000000 90.000000 69.000000
3.0000 28.4600 29.4000 1023.000000 0.000000 90.000000 70.000000
3.0100 32.9500 31.3000 1023.000000 0.000000 93.000000 70.000000
3.0200 37.5400 33.5400 1023.000000 0.000000 93.000000 70.000000
3.0300 41.3700 35.6500 1023.000000 0.000000 93.000000 71.000000
3.0400 44.6900 37.6800 1023.000000 0.000000 96.000000 71.000000
3.0500 46.4500 39.5100 1023.000000 0.000000 96.000000 71.000000
3.0600 47.0000 40.8400 1023.000000 0.000000 99.000000 72.000000
3.0700 46.7300 41.8500 1023.000000 0.000000 102.000000 72.000000
3.0800 45.6600 42.8000 1023.000000 0.000000 105.000000 71.000000
3.0900 43.4100 43.0900 1023.000000 0.000000 108.000000 71.000000
3.1000 40.3600 42.9300 1023.000000 0.000000 108.000000 71.000000
3.1100 36.2700 42.3200 1023.000000 0.000000 107.000000 70.000000
3.1200 31.3900 41.2100 1023.000000 0.000000 110.000000 70.000000
3.1300 25.9800 39.7800 1023.000000 0.000000 107.000000 70.000000
3.1400 20.8400 37.9400 1023.000000 0.000000 106.000000 69.000000
3.1500 16.9200 36.0900 1023.000000 0.000000 104.000000 69.000000
3.1600 13.8100 34.2400 1023.000000 0.000000 104.000000 69.000000
3.1700 12.0700 32.6200 1023.000000 0.000000 101.000000 70.000000
3.1800 11.4000 31.1500 1023.000000 0.000000 99.000000 71.000000
3.1900 11.4500 29.7800 1023.000000 0.000000 99.000000 71.000000
3.2000 12.4200 28.5300 1023.000000 0.000000 96.000000 72.000000
3.2100 14.4400 27.5800 1023.000000 0.000000 93.000000 73.000000
3.2200 17.1600 26.8200 1023.000000 0.000000 93.000000 74.000000
3.2300 21.0600 26.4900 1023.000000 0.000000 90.000000 74.000000
3.2400 25.7800 26.4900 1023.000000 0.000000 90.000000 74.000000
3.2500 31.0400 26.7900 1023.000000 0.000000 90.000000 74.000000
3.2600 36.6100 27.0500 1023.000000 0.000000 90.000000 74.000000
3.2700 41.2700 27.3100 1023.000000 0.000000 90.000000 73.000000
3.2800 45.3200 27.5500 1023.000000 0.000000 90.000000 73.000000
3.2900 47.8900 27.4900 1023.000000 0.000000 93.000000 73.000000
3.3000 48.9600 27.2400 1023.000000 0.000000 96.000000 72.000000
3.3100 49.0400 27.1900 1023.000000 0.000000 96.000000 72.000000
3.3200 48.8400 27.1200 1023.000000 0.000000 99.000000 72.000000
3.3300 48.3800 27.0400 1023.000000 0.000000 99.000000 71.000000
3.3400 47.7500 26.6300 1023.000000 0.000000 99.000000 71.000000
3.3500 46.5100 25.9900 1023.000000 0.000000 99.000000 71.000000
3.3600 45.3100 25.5800 1023.000000 0.000000 99.000000 71.000000
3.3700 44.1400 24.9700 1023.000000 0.000000 98.000000 70.000000
3.3800 43.0900 24.2400 1023.000000 0.000000 95.000000 70.000000
3.3900 42.1500 23.4600 1023.000000 0.000000 95.000000 70.000000
3.4000 41.2700 22.8600 137.000000 0.000000 93.000000 70.000000
