0.0000 86.7500 62.4600 396.000000 1.000000 150.000000 65.000000
0.0100 87.3000 62.6900 532.000000 0.000000 151.000000 64.000000
0.0200 87.3000 62.4500 705.000000 0.000000 151.000000 64.000000
0.0300 87.3000 61.8400 818.000000 0.000000 151.000000 64.000000
0.0400 87.1900 61.0200 906.000000 0.000000 153.000000 63.000000
0.0500 86.9500 60.1400 906.000000 0.000000 153.000000 63.000000
0.0600 86.7300 59.2900 894.000000 0.000000 150.000000 64.000000
0.0700 86.5400 58.4500 817.000000 0.000000 150.000000 64.000000
0.0800 86.4100 57.9800 649.000000 0.000000 150.000000 64.000000
0.0900 86.3500 57.7800 175.000000 0.000000 146.000000 64.000000
0.1000 86.3500 57.7800 0.000000 1.000000 145.000000 65.000000
0.1100 86.3500 58.1200 0.000000 0.000000 145.000000 65.000000
0.1200 86.2900 58.6100 0.000000 0.000000 144.000000 66.000000
0.1300 86.2900 59.1900 0.000000 0.000000 144.000000 66.000000
0.1400 86.0700 59.7700 0.000000 0.000000 144.000000 66.000000
0.1500 85.7600 60.5000 0.000000 0.000000 144.000000 66.000000
0.1600 85.7600 60.5000 160.000000 1.000000 145.000000 65.000000
0.1700 85.1800 61.9100 488.000000 0.000000 145.000000 65.000000
0.1800 85.2300 62.4300 636.000000 0.000000 146.000000 64.000000
0.1900 85.4500 62.9300 714.000000 0.000000 148.000000 63.000000
0.2000 86.1400 63.4400 749.000000 0.000000 149.000000 63.000000
0.2100 87.0700 63.7700 777.000000 0.000000 149.000000 63.000000
0.2200 88.1600 63.8300 794.000000 0.000000 150.000000 62.000000
0.2300 88.9400 63.7000 797.000000 0.000000 150.000000 62.000000
0.2400 89.2700 63.3300 784.000000 0.000000 150.000000 62.000000
0.2500 89.2700 62.9400 791.000000 0.000000 150.000000 62.000000
0.2600 88.9000 62.5300 785.000000 0.000000 150.000000 62.000000
0.2700 88.2600 62.0400 750.000000 0.000000 148.000000 61.000000
0.2800 87.4600 61.6100 655.000000 0.000000 148.000000 61.000000
0.2900 87.0600 61.4100 170.000000 0.000000 148.000000 61.000000
0.3000 87.0600 61.4100 0.000000 1.000000 147.000000 62.000000
0.3100 87.3000 61.3500 0.000000 0.000000 149.000000 63.000000
0.3200 87.7300 61.4700 0.000000 0.000000 149.000000 63.000000
0.3300 88.2700 61.5800 0.000000 0.000000 151.000000 63.000000
0.3400 88.8800 61.6400 0.000000 0.000000 151.000000 63.000000
0.3500 89.3800 61.6400 0.000000 0.000000 151.000000 63.000000
0.3600 89.6700 61.6400 0.000000 0.000000 151.000000 63.000000
0.3700 89.8300 61.6400 0.000000 0.000000 153.000000 63.000000
0.3800 89.7300 61.5000 0.000000 0.000000 151.000000 64.000000
0.3900 89.7300 61.5000 160.000000 1.000000 151.000000 64.000000
0.4000 89.7300 61.5000 304.000000 0.000000 150.000000 64.000000
0.4100 89.7300 61.5000 399.000000 0.000000 150.000000 64.000000
0.4200 89.7300 61.5000 417.000000 0.000000 148.000000 63.000000
0.4300 89.7300 61.5000 423.000000 0.000000 148.000000 63.000000
0.4400 89.7300 61.5000 473.000000 0.000000 148.000000 63.000000
0.4500 89.7300 61.5000 545.000000 0.000000 148.000000 63.000000
0.4600 89.7300 61.5000 662.000000 0.000000 148.000000 63.000000
0.4700 89.7300 61.5000 768.000000 0.000000 146.000000 63.000000
0.4800 89.7300 61.5000 869.000000 0.000000 146.000000 63.000000
0.4900 89.7300 61.5000 906.000000 0.000000 146.000000 63.000000
0.5000 89.7300 61.5000 933.000000 0.000000 144.000000 62.000000
0.5100 89.7300 61.5000 977.000000 0.000000 144.000000 62.000000
0.5200 89.7300 61.5000 992.000000 0.000000 144.000000 62.000000
0.5300 89.2200 61.5300 990.000000 0.000000 144.000000 62.000000
0.5400 88.8200 61.2600 1023.000000 0.000000 146.000000 63.000000
0.5500 88.4500 60.8600 1020.000000 0.000000 146.000000 63.000000
0.5600 88.1600 60.3800 1014.000000 0.000000 146.000000 63.000000
0.5700 88.0800 59.9700 990.000000 0.000000 146.000000 63.000000
0.5800 88.0800 59.6100 965.000000 0.000000 148.000000 63.000000
0.5900 88.2700 59.4200 932.000000 0.000000 146.000000 64.000000
0.6000 88.6800 59.4200 894.000000 0.000000 146.000000 64.000000
0.6100 89.2700 59.6600 851.000000 0.000000 146.000000 64.000000
0.6200 89.7100 60.0100 842.000000 0.000000 146.000000 64.000000
0.6300 90.0200 60.3400 843.000000 0.000000 146.000000 64.000000
0.6400 90.2300 60.6600 855.000000 0.000000 146.000000 64.000000
0.6500 90.3100 60.9900 887.000000 0.000000 146.000000 64.000000
0.6600 90.3100 61.1400 930.000000 0.000000 146.000000 64.000000
0.6700 90.2400 61.1400 951.000000 0.000000 146.000000 64.000000
0.6800 90.1000 61.0900 949.000000 0.000000 146.000000 64.000000
0.6900 89.9700 60.9900 962.000000 0.000000 148.000000 63.000000
0.7000 89.8800 60.6800 971.000000 0.000000 148.000000 63.000000
0.7100 89.8800 60.2300 938.000000 0.000000 148.000000 63.000000
0.7200 89.8800 59.9500 894.000000 0.000000 148.000000 63.000000
0.7300 90.0600 59.7600 812.000000 0.000000 148.000000 63.000000
0.7400 90.4000 59.6200 613.000000 0.000000 146.000000 64.000000
0.7500 90.7600 59.7200 398.000000 0.000000 146.000000 64.000000
0.7600 91.1400 59.9000 91.000000 0.000000 146.000000 64.000000
0.7700 91.1400 59.9000 0.000000 1.000000 146.000000 64.000000
0.7800 91.7400 60.3600 0.000000 0.000000 148.000000 65.000000
0.7900 91.7400 60.3600 49.000000 1.000000 148.000000 65.000000
0.8000 91.8400 60.7600 253.000000 0.000000 150.000000 65.000000
0.8100 91.9000 60.8900 422.000000 0.000000 150.000000 65.000000
0.8200 91.9000 61.0000 567.000000 0.000000 152.000000 65.000000
0.8300 91.9000 61.0700 700.000000 0.000000 152.000000 65.000000
0.8400 91.9000 61.0700 796.000000 0.000000 153.000000 65.000000
0.8500 91.8200 61.0700 852.000000 0.000000 153.000000 65.000000
0.8600 91.7700 61.0700 872.000000 0.000000 153.000000 65.000000
0.8700 91.6000 61.0700 890.000000 0.000000 153.000000 65.000000
0.8800 91.3400 60.7300 899.000000 0.000000 153.000000 65.000000
0.8900 91.0700 60.2800 896.000000 0.000000 150.000000 65.000000
0.9000 90.9600 59.9900 894.000000 0.000000 150.000000 65.000000
0.9100 90.9600 59.6900 887.000000 0.000000 150.000000 65.000000
0.9200 91.1300 59.5500 869.000000 0.000000 148.000000 65.000000
0.9300 91.4400 59.5500 822.000000 0.000000 147.000000 65.000000
0.9400 91.8500 59.6600 794.000000 0.000000 147.000000 65.000000
0.9500 92.1500 59.8500 734.000000 0.000000 147.000000 65.000000
0.9600 92.3100 60.0800 727.000000 0.000000 147.000000 65.000000
0.9700 92.3700 60.3300 694.000000 0.000000 149.000000 66.000000
0.9800 92.3700 60.5400 690.000000 0.000000 149.000000 66.000000
0.9900 92.2900 60.7300 705.000000 0.000000 149.000000 66.000000
1.0000 92.2000 60.6700 711.000000 0.000000 149.000000 66.000000
1.0100 92.1300 60.5800 722.000000 0.000000 150.000000 65.000000
1.0200 92.1300 60.4400 725.000000 0.000000 150.000000 65.000000
1.0300 92.2800 60.3200 714.000000 0.000000 150.000000 65.000000
1.0400 92.5500 60.3700 700.000000 0.000000 150.000000 65.000000
1.0500 93.0900 60.5200 669.000000 0.000000 150.000000 65.000000
1.0600 93.6300 60.8600 638.000000 0.000000 150.000000 65.000000
1.0700 94.1300 61.2000 614.000000 0.000000 150.000000 65.000000
1.0800 94.4500 61.5800 595.000000 0.000000 152.000000 65.000000
1.0900 94.6800 62.0000 597.000000 0.000000 152.000000 65.000000
1.1000 94.7400 62.4900 617.000000 0.000000 152.000000 65.000000
1.1100 94.7400 63.1200 636.000000 0.000000 154.000000 66.000000
1.1200 94.6900 63.8400 667.000000 0.000000 155.000000 65.000000
1.1300 94.6200 64.6300 757.000000 0.000000 155.000000 65.000000
1.1400 94.5300 64.9700 818.000000 0.000000 155.000000 65.000000
1.1500 94.4200 65.0200 848.000000 0.000000 156.000000 64.000000
1.1600 94.3100 64.8100 885.000000 0.000000 156.000000 64.000000
1.1700 94.0000 63.8800 943.000000 0.000000 156.000000 64.000000
1.1800 93.5500 62.4800 965.000000 0.000000 154.000000 64.000000
1.1900 93.1800 61.0600 955.000000 0.000000 154.000000 64.000000
1.2000 93.0800 60.0500 912.000000 0.000000 153.000000 65.000000
1.2100 93.1700 59.3100 826.000000 0.000000 153.000000 65.000000
1.2200 93.2300 59.0400 639.000000 0.000000 153.000000 65.000000
1.2300 93.3100 59.0400 246.000000 0.000000 152.000000 65.000000
1.2400 93.3100 59.0400 0.000000 1.000000 152.000000 65.000000
1.2500 93.9500 59.6400 0.000000 0.000000 151.000000 66.000000
1.2600 94.3000 60.0100 0.000000 0.000000 151.000000 66.000000
1.2700 94.6300 60.3700 0.000000 0.000000 151.000000 66.000000
1.2800 94.9000 60.7000 0.000000 0.000000 151.000000 66.000000
1.2900 95.1300 60.9500 0.000000 0.000000 151.000000 66.000000
1.3000 95.1300 60.9500 235.000000 1.000000 151.000000 66.000000
1.3100 95.1300 60.9500 404.000000 0.000000 151.000000 66.000000
1.3200 95.1300 60.9500 485.000000 0.000000 153.000000 67.000000
1.3300 95.4300 61.1600 522.000000 0.000000 153.000000 67.000000
1.3400 95.5600 61.1600 565.000000 0.000000 154.000000 66.000000
1.3500 95.6600 61.2100 638.000000 0.000000 154.000000 66.000000
1.3600 95.7300 61.2100 731.000000 0.000000 156.000000 66.000000
1.3700 95.7900 61.3000 812.000000 0.000000 156.000000 66.000000
1.3800 95.7900 61.3800 869.000000 0.000000 156.000000 66.000000
1.3900 95.7900 61.3800 897.000000 0.000000 156.000000 66.000000
1.4000 95.6900 61.4300 908.000000 0.000000 159.000000 67.000000
1.4100 95.5300 61.4300 933.000000 0.000000 159.000000 67.000000
1.4200 95.3100 61.1800 950.000000 0.000000 159.000000 67.000000
1.4300 94.8100 60.8200 986.000000 0.000000 159.000000 67.000000
1.4400 94.4900 60.3600 991.000000 0.000000 159.000000 67.000000
1.4500 94.2800 60.0300 965.000000 0.000000 159.000000 67.000000
1.4600 94.3700 59.8000 926.000000 0.000000 158.000000 67.000000
1.4700 94.4800 59.8000 894.000000 0.000000 155.000000 67.000000
1.4800 94.8200 59.8900 836.000000 0.000000 155.000000 67.000000
1.4900 95.2900 60.1300 788.000000 0.000000 155.000000 67.000000
1.5000 95.6700 60.4200 754.000000 0.000000 155.000000 67.000000
1.5100 95.9000 60.7000 761.000000 0.000000 155.000000 67.000000
1.5200 96.0200 60.9300 767.000000 0.000000 155.000000 67.000000
1.5300 96.0700 60.9800 797.000000 0.000000 158.000000 67.000000
1.5400 96.0200 60.9300 829.000000 0.000000 158.000000 67.000000
1.5500 95.8900 60.6400 861.000000 0.000000 158.000000 67.000000
1.5600 95.8100 60.3200 853.000000 0.000000 158.000000 67.000000
1.5700 95.7400 59.9700 822.000000 0.000000 158.000000 67.000000
1.5800 95.7400 59.6400 662.000000 0.000000 158.000000 67.000000
1.5900 95.8400 59.4500 51.000000 0.000000 156.000000 68.000000
1.6000 95.8400 59.4500 0.000000 1.000000 156.000000 68.000000
1.6100 96.3500 59.4800 0.000000 0.000000 156.000000 68.000000
1.6200 96.8600 59.7100 0.000000 0.000000 155.000000 69.000000
1.6300 97.5000 60.0200 0.000000 0.000000 155.000000 69.000000
1.6400 98.3700 60.3800 0.000000 0.000000 155.000000 69.000000
1.6500 99.3800 60.7100 0.000000 0.000000 155.000000 69.000000
1.6600 100.4700 60.9900 0.000000 0.000000 155.000000 69.000000
1.6700 101.3200 61.2100 0.000000 0.000000 155.000000 69.000000
1.6800 101.4700 61.3600 0.000000 0.000000 153.000000 69.000000
1.6900 101.1400 61.4100 0.000000 0.000000 151.000000 68.000000
1.7000 100.3900 61.4100 0.000000 0.000000 152.000000 68.000000
1.7100 99.6000 61.3300 0.000000 0.000000 150.000000 67.000000
1.7200 98.7800 61.3300 0.000000 0.000000 150.000000 67.000000
1.7300 98.2800 61.2800 0.000000 0.000000 149.000000 66.000000
1.7400 98.0500 61.2800 0.000000 0.000000 149.000000 66.000000
1.7500 98.0000 61.2800 0.000000 0.000000 149.000000 66.000000
1.7600 98.0000 61.3400 0.000000 0.000000 151.000000 66.000000
1.7700 98.1800 61.4300 0.000000 0.000000 152.000000 65.000000
1.7800 98.3800 61.5900 0.000000 0.000000 154.000000 66.000000
1.7900 98.6400 61.7900 0.000000 0.000000 154.000000 66.000000
1.8000 98.9200 61.9600 0.000000 0.000000 154.000000 66.000000
1.8100 99.2200 62.1000 0.000000 0.000000 154.000000 66.000000
1.8200 99.5100 62.1800 0.000000 0.000000 156.000000 66.000000
1.8300 99.5100 62.1800 41.000000 1.000000 157.000000 65.000000
1.8400 99.9400 62.3500 279.000000 0.000000 157.000000 65.000000
1.8500 99.9400 62.4600 510.000000 0.000000 157.000000 65.000000
1.8600 99.9400 62.5800 693.000000 0.000000 157.000000 65.000000
1.8700 99.8600 62.5800 788.000000 0.000000 157.000000 65.000000
1.8800 99.7600 62.6600 914.000000 0.000000 155.000000 65.000000
1.8900 99.6300 62.6600 979.000000 0.000000 155.000000 65.000000
1.9000 99.5300 62.6100 1023.000000 0.000000 155.000000 65.000000
1.9100 99.3000 62.4800 1023.000000 0.000000 153.000000 65.000000
1.9200 98.9600 62.2800 1023.000000 0.000000 153.000000 65.000000
1.9300 98.6800 61.9700 1023.000000 0.000000 155.000000 65.000000
1.9400 98.4800 61.6000 1023.000000 0.000000 156.000000 64.000000
1.9500 98.3200 61.3500 1023.000000 0.000000 155.000000 65.000000
1.9600 98.4500 61.1600 1023.000000 0.000000 157.000000 65.000000
1.9700 98.8100 61.0200 1023.000000 0.000000 157.000000 65.000000
1.9800 99.3200 61.0900 979.000000 0.000000 157.000000 65.000000
1.9900 99.8700 61.2800 939.000000 0.000000 157.000000 65.000000
2.0000 100.3000 61.5500 933.000000 0.000000 155.000000 65.000000
2.0100 100.6600 61.6900 938.000000 0.000000 153.000000 65.000000
2.0200 100.6600 61.6900 956.000000 0.000000 152.000000 65.000000
2.0300 100.4900 61.5000 990.000000 0.000000 152.000000 65.000000
2.0400 100.1700 60.9700 1023.000000 0.000000 150.000000 65.000000
2.0500 99.5100 60.2100 1023.000000 0.000000 150.000000 65.000000
2.0600 98.8800 59.3000 1023.000000 0.000000 149.000000 66.000000
2.0700 98.2300 58.1600 1023.000000 0.000000 149.000000 66.000000
2.0800 97.5400 57.4300 1020.000000 0.000000 149.000000 66.000000
2.0900 97.2800 56.9700 926.000000 0.000000 148.000000 67.000000
2.1000 97.2300 56.9100 666.000000 0.000000 146.000000 67.000000
2.1100 97.3200 57.0300 98.000000 0.000000 145.000000 68.000000
2.1200 97.3200 57.0300 0.000000 1.000000 147.000000 69.000000
2.1300 98.0100 57.7900 0.000000 0.000000 145.000000 70.000000
2.1400 98.5000 58.4000 0.000000 0.000000 145.000000 70.000000
2.1500 99.1000 59.0600 0.000000 0.000000 148.000000 70.000000
2.1600 99.7800 59.7600 0.000000 0.000000 148.000000 70.000000
2.1700 100.5200 60.4000 0.000000 0.000000 148.000000 70.000000
2.1800 101.1300 60.9300 0.000000 0.000000 152.000000 70.000000
2.1900 101.5300 61.2700 0.000000 0.000000 152.000000 70.000000
2.2000 101.7900 61.4900 0.000000 0.000000 155.000000 69.000000
2.2100 101.7900 61.4900 202.000000 1.000000 155.000000 69.000000
2.2200 102.1400 61.5200 315.000000 0.000000 156.000000 68.000000
2.2300 102.2600 61.8400 389.000000 0.000000 156.000000 68.000000
2.2400 102.3200 61.9000 445.000000 0.000000 158.000000 67.000000
2.2500 102.3900 61.9700 562.000000 0.000000 158.000000 67.000000
2.2600 102.3900 62.0600 681.000000 0.000000 158.000000 67.000000
2.2700 102.3900 62.1300 809.000000 0.000000 156.000000 66.000000
2.2800 102.3900 62.1300 894.000000 0.000000 156.000000 66.000000
2.2900 102.3400 62.1900 967.000000 0.000000 154.000000 66.000000
2.3000 102.3400 62.1900 1017.000000 0.000000 154.000000 66.000000
2.3100 102.3400 62.2500 1023.000000 0.000000 154.000000 66.000000
2.3200 102.3400 62.2500 1023.000000 0.000000 153.000000 65.000000
2.3300 102.2900 62.2500 1023.000000 0.000000 153.000000 65.000000
2.3400 102.1400 62.2500 1023.000000 0.000000 153.000000 65.000000
2.3500 101.9100 62.0600 1023.000000 0.000000 151.000000 64.000000
2.3600 101.5500 61.7500 1023.000000 0.000000 150.000000 65.000000
2.3700 101.2500 61.3300 1023.000000 0.000000 150.000000 65.000000
2.3800 100.9900 60.9800 1023.000000 0.000000 150.000000 65.000000
2.3900 100.8500 60.6300 1023.000000 0.000000 150.000000 65.000000
2.4000 100.9200 60.4400 1023.000000 0.000000 150.000000 65.000000
2.4100 101.1200 60.3700 1023.000000 0.000000 150.000000 65.000000
2.4200 101.3700 60.3700 1023.000000 0.000000 150.000000 65.000000
2.4300 101.6600 60.5100 1023.000000 0.000000 150.000000 65.000000
2.4400 102.0200 60.7900 1023.000000 0.000000 150.000000 65.000000
2.4500 102.2400 61.0700 1015.000000 0.000000 149.000000 66.000000
2.4600 102.3600 61.3700 1023.000000 0.000000 149.000000 66.000000
2.4700 102.4400 61.6800 1023.000000 0.000000 149.000000 66.000000
2.4800 102.4400 61.7900 1023.000000 0.000000 151.000000 66.000000
2.4900 102.3800 61.8700 1023.000000 0.000000 151.000000 66.000000
2.5000 102.3300 61.9300 1023.000000 0.000000 152.000000 65.000000
2.5100 102.2200 61.9300 1023.000000 0.000000 152.000000 65.000000
2.5200 102.0700 61.7100 1023.000000 0.000000 152.000000 65.000000
2.5300 101.9800 61.4500 1023.000000 0.000000 152.000000 65.000000
2.5400 101.9800 61.1800 1023.000000 0.000000 152.000000 65.000000
2.5500 101.9800 60.9500 1023.000000 0.000000 152.000000 65.000000
2.5600 102.0800 60.7500 1023.000000 0.000000 152.000000 65.000000
2.5700 102.3800 60.6800 1023.000000 0.000000 149.000000 66.000000
2.5800 102.8000 60.6800 1023.000000 0.000000 149.000000 66.000000
2.5900 103.3200 60.9900 1023.000000 0.000000 149.000000 66.000000
2.6000 103.7500 61.2300 1023.000000 0.000000 149.000000 66.000000
2.6100 104.1100 61.4400 1023.000000 0.000000 151.000000 66.000000
2.6200 104.3300 61.6800 1023.000000 0.000000 151.000000 66.000000
2.6300 104.3300 61.7600 1023.000000 0.000000 151.000000 66.000000
2.6400 104.3300 61.7600 1023.000000 0.000000 153.000000 67.000000
2.6500 104.1300 61.6000 1023.000000 0.000000 153.000000 67.000000
2.6600 103.9000 61.3500 1023.000000 0.000000 153.000000 67.000000
2.6700 103.6300 61.0100 1023.000000 0.000000 153.000000 67.000000
2.6800 103.6300 60.7800 1006.000000 0.000000 153.000000 67.000000
2.6900 103.8700 60.6400 878.000000 0.000000 153.000000 67.000000
2.7000 104.2300 60.5600 481.000000 0.000000 155.000000 67.000000
2.7100 104.2300 60.5600 0.000000 1.000000 155.000000 67.000000
2.7200 105.2700 60.8700 0.000000 0.000000 155.000000 67.000000
2.7300 105.6100 61.1300 0.000000 0.000000 156.000000 68.000000
2.7400 105.8800 61.3800 0.000000 0.000000 156.000000 68.000000
2.7500 106.0300 61.5900 0.000000 0.000000 156.000000 68.000000
2.7600 106.1000 61.7200 0.000000 0.000000 159.000000 69.000000
2.7700 106.1000 61.7700 0.000000 0.000000 159.000000 69.000000
2.7800 106.1000 61.7700 149.000000 1.000000 159.000000 69.000000
2.7900 106.1000 61.7700 423.000000 0.000000 160.000000 68.000000
2.8000 106.1000 61.7700 597.000000 0.000000 160.000000 68.000000
2.8100 106.1000 61.7700 705.000000 0.000000 160.000000 68.000000
2.8200 106.1000 61.7700 793.000000 0.000000 160.000000 68.000000
2.8300 106.4100 61.9100 900.000000 0.000000 160.000000 68.000000
2.8400 106.4100 61.9100 986.000000 0.000000 158.000000 67.000000
2.8500 106.4100 61.9800 1023.000000 0.000000 158.000000 67.000000
2.8600 106.4100 61.9800 1023.000000 0.000000 159.000000 67.000000
2.8700 106.3100 61.9200 1023.000000 0.000000 158.000000 67.000000
2.8800 106.1800 61.8000 1023.000000 0.000000 158.000000 67.000000
2.8900 105.8900 61.5000 1023.000000 0.000000 158.000000 67.000000
2.9000 105.6500 61.1100 1023.000000 0.000000 158.000000 67.000000
2.9100 105.6500 60.8700 1023.000000 0.000000 158.000000 67.000000
2.9200 105.7400 60.7200 1023.000000 0.000000 158.000000 67.000000
2.9300 105.9800 60.6400 1023.000000 0.000000 158.000000 67.000000
2.9400 106.2700 60.7500 988.000000 0.000000 156.000000 68.000000
2.9500 106.6200 60.9300 953.000000 0.000000 156.000000 68.000000
2.9600 106.9300 61.1600 947.000000 0.000000 159.000000 69.000000
2.9700 107.1100 61.3100 944.000000 0.000000 159.000000 69.000000
2.9800 107.2200 61.4200 941.000000 0.000000 159.000000 69.000000
2.9900 107.1600 61.4200 964.000000 0.000000 159.000000 69.000000
3.0000 107.0700 61.3200 983.000000 0.000000 161.000000 69.000000
3.0100 106.9500 61.1600 991.000000 0.000000 161.000000 69.000000
3.0200 106.9500 60.9900 973.000000 0.000000 161.000000 69.000000
3.0300 106.9500 60.7900 932.000000 0.000000 161.000000 69.000000
3.0400 106.9500 60.6700 824.000000 0.000000 161.000000 69.000000
3.0500 107.1600 60.6000 488.000000 0.000000 161.000000 69.000000
3.0600 107.1600 60.6000 0.000000 1.000000 161.000000 69.000000
3.0700 107.6100 60.7600 0.000000 0.000000 164.000000 69.000000
3.0800 107.7300 60.9300 0.000000 0.000000 164.000000 69.000000
3.0900 107.8100 61.1600 0.000000 0.000000 164.000000 69.000000
3.1000 108.0000 61.5300 0.000000 0.000000 164.000000 69.000000
3.1100 108.2200 62.0000 0.000000 0.000000 166.000000 69.000000
3.1200 108.2900 62.4700 0.000000 0.000000 166.000000 69.000000
3.1300 108.2900 62.7400 0.000000 0.000000 166.000000 69.000000
3.1400 108.2900 62.7400 570.000000 1.000000 167.000000 69.000000
3.1500 107.8700 62.9600 799.000000 0.000000 167.000000 69.000000
3.1600 107.6900 63.0100 848.000000 0.000000 167.000000 69.000000
3.1700 107.6900 63.0100 806.000000 0.000000 165.000000 67.000000
3.1800 107.6900 62.9400 599.000000 0.000000 165.000000 67.000000
3.1900 107.6900 62.9400 0.000000 1.000000 165.000000 67.000000
3.2000 107.7600 62.6500 0.000000 0.000000 163.000000 67.000000
3.2100 107.8800 62.4900 0.000000 0.000000 163.000000 67.000000
3.2200 108.1700 62.3900 0.000000 0.000000 163.000000 67.000000
3.2300 108.5800 62.2200 0.000000 0.000000 165.000000 67.000000
3.2400 108.9500 62.0000 0.000000 0.000000 165.000000 67.000000
3.2500 109.3200 61.8400 0.000000 0.000000 168.000000 68.000000
3.2600 109.4900 61.7300 0.000000 0.000000 170.000000 68.000000
3.2700 109.4900 61.7300 0.000000 0.000000 170.000000 68.000000
3.2800 109.4400 61.7300 0.000000 0.000000 173.000000 68.000000
3.2900 109.3400 61.7300 0.000000 0.000000 173.000000 68.000000
3.3000 109.2300 61.8100 0.000000 0.000000 173.000000 68.000000
3.3100 109.1800 61.8700 0.000000 0.000000 173.000000 68.000000
3.3200 109.1800 61.8700 179.000000 1.000000 173.000000 68.000000
3.3300 109.1800 61.8700 327.000000 0.000000 173.000000 68.000000
3.3400 109.1800 61.8700 439.000000 0.000000 173.000000 68.000000
3.3500 109.1800 61.8700 538.000000 0.000000 170.000000 68.000000
3.3600 109.1800 61.8700 606.000000 0.000000 170.000000 68.000000
3.3700 109.1800 61.8700 661.000000 0.000000 170.000000 68.000000
3.3800 109.1800 61.8700 722.000000 0.000000 170.000000 68.000000
3.3900 109.1800 61.8700 785.000000 0.000000 170.000000 68.000000
3.4000 109.1800 61.8700 828.000000 0.000000 170.000000 68.000000
3.4100 109.1800 61.8700 887.000000 0.000000 170.000000 68.000000
3.4200 109.1800 61.8700 930.000000 0.000000 170.000000 68.000000
3.4300 109.1800 61.8700 968.000000 0.000000 170.000000 68.000000
3.4400 109.1800 61.8700 997.000000 0.000000 170.000000 68.000000
3.4500 109.2300 62.1600 1023.000000 0.000000 170.000000 68.000000
3.4600 109.0600 62.0900 1023.000000 0.000000 170.000000 68.000000
3.4700 108.7500 61.9700 1023.000000 0.000000 170.000000 69.000000
3.4800 108.4400 61.7700 1023.000000 0.000000 167.000000 69.000000
3.4900 108.2000 61.4600 1023.000000 0.000000 167.000000 69.000000
3.5000 108.0500 61.0900 1015.000000 0.000000 167.000000 69.000000
3.5100 108.1400 60.9200 985.000000 0.000000 165.000000 68.000000
3.5200 108.3400 60.8700 911.000000 0.000000 165.000000 68.000000
3.5300 108.7800 60.8700 826.000000 0.000000 165.000000 68.000000
3.5400 109.1500 61.0900 750.000000 0.000000 165.000000 68.000000
3.5500 109.4700 61.3200 722.000000 0.000000 164.000000 69.000000
3.5600 109.6700 61.5600 724.000000 0.000000 166.000000 69.000000
3.5700 109.7900 61.8000 758.000000 0.000000 166.000000 69.000000
3.5800 109.8600 62.0200 820.000000 0.000000 169.000000 70.000000
3.5900 109.7900 62.0700 867.000000 0.000000 170.000000 69.000000
3.6000 109.6500 62.0200 921.000000 0.000000 170.000000 69.000000
3.6100 109.4600 61.8600 970.000000 0.000000 170.000000 69.000000
3.6200 109.2600 61.5500 1005.000000 0.000000 170.000000 69.000000
3.6300 109.1100 61.1500 999.000000 0.000000 170.000000 69.000000
3.6400 109.1100 60.9600 982.000000 0.000000 170.000000 69.000000
3.6500 109.1100 60.8500 973.000000 0.000000 169.000000 70.000000
3.6600 109.2500 60.7900 941.000000 0.000000 169.000000 70.000000
3.6700 109.5600 60.9600 897.000000 0.000000 169.000000 70.000000
3.6800 109.9900 61.2700 893.000000 0.000000 169.000000 70.000000
3.6900 110.2400 61.6700 896.000000 0.000000 169.000000 70.000000
3.7000 110.4900 62.1400 906.000000 0.000000 170.000000 69.000000
3.7100 110.7700 62.8000 905.000000 0.000000 170.000000 69.000000
3.7200 111.0500 63.6000 926.000000 0.000000 168.000000 68.000000
3.7300 111.2500 64.5800 949.000000 0.000000 168.000000 68.000000
3.7400 111.4000 65.5500 987.000000 0.000000 168.000000 68.000000
3.7500 111.5100 65.9500 1006.000000 0.000000 166.000000 66.000000
3.7600 111.5100 65.9500 1014.000000 0.000000 166.000000 66.000000
3.7700 111.5100 65.7700 1023.000000 0.000000 166.000000 66.000000
3.7800 111.5100 65.0800 1023.000000 0.000000 164.000000 66.000000
3.7900 111.5800 64.0800 1023.000000 0.000000 164.000000 66.000000
3.8000 111.6600 62.9100 1023.000000 0.000000 164.000000 66.000000
3.8100 111.8000 62.1200 1023.000000 0.000000 164.000000 66.000000
3.8200 111.9600 61.5800 1023.000000 0.000000 166.000000 66.000000
3.8300 112.0900 61.3200 1023.000000 0.000000 166.000000 66.000000
3.8400 112.0900 61.2700 1023.000000 0.000000 166.000000 66.000000
3.8500 112.0100 61.3600 1023.000000 0.000000 166.000000 66.000000
3.8600 111.6800 61.5500 1023.000000 0.000000 166.000000 66.000000
3.8700 110.9000 61.7600 1023.000000 0.000000 166.000000 66.000000
3.8800 109.8200 61.9800 1009.000000 0.000000 168.000000 67.000000
3.8900 108.1400 62.1400 992.000000 0.000000 168.000000 67.000000
3.9000 105.8200 62.3100 974.000000 0.000000 168.000000 67.000000
3.9100 103.0700 62.4800 981.000000 0.000000 168.000000 67.000000
3.9200 99.8000 62.4800 1023.000000 0.000000 168.000000 67.000000
3.9300 96.1300 62.0900 1023.000000 0.000000 168.000000 67.000000
3.9400 92.1900 61.4400 1023.000000 0.000000 166.000000 66.000000
3.9500 89.1200 60.7100 1023.000000 0.000000 167.000000 65.000000
3.9600 87.7900 60.2700 1023.000000 0.000000 165.000000 65.000000
3.9700 87.6100 60.0200 1023.000000 0.000000 162.000000 65.000000
3.9800 88.0300 59.7700 1023.000000 0.000000 162.000000 65.000000
3.9900 89.8600 59.3800 1023.000000 0.000000 162.000000 65.000000
4.0000 92.6400 58.9100 1023.000000 0.000000 162.000000 65.000000
4.0100 96.5700 58.9700 1023.000000 0.000000 162.000000 65.000000
4.0200 100.9200 59.0700 1023.000000 0.000000 164.000000 66.000000
4.0300 105.5600 59.2000 1023.000000 0.000000 165.000000 67.000000
4.0400 109.6300 59.3400 1023.000000 0.000000 167.000000 69.000000
4.0500 112.2800 59.3400 1023.000000 0.000000 170.000000 69.000000
4.0600 113.9700 59.2900 1023.000000 0.000000 172.000000 70.000000
4.0700 114.2100 59.2900 1023.000000 0.000000 172.000000 70.000000
4.0800 114.0600 59.3400 1023.000000 0.000000 175.000000 70.000000
4.0900 113.6600 59.3400 837.000000 0.000000 175.000000 70.000000
4.1000 113.0500 59.4000 319.000000 0.000000 175.000000 70.000000
