0.0000 13.1000 16.2300 472.000000 1.000000 173.000000 54.000000
0.0100 13.1200 15.5600 605.000000 0.000000 173.000000 55.000000
0.0200 12.9700 14.8000 737.000000 0.000000 171.000000 55.000000
0.0300 12.8000 13.8300 824.000000 0.000000 173.000000 56.000000
0.0400 12.6800 12.7100 823.000000 0.000000 172.000000 57.000000
0.0500 12.5700 11.5900 776.000000 0.000000 174.000000 58.000000
0.0600 12.6300 10.8400 599.000000 0.000000 173.000000 59.000000
0.0700 12.8000 10.3400 207.000000 0.000000 173.000000 60.000000
0.0800 12.8000 10.3400 0.000000 1.000000 173.000000 62.000000
0.0900 12.9100 10.5000 0.000000 0.000000 172.000000 63.000000
0.1000 12.9100 10.9900 0.000000 0.000000 172.000000 64.000000
0.1100 12.9100 11.5000 0.000000 0.000000 170.000000 64.000000
0.1200 12.6500 12.0000 0.000000 0.000000 168.000000 63.000000
0.1300 12.2900 12.4900 0.000000 0.000000 166.000000 63.000000
0.1400 11.5600 12.7700 0.000000 0.000000 166.000000 62.000000
0.1500 10.5500 12.8500 0.000000 0.000000 165.000000 61.000000
0.1600 10.5500 12.8500 565.000000 1.000000 165.000000 61.000000
0.1700 8.7700 13.0100 664.000000 0.000000 166.000000 60.000000
0.1800 8.6700 13.3000 727.000000 0.000000 166.000000 59.000000
0.1900 8.8900 13.6500 733.000000 0.000000 167.000000 58.000000
0.2000 9.7000 14.2800 746.000000 0.000000 168.000000 58.000000
0.2100 11.0200 15.0300 763.000000 0.000000 169.000000 58.000000
0.2200 12.6800 15.8600 763.000000 0.000000 169.000000 58.000000
0.2300 13.9700 16.1700 767.000000 0.000000 170.000000 58.000000
0.2400 14.7000 16.1700 770.000000 0.000000 172.000000 57.000000
0.2500 15.0500 15.8500 797.000000 0.000000 172.000000 57.000000
0.2600 14.9200 15.5000 818.000000 0.000000 174.000000 57.000000
0.2700 14.4000 14.9100 818.000000 0.000000 174.000000 58.000000
0.2800 13.6100 14.1700 730.000000 0.000000 175.000000 58.000000
0.2900 12.8800 13.6000 514.000000 0.000000 175.000000 59.000000
0.3000 12.8800 13.6000 0.000000 1.000000 175.000000 59.000000
0.3100 12.1500 12.8500 0.000000 0.000000 175.000000 60.000000
0.3200 12.1500 12.8500 0.000000 0.000000 173.000000 60.000000
0.3300 12.1500 12.8500 0.000000 0.000000 173.000000 60.000000
0.3400 12.5700 12.7400 0.000000 0.000000 171.000000 60.000000
0.3500 13.0000 12.8300 0.000000 0.000000 171.000000 60.000000
0.3600 13.4400 12.9500 0.000000 0.000000 170.000000 60.000000
0.3700 13.7900 13.1100 0.000000 0.000000 168.000000 58.000000
0.3800 14.0800 13.2000 0.000000 0.000000 169.000000 58.000000
0.3900 14.1800 13.2800 0.000000 0.000000 169.000000 58.000000
0.4000 14.2500 13.2800 0.000000 0.000000 169.000000 58.000000
0.4100 14.3100 13.4800 0.000000 0.000000 169.000000 58.000000
0.4200 14.3700 13.7100 0.000000 0.000000 169.000000 58.000000
0.4300 14.3700 13.7100 112.000000 1.000000 168.000000 58.000000
0.4400 14.5800 14.1200 202.000000 0.000000 168.000000 58.000000
0.4500 14.7300 14.2400 235.000000 0.000000 170.000000 60.000000
0.4600 14.8800 14.3300 302.000000 0.000000 170.000000 60.000000
0.4700 14.8800 14.3300 407.000000 0.000000 169.000000 61.000000
0.4800 14.8800 14.3300 522.000000 0.000000 171.000000 61.000000
0.4900 14.8800 14.3300 627.000000 0.000000 171.000000 61.000000
0.5000 14.8800 14.3300 721.000000 0.000000 173.000000 62.000000
0.5100 14.8800 14.3300 791.000000 0.000000 174.000000 62.000000
0.5200 14.8800 14.3300 858.000000 0.000000 174.000000 62.000000
0.5300 14.8800 14.3300 903.000000 0.000000 174.000000 62.000000
0.5400 14.8800 14.3300 967.000000 0.000000 174.000000 62.000000
0.5500 14.8800 14.3300 997.000000 0.000000 174.000000 63.000000
0.5600 14.3800 13.7200 1023.000000 0.000000 176.000000 63.000000
0.5700 13.9300 13.0300 1023.000000 0.000000 176.000000 63.000000
0.5800 13.5800 12.3400 1023.000000 0.000000 176.000000 63.000000
0.5900 13.4600 11.8300 1023.000000 0.000000 178.000000 63.000000
0.6000 13.4600 11.4400 1023.000000 0.000000 178.000000 64.000000
0.6100 13.5600 11.3700 980.000000 0.000000 180.000000 64.000000
0.6200 13.8200 11.4700 914.000000 0.000000 180.000000 64.000000
0.6300 14.2200 11.6900 846.000000 0.000000 180.000000 65.000000
0.6400 14.6600 12.3200 829.000000 0.000000 180.000000 65.000000
0.6500 15.0300 12.9300 818.000000 0.000000 180.000000 65.000000
0.6600 15.2100 13.3800 832.000000 0.000000 180.000000 66.000000
0.6700 15.3000 13.7500 861.000000 0.000000 180.000000 66.000000
0.6800 15.3000 13.7500 905.000000 0.000000 178.000000 66.000000
0.6900 15.1800 13.6300 938.000000 0.000000 178.000000 66.000000
0.7000 15.0600 13.3700 950.000000 0.000000 178.000000 65.000000
0.7100 14.8700 12.7500 951.000000 0.000000 176.000000 65.000000
0.7200 14.7100 12.1700 915.000000 0.000000 178.000000 65.000000
0.7300 14.6200 11.6300 864.000000 0.000000 178.000000 65.000000
0.7400 14.6200 11.3100 750.000000 0.000000 178.000000 65.000000
0.7500 14.8500 11.3100 507.000000 0.000000 180.000000 65.000000
0.7600 15.1300 11.4700 100.000000 0.000000 180.000000 66.000000
0.7700 15.1300 11.4700 0.000000 1.000000 180.000000 66.000000
0.7800 15.8300 12.2300 0.000000 0.000000 180.000000 66.000000
0.7900 16.1100 12.5400 0.000000 0.000000 178.000000 66.000000
0.8000 16.3400 12.7800 0.000000 0.000000 178.000000 66.000000
0.8100 16.5300 13.0200 0.000000 0.000000 176.000000 66.000000
0.8200 16.5300 13.0200 120.000000 1.000000 171.000000 65.000000
0.8300 16.7400 13.4100 407.000000 0.000000 167.000000 64.000000
0.8400 16.7400 13.5400 561.000000 0.000000 165.000000 64.000000
0.8500 16.7400 13.6100 661.000000 0.000000 161.000000 64.000000
0.8600 16.7900 13.6100 728.000000 0.000000 157.000000 63.000000
0.8700 16.7900 13.6100 797.000000 0.000000 155.000000 62.000000
0.8800 16.7100 13.5600 837.000000 0.000000 151.000000 61.000000
0.8900 16.6200 13.4600 906.000000 0.000000 148.000000 61.000000
0.9000 16.3800 13.2400 935.000000 0.000000 148.000000 61.000000
0.9100 16.1400 12.7800 965.000000 0.000000 150.000000 62.000000
0.9200 15.9000 12.1700 964.000000 0.000000 151.000000 63.000000
0.9300 15.8400 11.7300 933.000000 0.000000 154.000000 64.000000
0.9400 15.9100 11.4700 903.000000 0.000000 158.000000 64.000000
0.9500 16.0600 11.3200 853.000000 0.000000 162.000000 66.000000
0.9600 16.3900 11.4400 808.000000 0.000000 164.000000 66.000000
0.9700 16.7500 11.7700 785.000000 0.000000 164.000000 66.000000
0.9800 16.9900 12.2500 788.000000 0.000000 164.000000 66.000000
0.9900 17.1400 12.5900 784.000000 0.000000 162.000000 66.000000
1.0000 17.1400 12.9100 827.000000 0.000000 157.000000 65.000000
1.0100 17.1400 13.0300 864.000000 0.000000 153.000000 65.000000
1.0200 17.1400 13.0300 863.000000 0.000000 150.000000 64.000000
1.0300 17.1400 12.9300 864.000000 0.000000 146.000000 63.000000
1.0400 17.1400 12.8100 842.000000 0.000000 144.000000 62.000000
1.0500 17.2000 12.6400 806.000000 0.000000 144.000000 62.000000
1.0600 17.3500 12.7300 777.000000 0.000000 144.000000 62.000000
1.0700 17.7600 13.0000 691.000000 0.000000 144.000000 62.000000
1.0800 18.3300 13.6100 595.000000 0.000000 144.000000 62.000000
1.0900 18.8000 14.2200 512.000000 0.000000 146.000000 63.000000
1.1000 19.1400 14.8300 463.000000 0.000000 146.000000 63.000000
1.1100 19.3800 15.5100 422.000000 0.000000 147.000000 62.000000
1.1200 19.5500 16.2500 445.000000 0.000000 150.000000 62.000000
1.1300 19.5500 17.0300 542.000000 0.000000 150.000000 62.000000
1.1400 19.5500 17.4300 711.000000 0.000000 149.000000 63.000000
1.1500 19.4700 17.5800 826.000000 0.000000 148.000000 63.000000
1.1600 19.2800 17.3800 872.000000 0.000000 148.000000 63.000000
1.1700 19.0200 16.6900 933.000000 0.000000 146.000000 64.000000
1.1800 18.5500 15.6700 988.000000 0.000000 146.000000 64.000000
1.1900 18.1100 14.4200 987.000000 0.000000 145.000000 65.000000
1.2000 17.7500 13.1700 985.000000 0.000000 145.000000 65.000000
1.2100 17.6500 12.3100 930.000000 0.000000 145.000000 64.000000
1.2200 17.7100 11.7100 773.000000 0.000000 145.000000 64.000000
1.2300 17.8900 11.7100 530.000000 0.000000 146.000000 63.000000
1.2400 18.3300 12.0300 247.000000 0.000000 147.000000 62.000000
1.2500 18.3300 12.0300 0.000000 1.000000 147.000000 62.000000
1.2600 19.4000 13.2000 0.000000 0.000000 149.000000 63.000000
1.2700 19.8400 13.6100 0.000000 0.000000 149.000000 63.000000
1.2800 20.2500 13.9300 0.000000 0.000000 151.000000 63.000000
1.2900 20.2500 13.9300 245.000000 1.000000 151.000000 63.000000
1.3000 20.5700 14.1000 486.000000 0.000000 154.000000 63.000000
1.3100 20.5000 14.1000 616.000000 0.000000 154.000000 63.000000
1.3200 20.4400 14.1000 700.000000 0.000000 154.000000 63.000000
1.3300 20.3800 14.0500 751.000000 0.000000 155.000000 62.000000
1.3400 20.3100 14.0500 791.000000 0.000000 155.000000 62.000000
1.3500 20.2400 14.0500 830.000000 0.000000 155.000000 62.000000
1.3600 20.1700 14.1200 891.000000 0.000000 155.000000 62.000000
1.3700 20.1100 14.1700 941.000000 0.000000 155.000000 62.000000
1.3800 20.1100 14.2200 1006.000000 0.000000 152.000000 62.000000
1.3900 20.1100 14.2200 1023.000000 0.000000 152.000000 62.000000
1.4000 20.0000 14.1700 1023.000000 0.000000 152.000000 62.000000
1.4100 19.9100 14.1000 1023.000000 0.000000 152.000000 62.000000
1.4200 19.6200 13.7400 1023.000000 0.000000 152.000000 62.000000
1.4300 19.2000 13.2000 1023.000000 0.000000 151.000000 63.000000
1.4400 19.0400 12.5500 1023.000000 0.000000 151.000000 63.000000
1.4500 18.8900 12.1400 1023.000000 0.000000 151.000000 63.000000
1.4600 18.8900 11.9700 999.000000 0.000000 150.000000 64.000000
1.4700 19.0900 11.9700 950.000000 0.000000 150.000000 64.000000
1.4800 19.3500 12.1500 899.000000 0.000000 146.000000 64.000000
1.4900 19.6600 12.5700 876.000000 0.000000 146.000000 64.000000
1.5000 19.9200 13.1400 873.000000 0.000000 146.000000 64.000000
1.5100 20.1300 13.4200 888.000000 0.000000 146.000000 64.000000
1.5200 20.1300 13.4900 899.000000 0.000000 146.000000 64.000000
1.5300 20.1300 13.4100 945.000000 0.000000 148.000000 65.000000
1.5400 20.1300 13.2100 958.000000 0.000000 148.000000 65.000000
1.5500 20.0500 12.8500 959.000000 0.000000 147.000000 65.000000
1.5600 20.0500 12.3900 939.000000 0.000000 147.000000 65.000000
1.5700 20.0500 12.0100 843.000000 0.000000 147.000000 65.000000
1.5800 20.1200 11.8500 594.000000 0.000000 149.000000 66.000000
1.5900 20.1200 11.8500 0.000000 1.000000 148.000000 67.000000
1.6000 20.6400 11.9300 0.000000 0.000000 148.000000 67.000000
1.6100 20.8900 11.9900 0.000000 0.000000 148.000000 67.000000
1.6200 21.1500 12.0400 0.000000 0.000000 148.000000 67.000000
1.6300 21.7200 12.1100 0.000000 0.000000 148.000000 67.000000
1.6400 22.4900 12.2600 0.000000 0.000000 149.000000 66.000000
1.6500 23.4500 12.4400 0.000000 0.000000 148.000000 65.000000
1.6600 24.4100 12.5500 0.000000 0.000000 150.000000 64.000000
1.6700 25.3500 12.6600 0.000000 0.000000 150.000000 64.000000
1.6800 25.7800 12.7200 0.000000 0.000000 151.000000 63.000000
1.6900 25.8900 12.7200 0.000000 0.000000 151.000000 63.000000
1.7000 25.3700 12.7200 0.000000 0.000000 153.000000 63.000000
1.7100 24.8500 12.7200 0.000000 0.000000 153.000000 63.000000
1.7200 24.3300 12.8300 0.000000 0.000000 153.000000 63.000000
1.7300 24.0300 12.9600 0.000000 0.000000 153.000000 63.000000
1.7400 23.8800 13.1100 0.000000 0.000000 151.000000 64.000000
1.7500 23.8800 13.3000 0.000000 0.000000 150.000000 64.000000
1.7600 23.8800 13.5300 0.000000 0.000000 150.000000 64.000000
1.7700 24.0700 13.7700 0.000000 0.000000 149.000000 63.000000
1.7800 24.3100 13.9900 0.000000 0.000000 149.000000 63.000000
1.7900 24.5500 14.1600 0.000000 0.000000 148.000000 61.000000
1.8000 24.7800 14.3100 0.000000 0.000000 148.000000 61.000000
1.8100 24.9900 14.4500 0.000000 0.000000 150.000000 60.000000
1.8200 24.9900 14.4500 0.000000 0.000000 151.000000 61.000000
1.8300 24.9900 14.4500 95.000000 1.000000 151.000000 61.000000
1.8400 25.5300 14.8100 215.000000 0.000000 152.000000 60.000000
1.8500 25.6500 14.9500 327.000000 0.000000 154.000000 60.000000
1.8600 25.7700 15.1200 481.000000 0.000000 153.000000 61.000000
1.8700 25.8200 15.2600 646.000000 0.000000 155.000000 62.000000
1.8800 25.8200 15.3500 751.000000 0.000000 155.000000 62.000000
1.8900 25.8200 15.4600 869.000000 0.000000 156.000000 62.000000
1.9000 25.7300 15.6000 948.000000 0.000000 156.000000 62.000000
1.9100 25.6800 15.6000 987.000000 0.000000 156.000000 62.000000
1.9200 25.5500 15.6000 1023.000000 0.000000 156.000000 62.000000
1.9300 25.2800 15.6000 1023.000000 0.000000 156.000000 62.000000
1.9400 24.9200 15.4200 1023.000000 0.000000 156.000000 62.000000
1.9500 24.4000 14.8600 1023.000000 0.000000 156.000000 62.000000
1.9600 23.9200 14.0600 1023.000000 0.000000 156.000000 62.000000
1.9700 23.6300 13.3200 1023.000000 0.000000 155.000000 63.000000
1.9800 23.4600 12.8800 1023.000000 0.000000 154.000000 64.000000
1.9900 23.7000 12.6400 1023.000000 0.000000 151.000000 64.000000
2.0000 24.0000 12.4300 1023.000000 0.000000 150.000000 65.000000
2.0100 24.3900 12.5000 1023.000000 0.000000 149.000000 66.000000
2.0200 24.8300 12.7500 1017.000000 0.000000 148.000000 67.000000
2.0300 25.2700 12.9500 1006.000000 0.000000 144.000000 67.000000
2.0400 25.5000 12.7600 1023.000000 0.000000 146.000000 67.000000
2.0500 25.6000 12.3100 1023.000000 0.000000 145.000000 68.000000
2.0600 25.4500 11.2700 1023.000000 0.000000 145.000000 68.000000
2.0700 24.9600 10.2100 1023.000000 0.000000 145.000000 68.000000
2.0800 24.2500 9.1200 1023.000000 0.000000 145.000000 68.000000
2.0900 23.6400 8.2600 1023.000000 0.000000 145.000000 68.000000
2.1000 23.1200 7.5700 982.000000 0.000000 145.000000 68.000000
2.1100 22.9000 7.3700 861.000000 0.000000 146.000000 67.000000
2.1200 22.9000 7.4300 620.000000 0.000000 148.000000 67.000000
2.1300 22.9600 7.6600 12.000000 1.000000 147.000000 65.000000
2.1400 22.9600 7.6600 0.000000 0.000000 147.000000 65.000000
2.1500 23.6600 8.9600 0.000000 0.000000 147.000000 65.000000
2.1600 24.0100 9.5900 0.000000 0.000000 146.000000 64.000000
2.1700 24.5500 10.2800 0.000000 0.000000 146.000000 64.000000
2.1800 25.2200 11.0100 0.000000 0.000000 147.000000 65.000000
2.1900 26.0200 11.7000 0.000000 0.000000 147.000000 65.000000
2.2000 26.6900 12.3600 0.000000 0.000000 147.000000 65.000000
2.2100 27.2800 12.8400 0.000000 0.000000 147.000000 65.000000
2.2200 27.5500 13.2200 0.000000 0.000000 147.000000 65.000000
2.2300 27.7600 13.4900 0.000000 0.000000 147.000000 65.000000
2.2400 27.9200 13.7600 0.000000 0.000000 145.000000 65.000000
2.2500 27.9200 13.7600 108.000000 1.000000 146.000000 64.000000
2.2600 27.9200 13.7600 245.000000 0.000000 146.000000 64.000000
2.2700 28.2200 14.0100 396.000000 0.000000 145.000000 64.000000
2.2800 28.2200 14.0700 521.000000 0.000000 143.000000 64.000000
2.2900 28.2200 14.1600 627.000000 0.000000 143.000000 64.000000
2.3000 28.2200 14.2600 711.000000 0.000000 143.000000 64.000000
2.3100 28.2200 14.4000 796.000000 0.000000 143.000000 64.000000
2.3200 28.1700 14.4900 863.000000 0.000000 143.000000 64.000000
2.3300 28.1700 14.4900 932.000000 0.000000 143.000000 64.000000
2.3400 28.0400 14.4900 947.000000 0.000000 140.000000 65.000000
2.3500 27.9000 14.3600 986.000000 0.000000 140.000000 65.000000
2.3600 27.5400 14.0200 1006.000000 0.000000 140.000000 65.000000
2.3700 27.1800 13.5500 1023.000000 0.000000 138.000000 64.000000
2.3800 26.8600 12.9800 1023.000000 0.000000 140.000000 65.000000
2.3900 26.5600 12.4500 1015.000000 0.000000 138.000000 65.000000
2.4000 26.5600 12.1600 979.000000 0.000000 140.000000 66.000000
2.4100 26.6700 12.0200 947.000000 0.000000 142.000000 66.000000
2.4200 26.9000 11.9300 914.000000 0.000000 140.000000 67.000000
2.4300 27.2700 12.0900 873.000000 0.000000 140.000000 67.000000
2.4400 27.6400 12.4300 852.000000 0.000000 139.000000 68.000000
2.4500 27.9200 12.8100 825.000000 0.000000 139.000000 68.000000
2.4600 28.1400 13.1600 828.000000 0.000000 139.000000 68.000000
2.4700 28.2300 13.4600 843.000000 0.000000 139.000000 68.000000
2.4800 28.2800 13.7000 854.000000 0.000000 137.000000 67.000000
2.4900 28.2800 13.9100 906.000000 0.000000 135.000000 67.000000
2.5000 28.2800 13.9700 947.000000 0.000000 137.000000 66.000000
2.5100 28.2100 13.9700 970.000000 0.000000 135.000000 65.000000
2.5200 28.1300 13.8300 994.000000 0.000000 135.000000 65.000000
2.5300 28.0500 13.6700 1023.000000 0.000000 137.000000 65.000000
2.5400 27.9700 13.3700 1023.000000 0.000000 137.000000 65.000000
2.5500 27.8900 12.9800 1023.000000 0.000000 135.000000 65.000000
2.5600 27.8900 12.6500 1023.000000 0.000000 135.000000 65.000000
2.5700 27.8900 12.3700 1023.000000 0.000000 135.000000 65.000000
2.5800 28.0000 12.2900 1023.000000 0.000000 133.000000 66.000000
2.5900 28.1700 12.2900 1023.000000 0.000000 133.000000 66.000000
2.6000 28.3700 12.4200 1023.000000 0.000000 131.000000 67.000000
2.6100 28.6700 12.6700 1023.000000 0.000000 131.000000 67.000000
2.6200 28.9900 12.9800 1023.000000 0.000000 133.000000 67.000000
2.6300 29.1800 13.3300 1023.000000 0.000000 133.000000 67.000000
2.6400 29.2800 13.5800 1023.000000 0.000000 133.000000 67.000000
2.6500 29.3400 13.7900 1023.000000 0.000000 133.000000 67.000000
2.6600 29.3400 13.7900 1023.000000 0.000000 133.000000 67.000000
2.6700 29.3400 13.6900 1023.000000 0.000000 133.000000 67.000000
2.6800 29.2900 13.5000 1023.000000 0.000000 133.000000 67.000000
2.6900 29.2900 13.2700 1023.000000 0.000000 133.000000 67.000000
2.7000 29.2900 12.9900 1023.000000 0.000000 135.000000 68.000000
2.7100 29.2900 12.7200 1023.000000 0.000000 135.000000 68.000000
2.7200 29.4000 12.6600 1014.000000 0.000000 135.000000 68.000000
2.7300 29.5100 12.7300 903.000000 0.000000 135.000000 68.000000
2.7400 29.6500 12.8600 728.000000 0.000000 135.000000 68.000000
2.7500 29.8600 13.0800 436.000000 0.000000 135.000000 68.000000
2.7600 30.1100 13.3600 32.000000 0.000000 135.000000 68.000000
2.7700 30.1100 13.3600 0.000000 1.000000 135.000000 68.000000
2.7800 30.5500 13.7200 0.000000 0.000000 135.000000 68.000000
2.7900 30.7700 13.8100 0.000000 0.000000 137.000000 67.000000
2.8000 30.9900 13.8100 0.000000 0.000000 139.000000 68.000000
2.8100 31.2300 13.8100 0.000000 0.000000 140.000000 67.000000
2.8200 31.2300 13.8100 181.000000 1.000000 140.000000 67.000000
2.8300 31.2300 13.8100 363.000000 0.000000 140.000000 67.000000
2.8400 31.4300 14.0700 518.000000 0.000000 142.000000 66.000000
2.8500 31.4800 14.1700 613.000000 0.000000 142.000000 66.000000
2.8600 31.5700 14.2800 699.000000 0.000000 142.000000 66.000000
2.8700 31.6700 14.4000 794.000000 0.000000 142.000000 66.000000
2.8800 31.7600 14.5200 876.000000 0.000000 142.000000 66.000000
2.8900 31.7600 14.5200 959.000000 0.000000 142.000000 66.000000
2.9000 31.7100 14.5200 1023.000000 0.000000 142.000000 66.000000
2.9100 31.7100 14.5200 1023.000000 0.000000 142.000000 66.000000
2.9200 31.7100 14.5200 1023.000000 0.000000 142.000000 66.000000
2.9300 31.7100 14.5200 1023.000000 0.000000 142.000000 66.000000
2.9400 31.3300 14.3000 1023.000000 0.000000 142.000000 66.000000
2.9500 30.9900 14.0300 1023.000000 0.000000 140.000000 67.000000
2.9600 30.6200 13.6800 1023.000000 0.000000 140.000000 67.000000
2.9700 30.5100 13.2500 1023.000000 0.000000 140.000000 67.000000
2.9800 30.5600 12.9600 1023.000000 0.000000 139.000000 68.000000
2.9900 30.6400 12.7600 1023.000000 0.000000 139.000000 68.000000
3.0000 30.8700 12.7100 1023.000000 0.000000 137.000000 69.000000
3.0100 31.1900 12.8600 1023.000000 0.000000 137.000000 69.000000
3.0200 31.5800 13.1400 1005.000000 0.000000 135.000000 69.000000
3.0300 31.8500 13.3000 997.000000 0.000000 135.000000 69.000000
3.0400 32.0500 13.3000 1000.000000 0.000000 137.000000 70.000000
3.0500 32.2300 13.3000 1000.000000 0.000000 135.000000 71.000000
3.0600 32.3200 13.1500 999.000000 0.000000 135.000000 71.000000
3.0700 32.4100 13.0400 952.000000 0.000000 137.000000 71.000000
3.0800 32.5100 12.9600 830.000000 0.000000 137.000000 71.000000
3.0900 32.7000 13.0600 532.000000 0.000000 140.000000 72.000000
3.1000 32.8900 13.2600 1.000000 1.000000 140.000000 72.000000
3.1100 32.8900 13.2600 0.000000 0.000000 140.000000 72.000000
3.1200 32.9900 13.6900 0.000000 0.000000 142.000000 71.000000
3.1300 32.9100 13.8600 0.000000 0.000000 142.000000 71.000000
3.1400 32.7900 14.1000 0.000000 0.000000 143.000000 70.000000
3.1500 32.6600 14.3800 0.000000 0.000000 145.000000 70.000000
3.1600 32.5700 14.6100 0.000000 0.000000 148.000000 68.000000
3.1700 32.4700 14.6600 0.000000 0.000000 150.000000 67.000000
3.1800 32.4700 14.6600 699.000000 1.000000 150.000000 65.000000
3.1900 32.0900 14.5900 905.000000 0.000000 150.000000 65.000000
3.2000 32.0300 14.5900 983.000000 0.000000 151.000000 64.000000
3.2100 32.0300 14.6600 988.000000 0.000000 151.000000 64.000000
3.2200 32.1700 14.7200 929.000000 0.000000 150.000000 65.000000
3.2300 32.6700 15.0200 787.000000 0.000000 150.000000 65.000000
3.2400 33.4100 15.4700 247.000000 0.000000 151.000000 66.000000
3.2500 33.4100 15.4700 0.000000 1.000000 151.000000 66.000000
3.2600 34.6200 16.1600 0.000000 0.000000 151.000000 66.000000
3.2700 34.9800 16.1600 0.000000 0.000000 154.000000 66.000000
3.2800 35.1200 16.0800 0.000000 0.000000 155.000000 65.000000
3.2900 35.3000 15.8300 0.000000 0.000000 155.000000 65.000000
3.3000 35.5000 15.5600 0.000000 0.000000 158.000000 64.000000
3.3100 35.3800 15.2500 0.000000 0.000000 159.000000 64.000000
3.3200 35.1500 14.9500 0.000000 0.000000 162.000000 63.000000
3.3300 34.8500 14.8100 0.000000 0.000000 162.000000 63.000000
3.3400 34.7500 14.8100 0.000000 0.000000 162.000000 63.000000
3.3500 34.7500 14.8100 0.000000 0.000000 162.000000 63.000000
3.3600 34.7500 14.8800 0.000000 0.000000 162.000000 63.000000
3.3700 34.9200 15.0400 0.000000 0.000000 162.000000 63.000000
3.3800 34.9200 15.0400 32.000000 1.000000 159.000000 64.000000
3.3900 35.1500 15.2900 286.000000 0.000000 158.000000 64.000000
3.4000 35.2500 15.3800 448.000000 0.000000 158.000000 64.000000
3.4100 35.3200 15.4500 546.000000 0.000000 155.000000 65.000000
3.4200 35.3700 15.5100 610.000000 0.000000 154.000000 66.000000
3.4300 35.4600 15.5600 673.000000 0.000000 154.000000 66.000000
3.4400 35.5100 15.6200 737.000000 0.000000 154.000000 66.000000
3.4500 35.5100 15.7000 818.000000 0.000000 153.000000 67.000000
3.4600 35.5100 15.7000 887.000000 0.000000 153.000000 67.000000
3.4700 35.4600 15.7000 935.000000 0.000000 153.000000 67.000000
3.4800 35.4100 15.7000 979.000000 0.000000 153.000000 67.000000
3.4900 35.2600 15.7000 1023.000000 0.000000 155.000000 67.000000
3.5000 35.0600 15.6400 1023.000000 0.000000 155.000000 67.000000
3.5100 34.6100 15.2400 1023.000000 0.000000 154.000000 68.000000
3.5200 34.1300 14.6300 1023.000000 0.000000 154.000000 68.000000
3.5300 33.6400 14.0100 1023.000000 0.000000 152.000000 68.000000
3.5400 33.4500 13.6000 1023.000000 0.000000 151.000000 68.000000
3.5500 33.5000 13.3200 1023.000000 0.000000 149.000000 69.000000
3.5600 33.7100 13.3200 990.000000 0.000000 148.000000 70.000000
3.5700 34.0500 13.5600 941.000000 0.000000 146.000000 71.000000
3.5800 34.5200 14.0000 917.000000 0.000000 143.000000 70.000000
3.5900 35.0700 14.4800 896.000000 0.000000 142.000000 71.000000
3.6000 35.3200 14.9100 894.000000 0.000000 142.000000 71.000000
3.6100 35.4800 15.2200 908.000000 0.000000 146.000000 71.000000
3.6200 35.5800 15.3200 939.000000 0.000000 146.000000 71.000000
3.6300 35.5800 15.3200 946.000000 0.000000 148.000000 70.000000
3.6400 35.3500 14.9000 991.000000 0.000000 148.000000 70.000000
3.6500 35.0500 14.2300 1011.000000 0.000000 149.000000 69.000000
3.6600 34.8800 13.3600 1023.000000 0.000000 149.000000 69.000000
3.6700 34.7600 12.7800 1002.000000 0.000000 148.000000 70.000000
3.6800 34.7600 12.6200 983.000000 0.000000 148.000000 70.000000
3.6900 34.8900 12.7300 950.000000 0.000000 146.000000 71.000000
3.7000 35.1800 13.1300 944.000000 0.000000 144.000000 72.000000
3.7100 35.5100 13.7100 930.000000 0.000000 144.000000 72.000000
3.7200 35.7100 14.4000 917.000000 0.000000 144.000000 72.000000
3.7300 35.8200 15.0700 906.000000 0.000000 147.000000 72.000000
3.7400 35.9200 15.9300 861.000000 0.000000 147.000000 72.000000
3.7500 36.0300 16.9300 833.000000 0.000000 148.000000 71.000000
3.7600 36.1400 18.0800 843.000000 0.000000 150.000000 71.000000
3.7700 36.2700 18.8100 852.000000 0.000000 150.000000 71.000000
3.7800 36.4600 19.2500 853.000000 0.000000 152.000000 70.000000
3.7900 36.6700 19.6200 873.000000 0.000000 153.000000 69.000000
3.8000 36.8700 19.9900 890.000000 0.000000 153.000000 69.000000
3.8100 37.1500 20.3500 896.000000 0.000000 153.000000 69.000000
3.8200 37.2800 20.7000 939.000000 0.000000 153.000000 69.000000
3.8300 37.2800 20.7000 965.000000 0.000000 153.000000 69.000000
3.8400 37.2800 20.5900 1000.000000 0.000000 151.000000 68.000000
3.8500 36.7600 20.2700 1023.000000 0.000000 152.000000 68.000000
3.8600 35.9900 19.5100 1023.000000 0.000000 152.000000 68.000000
3.8700 34.7700 18.4600 1023.000000 0.000000 150.000000 67.000000
3.8800 33.1600 16.9300 1023.000000 0.000000 150.000000 67.000000
3.8900 31.2800 15.6600 1023.000000 0.000000 150.000000 67.000000
3.9000 29.1900 14.5700 1023.000000 0.000000 148.000000 67.000000
3.9100 26.6100 13.8300 1023.000000 0.000000 150.000000 67.000000
3.9200 23.7000 13.4800 1023.000000 0.000000 150.000000 67.000000
3.9300 20.3400 13.4000 981.000000 0.000000 151.000000 66.000000
3.9400 17.6200 13.4000 978.000000 0.000000 153.000000 65.000000
3.9500 15.3300 13.5300 1003.000000 0.000000 156.000000 64.000000
3.9600 14.5300 13.6600 987.000000 0.000000 162.000000 63.000000
3.9700 14.6200 13.8600 981.000000 0.000000 165.000000 62.000000
3.9800 15.3000 13.7600 1009.000000 0.000000 169.000000 61.000000
3.9900 17.4700 13.4600 1023.000000 0.000000 171.000000 60.000000
4.0000 20.7400 13.1300 1023.000000 0.000000 171.000000 60.000000
4.0100 24.7300 12.7000 1023.000000 0.000000 173.000000 60.000000
4.0200 29.3200 12.1200 1023.000000 0.000000 173.000000 61.000000
4.0300 34.1600 11.7500 1023.000000 0.000000 170.000000 63.000000
4.0400 39.1600 11.5200 1023.000000 0.000000 167.000000 64.000000
4.0500 42.7900 11.6500 1023.000000 0.000000 164.000000 66.000000
4.0600 44.9500 11.8400 1023.000000 0.000000 161.000000 69.000000
4.0700 46.1200 12.0700 1023.000000 0.000000 159.000000 71.000000
4.0800 45.9700 12.2000 1023.000000 0.000000 160.000000 73.000000
4.0900 45.2500 12.4600 616.000000 0.000000 159.000000 74.000000
