0.0000 49.7700 29.9100 129.000000 1.000000 128.000000 65.000000
0.0100 50.1000 30.9700 307.000000 0.000000 128.000000 65.000000
0.0200 50.2200 31.2300 496.000000 0.000000 128.000000 65.000000
0.0300 50.3200 31.1300 670.000000 0.000000 130.000000 65.000000
0.0400 50.4700 30.7900 790.000000 0.000000 129.000000 64.000000
0.0500 50.5800 29.8800 894.000000 0.000000 129.000000 64.000000
0.0600 50.3700 28.6500 953.000000 0.000000 130.000000 63.000000
0.0700 49.9600 27.2000 967.000000 0.000000 127.000000 63.000000
0.0800 49.6200 26.0900 935.000000 0.000000 125.000000 64.000000
0.0900 49.3000 25.3200 815.000000 0.000000 124.000000 64.000000
0.1000 49.1700 24.7700 477.000000 0.000000 120.000000 64.000000
0.1100 49.1700 24.7700 0.000000 1.000000 119.000000 64.000000
0.1200 49.2600 25.0500 0.000000 0.000000 115.000000 65.000000
0.1300 49.2600 25.7100 0.000000 0.000000 113.000000 65.000000
0.1400 49.1700 26.3600 0.000000 0.000000 113.000000 65.000000
0.1500 49.0200 26.9400 0.000000 0.000000 113.000000 65.000000
0.1600 48.7900 27.5400 0.000000 0.000000 113.000000 65.000000
0.1700 48.5100 28.1700 0.000000 0.000000 113.000000 65.000000
0.1800 48.0900 28.7700 0.000000 0.000000 115.000000 65.000000
0.1900 48.0900 28.7700 529.000000 1.000000 117.000000 65.000000
0.2000 47.5400 29.6800 652.000000 0.000000 119.000000 64.000000
0.2100 47.5400 30.1000 742.000000 0.000000 119.000000 63.000000
0.2200 48.0500 30.5400 756.000000 0.000000 121.000000 63.000000
0.2300 48.8300 30.9900 760.000000 0.000000 123.000000 62.000000
0.2400 50.0700 31.4100 759.000000 0.000000 124.000000 62.000000
0.2500 51.1300 31.4100 761.000000 0.000000 126.000000 61.000000
0.2600 52.0800 31.0300 754.000000 0.000000 126.000000 61.000000
0.2700 52.4600 30.5000 757.000000 0.000000 126.000000 61.000000
0.2800 52.3900 29.9600 762.000000 0.000000 129.000000 61.000000
0.2900 52.0200 29.4000 779.000000 0.000000 129.000000 61.000000
0.3000 51.3800 28.8500 768.000000 0.000000 127.000000 62.000000
0.3100 50.8000 28.4400 694.000000 0.000000 127.000000 62.000000
0.3200 50.2600 28.1200 538.000000 0.000000 127.000000 62.000000
0.3300 50.2600 28.1200 0.000000 1.000000 126.000000 62.000000
0.3400 50.1400 27.9100 0.000000 0.000000 126.000000 62.000000
0.3500 50.4300 28.0700 0.000000 0.000000 124.000000 63.000000
0.3600 50.8900 28.3500 0.000000 0.000000 124.000000 63.000000
0.3700 51.4000 28.6000 0.000000 0.000000 124.000000 63.000000
0.3800 51.9800 28.8200 0.000000 0.000000 124.000000 63.000000
0.3900 52.5300 28.9800 0.000000 0.000000 124.000000 63.000000
0.4000 52.7900 28.9800 0.000000 0.000000 124.000000 63.000000
0.4100 52.8800 28.9100 0.000000 0.000000 124.000000 63.000000
0.4200 52.8800 28.8200 0.000000 0.000000 124.000000 63.000000
0.4300 52.8800 28.8200 222.000000 1.000000 124.000000 63.000000
0.4400 52.8800 28.8200 349.000000 0.000000 124.000000 63.000000
0.4500 52.8800 28.8200 477.000000 0.000000 124.000000 63.000000
0.4600 52.8800 28.8200 570.000000 0.000000 125.000000 64.000000
0.4700 52.8800 28.8200 653.000000 0.000000 127.000000 63.000000
0.4800 52.8800 28.8200 758.000000 0.000000 127.000000 63.000000
0.4900 52.8800 28.8200 860.000000 0.000000 127.000000 63.000000
0.5000 52.8800 28.8200 941.000000 0.000000 129.000000 64.000000
0.5100 52.8800 28.8200 989.000000 0.000000 129.000000 64.000000
0.5200 52.8800 28.8200 1014.000000 0.000000 129.000000 64.000000
0.5300 52.5000 28.7400 1021.000000 0.000000 127.000000 64.000000
0.5400 52.1500 28.5600 1023.000000 0.000000 127.000000 64.000000
0.5500 51.5000 28.0500 1023.000000 0.000000 127.000000 64.000000
0.5600 51.0500 27.3400 1023.000000 0.000000 124.000000 64.000000
0.5700 50.7300 26.7300 988.000000 0.000000 124.000000 64.000000
0.5800 50.7300 26.3900 941.000000 0.000000 122.000000 65.000000
0.5900 50.8100 26.2200 894.000000 0.000000 120.000000 65.000000
0.6000 51.0300 26.1700 845.000000 0.000000 118.000000 65.000000
0.6100 51.4300 26.3600 790.000000 0.000000 115.000000 65.000000
0.6200 51.9400 26.7200 740.000000 0.000000 115.000000 65.000000
0.6300 52.5200 27.2500 711.000000 0.000000 115.000000 65.000000
0.6400 52.9300 27.7700 702.000000 0.000000 116.000000 66.000000
0.6500 53.2000 28.2400 722.000000 0.000000 116.000000 66.000000
0.6600 53.3700 28.4600 809.000000 0.000000 116.000000 66.000000
0.6700 53.3100 28.5100 888.000000 0.000000 119.000000 66.000000
0.6800 53.1900 28.5100 941.000000 0.000000 121.000000 66.000000
0.6900 53.0400 28.2000 959.000000 0.000000 123.000000 65.000000
0.7000 52.7700 27.7900 982.000000 0.000000 123.000000 65.000000
0.7100 52.5500 27.2800 986.000000 0.000000 125.000000 65.000000
0.7200 52.4200 26.8200 950.000000 0.000000 123.000000 65.000000
0.7300 52.4900 26.5700 887.000000 0.000000 123.000000 65.000000
0.7400 52.6900 26.4300 740.000000 0.000000 121.000000 66.000000
0.7500 53.0500 26.4300 515.000000 0.000000 121.000000 66.000000
0.7600 53.0500 26.4300 0.000000 1.000000 119.000000 66.000000
0.7700 54.0100 27.0100 0.000000 0.000000 119.000000 66.000000
0.7800 54.4100 27.3100 0.000000 0.000000 119.000000 66.000000
0.7900 54.7200 27.6100 0.000000 0.000000 119.000000 66.000000
0.8000 55.0700 27.9000 0.000000 0.000000 120.000000 67.000000
0.8100 55.2900 28.1200 0.000000 0.000000 120.000000 67.000000
0.8200 55.2900 28.1200 473.000000 1.000000 122.000000 67.000000
0.8300 55.2900 28.1200 703.000000 0.000000 124.000000 66.000000
0.8400 55.2900 28.1200 824.000000 0.000000 124.000000 66.000000
0.8500 55.2900 28.1200 894.000000 0.000000 124.000000 66.000000
0.8600 55.0100 28.2200 941.000000 0.000000 128.000000 66.000000
0.8700 54.8600 28.1100 964.000000 0.000000 128.000000 66.000000
0.8800 54.6200 27.8300 967.000000 0.000000 128.000000 66.000000
0.8900 54.3000 27.4400 962.000000 0.000000 128.000000 66.000000
0.9000 54.1300 27.0500 945.000000 0.000000 126.000000 67.000000
0.9100 54.1300 26.7900 881.000000 0.000000 126.000000 67.000000
0.9200 54.2500 26.6200 806.000000 0.000000 126.000000 67.000000
0.9300 54.4900 26.5300 663.000000 0.000000 122.000000 67.000000
0.9400 54.7800 26.6300 423.000000 0.000000 122.000000 67.000000
0.9500 55.1400 26.8500 200.000000 0.000000 120.000000 67.000000
0.9600 55.3300 27.1100 149.000000 0.000000 120.000000 67.000000
0.9700 55.4000 27.3400 203.000000 0.000000 120.000000 67.000000
0.9800 55.4000 27.5200 339.000000 0.000000 120.000000 67.000000
0.9900 55.3100 27.6200 497.000000 0.000000 120.000000 67.000000
1.0000 55.2400 27.6200 595.000000 0.000000 124.000000 67.000000
1.0100 55.3100 27.6200 628.000000 0.000000 124.000000 67.000000
1.0200 55.4100 27.6200 637.000000 0.000000 124.000000 67.000000
1.0300 55.7100 27.7600 644.000000 0.000000 126.000000 67.000000
1.0400 56.1400 27.9700 620.000000 0.000000 126.000000 67.000000
1.0500 56.6400 28.2400 575.000000 0.000000 128.000000 68.000000
1.0600 57.0600 28.5900 515.000000 0.000000 130.000000 67.000000
1.0700 57.4300 28.9400 469.000000 0.000000 130.000000 67.000000
1.0800 57.6900 29.2900 471.000000 0.000000 130.000000 67.000000
1.0900 57.8400 29.6600 491.000000 0.000000 133.000000 67.000000
1.1000 57.9100 30.0300 542.000000 0.000000 133.000000 67.000000
1.1100 57.9100 30.3900 631.000000 0.000000 135.000000 67.000000
1.1200 57.9100 30.7300 725.000000 0.000000 135.000000 67.000000
1.1300 57.8100 31.0500 824.000000 0.000000 137.000000 66.000000
1.1400 57.6900 31.0500 861.000000 0.000000 137.000000 66.000000
1.1500 57.6100 30.8600 897.000000 0.000000 137.000000 66.000000
1.1600 57.3300 30.5000 932.000000 0.000000 138.000000 65.000000
1.1700 56.9200 29.5100 944.000000 0.000000 138.000000 65.000000
1.1800 56.5300 28.4800 940.000000 0.000000 138.000000 65.000000
1.1900 56.3600 27.4300 912.000000 0.000000 137.000000 66.000000
1.2000 56.3600 26.8000 809.000000 0.000000 135.000000 67.000000
1.2100 56.4900 26.5200 625.000000 0.000000 133.000000 67.000000
1.2200 56.6900 26.5200 218.000000 0.000000 131.000000 68.000000
1.2300 56.6900 26.5200 0.000000 1.000000 129.000000 68.000000
1.2400 57.5200 27.1600 0.000000 0.000000 129.000000 68.000000
1.2500 57.8700 27.5700 0.000000 0.000000 127.000000 69.000000
1.2600 58.1500 27.8300 0.000000 0.000000 127.000000 69.000000
1.2700 58.3700 28.0400 0.000000 0.000000 129.000000 70.000000
1.2800 58.5300 28.1500 0.000000 0.000000 129.000000 70.000000
1.2900 58.5300 28.1500 301.000000 1.000000 131.000000 69.000000
1.3000 58.5300 28.1500 553.000000 0.000000 131.000000 69.000000
1.3100 58.6000 28.4100 727.000000 0.000000 133.000000 69.000000
1.3200 58.6800 28.4800 826.000000 0.000000 131.000000 68.000000
1.3300 58.6800 28.5300 897.000000 0.000000 131.000000 68.000000
1.3400 58.6800 28.5300 982.000000 0.000000 133.000000 67.000000
1.3500 58.6800 28.5300 1023.000000 0.000000 131.000000 67.000000
1.3600 58.5700 28.5300 1023.000000 0.000000 131.000000 67.000000
1.3700 58.4500 28.4300 1023.000000 0.000000 130.000000 66.000000
1.3800 58.1200 28.1600 1023.000000 0.000000 130.000000 66.000000
1.3900 57.7900 27.7700 1023.000000 0.000000 128.000000 66.000000
1.4000 57.6800 27.5200 992.000000 0.000000 128.000000 66.000000
1.4100 57.6800 27.3300 917.000000 0.000000 130.000000 67.000000
1.4200 57.8500 27.1900 861.000000 0.000000 130.000000 67.000000
1.4300 58.0100 27.1900 842.000000 0.000000 128.000000 68.000000
1.4400 58.2200 27.3200 817.000000 0.000000 128.000000 68.000000
1.4500 58.4800 27.5400 819.000000 0.000000 128.000000 68.000000
1.4600 58.6400 27.7400 825.000000 0.000000 128.000000 68.000000
1.4700 58.7500 27.9200 843.000000 0.000000 128.000000 68.000000
1.4800 58.7500 28.0300 860.000000 0.000000 128.000000 68.000000
1.4900 58.8300 28.0300 860.000000 0.000000 126.000000 67.000000
1.5000 58.9100 27.9800 855.000000 0.000000 126.000000 67.000000
1.5100 59.0000 27.8400 831.000000 0.000000 126.000000 67.000000
1.5200 59.0800 27.6800 773.000000 0.000000 128.000000 66.000000
1.5300 59.1700 27.4900 565.000000 0.000000 128.000000 66.000000
1.5400 59.1700 27.4900 0.000000 1.000000 128.000000 66.000000
1.5500 59.4900 27.2000 0.000000 0.000000 126.000000 67.000000
1.5600 59.6400 27.2000 0.000000 0.000000 126.000000 67.000000
1.5700 60.0800 27.2000 0.000000 0.000000 126.000000 67.000000
1.5800 60.7300 27.3400 0.000000 0.000000 126.000000 67.000000
1.5900 62.1100 27.5100 0.000000 0.000000 126.000000 67.000000
1.6000 63.4600 27.7200 0.000000 0.000000 126.000000 67.000000
1.6100 64.8000 28.0100 0.000000 0.000000 128.000000 68.000000
1.6200 65.3600 28.3300 0.000000 0.000000 128.000000 68.000000
1.6300 65.1800 28.6700 0.000000 0.000000 128.000000 68.000000
1.6400 64.5000 28.8900 0.000000 0.000000 130.000000 67.000000
1.6500 63.8700 29.0900 0.000000 0.000000 128.000000 66.000000
1.6600 63.4100 29.2700 0.000000 0.000000 130.000000 66.000000
1.6700 63.0500 29.3200 0.000000 0.000000 130.000000 66.000000
1.6800 62.9200 29.3900 0.000000 0.000000 132.000000 65.000000
1.6900 63.0500 29.4800 0.000000 0.000000 132.000000 65.000000
1.7000 63.3400 29.6000 0.000000 0.000000 133.000000 65.000000
1.7100 63.6700 29.7100 0.000000 0.000000 132.000000 64.000000
1.7200 64.0200 29.8100 0.000000 0.000000 132.000000 64.000000
1.7300 64.2700 29.9100 0.000000 0.000000 135.000000 64.000000
1.7400 64.4500 30.0300 0.000000 0.000000 135.000000 64.000000
1.7500 64.4500 30.0300 228.000000 1.000000 135.000000 64.000000
1.7600 64.8300 30.2200 413.000000 0.000000 135.000000 64.000000
1.7700 64.9300 30.2800 567.000000 0.000000 137.000000 65.000000
1.7800 64.9300 30.3300 679.000000 0.000000 138.000000 64.000000
1.7900 64.9300 30.3800 797.000000 0.000000 138.000000 64.000000
1.8000 64.8300 30.3800 888.000000 0.000000 138.000000 64.000000
1.8100 64.7100 30.4300 941.000000 0.000000 138.000000 64.000000
1.8200 64.3900 30.3800 1005.000000 0.000000 140.000000 65.000000
1.8300 63.9400 30.2600 1023.000000 0.000000 140.000000 65.000000
1.8400 63.2500 29.9100 1023.000000 0.000000 140.000000 65.000000
1.8500 62.5600 29.4200 1023.000000 0.000000 140.000000 65.000000
1.8600 62.2100 29.0700 1023.000000 0.000000 137.000000 65.000000
1.8700 62.0900 28.7200 1023.000000 0.000000 137.000000 65.000000
1.8800 62.1800 28.4500 1023.000000 0.000000 137.000000 65.000000
1.8900 62.6400 28.2500 982.000000 0.000000 135.000000 65.000000
1.9000 63.3500 28.2500 908.000000 0.000000 133.000000 65.000000
1.9100 64.0900 28.3600 863.000000 0.000000 133.000000 65.000000
1.9200 64.5200 28.5100 858.000000 0.000000 133.000000 65.000000
1.9300 64.7300 28.3700 894.000000 0.000000 133.000000 65.000000
1.9400 64.6700 27.7600 932.000000 0.000000 133.000000 66.000000
1.9500 64.1500 26.8500 964.000000 0.000000 133.000000 66.000000
1.9600 63.3300 25.7000 955.000000 0.000000 131.000000 67.000000
1.9700 62.4800 24.6200 930.000000 0.000000 131.000000 67.000000
1.9800 61.6800 23.6000 861.000000 0.000000 130.000000 67.000000
1.9900 61.2700 23.0000 705.000000 0.000000 128.000000 68.000000
2.0000 61.1000 22.8800 168.000000 0.000000 124.000000 67.000000
2.0100 61.1000 22.8800 0.000000 1.000000 122.000000 68.000000
2.0200 61.7500 23.7400 0.000000 0.000000 119.000000 68.000000
2.0300 62.4100 24.4600 0.000000 0.000000 118.000000 68.000000
2.0400 63.0400 25.2400 0.000000 0.000000 118.000000 68.000000
2.0500 63.7100 26.0800 0.000000 0.000000 118.000000 68.000000
2.0600 64.4000 26.9300 0.000000 0.000000 118.000000 68.000000
2.0700 65.0800 27.7900 0.000000 0.000000 120.000000 67.000000
2.0800 65.6200 28.4000 0.000000 0.000000 120.000000 67.000000
2.0900 66.0600 28.7200 0.000000 0.000000 124.000000 67.000000
2.1000 66.0600 28.7200 247.000000 1.000000 126.000000 67.000000
2.1100 66.2900 28.8400 372.000000 0.000000 130.000000 67.000000
2.1200 66.2900 28.8400 488.000000 0.000000 131.000000 67.000000
2.1300 66.2900 28.8400 565.000000 0.000000 133.000000 66.000000
2.1400 66.2900 28.8400 671.000000 0.000000 137.000000 66.000000
2.1500 66.2900 28.8400 788.000000 0.000000 137.000000 66.000000
2.1600 66.2200 28.9200 900.000000 0.000000 138.000000 65.000000
2.1700 66.1500 28.9200 997.000000 0.000000 138.000000 65.000000
2.1800 66.0700 28.9900 1023.000000 0.000000 138.000000 65.000000
2.1900 66.0100 28.9900 1023.000000 0.000000 138.000000 65.000000
2.2000 65.8400 28.9900 1023.000000 0.000000 138.000000 65.000000
2.2100 65.6000 28.7700 1023.000000 0.000000 138.000000 65.000000
2.2200 65.3300 28.4600 1023.000000 0.000000 137.000000 66.000000
2.2300 65.0500 28.0400 1023.000000 0.000000 137.000000 66.000000
2.2400 64.7600 27.6900 1023.000000 0.000000 137.000000 66.000000
2.2500 64.7600 27.4900 1023.000000 0.000000 137.000000 66.000000
2.2600 64.8600 27.3700 988.000000 0.000000 135.000000 67.000000
2.2700 65.0200 27.3100 924.000000 0.000000 135.000000 67.000000
2.2800 65.3300 27.4500 863.000000 0.000000 135.000000 67.000000
2.2900 65.7500 27.7300 819.000000 0.000000 135.000000 67.000000
2.3000 66.0700 28.0500 796.000000 0.000000 135.000000 67.000000
2.3100 66.3100 28.3700 790.000000 0.000000 135.000000 67.000000
2.3200 66.5000 28.6600 815.000000 0.000000 135.000000 67.000000
2.3300 66.5500 28.8900 867.000000 0.000000 137.000000 67.000000
2.3400 66.5500 29.0100 923.000000 0.000000 137.000000 67.000000
2.3500 66.4800 29.0100 973.000000 0.000000 139.000000 67.000000
2.3600 66.3900 29.0100 991.000000 0.000000 139.000000 67.000000
2.3700 66.2400 28.9500 1023.000000 0.000000 139.000000 67.000000
2.3800 66.0400 28.8300 1023.000000 0.000000 140.000000 66.000000
2.3900 66.0400 28.7100 1023.000000 0.000000 140.000000 66.000000
2.4000 66.0400 28.4800 1023.000000 0.000000 140.000000 66.000000
2.4100 66.0400 28.1700 1023.000000 0.000000 140.000000 66.000000
2.4200 66.0400 27.9700 1023.000000 0.000000 139.000000 67.000000
2.4300 66.2300 27.8000 1023.000000 0.000000 139.000000 67.000000
2.4400 66.4300 27.8000 1023.000000 0.000000 139.000000 67.000000
2.4500 66.8200 27.8800 990.000000 0.000000 139.000000 67.000000
2.4600 67.3400 28.0800 967.000000 0.000000 139.000000 67.000000
2.4700 67.6100 28.2700 946.000000 0.000000 139.000000 67.000000
2.4800 67.8800 28.4400 940.000000 0.000000 140.000000 67.000000
2.4900 67.9500 28.6100 952.000000 0.000000 140.000000 67.000000
2.5000 67.8800 28.6800 976.000000 0.000000 140.000000 67.000000
2.5100 67.8300 28.6800 995.000000 0.000000 142.000000 68.000000
2.5200 67.7000 28.5300 996.000000 0.000000 142.000000 68.000000
2.5300 67.5100 28.2800 991.000000 0.000000 142.000000 68.000000
2.5400 67.3400 27.9400 979.000000 0.000000 142.000000 68.000000
2.5500 67.3400 27.7900 900.000000 0.000000 142.000000 68.000000
2.5600 67.5600 27.6300 725.000000 0.000000 142.000000 68.000000
2.5700 67.9400 27.7100 267.000000 0.000000 142.000000 68.000000
2.5800 67.9400 27.7100 0.000000 1.000000 142.000000 68.000000
2.5900 68.9500 28.2300 0.000000 0.000000 142.000000 68.000000
2.6000 69.1900 28.4700 0.000000 0.000000 142.000000 68.000000
2.6100 69.4400 28.6800 0.000000 0.000000 142.000000 68.000000
2.6200 69.6000 28.8900 0.000000 0.000000 142.000000 68.000000
2.6300 69.7000 29.0300 0.000000 0.000000 142.000000 68.000000
2.6400 69.7600 29.1500 0.000000 0.000000 142.000000 68.000000
2.6500 69.7600 29.1500 388.000000 1.000000 145.000000 68.000000
2.6600 69.7600 29.1500 647.000000 0.000000 145.000000 68.000000
2.6700 69.7600 29.1500 820.000000 0.000000 146.000000 67.000000
2.6800 69.7600 29.1500 918.000000 0.000000 146.000000 67.000000
2.6900 69.7600 29.1500 990.000000 0.000000 144.000000 67.000000
2.7000 69.7600 29.1500 1023.000000 0.000000 144.000000 67.000000
2.7100 69.7600 29.1500 1023.000000 0.000000 146.000000 66.000000
2.7200 69.4900 28.7800 1023.000000 0.000000 146.000000 66.000000
2.7300 69.3400 28.5100 1023.000000 0.000000 144.000000 67.000000
2.7400 69.1800 28.2200 1023.000000 0.000000 144.000000 67.000000
2.7500 69.1800 27.9800 1023.000000 0.000000 142.000000 66.000000
2.7600 69.2500 27.8000 955.000000 0.000000 142.000000 66.000000
2.7700 69.4600 27.8000 860.000000 0.000000 140.000000 67.000000
2.7800 69.7800 27.8900 763.000000 0.000000 140.000000 67.000000
2.7900 70.1700 28.1700 675.000000 0.000000 140.000000 67.000000
2.8000 70.4200 28.4300 646.000000 0.000000 140.000000 67.000000
2.8100 70.5700 28.6600 662.000000 0.000000 140.000000 67.000000
2.8200 70.5700 28.8400 699.000000 0.000000 142.000000 68.000000
2.8300 70.5700 28.7700 750.000000 0.000000 142.000000 68.000000
2.8400 70.3700 28.5600 823.000000 0.000000 142.000000 68.000000
2.8500 70.2100 28.2400 842.000000 0.000000 144.000000 67.000000
2.8600 70.0800 27.9300 819.000000 0.000000 142.000000 68.000000
2.8700 70.0100 27.6300 752.000000 0.000000 142.000000 68.000000
2.8800 70.0100 27.5100 473.000000 0.000000 142.000000 68.000000
2.8900 70.0100 27.5100 0.000000 1.000000 141.000000 68.000000
2.9000 70.7400 27.7600 0.000000 0.000000 141.000000 68.000000
2.9100 71.1300 28.0700 0.000000 0.000000 141.000000 68.000000
2.9200 71.4000 28.4200 0.000000 0.000000 143.000000 69.000000
2.9300 71.5900 28.7800 0.000000 0.000000 143.000000 69.000000
2.9400 71.7100 29.2300 0.000000 0.000000 143.000000 69.000000
2.9500 71.7700 29.7400 0.000000 0.000000 145.000000 68.000000
2.9600 71.7700 30.0800 0.000000 0.000000 145.000000 68.000000
2.9700 71.6400 30.2700 0.000000 0.000000 146.000000 67.000000
2.9800 71.6400 30.2700 449.000000 1.000000 146.000000 67.000000
2.9900 71.2600 30.3700 728.000000 0.000000 148.000000 67.000000
3.0000 71.0700 30.4200 870.000000 0.000000 148.000000 67.000000
3.0100 70.9000 30.4200 897.000000 0.000000 149.000000 66.000000
3.0200 70.9000 30.3700 861.000000 0.000000 149.000000 66.000000
3.0300 70.9500 30.3200 678.000000 0.000000 149.000000 66.000000
3.0400 70.9500 30.3200 0.000000 1.000000 149.000000 66.000000
3.0500 71.1200 30.1700 0.000000 0.000000 149.000000 66.000000
3.0600 71.2600 30.1100 0.000000 0.000000 149.000000 66.000000
3.0700 71.4500 30.0600 0.000000 0.000000 149.000000 66.000000
3.0800 71.7000 29.8800 0.000000 0.000000 149.000000 66.000000
3.0900 72.0700 29.6900 0.000000 0.000000 149.000000 66.000000
3.1000 72.5000 29.4900 0.000000 0.000000 149.000000 66.000000
3.1100 72.7100 29.3000 0.000000 0.000000 149.000000 66.000000
3.1200 72.7100 29.1900 0.000000 0.000000 149.000000 66.000000
3.1300 72.4700 29.1300 0.000000 0.000000 149.000000 66.000000
3.1400 72.3400 29.1300 0.000000 0.000000 147.000000 65.000000
3.1500 72.3400 29.2400 0.000000 0.000000 147.000000 65.000000
3.1600 72.4100 29.3500 0.000000 0.000000 147.000000 65.000000
3.1700 72.4100 29.3500 32.000000 1.000000 149.000000 66.000000
3.1800 72.4100 29.3500 244.000000 0.000000 149.000000 66.000000
3.1900 72.6700 29.5800 433.000000 0.000000 149.000000 66.000000
3.2000 72.7300 29.6300 557.000000 0.000000 149.000000 66.000000
3.2100 72.7300 29.6300 643.000000 0.000000 149.000000 66.000000
3.2200 72.7300 29.6300 730.000000 0.000000 149.000000 66.000000
3.2300 72.7300 29.6300 790.000000 0.000000 149.000000 66.000000
3.2400 72.7300 29.6300 837.000000 0.000000 149.000000 66.000000
3.2500 72.7300 29.6800 905.000000 0.000000 149.000000 66.000000
3.2600 72.7300 29.6800 958.000000 0.000000 149.000000 66.000000
3.2700 72.7300 29.6800 1014.000000 0.000000 149.000000 66.000000
3.2800 72.6000 29.6800 1023.000000 0.000000 151.000000 66.000000
3.2900 72.3800 29.5800 1023.000000 0.000000 151.000000 66.000000
3.3000 72.0900 29.2600 1023.000000 0.000000 151.000000 66.000000
3.3100 71.6000 28.7900 1023.000000 0.000000 151.000000 66.000000
3.3200 71.3600 28.4000 1023.000000 0.000000 150.000000 67.000000
3.3300 71.2900 28.1600 999.000000 0.000000 148.000000 67.000000
3.3400 71.4700 28.0300 894.000000 0.000000 148.000000 67.000000
3.3500 71.7000 28.1000 754.000000 0.000000 146.000000 67.000000
3.3600 72.1200 28.3700 636.000000 0.000000 146.000000 67.000000
3.3700 72.6400 28.7700 575.000000 0.000000 146.000000 67.000000
3.3800 72.8900 29.0100 569.000000 0.000000 146.000000 67.000000
3.3900 72.9700 29.0100 616.000000 0.000000 146.000000 67.000000
3.4000 72.9700 28.9600 708.000000 0.000000 146.000000 67.000000
3.4100 72.6500 28.5700 817.000000 0.000000 146.000000 67.000000
3.4200 72.2800 28.1900 872.000000 0.000000 148.000000 67.000000
3.4300 71.8600 27.8300 906.000000 0.000000 146.000000 67.000000
3.4400 71.7700 27.7500 908.000000 0.000000 146.000000 67.000000
3.4500 71.9500 27.8500 890.000000 0.000000 146.000000 67.000000
3.4600 72.3100 28.3500 899.000000 0.000000 146.000000 67.000000
3.4700 72.9400 28.9900 900.000000 0.000000 146.000000 67.000000
3.4800 73.3900 29.7200 935.000000 0.000000 148.000000 68.000000
3.4900 73.7200 30.6000 947.000000 0.000000 148.000000 68.000000
3.5000 74.1000 31.8500 950.000000 0.000000 150.000000 67.000000
3.5100 74.4600 33.3400 941.000000 0.000000 152.000000 68.000000
3.5200 74.6300 34.7800 984.000000 0.000000 153.000000 67.000000
3.5300 74.6800 35.4600 1023.000000 0.000000 155.000000 67.000000
3.5400 74.5600 35.6400 1023.000000 0.000000 156.000000 66.000000
3.5500 74.4800 35.6400 1023.000000 0.000000 159.000000 67.000000
3.5600 74.4800 34.9800 1023.000000 0.000000 159.000000 67.000000
3.5700 74.4000 33.9200 1023.000000 0.000000 160.000000 66.000000
3.5800 74.2700 32.2200 1023.000000 0.000000 162.000000 66.000000
3.5900 74.4400 30.8500 1023.000000 0.000000 162.000000 66.000000
3.6000 74.7700 29.7100 1023.000000 0.000000 162.000000 66.000000
3.6100 75.2000 29.2200 1023.000000 0.000000 162.000000 66.000000
3.6200 75.5200 29.0100 1020.000000 0.000000 162.000000 66.000000
3.6300 75.3600 29.0100 984.000000 0.000000 162.000000 66.000000
3.6400 74.8700 29.3200 958.000000 0.000000 161.000000 67.000000
3.6500 73.5500 29.6400 948.000000 0.000000 161.000000 67.000000
3.6600 71.4100 29.8400 909.000000 0.000000 161.000000 67.000000
3.6700 68.7100 29.9800 887.000000 0.000000 161.000000 67.000000
3.6800 64.7900 30.0500 914.000000 0.000000 161.000000 67.000000
3.6900 59.9800 29.7200 997.000000 0.000000 159.000000 67.000000
3.7000 54.5800 29.1300 1023.000000 0.000000 155.000000 67.000000
3.7100 50.4900 28.3800 1023.000000 0.000000 153.000000 67.000000
3.7200 48.6400 27.9000 1023.000000 0.000000 149.000000 66.000000
3.7300 48.2800 27.6000 1023.000000 0.000000 146.000000 66.000000
3.7400 48.9400 27.5000 1023.000000 0.000000 142.000000 66.000000
3.7500 51.4200 27.6500 1023.000000 0.000000 142.000000 66.000000
3.7600 55.1100 27.9700 1023.000000 0.000000 140.000000 67.000000
3.7700 59.8500 28.4800 1023.000000 0.000000 140.000000 67.000000
3.7800 64.6100 28.7200 1023.000000 0.000000 142.000000 68.000000
3.7900 69.3900 28.7900 1023.000000 0.000000 145.000000 68.000000
3.8000 72.3000 28.7100 938.000000 0.000000 151.000000 68.000000
3.8100 73.5500 28.4900 510.000000 0.000000 153.000000 69.000000
