0.0000 47.0100 67.0900 32.000000 1.000000 140.000000 50.000000
0.0100 47.0800 67.5400 108.000000 0.000000 140.000000 50.000000
0.0200 47.1300 67.6900 188.000000 0.000000 140.000000 50.000000
0.0300 47.1300 67.8300 273.000000 0.000000 141.000000 50.000000
0.0400 47.0800 67.9400 377.000000 0.000000 142.000000 49.000000
0.0500 47.0800 67.9900 440.000000 0.000000 142.000000 49.000000
0.0600 47.0000 67.9900 512.000000 0.000000 142.000000 49.000000
0.0700 46.9400 67.9900 556.000000 0.000000 143.000000 49.000000
0.0800 46.9400 67.9900 561.000000 0.000000 143.000000 49.000000
0.0900 46.8900 67.8600 589.000000 0.000000 143.000000 49.000000
0.1000 46.8900 67.6500 609.000000 0.000000 144.000000 48.000000
0.1100 46.8900 67.2400 630.000000 0.000000 143.000000 49.000000
0.1200 46.8900 66.7100 636.000000 0.000000 143.000000 49.000000
0.1300 46.8400 66.2300 659.000000 0.000000 143.000000 49.000000
0.1400 46.8400 65.8200 662.000000 0.000000 142.000000 49.000000
0.1500 46.8400 65.4700 673.000000 0.000000 142.000000 49.000000
0.1600 46.9000 65.3100 673.000000 0.000000 142.000000 49.000000
0.1700 46.9000 65.2500 687.000000 0.000000 141.000000 50.000000
0.1800 46.9600 65.2500 702.000000 0.000000 141.000000 50.000000
0.1900 46.9600 65.3200 699.000000 0.000000 141.000000 50.000000
0.2000 46.9600 65.6300 699.000000 0.000000 141.000000 50.000000
0.2100 46.9600 66.0900 691.000000 0.000000 141.000000 50.000000
0.2200 47.0300 66.7100 694.000000 0.000000 141.000000 50.000000
0.2300 46.9600 67.3700 691.000000 0.000000 140.000000 50.000000
0.2400 46.8300 68.0600 691.000000 0.000000 140.000000 50.000000
0.2500 46.6800 68.3700 693.000000 0.000000 141.000000 49.000000
0.2600 46.5800 68.6300 702.000000 0.000000 141.000000 49.000000
0.2700 46.5800 68.6300 696.000000 0.000000 142.000000 48.000000
0.2800 46.5800 68.4400 690.000000 0.000000 142.000000 48.000000
0.2900 46.7400 67.9800 691.000000 0.000000 143.000000 48.000000
0.3000 46.9300 67.5700 691.000000 0.000000 143.000000 48.000000
0.3100 47.1400 67.2000 693.000000 0.000000 143.000000 48.000000
0.3200 47.3700 66.8900 700.000000 0.000000 143.000000 48.000000
0.3300 47.6500 66.6800 710.000000 0.000000 142.000000 48.000000
0.3400 47.9500 66.5500 708.000000 0.000000 142.000000 48.000000
0.3500 48.2100 66.5500 707.000000 0.000000 142.000000 48.000000
0.3600 48.4800 66.6900 708.000000 0.000000 141.000000 49.000000
0.3700 48.7700 66.9300 707.000000 0.000000 141.000000 49.000000
0.3800 48.9900 67.2200 705.000000 0.000000 141.000000 49.000000
0.3900 49.1000 67.5900 691.000000 0.000000 141.000000 49.000000
0.4000 49.1000 68.0100 693.000000 0.000000 141.000000 49.000000
0.4100 49.1000 68.4400 684.000000 0.000000 142.000000 49.000000
0.4200 48.9700 68.8800 682.000000 0.000000 143.000000 49.000000
0.4300 48.7200 69.3400 684.000000 0.000000 144.000000 48.000000
0.4400 48.6400 69.4100 684.000000 0.000000 145.000000 47.000000
0.4500 48.5700 69.3000 679.000000 0.000000 146.000000 47.000000
0.4600 48.5100 69.0600 682.000000 0.000000 147.000000 46.000000
0.4700 48.4600 68.4600 691.000000 0.000000 147.000000 46.000000
0.4800 48.4600 67.8400 700.000000 0.000000 147.000000 46.000000
0.4900 48.5400 67.2200 693.000000 0.000000 147.000000 46.000000
0.5000 48.6300 66.5900 696.000000 0.000000 147.000000 46.000000
0.5100 48.7300 66.0600 690.000000 0.000000 145.000000 46.000000
0.5200 48.8800 65.6100 691.000000 0.000000 144.000000 47.000000
0.5300 49.0400 65.3300 622.000000 0.000000 142.000000 48.000000
0.5400 49.2000 65.1000 472.000000 0.000000 142.000000 49.000000
0.5500 49.3200 64.9000 170.000000 0.000000 142.000000 49.000000
0.5600 49.3200 64.9000 0.000000 1.000000 142.000000 49.000000
0.5700 49.4300 64.5900 0.000000 0.000000 143.000000 50.000000
0.5800 49.4300 65.2300 0.000000 0.000000 144.000000 50.000000
0.5900 49.3500 65.4700 0.000000 0.000000 145.000000 51.000000
0.6000 49.4500 65.6800 0.000000 0.000000 145.000000 51.000000
0.6100 49.6200 65.8400 0.000000 0.000000 147.000000 51.000000
0.6200 49.8900 65.9700 0.000000 0.000000 147.000000 51.000000
0.6300 50.1800 66.0700 0.000000 0.000000 148.000000 50.000000
0.6400 50.4800 66.1300 0.000000 0.000000 148.000000 50.000000
0.6500 50.7900 66.2100 0.000000 0.000000 148.000000 50.000000
0.6600 51.1100 66.2900 0.000000 0.000000 148.000000 50.000000
0.6700 51.1100 66.2900 187.000000 1.000000 148.000000 50.000000
0.6800 51.5000 66.5000 247.000000 0.000000 148.000000 50.000000
0.6900 51.5000 66.7000 343.000000 0.000000 148.000000 51.000000
0.7000 51.5000 66.8100 402.000000 0.000000 148.000000 51.000000
0.7100 51.5000 66.9100 460.000000 0.000000 148.000000 51.000000
0.7200 51.3600 66.9800 527.000000 0.000000 148.000000 51.000000
0.7300 51.1700 67.0300 567.000000 0.000000 148.000000 51.000000
0.7400 50.9200 67.0300 585.000000 0.000000 148.000000 51.000000
0.7500 50.6200 66.9600 611.000000 0.000000 147.000000 51.000000
0.7600 50.2900 66.8400 636.000000 0.000000 147.000000 51.000000
0.7700 50.0400 66.6300 645.000000 0.000000 145.000000 51.000000
0.7800 49.8300 66.3500 640.000000 0.000000 145.000000 51.000000
0.7900 49.7100 66.0400 650.000000 0.000000 144.000000 50.000000
0.8000 49.6500 65.7100 653.000000 0.000000 144.000000 50.000000
0.8100 49.7200 65.4500 652.000000 0.000000 144.000000 50.000000
0.8200 49.8800 65.2600 653.000000 0.000000 143.000000 50.000000
0.8300 50.2200 65.1300 655.000000 0.000000 143.000000 50.000000
0.8400 50.5800 65.2000 658.000000 0.000000 143.000000 50.000000
0.8500 50.9600 65.3900 650.000000 0.000000 143.000000 50.000000
0.8600 51.3400 65.6600 650.000000 0.000000 143.000000 50.000000
0.8700 51.5600 65.9600 646.000000 0.000000 143.000000 50.000000
0.8800 51.6700 66.2500 646.000000 0.000000 143.000000 51.000000
0.8900 51.6700 66.5400 647.000000 0.000000 143.000000 51.000000
0.9000 51.5700 66.8100 653.000000 0.000000 143.000000 51.000000
0.9100 51.4000 66.9100 653.000000 0.000000 143.000000 51.000000
0.9200 51.2700 66.9100 652.000000 0.000000 143.000000 51.000000
0.9300 51.1700 66.7300 655.000000 0.000000 143.000000 51.000000
0.9400 51.1700 66.4100 665.000000 0.000000 144.000000 50.000000
0.9500 51.1700 65.9900 668.000000 0.000000 144.000000 50.000000
0.9600 51.2900 65.6100 661.000000 0.000000 144.000000 50.000000
0.9700 51.4500 65.3800 658.000000 0.000000 144.000000 50.000000
0.9800 51.6700 65.2600 628.000000 0.000000 144.000000 50.000000
0.9900 51.9600 65.1900 570.000000 0.000000 144.000000 50.000000
1.0000 52.3100 65.2500 414.000000 0.000000 144.000000 50.000000
1.0100 52.6900 65.4100 66.000000 0.000000 145.000000 51.000000
1.0200 52.6900 65.4100 0.000000 1.000000 145.000000 51.000000
1.0300 53.2500 66.1300 0.000000 0.000000 145.000000 51.000000
1.0400 53.3100 66.6200 0.000000 0.000000 145.000000 51.000000
1.0500 53.3700 67.2100 0.000000 0.000000 147.000000 51.000000
1.0600 53.3700 67.8900 0.000000 0.000000 147.000000 51.000000
1.0700 53.3000 68.6400 0.000000 0.000000 147.000000 51.000000
1.0800 53.2300 69.1800 0.000000 0.000000 148.000000 50.000000
1.0900 53.2300 69.1800 167.000000 1.000000 148.000000 50.000000
1.1000 53.2300 69.1800 312.000000 0.000000 148.000000 50.000000
1.1100 53.2300 69.1800 363.000000 0.000000 149.000000 49.000000
1.1200 52.7800 68.6800 442.000000 0.000000 150.000000 48.000000
1.1300 52.7200 68.2200 504.000000 0.000000 150.000000 48.000000
1.1400 52.7200 67.6600 521.000000 0.000000 150.000000 48.000000
1.1500 52.8200 67.1800 545.000000 0.000000 150.000000 48.000000
1.1600 52.9600 66.7000 551.000000 0.000000 149.000000 49.000000
1.1700 53.1100 66.2500 539.000000 0.000000 148.000000 50.000000
1.1800 53.2600 65.9200 512.000000 0.000000 148.000000 50.000000
1.1900 53.3100 65.6600 464.000000 0.000000 147.000000 51.000000
1.2000 53.3100 65.4200 393.000000 0.000000 147.000000 51.000000
1.2100 53.2500 65.0600 284.000000 0.000000 146.000000 52.000000
1.2200 53.1800 65.2100 139.000000 0.000000 146.000000 52.000000
1.2300 53.1000 65.7500 70.000000 0.000000 146.000000 52.000000
1.2400 53.0000 66.0500 51.000000 0.000000 146.000000 52.000000
1.2500 52.9100 66.4000 144.000000 0.000000 146.000000 52.000000
1.2600 52.8400 66.7800 282.000000 0.000000 147.000000 52.000000
1.2700 52.8400 66.9900 387.000000 0.000000 147.000000 52.000000
1.2800 53.0000 67.0600 449.000000 0.000000 148.000000 51.000000
1.2900 53.1700 67.0600 499.000000 0.000000 148.000000 51.000000
1.3000 53.4700 67.0600 537.000000 0.000000 147.000000 51.000000
1.3100 53.8600 66.9800 561.000000 0.000000 147.000000 51.000000
1.3200 54.1400 66.9200 588.000000 0.000000 147.000000 51.000000
1.3300 54.4300 66.8500 595.000000 0.000000 148.000000 50.000000
1.3400 54.5700 66.7900 608.000000 0.000000 148.000000 50.000000
1.3500 54.5700 66.7900 611.000000 0.000000 148.000000 51.000000
1.3600 54.6400 66.6900 620.000000 0.000000 148.000000 51.000000
1.3700 54.6400 66.6100 639.000000 0.000000 148.000000 51.000000
1.3800 54.6400 66.4800 646.000000 0.000000 148.000000 51.000000
1.3900 54.6400 66.2000 653.000000 0.000000 148.000000 51.000000
1.4000 54.6400 65.8200 652.000000 0.000000 148.000000 51.000000
1.4100 54.6400 65.5600 625.000000 0.000000 148.000000 51.000000
1.4200 54.7600 65.3800 586.000000 0.000000 148.000000 51.000000
1.4300 54.8900 65.2600 474.000000 0.000000 148.000000 51.000000
1.4400 55.0200 65.3100 247.000000 0.000000 148.000000 51.000000
1.4500 55.0200 65.3100 0.000000 1.000000 148.000000 51.000000
1.4600 55.4800 66.0000 0.000000 0.000000 148.000000 51.000000
1.4700 55.5600 66.4400 0.000000 0.000000 148.000000 51.000000
1.4800 55.5100 66.9100 0.000000 0.000000 148.000000 51.000000
1.4900 55.3600 67.3900 0.000000 0.000000 148.000000 51.000000
1.5000 55.3600 67.3900 139.000000 1.000000 148.000000 51.000000
1.5100 54.8900 68.1600 253.000000 0.000000 148.000000 51.000000
1.5200 54.6600 68.2400 312.000000 0.000000 149.000000 51.000000
1.5300 54.4500 68.1900 319.000000 0.000000 149.000000 51.000000
1.5400 54.3500 68.0400 315.000000 0.000000 149.000000 51.000000
1.5500 54.3500 67.8600 240.000000 0.000000 150.000000 50.000000
1.5600 54.3500 67.8600 0.000000 1.000000 150.000000 50.000000
1.5700 54.7300 67.4500 0.000000 0.000000 150.000000 50.000000
1.5800 54.8700 67.3500 0.000000 0.000000 150.000000 50.000000
1.5900 54.9700 67.3500 0.000000 0.000000 148.000000 50.000000
1.6000 55.1400 67.2600 0.000000 0.000000 148.000000 50.000000
1.6100 55.2900 67.1800 0.000000 0.000000 148.000000 50.000000
1.6200 55.4300 67.0300 0.000000 0.000000 148.000000 50.000000
1.6300 55.5200 66.7800 0.000000 0.000000 148.000000 50.000000
1.6400 55.5200 66.7800 361.000000 1.000000 148.000000 51.000000
1.6500 55.7300 66.1900 485.000000 0.000000 148.000000 51.000000
1.6600 55.6400 66.1000 568.000000 0.000000 148.000000 51.000000
1.6700 55.6400 66.1000 641.000000 0.000000 148.000000 51.000000
1.6800 55.8000 66.1000 666.000000 0.000000 149.000000 52.000000
1.6900 55.9800 66.1000 687.000000 0.000000 149.000000 52.000000
1.7000 56.2100 66.2200 691.000000 0.000000 148.000000 53.000000
1.7100 56.5100 66.3600 685.000000 0.000000 148.000000 53.000000
1.7200 56.7600 66.5300 662.000000 0.000000 148.000000 53.000000
1.7300 56.9100 66.7600 647.000000 0.000000 148.000000 53.000000
1.7400 57.0200 67.0200 602.000000 0.000000 148.000000 53.000000
1.7500 57.0200 67.2500 578.000000 0.000000 148.000000 53.000000
1.7600 56.9600 67.5900 521.000000 0.000000 149.000000 52.000000
1.7700 56.8700 68.0100 516.000000 0.000000 149.000000 52.000000
1.7800 56.7000 68.3100 518.000000 0.000000 151.000000 51.000000
1.7900 56.5400 68.5800 540.000000 0.000000 151.000000 51.000000
1.8000 56.5400 68.5800 554.000000 0.000000 152.000000 51.000000
1.8100 56.2900 68.6500 567.000000 0.000000 153.000000 50.000000
1.8200 56.1500 68.3500 588.000000 0.000000 153.000000 50.000000
1.8300 55.9800 68.0600 614.000000 0.000000 153.000000 50.000000
1.8400 55.8800 67.7100 643.000000 0.000000 152.000000 49.000000
1.8500 55.7900 67.2400 668.000000 0.000000 152.000000 49.000000
1.8600 55.7900 66.7100 675.000000 0.000000 152.000000 49.000000
1.8700 55.7900 66.2100 667.000000 0.000000 151.000000 50.000000
1.8800 55.9400 65.8600 653.000000 0.000000 151.000000 50.000000
1.8900 56.1300 65.6100 627.000000 0.000000 150.000000 51.000000
1.9000 56.4000 65.4300 521.000000 0.000000 150.000000 51.000000
1.9100 56.7100 65.4300 208.000000 0.000000 149.000000 52.000000
1.9200 56.7100 65.4300 0.000000 1.000000 150.000000 52.000000
1.9300 57.3800 65.8800 0.000000 0.000000 150.000000 52.000000
1.9400 57.5900 66.3600 0.000000 0.000000 150.000000 52.000000
1.9500 57.7200 66.9600 0.000000 0.000000 150.000000 52.000000
1.9600 57.9100 67.6000 0.000000 0.000000 150.000000 52.000000
1.9700 58.1000 68.2500 0.000000 0.000000 150.000000 52.000000
1.9800 58.3200 68.9000 0.000000 0.000000 152.000000 53.000000
1.9900 58.5500 69.2700 0.000000 0.000000 153.000000 52.000000
2.0000 58.7800 69.2700 0.000000 0.000000 153.000000 52.000000
2.0100 58.7800 69.2700 363.000000 1.000000 153.000000 52.000000
2.0200 58.7800 69.2700 418.000000 0.000000 153.000000 51.000000
2.0300 58.9400 68.9000 504.000000 0.000000 153.000000 51.000000
2.0400 58.9900 68.5600 594.000000 0.000000 153.000000 51.000000
2.0500 59.0400 68.1600 636.000000 0.000000 154.000000 50.000000
2.0600 59.1200 67.7000 681.000000 0.000000 152.000000 51.000000
2.0700 59.2000 67.1400 697.000000 0.000000 152.000000 51.000000
2.0800 59.2000 66.5900 716.000000 0.000000 151.000000 50.000000
2.0900 59.2700 66.0600 714.000000 0.000000 150.000000 51.000000
2.1000 59.3300 65.6300 721.000000 0.000000 150.000000 51.000000
2.1100 59.3900 65.3200 707.000000 0.000000 148.000000 51.000000
2.1200 59.4600 65.0800 694.000000 0.000000 148.000000 51.000000
2.1300 59.5200 65.0800 682.000000 0.000000 148.000000 51.000000
2.1400 59.5700 65.1800 662.000000 0.000000 148.000000 51.000000
2.1500 59.6300 65.3600 614.000000 0.000000 148.000000 51.000000
2.1600 59.5600 65.6900 561.000000 0.000000 148.000000 51.000000
2.1700 59.4000 66.1000 529.000000 0.000000 148.000000 51.000000
2.1800 59.0500 66.5600 538.000000 0.000000 148.000000 51.000000
2.1900 58.6700 66.9000 564.000000 0.000000 148.000000 51.000000
2.2000 58.2800 67.0100 609.000000 0.000000 148.000000 51.000000
2.2100 58.0400 67.0100 620.000000 0.000000 148.000000 51.000000
2.2200 57.8100 66.7700 636.000000 0.000000 148.000000 51.000000
2.2300 57.6000 66.5000 641.000000 0.000000 149.000000 52.000000
2.2400 57.5500 66.1900 655.000000 0.000000 149.000000 52.000000
2.2500 57.6100 65.8800 673.000000 0.000000 149.000000 52.000000
2.2600 57.7600 65.5100 678.000000 0.000000 149.000000 52.000000
2.2700 58.0200 65.2900 672.000000 0.000000 149.000000 52.000000
2.2800 58.3400 65.1600 662.000000 0.000000 149.000000 52.000000
2.2900 58.7400 65.1600 630.000000 0.000000 149.000000 52.000000
2.3000 59.1100 65.2500 537.000000 0.000000 149.000000 52.000000
2.3100 59.4500 65.4300 354.000000 0.000000 149.000000 52.000000
2.3200 59.7500 65.6500 185.000000 0.000000 150.000000 52.000000
2.3300 59.9700 65.8500 142.000000 0.000000 150.000000 52.000000
2.3400 60.1300 65.9900 158.000000 0.000000 150.000000 52.000000
2.3500 60.2000 65.9900 260.000000 0.000000 152.000000 53.000000
2.3600 60.2500 65.9900 387.000000 0.000000 153.000000 53.000000
2.3700 60.2500 65.9100 464.000000 0.000000 154.000000 53.000000
2.3800 60.3600 65.8300 570.000000 0.000000 156.000000 53.000000
2.3900 60.5700 65.7700 619.000000 0.000000 156.000000 53.000000
2.4000 60.8800 65.8300 638.000000 0.000000 156.000000 53.000000
2.4100 61.2000 65.9600 640.000000 0.000000 154.000000 53.000000
2.4200 61.4900 66.1600 646.000000 0.000000 154.000000 53.000000
2.4300 61.7500 66.3900 643.000000 0.000000 153.000000 53.000000
2.4400 61.9200 66.6500 634.000000 0.000000 152.000000 53.000000
2.4500 61.9200 66.8900 634.000000 0.000000 152.000000 53.000000
2.4600 61.9200 67.1200 619.000000 0.000000 152.000000 53.000000
2.4700 61.7000 67.3100 617.000000 0.000000 152.000000 53.000000
2.4800 61.4100 67.4500 627.000000 0.000000 152.000000 53.000000
2.4900 61.0400 67.4000 634.000000 0.000000 152.000000 53.000000
2.5000 60.7700 67.2400 652.000000 0.000000 152.000000 53.000000
2.5100 60.6400 66.9100 668.000000 0.000000 152.000000 53.000000
2.5200 60.5900 66.5500 708.000000 0.000000 152.000000 53.000000
2.5300 60.6600 66.1800 739.000000 0.000000 152.000000 53.000000
2.5400 60.7700 65.8200 753.000000 0.000000 150.000000 52.000000
2.5500 60.9700 65.6100 784.000000 0.000000 150.000000 52.000000
2.5600 61.2200 65.4700 767.000000 0.000000 150.000000 52.000000
2.5700 61.5100 65.4000 702.000000 0.000000 150.000000 52.000000
2.5800 61.8100 65.4500 354.000000 0.000000 152.000000 53.000000
2.5900 61.8100 65.4500 0.000000 1.000000 152.000000 53.000000
2.6000 62.4200 65.7900 0.000000 0.000000 152.000000 53.000000
2.6100 62.5000 66.1500 0.000000 0.000000 153.000000 53.000000
2.6200 62.4300 66.6100 0.000000 0.000000 154.000000 52.000000
2.6300 62.6500 67.7400 0.000000 0.000000 155.000000 51.000000
2.6400 63.2600 68.9400 0.000000 0.000000 155.000000 50.000000
2.6500 64.1300 70.1800 0.000000 0.000000 157.000000 49.000000
2.6600 64.7400 71.2000 0.000000 0.000000 159.000000 46.000000
2.6700 65.6700 71.8400 0.000000 0.000000 161.000000 43.000000
2.6800 66.8000 72.2200 0.000000 0.000000 163.000000 41.000000
2.6900 68.1100 72.4900 0.000000 0.000000 163.000000 39.000000
2.7000 69.4700 72.6100 0.000000 0.000000 162.000000 37.000000
2.7100 70.8500 72.6100 0.000000 0.000000 161.000000 35.000000
2.7200 71.7000 72.4900 0.000000 0.000000 160.000000 34.000000
2.7300 72.1900 72.3200 0.000000 0.000000 157.000000 35.000000
2.7400 72.4300 71.9900 0.000000 0.000000 155.000000 36.000000
2.7500 72.4300 71.5600 0.000000 0.000000 152.000000 38.000000
2.7600 72.2400 71.0600 0.000000 0.000000 150.000000 40.000000
2.7700 71.9100 70.5400 0.000000 0.000000 146.000000 42.000000
2.7800 71.4200 69.9500 0.000000 0.000000 144.000000 43.000000
2.7900 70.7500 69.3000 0.000000 0.000000 143.000000 44.000000
2.8000 69.9600 68.6000 0.000000 0.000000 144.000000 44.000000
2.8100 69.0900 67.8300 0.000000 0.000000 144.000000 44.000000
2.8200 68.2700 67.0000 0.000000 0.000000 143.000000 46.000000
2.8300 67.7100 66.7500 0.000000 0.000000 140.000000 48.000000
2.8400 67.3100 66.5900 0.000000 0.000000 140.000000 50.000000
2.8500 66.5300 66.4900 0.000000 0.000000 140.000000 52.000000
2.8600 66.0300 66.4900 0.000000 0.000000 143.000000 51.000000
2.8700 65.7100 66.3900 0.000000 0.000000 147.000000 51.000000
2.8800 65.6300 66.3000 0.000000 0.000000 150.000000 50.000000
2.8900 65.6300 66.2000 0.000000 0.000000 152.000000 49.000000
2.9000 65.6300 66.1200 0.000000 0.000000 154.000000 49.000000
2.9100 65.5100 66.1200 0.000000 0.000000 155.000000 48.000000
2.9200 65.3700 66.1200 0.000000 0.000000 155.000000 48.000000
2.9300 65.2700 66.1200 0.000000 0.000000 155.000000 48.000000
2.9400 65.2100 66.1700 0.000000 0.000000 153.000000 48.000000
2.9500 65.2100 66.2700 0.000000 0.000000 153.000000 48.000000
2.9600 65.2100 66.4000 0.000000 0.000000 153.000000 48.000000
2.9700 65.1400 66.5400 0.000000 0.000000 152.000000 48.000000
2.9800 65.0500 66.6900 0.000000 0.000000 152.000000 48.000000
2.9900 64.9500 66.9000 0.000000 0.000000 152.000000 48.000000
3.0000 64.8200 67.1100 0.000000 0.000000 152.000000 48.000000
3.0100 64.6600 67.3100 0.000000 0.000000 151.000000 48.000000
3.0200 64.5300 67.5200 0.000000 0.000000 151.000000 48.000000
3.0300 64.4200 67.7400 0.000000 0.000000 150.000000 48.000000
3.0400 64.3600 67.9700 0.000000 0.000000 149.000000 49.000000
3.0500 64.3600 68.2000 0.000000 0.000000 149.000000 49.000000
3.0600 64.3600 68.4100 0.000000 0.000000 149.000000 49.000000
3.0700 64.4700 68.6200 0.000000 0.000000 149.000000 49.000000
3.0800 64.4700 68.6200 131.000000 1.000000 149.000000 49.000000
3.0900 64.8100 68.9600 257.000000 0.000000 149.000000 49.000000
3.1000 64.8100 69.1400 381.000000 0.000000 149.000000 49.000000
3.1100 64.7500 69.2900 467.000000 0.000000 149.000000 49.000000
3.1200 64.7500 69.2900 512.000000 0.000000 149.000000 49.000000
3.1300 64.7500 69.1400 546.000000 0.000000 150.000000 48.000000
3.1400 64.7000 68.9600 575.000000 0.000000 150.000000 48.000000
3.1500 64.7000 68.4400 613.000000 0.000000 150.000000 48.000000
3.1600 64.7000 67.8700 645.000000 0.000000 150.000000 48.000000
3.1700 64.7600 67.2200 646.000000 0.000000 150.000000 48.000000
3.1800 64.7600 66.6900 664.000000 0.000000 150.000000 48.000000
3.1900 64.8200 66.2400 673.000000 0.000000 149.000000 49.000000
3.2000 64.8200 66.0200 676.000000 0.000000 148.000000 50.000000
3.2100 64.9200 65.8900 675.000000 0.000000 148.000000 50.000000
3.2200 64.9700 65.8100 684.000000 0.000000 149.000000 51.000000
3.2300 64.9700 65.8100 685.000000 0.000000 148.000000 51.000000
3.2400 65.0400 66.0300 675.000000 0.000000 148.000000 51.000000
3.2500 65.1000 66.4300 673.000000 0.000000 148.000000 51.000000
3.2600 65.1600 67.0000 652.000000 0.000000 148.000000 51.000000
3.2700 65.1000 67.6000 646.000000 0.000000 148.000000 51.000000
3.2800 64.9400 68.2300 633.000000 0.000000 148.000000 51.000000
3.2900 64.7100 68.9700 647.000000 0.000000 149.000000 51.000000
3.3000 64.6300 69.2600 645.000000 0.000000 149.000000 51.000000
3.3100 64.6300 69.2600 641.000000 0.000000 150.000000 50.000000
3.3200 64.6300 69.1900 642.000000 0.000000 151.000000 49.000000
3.3300 64.7500 68.8500 641.000000 0.000000 151.000000 48.000000
3.3400 64.9700 68.3300 644.000000 0.000000 150.000000 48.000000
3.3500 65.2900 67.9300 655.000000 0.000000 151.000000 47.000000
3.3600 65.6400 67.6700 662.000000 0.000000 150.000000 48.000000
3.3700 65.9700 67.5000 664.000000 0.000000 151.000000 48.000000
3.3800 66.2800 67.5000 664.000000 0.000000 151.000000 48.000000
3.3900 66.6300 67.5600 661.000000 0.000000 151.000000 49.000000
3.4000 66.9700 67.6900 644.000000 0.000000 152.000000 49.000000
3.4100 67.2100 67.9400 634.000000 0.000000 151.000000 50.000000
3.4200 67.3900 68.2600 622.000000 0.000000 151.000000 50.000000
3.4300 67.3900 68.6200 613.000000 0.000000 151.000000 50.000000
3.4400 67.3200 69.0000 611.000000 0.000000 151.000000 50.000000
3.4500 67.1100 69.3500 619.000000 0.000000 152.000000 49.000000
3.4600 66.8400 69.6900 634.000000 0.000000 152.000000 49.000000
3.4700 66.6000 69.7600 642.000000 0.000000 153.000000 49.000000
3.4800 66.4100 69.5600 644.000000 0.000000 153.000000 49.000000
3.4900 66.2400 69.1900 650.000000 0.000000 153.000000 48.000000
3.5000 66.1400 68.4800 658.000000 0.000000 153.000000 48.000000
3.5100 66.1400 67.8700 668.000000 0.000000 153.000000 48.000000
3.5200 66.3100 67.3400 671.000000 0.000000 153.000000 48.000000
3.5300 66.4900 66.8400 668.000000 0.000000 153.000000 49.000000
3.5400 66.7200 66.4400 664.000000 0.000000 152.000000 49.000000
3.5500 66.9700 66.1100 659.000000 0.000000 152.000000 49.000000
3.5600 67.2400 65.9200 638.000000 0.000000 151.000000 50.000000
3.5700 67.4400 65.9200 639.000000 0.000000 151.000000 51.000000
3.5800 67.6000 65.9200 625.000000 0.000000 150.000000 52.000000
3.5900 67.8500 66.1200 610.000000 0.000000 150.000000 52.000000
3.6000 68.0200 66.3300 599.000000 0.000000 150.000000 52.000000
3.6100 68.1000 66.5500 595.000000 0.000000 150.000000 52.000000
3.6200 68.1000 66.7200 592.000000 0.000000 150.000000 52.000000
3.6300 68.1500 66.8700 600.000000 0.000000 150.000000 52.000000
3.6400 68.1500 66.9700 613.000000 0.000000 150.000000 52.000000
3.6500 68.1500 66.9700 617.000000 0.000000 150.000000 52.000000
3.6600 68.1500 66.9700 613.000000 0.000000 150.000000 52.000000
3.6700 68.1500 66.7700 616.000000 0.000000 150.000000 52.000000
3.6800 68.2500 66.5000 636.000000 0.000000 150.000000 52.000000
3.6900 68.4300 66.2300 655.000000 0.000000 150.000000 52.000000
3.7000 68.6600 65.9600 664.000000 0.000000 150.000000 52.000000
3.7100 68.9000 65.8100 664.000000 0.000000 150.000000 52.000000
3.7200 69.1300 65.7500 673.000000 0.000000 150.000000 52.000000
3.7300 69.3800 65.7500 675.000000 0.000000 149.000000 52.000000
3.7400 69.6000 65.9500 678.000000 0.000000 149.000000 52.000000
3.7500 69.7800 66.1900 670.000000 0.000000 149.000000 52.000000
3.7600 69.9200 66.5000 673.000000 0.000000 148.000000 51.000000
3.7700 69.9200 66.8400 668.000000 0.000000 148.000000 51.000000
3.7800 69.8000 67.1900 673.000000 0.000000 148.000000 51.000000
3.7900 69.6100 67.5100 663.000000 0.000000 148.000000 51.000000
3.8000 69.4100 67.7800 673.000000 0.000000 148.000000 51.000000
3.8100 69.2600 67.8600 676.000000 0.000000 148.000000 51.000000
3.8200 69.2600 67.8600 673.000000 0.000000 149.000000 51.000000
3.8300 69.2600 67.7200 675.000000 0.000000 149.000000 51.000000
3.8400 69.3700 67.5600 676.000000 0.000000 149.000000 51.000000
3.8500 69.6100 67.3400 685.000000 0.000000 150.000000 50.000000
3.8600 69.9400 67.1100 694.000000 0.000000 150.000000 50.000000
3.8700 70.3200 66.8900 697.000000 0.000000 149.000000 51.000000
3.8800 70.7000 66.7000 693.000000 0.000000 149.000000 51.000000
3.8900 70.9500 66.5300 696.000000 0.000000 149.000000 51.000000
3.9000 71.1000 66.3700 702.000000 0.000000 149.000000 52.000000
3.9100 71.1000 66.2200 719.000000 0.000000 149.000000 52.000000
3.9200 71.1000 66.0800 722.000000 0.000000 149.000000 52.000000
3.9300 71.0000 65.9600 724.000000 0.000000 149.000000 52.000000
3.9400 70.8600 65.8800 730.000000 0.000000 149.000000 52.000000
3.9500 70.7500 65.8200 721.000000 0.000000 149.000000 52.000000
3.9600 70.7500 65.8200 730.000000 0.000000 149.000000 52.000000
3.9700 70.7500 66.0000 727.000000 0.000000 149.000000 52.000000
3.9800 70.7500 66.2100 694.000000 0.000000 149.000000 52.000000
3.9900 70.8200 66.4800 707.000000 0.000000 149.000000 52.000000
4.0000 70.9700 66.7300 707.000000 0.000000 149.000000 52.000000
4.0100 71.1900 66.9600 708.000000 0.000000 149.000000 52.000000
4.0200 71.4000 67.1600 708.000000 0.000000 149.000000 52.000000
4.0300 71.6100 67.2700 707.000000 0.000000 149.000000 52.000000
4.0400 71.8400 67.3700 708.000000 0.000000 149.000000 52.000000
4.0500 72.0600 67.4800 705.000000 0.000000 150.000000 52.000000
4.0600 72.2800 67.5300 707.000000 0.000000 150.000000 52.000000
4.0700 72.5000 67.5800 700.000000 0.000000 150.000000 52.000000
4.0800 72.8100 67.5800 699.000000 0.000000 151.000000 51.000000
4.0900 73.0000 67.6600 693.000000 0.000000 151.000000 51.000000
4.1000 73.1200 67.6600 693.000000 0.000000 153.000000 52.000000
4.1100 73.2700 67.7500 691.000000 0.000000 153.000000 52.000000
4.1200 73.4000 67.8100 685.000000 0.000000 153.000000 52.000000
4.1300 73.5200 67.9500 678.000000 0.000000 153.000000 52.000000
4.1400 73.5200 68.1000 669.000000 0.000000 153.000000 51.000000
4.1500 73.5200 68.2600 670.000000 0.000000 153.000000 51.000000
4.1600 73.5200 68.4200 671.000000 0.000000 153.000000 51.000000
4.1700 73.3100 68.5500 664.000000 0.000000 153.000000 51.000000
4.1800 73.1400 68.5500 667.000000 0.000000 153.000000 51.000000
4.1900 72.9400 68.5000 678.000000 0.000000 153.000000 51.000000
4.2000 72.7200 68.3200 687.000000 0.000000 154.000000 50.000000
4.2100 72.5500 68.0200 696.000000 0.000000 154.000000 50.000000
4.2200 72.4400 67.6900 717.000000 0.000000 154.000000 50.000000
4.2300 72.4400 67.3300 725.000000 0.000000 153.000000 51.000000
4.2400 72.4400 66.9800 728.000000 0.000000 153.000000 51.000000
4.2500 72.6600 66.7200 740.000000 0.000000 153.000000 51.000000
4.2600 72.9400 66.4900 748.000000 0.000000 153.000000 52.000000
4.2700 73.2300 66.4000 760.000000 0.000000 152.000000 53.000000
4.2800 73.5800 66.4000 748.000000 0.000000 152.000000 53.000000
4.2900 73.9100 66.5600 745.000000 0.000000 151.000000 53.000000
4.3000 74.1900 66.7900 724.000000 0.000000 152.000000 54.000000
4.3100 74.3800 67.0400 720.000000 0.000000 152.000000 54.000000
4.3200 74.4800 67.3000 713.000000 0.000000 152.000000 54.000000
4.3300 74.5300 67.5700 707.000000 0.000000 152.000000 54.000000
4.3400 74.5300 67.8300 710.000000 0.000000 153.000000 53.000000
4.3500 74.4400 67.9400 713.000000 0.000000 154.000000 53.000000
4.3600 74.3700 67.9400 719.000000 0.000000 154.000000 53.000000
4.3700 74.2800 67.8000 722.000000 0.000000 155.000000 52.000000
4.3800 74.2100 67.5300 731.000000 0.000000 155.000000 52.000000
4.3900 74.1600 67.1900 737.000000 0.000000 155.000000 52.000000
4.4000 74.2200 66.9200 746.000000 0.000000 155.000000 52.000000
4.4100 74.3600 66.7000 757.000000 0.000000 155.000000 52.000000
4.4200 74.5400 66.5200 761.000000 0.000000 154.000000 53.000000
4.4300 74.7500 66.4200 763.000000 0.000000 154.000000 53.000000
4.4400 75.0100 66.4200 758.000000 0.000000 153.000000 53.000000
4.4500 75.2800 66.5600 749.000000 0.000000 152.000000 54.000000
4.4600 75.5100 66.7000 734.000000 0.000000 152.000000 54.000000
4.4700 75.7100 66.8800 733.000000 0.000000 153.000000 54.000000
4.4800 75.8400 67.0900 700.000000 0.000000 153.000000 54.000000
4.4900 75.9800 67.2600 694.000000 0.000000 153.000000 54.000000
4.5000 76.0300 67.4200 693.000000 0.000000 153.000000 54.000000
4.5100 76.0300 67.5200 693.000000 0.000000 154.000000 53.000000
4.5200 76.0300 67.5200 696.000000 0.000000 156.000000 53.000000
4.5300 76.0300 67.5200 696.000000 0.000000 156.000000 53.000000
4.5400 76.0300 67.5200 697.000000 0.000000 156.000000 53.000000
4.5500 76.0300 67.5200 702.000000 0.000000 156.000000 53.000000
4.5600 76.0300 67.1800 696.000000 0.000000 156.000000 53.000000
4.5700 76.0800 66.9500 717.000000 0.000000 156.000000 53.000000
4.5800 76.1900 66.7200 728.000000 0.000000 156.000000 53.000000
4.5900 76.3500 66.5700 730.000000 0.000000 156.000000 53.000000
4.6000 76.5800 66.4900 733.000000 0.000000 156.000000 53.000000
4.6100 76.8300 66.4900 722.000000 0.000000 153.000000 54.000000
4.6200 77.1100 66.5400 703.000000 0.000000 153.000000 54.000000
4.6300 77.4000 66.6900 700.000000 0.000000 153.000000 54.000000
4.6400 77.6200 66.8900 670.000000 0.000000 155.000000 54.000000
4.6500 77.8000 67.1500 671.000000 0.000000 155.000000 54.000000
4.6600 77.8500 67.3900 670.000000 0.000000 155.000000 54.000000
4.6700 77.8500 67.5600 670.000000 0.000000 156.000000 55.000000
4.6800 77.8500 67.6800 662.000000 0.000000 156.000000 55.000000
4.6900 77.7800 67.6800 664.000000 0.000000 157.000000 54.000000
4.7000 77.7800 67.6100 679.000000 0.000000 157.000000 54.000000
4.7100 77.7300 67.4300 699.000000 0.000000 157.000000 54.000000
4.7200 77.7800 67.1900 696.000000 0.000000 158.000000 53.000000
4.7300 77.8400 66.9400 728.000000 0.000000 157.000000 54.000000
4.7400 77.9300 66.6900 722.000000 0.000000 157.000000 54.000000
4.7500 78.1100 66.5400 737.000000 0.000000 157.000000 54.000000
4.7600 78.3200 66.4800 748.000000 0.000000 156.000000 55.000000
4.7700 78.5400 66.4800 761.000000 0.000000 156.000000 55.000000
4.7800 78.7800 66.5600 761.000000 0.000000 156.000000 55.000000
4.7900 79.0300 66.7200 754.000000 0.000000 155.000000 54.000000
4.8000 79.1800 66.9600 755.000000 0.000000 155.000000 54.000000
4.8100 79.2500 67.1900 731.000000 0.000000 155.000000 54.000000
4.8200 79.2500 67.4000 731.000000 0.000000 155.000000 54.000000
4.8300 79.2500 67.6100 733.000000 0.000000 153.000000 54.000000
4.8400 79.1700 67.7700 736.000000 0.000000 153.000000 54.000000
4.8500 79.1700 67.9200 736.000000 0.000000 154.000000 53.000000
4.8600 79.0600 68.0500 736.000000 0.000000 153.000000 53.000000
4.8700 78.9700 68.1500 746.000000 0.000000 153.000000 53.000000
4.8800 78.8800 68.2300 743.000000 0.000000 154.000000 52.000000
4.8900 78.6700 68.2300 737.000000 0.000000 154.000000 52.000000
4.9000 78.3900 68.2900 722.000000 0.000000 155.000000 52.000000
4.9100 78.1200 68.2900 694.000000 0.000000 156.000000 51.000000
4.9200 77.8500 68.1600 639.000000 0.000000 156.000000 51.000000
4.9300 77.7300 68.0500 404.000000 0.000000 157.000000 52.000000
4.9400 77.7300 68.0500 0.000000 1.000000 157.000000 52.000000
4.9500 77.8400 67.7900 0.000000 0.000000 158.000000 52.000000
4.9600 77.9500 67.7900 0.000000 0.000000 158.000000 52.000000
4.9700 78.0500 67.8600 0.000000 0.000000 160.000000 52.000000
4.9800 78.3900 67.9300 0.000000 0.000000 160.000000 52.000000
4.9900 78.8400 67.9900 0.000000 0.000000 160.000000 52.000000
5.0000 79.3600 68.0600 0.000000 0.000000 160.000000 52.000000
5.0100 79.8200 68.1500 0.000000 0.000000 158.000000 52.000000
5.0200 80.1100 68.2400 0.000000 0.000000 158.000000 51.000000
5.0300 80.2800 68.2400 0.000000 0.000000 158.000000 49.000000
5.0400 80.2300 68.2400 0.000000 0.000000 158.000000 47.000000
5.0500 80.0500 68.2400 0.000000 0.000000 158.000000 45.000000
5.0600 79.7900 68.2400 0.000000 0.000000 157.000000 44.000000
5.0700 79.5400 68.1900 0.000000 0.000000 157.000000 42.000000
5.0800 79.2900 68.1900 0.000000 0.000000 156.000000 41.000000
5.0900 78.9700 68.1400 0.000000 0.000000 157.000000 40.000000
5.1000 78.6000 68.0700 0.000000 0.000000 157.000000 40.000000
5.1100 78.2900 67.9200 0.000000 0.000000 158.000000 40.000000
5.1200 77.9400 67.7100 0.000000 0.000000 158.000000 41.000000
5.1300 77.5600 67.4400 0.000000 0.000000 160.000000 42.000000
5.1400 77.2500 67.1100 0.000000 0.000000 160.000000 44.000000
5.1500 76.9900 66.7600 0.000000 0.000000 161.000000 45.000000
5.1600 76.9100 66.4100 0.000000 0.000000 162.000000 47.000000
5.1700 76.9100 66.0500 0.000000 0.000000 162.000000 49.000000
5.1800 76.9100 66.0500 279.000000 1.000000 163.000000 50.000000
5.1900 77.2500 65.5900 317.000000 0.000000 162.000000 51.000000
5.2000 77.4500 65.5900 423.000000 0.000000 162.000000 52.000000
5.2100 77.8900 65.5900 496.000000 0.000000 161.000000 52.000000
5.2200 78.5200 65.5900 527.000000 0.000000 159.000000 53.000000
5.2300 79.2700 65.6900 560.000000 0.000000 159.000000 53.000000
5.2400 80.0100 65.8100 563.000000 0.000000 158.000000 54.000000
5.2500 80.7000 65.9600 567.000000 0.000000 158.000000 54.000000
5.2600 81.3500 66.1300 564.000000 0.000000 158.000000 54.000000
5.2700 81.8400 66.3500 568.000000 0.000000 160.000000 54.000000
5.2800 82.0200 66.5700 545.000000 0.000000 160.000000 54.000000
5.2900 82.0200 66.8700 513.000000 0.000000 160.000000 54.000000
5.3000 81.4600 67.2200 496.000000 0.000000 161.000000 55.000000
5.3100 80.2400 67.5800 439.000000 0.000000 161.000000 55.000000
5.3200 78.5500 67.9700 456.000000 0.000000 161.000000 55.000000
5.3300 76.1900 68.3700 499.000000 0.000000 163.000000 55.000000
5.3400 73.5500 68.8100 527.000000 0.000000 163.000000 55.000000
5.3500 70.7300 69.2400 589.000000 0.000000 163.000000 54.000000
5.3600 67.8800 69.6600 606.000000 0.000000 164.000000 53.000000
5.3700 65.0800 69.8400 627.000000 0.000000 162.000000 53.000000
5.3800 62.3500 69.8400 641.000000 0.000000 163.000000 52.000000
5.3900 59.9900 69.6200 636.000000 0.000000 162.000000 51.000000
5.4000 57.8700 69.2100 638.000000 0.000000 163.000000 50.000000
5.4100 55.9500 68.6700 631.000000 0.000000 162.000000 50.000000
5.4200 54.4200 68.0000 630.000000 0.000000 161.000000 48.000000
5.4300 53.1400 67.2800 617.000000 0.000000 160.000000 48.000000
5.4400 52.1000 66.2300 609.000000 0.000000 158.000000 49.000000
5.4500 51.4900 64.9900 609.000000 0.000000 158.000000 49.000000
5.4600 51.1600 64.5100 605.000000 0.000000 156.000000 50.000000
5.4700 51.4800 63.8600 616.000000 0.000000 155.000000 50.000000
5.4800 52.3600 63.0900 622.000000 0.000000 155.000000 51.000000
5.4900 53.6200 62.9000 646.000000 0.000000 153.000000 51.000000
5.5000 55.4200 63.0900 688.000000 0.000000 153.000000 51.000000
5.5100 57.6300 63.5300 699.000000 0.000000 153.000000 51.000000
5.5200 60.1100 64.3600 687.000000 0.000000 155.000000 51.000000
5.5300 62.3800 65.2100 673.000000 0.000000 155.000000 51.000000
5.5400 64.1400 66.0700 647.000000 0.000000 155.000000 51.000000
5.5500 65.5700 66.6400 624.000000 0.000000 155.000000 52.000000
5.5600 66.1500 67.1900 610.000000 0.000000 156.000000 53.000000
5.5700 66.0100 67.6400 622.000000 0.000000 156.000000 53.000000
5.5800 65.4000 68.0300 640.000000 0.000000 156.000000 53.000000
5.5900 64.3400 68.2600 658.000000 0.000000 158.000000 53.000000
5.6000 63.2200 68.1400 673.000000 0.000000 158.000000 52.000000
5.6100 62.0600 67.7900 684.000000 0.000000 158.000000 52.000000
5.6200 61.4200 67.2500 676.000000 0.000000 158.000000 52.000000
5.6300 61.2100 66.6800 678.000000 0.000000 158.000000 52.000000
5.6400 61.2800 66.0700 682.000000 0.000000 158.000000 51.000000
5.6500 61.8700 65.4800 684.000000 0.000000 157.000000 52.000000
5.6600 62.6400 64.9800 685.000000 0.000000 157.000000 52.000000
5.6700 63.5200 64.5300 685.000000 0.000000 156.000000 51.000000
5.6800 64.1900 64.2200 693.000000 0.000000 156.000000 51.000000
5.6900 64.5600 64.0100 694.000000 0.000000 157.000000 52.000000
5.7000 64.7400 63.8600 724.000000 0.000000 157.000000 52.000000
5.7100 64.7400 63.8600 737.000000 0.000000 157.000000 52.000000
5.7200 64.5000 63.8600 750.000000 0.000000 158.000000 52.000000
5.7300 64.2000 63.9200 761.000000 0.000000 158.000000 52.000000
5.7400 63.6300 64.0400 754.000000 0.000000 158.000000 52.000000
5.7500 63.0800 64.2000 730.000000 0.000000 159.000000 51.000000
5.7600 62.5700 64.3300 664.000000 0.000000 159.000000 51.000000
5.7700 62.2500 64.3900 536.000000 0.000000 159.000000 51.000000
5.7800 62.0400 64.2700 384.000000 0.000000 158.000000 51.000000
5.7900 61.9600 64.0400 146.000000 0.000000 158.000000 51.000000
5.8000 61.9600 64.0400 0.000000 1.000000 158.000000 51.000000
5.8100 61.9100 63.4900 0.000000 0.000000 157.000000 51.000000
5.8200 62.0000 63.4300 0.000000 0.000000 157.000000 51.000000
5.8300 62.1100 63.4900 0.000000 0.000000 157.000000 51.000000
5.8400 62.2500 63.6700 0.000000 0.000000 157.000000 51.000000
5.8500 62.4600 63.9400 0.000000 0.000000 157.000000 51.000000
5.8600 62.7100 64.2600 0.000000 0.000000 157.000000 51.000000
5.8700 63.0100 64.6600 0.000000 0.000000 157.000000 51.000000
5.8800 63.2300 65.0300 0.000000 0.000000 157.000000 51.000000
5.8900 63.3900 65.3500 0.000000 0.000000 157.000000 50.000000
5.9000 63.5600 65.5800 0.000000 0.000000 157.000000 50.000000
5.9100 63.5600 65.5800 312.000000 1.000000 157.000000 50.000000
5.9200 63.5600 65.5800 405.000000 0.000000 155.000000 50.000000
5.9300 63.5600 65.5800 422.000000 0.000000 157.000000 51.000000
5.9400 63.5600 65.5800 465.000000 0.000000 157.000000 51.000000
5.9500 63.4800 65.0000 551.000000 0.000000 156.000000 51.000000
5.9600 63.4800 64.5100 570.000000 0.000000 156.000000 51.000000
5.9700 63.4200 64.0800 561.000000 0.000000 156.000000 51.000000
5.9800 63.4200 63.7000 564.000000 0.000000 156.000000 51.000000
5.9900 63.4200 63.4400 530.000000 0.000000 156.000000 51.000000
6.0000 63.4200 63.3000 441.000000 0.000000 156.000000 51.000000
6.0100 63.4200 63.2300 335.000000 0.000000 156.000000 51.000000
6.0200 63.4900 63.2900 211.000000 0.000000 156.000000 51.000000
6.0300 63.6300 63.5000 105.000000 0.000000 156.000000 51.000000
6.0400 63.8600 63.8100 61.000000 0.000000 157.000000 51.000000
6.0500 64.0400 64.1400 165.000000 0.000000 157.000000 51.000000
6.0600 64.1600 64.4600 327.000000 0.000000 157.000000 51.000000
6.0700 64.2200 64.5700 442.000000 0.000000 156.000000 51.000000
6.0800 64.2200 64.5700 515.000000 0.000000 156.000000 51.000000
6.0900 64.1300 64.3400 564.000000 0.000000 156.000000 51.000000
6.1000 64.0600 64.0700 561.000000 0.000000 156.000000 51.000000
6.1100 64.0600 63.7400 540.000000 0.000000 156.000000 51.000000
6.1200 64.0600 63.4700 359.000000 0.000000 156.000000 51.000000
