0.0000 14.5200 11.7600 108.000000 1.000000 169.000000 50.000000
0.0100 13.9300 10.9600 181.000000 0.000000 169.000000 50.000000
0.0200 13.7400 10.7800 267.000000 0.000000 169.000000 51.000000
0.0300 13.6100 10.6000 351.000000 0.000000 168.000000 52.000000
0.0400 13.6100 10.6000 396.000000 0.000000 168.000000 53.000000
0.0500 13.6100 10.6500 422.000000 0.000000 168.000000 53.000000
0.0600 13.7500 10.7700 430.000000 0.000000 167.000000 54.000000
0.0700 13.9700 11.2300 449.000000 0.000000 167.000000 54.000000
0.0800 14.2800 11.9200 455.000000 0.000000 167.000000 54.000000
0.0900 14.6200 12.8600 480.000000 0.000000 166.000000 54.000000
0.1000 14.9300 13.8000 488.000000 0.000000 166.000000 54.000000
0.1100 15.1300 14.7500 493.000000 0.000000 166.000000 54.000000
0.1200 15.2700 15.6900 493.000000 0.000000 166.000000 54.000000
0.1300 15.2700 16.6000 501.000000 0.000000 166.000000 54.000000
0.1400 15.1700 16.8100 526.000000 0.000000 166.000000 53.000000
0.1500 15.0500 16.7000 535.000000 0.000000 166.000000 52.000000
0.1600 15.0500 16.3900 540.000000 0.000000 166.000000 51.000000
0.1700 15.0500 15.4800 540.000000 0.000000 166.000000 51.000000
0.1800 14.9800 14.5700 527.000000 0.000000 166.000000 51.000000
0.1900 15.1200 14.0500 526.000000 0.000000 166.000000 51.000000
0.2000 15.3600 13.7800 527.000000 0.000000 166.000000 51.000000
0.2100 15.7500 13.7800 541.000000 0.000000 166.000000 52.000000
0.2200 16.1900 14.0800 545.000000 0.000000 164.000000 53.000000
0.2300 16.5700 14.5700 563.000000 0.000000 162.000000 53.000000
0.2400 16.8900 15.1600 570.000000 0.000000 159.000000 53.000000
0.2500 17.0500 15.7600 572.000000 0.000000 156.000000 53.000000
0.2600 17.1200 16.3800 592.000000 0.000000 154.000000 52.000000
0.2700 17.1200 16.5500 603.000000 0.000000 152.000000 51.000000
0.2800 17.1200 16.4400 594.000000 0.000000 150.000000 50.000000
0.2900 17.0200 16.1500 597.000000 0.000000 149.000000 49.000000
0.3000 16.8700 15.4800 586.000000 0.000000 147.000000 48.000000
0.3100 16.6700 14.7200 564.000000 0.000000 147.000000 48.000000
0.3200 16.5000 13.9000 518.000000 0.000000 146.000000 48.000000
0.3300 16.4100 13.2900 399.000000 0.000000 146.000000 48.000000
0.3400 16.4100 12.7600 153.000000 0.000000 145.000000 48.000000
0.3500 16.4100 12.7600 0.000000 1.000000 145.000000 48.000000
0.3600 16.6800 12.0600 0.000000 0.000000 144.000000 49.000000
0.3700 16.8300 12.0600 0.000000 0.000000 144.000000 49.000000
0.3800 17.0200 12.3100 0.000000 0.000000 144.000000 49.000000
0.3900 17.2500 12.6900 0.000000 0.000000 144.000000 49.000000
0.4000 17.4900 13.1200 0.000000 0.000000 143.000000 49.000000
0.4100 17.7200 13.5900 0.000000 0.000000 143.000000 49.000000
0.4200 17.9300 13.9700 0.000000 0.000000 143.000000 49.000000
0.4300 17.9900 14.0200 0.000000 0.000000 144.000000 48.000000
0.4400 17.9900 14.0200 193.000000 1.000000 144.000000 48.000000
0.4500 17.7600 13.5100 272.000000 0.000000 145.000000 48.000000
0.4600 17.6200 13.1600 344.000000 0.000000 145.000000 48.000000
0.4700 17.6200 12.7900 422.000000 0.000000 144.000000 49.000000
0.4800 17.7000 12.5600 456.000000 0.000000 144.000000 49.000000
0.4900 17.7000 12.5600 468.000000 0.000000 144.000000 50.000000
0.5000 18.0100 12.4200 510.000000 0.000000 144.000000 50.000000
0.5100 18.2000 12.6000 522.000000 0.000000 143.000000 51.000000
0.5200 18.3900 12.8500 546.000000 0.000000 143.000000 51.000000
0.5300 18.4800 13.1700 556.000000 0.000000 142.000000 52.000000
0.5400 18.4800 13.4200 570.000000 0.000000 142.000000 52.000000
0.5500 18.5300 13.5700 569.000000 0.000000 142.000000 52.000000
0.5600 18.5300 13.5100 567.000000 0.000000 143.000000 52.000000
0.5700 18.5300 13.3200 533.000000 0.000000 143.000000 52.000000
0.5800 18.5300 13.0100 466.000000 0.000000 143.000000 52.000000
0.5900 18.6200 12.7500 312.000000 0.000000 143.000000 52.000000
0.6000 18.8300 12.5200 134.000000 0.000000 143.000000 52.000000
0.6100 18.8300 12.5200 0.000000 1.000000 143.000000 52.000000
0.6200 19.4600 12.7300 0.000000 0.000000 143.000000 52.000000
0.6300 19.7700 13.0900 0.000000 0.000000 143.000000 52.000000
0.6400 19.9800 13.6000 0.000000 0.000000 143.000000 52.000000
0.6500 20.1100 14.2400 0.000000 0.000000 143.000000 52.000000
0.6600 20.2300 14.9700 0.000000 0.000000 143.000000 52.000000
0.6700 20.3200 15.8000 0.000000 0.000000 144.000000 51.000000
0.6800 20.4000 16.7600 0.000000 0.000000 144.000000 51.000000
0.6900 20.5100 17.8200 0.000000 0.000000 144.000000 51.000000
0.7000 20.5100 17.8200 141.000000 1.000000 144.000000 51.000000
0.7100 20.6500 18.0900 183.000000 0.000000 144.000000 51.000000
0.7200 20.4800 17.6400 247.000000 0.000000 144.000000 51.000000
0.7300 20.3100 16.6400 307.000000 0.000000 144.000000 51.000000
0.7400 20.1000 15.6300 379.000000 0.000000 145.000000 53.000000
0.7500 19.8600 14.6300 391.000000 0.000000 145.000000 53.000000
0.7600 19.8000 13.8000 391.000000 0.000000 145.000000 53.000000
0.7700 19.8000 13.0600 361.000000 0.000000 145.000000 53.000000
0.7800 19.8000 12.7800 315.000000 0.000000 145.000000 53.000000
0.7900 19.8600 12.7100 275.000000 0.000000 145.000000 53.000000
0.8000 19.8600 12.7800 160.000000 0.000000 145.000000 53.000000
0.8100 19.8600 13.0100 80.000000 0.000000 145.000000 53.000000
0.8200 19.8600 13.3400 25.000000 0.000000 145.000000 53.000000
0.8300 19.7700 13.7500 32.000000 0.000000 145.000000 53.000000
0.8400 19.7200 14.0700 81.000000 0.000000 145.000000 53.000000
0.8500 19.7200 14.3300 132.000000 0.000000 145.000000 53.000000
0.8600 19.7900 14.4100 183.000000 0.000000 145.000000 53.000000
0.8700 19.9100 14.4100 284.000000 0.000000 145.000000 53.000000
0.8800 20.0600 14.1800 334.000000 0.000000 145.000000 53.000000
0.8900 20.2300 13.9400 381.000000 0.000000 147.000000 52.000000
0.9000 20.4100 13.6700 394.000000 0.000000 147.000000 52.000000
0.9100 20.5000 13.4100 405.000000 0.000000 147.000000 52.000000
0.9200 20.5000 13.1600 398.000000 0.000000 146.000000 53.000000
0.9300 20.5900 12.9800 338.000000 0.000000 146.000000 53.000000
0.9400 20.5900 12.8400 232.000000 0.000000 146.000000 53.000000
0.9500 20.5900 12.8400 0.000000 1.000000 146.000000 53.000000
0.9600 20.5900 12.7400 0.000000 0.000000 146.000000 53.000000
0.9700 20.5900 12.9200 0.000000 0.000000 146.000000 53.000000
0.9800 20.6700 13.2100 0.000000 0.000000 146.000000 53.000000
0.9900 20.7500 13.5900 0.000000 0.000000 146.000000 53.000000
1.0000 20.8500 14.0300 0.000000 0.000000 146.000000 53.000000
1.0100 20.8500 14.5200 0.000000 0.000000 147.000000 52.000000
1.0200 20.9000 15.0000 0.000000 0.000000 148.000000 51.000000
1.0300 20.9000 15.2200 0.000000 0.000000 148.000000 51.000000
1.0400 20.9000 15.2200 223.000000 1.000000 149.000000 51.000000
1.0500 20.9000 15.2200 214.000000 0.000000 149.000000 51.000000
1.0600 20.5100 15.2200 186.000000 0.000000 149.000000 51.000000
1.0700 20.5100 15.2200 83.000000 0.000000 149.000000 51.000000
1.0800 20.5100 15.2200 0.000000 1.000000 149.000000 51.000000
1.0900 20.7000 15.2400 0.000000 0.000000 149.000000 51.000000
1.1000 20.8700 15.3500 0.000000 0.000000 149.000000 51.000000
1.1100 21.0800 15.3500 0.000000 0.000000 149.000000 51.000000
1.1200 21.3000 15.2400 0.000000 0.000000 149.000000 51.000000
1.1300 21.4200 14.9600 0.000000 0.000000 149.000000 51.000000
1.1400 21.4800 14.4400 0.000000 0.000000 149.000000 51.000000
1.1500 21.4300 13.9100 0.000000 0.000000 150.000000 50.000000
1.1600 21.4300 13.9100 108.000000 1.000000 149.000000 51.000000
1.1700 21.3300 13.1000 240.000000 0.000000 149.000000 51.000000
1.1800 21.3300 13.0000 315.000000 0.000000 150.000000 51.000000
1.1900 21.4200 13.0800 405.000000 0.000000 149.000000 52.000000
1.2000 21.5300 13.3300 439.000000 0.000000 148.000000 53.000000
1.2100 21.7600 13.6900 455.000000 0.000000 147.000000 53.000000
1.2200 22.0700 14.2700 458.000000 0.000000 147.000000 53.000000
1.2300 22.3100 14.9000 453.000000 0.000000 147.000000 53.000000
1.2400 22.3700 15.5600 427.000000 0.000000 147.000000 53.000000
1.2500 22.3000 16.1600 418.000000 0.000000 147.000000 53.000000
1.2600 22.2000 16.7100 423.000000 0.000000 147.000000 53.000000
1.2700 22.0500 16.9900 431.000000 0.000000 147.000000 53.000000
1.2800 21.8600 17.1000 440.000000 0.000000 147.000000 53.000000
1.2900 21.7200 16.7800 453.000000 0.000000 147.000000 53.000000
1.3000 21.5700 16.1000 468.000000 0.000000 147.000000 53.000000
1.3100 21.4500 15.1800 475.000000 0.000000 148.000000 53.000000
1.3200 21.3900 14.2500 481.000000 0.000000 147.000000 53.000000
1.3300 21.3900 13.3600 473.000000 0.000000 146.000000 53.000000
1.3400 21.5000 12.7300 473.000000 0.000000 147.000000 53.000000
1.3500 21.7300 12.2600 478.000000 0.000000 147.000000 53.000000
1.3600 22.0500 11.9700 483.000000 0.000000 147.000000 53.000000
1.3700 22.3600 11.9000 510.000000 0.000000 146.000000 54.000000
1.3800 22.6000 11.9800 527.000000 0.000000 146.000000 54.000000
1.3900 22.7800 12.2500 540.000000 0.000000 147.000000 55.000000
1.4000 23.0100 12.6000 553.000000 0.000000 147.000000 55.000000
1.4100 23.1500 13.0000 559.000000 0.000000 146.000000 55.000000
1.4200 23.2200 13.3800 578.000000 0.000000 146.000000 55.000000
1.4300 23.2200 13.5500 586.000000 0.000000 146.000000 55.000000
1.4400 23.0800 13.5500 580.000000 0.000000 146.000000 55.000000
1.4500 22.8900 13.5500 539.000000 0.000000 146.000000 55.000000
1.4600 22.5400 13.2900 460.000000 0.000000 146.000000 55.000000
1.4700 22.1900 12.9700 337.000000 0.000000 146.000000 55.000000
1.4800 22.0100 12.7600 68.000000 0.000000 146.000000 55.000000
1.4900 22.0100 12.7600 0.000000 1.000000 146.000000 55.000000
1.5000 22.0200 12.5700 0.000000 0.000000 146.000000 55.000000
1.5100 22.1300 12.7100 0.000000 0.000000 147.000000 55.000000
1.5200 22.3000 12.9700 0.000000 0.000000 147.000000 55.000000
1.5300 22.4800 13.3100 0.000000 0.000000 147.000000 55.000000
1.5400 22.6200 13.8100 0.000000 0.000000 147.000000 55.000000
1.5500 22.7600 14.4500 0.000000 0.000000 148.000000 54.000000
1.5600 22.8800 15.1800 0.000000 0.000000 148.000000 54.000000
1.5700 23.1200 15.9900 0.000000 0.000000 149.000000 53.000000
1.5800 23.1200 15.9900 179.000000 1.000000 150.000000 52.000000
1.5900 23.4500 16.7600 237.000000 0.000000 150.000000 52.000000
1.6000 23.4500 16.6900 291.000000 0.000000 149.000000 52.000000
1.6100 23.4500 16.2900 417.000000 0.000000 150.000000 51.000000
1.6200 23.3300 15.6800 494.000000 0.000000 150.000000 51.000000
1.6300 23.1700 14.9300 529.000000 0.000000 149.000000 52.000000
1.6400 23.0300 14.1600 540.000000 0.000000 149.000000 52.000000
1.6500 22.9500 13.5200 544.000000 0.000000 149.000000 52.000000
1.6600 22.9500 12.9700 538.000000 0.000000 148.000000 53.000000
1.6700 23.1300 12.5600 535.000000 0.000000 147.000000 53.000000
1.6800 23.3500 12.3300 518.000000 0.000000 146.000000 54.000000
1.6900 23.6000 12.2300 518.000000 0.000000 146.000000 54.000000
1.7000 23.8700 12.2300 521.000000 0.000000 146.000000 55.000000
1.7100 24.1300 12.3800 526.000000 0.000000 146.000000 55.000000
1.7200 24.3400 12.6000 535.000000 0.000000 146.000000 55.000000
1.7300 24.5000 12.9700 540.000000 0.000000 145.000000 56.000000
1.7400 24.5000 13.3300 539.000000 0.000000 145.000000 56.000000
1.7500 24.5000 13.6400 562.000000 0.000000 145.000000 56.000000
1.7600 24.4100 13.8600 588.000000 0.000000 145.000000 56.000000
1.7700 24.1800 13.8600 620.000000 0.000000 145.000000 56.000000
1.7800 24.0100 13.6900 619.000000 0.000000 145.000000 56.000000
1.7900 23.8400 13.3200 614.000000 0.000000 146.000000 55.000000
1.8000 23.6700 12.9900 595.000000 0.000000 146.000000 55.000000
1.8100 23.7500 12.7000 556.000000 0.000000 146.000000 55.000000
1.8200 23.8500 12.5200 491.000000 0.000000 145.000000 56.000000
1.8300 24.0200 12.4200 366.000000 0.000000 145.000000 56.000000
1.8400 24.2800 12.3700 180.000000 0.000000 145.000000 56.000000
1.8500 24.6300 12.3700 6.000000 1.000000 145.000000 56.000000
1.8600 24.6300 12.3700 0.000000 0.000000 145.000000 56.000000
1.8700 25.4000 12.4700 0.000000 0.000000 147.000000 56.000000
1.8800 25.8000 12.5800 0.000000 0.000000 147.000000 56.000000
1.8900 26.3700 12.7200 0.000000 0.000000 147.000000 56.000000
1.9000 27.0800 12.8700 0.000000 0.000000 147.000000 56.000000
1.9100 27.8700 13.1100 0.000000 0.000000 148.000000 56.000000
1.9200 28.7000 13.3700 0.000000 0.000000 148.000000 56.000000
1.9300 29.3100 13.6400 0.000000 0.000000 149.000000 55.000000
1.9400 29.7600 13.7600 0.000000 0.000000 149.000000 55.000000
1.9500 29.7600 13.6700 0.000000 0.000000 147.000000 55.000000
1.9600 29.6100 13.4400 0.000000 0.000000 148.000000 54.000000
1.9700 29.2800 13.0600 0.000000 0.000000 147.000000 53.000000
1.9800 29.2800 13.0600 206.000000 1.000000 146.000000 54.000000
1.9900 28.8200 12.3700 291.000000 0.000000 146.000000 54.000000
2.0000 28.6700 12.1600 346.000000 0.000000 146.000000 54.000000
2.0100 28.6700 11.9300 414.000000 0.000000 144.000000 54.000000
2.0200 28.6700 11.8700 453.000000 0.000000 143.000000 55.000000
2.0300 28.7300 11.9300 486.000000 0.000000 141.000000 56.000000
2.0400 28.8700 12.0600 502.000000 0.000000 141.000000 56.000000
2.0500 29.0800 12.4500 507.000000 0.000000 141.000000 56.000000
2.0600 29.3700 13.0100 510.000000 0.000000 141.000000 56.000000
2.0700 29.6500 13.6300 512.000000 0.000000 141.000000 56.000000
2.0800 29.7900 14.2400 501.000000 0.000000 141.000000 56.000000
2.0900 29.8600 14.8300 494.000000 0.000000 141.000000 56.000000
2.1000 29.8600 15.4900 473.000000 0.000000 141.000000 56.000000
2.1100 29.8600 16.2100 490.000000 0.000000 141.000000 56.000000
2.1200 29.9200 16.6800 488.000000 0.000000 143.000000 55.000000
2.1300 29.8600 16.7400 492.000000 0.000000 144.000000 54.000000
2.1400 29.8100 16.5200 501.000000 0.000000 145.000000 54.000000
2.1500 29.8100 16.0600 514.000000 0.000000 145.000000 54.000000
2.1600 29.7100 15.4700 520.000000 0.000000 145.000000 54.000000
2.1700 29.7600 14.7900 517.000000 0.000000 146.000000 53.000000
2.1800 29.8900 14.4100 517.000000 0.000000 145.000000 54.000000
2.1900 30.1000 14.2700 520.000000 0.000000 145.000000 54.000000
2.2000 30.3200 14.2700 521.000000 0.000000 144.000000 54.000000
2.2100 30.5400 14.4400 529.000000 0.000000 144.000000 54.000000
2.2200 30.7500 14.7300 535.000000 0.000000 143.000000 55.000000
2.2300 30.9300 15.1300 537.000000 0.000000 144.000000 56.000000
2.2400 31.0200 15.4600 544.000000 0.000000 144.000000 56.000000
2.2500 31.0200 15.7500 537.000000 0.000000 144.000000 56.000000
2.2600 31.0200 15.8400 535.000000 0.000000 144.000000 56.000000
2.2700 30.9400 15.8400 537.000000 0.000000 144.000000 56.000000
2.2800 30.8600 15.5300 538.000000 0.000000 144.000000 56.000000
2.2900 30.6900 14.9800 538.000000 0.000000 145.000000 55.000000
2.3000 30.5500 14.2600 537.000000 0.000000 145.000000 55.000000
2.3100 30.4800 13.7100 538.000000 0.000000 144.000000 56.000000
2.3200 30.4800 13.1600 537.000000 0.000000 144.000000 56.000000
2.3300 30.6000 12.8000 538.000000 0.000000 144.000000 56.000000
2.3400 30.8000 12.5700 537.000000 0.000000 143.000000 56.000000
2.3500 30.9700 12.4900 537.000000 0.000000 143.000000 56.000000
2.3600 31.1700 12.5800 538.000000 0.000000 142.000000 57.000000
2.3700 31.4300 12.7800 538.000000 0.000000 142.000000 57.000000
2.3800 31.6600 12.9800 540.000000 0.000000 143.000000 57.000000
2.3900 31.8500 13.2100 537.000000 0.000000 143.000000 57.000000
2.4000 31.9100 13.4600 529.000000 0.000000 143.000000 57.000000
2.4100 31.9100 13.5900 518.000000 0.000000 143.000000 57.000000
2.4200 31.8300 13.6800 501.000000 0.000000 143.000000 57.000000
2.4300 31.6400 13.6800 453.000000 0.000000 144.000000 58.000000
2.4400 31.4500 13.6800 356.000000 0.000000 144.000000 58.000000
2.4500 31.2600 13.5700 112.000000 0.000000 144.000000 58.000000
2.4600 31.2600 13.5700 0.000000 1.000000 144.000000 58.000000
2.4700 31.2600 13.5700 0.000000 0.000000 143.000000 57.000000
2.4800 31.4300 13.7100 0.000000 0.000000 143.000000 57.000000
2.4900 31.6400 13.8500 0.000000 0.000000 143.000000 57.000000
2.5000 31.8800 13.9500 0.000000 0.000000 144.000000 57.000000
2.5100 32.0900 13.9500 0.000000 0.000000 144.000000 57.000000
2.5200 32.2300 13.8500 0.000000 0.000000 144.000000 57.000000
2.5300 32.3200 13.6700 0.000000 0.000000 147.000000 56.000000
2.5400 32.3200 13.6700 134.000000 1.000000 147.000000 56.000000
2.5500 32.3900 13.0200 292.000000 0.000000 146.000000 57.000000
2.5600 32.3900 12.7500 317.000000 0.000000 147.000000 58.000000
2.5700 32.4800 12.4800 366.000000 0.000000 147.000000 58.000000
2.5800 32.4800 12.4800 393.000000 0.000000 146.000000 58.000000
2.5900 32.4800 12.4800 402.000000 0.000000 145.000000 59.000000
2.6000 32.4800 12.4800 430.000000 0.000000 145.000000 59.000000
2.6100 32.4800 12.4800 485.000000 0.000000 144.000000 60.000000
2.6200 32.4800 12.4800 499.000000 0.000000 144.000000 60.000000
2.6300 32.4800 12.4800 509.000000 0.000000 144.000000 60.000000
2.6400 32.7200 12.8100 526.000000 0.000000 144.000000 60.000000
2.6500 32.7700 13.0600 546.000000 0.000000 144.000000 60.000000
2.6600 32.8500 13.2100 551.000000 0.000000 144.000000 60.000000
2.6700 32.9600 13.3400 554.000000 0.000000 144.000000 60.000000
2.6800 33.0800 13.4000 561.000000 0.000000 144.000000 60.000000
2.6900 33.2000 13.4500 567.000000 0.000000 144.000000 60.000000
2.7000 33.4500 13.5000 561.000000 0.000000 144.000000 60.000000
2.7100 33.7800 13.5000 563.000000 0.000000 144.000000 60.000000
2.7200 34.0500 13.5600 570.000000 0.000000 144.000000 60.000000
2.7300 34.3300 13.6600 580.000000 0.000000 144.000000 60.000000
2.7400 34.5900 13.8100 588.000000 0.000000 144.000000 60.000000
2.7500 34.7000 13.9900 586.000000 0.000000 144.000000 60.000000
2.7600 34.7000 14.1400 586.000000 0.000000 144.000000 60.000000
2.7700 34.7000 14.2300 594.000000 0.000000 144.000000 60.000000
2.7800 34.5000 14.2300 585.000000 0.000000 144.000000 60.000000
2.7900 34.2100 14.1000 586.000000 0.000000 144.000000 60.000000
2.8000 33.9900 13.7900 581.000000 0.000000 144.000000 60.000000
2.8100 33.8400 13.4700 566.000000 0.000000 144.000000 60.000000
2.8200 33.7300 13.2400 530.000000 0.000000 142.000000 61.000000
2.8300 33.8200 13.0700 491.000000 0.000000 142.000000 61.000000
2.8400 33.9400 12.9400 294.000000 0.000000 142.000000 61.000000
2.8500 34.2200 12.9400 98.000000 0.000000 142.000000 61.000000
2.8600 34.2200 12.9400 0.000000 1.000000 141.000000 61.000000
2.8700 34.9500 13.1200 0.000000 0.000000 141.000000 61.000000
2.8800 35.2100 13.3200 0.000000 0.000000 141.000000 61.000000
2.8900 35.4100 13.5600 0.000000 0.000000 141.000000 61.000000
2.9000 35.6000 13.7300 0.000000 0.000000 141.000000 61.000000
2.9100 35.6700 13.9000 0.000000 0.000000 144.000000 61.000000
2.9200 35.6700 13.9000 137.000000 1.000000 144.000000 61.000000
2.9300 35.6700 13.9000 215.000000 0.000000 144.000000 61.000000
2.9400 35.6700 13.9000 304.000000 0.000000 145.000000 60.000000
2.9500 35.4500 13.5200 369.000000 0.000000 145.000000 60.000000
2.9600 35.4500 13.3700 397.000000 0.000000 144.000000 61.000000
2.9700 35.4500 13.2800 433.000000 0.000000 144.000000 61.000000
2.9800 35.6100 13.2200 460.000000 0.000000 142.000000 61.000000
2.9900 35.7600 13.2200 470.000000 0.000000 141.000000 61.000000
3.0000 35.9800 13.3800 477.000000 0.000000 141.000000 61.000000
3.0100 36.1300 13.5400 493.000000 0.000000 140.000000 62.000000
3.0200 36.2200 13.7100 480.000000 0.000000 140.000000 62.000000
3.0300 36.3100 13.8400 477.000000 0.000000 140.000000 62.000000
3.0400 36.3100 13.9000 475.000000 0.000000 140.000000 62.000000
3.0500 36.2500 13.8400 475.000000 0.000000 140.000000 62.000000
3.0600 36.2500 13.6600 475.000000 0.000000 143.000000 62.000000
3.0700 36.2500 13.4000 468.000000 0.000000 143.000000 62.000000
3.0800 36.3800 13.1800 445.000000 0.000000 143.000000 62.000000
3.0900 36.5700 13.0700 443.000000 0.000000 141.000000 63.000000
3.1000 36.8200 13.0700 414.000000 0.000000 141.000000 63.000000
3.1100 37.1300 13.1200 422.000000 0.000000 141.000000 63.000000
3.1200 37.4500 13.2800 412.000000 0.000000 141.000000 63.000000
3.1300 37.7000 13.4800 379.000000 0.000000 140.000000 62.000000
3.1400 37.8900 13.6900 305.000000 0.000000 138.000000 61.000000
3.1500 37.9900 13.8400 272.000000 0.000000 136.000000 61.000000
3.1600 38.0400 13.8900 279.000000 0.000000 135.000000 60.000000
3.1700 38.0400 13.7900 274.000000 0.000000 135.000000 60.000000
3.1800 38.0400 13.5900 292.000000 0.000000 134.000000 60.000000
3.1900 38.0400 13.3200 317.000000 0.000000 132.000000 59.000000
3.2000 38.1200 13.0700 337.000000 0.000000 132.000000 59.000000
3.2100 38.2500 12.9100 363.000000 0.000000 131.000000 58.000000
3.2200 38.4000 12.8100 412.000000 0.000000 131.000000 58.000000
3.2300 38.5500 12.8100 430.000000 0.000000 131.000000 58.000000
3.2400 38.7200 12.8700 449.000000 0.000000 131.000000 58.000000
3.2500 38.9000 13.0200 460.000000 0.000000 129.000000 59.000000
3.2600 39.0500 13.2700 473.000000 0.000000 131.000000 60.000000
3.2700 39.0500 13.5000 485.000000 0.000000 131.000000 60.000000
3.2800 39.0500 13.6800 465.000000 0.000000 131.000000 60.000000
3.2900 38.8900 13.7900 468.000000 0.000000 131.000000 60.000000
3.3000 38.6300 13.7900 439.000000 0.000000 131.000000 60.000000
3.3100 38.3200 13.7900 398.000000 0.000000 132.000000 59.000000
3.3200 38.0300 13.6100 249.000000 0.000000 132.000000 59.000000
3.3300 37.9300 13.3900 1.000000 1.000000 132.000000 59.000000
3.3400 37.9300 13.3900 0.000000 0.000000 132.000000 59.000000
3.3500 38.0900 13.2400 0.000000 0.000000 132.000000 59.000000
3.3600 38.2700 13.2400 0.000000 0.000000 132.000000 59.000000
3.3700 38.5400 13.3800 0.000000 0.000000 131.000000 58.000000
3.3800 38.8500 13.5300 0.000000 0.000000 134.000000 58.000000
3.3900 39.1800 13.7000 0.000000 0.000000 135.000000 58.000000
3.4000 39.4600 13.8400 0.000000 0.000000 135.000000 58.000000
3.4100 39.7000 13.9600 0.000000 0.000000 136.000000 57.000000
3.4200 39.9100 14.0200 0.000000 0.000000 139.000000 57.000000
3.4300 40.0800 14.0200 0.000000 0.000000 140.000000 56.000000
3.4400 40.2300 14.0200 0.000000 0.000000 141.000000 56.000000
3.4500 40.3800 14.0700 0.000000 0.000000 143.000000 56.000000
3.4600 40.4300 14.0700 0.000000 0.000000 143.000000 56.000000
3.4700 40.4300 13.9900 0.000000 0.000000 143.000000 56.000000
3.4800 40.3300 13.8600 0.000000 0.000000 141.000000 56.000000
3.4900 40.2500 13.6600 0.000000 0.000000 140.000000 56.000000
3.5000 40.2500 13.6600 173.000000 1.000000 139.000000 57.000000
3.5100 40.1000 13.3200 277.000000 0.000000 138.000000 58.000000
3.5200 40.1000 13.2200 346.000000 0.000000 138.000000 58.000000
3.5300 40.1000 13.1200 377.000000 0.000000 136.000000 58.000000
3.5400 40.2300 13.1200 412.000000 0.000000 135.000000 59.000000
3.5500 40.4000 13.1200 415.000000 0.000000 134.000000 60.000000
3.5600 40.6500 13.2000 440.000000 0.000000 134.000000 60.000000
3.5700 40.9600 13.4000 460.000000 0.000000 134.000000 60.000000
3.5800 41.2600 13.6600 474.000000 0.000000 134.000000 60.000000
3.5900 41.5500 13.9600 467.000000 0.000000 135.000000 60.000000
3.6000 41.7600 14.3000 472.000000 0.000000 135.000000 60.000000
3.6100 41.8500 14.6800 472.000000 0.000000 135.000000 60.000000
3.6200 41.8500 15.1800 468.000000 0.000000 135.000000 60.000000
3.6300 41.7500 15.8100 467.000000 0.000000 136.000000 60.000000
3.6400 41.5100 16.5300 473.000000 0.000000 138.000000 59.000000
3.6500 41.1700 17.3400 473.000000 0.000000 141.000000 59.000000
3.6600 40.6500 18.0900 475.000000 0.000000 142.000000 58.000000
3.6700 39.9200 18.8000 472.000000 0.000000 143.000000 57.000000
3.6800 39.0400 19.3600 465.000000 0.000000 144.000000 57.000000
3.6900 37.8500 19.6900 465.000000 0.000000 145.000000 56.000000
3.7000 36.2300 19.8600 452.000000 0.000000 145.000000 56.000000
3.7100 34.3100 19.8600 439.000000 0.000000 145.000000 56.000000
3.7200 32.1700 19.8600 422.000000 0.000000 146.000000 55.000000
3.7300 29.7900 19.5700 423.000000 0.000000 146.000000 55.000000
3.7400 27.2400 19.2100 414.000000 0.000000 146.000000 55.000000
3.7500 24.8100 18.8100 418.000000 0.000000 146.000000 55.000000
3.7600 22.5900 18.1900 418.000000 0.000000 146.000000 55.000000
3.7700 20.5000 17.4200 425.000000 0.000000 146.000000 55.000000
3.7800 18.4900 16.1600 423.000000 0.000000 146.000000 54.000000
3.7900 16.8300 14.8800 423.000000 0.000000 148.000000 54.000000
3.8000 15.3900 13.8100 422.000000 0.000000 148.000000 54.000000
3.8100 14.7200 12.8800 415.000000 0.000000 152.000000 54.000000
3.8200 14.5400 12.2000 422.000000 0.000000 155.000000 54.000000
3.8300 14.6800 11.7400 425.000000 0.000000 158.000000 54.000000
3.8400 15.2300 11.4200 414.000000 0.000000 161.000000 55.000000
3.8500 16.2200 11.1400 422.000000 0.000000 163.000000 55.000000
3.8600 17.4900 10.8700 433.000000 0.000000 164.000000 55.000000
3.8700 18.9700 10.6000 442.000000 0.000000 163.000000 55.000000
3.8800 20.6500 10.3000 464.000000 0.000000 160.000000 55.000000
3.8900 22.4700 10.0600 465.000000 0.000000 159.000000 55.000000
3.9000 24.2400 9.8500 475.000000 0.000000 156.000000 55.000000
3.9100 26.0300 9.9000 486.000000 0.000000 154.000000 55.000000
3.9200 27.6600 10.1200 486.000000 0.000000 151.000000 54.000000
3.9300 29.1700 10.4600 477.000000 0.000000 150.000000 55.000000
3.9400 30.3300 10.8000 461.000000 0.000000 148.000000 56.000000
3.9500 31.0400 11.1500 443.000000 0.000000 147.000000 56.000000
3.9600 31.4400 11.5600 389.000000 0.000000 147.000000 56.000000
3.9700 31.2800 12.0100 358.000000 0.000000 146.000000 57.000000
3.9800 30.7700 12.4800 334.000000 0.000000 146.000000 57.000000
3.9900 30.0300 12.9400 335.000000 0.000000 146.000000 57.000000
4.0000 29.0600 13.0700 334.000000 0.000000 146.000000 57.000000
4.0100 27.8300 12.9900 396.000000 0.000000 144.000000 57.000000
4.0200 26.4200 12.4400 445.000000 0.000000 144.000000 57.000000
4.0300 24.9000 11.7200 520.000000 0.000000 144.000000 57.000000
4.0400 24.1200 10.8800 515.000000 0.000000 147.000000 56.000000
4.0500 23.8300 10.4300 522.000000 0.000000 147.000000 56.000000
4.0600 24.1700 9.9700 519.000000 0.000000 147.000000 56.000000
4.0700 24.9500 9.6700 527.000000 0.000000 149.000000 56.000000
4.0800 26.0300 9.4900 518.000000 0.000000 149.000000 56.000000
4.0900 27.4400 9.4900 505.000000 0.000000 151.000000 56.000000
4.1000 28.7200 9.5600 440.000000 0.000000 151.000000 56.000000
4.1100 29.9200 9.7000 292.000000 0.000000 151.000000 56.000000
4.1200 29.9200 9.7000 0.000000 1.000000 151.000000 56.000000
4.1300 31.7800 9.8400 0.000000 0.000000 149.000000 56.000000
4.1400 32.3600 9.9100 0.000000 0.000000 148.000000 57.000000
4.1500 32.6300 10.0300 0.000000 0.000000 148.000000 57.000000
4.1600 32.7000 10.1800 0.000000 0.000000 148.000000 57.000000
4.1700 32.6300 10.3300 0.000000 0.000000 150.000000 57.000000
4.1800 32.4200 10.4900 0.000000 0.000000 150.000000 57.000000
4.1900 31.9900 10.6500 0.000000 0.000000 150.000000 57.000000
4.2000 31.4000 10.8100 0.000000 0.000000 151.000000 56.000000
4.2100 30.6200 10.9600 0.000000 0.000000 151.000000 56.000000
4.2200 29.8600 11.0700 0.000000 0.000000 150.000000 55.000000
4.2300 29.1100 11.1300 0.000000 0.000000 150.000000 55.000000
4.2400 28.6700 11.1300 0.000000 0.000000 150.000000 54.000000
4.2500 28.2800 11.1900 0.000000 0.000000 148.000000 54.000000
4.2600 28.0100 11.1900 0.000000 0.000000 148.000000 54.000000
4.2700 28.0100 11.1900 0.000000 0.000000 149.000000 53.000000
4.2800 27.7400 11.1200 0.000000 0.000000 148.000000 53.000000
4.2900 27.7400 11.1200 251.000000 1.000000 148.000000 53.000000
4.3000 27.6600 10.7500 377.000000 0.000000 147.000000 53.000000
4.3100 27.5100 10.4800 367.000000 0.000000 147.000000 53.000000
4.3200 27.3000 10.0300 369.000000 0.000000 147.000000 53.000000
4.3300 27.1400 9.7100 344.000000 0.000000 146.000000 54.000000
4.3400 26.9800 9.4900 228.000000 0.000000 146.000000 54.000000
4.3500 26.9800 9.3700 24.000000 0.000000 146.000000 54.000000
4.3600 26.9800 9.3700 0.000000 1.000000 146.000000 54.000000
4.3700 27.3200 9.4500 0.000000 0.000000 145.000000 54.000000
4.3800 27.5600 9.6800 0.000000 0.000000 145.000000 54.000000
4.3900 27.8200 9.9700 0.000000 0.000000 145.000000 54.000000
4.4000 28.1000 10.3100 0.000000 0.000000 145.000000 54.000000
4.4100 28.3100 10.5900 0.000000 0.000000 144.000000 54.000000
4.4200 28.3100 10.5900 374.000000 1.000000 144.000000 54.000000
4.4300 28.3100 10.5900 431.000000 0.000000 145.000000 55.000000
4.4400 28.3100 10.5900 475.000000 0.000000 145.000000 55.000000
4.4500 28.2500 10.3300 510.000000 0.000000 145.000000 55.000000
4.4600 28.0600 10.0500 499.000000 0.000000 145.000000 55.000000
4.4700 27.8700 9.7100 335.000000 0.000000 145.000000 55.000000
