0.0000 49.0300 77.2500 27.000000 1.000000 195.000000 61.000000
0.0100 49.0300 77.2500 180.000000 0.000000 195.000000 61.000000
0.0200 49.0300 77.2500 269.000000 0.000000 195.000000 62.000000
0.0300 49.0300 77.2500 349.000000 0.000000 195.000000 62.000000
0.0400 49.0300 77.2500 422.000000 0.000000 197.000000 62.000000
0.0500 49.0300 77.2500 466.000000 0.000000 198.000000 63.000000
0.0600 49.0300 77.2500 497.000000 0.000000 198.000000 63.000000
0.0700 49.0300 77.2500 533.000000 0.000000 198.000000 63.000000
0.0800 49.0300 77.2500 569.000000 0.000000 198.000000 63.000000
0.0900 49.0300 77.2500 616.000000 0.000000 196.000000 63.000000
0.1000 49.0300 77.2500 655.000000 0.000000 196.000000 63.000000
0.1100 49.0300 77.2500 699.000000 0.000000 196.000000 63.000000
0.1200 49.0300 77.2500 722.000000 0.000000 196.000000 63.000000
0.1300 49.0300 77.2500 761.000000 0.000000 196.000000 63.000000
0.1400 49.0300 77.2500 773.000000 0.000000 196.000000 63.000000
0.1500 49.0300 77.2500 796.000000 0.000000 196.000000 63.000000
0.1600 49.0300 77.2500 796.000000 0.000000 196.000000 63.000000
0.1700 49.0300 77.2500 805.000000 0.000000 196.000000 63.000000
0.1800 49.0300 77.2500 815.000000 0.000000 196.000000 63.000000
0.1900 49.0300 77.2500 824.000000 0.000000 196.000000 63.000000
0.2000 49.0300 77.2500 822.000000 0.000000 196.000000 63.000000
0.2100 49.0300 77.2500 834.000000 0.000000 196.000000 63.000000
0.2200 49.0300 77.2500 851.000000 0.000000 196.000000 63.000000
0.2300 49.0300 77.2500 855.000000 0.000000 196.000000 63.000000
0.2400 49.0300 77.2500 876.000000 0.000000 196.000000 63.000000
0.2500 49.0300 77.2500 899.000000 0.000000 196.000000 63.000000
0.2600 49.0300 77.2500 896.000000 0.000000 196.000000 63.000000
0.2700 49.0300 77.2500 908.000000 0.000000 196.000000 63.000000
0.2800 49.0300 77.2500 924.000000 0.000000 196.000000 63.000000
0.2900 49.0300 77.2500 935.000000 0.000000 196.000000 63.000000
0.3000 49.0300 77.2500 939.000000 0.000000 196.000000 63.000000
0.3100 49.0300 77.2500 948.000000 0.000000 196.000000 63.000000
0.3200 49.0300 77.2500 940.000000 0.000000 196.000000 63.000000
0.3300 49.0300 77.2500 946.000000 0.000000 196.000000 63.000000
0.3400 49.0300 77.2500 958.000000 0.000000 196.000000 63.000000
0.3500 49.0300 77.2500 973.000000 0.000000 196.000000 63.000000
0.3600 49.0300 77.2500 985.000000 0.000000 196.000000 63.000000
0.3700 49.0300 77.2500 978.000000 0.000000 196.000000 63.000000
0.3800 49.0300 77.2500 991.000000 0.000000 196.000000 63.000000
0.3900 49.0300 77.2500 1005.000000 0.000000 196.000000 63.000000
0.4000 49.0300 77.2500 1015.000000 0.000000 196.000000 63.000000
0.4100 49.2500 77.5400 1015.000000 0.000000 196.000000 63.000000
0.4200 49.3200 77.6500 1009.000000 0.000000 196.000000 63.000000
0.4300 49.3900 77.8900 1018.000000 0.000000 196.000000 63.000000
0.4400 49.4400 78.1200 1012.000000 0.000000 196.000000 63.000000
0.4500 49.4400 78.3400 1014.000000 0.000000 196.000000 63.000000
0.4600 49.5200 78.7300 1009.000000 0.000000 196.000000 63.000000
0.4700 49.6100 79.2400 1006.000000 0.000000 196.000000 63.000000
0.4800 49.6100 79.6800 1006.000000 0.000000 196.000000 63.000000
0.4900 49.6100 80.1100 999.000000 0.000000 197.000000 62.000000
0.5000 49.6800 80.6300 990.000000 0.000000 197.000000 62.000000
0.5100 49.7300 81.2000 988.000000 0.000000 197.000000 62.000000
0.5200 49.7300 81.7500 988.000000 0.000000 197.000000 62.000000
0.5300 49.7300 82.2600 985.000000 0.000000 198.000000 61.000000
0.5400 49.6800 82.6600 988.000000 0.000000 198.000000 61.000000
0.5500 49.6300 82.9400 990.000000 0.000000 198.000000 61.000000
0.5600 49.6300 83.1200 990.000000 0.000000 198.000000 61.000000
0.5700 49.6300 83.2000 991.000000 0.000000 199.000000 60.000000
0.5800 49.6300 83.2000 990.000000 0.000000 199.000000 60.000000
0.5900 49.6300 83.2000 985.000000 0.000000 199.000000 60.000000
0.6000 49.5800 83.2000 979.000000 0.000000 199.000000 59.000000
0.6100 49.5800 83.2000 997.000000 0.000000 199.000000 59.000000
0.6200 49.5800 83.0900 992.000000 0.000000 199.000000 59.000000
0.6300 49.5800 82.9000 985.000000 0.000000 198.000000 58.000000
0.6400 49.5800 82.6500 980.000000 0.000000 198.000000 58.000000
0.6500 49.6600 82.4100 980.000000 0.000000 198.000000 58.000000
0.6600 49.7100 82.0600 976.000000 0.000000 198.000000 58.000000
0.6700 49.7700 81.6500 971.000000 0.000000 199.000000 59.000000
0.6800 49.7700 81.2800 967.000000 0.000000 197.000000 59.000000
0.6900 49.7700 81.0000 959.000000 0.000000 197.000000 59.000000
0.7000 49.8800 80.7900 955.000000 0.000000 198.000000 60.000000
0.7100 50.0400 80.6100 955.000000 0.000000 198.000000 60.000000
0.7200 50.2300 80.5300 955.000000 0.000000 198.000000 61.000000
0.7300 50.5000 80.5300 955.000000 0.000000 198.000000 61.000000
0.7400 50.8200 80.5300 953.000000 0.000000 198.000000 61.000000
0.7500 51.2700 80.7300 940.000000 0.000000 200.000000 60.000000
0.7600 51.8100 81.0400 948.000000 0.000000 200.000000 60.000000
0.7700 52.4000 81.2700 933.000000 0.000000 202.000000 60.000000
0.7800 52.8100 81.5200 911.000000 0.000000 202.000000 60.000000
0.7900 53.0300 81.8200 914.000000 0.000000 203.000000 60.000000
0.8000 53.1300 82.1600 909.000000 0.000000 204.000000 59.000000
0.8100 53.1300 82.5100 914.000000 0.000000 204.000000 59.000000
0.8200 52.9400 82.8000 918.000000 0.000000 206.000000 58.000000
0.8300 52.6600 82.9900 932.000000 0.000000 205.000000 58.000000
0.8400 52.3300 83.1300 938.000000 0.000000 205.000000 58.000000
0.8500 52.1200 83.2700 941.000000 0.000000 206.000000 56.000000
0.8600 51.9800 83.2700 942.000000 0.000000 206.000000 56.000000
0.8700 51.8800 83.1000 951.000000 0.000000 204.000000 57.000000
0.8800 51.6800 82.7600 935.000000 0.000000 203.000000 56.000000
0.8900 51.4000 82.1900 951.000000 0.000000 203.000000 56.000000
0.9000 51.3000 81.4700 951.000000 0.000000 202.000000 56.000000
0.9100 51.3000 80.6100 937.000000 0.000000 203.000000 57.000000
0.9200 51.3800 79.7000 944.000000 0.000000 201.000000 57.000000
0.9300 51.5300 78.7500 958.000000 0.000000 202.000000 58.000000
0.9400 51.6600 78.2500 968.000000 0.000000 202.000000 58.000000
0.9500 51.7700 77.8700 965.000000 0.000000 203.000000 59.000000
0.9600 51.9000 77.5600 961.000000 0.000000 203.000000 59.000000
0.9700 52.0200 77.5600 951.000000 0.000000 203.000000 60.000000
0.9800 52.0200 77.5600 887.000000 0.000000 203.000000 60.000000
0.9900 52.1800 77.5600 717.000000 0.000000 203.000000 60.000000
1.0000 52.3400 77.5600 285.000000 0.000000 204.000000 61.000000
1.0100 52.3400 77.5600 0.000000 1.000000 204.000000 61.000000
1.0200 52.4500 77.5600 0.000000 0.000000 204.000000 61.000000
1.0300 52.5100 77.5600 0.000000 0.000000 204.000000 61.000000
1.0400 52.5700 77.7000 0.000000 0.000000 206.000000 60.000000
1.0500 52.7000 77.9100 0.000000 0.000000 205.000000 60.000000
1.0600 52.8800 78.1800 0.000000 0.000000 205.000000 60.000000
1.0700 53.0400 78.3500 0.000000 0.000000 204.000000 59.000000
1.0800 53.1400 78.4700 0.000000 0.000000 206.000000 58.000000
1.0900 53.1400 78.4700 0.000000 0.000000 205.000000 58.000000
1.1000 53.2300 78.4700 0.000000 0.000000 205.000000 58.000000
1.1100 53.3000 78.5500 0.000000 0.000000 206.000000 56.000000
1.1200 53.3000 78.5500 0.000000 0.000000 206.000000 56.000000
1.1300 53.3600 78.6400 0.000000 0.000000 206.000000 56.000000
1.1400 53.4100 78.6900 0.000000 0.000000 206.000000 56.000000
1.1500 53.4100 78.7400 0.000000 0.000000 206.000000 57.000000
1.1600 53.4100 78.8000 0.000000 0.000000 206.000000 57.000000
1.1700 53.4700 78.8000 0.000000 0.000000 205.000000 58.000000
1.1800 53.5300 78.8600 0.000000 0.000000 205.000000 58.000000
1.1900 53.6000 78.8600 0.000000 0.000000 205.000000 58.000000
1.2000 53.6900 78.8600 0.000000 0.000000 205.000000 58.000000
1.2100 53.7700 78.9100 0.000000 0.000000 205.000000 58.000000
1.2200 53.8500 78.9100 0.000000 0.000000 205.000000 58.000000
1.2300 53.9300 78.9100 0.000000 0.000000 205.000000 58.000000
1.2400 54.0200 78.9100 0.000000 0.000000 205.000000 58.000000
1.2500 54.1100 78.9100 0.000000 0.000000 205.000000 58.000000
1.2600 54.2000 78.9600 0.000000 0.000000 205.000000 58.000000
1.2700 54.3300 78.9600 0.000000 0.000000 204.000000 57.000000
1.2800 54.4800 79.0900 0.000000 0.000000 204.000000 57.000000
1.2900 54.5900 79.1800 0.000000 0.000000 204.000000 57.000000
1.3000 54.6700 79.2400 0.000000 0.000000 204.000000 57.000000
1.3100 54.6700 79.2400 0.000000 0.000000 206.000000 56.000000
1.3200 54.6700 79.2400 0.000000 0.000000 206.000000 56.000000
1.3300 54.6700 79.2400 0.000000 0.000000 206.000000 56.000000
1.3400 54.6700 79.2400 0.000000 0.000000 206.000000 56.000000
1.3500 54.6700 79.2400 0.000000 0.000000 206.000000 56.000000
1.3600 54.6700 79.2400 0.000000 0.000000 204.000000 57.000000
1.3700 54.6700 79.2400 15.000000 1.000000 205.000000 58.000000
1.3800 54.7900 79.6500 127.000000 0.000000 205.000000 58.000000
1.3900 54.7900 79.7400 195.000000 0.000000 206.000000 58.000000
1.4000 54.7900 79.7900 254.000000 0.000000 206.000000 58.000000
1.4100 54.7900 79.8600 306.000000 0.000000 207.000000 59.000000
1.4200 54.7900 79.9500 371.000000 0.000000 205.000000 60.000000
1.4300 54.7900 80.0300 418.000000 0.000000 205.000000 60.000000
1.4400 54.7100 80.1500 480.000000 0.000000 205.000000 60.000000
1.4500 54.7100 80.2900 545.000000 0.000000 205.000000 60.000000
1.4600 54.6100 80.3800 594.000000 0.000000 204.000000 59.000000
1.4700 54.6100 80.4700 619.000000 0.000000 204.000000 59.000000
1.4800 54.5300 80.5900 658.000000 0.000000 204.000000 59.000000
1.4900 54.4400 80.7200 678.000000 0.000000 203.000000 58.000000
1.5000 54.3200 80.8000 696.000000 0.000000 203.000000 58.000000
1.5100 54.1700 80.8700 700.000000 0.000000 203.000000 58.000000
1.5200 53.9500 80.8700 713.000000 0.000000 203.000000 58.000000
1.5300 53.7400 80.8700 727.000000 0.000000 203.000000 58.000000
1.5400 53.5100 80.7900 730.000000 0.000000 202.000000 58.000000
1.5500 53.2600 80.6300 746.000000 0.000000 201.000000 57.000000
1.5600 52.9600 80.4000 760.000000 0.000000 201.000000 57.000000
1.5700 52.7700 80.1000 771.000000 0.000000 202.000000 58.000000
1.5800 52.6400 79.7900 794.000000 0.000000 202.000000 58.000000
1.5900 52.5100 79.4900 791.000000 0.000000 202.000000 58.000000
1.6000 52.5100 79.1100 799.000000 0.000000 200.000000 58.000000
1.6100 52.6400 78.6700 797.000000 0.000000 200.000000 58.000000
1.6200 52.7300 78.3600 791.000000 0.000000 200.000000 58.000000
1.6300 52.9700 78.0600 788.000000 0.000000 200.000000 58.000000
1.6400 53.3200 77.8200 788.000000 0.000000 201.000000 59.000000
1.6500 53.7400 77.7100 784.000000 0.000000 201.000000 59.000000
1.6600 54.2200 77.6500 797.000000 0.000000 201.000000 59.000000
1.6700 54.7300 77.7800 784.000000 0.000000 201.000000 59.000000
1.6800 55.1500 77.9700 782.000000 0.000000 201.000000 59.000000
1.6900 55.3600 78.2100 787.000000 0.000000 201.000000 59.000000
1.7000 55.4400 78.4500 790.000000 0.000000 201.000000 59.000000
1.7100 55.4400 78.6800 787.000000 0.000000 201.000000 59.000000
1.7200 55.4400 78.8700 788.000000 0.000000 202.000000 58.000000
1.7300 55.3600 79.0100 802.000000 0.000000 202.000000 58.000000
1.7400 55.3000 79.1200 805.000000 0.000000 201.000000 57.000000
1.7500 55.3000 79.1200 805.000000 0.000000 201.000000 57.000000
1.7600 55.3000 79.1200 800.000000 0.000000 201.000000 57.000000
1.7700 55.3000 79.0100 802.000000 0.000000 200.000000 56.000000
1.7800 55.3000 78.8400 802.000000 0.000000 200.000000 56.000000
1.7900 55.3000 78.5900 799.000000 0.000000 200.000000 56.000000
1.8000 55.3000 78.3100 800.000000 0.000000 200.000000 56.000000
1.8100 55.3700 78.0300 797.000000 0.000000 199.000000 57.000000
1.8200 55.4400 77.7900 797.000000 0.000000 199.000000 57.000000
1.8300 55.5400 77.5600 794.000000 0.000000 199.000000 57.000000
1.8400 55.6500 77.3500 784.000000 0.000000 199.000000 57.000000
1.8500 55.7600 77.1900 783.000000 0.000000 200.000000 58.000000
1.8600 55.8800 77.1100 794.000000 0.000000 200.000000 58.000000
1.8700 56.0000 77.1100 791.000000 0.000000 200.000000 58.000000
1.8800 56.1000 77.1100 780.000000 0.000000 201.000000 59.000000
1.8900 56.2300 77.1100 763.000000 0.000000 201.000000 59.000000
1.9000 56.3900 77.2400 762.000000 0.000000 201.000000 59.000000
1.9100 56.4800 77.3100 751.000000 0.000000 201.000000 59.000000
1.9200 56.5700 77.4200 758.000000 0.000000 201.000000 59.000000
1.9300 56.6500 77.5800 754.000000 0.000000 201.000000 59.000000
1.9400 56.7500 77.7700 740.000000 0.000000 201.000000 59.000000
1.9500 56.8600 78.0200 737.000000 0.000000 201.000000 59.000000
1.9600 56.9800 78.4000 728.000000 0.000000 201.000000 59.000000
1.9700 57.0500 78.8600 727.000000 0.000000 200.000000 58.000000
1.9800 57.1300 79.4800 727.000000 0.000000 200.000000 58.000000
1.9900 57.2900 80.1700 733.000000 0.000000 200.000000 58.000000
2.0000 57.5000 80.9000 730.000000 0.000000 201.000000 57.000000
2.0100 57.6200 81.4700 748.000000 0.000000 201.000000 57.000000
2.0200 57.7100 82.0200 759.000000 0.000000 203.000000 57.000000
2.0300 57.7900 82.3900 780.000000 0.000000 202.000000 56.000000
2.0400 57.7900 82.6400 797.000000 0.000000 203.000000 56.000000
2.0500 57.8600 82.7700 797.000000 0.000000 203.000000 56.000000
2.0600 57.8600 82.7700 794.000000 0.000000 202.000000 55.000000
2.0700 57.8600 82.5900 797.000000 0.000000 204.000000 55.000000
2.0800 57.7300 82.1500 785.000000 0.000000 204.000000 55.000000
2.0900 57.6000 81.4200 790.000000 0.000000 204.000000 55.000000
2.1000 57.4400 80.5000 802.000000 0.000000 202.000000 55.000000
2.1100 57.2900 79.5900 811.000000 0.000000 202.000000 55.000000
2.1200 57.2000 78.6700 817.000000 0.000000 203.000000 56.000000
2.1300 57.1500 77.9800 818.000000 0.000000 202.000000 56.000000
2.1400 57.2400 77.4400 814.000000 0.000000 202.000000 56.000000
2.1500 57.3700 77.1300 812.000000 0.000000 201.000000 57.000000
2.1600 57.5300 77.0300 806.000000 0.000000 201.000000 57.000000
2.1700 57.7900 77.0300 796.000000 0.000000 201.000000 57.000000
2.1800 58.2000 77.2300 739.000000 0.000000 202.000000 58.000000
2.1900 58.7200 77.5200 658.000000 0.000000 202.000000 58.000000
2.2000 59.2200 77.9000 386.000000 0.000000 203.000000 58.000000
2.2100 59.2200 77.9000 0.000000 1.000000 203.000000 58.000000
2.2200 59.5700 78.2200 0.000000 0.000000 205.000000 58.000000
2.2300 59.4800 78.3000 0.000000 0.000000 206.000000 57.000000
2.2400 59.3700 78.5500 0.000000 0.000000 208.000000 57.000000
2.2500 59.2400 78.8000 0.000000 0.000000 208.000000 57.000000
2.2600 59.0700 79.0200 0.000000 0.000000 207.000000 56.000000
2.2700 58.9400 79.2000 0.000000 0.000000 208.000000 56.000000
2.2800 58.8400 79.2000 0.000000 0.000000 208.000000 56.000000
2.2900 58.7800 79.1400 0.000000 0.000000 207.000000 55.000000
2.3000 58.7000 79.0500 0.000000 0.000000 207.000000 55.000000
2.3100 58.7000 79.0500 50.000000 1.000000 207.000000 55.000000
2.3200 58.4200 78.9700 90.000000 0.000000 207.000000 55.000000
2.3300 58.2700 78.9700 142.000000 0.000000 205.000000 54.000000
2.3400 58.1000 79.0700 132.000000 0.000000 205.000000 54.000000
2.3500 57.9100 79.1400 158.000000 0.000000 205.000000 54.000000
2.3600 57.7100 79.2100 165.000000 0.000000 205.000000 54.000000
2.3700 57.5400 79.2700 143.000000 0.000000 204.000000 55.000000
2.3800 57.3800 79.3200 91.000000 0.000000 204.000000 55.000000
2.3900 57.3800 79.3200 0.000000 1.000000 204.000000 55.000000
2.4000 57.2200 79.3700 0.000000 0.000000 203.000000 56.000000
2.4100 57.2200 79.3700 0.000000 0.000000 203.000000 56.000000
2.4200 57.2200 79.3000 0.000000 0.000000 202.000000 56.000000
2.4300 57.3000 79.2000 0.000000 0.000000 202.000000 56.000000
2.4400 57.4000 79.0600 0.000000 0.000000 202.000000 56.000000
2.4500 57.5100 78.9200 0.000000 0.000000 202.000000 56.000000
2.4600 57.6400 78.7700 0.000000 0.000000 203.000000 56.000000
2.4700 57.7900 78.5800 0.000000 0.000000 203.000000 56.000000
2.4800 57.9400 78.3800 0.000000 0.000000 205.000000 55.000000
2.4900 58.0900 78.1900 0.000000 0.000000 205.000000 55.000000
2.5000 58.2300 77.9900 0.000000 0.000000 205.000000 54.000000
2.5100 58.3500 77.8400 0.000000 0.000000 205.000000 54.000000
2.5200 58.4000 77.7300 0.000000 0.000000 206.000000 55.000000
2.5300 58.4000 77.6200 0.000000 0.000000 207.000000 55.000000
2.5400 58.4000 77.5600 0.000000 0.000000 207.000000 55.000000
2.5500 58.4500 77.5600 0.000000 0.000000 207.000000 55.000000
2.5600 58.4500 77.5100 0.000000 0.000000 208.000000 56.000000
2.5700 58.5500 77.5100 0.000000 0.000000 208.000000 56.000000
2.5800 58.5500 77.5100 122.000000 1.000000 208.000000 56.000000
2.5900 58.5500 77.5100 190.000000 0.000000 208.000000 57.000000
2.6000 58.5500 77.5100 246.000000 0.000000 208.000000 57.000000
2.6100 58.5500 77.5100 291.000000 0.000000 209.000000 58.000000
2.6200 58.5500 77.5100 339.000000 0.000000 209.000000 58.000000
2.6300 58.5500 77.5100 399.000000 0.000000 207.000000 58.000000
2.6400 58.8600 77.7300 448.000000 0.000000 207.000000 58.000000
2.6500 58.9200 77.9000 510.000000 0.000000 207.000000 58.000000
2.6600 58.9200 78.0600 527.000000 0.000000 207.000000 58.000000
2.6700 58.9900 78.3000 540.000000 0.000000 207.000000 58.000000
2.6800 59.0900 78.5900 537.000000 0.000000 206.000000 57.000000
2.6900 59.2300 78.9000 570.000000 0.000000 208.000000 57.000000
2.7000 59.2300 79.1900 581.000000 0.000000 207.000000 56.000000
2.7100 59.1600 79.4200 592.000000 0.000000 207.000000 56.000000
2.7200 59.1600 79.5600 605.000000 0.000000 207.000000 56.000000
2.7300 59.0500 79.6200 627.000000 0.000000 207.000000 55.000000
2.7400 59.0500 79.6200 636.000000 0.000000 207.000000 55.000000
2.7500 59.0500 79.6200 637.000000 0.000000 207.000000 55.000000
2.7600 59.0500 79.6200 640.000000 0.000000 207.000000 56.000000
2.7700 59.0500 79.4700 655.000000 0.000000 207.000000 56.000000
2.7800 58.9400 79.2900 673.000000 0.000000 207.000000 56.000000
2.7900 58.8300 78.9500 675.000000 0.000000 207.000000 56.000000
2.8000 58.8300 78.5300 682.000000 0.000000 207.000000 56.000000
2.8100 58.8300 78.1900 684.000000 0.000000 207.000000 56.000000
2.8200 58.8300 77.8400 687.000000 0.000000 206.000000 55.000000
2.8300 58.8300 77.5600 691.000000 0.000000 206.000000 55.000000
2.8400 58.8300 77.3400 693.000000 0.000000 206.000000 55.000000
2.8500 58.8300 77.1200 702.000000 0.000000 207.000000 56.000000
2.8600 58.9300 77.0100 696.000000 0.000000 207.000000 56.000000
2.8700 59.0100 77.0100 724.000000 0.000000 207.000000 56.000000
2.8800 59.0100 77.0100 728.000000 0.000000 208.000000 57.000000
2.8900 59.1400 77.0100 730.000000 0.000000 208.000000 57.000000
2.9000 59.2800 77.0100 740.000000 0.000000 208.000000 57.000000
2.9100 59.2800 77.0100 746.000000 0.000000 208.000000 57.000000
2.9200 59.2800 77.0100 751.000000 0.000000 208.000000 57.000000
2.9300 59.3500 77.0600 748.000000 0.000000 208.000000 57.000000
2.9400 59.4400 77.1200 761.000000 0.000000 208.000000 57.000000
2.9500 59.5200 77.2100 751.000000 0.000000 208.000000 57.000000
2.9600 59.5800 77.2600 757.000000 0.000000 208.000000 57.000000
2.9700 59.6300 77.3100 765.000000 0.000000 208.000000 57.000000
2.9800 59.6300 77.3100 765.000000 0.000000 208.000000 57.000000
2.9900 59.6300 77.3100 767.000000 0.000000 208.000000 57.000000
3.0000 59.6300 77.3100 763.000000 0.000000 208.000000 57.000000
3.0100 59.6300 77.3100 768.000000 0.000000 208.000000 57.000000
3.0200 59.6300 77.3100 768.000000 0.000000 208.000000 57.000000
3.0300 59.6300 77.3100 770.000000 0.000000 209.000000 56.000000
3.0400 59.6300 77.3100 771.000000 0.000000 209.000000 56.000000
3.0500 59.7400 77.3100 768.000000 0.000000 209.000000 56.000000
3.0600 59.8700 77.4100 760.000000 0.000000 209.000000 56.000000
3.0700 60.1800 77.5500 753.000000 0.000000 209.000000 56.000000
3.0800 60.4800 77.7700 758.000000 0.000000 209.000000 56.000000
3.0900 60.7500 78.1300 742.000000 0.000000 209.000000 56.000000
3.1000 60.9900 78.5800 736.000000 0.000000 209.000000 56.000000
3.1100 61.1800 79.2000 736.000000 0.000000 211.000000 56.000000
3.1200 61.2300 79.8600 742.000000 0.000000 210.000000 55.000000
3.1300 61.2300 80.5500 740.000000 0.000000 211.000000 55.000000
3.1400 61.2300 81.1700 743.000000 0.000000 210.000000 54.000000
3.1500 61.2300 81.7700 745.000000 0.000000 210.000000 54.000000
3.1600 61.2300 82.3200 746.000000 0.000000 212.000000 54.000000
3.1700 61.1400 82.6900 746.000000 0.000000 211.000000 53.000000
3.1800 61.1400 82.9300 746.000000 0.000000 211.000000 53.000000
3.1900 61.1400 83.0300 745.000000 0.000000 211.000000 53.000000
3.2000 61.1400 83.0900 740.000000 0.000000 211.000000 53.000000
3.2100 61.0500 82.8900 748.000000 0.000000 211.000000 53.000000
3.2200 60.9200 82.5400 755.000000 0.000000 209.000000 53.000000
3.2300 60.6600 81.9800 767.000000 0.000000 208.000000 53.000000
3.2400 60.4500 81.2500 780.000000 0.000000 209.000000 53.000000
3.2500 60.2900 80.4200 796.000000 0.000000 209.000000 53.000000
3.2600 60.2300 79.6900 791.000000 0.000000 208.000000 54.000000
3.2700 60.3100 79.0900 803.000000 0.000000 208.000000 54.000000
3.2800 60.4700 78.5700 809.000000 0.000000 208.000000 54.000000
3.2900 60.6300 78.3300 828.000000 0.000000 208.000000 54.000000
3.3000 60.7700 78.2100 848.000000 0.000000 208.000000 54.000000
3.3100 61.0300 78.1600 854.000000 0.000000 208.000000 54.000000
3.3200 61.3800 78.1600 869.000000 0.000000 208.000000 54.000000
3.3300 61.6200 78.0800 854.000000 0.000000 208.000000 54.000000
3.3400 61.7300 78.0300 869.000000 0.000000 208.000000 54.000000
3.3500 61.7300 77.9600 894.000000 0.000000 209.000000 54.000000
3.3600 61.7300 77.8800 940.000000 0.000000 209.000000 54.000000
3.3700 61.7300 77.7400 996.000000 0.000000 210.000000 54.000000
3.3800 61.7300 77.6200 1023.000000 0.000000 209.000000 54.000000
3.3900 61.6800 77.5700 1023.000000 0.000000 210.000000 55.000000
3.4000 61.6800 77.5700 1023.000000 0.000000 210.000000 55.000000
3.4100 61.6300 77.5700 1023.000000 0.000000 208.000000 56.000000
3.4200 61.6300 77.5100 1023.000000 0.000000 209.000000 56.000000
3.4300 61.6300 77.5100 1023.000000 0.000000 208.000000 57.000000
3.4400 61.6300 77.5100 1023.000000 0.000000 206.000000 57.000000
3.4500 61.6300 77.5100 1023.000000 0.000000 206.000000 57.000000
3.4600 61.6300 77.5100 1023.000000 0.000000 206.000000 58.000000
3.4700 61.6300 77.5100 1023.000000 0.000000 204.000000 59.000000
3.4800 61.6300 77.5100 1023.000000 0.000000 204.000000 59.000000
3.4900 61.6300 77.5100 1023.000000 0.000000 204.000000 59.000000
3.5000 61.6800 77.5100 1023.000000 0.000000 204.000000 59.000000
3.5100 61.6800 77.5100 1023.000000 0.000000 204.000000 59.000000
3.5200 61.6800 77.5100 1023.000000 0.000000 204.000000 59.000000
3.5300 61.6800 77.5100 1023.000000 0.000000 204.000000 59.000000
3.5400 61.6800 77.5100 1023.000000 0.000000 204.000000 59.000000
3.5500 61.8200 77.5100 1023.000000 0.000000 204.000000 59.000000
3.5600 62.1600 77.3900 1023.000000 0.000000 206.000000 58.000000
3.5700 62.6500 77.3400 1009.000000 0.000000 206.000000 58.000000
3.5800 62.9500 77.3400 995.000000 0.000000 206.000000 58.000000
3.5900 63.3600 77.3400 947.000000 0.000000 207.000000 58.000000
3.6000 63.8300 77.4000 911.000000 0.000000 207.000000 58.000000
3.6100 64.2800 77.5100 899.000000 0.000000 209.000000 58.000000
3.6200 64.5400 77.7100 866.000000 0.000000 209.000000 58.000000
3.6300 64.6700 77.9800 869.000000 0.000000 210.000000 57.000000
3.6400 64.7800 78.3000 863.000000 0.000000 210.000000 57.000000
3.6500 64.7800 78.6800 853.000000 0.000000 209.000000 56.000000
3.6600 64.6500 79.0500 866.000000 0.000000 211.000000 56.000000
3.6700 64.5200 79.3600 882.000000 0.000000 211.000000 56.000000
3.6800 64.3700 79.6000 890.000000 0.000000 210.000000 55.000000
3.6900 64.0300 79.8000 905.000000 0.000000 210.000000 55.000000
3.7000 63.5500 79.9900 906.000000 0.000000 210.000000 55.000000
3.7100 63.1800 79.9400 902.000000 0.000000 210.000000 55.000000
3.7200 62.8300 79.7300 900.000000 0.000000 210.000000 55.000000
3.7300 62.5000 79.3100 899.000000 0.000000 210.000000 55.000000
3.7400 62.3500 78.8800 899.000000 0.000000 210.000000 55.000000
3.7500 62.2700 78.4200 899.000000 0.000000 208.000000 56.000000
3.7600 62.2700 78.0000 891.000000 0.000000 208.000000 56.000000
3.7700 62.3800 77.5900 879.000000 0.000000 208.000000 56.000000
3.7800 62.6400 77.2100 867.000000 0.000000 208.000000 56.000000
3.7900 62.9600 77.0400 863.000000 0.000000 208.000000 56.000000
3.8000 63.2200 77.0400 861.000000 0.000000 209.000000 56.000000
3.8100 63.6300 77.1600 860.000000 0.000000 209.000000 56.000000
3.8200 64.1300 77.5000 858.000000 0.000000 209.000000 56.000000
3.8300 64.5800 77.9700 860.000000 0.000000 209.000000 56.000000
3.8400 64.8400 78.4900 861.000000 0.000000 209.000000 56.000000
3.8500 64.9700 79.0200 863.000000 0.000000 209.000000 56.000000
3.8600 65.0600 79.5500 869.000000 0.000000 209.000000 56.000000
3.8700 65.0600 80.2100 855.000000 0.000000 209.000000 56.000000
3.8800 64.9800 80.8200 857.000000 0.000000 208.000000 56.000000
3.8900 64.9800 81.2300 860.000000 0.000000 210.000000 55.000000
3.9000 65.1100 81.5300 863.000000 0.000000 209.000000 54.000000
3.9100 65.0200 81.7600 873.000000 0.000000 209.000000 54.000000
3.9200 65.0200 81.8200 872.000000 0.000000 209.000000 54.000000
3.9300 65.1100 81.7600 864.000000 0.000000 208.000000 54.000000
3.9400 65.1100 81.6400 867.000000 0.000000 209.000000 53.000000
3.9500 65.0300 81.2300 870.000000 0.000000 209.000000 53.000000
3.9600 64.9800 80.6200 873.000000 0.000000 209.000000 53.000000
3.9700 64.9300 79.9700 888.000000 0.000000 209.000000 53.000000
3.9800 64.6500 79.3100 896.000000 0.000000 209.000000 53.000000
3.9900 64.4700 78.6400 900.000000 0.000000 208.000000 54.000000
4.0000 64.4100 78.0400 903.000000 0.000000 209.000000 54.000000
4.0100 64.4100 77.4800 899.000000 0.000000 209.000000 54.000000
4.0200 64.5300 77.1400 905.000000 0.000000 207.000000 55.000000
4.0300 64.6700 76.9500 908.000000 0.000000 208.000000 56.000000
4.0400 64.9600 76.8500 900.000000 0.000000 208.000000 56.000000
4.0500 65.3400 76.9400 885.000000 0.000000 208.000000 56.000000
4.0600 66.1100 77.4100 853.000000 0.000000 208.000000 56.000000
4.0700 66.5800 78.1400 861.000000 0.000000 208.000000 56.000000
4.0800 66.8600 78.8300 855.000000 0.000000 208.000000 56.000000
4.0900 66.9700 79.4700 869.000000 0.000000 208.000000 56.000000
4.1000 66.8300 79.9500 867.000000 0.000000 208.000000 56.000000
4.1100 66.5200 80.3300 887.000000 0.000000 207.000000 55.000000
4.1200 66.1900 80.5800 905.000000 0.000000 209.000000 54.000000
4.1300 65.8600 80.5800 911.000000 0.000000 209.000000 54.000000
4.1400 65.5000 80.3900 935.000000 0.000000 209.000000 54.000000
4.1500 65.1600 80.0000 933.000000 0.000000 208.000000 54.000000
4.1600 64.8600 79.4300 958.000000 0.000000 208.000000 54.000000
4.1700 64.5800 78.7300 964.000000 0.000000 208.000000 54.000000
4.1800 64.5800 78.1100 967.000000 0.000000 208.000000 54.000000
4.1900 64.8400 77.6400 968.000000 0.000000 207.000000 55.000000
4.2000 64.7000 77.2700 976.000000 0.000000 207.000000 55.000000
4.2100 64.8900 77.0600 992.000000 0.000000 207.000000 55.000000
4.2200 65.2900 76.9700 992.000000 0.000000 207.000000 55.000000
4.2300 65.7800 76.9700 994.000000 0.000000 208.000000 56.000000
4.2400 66.2100 77.1300 992.000000 0.000000 208.000000 56.000000
4.2500 66.5300 77.1900 982.000000 0.000000 208.000000 56.000000
4.2600 66.6900 77.1900 991.000000 0.000000 209.000000 56.000000
4.2700 66.7500 77.1900 1006.000000 0.000000 211.000000 56.000000
4.2800 66.8000 77.1900 1017.000000 0.000000 211.000000 56.000000
4.2900 66.8000 77.1900 1023.000000 0.000000 211.000000 56.000000
4.3000 66.8500 77.1900 1023.000000 0.000000 212.000000 56.000000
4.3100 66.8500 77.1900 1023.000000 0.000000 212.000000 56.000000
4.3200 66.8500 77.1900 1023.000000 0.000000 212.000000 56.000000
4.3300 66.8500 77.1300 1023.000000 0.000000 212.000000 56.000000
4.3400 66.8000 77.1300 1023.000000 0.000000 212.000000 56.000000
4.3500 66.8000 77.1300 1023.000000 0.000000 211.000000 56.000000
4.3600 66.8000 77.0800 1023.000000 0.000000 211.000000 56.000000
4.3700 66.8000 77.0800 1023.000000 0.000000 211.000000 56.000000
4.3800 66.8000 77.0800 1023.000000 0.000000 209.000000 56.000000
4.3900 66.8000 77.0200 1023.000000 0.000000 208.000000 57.000000
4.4000 66.8000 77.0200 1023.000000 0.000000 208.000000 57.000000
4.4100 66.8000 77.0200 1023.000000 0.000000 206.000000 57.000000
4.4200 66.8000 77.0200 1023.000000 0.000000 205.000000 58.000000
4.4300 66.8600 77.0200 1023.000000 0.000000 203.000000 58.000000
4.4400 66.8600 77.0200 1023.000000 0.000000 203.000000 58.000000
4.4500 66.7900 77.0200 1023.000000 0.000000 203.000000 59.000000
4.4600 66.7400 77.0200 1023.000000 0.000000 203.000000 59.000000
4.4700 66.7400 77.0200 1023.000000 0.000000 201.000000 59.000000
4.4800 66.7400 77.0200 1023.000000 0.000000 201.000000 59.000000
4.4900 66.7400 77.0200 1023.000000 0.000000 201.000000 59.000000
4.5000 66.7400 77.0200 1023.000000 0.000000 201.000000 59.000000
4.5100 66.7400 77.0200 1023.000000 0.000000 201.000000 59.000000
4.5200 66.7400 77.0200 1023.000000 0.000000 199.000000 60.000000
4.5300 66.7400 77.0200 1023.000000 0.000000 199.000000 60.000000
4.5400 66.7400 77.0200 1023.000000 0.000000 199.000000 60.000000
4.5500 66.7400 77.0200 1023.000000 0.000000 200.000000 60.000000
4.5600 66.7400 77.0200 1023.000000 0.000000 200.000000 60.000000
4.5700 66.7400 77.0200 1023.000000 0.000000 200.000000 60.000000
4.5800 66.7400 77.0200 1023.000000 0.000000 200.000000 60.000000
4.5900 66.7400 77.0200 1023.000000 0.000000 200.000000 60.000000
4.6000 66.7400 77.0200 1023.000000 0.000000 200.000000 60.000000
4.6100 66.7400 77.0200 1023.000000 0.000000 200.000000 60.000000
4.6200 66.7400 77.0200 1023.000000 0.000000 200.000000 60.000000
4.6300 66.7400 77.0200 1023.000000 0.000000 200.000000 60.000000
4.6400 66.7400 77.0200 1023.000000 0.000000 200.000000 60.000000
4.6500 66.7400 77.0200 1023.000000 0.000000 200.000000 60.000000
4.6600 66.7400 77.0200 1023.000000 0.000000 199.000000 60.000000
4.6700 66.7400 77.0200 1023.000000 0.000000 199.000000 60.000000
4.6800 66.7400 77.0200 1023.000000 0.000000 199.000000 60.000000
4.6900 66.7400 77.0200 1023.000000 0.000000 199.000000 60.000000
4.7000 66.7400 77.0200 1018.000000 0.000000 199.000000 60.000000
4.7100 66.7400 77.0200 1011.000000 0.000000 199.000000 60.000000
4.7200 66.7400 77.0200 1009.000000 0.000000 199.000000 60.000000
4.7300 66.7400 77.0200 1005.000000 0.000000 199.000000 60.000000
4.7400 66.7400 77.0200 1005.000000 0.000000 199.000000 60.000000
4.7500 66.7400 77.0200 1006.000000 0.000000 199.000000 60.000000
4.7600 66.7400 77.0200 1006.000000 0.000000 199.000000 60.000000
4.7700 66.7400 77.0200 1005.000000 0.000000 199.000000 60.000000
4.7800 66.7400 77.0200 999.000000 0.000000 199.000000 60.000000
4.7900 66.7400 77.0200 991.000000 0.000000 199.000000 60.000000
4.8000 66.7400 77.0200 991.000000 0.000000 200.000000 60.000000
4.8100 66.7400 77.0200 991.000000 0.000000 200.000000 60.000000
4.8200 66.7400 77.0200 991.000000 0.000000 200.000000 60.000000
4.8300 66.7400 77.0200 990.000000 0.000000 200.000000 60.000000
4.8400 66.7400 77.0200 988.000000 0.000000 200.000000 60.000000
4.8500 66.7400 77.0200 982.000000 0.000000 200.000000 60.000000
4.8600 66.7400 77.0200 985.000000 0.000000 200.000000 60.000000
4.8700 66.7400 77.0200 982.000000 0.000000 200.000000 60.000000
4.8800 66.7400 77.0200 981.000000 0.000000 200.000000 60.000000
4.8900 66.7400 77.0200 981.000000 0.000000 200.000000 60.000000
4.9000 66.7400 77.0200 978.000000 0.000000 200.000000 60.000000
4.9100 66.7400 77.0200 977.000000 0.000000 200.000000 60.000000
4.9200 66.7400 77.0200 995.000000 0.000000 200.000000 60.000000
4.9300 66.7400 77.0200 992.000000 0.000000 200.000000 60.000000
4.9400 66.7400 77.0200 992.000000 0.000000 200.000000 60.000000
4.9500 66.8400 77.0200 994.000000 0.000000 200.000000 60.000000
4.9600 66.9600 76.9300 986.000000 0.000000 200.000000 60.000000
4.9700 66.9600 76.8700 986.000000 0.000000 200.000000 60.000000
4.9800 67.0900 76.8700 994.000000 0.000000 200.000000 60.000000
4.9900 67.2000 76.8700 978.000000 0.000000 200.000000 60.000000
5.0000 67.2800 76.8700 979.000000 0.000000 200.000000 60.000000
5.0100 67.3500 76.8700 981.000000 0.000000 200.000000 60.000000
5.0200 67.4600 76.9800 988.000000 0.000000 200.000000 60.000000
5.0300 67.6100 77.1000 987.000000 0.000000 200.000000 60.000000
5.0400 67.7600 77.2900 982.000000 0.000000 200.000000 60.000000
5.0500 67.8700 77.5400 988.000000 0.000000 202.000000 60.000000
5.0600 67.9700 77.7800 988.000000 0.000000 202.000000 60.000000
5.0700 68.0400 78.0800 990.000000 0.000000 202.000000 60.000000
5.0800 68.1200 78.4200 987.000000 0.000000 203.000000 60.000000
5.0900 68.1200 79.0300 994.000000 0.000000 203.000000 60.000000
5.1000 68.2400 79.6700 991.000000 0.000000 205.000000 60.000000
5.1100 68.3500 80.3200 991.000000 0.000000 206.000000 58.000000
5.1200 68.3500 80.8000 990.000000 0.000000 207.000000 58.000000
5.1300 68.4200 81.2400 991.000000 0.000000 207.000000 58.000000
5.1400 68.4800 81.6000 990.000000 0.000000 209.000000 58.000000
5.1500 68.5300 81.9400 993.000000 0.000000 209.000000 56.000000
5.1600 68.5300 82.2700 991.000000 0.000000 211.000000 56.000000
5.1700 68.5300 82.5700 996.000000 0.000000 211.000000 56.000000
5.1800 68.5300 82.8200 999.000000 0.000000 210.000000 55.000000
5.1900 68.4000 82.9900 1005.000000 0.000000 211.000000 55.000000
5.2000 68.4000 83.1000 1006.000000 0.000000 211.000000 55.000000
5.2100 68.4000 83.1000 1005.000000 0.000000 211.000000 55.000000
5.2200 68.3500 83.1000 997.000000 0.000000 210.000000 54.000000
5.2300 68.3500 83.1000 991.000000 0.000000 210.000000 54.000000
5.2400 68.3500 83.1000 997.000000 0.000000 212.000000 54.000000
5.2500 68.2200 82.9400 994.000000 0.000000 212.000000 54.000000
5.2600 68.1000 82.7100 997.000000 0.000000 212.000000 54.000000
5.2700 68.0000 82.4100 994.000000 0.000000 212.000000 54.000000
5.2800 68.0000 82.0700 996.000000 0.000000 210.000000 54.000000
5.2900 68.0900 81.7400 1002.000000 0.000000 210.000000 54.000000
5.3000 68.0900 81.4200 1005.000000 0.000000 210.000000 54.000000
5.3100 68.2300 81.0600 1000.000000 0.000000 209.000000 54.000000
5.3200 68.3800 80.6700 1005.000000 0.000000 209.000000 54.000000
5.3300 68.4900 80.3800 1000.000000 0.000000 210.000000 55.000000
5.3400 68.7800 80.1600 993.000000 0.000000 210.000000 55.000000
5.3500 69.2000 80.0400 997.000000 0.000000 210.000000 55.000000
5.3600 69.6600 80.0400 990.000000 0.000000 210.000000 55.000000
5.3700 70.1000 80.0400 979.000000 0.000000 210.000000 55.000000
5.3800 70.5000 80.2700 988.000000 0.000000 211.000000 56.000000
5.3900 70.8400 80.5400 982.000000 0.000000 211.000000 56.000000
5.4000 71.1300 80.8600 968.000000 0.000000 211.000000 56.000000
5.4100 71.2700 81.2300 968.000000 0.000000 212.000000 56.000000
5.4200 71.3200 81.5900 968.000000 0.000000 211.000000 55.000000
5.4300 71.2600 81.9800 976.000000 0.000000 213.000000 55.000000
5.4400 71.1300 82.4000 979.000000 0.000000 213.000000 55.000000
5.4500 70.9000 82.8100 983.000000 0.000000 213.000000 55.000000
5.4600 70.6100 82.9900 980.000000 0.000000 213.000000 55.000000
5.4700 70.5000 82.9900 968.000000 0.000000 212.000000 54.000000
5.4800 70.5000 82.9900 965.000000 0.000000 212.000000 54.000000
5.4900 70.3900 82.8300 973.000000 0.000000 212.000000 54.000000
5.5000 70.2500 82.4800 977.000000 0.000000 210.000000 54.000000
5.5100 70.1400 82.0000 980.000000 0.000000 210.000000 54.000000
5.5200 70.0500 81.3900 995.000000 0.000000 210.000000 54.000000
5.5300 70.0500 80.7200 978.000000 0.000000 210.000000 54.000000
5.5400 70.0500 79.9700 979.000000 0.000000 210.000000 54.000000
5.5500 70.0500 79.2700 982.000000 0.000000 210.000000 54.000000
5.5600 70.0500 78.8100 990.000000 0.000000 210.000000 54.000000
5.5700 70.0500 78.5000 993.000000 0.000000 210.000000 55.000000
5.5800 70.1900 78.2200 991.000000 0.000000 210.000000 55.000000
5.5900 70.1900 78.1000 990.000000 0.000000 210.000000 55.000000
5.6000 70.1900 78.1000 997.000000 0.000000 208.000000 56.000000
5.6100 70.1900 78.1000 997.000000 0.000000 208.000000 56.000000
5.6200 70.1900 78.1000 978.000000 0.000000 208.000000 56.000000
5.6300 70.1900 78.1000 934.000000 0.000000 208.000000 57.000000
5.6400 70.1900 78.2100 774.000000 0.000000 208.000000 57.000000
5.6500 70.2700 78.3000 264.000000 0.000000 208.000000 57.000000
5.6600 70.2700 78.3000 0.000000 1.000000 208.000000 57.000000
5.6700 70.5100 78.6700 0.000000 0.000000 209.000000 56.000000
5.6800 70.7200 78.8100 0.000000 0.000000 209.000000 56.000000
5.6900 70.9700 78.9200 0.000000 0.000000 211.000000 56.000000
5.7000 71.2100 78.8500 0.000000 0.000000 211.000000 56.000000
5.7100 71.4100 78.6800 0.000000 0.000000 211.000000 55.000000
5.7200 71.5300 78.4600 0.000000 0.000000 213.000000 55.000000
5.7300 71.5800 78.3000 0.000000 0.000000 213.000000 55.000000
5.7400 71.5000 78.1800 0.000000 0.000000 213.000000 55.000000
5.7500 71.3300 78.1300 0.000000 0.000000 215.000000 55.000000
5.7600 71.3300 78.1300 247.000000 1.000000 215.000000 55.000000
5.7700 71.3300 78.1300 394.000000 0.000000 215.000000 55.000000
5.7800 71.3300 78.1300 518.000000 0.000000 215.000000 55.000000
5.7900 71.0400 78.0100 634.000000 0.000000 215.000000 55.000000
5.8000 70.9900 78.0700 719.000000 0.000000 214.000000 55.000000
5.8100 70.9900 78.1300 768.000000 0.000000 214.000000 55.000000
5.8200 70.9900 78.2800 811.000000 0.000000 214.000000 55.000000
5.8300 70.9200 78.5000 831.000000 0.000000 212.000000 56.000000
5.8400 70.9200 78.6800 845.000000 0.000000 212.000000 56.000000
5.8500 70.9200 79.0000 852.000000 0.000000 211.000000 56.000000
5.8600 71.0300 79.4200 851.000000 0.000000 211.000000 56.000000
5.8700 71.3300 79.9100 833.000000 0.000000 210.000000 55.000000
5.8800 71.7800 80.3600 825.000000 0.000000 210.000000 55.000000
5.8900 72.1500 80.5300 832.000000 0.000000 210.000000 55.000000
5.9000 72.4900 80.5300 806.000000 0.000000 210.000000 55.000000
5.9100 72.7300 80.3600 791.000000 0.000000 210.000000 55.000000
5.9200 72.9100 79.8000 785.000000 0.000000 211.000000 55.000000
5.9300 73.1900 78.9800 785.000000 0.000000 211.000000 55.000000
5.9400 73.1900 78.3200 787.000000 0.000000 213.000000 55.000000
5.9500 72.9500 77.8200 790.000000 0.000000 213.000000 55.000000
5.9600 72.6700 77.4400 805.000000 0.000000 214.000000 55.000000
5.9700 72.3700 77.2000 823.000000 0.000000 214.000000 55.000000
5.9800 71.9600 77.2000 817.000000 0.000000 214.000000 55.000000
5.9900 71.4800 77.2900 832.000000 0.000000 212.000000 56.000000
6.0000 71.0500 77.5400 824.000000 0.000000 213.000000 56.000000
6.0100 70.7700 77.8400 794.000000 0.000000 213.000000 56.000000
6.0200 70.5800 78.1700 743.000000 0.000000 212.000000 57.000000
6.0300 70.5000 78.4500 619.000000 0.000000 212.000000 57.000000
6.0400 70.5000 78.6800 280.000000 0.000000 212.000000 57.000000
6.0500 70.5000 78.6800 0.000000 1.000000 212.000000 57.000000
6.0600 70.8100 78.9500 0.000000 0.000000 211.000000 56.000000
6.0700 71.2600 79.0600 0.000000 0.000000 211.000000 56.000000
6.0800 71.8300 79.1500 0.000000 0.000000 211.000000 55.000000
6.0900 72.5100 79.2500 0.000000 0.000000 211.000000 55.000000
6.1000 73.2400 79.3600 0.000000 0.000000 213.000000 55.000000
6.1100 73.9900 79.3600 0.000000 0.000000 213.000000 53.000000
6.1200 74.5700 79.3600 0.000000 0.000000 214.000000 53.000000
6.1300 74.9400 79.3600 0.000000 0.000000 214.000000 53.000000
6.1400 75.1800 79.4200 0.000000 0.000000 214.000000 52.000000
6.1500 75.1100 79.4700 0.000000 0.000000 215.000000 53.000000
6.1600 75.1100 79.4700 249.000000 1.000000 215.000000 53.000000
6.1700 74.7900 79.6200 366.000000 0.000000 217.000000 53.000000
6.1800 74.6400 79.7400 504.000000 0.000000 217.000000 53.000000
6.1900 74.3600 79.7900 603.000000 0.000000 216.000000 54.000000
6.2000 73.9900 79.8400 685.000000 0.000000 216.000000 54.000000
6.2100 73.6600 79.8400 731.000000 0.000000 217.000000 55.000000
6.2200 73.4000 79.8400 730.000000 0.000000 216.000000 56.000000
6.2300 73.1900 79.7100 758.000000 0.000000 216.000000 56.000000
6.2400 73.1100 79.6100 759.000000 0.000000 216.000000 56.000000
6.2500 73.1600 79.4500 759.000000 0.000000 216.000000 56.000000
6.2600 73.3000 79.2400 760.000000 0.000000 215.000000 55.000000
6.2700 73.7100 78.8400 754.000000 0.000000 215.000000 55.000000
6.2800 74.1300 78.3300 754.000000 0.000000 215.000000 55.000000
6.2900 74.5600 77.9100 742.000000 0.000000 215.000000 55.000000
6.3000 74.7600 77.5700 733.000000 0.000000 215.000000 55.000000
6.3100 74.7600 77.2900 716.000000 0.000000 215.000000 55.000000
6.3200 74.5600 77.1500 714.000000 0.000000 215.000000 55.000000
6.3300 74.3200 77.0800 722.000000 0.000000 216.000000 56.000000
6.3400 73.9300 77.0800 728.000000 0.000000 217.000000 55.000000
6.3500 73.4500 77.2000 720.000000 0.000000 217.000000 55.000000
6.3600 73.0400 77.3800 733.000000 0.000000 219.000000 56.000000
6.3700 72.7700 77.5900 721.000000 0.000000 219.000000 56.000000
6.3800 72.5900 77.7500 728.000000 0.000000 219.000000 56.000000
6.3900 72.4700 77.8800 721.000000 0.000000 217.000000 56.000000
6.4000 72.4700 77.9500 699.000000 0.000000 217.000000 56.000000
6.4100 72.4700 77.9500 696.000000 0.000000 216.000000 56.000000
6.4200 72.4700 77.9500 688.000000 0.000000 216.000000 56.000000
6.4300 72.4700 77.9500 675.000000 0.000000 216.000000 56.000000
6.4400 72.9600 77.7000 666.000000 0.000000 216.000000 56.000000
6.4500 73.2500 77.5900 667.000000 0.000000 216.000000 56.000000
6.4600 73.5300 77.5400 663.000000 0.000000 216.000000 56.000000
6.4700 73.7900 77.5400 673.000000 0.000000 216.000000 56.000000
6.4800 74.0100 77.5400 667.000000 0.000000 216.000000 56.000000
6.4900 74.2000 77.5400 664.000000 0.000000 216.000000 56.000000
6.5000 74.3900 77.5400 652.000000 0.000000 216.000000 56.000000
6.5100 74.5500 77.4900 647.000000 0.000000 216.000000 56.000000
6.5200 74.6800 77.4900 655.000000 0.000000 216.000000 56.000000
6.5300 74.7800 77.4900 653.000000 0.000000 217.000000 55.000000
6.5400 74.7800 77.4900 652.000000 0.000000 217.000000 55.000000
6.5500 74.9000 77.4900 655.000000 0.000000 217.000000 55.000000
6.5600 75.0700 77.4900 662.000000 0.000000 217.000000 55.000000
6.5700 75.0700 77.5500 670.000000 0.000000 216.000000 56.000000
6.5800 75.0700 77.5500 673.000000 0.000000 216.000000 56.000000
6.5900 75.1400 77.5500 697.000000 0.000000 216.000000 56.000000
6.6000 75.1400 77.6000 700.000000 0.000000 216.000000 56.000000
6.6100 75.2000 77.6800 691.000000 0.000000 216.000000 56.000000
6.6200 75.3000 77.7900 705.000000 0.000000 216.000000 56.000000
6.6300 75.4500 77.9800 705.000000 0.000000 216.000000 56.000000
6.6400 75.5100 78.2200 707.000000 0.000000 216.000000 56.000000
6.6500 75.5600 78.4500 710.000000 0.000000 216.000000 56.000000
6.6600 75.5600 78.6500 705.000000 0.000000 216.000000 56.000000
6.6700 75.5600 78.8500 707.000000 0.000000 215.000000 55.000000
6.6800 75.5600 79.0600 708.000000 0.000000 215.000000 55.000000
6.6900 75.4900 79.2900 710.000000 0.000000 215.000000 55.000000
6.7000 75.4900 79.5000 717.000000 0.000000 214.000000 54.000000
6.7100 75.4900 79.6500 733.000000 0.000000 214.000000 54.000000
6.7200 75.4900 79.7400 730.000000 0.000000 215.000000 54.000000
6.7300 75.4900 79.7400 731.000000 0.000000 215.000000 54.000000
6.7400 75.4900 79.7400 727.000000 0.000000 216.000000 54.000000
6.7500 75.4900 79.7400 724.000000 0.000000 216.000000 54.000000
6.7600 75.4900 79.6700 724.000000 0.000000 218.000000 54.000000
6.7700 75.4400 79.5900 724.000000 0.000000 219.000000 55.000000
6.7800 75.3600 79.4800 727.000000 0.000000 219.000000 55.000000
6.7900 75.2600 79.3200 731.000000 0.000000 219.000000 55.000000
6.8000 75.2100 79.1000 730.000000 0.000000 216.000000 54.000000
6.8100 75.2100 78.8800 730.000000 0.000000 216.000000 54.000000
6.8200 75.1000 78.6600 733.000000 0.000000 216.000000 54.000000
6.8300 75.1000 78.3600 731.000000 0.000000 215.000000 54.000000
6.8400 75.1000 77.9900 736.000000 0.000000 215.000000 54.000000
6.8500 75.1000 77.6500 731.000000 0.000000 214.000000 54.000000
6.8600 75.2500 77.3000 731.000000 0.000000 214.000000 54.000000
6.8700 75.3400 77.0400 733.000000 0.000000 214.000000 54.000000
6.8800 75.4100 76.8300 736.000000 0.000000 215.000000 55.000000
6.8900 75.7000 76.7400 736.000000 0.000000 215.000000 55.000000
6.9000 76.0000 76.7400 746.000000 0.000000 215.000000 55.000000
6.9100 76.3100 76.8500 734.000000 0.000000 216.000000 56.000000
6.9200 76.5900 77.1700 722.000000 0.000000 216.000000 56.000000
6.9300 76.9500 77.5000 725.000000 0.000000 216.000000 56.000000
6.9400 77.3600 77.8500 725.000000 0.000000 217.000000 55.000000
6.9500 77.4700 78.2500 730.000000 0.000000 217.000000 55.000000
6.9600 77.5900 78.6200 743.000000 0.000000 217.000000 55.000000
6.9700 77.7100 78.9500 763.000000 0.000000 216.000000 54.000000
6.9800 77.7100 79.2800 762.000000 0.000000 218.000000 54.000000
6.9900 77.7100 79.5800 768.000000 0.000000 218.000000 54.000000
7.0000 77.6200 79.8400 768.000000 0.000000 217.000000 53.000000
7.0100 77.6200 79.9400 767.000000 0.000000 218.000000 53.000000
7.0200 77.6200 79.9400 754.000000 0.000000 218.000000 53.000000
7.0300 77.5600 79.8500 753.000000 0.000000 218.000000 53.000000
7.0400 77.5000 79.7300 760.000000 0.000000 218.000000 53.000000
7.0500 77.4200 79.4200 767.000000 0.000000 218.000000 53.000000
7.0600 77.3600 78.9900 771.000000 0.000000 218.000000 53.000000
7.0700 77.3600 78.6200 782.000000 0.000000 218.000000 53.000000
7.0800 77.2800 78.2500 791.000000 0.000000 218.000000 53.000000
7.0900 77.2800 77.8800 791.000000 0.000000 217.000000 53.000000
7.1000 77.4100 77.5900 788.000000 0.000000 217.000000 53.000000
7.1100 77.5300 77.4300 793.000000 0.000000 217.000000 53.000000
7.1200 77.6600 77.3500 777.000000 0.000000 217.000000 53.000000
7.1300 77.9500 77.3500 762.000000 0.000000 218.000000 54.000000
7.1400 78.3400 77.5700 756.000000 0.000000 218.000000 54.000000
7.1500 78.6600 77.9000 760.000000 0.000000 218.000000 54.000000
7.1600 78.8900 78.3600 757.000000 0.000000 218.000000 54.000000
7.1700 79.0500 78.7800 750.000000 0.000000 219.000000 53.000000
7.1800 79.2300 79.1500 759.000000 0.000000 219.000000 53.000000
7.1900 79.2900 79.5000 760.000000 0.000000 220.000000 53.000000
7.2000 79.2900 79.8000 762.000000 0.000000 219.000000 52.000000
7.2100 79.2900 79.9300 765.000000 0.000000 219.000000 52.000000
7.2200 79.2900 79.9300 762.000000 0.000000 220.000000 52.000000
7.2300 79.2000 79.8400 771.000000 0.000000 220.000000 52.000000
7.2400 79.1200 79.6600 776.000000 0.000000 220.000000 52.000000
7.2500 78.9300 79.3700 788.000000 0.000000 220.000000 52.000000
7.2600 78.8400 78.9900 790.000000 0.000000 220.000000 52.000000
7.2700 78.8400 78.5400 796.000000 0.000000 220.000000 52.000000
7.2800 78.7700 78.1600 796.000000 0.000000 220.000000 52.000000
7.2900 78.7700 77.8100 793.000000 0.000000 219.000000 52.000000
7.3000 78.7700 77.4800 791.000000 0.000000 220.000000 53.000000
7.3100 78.7700 77.2000 776.000000 0.000000 220.000000 53.000000
7.3200 78.7700 77.1000 771.000000 0.000000 220.000000 53.000000
7.3300 78.7100 77.1000 780.000000 0.000000 219.000000 53.000000
7.3400 78.7100 77.1000 783.000000 0.000000 220.000000 54.000000
7.3500 78.7100 77.1500 830.000000 0.000000 220.000000 54.000000
7.3600 78.7100 77.2700 842.000000 0.000000 219.000000 55.000000
7.3700 78.7100 77.4700 849.000000 0.000000 219.000000 55.000000
7.3800 78.7100 77.8800 852.000000 0.000000 219.000000 55.000000
7.3900 78.7100 78.3100 842.000000 0.000000 219.000000 55.000000
7.4000 78.9600 78.7500 825.000000 0.000000 220.000000 54.000000
7.4100 79.4600 79.0600 803.000000 0.000000 219.000000 53.000000
7.4200 80.1400 79.3400 793.000000 0.000000 219.000000 53.000000
7.4300 80.9000 79.2700 796.000000 0.000000 218.000000 53.000000
7.4400 81.4400 78.9700 793.000000 0.000000 218.000000 53.000000
7.4500 81.8200 78.5200 797.000000 0.000000 217.000000 52.000000
7.4600 82.0400 78.0400 809.000000 0.000000 217.000000 52.000000
7.4700 81.9500 77.6600 832.000000 0.000000 218.000000 52.000000
7.4800 81.6600 77.3500 854.000000 0.000000 218.000000 52.000000
7.4900 81.2500 77.0400 869.000000 0.000000 219.000000 52.000000
7.5000 80.6500 76.8600 902.000000 0.000000 219.000000 52.000000
7.5100 79.9300 76.7700 915.000000 0.000000 220.000000 53.000000
7.5200 79.3300 76.7700 939.000000 0.000000 221.000000 54.000000
7.5300 78.9200 76.8700 923.000000 0.000000 221.000000 54.000000
7.5400 78.6400 76.9900 903.000000 0.000000 223.000000 54.000000
7.5500 78.6400 77.1700 852.000000 0.000000 221.000000 55.000000
7.5600 78.6400 77.4100 705.000000 0.000000 221.000000 55.000000
7.5700 78.7000 77.6900 492.000000 0.000000 221.000000 55.000000
7.5800 78.7000 77.6900 0.000000 1.000000 221.000000 55.000000
7.5900 78.6100 77.9200 0.000000 0.000000 220.000000 54.000000
7.6000 78.6900 77.9200 0.000000 0.000000 220.000000 54.000000
7.6100 78.8600 77.8200 0.000000 0.000000 220.000000 54.000000
7.6200 78.9900 77.7400 0.000000 0.000000 219.000000 53.000000
7.6300 79.0800 77.6400 0.000000 0.000000 219.000000 53.000000
7.6400 79.0800 77.5500 0.000000 0.000000 219.000000 53.000000
7.6500 79.0800 77.4400 0.000000 0.000000 219.000000 53.000000
7.6600 78.9500 77.3900 0.000000 0.000000 220.000000 53.000000
7.6700 78.7500 77.3900 0.000000 0.000000 220.000000 53.000000
7.6800 78.5000 77.3900 0.000000 0.000000 221.000000 52.000000
7.6900 78.3000 77.3900 0.000000 0.000000 220.000000 52.000000
7.7000 78.1300 77.3900 0.000000 0.000000 220.000000 52.000000
7.7100 78.0000 77.3900 0.000000 0.000000 220.000000 51.000000
7.7200 77.8500 77.3900 0.000000 0.000000 220.000000 51.000000
7.7300 77.6900 77.4400 0.000000 0.000000 220.000000 51.000000
7.7400 77.5400 77.4400 0.000000 0.000000 219.000000 50.000000
7.7500 77.4000 77.5200 0.000000 0.000000 220.000000 50.000000
7.7600 77.1600 77.5800 0.000000 0.000000 220.000000 50.000000
7.7700 76.9000 77.6600 0.000000 0.000000 220.000000 50.000000
7.7800 76.6100 77.6600 0.000000 0.000000 220.000000 50.000000
7.7900 76.2600 77.6600 0.000000 0.000000 220.000000 50.000000
7.8000 75.9100 77.6600 0.000000 0.000000 220.000000 50.000000
7.8100 75.5400 77.7500 0.000000 0.000000 220.000000 50.000000
7.8200 75.2400 77.8200 0.000000 0.000000 220.000000 50.000000
7.8300 74.9900 77.9400 0.000000 0.000000 220.000000 50.000000
7.8400 74.7700 78.0900 0.000000 0.000000 221.000000 48.000000
7.8500 74.5600 78.2100 0.000000 0.000000 221.000000 48.000000
7.8600 74.3600 78.3200 0.000000 0.000000 221.000000 48.000000
7.8700 74.0200 78.4000 0.000000 0.000000 220.000000 48.000000
7.8800 73.6700 78.4000 0.000000 0.000000 218.000000 48.000000
7.8900 73.3000 78.4000 0.000000 0.000000 218.000000 48.000000
7.9000 73.0000 78.3500 0.000000 0.000000 218.000000 48.000000
7.9100 72.6800 78.2700 0.000000 0.000000 216.000000 48.000000
7.9200 72.3200 78.2700 0.000000 0.000000 217.000000 49.000000
7.9300 71.9000 78.2700 0.000000 0.000000 217.000000 49.000000
7.9400 71.3700 78.4300 0.000000 0.000000 216.000000 49.000000
7.9500 70.7700 78.5300 0.000000 0.000000 215.000000 50.000000
7.9600 70.1800 78.5900 0.000000 0.000000 214.000000 50.000000
7.9700 69.6600 78.5900 0.000000 0.000000 213.000000 51.000000
7.9800 69.1700 78.5900 0.000000 0.000000 213.000000 51.000000
7.9900 68.8300 78.5900 0.000000 0.000000 212.000000 51.000000
8.0000 68.6300 78.6500 0.000000 0.000000 213.000000 52.000000
8.0100 68.5200 78.7100 0.000000 0.000000 212.000000 53.000000
8.0200 68.4100 78.8400 0.000000 0.000000 213.000000 53.000000
8.0300 68.3600 79.0200 0.000000 0.000000 213.000000 53.000000
8.0400 68.4900 78.9600 0.000000 0.000000 215.000000 54.000000
8.0500 68.7100 78.8800 0.000000 0.000000 215.000000 54.000000
8.0600 69.0600 78.7800 0.000000 0.000000 215.000000 54.000000
8.0700 69.4000 78.6600 0.000000 0.000000 215.000000 54.000000
8.0800 69.7100 78.5000 0.000000 0.000000 215.000000 54.000000
8.0900 70.0000 78.3300 0.000000 0.000000 215.000000 54.000000
8.1000 70.0000 78.1800 0.000000 0.000000 214.000000 54.000000
8.1100 69.8000 78.1300 0.000000 0.000000 214.000000 54.000000
8.1200 69.4800 78.1300 0.000000 0.000000 214.000000 54.000000
8.1300 69.1300 77.9900 0.000000 0.000000 213.000000 55.000000
8.1400 68.7400 77.8100 0.000000 0.000000 213.000000 55.000000
8.1500 68.3500 77.5700 0.000000 0.000000 213.000000 55.000000
8.1600 68.0300 77.3400 0.000000 0.000000 213.000000 55.000000
8.1700 67.7500 77.1300 0.000000 0.000000 213.000000 55.000000
8.1800 67.6000 76.9400 0.000000 0.000000 213.000000 55.000000
8.1900 67.5000 76.7000 0.000000 0.000000 214.000000 54.000000
8.2000 67.4200 76.4500 0.000000 0.000000 214.000000 54.000000
8.2100 67.3300 76.1800 0.000000 0.000000 214.000000 54.000000
8.2200 67.2300 75.9100 0.000000 0.000000 214.000000 54.000000
8.2300 67.1700 75.6000 0.000000 0.000000 214.000000 54.000000
8.2400 67.1700 75.2700 0.000000 0.000000 213.000000 55.000000
8.2500 67.0600 75.0200 0.000000 0.000000 213.000000 55.000000
8.2600 66.9500 74.8200 0.000000 0.000000 213.000000 55.000000
8.2700 66.8000 74.5900 0.000000 0.000000 213.000000 55.000000
8.2800 66.6200 74.3800 0.000000 0.000000 213.000000 55.000000
8.2900 66.4600 74.1600 0.000000 0.000000 213.000000 55.000000
8.3000 66.3300 73.9200 0.000000 0.000000 213.000000 55.000000
8.3100 66.2500 73.6500 0.000000 0.000000 213.000000 55.000000
8.3200 66.1700 73.3700 0.000000 0.000000 213.000000 55.000000
8.3300 66.1000 73.0900 0.000000 0.000000 213.000000 55.000000
8.3400 66.0100 72.7800 0.000000 0.000000 211.000000 55.000000
8.3500 65.9000 72.4600 0.000000 0.000000 212.000000 56.000000
8.3600 65.7600 72.2000 0.000000 0.000000 212.000000 56.000000
8.3700 65.5900 71.9800 0.000000 0.000000 212.000000 56.000000
8.3800 65.4000 71.9000 0.000000 0.000000 213.000000 56.000000
8.3900 65.3000 71.9000 0.000000 0.000000 212.000000 57.000000
8.4000 65.3000 72.0100 0.000000 0.000000 212.000000 57.000000
8.4100 65.3000 72.0600 0.000000 0.000000 212.000000 57.000000
8.4200 65.3000 72.1300 0.000000 0.000000 210.000000 57.000000
8.4300 65.3000 72.2200 0.000000 0.000000 210.000000 57.000000
8.4400 65.3600 72.3200 0.000000 0.000000 210.000000 57.000000
8.4500 65.3600 72.4900 0.000000 0.000000 210.000000 57.000000
8.4600 65.5000 72.7200 0.000000 0.000000 210.000000 57.000000
8.4700 65.6700 73.0300 0.000000 0.000000 210.000000 57.000000
8.4800 65.9200 73.3000 0.000000 0.000000 210.000000 57.000000
8.4900 66.1500 73.4400 0.000000 0.000000 209.000000 56.000000
8.5000 66.3300 73.5200 0.000000 0.000000 209.000000 56.000000
8.5100 66.4700 73.5200 0.000000 0.000000 209.000000 56.000000
8.5200 66.6200 73.5900 0.000000 0.000000 209.000000 56.000000
8.5300 66.7500 73.6600 0.000000 0.000000 210.000000 55.000000
8.5400 66.8500 73.7700 0.000000 0.000000 210.000000 55.000000
8.5500 66.9000 73.8800 0.000000 0.000000 210.000000 55.000000
8.5600 66.9000 73.9800 0.000000 0.000000 210.000000 55.000000
8.5700 66.9500 74.0500 0.000000 0.000000 210.000000 55.000000
8.5800 66.9500 74.1400 0.000000 0.000000 210.000000 55.000000
8.5900 66.8900 74.2400 0.000000 0.000000 208.000000 56.000000
8.6000 66.8400 74.3400 0.000000 0.000000 208.000000 56.000000
8.6100 66.7700 74.4400 0.000000 0.000000 208.000000 56.000000
8.6200 66.7000 74.5400 0.000000 0.000000 208.000000 56.000000
8.6300 66.7000 74.5400 0.000000 0.000000 208.000000 56.000000
8.6400 66.7000 74.4900 0.000000 0.000000 208.000000 56.000000
8.6500 66.7000 74.4000 0.000000 0.000000 208.000000 56.000000
8.6600 66.6200 74.2900 0.000000 0.000000 208.000000 56.000000
8.6700 66.5700 74.1700 0.000000 0.000000 207.000000 56.000000
8.6800 66.5700 74.1700 36.000000 1.000000 207.000000 56.000000
8.6900 66.5700 74.1700 151.000000 0.000000 207.000000 56.000000
8.7000 66.5700 74.1700 282.000000 0.000000 206.000000 56.000000
8.7100 66.5700 74.1700 397.000000 0.000000 206.000000 56.000000
8.7200 66.5700 74.1700 514.000000 0.000000 206.000000 56.000000
8.7300 66.6800 73.8700 585.000000 0.000000 206.000000 56.000000
8.7400 66.7500 73.8200 655.000000 0.000000 204.000000 57.000000
8.7500 66.9100 73.8200 699.000000 0.000000 204.000000 57.000000
8.7600 67.1600 73.8200 707.000000 0.000000 204.000000 57.000000
8.7700 67.4700 73.8700 714.000000 0.000000 204.000000 57.000000
8.7800 67.9600 74.0800 710.000000 0.000000 204.000000 57.000000
8.7900 68.4300 74.4500 708.000000 0.000000 204.000000 57.000000
8.8000 68.8900 74.9300 710.000000 0.000000 206.000000 56.000000
8.8100 69.0200 75.2100 719.000000 0.000000 206.000000 57.000000
8.8200 69.0800 75.4800 716.000000 0.000000 208.000000 57.000000
8.8300 69.0300 75.7000 725.000000 0.000000 208.000000 57.000000
8.8400 68.9200 75.8800 724.000000 0.000000 209.000000 56.000000
8.8500 68.6200 76.0500 724.000000 0.000000 209.000000 56.000000
8.8600 68.1800 76.1900 725.000000 0.000000 209.000000 56.000000
8.8700 67.6800 76.2500 725.000000 0.000000 209.000000 56.000000
8.8800 67.1500 76.2500 730.000000 0.000000 209.000000 56.000000
8.8900 66.6000 76.2000 728.000000 0.000000 209.000000 56.000000
8.9000 66.2000 76.1400 721.000000 0.000000 208.000000 57.000000
8.9100 65.9000 76.1400 745.000000 0.000000 208.000000 57.000000
8.9200 65.6200 76.1400 788.000000 0.000000 206.000000 57.000000
8.9300 65.4400 76.1400 821.000000 0.000000 206.000000 57.000000
8.9400 65.3200 76.2500 867.000000 0.000000 205.000000 58.000000
8.9500 65.3200 76.3800 872.000000 0.000000 205.000000 58.000000
8.9600 65.2300 76.6000 899.000000 0.000000 205.000000 58.000000
8.9700 65.1600 76.7900 909.000000 0.000000 205.000000 58.000000
8.9800 65.1600 76.9500 915.000000 0.000000 205.000000 58.000000
8.9900 65.1600 77.1200 917.000000 0.000000 205.000000 58.000000
9.0000 65.3000 77.3300 924.000000 0.000000 205.000000 58.000000
9.0100 65.3800 77.5800 935.000000 0.000000 205.000000 58.000000
9.0200 65.5500 77.7000 930.000000 0.000000 205.000000 58.000000
9.0300 65.7900 77.8600 926.000000 0.000000 205.000000 58.000000
9.0400 65.8800 78.0600 924.000000 0.000000 205.000000 58.000000
9.0500 65.9600 78.0600 926.000000 0.000000 205.000000 58.000000
9.0600 66.0100 78.1200 921.000000 0.000000 205.000000 58.000000
9.0700 66.0100 78.1200 917.000000 0.000000 205.000000 58.000000
9.0800 66.0100 78.1200 915.000000 0.000000 204.000000 57.000000
9.0900 66.0100 78.1200 914.000000 0.000000 204.000000 57.000000
9.1000 66.0100 78.1200 915.000000 0.000000 204.000000 57.000000
9.1100 66.0100 78.1200 914.000000 0.000000 204.000000 57.000000
9.1200 66.0100 78.1200 914.000000 0.000000 204.000000 57.000000
9.1300 66.0100 78.1200 917.000000 0.000000 204.000000 57.000000
9.1400 66.0100 78.1200 917.000000 0.000000 204.000000 57.000000
9.1500 66.0100 78.1200 917.000000 0.000000 203.000000 57.000000
9.1600 66.0100 78.1200 917.000000 0.000000 203.000000 57.000000
9.1700 66.0100 78.1200 917.000000 0.000000 203.000000 57.000000
9.1800 66.0100 78.1200 917.000000 0.000000 203.000000 57.000000
9.1900 66.0100 78.1200 914.000000 0.000000 203.000000 57.000000
9.2000 66.0100 78.1200 908.000000 0.000000 203.000000 57.000000
9.2100 66.0100 78.1200 903.000000 0.000000 203.000000 57.000000
9.2200 66.0100 78.1200 899.000000 0.000000 204.000000 57.000000
9.2300 66.0600 78.1200 899.000000 0.000000 204.000000 57.000000
9.2400 66.0600 78.1200 896.000000 0.000000 204.000000 57.000000
9.2500 66.0600 78.1200 897.000000 0.000000 204.000000 57.000000
9.2600 66.1300 78.1200 873.000000 0.000000 204.000000 57.000000
9.2700 66.1900 78.1200 854.000000 0.000000 204.000000 57.000000
9.2800 66.2400 78.1200 869.000000 0.000000 204.000000 57.000000
9.2900 66.2400 78.0700 853.000000 0.000000 204.000000 57.000000
9.3000 66.2400 78.0700 855.000000 0.000000 203.000000 57.000000
9.3100 66.2400 78.0700 857.000000 0.000000 203.000000 57.000000
9.3200 66.2400 78.0700 858.000000 0.000000 203.000000 57.000000
9.3300 66.2400 78.0700 857.000000 0.000000 203.000000 57.000000
9.3400 66.2400 78.0700 854.000000 0.000000 203.000000 57.000000
9.3500 66.2400 78.0700 869.000000 0.000000 203.000000 57.000000
9.3600 66.2400 78.0700 866.000000 0.000000 203.000000 57.000000
9.3700 66.2400 78.0700 861.000000 0.000000 203.000000 57.000000
9.3800 66.2400 78.0700 861.000000 0.000000 203.000000 57.000000
9.3900 66.2400 78.0700 863.000000 0.000000 203.000000 57.000000
9.4000 66.2400 78.0700 861.000000 0.000000 203.000000 57.000000
9.4100 66.2400 78.0700 852.000000 0.000000 203.000000 57.000000
9.4200 66.2400 78.0700 845.000000 0.000000 203.000000 57.000000
9.4300 66.2400 78.0700 840.000000 0.000000 203.000000 57.000000
9.4400 66.2400 78.0700 837.000000 0.000000 203.000000 57.000000
9.4500 66.2400 78.0700 836.000000 0.000000 203.000000 57.000000
9.4600 66.2400 78.0700 837.000000 0.000000 203.000000 57.000000
9.4700 66.2400 78.0700 839.000000 0.000000 203.000000 57.000000
9.4800 66.2400 78.0700 837.000000 0.000000 203.000000 57.000000
9.4900 66.2400 78.0700 834.000000 0.000000 203.000000 57.000000
9.5000 66.2400 78.0700 828.000000 0.000000 203.000000 57.000000
9.5100 66.2400 78.0700 827.000000 0.000000 203.000000 57.000000
9.5200 66.2400 78.0700 824.000000 0.000000 203.000000 57.000000
9.5300 66.2400 78.0700 825.000000 0.000000 203.000000 57.000000
9.5400 66.2400 78.0700 828.000000 0.000000 203.000000 57.000000
9.5500 66.2400 78.0700 830.000000 0.000000 203.000000 57.000000
9.5600 66.2400 78.0700 825.000000 0.000000 203.000000 57.000000
9.5700 66.2400 78.0700 825.000000 0.000000 203.000000 57.000000
9.5800 66.5400 78.0700 825.000000 0.000000 203.000000 57.000000
9.5900 66.6200 78.0700 828.000000 0.000000 203.000000 57.000000
9.6000 66.7000 78.1500 828.000000 0.000000 203.000000 57.000000
9.6100 66.8100 78.2100 822.000000 0.000000 203.000000 57.000000
9.6200 66.9500 78.2800 832.000000 0.000000 203.000000 57.000000
9.6300 67.1900 78.3800 806.000000 0.000000 203.000000 57.000000
9.6400 67.5500 78.5100 794.000000 0.000000 203.000000 57.000000
9.6500 67.9800 78.6500 787.000000 0.000000 203.000000 57.000000
9.6600 68.3800 78.6500 796.000000 0.000000 202.000000 56.000000
9.6700 68.7800 78.6500 790.000000 0.000000 203.000000 56.000000
9.6800 69.2100 78.6500 791.000000 0.000000 203.000000 56.000000
9.6900 69.6600 78.4100 782.000000 0.000000 205.000000 55.000000
9.7000 70.0100 78.1100 784.000000 0.000000 205.000000 55.000000
9.7100 70.3000 77.7700 785.000000 0.000000 206.000000 55.000000
9.7200 70.3000 77.4400 791.000000 0.000000 208.000000 56.000000
9.7300 70.2300 77.1000 790.000000 0.000000 208.000000 56.000000
9.7400 69.9900 76.7800 790.000000 0.000000 210.000000 55.000000
9.7500 69.7200 76.4600 818.000000 0.000000 210.000000 55.000000
9.7600 69.0500 76.0700 827.000000 0.000000 208.000000 56.000000
9.7700 68.1300 75.7400 842.000000 0.000000 209.000000 56.000000
9.7800 66.9400 75.4600 861.000000 0.000000 209.000000 56.000000
9.7900 65.3900 75.1500 888.000000 0.000000 208.000000 57.000000
9.8000 63.6000 74.9300 908.000000 0.000000 206.000000 57.000000
9.8100 61.3400 74.7800 935.000000 0.000000 204.000000 57.000000
9.8200 58.9000 74.7800 949.000000 0.000000 203.000000 57.000000
9.8300 56.3300 74.8600 955.000000 0.000000 199.000000 57.000000
9.8400 53.9200 75.0000 958.000000 0.000000 196.000000 58.000000
9.8500 51.6900 75.2100 968.000000 0.000000 193.000000 58.000000
9.8600 49.5800 75.4600 977.000000 0.000000 192.000000 58.000000
9.8700 47.9500 75.7400 982.000000 0.000000 189.000000 60.000000
9.8800 46.8600 76.0000 985.000000 0.000000 187.000000 60.000000
9.8900 46.1300 76.2900 984.000000 0.000000 183.000000 60.000000
9.9000 45.8900 76.5900 1002.000000 0.000000 180.000000 61.000000
9.9100 45.8300 76.9400 999.000000 0.000000 180.000000 61.000000
9.9200 45.9000 77.6200 987.000000 0.000000 178.000000 61.000000
9.9300 46.2700 78.5300 995.000000 0.000000 176.000000 61.000000
9.9400 47.1800 79.7100 944.000000 0.000000 176.000000 61.000000
9.9500 48.4600 81.1200 923.000000 0.000000 176.000000 61.000000
9.9600 50.3300 82.6800 894.000000 0.000000 176.000000 61.000000
9.9700 52.7300 83.8600 872.000000 0.000000 178.000000 61.000000
9.9800 55.4800 84.6700 873.000000 0.000000 180.000000 60.000000
9.9900 58.7100 85.2400 879.000000 0.000000 180.000000 60.000000
10.0000 62.4600 85.4200 888.000000 0.000000 183.000000 60.000000
10.0100 66.5600 85.1000 911.000000 0.000000 187.000000 59.000000
10.0200 70.8400 84.4600 941.000000 0.000000 190.000000 59.000000
10.0300 75.0700 83.4600 942.000000 0.000000 192.000000 58.000000
10.0400 78.4500 82.2900 950.000000 0.000000 195.000000 58.000000
10.0500 81.2900 81.0100 983.000000 0.000000 198.000000 58.000000
10.0600 82.7100 79.7100 988.000000 0.000000 201.000000 57.000000
10.0700 82.7100 78.6000 1023.000000 0.000000 203.000000 58.000000
10.0800 81.7600 77.6100 1023.000000 0.000000 205.000000 58.000000
10.0900 79.4500 76.9500 1023.000000 0.000000 205.000000 58.000000
10.1000 76.0600 76.8400 1023.000000 0.000000 206.000000 58.000000
10.1100 71.9600 77.1100 1012.000000 0.000000 206.000000 58.000000
10.1200 67.9700 77.5200 867.000000 0.000000 205.000000 60.000000
10.1300 64.8800 77.9300 647.000000 0.000000 202.000000 60.000000
