0.0000 85.0700 48.1600 39.000000 1.000000 153.000000 48.000000
0.0100 85.2500 48.6200 89.000000 0.000000 153.000000 48.000000
0.0200 85.3000 48.8800 170.000000 0.000000 153.000000 48.000000
0.0300 85.3000 48.9800 225.000000 0.000000 153.000000 48.000000
0.0400 85.3000 49.0400 272.000000 0.000000 153.000000 48.000000
0.0500 85.2300 49.0400 311.000000 0.000000 152.000000 48.000000
0.0600 85.1700 49.0400 329.000000 0.000000 151.000000 48.000000
0.0700 85.1700 48.9800 373.000000 0.000000 151.000000 48.000000
0.0800 85.1700 48.5200 413.000000 0.000000 151.000000 48.000000
0.0900 85.0800 47.7900 441.000000 0.000000 151.000000 48.000000
0.1000 84.9300 47.2200 465.000000 0.000000 151.000000 48.000000
0.1100 84.9300 46.6700 491.000000 0.000000 153.000000 49.000000
0.1200 84.9800 46.1400 496.000000 0.000000 153.000000 49.000000
0.1300 84.9800 45.8300 488.000000 0.000000 152.000000 49.000000
0.1400 85.0700 45.6400 486.000000 0.000000 152.000000 49.000000
0.1500 85.0700 45.5300 491.000000 0.000000 151.000000 50.000000
0.1600 85.0700 45.5300 491.000000 0.000000 151.000000 50.000000
0.1700 85.0700 45.7300 483.000000 0.000000 150.000000 51.000000
0.1800 85.0700 46.0200 475.000000 0.000000 150.000000 51.000000
0.1900 85.0700 46.5500 472.000000 0.000000 150.000000 51.000000
0.2000 85.0700 47.1200 473.000000 0.000000 150.000000 51.000000
0.2100 84.9500 47.7200 473.000000 0.000000 151.000000 50.000000
0.2200 84.9500 48.4500 475.000000 0.000000 151.000000 50.000000
0.2300 84.9000 49.0000 478.000000 0.000000 152.000000 49.000000
0.2400 84.9000 49.4400 472.000000 0.000000 153.000000 49.000000
0.2500 84.9000 49.2600 464.000000 0.000000 151.000000 48.000000
0.2600 84.9000 49.0400 467.000000 0.000000 151.000000 48.000000
0.2700 85.0700 48.5800 472.000000 0.000000 152.000000 48.000000
0.2800 85.2300 47.9700 480.000000 0.000000 152.000000 48.000000
0.2900 85.3900 47.6200 485.000000 0.000000 152.000000 48.000000
0.3000 85.7100 47.4200 483.000000 0.000000 152.000000 48.000000
0.3100 86.0100 47.3100 486.000000 0.000000 152.000000 48.000000
0.3200 86.3100 47.3100 486.000000 0.000000 152.000000 48.000000
0.3300 86.6300 47.5200 478.000000 0.000000 152.000000 48.000000
0.3400 86.9300 47.8100 466.000000 0.000000 153.000000 48.000000
0.3500 87.1300 48.2200 447.000000 0.000000 153.000000 48.000000
0.3600 87.2800 48.6800 446.000000 0.000000 153.000000 48.000000
0.3700 87.2800 49.1800 417.000000 0.000000 153.000000 48.000000
0.3800 87.1000 49.6300 402.000000 0.000000 153.000000 48.000000
0.3900 86.9000 50.0600 407.000000 0.000000 153.000000 48.000000
0.4000 86.7100 50.2300 415.000000 0.000000 153.000000 48.000000
0.4100 86.5300 50.2300 413.000000 0.000000 153.000000 48.000000
0.4200 86.4100 49.9900 431.000000 0.000000 153.000000 48.000000
0.4300 86.3500 49.4500 465.000000 0.000000 152.000000 48.000000
0.4400 86.3500 48.7000 483.000000 0.000000 152.000000 48.000000
0.4500 86.4300 47.8200 495.000000 0.000000 152.000000 48.000000
0.4600 86.4800 47.0300 490.000000 0.000000 152.000000 48.000000
0.4700 86.5800 46.4600 475.000000 0.000000 153.000000 49.000000
0.4800 86.6900 46.0000 441.000000 0.000000 153.000000 49.000000
0.4900 86.8600 45.6400 317.000000 0.000000 152.000000 49.000000
0.5000 86.8600 45.6400 0.000000 1.000000 152.000000 49.000000
0.5100 87.1600 45.3700 0.000000 0.000000 151.000000 50.000000
0.5200 87.2100 45.4900 0.000000 0.000000 151.000000 50.000000
0.5300 87.2100 45.7700 0.000000 0.000000 150.000000 51.000000
0.5400 87.2100 46.1700 0.000000 0.000000 151.000000 51.000000
0.5500 87.3300 46.4500 0.000000 0.000000 151.000000 51.000000
0.5600 87.5300 46.7100 0.000000 0.000000 152.000000 51.000000
0.5700 87.7600 46.9000 0.000000 0.000000 152.000000 51.000000
0.5800 88.0200 47.0300 0.000000 0.000000 153.000000 50.000000
0.5900 88.2900 47.1000 0.000000 0.000000 153.000000 50.000000
0.6000 88.5700 47.1000 0.000000 0.000000 153.000000 50.000000
0.6100 88.7400 47.0500 0.000000 0.000000 154.000000 49.000000
0.6200 88.8500 47.0000 0.000000 0.000000 154.000000 49.000000
0.6300 88.9800 47.0000 0.000000 0.000000 154.000000 50.000000
0.6400 89.1000 46.9300 0.000000 0.000000 154.000000 50.000000
0.6500 89.2100 46.9300 0.000000 0.000000 154.000000 50.000000
0.6600 89.3100 46.8200 0.000000 0.000000 154.000000 50.000000
0.6700 89.3100 46.8200 10.000000 0.000000 153.000000 50.000000
0.6800 89.3100 46.8200 60.000000 1.000000 153.000000 50.000000
0.6900 89.3100 46.8200 132.000000 0.000000 152.000000 49.000000
0.7000 89.3100 47.0900 226.000000 0.000000 152.000000 49.000000
0.7100 89.3100 47.1800 284.000000 0.000000 151.000000 49.000000
0.7200 89.2600 47.3000 353.000000 0.000000 151.000000 49.000000
0.7300 89.2000 47.4100 388.000000 0.000000 149.000000 49.000000
0.7400 89.1300 47.5100 431.000000 0.000000 149.000000 49.000000
0.7500 88.9700 47.6000 458.000000 0.000000 151.000000 48.000000
0.7600 88.7700 47.6000 465.000000 0.000000 151.000000 48.000000
0.7700 88.5500 47.6000 495.000000 0.000000 153.000000 49.000000
0.7800 88.2500 47.5300 489.000000 0.000000 153.000000 48.000000
0.7900 87.9600 47.3600 489.000000 0.000000 155.000000 48.000000
0.8000 87.7000 47.1200 492.000000 0.000000 155.000000 48.000000
0.8100 87.4700 46.8400 499.000000 0.000000 156.000000 48.000000
0.8200 87.4100 46.5500 499.000000 0.000000 155.000000 49.000000
0.8300 87.3600 46.2200 492.000000 0.000000 155.000000 49.000000
0.8400 87.4700 46.0100 483.000000 0.000000 155.000000 49.000000
0.8500 87.6900 45.8900 488.000000 0.000000 154.000000 50.000000
0.8600 88.0500 45.8400 491.000000 0.000000 154.000000 50.000000
0.8700 88.4700 45.9400 480.000000 0.000000 153.000000 51.000000
0.8800 88.8400 46.1500 468.000000 0.000000 153.000000 51.000000
0.8900 89.1600 46.4200 469.000000 0.000000 153.000000 51.000000
0.9000 89.3900 46.7200 455.000000 0.000000 152.000000 51.000000
0.9100 89.4600 47.0500 461.000000 0.000000 152.000000 51.000000
0.9200 89.4100 47.3600 464.000000 0.000000 152.000000 51.000000
0.9300 89.2700 47.5100 486.000000 0.000000 152.000000 49.000000
0.9400 89.1700 47.5600 490.000000 0.000000 152.000000 49.000000
0.9500 89.0900 47.4900 496.000000 0.000000 153.000000 49.000000
0.9600 89.0000 47.2200 492.000000 0.000000 153.000000 49.000000
0.9700 89.0000 46.8300 515.000000 0.000000 153.000000 49.000000
0.9800 89.1200 46.4600 512.000000 0.000000 153.000000 49.000000
0.9900 89.2900 46.1900 502.000000 0.000000 153.000000 49.000000
1.0000 89.6400 45.9900 489.000000 0.000000 153.000000 49.000000
1.0100 89.9500 45.8300 465.000000 0.000000 152.000000 49.000000
1.0200 90.2200 45.8300 339.000000 0.000000 152.000000 49.000000
1.0300 90.2200 45.8300 0.000000 1.000000 151.000000 50.000000
1.0400 90.8600 46.3000 0.000000 0.000000 150.000000 50.000000
1.0500 91.1100 46.6900 0.000000 0.000000 150.000000 50.000000
1.0600 91.2600 47.1500 0.000000 0.000000 151.000000 50.000000
1.0700 91.2600 47.6000 0.000000 0.000000 151.000000 50.000000
1.0800 91.2600 48.2000 0.000000 0.000000 153.000000 51.000000
1.0900 91.2100 48.8900 0.000000 0.000000 155.000000 50.000000
1.1000 91.1100 49.6100 0.000000 0.000000 157.000000 51.000000
1.1100 90.9900 50.0700 0.000000 0.000000 157.000000 50.000000
1.1200 90.9900 50.0700 141.000000 1.000000 159.000000 50.000000
1.1300 90.9900 50.0700 203.000000 0.000000 159.000000 49.000000
1.1400 90.7200 50.0400 242.000000 0.000000 160.000000 48.000000
1.1500 90.5800 49.8800 284.000000 0.000000 160.000000 47.000000
1.1600 90.5800 49.4700 341.000000 0.000000 158.000000 47.000000
1.1700 90.5800 48.8900 394.000000 0.000000 158.000000 46.000000
1.1800 90.6300 48.1900 430.000000 0.000000 156.000000 46.000000
1.1900 90.6300 47.5600 443.000000 0.000000 156.000000 46.000000
1.2000 90.6300 46.9900 458.000000 0.000000 156.000000 46.000000
1.2100 90.7100 46.4500 461.000000 0.000000 154.000000 47.000000
1.2200 90.7100 46.0800 458.000000 0.000000 153.000000 48.000000
1.2300 90.7900 45.8500 436.000000 0.000000 153.000000 49.000000
1.2400 90.8400 45.7100 420.000000 0.000000 152.000000 49.000000
1.2500 90.8400 45.7600 397.000000 0.000000 150.000000 50.000000
1.2600 90.9200 45.9800 358.000000 0.000000 150.000000 50.000000
1.2700 90.9700 46.3200 334.000000 0.000000 150.000000 50.000000
1.2800 90.9700 46.6900 334.000000 0.000000 150.000000 50.000000
1.2900 91.0300 47.1200 339.000000 0.000000 150.000000 50.000000
1.3000 91.1000 47.5900 366.000000 0.000000 150.000000 50.000000
1.3100 91.1600 47.8700 399.000000 0.000000 150.000000 50.000000
1.3200 91.2400 47.8700 423.000000 0.000000 151.000000 49.000000
1.3300 91.3700 47.8000 414.000000 0.000000 151.000000 48.000000
1.3400 91.5600 47.7200 428.000000 0.000000 151.000000 48.000000
1.3500 91.8000 47.6200 441.000000 0.000000 153.000000 49.000000
1.3600 92.0300 47.4800 443.000000 0.000000 153.000000 48.000000
1.3700 92.2200 47.3900 447.000000 0.000000 153.000000 48.000000
1.3800 92.3800 47.3300 447.000000 0.000000 153.000000 48.000000
1.3900 92.4300 47.3300 450.000000 0.000000 153.000000 48.000000
1.4000 92.4300 47.3300 458.000000 0.000000 153.000000 48.000000
1.4100 92.4300 47.3300 468.000000 0.000000 153.000000 48.000000
1.4200 92.4300 47.2700 480.000000 0.000000 153.000000 49.000000
1.4300 92.4300 47.1900 488.000000 0.000000 154.000000 49.000000
1.4400 92.4300 46.9300 510.000000 0.000000 154.000000 49.000000
1.4500 92.3300 46.5800 522.000000 0.000000 154.000000 49.000000
1.4600 92.3300 46.2400 526.000000 0.000000 153.000000 50.000000
1.4700 92.4100 46.0300 517.000000 0.000000 153.000000 50.000000
1.4800 92.6000 45.9000 478.000000 0.000000 153.000000 50.000000
1.4900 92.8700 45.9000 344.000000 0.000000 152.000000 51.000000
1.5000 93.1200 46.0400 103.000000 0.000000 152.000000 51.000000
1.5100 93.1200 46.0400 0.000000 1.000000 152.000000 51.000000
1.5200 93.8800 46.6800 0.000000 0.000000 152.000000 51.000000
1.5300 94.0000 47.0900 0.000000 0.000000 152.000000 51.000000
1.5400 93.9500 47.5300 0.000000 0.000000 152.000000 51.000000
1.5500 93.7800 48.0000 0.000000 0.000000 152.000000 51.000000
1.5600 93.7800 48.0000 36.000000 1.000000 154.000000 50.000000
1.5700 93.2000 48.8800 172.000000 0.000000 154.000000 50.000000
1.5800 92.8000 49.2000 237.000000 0.000000 154.000000 50.000000
1.5900 92.5900 49.2000 241.000000 0.000000 155.000000 49.000000
1.6000 92.5100 49.1500 254.000000 0.000000 155.000000 49.000000
1.6100 92.5100 49.0800 190.000000 0.000000 155.000000 49.000000
1.6200 92.5100 49.0800 0.000000 1.000000 155.000000 49.000000
1.6300 92.8400 48.5600 0.000000 0.000000 155.000000 49.000000
1.6400 93.0400 48.3900 0.000000 0.000000 156.000000 50.000000
1.6500 93.0400 48.3900 0.000000 0.000000 156.000000 50.000000
1.6600 93.4400 48.0300 0.000000 0.000000 156.000000 50.000000
1.6700 93.5700 47.7900 0.000000 0.000000 157.000000 50.000000
1.6800 93.7200 47.5300 0.000000 0.000000 157.000000 50.000000
1.6900 93.8600 47.2300 0.000000 0.000000 157.000000 50.000000
1.7000 93.8600 47.2300 286.000000 1.000000 157.000000 50.000000
1.7100 93.7500 46.6400 376.000000 0.000000 157.000000 50.000000
1.7200 93.8100 46.5700 439.000000 0.000000 157.000000 50.000000
1.7300 93.8700 46.6300 509.000000 0.000000 157.000000 51.000000
1.7400 93.9600 46.6300 556.000000 0.000000 157.000000 51.000000
1.7500 94.1000 46.6300 567.000000 0.000000 155.000000 50.000000
1.7600 94.4200 46.7500 570.000000 0.000000 155.000000 50.000000
1.7700 94.8200 46.9000 561.000000 0.000000 155.000000 50.000000
1.7800 95.1400 47.0500 551.000000 0.000000 154.000000 50.000000
1.7900 95.3400 47.2300 516.000000 0.000000 154.000000 50.000000
1.8000 95.4500 47.4200 464.000000 0.000000 155.000000 50.000000
1.8100 95.5500 47.7000 423.000000 0.000000 155.000000 50.000000
1.8200 95.5500 48.1100 349.000000 0.000000 155.000000 50.000000
1.8300 95.6000 48.6200 277.000000 0.000000 156.000000 50.000000
1.8400 95.5500 49.1600 277.000000 0.000000 157.000000 50.000000
1.8500 95.4600 49.6400 307.000000 0.000000 157.000000 50.000000
1.8600 95.3500 49.8600 371.000000 0.000000 157.000000 50.000000
1.8700 95.2200 49.9400 405.000000 0.000000 157.000000 50.000000
1.8800 95.0900 49.8700 438.000000 0.000000 157.000000 50.000000
1.8900 94.9300 49.6000 450.000000 0.000000 157.000000 50.000000
1.9000 94.7600 49.2000 472.000000 0.000000 157.000000 50.000000
1.9100 94.7100 48.7000 502.000000 0.000000 157.000000 50.000000
1.9200 94.7100 48.1000 515.000000 0.000000 157.000000 50.000000
1.9300 94.6600 47.4400 530.000000 0.000000 157.000000 50.000000
1.9400 94.6100 46.9100 530.000000 0.000000 157.000000 50.000000
1.9500 94.6100 46.4400 521.000000 0.000000 157.000000 51.000000
1.9600 94.6100 46.0100 478.000000 0.000000 155.000000 50.000000
1.9700 94.7500 45.7800 409.000000 0.000000 155.000000 50.000000
1.9800 94.9000 45.7300 202.000000 0.000000 155.000000 51.000000
1.9900 94.9000 45.7300 0.000000 1.000000 155.000000 51.000000
2.0000 95.6600 46.1000 0.000000 0.000000 154.000000 52.000000
2.0100 95.9700 46.5700 0.000000 0.000000 154.000000 52.000000
2.0200 96.2500 47.1500 0.000000 0.000000 154.000000 52.000000
2.0300 96.5000 47.7900 0.000000 0.000000 154.000000 52.000000
2.0400 96.8100 48.5200 0.000000 0.000000 155.000000 51.000000
2.0500 97.1100 49.3200 0.000000 0.000000 155.000000 51.000000
2.0600 97.4000 49.7400 0.000000 0.000000 157.000000 51.000000
2.0700 97.6800 49.8200 0.000000 0.000000 157.000000 51.000000
2.0800 97.6800 49.8200 284.000000 1.000000 157.000000 51.000000
2.0900 97.8400 49.4800 307.000000 0.000000 157.000000 50.000000
2.1000 97.6800 49.2700 402.000000 0.000000 157.000000 50.000000
2.1100 97.6100 48.9900 458.000000 0.000000 159.000000 50.000000
2.1200 97.6100 48.5500 486.000000 0.000000 159.000000 50.000000
2.1300 97.6100 48.0700 515.000000 0.000000 159.000000 50.000000
2.1400 97.6600 47.6100 544.000000 0.000000 159.000000 50.000000
2.1500 97.7100 47.2000 543.000000 0.000000 159.000000 50.000000
2.1600 97.7100 46.8200 545.000000 0.000000 158.000000 51.000000
2.1700 97.8200 46.4700 545.000000 0.000000 158.000000 51.000000
2.1800 97.8900 46.2500 537.000000 0.000000 158.000000 51.000000
2.1900 97.9400 46.1300 499.000000 0.000000 157.000000 52.000000
2.2000 98.0100 46.1300 465.000000 0.000000 157.000000 52.000000
2.2100 98.0100 46.1300 407.000000 0.000000 157.000000 52.000000
2.2200 98.0100 46.2200 329.000000 0.000000 156.000000 53.000000
2.2300 97.9400 46.4100 220.000000 0.000000 156.000000 53.000000
2.2400 97.7600 46.6400 177.000000 0.000000 156.000000 53.000000
2.2500 97.4800 46.9100 158.000000 0.000000 156.000000 53.000000
2.2600 97.1000 47.1600 207.000000 0.000000 156.000000 53.000000
2.2700 96.7300 47.3600 282.000000 0.000000 157.000000 52.000000
2.2800 96.4200 47.4100 343.000000 0.000000 156.000000 51.000000
2.2900 96.2000 47.4100 393.000000 0.000000 157.000000 51.000000
2.3000 96.0600 47.2500 404.000000 0.000000 157.000000 51.000000
2.3100 96.0600 47.1100 422.000000 0.000000 157.000000 51.000000
2.3200 96.0600 47.1100 415.000000 0.000000 157.000000 50.000000
2.3300 96.0100 46.6700 418.000000 0.000000 157.000000 50.000000
2.3400 96.1100 46.4500 418.000000 0.000000 155.000000 50.000000
2.3500 96.2100 46.2800 423.000000 0.000000 155.000000 50.000000
2.3600 96.3000 46.1000 425.000000 0.000000 155.000000 50.000000
2.3700 96.5400 46.0200 391.000000 0.000000 155.000000 51.000000
2.3800 96.8200 46.0200 345.000000 0.000000 155.000000 51.000000
2.3900 97.1800 46.0800 183.000000 0.000000 155.000000 51.000000
2.4000 97.5900 46.2200 129.000000 0.000000 155.000000 52.000000
2.4100 97.9700 46.4100 124.000000 0.000000 155.000000 52.000000
2.4200 98.2300 46.5200 139.000000 0.000000 155.000000 52.000000
2.4300 98.4200 46.6300 253.000000 0.000000 155.000000 52.000000
2.4400 98.5100 46.6900 324.000000 0.000000 156.000000 53.000000
2.4500 98.5600 46.6900 376.000000 0.000000 156.000000 53.000000
2.4600 98.5600 46.6400 431.000000 0.000000 156.000000 53.000000
2.4700 98.6800 46.5800 452.000000 0.000000 157.000000 52.000000
2.4800 98.9500 46.5800 469.000000 0.000000 157.000000 52.000000
2.4900 99.3300 46.7000 471.000000 0.000000 157.000000 52.000000
2.5000 99.6300 46.7700 466.000000 0.000000 157.000000 52.000000
2.5100 99.9600 46.9500 449.000000 0.000000 157.000000 52.000000
2.5200 100.3200 47.2000 420.000000 0.000000 157.000000 52.000000
2.5300 100.3700 47.4100 399.000000 0.000000 156.000000 51.000000
2.5400 100.3700 47.6300 386.000000 0.000000 157.000000 51.000000
2.5500 100.2200 47.9000 391.000000 0.000000 157.000000 51.000000
2.5600 99.9400 48.1900 404.000000 0.000000 157.000000 51.000000
2.5700 99.6500 48.2800 422.000000 0.000000 156.000000 50.000000
2.5800 99.3600 48.1300 445.000000 0.000000 156.000000 50.000000
2.5900 99.0400 47.8300 467.000000 0.000000 157.000000 50.000000
2.6000 98.8900 47.4700 491.000000 0.000000 158.000000 49.000000
2.6100 98.8900 47.0600 540.000000 0.000000 158.000000 49.000000
2.6200 99.0200 46.7200 546.000000 0.000000 159.000000 50.000000
2.6300 99.2200 46.4400 543.000000 0.000000 159.000000 50.000000
2.6400 99.5000 46.2300 501.000000 0.000000 159.000000 50.000000
2.6500 99.9000 46.1800 339.000000 0.000000 158.000000 51.000000
2.6600 99.9000 46.1800 0.000000 1.000000 158.000000 51.000000
2.6700 100.7700 46.4300 0.000000 0.000000 157.000000 52.000000
2.6800 100.9700 46.8400 0.000000 0.000000 157.000000 52.000000
2.6900 101.0400 47.3900 0.000000 0.000000 157.000000 52.000000
2.7000 101.0400 47.9400 0.000000 0.000000 157.000000 52.000000
2.7100 101.2100 48.5300 0.000000 0.000000 157.000000 52.000000
2.7200 101.4100 49.1500 0.000000 0.000000 157.000000 52.000000
2.7300 101.8700 49.9600 0.000000 0.000000 156.000000 51.000000
2.7400 102.3600 50.4400 0.000000 0.000000 157.000000 51.000000
2.7500 102.8600 50.6900 0.000000 0.000000 155.000000 50.000000
2.7600 103.4200 51.4300 0.000000 0.000000 153.000000 50.000000
2.7700 104.4900 51.5200 0.000000 0.000000 152.000000 49.000000
2.7800 105.9100 51.1800 0.000000 0.000000 151.000000 50.000000
2.7900 106.6500 51.0700 0.000000 0.000000 151.000000 50.000000
2.8000 107.2100 50.9100 0.000000 0.000000 152.000000 51.000000
2.8100 107.6500 50.7200 0.000000 0.000000 155.000000 51.000000
2.8200 107.9500 50.5300 0.000000 0.000000 156.000000 51.000000
2.8300 107.9500 50.5300 0.000000 0.000000 158.000000 53.000000
2.8400 107.6500 50.3500 0.000000 0.000000 160.000000 53.000000
2.8500 107.2500 49.9800 0.000000 0.000000 161.000000 55.000000
2.8600 106.6400 49.6300 0.000000 0.000000 163.000000 55.000000
2.8700 105.8900 49.2800 0.000000 0.000000 162.000000 56.000000
2.8800 105.1000 48.8500 0.000000 0.000000 160.000000 55.000000
2.8900 104.4200 48.3700 0.000000 0.000000 159.000000 55.000000
2.9000 103.8100 48.1800 0.000000 0.000000 158.000000 55.000000
2.9100 103.2000 48.0600 0.000000 0.000000 155.000000 54.000000
2.9200 102.5900 47.9800 0.000000 0.000000 154.000000 53.000000
2.9300 102.1700 47.8500 0.000000 0.000000 154.000000 52.000000
2.9400 101.8700 47.7000 0.000000 0.000000 154.000000 52.000000
2.9500 101.7700 47.4900 0.000000 0.000000 153.000000 51.000000
2.9600 101.7700 47.2400 0.000000 0.000000 153.000000 51.000000
2.9700 101.8300 47.0900 0.000000 0.000000 154.000000 50.000000
2.9800 101.9100 47.0200 0.000000 0.000000 154.000000 50.000000
2.9900 101.9800 46.9500 0.000000 0.000000 153.000000 51.000000
3.0000 102.0300 46.9500 0.000000 0.000000 153.000000 51.000000
3.0100 102.1600 47.0700 0.000000 0.000000 153.000000 51.000000
3.0200 102.3200 47.2600 0.000000 0.000000 153.000000 51.000000
3.0300 102.5300 47.5200 0.000000 0.000000 153.000000 51.000000
3.0400 102.7500 47.8200 0.000000 0.000000 153.000000 51.000000
3.0500 102.9700 48.2600 0.000000 0.000000 153.000000 51.000000
3.0600 103.1100 48.7100 0.000000 0.000000 155.000000 51.000000
3.0700 103.2100 49.1800 0.000000 0.000000 155.000000 50.000000
3.0800 103.2100 49.6400 0.000000 0.000000 155.000000 50.000000
3.0900 103.2100 49.9900 0.000000 0.000000 155.000000 50.000000
3.1000 103.2100 50.2700 0.000000 0.000000 155.000000 50.000000
3.1100 103.2100 50.2700 188.000000 1.000000 155.000000 50.000000
3.1200 103.2100 50.2700 247.000000 0.000000 156.000000 50.000000
3.1300 102.9500 50.4300 277.000000 0.000000 156.000000 50.000000
3.1400 102.9500 50.2400 325.000000 0.000000 156.000000 50.000000
3.1500 102.9500 49.8100 373.000000 0.000000 156.000000 50.000000
3.1600 102.8600 49.2300 422.000000 0.000000 155.000000 49.000000
3.1700 102.9100 48.5200 448.000000 0.000000 155.000000 49.000000
3.1800 103.0000 47.8100 481.000000 0.000000 155.000000 49.000000
3.1900 103.0000 47.3100 491.000000 0.000000 154.000000 49.000000
3.2000 103.0000 46.9700 495.000000 0.000000 154.000000 49.000000
3.2100 103.1100 46.8500 492.000000 0.000000 153.000000 50.000000
3.2200 103.1100 46.7900 504.000000 0.000000 153.000000 50.000000
3.2300 103.1100 46.7900 510.000000 0.000000 153.000000 50.000000
3.2400 103.1100 46.7900 501.000000 0.000000 153.000000 50.000000
3.2500 103.1100 47.0700 492.000000 0.000000 153.000000 50.000000
3.2600 102.9900 47.4700 498.000000 0.000000 153.000000 50.000000
3.2700 103.0500 48.0900 483.000000 0.000000 153.000000 50.000000
3.2800 103.0500 48.7000 483.000000 0.000000 153.000000 50.000000
3.2900 102.8900 49.4000 490.000000 0.000000 153.000000 50.000000
3.3000 102.8900 50.1700 496.000000 0.000000 153.000000 50.000000
3.3100 102.9500 50.5800 496.000000 0.000000 153.000000 50.000000
3.3200 102.9500 50.5800 493.000000 0.000000 153.000000 50.000000
3.3300 102.9500 50.5800 490.000000 0.000000 154.000000 49.000000
3.3400 102.9500 50.5800 491.000000 0.000000 153.000000 50.000000
3.3500 103.0900 50.0700 488.000000 0.000000 153.000000 50.000000
3.3600 103.2500 49.5500 494.000000 0.000000 153.000000 50.000000
3.3700 103.5400 49.1600 502.000000 0.000000 153.000000 50.000000
3.3800 103.9100 48.8700 502.000000 0.000000 153.000000 50.000000
3.3900 104.3000 48.6500 510.000000 0.000000 153.000000 50.000000
3.4000 104.7300 48.6500 504.000000 0.000000 154.000000 50.000000
3.4100 105.2300 48.8000 492.000000 0.000000 153.000000 51.000000
3.4200 105.5700 49.0900 480.000000 0.000000 153.000000 51.000000
3.4300 105.8100 49.4800 470.000000 0.000000 153.000000 51.000000
3.4400 105.9600 49.8700 473.000000 0.000000 155.000000 51.000000
3.4500 105.9600 50.2700 465.000000 0.000000 155.000000 51.000000
3.4600 105.8000 50.6000 472.000000 0.000000 155.000000 51.000000
3.4700 105.5700 50.9000 473.000000 0.000000 155.000000 51.000000
3.4800 105.3700 50.9700 480.000000 0.000000 155.000000 51.000000
3.4900 105.2000 50.9000 486.000000 0.000000 155.000000 50.000000
3.5000 105.0500 50.5100 494.000000 0.000000 155.000000 50.000000
3.5100 104.9500 49.9400 520.000000 0.000000 155.000000 50.000000
3.5200 104.9500 49.2400 529.000000 0.000000 155.000000 50.000000
3.5300 105.0800 48.4700 533.000000 0.000000 155.000000 50.000000
3.5400 105.2200 47.7400 535.000000 0.000000 155.000000 50.000000
3.5500 105.3700 47.2600 535.000000 0.000000 155.000000 50.000000
3.5600 105.5100 46.9300 524.000000 0.000000 155.000000 50.000000
3.5700 105.6500 46.7300 512.000000 0.000000 155.000000 51.000000
3.5800 105.7600 46.6800 514.000000 0.000000 155.000000 51.000000
3.5900 105.9100 46.6800 491.000000 0.000000 155.000000 51.000000
3.6000 106.0800 46.8800 470.000000 0.000000 155.000000 51.000000
3.6100 106.2400 47.1300 455.000000 0.000000 155.000000 51.000000
3.6200 106.3700 47.4500 438.000000 0.000000 155.000000 51.000000
3.6300 106.4700 47.7600 438.000000 0.000000 155.000000 51.000000
3.6400 106.5200 48.0600 439.000000 0.000000 155.000000 51.000000
3.6500 106.5200 48.1100 461.000000 0.000000 155.000000 51.000000
3.6600 106.5200 48.0000 468.000000 0.000000 155.000000 50.000000
3.6700 106.5200 47.7500 485.000000 0.000000 155.000000 50.000000
3.6800 106.5700 47.4800 494.000000 0.000000 155.000000 50.000000
3.6900 106.6700 47.2000 515.000000 0.000000 156.000000 50.000000
3.7000 106.6700 47.2000 522.000000 0.000000 155.000000 50.000000
3.7100 106.9600 46.8000 537.000000 0.000000 155.000000 50.000000
3.7200 107.1500 46.7200 546.000000 0.000000 155.000000 50.000000
3.7300 107.3000 46.7200 550.000000 0.000000 155.000000 51.000000
3.7400 107.4100 46.7700 554.000000 0.000000 155.000000 51.000000
3.7500 107.5600 46.9100 561.000000 0.000000 155.000000 51.000000
3.7600 107.7400 47.1300 551.000000 0.000000 155.000000 51.000000
3.7700 107.7400 47.4000 539.000000 0.000000 155.000000 51.000000
3.7800 107.7400 47.7000 535.000000 0.000000 155.000000 51.000000
3.7900 107.7400 48.1400 526.000000 0.000000 155.000000 51.000000
3.8000 107.7400 48.6800 518.000000 0.000000 155.000000 51.000000
3.8100 107.6700 49.1200 530.000000 0.000000 156.000000 51.000000
3.8200 107.5900 49.2400 529.000000 0.000000 156.000000 51.000000
3.8300 107.4800 49.1600 526.000000 0.000000 157.000000 51.000000
3.8400 107.4300 49.1000 521.000000 0.000000 157.000000 51.000000
3.8500 107.3800 48.9900 521.000000 0.000000 156.000000 51.000000
3.8600 107.3800 48.7800 516.000000 0.000000 156.000000 51.000000
3.8700 107.3800 48.5400 515.000000 0.000000 156.000000 51.000000
3.8800 107.4800 48.3100 518.000000 0.000000 156.000000 51.000000
3.8900 107.6300 48.1500 513.000000 0.000000 156.000000 51.000000
3.9000 107.8500 48.0500 522.000000 0.000000 156.000000 51.000000
3.9100 108.1100 47.9500 527.000000 0.000000 156.000000 51.000000
3.9200 108.3700 47.9500 527.000000 0.000000 157.000000 51.000000
3.9300 108.6000 47.9500 529.000000 0.000000 157.000000 51.000000
3.9400 108.8600 47.8300 529.000000 0.000000 157.000000 51.000000
3.9500 109.1700 47.7300 538.000000 0.000000 157.000000 51.000000
3.9600 109.5400 47.6500 543.000000 0.000000 158.000000 51.000000
3.9700 109.7600 47.4800 544.000000 0.000000 158.000000 51.000000
3.9800 109.8900 47.3000 546.000000 0.000000 158.000000 51.000000
3.9900 109.8900 47.1000 542.000000 0.000000 158.000000 51.000000
4.0000 109.8900 46.9400 542.000000 0.000000 157.000000 52.000000
4.0100 109.8900 46.8400 543.000000 0.000000 157.000000 52.000000
4.0200 109.8000 46.8400 548.000000 0.000000 157.000000 52.000000
4.0300 109.8000 46.8400 553.000000 0.000000 157.000000 52.000000
4.0400 109.8000 46.8400 544.000000 0.000000 156.000000 53.000000
4.0500 109.8000 46.8400 530.000000 0.000000 156.000000 53.000000
4.0600 109.5300 47.2700 501.000000 0.000000 156.000000 53.000000
4.0700 109.6200 47.5800 497.000000 0.000000 156.000000 53.000000
4.0800 109.7400 47.9700 488.000000 0.000000 156.000000 53.000000
4.0900 109.9400 48.2000 489.000000 0.000000 157.000000 52.000000
4.1000 110.1800 48.4100 492.000000 0.000000 157.000000 52.000000
4.1100 110.4500 48.4100 507.000000 0.000000 158.000000 52.000000
4.1200 110.7500 48.4100 510.000000 0.000000 158.000000 52.000000
4.1300 111.0900 48.2200 510.000000 0.000000 158.000000 52.000000
4.1400 111.4300 48.1400 512.000000 0.000000 158.000000 52.000000
4.1500 111.6600 48.1400 519.000000 0.000000 158.000000 52.000000
4.1600 111.8100 48.1400 513.000000 0.000000 158.000000 52.000000
4.1700 112.0400 48.1400 518.000000 0.000000 158.000000 52.000000
4.1800 112.1800 48.2300 518.000000 0.000000 160.000000 52.000000
4.1900 112.2700 48.3700 522.000000 0.000000 160.000000 52.000000
4.2000 112.2700 48.5800 509.000000 0.000000 160.000000 52.000000
4.2100 112.2700 48.7800 507.000000 0.000000 160.000000 52.000000
4.2200 112.1200 48.9700 509.000000 0.000000 160.000000 52.000000
4.2300 111.9400 49.1000 520.000000 0.000000 160.000000 52.000000
4.2400 111.7900 49.1800 519.000000 0.000000 159.000000 53.000000
4.2500 111.6800 49.1800 516.000000 0.000000 159.000000 53.000000
4.2600 111.5500 48.9700 527.000000 0.000000 159.000000 53.000000
4.2700 111.4500 48.6400 540.000000 0.000000 159.000000 53.000000
4.2800 111.3700 48.2300 545.000000 0.000000 159.000000 53.000000
4.2900 111.3700 47.8600 568.000000 0.000000 159.000000 53.000000
4.3000 111.5500 47.5000 563.000000 0.000000 160.000000 52.000000
4.3100 111.7700 47.2900 574.000000 0.000000 160.000000 52.000000
4.3200 112.1100 47.1900 586.000000 0.000000 160.000000 52.000000
4.3300 112.4900 47.1900 577.000000 0.000000 160.000000 52.000000
4.3400 112.9100 47.2700 563.000000 0.000000 160.000000 52.000000
4.3500 113.2500 47.4900 545.000000 0.000000 160.000000 52.000000
4.3600 113.5300 47.7800 536.000000 0.000000 160.000000 52.000000
4.3700 113.6800 48.0500 520.000000 0.000000 160.000000 52.000000
4.3800 113.6800 48.3000 522.000000 0.000000 160.000000 52.000000
4.3900 113.6200 48.6000 513.000000 0.000000 160.000000 52.000000
4.4000 113.5400 48.7500 519.000000 0.000000 159.000000 53.000000
4.4100 113.4400 48.7500 526.000000 0.000000 159.000000 53.000000
4.4200 113.3200 48.6200 546.000000 0.000000 159.000000 53.000000
4.4300 113.2000 48.3200 562.000000 0.000000 159.000000 53.000000
4.4400 113.2000 47.9400 580.000000 0.000000 159.000000 53.000000
4.4500 113.2500 47.5400 586.000000 0.000000 159.000000 53.000000
4.4600 113.4000 47.2900 586.000000 0.000000 159.000000 53.000000
4.4700 113.7000 47.1400 594.000000 0.000000 159.000000 53.000000
4.4800 114.0900 47.0500 602.000000 0.000000 159.000000 53.000000
4.4900 114.4400 47.0500 603.000000 0.000000 159.000000 53.000000
4.5000 114.7900 47.1500 594.000000 0.000000 158.000000 53.000000
4.5100 115.1400 47.3300 594.000000 0.000000 158.000000 53.000000
4.5200 115.3200 47.5100 570.000000 0.000000 158.000000 53.000000
4.5300 115.4000 47.7200 561.000000 0.000000 158.000000 53.000000
4.5400 115.4000 47.9700 556.000000 0.000000 158.000000 53.000000
4.5500 115.4000 48.1000 559.000000 0.000000 158.000000 53.000000
4.5600 115.2800 48.1800 561.000000 0.000000 159.000000 53.000000
4.5700 115.2800 48.1800 559.000000 0.000000 159.000000 53.000000
4.5800 115.2800 48.0500 562.000000 0.000000 160.000000 52.000000
4.5900 115.2800 47.8800 567.000000 0.000000 160.000000 52.000000
4.6000 115.3900 47.6600 578.000000 0.000000 160.000000 52.000000
4.6100 115.5100 47.4500 580.000000 0.000000 160.000000 52.000000
4.6200 115.6600 47.3300 583.000000 0.000000 159.000000 53.000000
4.6300 115.8800 47.2500 588.000000 0.000000 159.000000 53.000000
4.6400 116.1100 47.2500 580.000000 0.000000 159.000000 53.000000
4.6500 116.2500 47.2500 580.000000 0.000000 159.000000 53.000000
4.6600 116.3300 47.3500 569.000000 0.000000 160.000000 54.000000
4.6700 116.4600 47.4600 560.000000 0.000000 160.000000 54.000000
4.6800 116.5200 47.5700 562.000000 0.000000 160.000000 54.000000
4.6900 116.5200 47.5700 564.000000 0.000000 161.000000 55.000000
4.7000 116.5200 47.5700 567.000000 0.000000 162.000000 54.000000
4.7100 116.5200 47.5700 565.000000 0.000000 162.000000 54.000000
4.7200 116.5200 47.5700 570.000000 0.000000 162.000000 54.000000
4.7300 116.5200 47.5700 563.000000 0.000000 162.000000 54.000000
4.7400 116.5200 47.5700 580.000000 0.000000 162.000000 54.000000
4.7500 116.7400 47.2100 588.000000 0.000000 162.000000 54.000000
4.7600 116.9800 47.1000 592.000000 0.000000 162.000000 54.000000
4.7700 117.3000 47.1000 588.000000 0.000000 161.000000 55.000000
4.7800 117.4200 47.1000 588.000000 0.000000 161.000000 55.000000
4.7900 117.5500 47.1700 595.000000 0.000000 161.000000 55.000000
4.8000 117.6700 47.3200 589.000000 0.000000 161.000000 55.000000
4.8100 117.6700 47.5000 578.000000 0.000000 163.000000 55.000000
4.8200 117.6700 47.7400 572.000000 0.000000 163.000000 55.000000
4.8300 117.5800 47.9800 572.000000 0.000000 163.000000 55.000000
4.8400 117.4300 48.2300 567.000000 0.000000 163.000000 55.000000
4.8500 117.2400 48.4500 570.000000 0.000000 163.000000 55.000000
4.8600 117.0300 48.5300 545.000000 0.000000 163.000000 55.000000
4.8700 116.8200 48.5300 502.000000 0.000000 163.000000 55.000000
4.8800 116.7300 48.4500 386.000000 0.000000 163.000000 54.000000
4.8900 116.7300 48.3100 108.000000 0.000000 163.000000 55.000000
4.9000 116.7300 48.3100 0.000000 1.000000 163.000000 55.000000
4.9100 116.6800 47.9900 0.000000 0.000000 163.000000 55.000000
4.9200 116.6800 47.9900 0.000000 0.000000 163.000000 55.000000
4.9300 116.6800 47.9900 0.000000 0.000000 164.000000 55.000000
4.9400 116.7400 48.0400 0.000000 0.000000 164.000000 55.000000
4.9500 116.9900 48.0900 0.000000 0.000000 166.000000 54.000000
4.9600 117.3500 48.1600 0.000000 0.000000 166.000000 54.000000
4.9700 117.7000 48.2500 0.000000 0.000000 167.000000 54.000000
4.9800 118.0300 48.3400 0.000000 0.000000 168.000000 53.000000
4.9900 118.2100 48.3400 0.000000 0.000000 168.000000 53.000000
5.0000 118.2900 48.2600 0.000000 0.000000 168.000000 53.000000
5.0100 118.2200 48.1500 0.000000 0.000000 168.000000 52.000000
5.0200 118.1000 48.0200 0.000000 0.000000 167.000000 52.000000
5.0300 117.9500 47.8300 0.000000 0.000000 167.000000 52.000000
5.0400 117.8700 47.6200 0.000000 0.000000 166.000000 53.000000
5.0500 117.8100 47.4200 0.000000 0.000000 166.000000 53.000000
5.0600 117.8100 47.1900 0.000000 0.000000 166.000000 53.000000
5.0700 117.8100 47.1900 216.000000 1.000000 166.000000 54.000000
5.0800 117.8100 46.8700 312.000000 0.000000 166.000000 54.000000
5.0900 117.8100 46.8700 400.000000 0.000000 164.000000 55.000000
5.1000 117.9500 46.8700 473.000000 0.000000 164.000000 55.000000
5.1100 118.1000 46.8700 539.000000 0.000000 163.000000 56.000000
5.1200 118.2800 46.9900 567.000000 0.000000 163.000000 56.000000
5.1300 118.5400 47.0600 572.000000 0.000000 163.000000 56.000000
5.1400 118.8400 47.1300 583.000000 0.000000 163.000000 56.000000
5.1500 119.0300 47.2100 586.000000 0.000000 162.000000 56.000000
5.1600 119.1400 47.3000 592.000000 0.000000 163.000000 56.000000
5.1700 119.3400 47.4100 611.000000 0.000000 163.000000 56.000000
5.1800 119.4200 47.5300 622.000000 0.000000 163.000000 56.000000
5.1900 119.4200 47.7000 622.000000 0.000000 163.000000 56.000000
5.2000 119.4200 48.0600 627.000000 0.000000 163.000000 56.000000
5.2100 119.2200 48.5500 617.000000 0.000000 163.000000 56.000000
5.2200 118.8900 49.1200 611.000000 0.000000 165.000000 55.000000
5.2300 118.1700 49.7100 608.000000 0.000000 165.000000 55.000000
5.2400 117.0500 50.3200 603.000000 0.000000 165.000000 55.000000
5.2500 115.6500 50.9900 606.000000 0.000000 165.000000 55.000000
5.2600 113.6500 51.6000 605.000000 0.000000 166.000000 54.000000
5.2700 111.4400 52.1800 614.000000 0.000000 166.000000 54.000000
5.2800 109.0900 52.5300 606.000000 0.000000 166.000000 53.000000
5.2900 106.6500 52.8200 589.000000 0.000000 165.000000 53.000000
5.3000 103.9300 52.8200 586.000000 0.000000 166.000000 52.000000
5.3100 101.0100 52.7000 586.000000 0.000000 165.000000 51.000000
5.3200 97.9100 52.3100 597.000000 0.000000 165.000000 50.000000
5.3300 95.0400 51.8500 597.000000 0.000000 164.000000 50.000000
5.3400 92.3300 51.3400 599.000000 0.000000 163.000000 49.000000
5.3500 90.1400 50.5700 605.000000 0.000000 162.000000 49.000000
5.3600 88.3300 49.4800 606.000000 0.000000 162.000000 49.000000
5.3700 86.7700 48.1900 606.000000 0.000000 161.000000 48.000000
5.3800 85.9600 47.0100 597.000000 0.000000 161.000000 49.000000
5.3900 85.7100 46.0200 597.000000 0.000000 159.000000 49.000000
5.4000 85.8200 45.1500 595.000000 0.000000 159.000000 49.000000
5.4100 86.5100 44.4300 602.000000 0.000000 159.000000 50.000000
5.4200 87.8600 44.0300 595.000000 0.000000 157.000000 51.000000
5.4300 89.6500 43.8400 594.000000 0.000000 157.000000 51.000000
5.4400 91.7100 44.0900 574.000000 0.000000 156.000000 51.000000
5.4500 94.0700 44.6000 536.000000 0.000000 156.000000 51.000000
5.4600 96.6300 45.2900 520.000000 0.000000 156.000000 51.000000
5.4700 98.9100 45.9700 469.000000 0.000000 157.000000 52.000000
5.4800 100.5400 46.6200 418.000000 0.000000 157.000000 52.000000
5.4900 101.7400 47.2300 376.000000 0.000000 157.000000 52.000000
5.5000 102.2200 47.8600 339.000000 0.000000 157.000000 52.000000
5.5100 102.0000 48.5100 358.000000 0.000000 157.000000 52.000000
5.5200 101.3000 49.1400 460.000000 0.000000 158.000000 51.000000
5.5300 100.2500 49.1900 514.000000 0.000000 158.000000 51.000000
5.5400 99.1400 48.8500 527.000000 0.000000 158.000000 51.000000
5.5500 97.9800 48.1500 540.000000 0.000000 159.000000 50.000000
5.5600 97.4100 47.4400 556.000000 0.000000 159.000000 50.000000
5.5700 97.3500 46.7200 567.000000 0.000000 159.000000 50.000000
5.5800 97.6200 46.1100 591.000000 0.000000 160.000000 50.000000
5.5900 98.3600 45.5600 597.000000 0.000000 160.000000 50.000000
5.6000 99.2800 45.1100 602.000000 0.000000 159.000000 51.000000
5.6100 100.3200 44.8200 600.000000 0.000000 159.000000 51.000000
5.6200 101.1100 44.6300 597.000000 0.000000 158.000000 52.000000
5.6300 101.5000 44.5500 591.000000 0.000000 158.000000 52.000000
5.6400 101.6200 44.5500 594.000000 0.000000 158.000000 52.000000
5.6500 101.4800 44.5500 574.000000 0.000000 158.000000 52.000000
5.6600 100.9800 44.5500 581.000000 0.000000 158.000000 52.000000
5.6700 100.2400 44.6300 577.000000 0.000000 158.000000 52.000000
5.6800 99.4900 44.6800 561.000000 0.000000 158.000000 52.000000
5.6900 98.8000 44.7300 529.000000 0.000000 157.000000 52.000000
5.7000 98.5500 44.7300 387.000000 0.000000 157.000000 52.000000
5.7100 98.5500 44.7900 109.000000 0.000000 158.000000 52.000000
5.7200 98.5500 44.7900 0.000000 1.000000 158.000000 52.000000
5.7300 99.0300 44.7400 0.000000 0.000000 158.000000 52.000000
5.7400 99.4100 44.7400 0.000000 0.000000 160.000000 52.000000
5.7500 99.6700 44.8400 0.000000 0.000000 160.000000 52.000000
5.7600 99.9200 44.9900 0.000000 0.000000 160.000000 52.000000
5.7700 100.1900 45.1700 0.000000 0.000000 160.000000 52.000000
5.7800 100.4800 45.3900 0.000000 0.000000 160.000000 51.000000
5.7900 100.7900 45.6200 0.000000 0.000000 160.000000 51.000000
5.8000 101.0100 45.8700 0.000000 0.000000 161.000000 50.000000
5.8100 101.1700 46.1000 0.000000 0.000000 161.000000 50.000000
5.8200 101.1700 46.3100 0.000000 0.000000 161.000000 50.000000
5.8300 101.1100 46.4800 0.000000 0.000000 162.000000 50.000000
5.8400 101.0100 46.4100 0.000000 0.000000 161.000000 50.000000
5.8500 101.0100 46.4100 216.000000 1.000000 161.000000 50.000000
5.8600 100.7200 45.8700 244.000000 0.000000 161.000000 50.000000
5.8700 100.6500 45.5800 252.000000 0.000000 160.000000 51.000000
5.8800 100.5700 45.3200 276.000000 0.000000 160.000000 52.000000
5.8900 100.5000 44.9100 294.000000 0.000000 158.000000 52.000000
5.9000 100.5000 44.5000 314.000000 0.000000 158.000000 52.000000
5.9100 100.5600 44.2100 302.000000 0.000000 157.000000 52.000000
5.9200 100.6400 44.0000 275.000000 0.000000 157.000000 52.000000
5.9300 100.7600 43.9000 220.000000 0.000000 156.000000 51.000000
5.9400 100.9500 43.9600 112.000000 0.000000 156.000000 51.000000
5.9500 100.9500 43.9600 0.000000 1.000000 156.000000 51.000000
5.9600 101.5000 44.4200 0.000000 0.000000 156.000000 51.000000
5.9700 101.7400 44.7900 0.000000 0.000000 156.000000 51.000000
5.9800 101.7400 44.7900 170.000000 1.000000 156.000000 51.000000
5.9900 101.9100 45.4700 316.000000 0.000000 156.000000 51.000000
6.0000 101.8300 45.4700 398.000000 0.000000 156.000000 51.000000
6.0100 101.6200 45.3500 453.000000 0.000000 155.000000 52.000000
6.0200 101.3300 44.9400 468.000000 0.000000 155.000000 52.000000
6.0300 101.1200 44.5300 447.000000 0.000000 155.000000 52.000000
6.0400 101.1200 44.2200 317.000000 0.000000 155.000000 52.000000
