0.0000 85.3700 6.0200 305.000000 1.000000 124.000000 60.000000
0.0100 85.3700 5.5100 317.000000 0.000000 122.000000 60.000000
0.0200 85.3700 5.5800 369.000000 0.000000 120.000000 60.000000
0.0300 85.3700 5.8300 413.000000 0.000000 117.000000 61.000000
0.0400 85.5900 6.2100 438.000000 0.000000 115.000000 62.000000
0.0500 85.9000 6.9900 472.000000 0.000000 114.000000 62.000000
0.0600 86.2900 7.7800 505.000000 0.000000 114.000000 62.000000
0.0700 86.5900 8.5900 540.000000 0.000000 112.000000 62.000000
0.0800 86.8300 9.4600 540.000000 0.000000 112.000000 62.000000
0.0900 87.0200 10.5100 564.000000 0.000000 112.000000 62.000000
0.1000 87.0700 11.6900 567.000000 0.000000 112.000000 62.000000
0.1100 87.0700 13.2100 586.000000 0.000000 112.000000 62.000000
0.1200 86.9800 14.4100 588.000000 0.000000 112.000000 62.000000
0.1300 86.8300 15.4000 628.000000 0.000000 114.000000 62.000000
0.1400 86.7000 15.9500 664.000000 0.000000 113.000000 61.000000
0.1500 86.5800 16.1100 682.000000 0.000000 114.000000 61.000000
0.1600 86.5800 16.0100 681.000000 0.000000 114.000000 61.000000
0.1700 86.5200 15.7300 682.000000 0.000000 115.000000 60.000000
0.1800 86.5200 14.9700 678.000000 0.000000 117.000000 59.000000
0.1900 86.5200 13.9000 682.000000 0.000000 118.000000 59.000000
0.2000 86.8300 12.6800 666.000000 0.000000 118.000000 59.000000
0.2100 87.2500 11.4500 668.000000 0.000000 118.000000 59.000000
0.2200 87.6500 10.2200 647.000000 0.000000 118.000000 60.000000
0.2300 88.0500 9.6500 620.000000 0.000000 118.000000 60.000000
0.2400 88.4800 9.2400 609.000000 0.000000 116.000000 60.000000
0.2500 88.9800 8.9400 594.000000 0.000000 117.000000 61.000000
0.2600 89.4700 8.9400 574.000000 0.000000 117.000000 61.000000
0.2700 89.9500 9.1000 556.000000 0.000000 118.000000 62.000000
0.2800 90.4000 9.3800 543.000000 0.000000 119.000000 63.000000
0.2900 90.8000 9.8100 540.000000 0.000000 119.000000 63.000000
0.3000 91.1600 10.3400 540.000000 0.000000 122.000000 63.000000
0.3100 91.4500 10.9400 536.000000 0.000000 120.000000 64.000000
0.3200 91.6700 11.6300 551.000000 0.000000 122.000000 65.000000
0.3300 91.8300 12.4400 560.000000 0.000000 122.000000 65.000000
0.3400 91.9000 13.3200 575.000000 0.000000 122.000000 65.000000
0.3500 91.7900 14.2000 586.000000 0.000000 122.000000 65.000000
0.3600 91.5500 14.9900 611.000000 0.000000 122.000000 65.000000
0.3700 91.1200 15.7200 641.000000 0.000000 124.000000 64.000000
0.3800 90.7400 16.0200 650.000000 0.000000 124.000000 63.000000
0.3900 90.4600 15.8700 687.000000 0.000000 124.000000 62.000000
0.4000 90.2500 15.4100 714.000000 0.000000 125.000000 60.000000
0.4100 90.0700 14.3900 733.000000 0.000000 124.000000 60.000000
0.4200 89.9100 12.8400 745.000000 0.000000 124.000000 58.000000
0.4300 89.8600 10.9500 759.000000 0.000000 124.000000 58.000000
0.4400 89.8600 9.1100 760.000000 0.000000 123.000000 59.000000
0.4500 89.8600 7.5600 776.000000 0.000000 123.000000 59.000000
0.4600 89.8600 6.2100 780.000000 0.000000 122.000000 60.000000
0.4700 89.9900 5.6100 782.000000 0.000000 122.000000 61.000000
0.4800 90.2400 5.2700 776.000000 0.000000 121.000000 63.000000
0.4900 90.3700 5.1000 756.000000 0.000000 120.000000 64.000000
0.5000 90.4700 5.2400 728.000000 0.000000 122.000000 65.000000
0.5100 90.5500 5.3900 647.000000 0.000000 121.000000 66.000000
0.5200 90.6900 5.5500 351.000000 0.000000 121.000000 66.000000
0.5300 90.6900 5.5500 0.000000 1.000000 122.000000 67.000000
0.5400 90.9700 6.2100 0.000000 0.000000 122.000000 67.000000
0.5500 91.1000 6.4400 0.000000 0.000000 124.000000 66.000000
0.5600 91.2200 6.6600 0.000000 0.000000 126.000000 66.000000
0.5700 91.4300 6.8400 0.000000 0.000000 127.000000 64.000000
0.5800 91.8300 7.0200 0.000000 0.000000 129.000000 64.000000
0.5900 92.3500 7.2200 0.000000 0.000000 130.000000 62.000000
0.6000 92.6400 7.2700 0.000000 0.000000 132.000000 61.000000
0.6100 92.7300 7.1800 0.000000 0.000000 134.000000 61.000000
0.6200 92.6800 6.9700 0.000000 0.000000 132.000000 60.000000
0.6300 92.4700 6.7000 0.000000 0.000000 134.000000 60.000000
0.6400 92.2700 6.4900 0.000000 0.000000 134.000000 60.000000
0.6500 92.0700 6.3300 0.000000 0.000000 135.000000 59.000000
0.6600 91.9400 6.2300 0.000000 0.000000 135.000000 59.000000
0.6700 91.8200 6.2300 0.000000 0.000000 136.000000 60.000000
0.6800 91.7100 6.1800 0.000000 0.000000 138.000000 59.000000
0.6900 91.6000 6.1800 0.000000 0.000000 138.000000 59.000000
0.7000 91.4900 6.1200 0.000000 0.000000 138.000000 60.000000
0.7100 91.3900 6.0700 0.000000 0.000000 138.000000 60.000000
0.7200 91.3900 6.0700 12.000000 0.000000 138.000000 60.000000
0.7300 91.3900 6.0700 46.000000 1.000000 138.000000 61.000000
0.7400 91.3900 6.0700 71.000000 0.000000 137.000000 62.000000
0.7500 91.7200 6.3700 134.000000 0.000000 137.000000 62.000000
0.7600 91.9400 6.5800 198.000000 0.000000 137.000000 62.000000
0.7700 92.1500 6.8400 312.000000 0.000000 137.000000 62.000000
0.7800 92.3000 7.0900 422.000000 0.000000 137.000000 62.000000
0.7900 92.4200 7.4000 562.000000 0.000000 137.000000 62.000000
0.8000 92.5400 7.7400 638.000000 0.000000 137.000000 62.000000
0.8100 92.6300 8.0600 696.000000 0.000000 137.000000 62.000000
0.8200 92.6300 8.3400 720.000000 0.000000 137.000000 62.000000
0.8300 92.4700 8.5600 762.000000 0.000000 138.000000 61.000000
0.8400 92.2600 8.8000 797.000000 0.000000 138.000000 61.000000
0.8500 91.9700 8.8000 817.000000 0.000000 137.000000 62.000000
0.8600 91.6300 8.8000 832.000000 0.000000 137.000000 62.000000
0.8700 91.2600 8.5100 817.000000 0.000000 137.000000 62.000000
0.8800 90.8900 8.0900 819.000000 0.000000 137.000000 62.000000
0.8900 90.7100 7.5700 818.000000 0.000000 137.000000 62.000000
0.9000 90.6500 7.1400 823.000000 0.000000 137.000000 62.000000
0.9100 90.7700 6.7000 785.000000 0.000000 137.000000 62.000000
0.9200 90.9200 6.2200 763.000000 0.000000 135.000000 63.000000
0.9300 91.2400 6.0100 727.000000 0.000000 135.000000 63.000000
0.9400 91.6500 6.0100 694.000000 0.000000 135.000000 63.000000
0.9500 91.9600 6.1700 673.000000 0.000000 133.000000 63.000000
0.9600 92.2900 6.4800 664.000000 0.000000 133.000000 63.000000
0.9700 92.5000 6.8600 662.000000 0.000000 133.000000 63.000000
0.9800 92.6100 7.2600 676.000000 0.000000 133.000000 63.000000
0.9900 92.6700 7.6300 696.000000 0.000000 133.000000 63.000000
1.0000 92.6700 7.9300 728.000000 0.000000 133.000000 63.000000
1.0100 92.5400 8.2000 737.000000 0.000000 135.000000 63.000000
1.0200 92.3900 8.5100 755.000000 0.000000 135.000000 63.000000
1.0300 92.2500 8.7800 758.000000 0.000000 135.000000 63.000000
1.0400 92.1200 8.8500 758.000000 0.000000 137.000000 62.000000
1.0500 92.1200 8.8000 758.000000 0.000000 137.000000 62.000000
1.0600 92.1200 8.5900 757.000000 0.000000 137.000000 62.000000
1.0700 92.1700 8.2300 757.000000 0.000000 137.000000 62.000000
1.0800 92.3100 7.7600 746.000000 0.000000 137.000000 62.000000
1.0900 92.5000 7.3900 697.000000 0.000000 137.000000 62.000000
1.1000 92.6800 7.0300 653.000000 0.000000 137.000000 62.000000
1.1100 92.8900 6.7100 578.000000 0.000000 137.000000 62.000000
1.1200 93.1100 6.6000 371.000000 0.000000 137.000000 62.000000
1.1300 93.3400 6.6000 267.000000 0.000000 137.000000 62.000000
1.1400 93.3400 6.6000 0.000000 1.000000 135.000000 62.000000
1.1500 93.7800 7.0900 0.000000 0.000000 135.000000 62.000000
1.1600 93.9500 7.5300 0.000000 0.000000 135.000000 62.000000
1.1700 94.0700 8.0800 0.000000 0.000000 135.000000 62.000000
1.1800 94.2600 8.7000 0.000000 0.000000 134.000000 61.000000
1.1900 94.4400 9.3700 0.000000 0.000000 134.000000 61.000000
1.2000 94.4900 10.0500 0.000000 0.000000 132.000000 60.000000
1.2100 94.4900 10.8500 0.000000 0.000000 131.000000 61.000000
1.2200 94.4900 10.8500 240.000000 1.000000 129.000000 60.000000
1.2300 94.1600 12.4000 351.000000 0.000000 128.000000 61.000000
1.2400 93.9600 12.6100 517.000000 0.000000 128.000000 61.000000
1.2500 93.7900 12.5300 624.000000 0.000000 126.000000 61.000000
1.2600 93.6300 12.0900 684.000000 0.000000 124.000000 62.000000
1.2700 93.5100 11.3900 700.000000 0.000000 126.000000 62.000000
1.2800 93.5100 10.5100 724.000000 0.000000 126.000000 62.000000
1.2900 93.5100 9.6800 722.000000 0.000000 127.000000 63.000000
1.3000 93.6200 8.7900 724.000000 0.000000 127.000000 63.000000
1.3100 93.6200 7.8900 727.000000 0.000000 129.000000 64.000000
1.3200 93.6200 7.0200 728.000000 0.000000 130.000000 63.000000
1.3300 93.7200 6.5600 720.000000 0.000000 130.000000 63.000000
1.3400 93.8400 6.2300 702.000000 0.000000 133.000000 63.000000
1.3500 93.9900 5.9900 646.000000 0.000000 133.000000 63.000000
1.3600 94.1800 5.9900 460.000000 0.000000 133.000000 63.000000
1.3700 94.4200 5.9400 253.000000 0.000000 135.000000 63.000000
1.3800 94.4200 5.9400 0.000000 1.000000 133.000000 62.000000
1.3900 94.8600 6.0100 0.000000 0.000000 133.000000 62.000000
1.4000 94.9900 6.2900 0.000000 0.000000 133.000000 62.000000
1.4100 95.0600 6.7100 0.000000 0.000000 132.000000 61.000000
1.4200 95.2300 6.9700 0.000000 0.000000 134.000000 61.000000
1.4300 95.3600 7.3800 0.000000 0.000000 135.000000 60.000000
1.4400 95.4700 7.8800 0.000000 0.000000 134.000000 60.000000
1.4500 95.5800 8.2000 0.000000 0.000000 135.000000 59.000000
1.4600 95.6400 8.5300 0.000000 0.000000 135.000000 59.000000
1.4700 95.7000 8.8700 0.000000 0.000000 136.000000 58.000000
1.4800 95.7500 9.1000 0.000000 0.000000 136.000000 58.000000
1.4900 95.7500 9.3000 0.000000 0.000000 135.000000 59.000000
1.5000 95.8300 9.4800 0.000000 0.000000 135.000000 59.000000
1.5100 95.8300 9.6400 0.000000 0.000000 135.000000 59.000000
1.5200 95.8300 9.6400 0.000000 0.000000 134.000000 60.000000
1.5300 95.8300 9.6400 218.000000 1.000000 134.000000 60.000000
1.5400 95.6900 9.8400 364.000000 0.000000 132.000000 60.000000
1.5500 95.5700 9.8400 475.000000 0.000000 132.000000 60.000000
1.5600 95.5000 9.7000 567.000000 0.000000 132.000000 60.000000
1.5700 95.4100 9.3800 605.000000 0.000000 132.000000 60.000000
1.5800 95.3100 8.9300 616.000000 0.000000 132.000000 60.000000
1.5900 95.2000 8.3400 610.000000 0.000000 132.000000 60.000000
1.6000 95.2500 7.7500 617.000000 0.000000 132.000000 60.000000
1.6100 95.3500 7.3700 619.000000 0.000000 132.000000 60.000000
1.6200 95.5400 7.1400 614.000000 0.000000 134.000000 60.000000
1.6300 95.7500 6.9800 606.000000 0.000000 134.000000 60.000000
1.6400 95.9600 6.9200 567.000000 0.000000 135.000000 60.000000
1.6500 96.0800 6.9200 492.000000 0.000000 136.000000 60.000000
1.6600 96.1700 7.0300 372.000000 0.000000 136.000000 60.000000
1.6700 96.2300 7.1200 132.000000 0.000000 136.000000 60.000000
1.6800 96.2300 7.1200 0.000000 1.000000 136.000000 60.000000
1.6900 96.2300 7.6400 0.000000 0.000000 138.000000 59.000000
1.7000 96.2300 7.9100 0.000000 0.000000 138.000000 59.000000
1.7100 96.2300 8.2500 0.000000 0.000000 138.000000 59.000000
1.7200 96.3200 8.6400 0.000000 0.000000 138.000000 59.000000
1.7300 96.4300 8.9200 0.000000 0.000000 138.000000 59.000000
1.7400 96.4300 9.1700 0.000000 0.000000 138.000000 59.000000
1.7500 96.4300 9.4000 0.000000 0.000000 138.000000 59.000000
1.7600 96.4300 9.6000 0.000000 0.000000 136.000000 60.000000
1.7700 96.4300 9.8400 0.000000 0.000000 136.000000 60.000000
1.7800 96.4800 10.1200 0.000000 0.000000 136.000000 60.000000
1.7900 96.4800 10.4300 0.000000 0.000000 136.000000 60.000000
1.8000 96.5800 10.6700 0.000000 0.000000 136.000000 60.000000
1.8100 96.6400 10.8600 0.000000 0.000000 136.000000 60.000000
1.8200 96.6400 10.9500 0.000000 0.000000 136.000000 60.000000
1.8300 96.6400 10.9500 0.000000 0.000000 136.000000 60.000000
1.8400 96.6400 10.8000 0.000000 0.000000 136.000000 60.000000
1.8500 96.5200 10.7100 0.000000 0.000000 136.000000 60.000000
1.8600 96.4300 10.6500 0.000000 0.000000 136.000000 60.000000
1.8700 96.3300 10.5400 0.000000 0.000000 136.000000 60.000000
1.8800 96.1500 10.3900 0.000000 0.000000 136.000000 60.000000
1.8900 95.9300 10.1800 0.000000 0.000000 136.000000 60.000000
1.9000 95.6700 9.9800 0.000000 0.000000 135.000000 59.000000
1.9100 95.4100 9.8000 0.000000 0.000000 135.000000 59.000000
1.9200 95.1800 9.6400 0.000000 0.000000 135.000000 59.000000
1.9300 94.9900 9.5900 0.000000 0.000000 135.000000 59.000000
1.9400 94.8700 9.5900 0.000000 0.000000 135.000000 59.000000
1.9500 94.7900 9.5900 0.000000 0.000000 135.000000 59.000000
1.9600 94.7300 9.6400 0.000000 0.000000 135.000000 59.000000
1.9700 94.7300 9.7000 0.000000 0.000000 135.000000 59.000000
1.9800 94.5700 9.7000 0.000000 0.000000 134.000000 58.000000
1.9900 94.4100 9.7000 0.000000 0.000000 134.000000 58.000000
2.0000 94.4100 9.7000 0.000000 0.000000 134.000000 58.000000
2.0100 93.9500 9.6500 0.000000 0.000000 134.000000 60.000000
2.0200 93.6600 9.6500 0.000000 0.000000 134.000000 60.000000
2.0300 93.3700 9.6500 0.000000 0.000000 134.000000 60.000000
2.0400 93.0900 9.6500 0.000000 0.000000 135.000000 60.000000
2.0500 92.8600 9.7300 0.000000 0.000000 134.000000 61.000000
2.0600 92.8600 9.7300 168.000000 1.000000 135.000000 62.000000
2.0700 92.8600 9.7300 274.000000 0.000000 135.000000 62.000000
2.0800 92.8600 9.7300 427.000000 0.000000 137.000000 62.000000
2.0900 92.5900 9.7800 567.000000 0.000000 137.000000 62.000000
2.1000 92.6600 9.8300 646.000000 0.000000 135.000000 63.000000
2.1100 92.7600 9.8300 693.000000 0.000000 135.000000 63.000000
2.1200 92.9500 9.9500 731.000000 0.000000 135.000000 63.000000
2.1300 93.3100 10.1400 725.000000 0.000000 135.000000 63.000000
2.1400 93.7700 10.2700 678.000000 0.000000 135.000000 63.000000
2.1500 94.2600 10.4000 467.000000 0.000000 135.000000 63.000000
2.1600 94.2600 10.4000 0.000000 1.000000 133.000000 62.000000
2.1700 95.3400 10.6000 0.000000 0.000000 133.000000 62.000000
2.1800 95.7300 10.6700 0.000000 0.000000 133.000000 62.000000
2.1900 95.9900 10.6700 0.000000 0.000000 132.000000 61.000000
2.2000 96.4300 10.6700 0.000000 0.000000 134.000000 61.000000
2.2100 96.8600 10.7500 0.000000 0.000000 135.000000 60.000000
2.2200 97.3000 10.8600 0.000000 0.000000 138.000000 59.000000
2.2300 97.7500 10.9800 0.000000 0.000000 141.000000 59.000000
2.2400 97.9000 11.1500 0.000000 0.000000 142.000000 58.000000
2.2500 97.8300 11.3100 0.000000 0.000000 146.000000 57.000000
2.2600 97.7100 11.5000 0.000000 0.000000 147.000000 56.000000
2.2700 97.5200 11.7000 0.000000 0.000000 148.000000 57.000000
2.2800 97.2900 11.9400 0.000000 0.000000 149.000000 56.000000
2.2900 97.0600 12.1900 0.000000 0.000000 149.000000 56.000000
2.3000 96.8200 12.4400 0.000000 0.000000 148.000000 57.000000
2.3100 96.8200 12.4400 389.000000 1.000000 147.000000 56.000000
2.3200 96.4300 12.8500 461.000000 0.000000 146.000000 57.000000
2.3300 96.2900 12.9200 493.000000 0.000000 143.000000 57.000000
2.3400 96.2400 12.9200 449.000000 0.000000 142.000000 58.000000
2.3500 96.2400 12.9200 203.000000 0.000000 139.000000 58.000000
2.3600 96.2400 12.9200 0.000000 1.000000 138.000000 59.000000
2.3700 96.7900 12.4400 0.000000 0.000000 136.000000 60.000000
2.3800 97.1700 12.3200 0.000000 0.000000 136.000000 60.000000
2.3900 97.8400 12.1900 0.000000 0.000000 136.000000 60.000000
2.4000 98.6900 12.0300 0.000000 0.000000 139.000000 60.000000
2.4100 99.5800 11.8600 0.000000 0.000000 142.000000 58.000000
2.4200 100.3400 11.5500 0.000000 0.000000 144.000000 57.000000
2.4300 101.0000 11.1600 0.000000 0.000000 146.000000 55.000000
2.4400 101.4500 10.7800 0.000000 0.000000 147.000000 53.000000
2.4500 101.6300 10.3600 0.000000 0.000000 147.000000 52.000000
2.4600 101.6300 9.8900 0.000000 0.000000 148.000000 51.000000
2.4700 101.3900 9.5000 0.000000 0.000000 148.000000 50.000000
2.4800 100.9000 9.1600 0.000000 0.000000 145.000000 51.000000
2.4900 100.2500 8.9100 0.000000 0.000000 145.000000 51.000000
2.5000 99.4300 8.7200 0.000000 0.000000 144.000000 51.000000
2.5100 98.6200 8.5600 0.000000 0.000000 145.000000 53.000000
2.5200 98.1500 8.4500 0.000000 0.000000 145.000000 54.000000
2.5300 97.9000 8.4500 0.000000 0.000000 145.000000 55.000000
2.5400 97.6900 8.6100 0.000000 0.000000 146.000000 55.000000
2.5500 97.6100 8.8500 0.000000 0.000000 147.000000 56.000000
2.5600 97.7100 9.2100 0.000000 0.000000 147.000000 56.000000
2.5700 97.8800 9.6600 0.000000 0.000000 146.000000 57.000000
2.5800 98.0300 10.1500 0.000000 0.000000 146.000000 57.000000
2.5900 98.1100 10.6800 0.000000 0.000000 144.000000 58.000000
2.6000 98.1100 11.2300 0.000000 0.000000 144.000000 58.000000
2.6100 98.1100 11.9600 0.000000 0.000000 144.000000 58.000000
2.6200 97.9100 12.6700 0.000000 0.000000 144.000000 58.000000
2.6300 97.9100 12.6700 265.000000 1.000000 142.000000 58.000000
2.6400 97.4400 13.3900 345.000000 0.000000 142.000000 58.000000
2.6500 97.2400 13.3400 460.000000 0.000000 142.000000 58.000000
2.6600 97.0800 13.0100 564.000000 0.000000 141.000000 59.000000
2.6700 96.9300 12.5000 625.000000 0.000000 139.000000 58.000000
2.6800 96.9300 11.4700 663.000000 0.000000 139.000000 58.000000
2.6900 96.9900 10.4100 697.000000 0.000000 138.000000 59.000000
2.7000 97.0900 9.3400 703.000000 0.000000 138.000000 59.000000
2.7100 97.2100 8.3900 669.000000 0.000000 138.000000 59.000000
2.7200 97.3900 7.6400 554.000000 0.000000 138.000000 59.000000
2.7300 97.5900 7.0200 220.000000 0.000000 139.000000 58.000000
2.7400 97.5900 7.0200 0.000000 1.000000 141.000000 59.000000
2.7500 98.0600 6.7400 0.000000 0.000000 142.000000 58.000000
2.7600 98.1600 7.0400 0.000000 0.000000 142.000000 58.000000
2.7700 98.1600 7.4000 0.000000 0.000000 144.000000 58.000000
2.7800 98.2600 7.7100 0.000000 0.000000 144.000000 58.000000
2.7900 98.3100 7.9500 0.000000 0.000000 146.000000 57.000000
2.8000 98.3100 7.9500 132.000000 1.000000 146.000000 57.000000
2.8100 98.3700 8.2800 246.000000 0.000000 146.000000 57.000000
2.8200 98.3700 8.3500 333.000000 0.000000 146.000000 57.000000
2.8300 98.4400 8.4000 443.000000 0.000000 147.000000 56.000000
2.8400 98.6200 8.4500 475.000000 0.000000 147.000000 56.000000
2.8500 98.8800 8.5100 512.000000 0.000000 147.000000 56.000000
2.8600 99.2400 8.6400 545.000000 0.000000 146.000000 57.000000
2.8700 99.6000 8.8100 591.000000 0.000000 146.000000 57.000000
2.8800 99.9200 9.0600 606.000000 0.000000 146.000000 57.000000
2.8900 100.2000 9.2800 639.000000 0.000000 146.000000 57.000000
2.9000 100.3300 9.4600 662.000000 0.000000 144.000000 58.000000
2.9100 100.3300 9.6100 696.000000 0.000000 144.000000 58.000000
2.9200 100.3300 9.6100 705.000000 0.000000 144.000000 58.000000
2.9300 100.0900 9.9300 719.000000 0.000000 143.000000 59.000000
2.9400 99.7600 10.0600 722.000000 0.000000 143.000000 59.000000
2.9500 99.3300 10.1800 725.000000 0.000000 142.000000 58.000000
2.9600 98.8700 10.2400 720.000000 0.000000 141.000000 59.000000
2.9700 98.5100 10.1200 731.000000 0.000000 142.000000 59.000000
2.9800 98.3300 9.8900 727.000000 0.000000 142.000000 59.000000
2.9900 98.2300 9.6300 708.000000 0.000000 142.000000 59.000000
3.0000 98.2300 9.2300 667.000000 0.000000 142.000000 59.000000
3.0100 98.3500 8.7500 611.000000 0.000000 142.000000 59.000000
3.0200 98.6400 8.2900 431.000000 0.000000 144.000000 60.000000
3.0300 98.9500 7.8700 212.000000 0.000000 145.000000 59.000000
3.0400 98.9500 7.8700 0.000000 1.000000 145.000000 59.000000
3.0500 99.7400 7.8100 0.000000 0.000000 146.000000 58.000000
3.0600 100.1400 8.1600 0.000000 0.000000 146.000000 58.000000
3.0700 100.4400 8.6200 0.000000 0.000000 144.000000 58.000000
3.0800 100.7000 9.1500 0.000000 0.000000 146.000000 57.000000
3.0900 100.9700 9.6900 0.000000 0.000000 146.000000 57.000000
3.1000 101.1500 10.3300 0.000000 0.000000 146.000000 57.000000
3.1100 101.2600 11.0300 0.000000 0.000000 146.000000 57.000000
3.1200 101.2600 11.9500 0.000000 0.000000 146.000000 57.000000
3.1300 101.2100 12.9500 0.000000 0.000000 146.000000 57.000000
3.1400 101.2100 12.9500 212.000000 1.000000 146.000000 57.000000
3.1500 100.6700 14.6300 317.000000 0.000000 146.000000 57.000000
3.1600 100.3500 14.7400 417.000000 0.000000 147.000000 56.000000
3.1700 100.1100 14.5200 492.000000 0.000000 147.000000 56.000000
3.1800 99.9100 13.8700 530.000000 0.000000 147.000000 56.000000
3.1900 99.7600 12.8700 562.000000 0.000000 147.000000 56.000000
3.2000 99.8200 11.6400 595.000000 0.000000 145.000000 56.000000
3.2100 100.0100 10.4100 613.000000 0.000000 144.000000 57.000000
3.2200 100.2300 9.3900 586.000000 0.000000 144.000000 57.000000
3.2300 100.4900 8.5100 562.000000 0.000000 144.000000 57.000000
3.2400 100.8200 8.1100 530.000000 0.000000 143.000000 57.000000
3.2500 101.2400 8.1100 510.000000 0.000000 143.000000 57.000000
3.2600 101.6700 8.4200 483.000000 0.000000 144.000000 58.000000
3.2700 102.0900 8.8400 478.000000 0.000000 144.000000 58.000000
3.2800 102.3700 9.3400 495.000000 0.000000 144.000000 58.000000
3.2900 102.5600 9.9000 542.000000 0.000000 144.000000 58.000000
3.3000 102.5600 10.3300 619.000000 0.000000 146.000000 57.000000
3.3100 102.5600 10.8300 696.000000 0.000000 144.000000 58.000000
3.3200 102.3700 11.3800 730.000000 0.000000 144.000000 58.000000
3.3300 102.1600 11.7500 791.000000 0.000000 144.000000 58.000000
3.3400 102.0100 11.7500 808.000000 0.000000 144.000000 58.000000
3.3500 101.9500 11.4400 830.000000 0.000000 144.000000 58.000000
3.3600 101.8800 10.9000 867.000000 0.000000 144.000000 58.000000
3.3700 101.7900 10.1700 866.000000 0.000000 144.000000 58.000000
3.3800 101.7900 9.3200 823.000000 0.000000 143.000000 57.000000
3.3900 101.7900 8.6200 614.000000 0.000000 143.000000 57.000000
3.4000 101.7900 8.6200 0.000000 1.000000 144.000000 57.000000
3.4100 102.1800 7.2900 0.000000 0.000000 144.000000 57.000000
3.4200 102.6700 6.7900 0.000000 0.000000 145.000000 56.000000
3.4300 103.2400 6.4800 0.000000 0.000000 145.000000 56.000000
3.4400 104.1500 6.2800 0.000000 0.000000 146.000000 55.000000
3.4500 105.2800 6.1600 0.000000 0.000000 146.000000 55.000000
3.4600 106.4800 6.3500 0.000000 0.000000 149.000000 55.000000
3.4700 107.6900 6.5500 0.000000 0.000000 150.000000 54.000000
3.4800 108.9000 6.7700 0.000000 0.000000 150.000000 54.000000
3.4900 109.9100 6.9300 0.000000 0.000000 149.000000 53.000000
3.5000 110.8100 7.0900 0.000000 0.000000 148.000000 51.000000
3.5100 111.1300 7.2100 0.000000 0.000000 145.000000 50.000000
3.5200 111.1300 7.2100 0.000000 0.000000 143.000000 48.000000
3.5300 110.5600 7.3300 0.000000 0.000000 140.000000 47.000000
3.5400 109.9300 7.4000 0.000000 0.000000 138.000000 46.000000
3.5500 109.2100 7.4500 0.000000 0.000000 137.000000 44.000000
3.5600 108.4300 7.3900 0.000000 0.000000 138.000000 45.000000
3.5700 107.7500 7.2500 0.000000 0.000000 138.000000 46.000000
3.5800 107.2300 7.0700 0.000000 0.000000 140.000000 47.000000
3.5900 106.8200 6.8800 0.000000 0.000000 145.000000 48.000000
3.6000 106.5900 6.7900 0.000000 0.000000 148.000000 50.000000
3.6100 106.3800 6.7900 0.000000 0.000000 151.000000 51.000000
3.6200 106.2300 6.6700 0.000000 0.000000 153.000000 53.000000
3.6300 106.0900 6.5900 0.000000 0.000000 153.000000 53.000000
3.6400 105.9800 6.5100 0.000000 0.000000 153.000000 53.000000
3.6500 105.9000 6.4400 0.000000 0.000000 152.000000 53.000000
3.6600 105.8300 6.3800 0.000000 0.000000 152.000000 53.000000
3.6700 105.7200 6.3800 0.000000 0.000000 150.000000 52.000000
3.6800 105.6300 6.3800 0.000000 0.000000 150.000000 52.000000
3.6900 105.5400 6.3100 0.000000 0.000000 150.000000 52.000000
3.7000 105.4700 6.3100 0.000000 0.000000 149.000000 52.000000
3.7100 105.4100 6.3100 0.000000 0.000000 149.000000 52.000000
3.7200 105.3500 6.4200 0.000000 0.000000 149.000000 52.000000
3.7300 105.2400 6.4800 0.000000 0.000000 149.000000 52.000000
3.7400 105.0900 6.4800 0.000000 0.000000 149.000000 52.000000
3.7500 104.9000 6.4800 0.000000 0.000000 149.000000 52.000000
3.7600 104.7200 6.4800 0.000000 0.000000 148.000000 51.000000
3.7700 104.5900 6.2900 0.000000 0.000000 148.000000 51.000000
3.7800 104.4800 6.1500 0.000000 0.000000 148.000000 51.000000
3.7900 104.4800 6.0300 0.000000 0.000000 148.000000 51.000000
3.8000 104.4800 5.9300 0.000000 0.000000 147.000000 52.000000
3.8100 104.5300 5.7800 0.000000 0.000000 147.000000 52.000000
3.8200 104.6000 5.6600 0.000000 0.000000 147.000000 52.000000
3.8300 104.6000 5.6600 130.000000 1.000000 147.000000 53.000000
3.8400 104.6000 5.6600 151.000000 0.000000 147.000000 53.000000
3.8500 104.9200 5.8100 207.000000 0.000000 146.000000 54.000000
3.8600 105.0100 6.0700 279.000000 0.000000 146.000000 54.000000
3.8700 105.2000 6.5000 319.000000 0.000000 145.000000 55.000000
3.8800 105.3800 6.9200 358.000000 0.000000 146.000000 55.000000
3.8900 105.5100 7.3200 388.000000 0.000000 146.000000 55.000000
3.9000 105.6100 7.7200 430.000000 0.000000 146.000000 55.000000
3.9100 105.6600 8.2700 443.000000 0.000000 146.000000 55.000000
3.9200 105.7100 8.9100 455.000000 0.000000 146.000000 55.000000
3.9300 105.7100 9.5800 455.000000 0.000000 145.000000 55.000000
3.9400 105.7100 10.4800 447.000000 0.000000 145.000000 55.000000
3.9500 105.7100 11.5400 442.000000 0.000000 144.000000 56.000000
3.9600 105.5500 12.8300 447.000000 0.000000 144.000000 56.000000
3.9700 105.3900 13.8200 445.000000 0.000000 144.000000 56.000000
3.9800 105.2100 14.6000 465.000000 0.000000 144.000000 56.000000
3.9900 105.0900 14.9100 472.000000 0.000000 143.000000 55.000000
4.0000 104.9800 14.9800 478.000000 0.000000 143.000000 55.000000
4.0100 104.9100 14.8900 481.000000 0.000000 144.000000 54.000000
4.0200 104.9100 14.7500 485.000000 0.000000 144.000000 54.000000
4.0300 104.9900 14.1900 486.000000 0.000000 144.000000 54.000000
4.0400 105.1400 13.3500 490.000000 0.000000 145.000000 54.000000
4.0500 105.3500 12.1600 493.000000 0.000000 144.000000 54.000000
4.0600 105.6200 10.9300 491.000000 0.000000 144.000000 54.000000
4.0700 105.9000 10.0800 490.000000 0.000000 144.000000 54.000000
4.0800 106.1800 9.5100 477.000000 0.000000 145.000000 55.000000
4.0900 106.5200 9.2100 473.000000 0.000000 144.000000 56.000000
4.1000 106.8800 9.0400 464.000000 0.000000 144.000000 56.000000
4.1100 107.2800 8.9700 474.000000 0.000000 145.000000 56.000000
4.1200 107.6800 8.9700 468.000000 0.000000 145.000000 56.000000
4.1300 108.0700 8.9700 466.000000 0.000000 145.000000 56.000000
4.1400 108.4400 9.0900 458.000000 0.000000 148.000000 56.000000
4.1500 108.8500 9.2700 452.000000 0.000000 148.000000 56.000000
4.1600 109.2700 9.6200 440.000000 0.000000 149.000000 56.000000
4.1700 109.6800 10.1100 442.000000 0.000000 149.000000 55.000000
4.1800 110.0300 10.7000 443.000000 0.000000 147.000000 55.000000
4.1900 110.3500 11.3000 456.000000 0.000000 145.000000 54.000000
4.2000 110.6000 12.0400 461.000000 0.000000 142.000000 53.000000
4.2100 110.6600 12.8700 465.000000 0.000000 140.000000 52.000000
4.2200 110.6000 13.7800 468.000000 0.000000 136.000000 50.000000
4.2300 110.3700 14.6800 470.000000 0.000000 134.000000 49.000000
4.2400 110.0100 15.4000 496.000000 0.000000 134.000000 48.000000
4.2500 109.5500 16.0100 512.000000 0.000000 134.000000 48.000000
4.2600 109.0900 16.3100 544.000000 0.000000 136.000000 48.000000
4.2700 108.6500 16.2600 566.000000 0.000000 138.000000 48.000000
4.2800 108.2200 15.9700 609.000000 0.000000 141.000000 49.000000
4.2900 107.7800 15.0400 646.000000 0.000000 143.000000 50.000000
4.3000 107.5600 13.5800 694.000000 0.000000 145.000000 51.000000
4.3100 107.4900 11.7600 724.000000 0.000000 148.000000 51.000000
4.3200 107.3800 9.9800 745.000000 0.000000 148.000000 53.000000
4.3300 107.5000 8.6100 758.000000 0.000000 148.000000 54.000000
4.3400 107.7800 7.5200 750.000000 0.000000 147.000000 55.000000
4.3500 108.0400 6.9000 750.000000 0.000000 149.000000 55.000000
4.3600 108.2600 6.5200 761.000000 0.000000 149.000000 55.000000
4.3700 108.4500 6.3000 745.000000 0.000000 149.000000 55.000000
4.3800 108.6100 6.1300 719.000000 0.000000 150.000000 55.000000
4.3900 108.7000 6.0600 656.000000 0.000000 150.000000 55.000000
4.4000 108.7000 6.0600 581.000000 0.000000 152.000000 56.000000
4.4100 108.7800 6.0600 471.000000 0.000000 152.000000 56.000000
4.4200 108.8300 6.1900 315.000000 0.000000 153.000000 55.000000
4.4300 108.8900 6.3200 98.000000 0.000000 154.000000 55.000000
4.4400 108.8900 6.3200 0.000000 1.000000 154.000000 55.000000
4.4500 109.0300 6.8000 0.000000 0.000000 154.000000 55.000000
4.4600 109.1100 7.0300 0.000000 0.000000 154.000000 55.000000
4.4700 109.1900 7.2500 0.000000 0.000000 155.000000 54.000000
4.4800 109.3100 7.4700 0.000000 0.000000 155.000000 54.000000
4.4900 109.4700 7.7200 0.000000 0.000000 156.000000 55.000000
4.5000 109.6700 7.9700 0.000000 0.000000 156.000000 53.000000
4.5100 109.8900 8.2000 0.000000 0.000000 154.000000 53.000000
4.5200 109.8900 8.2000 25.000000 1.000000 152.000000 53.000000
4.5300 110.0800 8.6100 220.000000 0.000000 148.000000 51.000000
4.5400 109.9800 8.7400 388.000000 0.000000 145.000000 51.000000
4.5500 109.8200 8.8300 483.000000 0.000000 142.000000 50.000000
4.5600 109.6100 8.8300 537.000000 0.000000 141.000000 50.000000
4.5700 109.4300 8.7200 586.000000 0.000000 141.000000 50.000000
4.5800 109.2400 8.4900 619.000000 0.000000 141.000000 50.000000
4.5900 109.0500 8.0000 627.000000 0.000000 143.000000 51.000000
4.6000 108.9800 7.4900 622.000000 0.000000 146.000000 52.000000
4.6100 108.9800 6.9600 603.000000 0.000000 149.000000 53.000000
4.6200 109.1200 6.5300 561.000000 0.000000 152.000000 54.000000
4.6300 109.3200 6.2400 519.000000 0.000000 155.000000 54.000000
4.6400 109.6300 6.0400 488.000000 0.000000 155.000000 54.000000
4.6500 109.9300 6.0400 473.000000 0.000000 152.000000 54.000000
4.6600 110.2200 6.2300 465.000000 0.000000 149.000000 53.000000
4.6700 110.5000 6.5300 488.000000 0.000000 146.000000 52.000000
4.6800 110.6600 6.8500 519.000000 0.000000 143.000000 50.000000
4.6900 110.7400 7.1700 564.000000 0.000000 139.000000 48.000000
4.7000 110.6400 7.5000 619.000000 0.000000 136.000000 47.000000
4.7100 110.4400 7.7700 644.000000 0.000000 133.000000 45.000000
4.7200 110.1700 8.0600 663.000000 0.000000 131.000000 44.000000
4.7300 109.7900 8.3500 663.000000 0.000000 131.000000 44.000000
4.7400 109.4200 8.5600 662.000000 0.000000 132.000000 46.000000
4.7500 109.2000 8.6800 619.000000 0.000000 135.000000 47.000000
4.7600 109.0800 8.6800 518.000000 0.000000 138.000000 49.000000
4.7700 109.0800 8.5800 327.000000 0.000000 141.000000 51.000000
4.7800 109.0800 8.5800 0.000000 1.000000 145.000000 53.000000
4.7900 109.4000 8.2900 0.000000 0.000000 148.000000 54.000000
4.8000 109.6200 8.0700 0.000000 0.000000 151.000000 54.000000
4.8100 109.8400 7.8400 0.000000 0.000000 151.000000 54.000000
4.8200 110.0900 7.6100 0.000000 0.000000 148.000000 54.000000
4.8300 110.3500 7.4200 0.000000 0.000000 146.000000 52.000000
4.8400 110.5700 7.2600 0.000000 0.000000 142.000000 50.000000
4.8500 110.7400 7.0900 0.000000 0.000000 139.000000 48.000000
4.8600 110.7400 6.9100 0.000000 0.000000 136.000000 47.000000
4.8700 110.7900 6.8200 0.000000 0.000000 133.000000 45.000000
4.8800 110.7900 6.8200 0.000000 0.000000 131.000000 43.000000
4.8900 110.9100 6.8200 0.000000 0.000000 130.000000 42.000000
4.9000 110.9100 6.8200 67.000000 1.000000 129.000000 42.000000
4.9100 111.1700 7.3000 181.000000 0.000000 128.000000 41.000000
4.9200 111.2900 7.6200 306.000000 0.000000 129.000000 41.000000
4.9300 111.4500 7.9400 394.000000 0.000000 128.000000 41.000000
4.9400 111.6300 8.2500 455.000000 0.000000 129.000000 42.000000
4.9500 111.8200 8.5800 501.000000 0.000000 129.000000 42.000000
4.9600 111.9700 8.8900 546.000000 0.000000 129.000000 42.000000
4.9700 112.1200 9.1300 564.000000 0.000000 129.000000 43.000000
4.9800 112.2500 9.2900 588.000000 0.000000 129.000000 43.000000
4.9900 112.2500 9.2900 606.000000 0.000000 129.000000 43.000000
5.0000 112.2500 9.2200 611.000000 0.000000 130.000000 43.000000
5.0100 112.1800 8.9600 624.000000 0.000000 130.000000 43.000000
5.0200 112.0600 8.6400 620.000000 0.000000 130.000000 43.000000
5.0300 111.9000 8.2200 613.000000 0.000000 130.000000 43.000000
5.0400 111.8200 7.7800 580.000000 0.000000 130.000000 43.000000
5.0500 111.8200 7.3400 538.000000 0.000000 130.000000 43.000000
5.0600 111.8200 6.9300 486.000000 0.000000 130.000000 43.000000
5.0700 111.9500 6.6900 407.000000 0.000000 130.000000 43.000000
5.0800 112.1800 6.5700 339.000000 0.000000 130.000000 42.000000
5.0900 112.4500 6.5700 317.000000 0.000000 130.000000 42.000000
5.1000 112.7300 6.6400 277.000000 0.000000 130.000000 42.000000
5.1100 113.0000 6.8300 274.000000 0.000000 130.000000 41.000000
5.1200 113.2600 7.1100 289.000000 0.000000 131.000000 42.000000
5.1300 113.4600 7.4200 335.000000 0.000000 131.000000 42.000000
5.1400 113.6000 7.7600 353.000000 0.000000 131.000000 42.000000
5.1500 113.7100 8.1500 399.000000 0.000000 132.000000 43.000000
5.1600 113.7100 8.5300 447.000000 0.000000 132.000000 43.000000
5.1700 113.7100 8.9100 486.000000 0.000000 133.000000 43.000000
5.1800 113.7100 9.2800 512.000000 0.000000 133.000000 44.000000
5.1900 113.4900 9.6500 543.000000 0.000000 133.000000 44.000000
5.2000 113.3100 9.8500 566.000000 0.000000 133.000000 45.000000
5.2100 113.1900 9.8500 589.000000 0.000000 133.000000 45.000000
5.2200 113.1000 9.7600 594.000000 0.000000 133.000000 45.000000
5.2300 113.0200 9.4200 592.000000 0.000000 132.000000 46.000000
5.2400 112.9000 9.0300 578.000000 0.000000 132.000000 46.000000
5.2500 112.8300 8.5400 561.000000 0.000000 132.000000 46.000000
5.2600 112.8300 8.0600 443.000000 0.000000 132.000000 46.000000
5.2700 112.8300 7.5900 280.000000 0.000000 132.000000 46.000000
5.2800 112.9700 7.2100 98.000000 0.000000 131.000000 45.000000
5.2900 113.1300 6.9300 54.000000 0.000000 131.000000 45.000000
5.3000 113.1300 6.9300 0.000000 1.000000 131.000000 45.000000
5.3100 113.8600 6.8600 0.000000 0.000000 131.000000 44.000000
5.3200 114.1800 7.0000 0.000000 0.000000 131.000000 44.000000
5.3300 114.1800 7.0000 66.000000 1.000000 131.000000 44.000000
5.3400 114.7600 7.5300 193.000000 0.000000 132.000000 44.000000
5.3500 114.9500 7.8800 317.000000 0.000000 132.000000 44.000000
5.3600 115.1500 8.2300 430.000000 0.000000 133.000000 44.000000
5.3700 115.2600 8.6000 493.000000 0.000000 133.000000 44.000000
5.3800 115.3100 8.9900 538.000000 0.000000 133.000000 44.000000
5.3900 115.3100 9.3200 546.000000 0.000000 134.000000 45.000000
5.4000 115.2500 9.6400 557.000000 0.000000 135.000000 45.000000
5.4100 115.1700 9.7400 562.000000 0.000000 135.000000 45.000000
5.4200 115.1700 9.7400 557.000000 0.000000 136.000000 46.000000
5.4300 115.0900 9.6100 553.000000 0.000000 136.000000 46.000000
5.4400 115.0900 9.3300 546.000000 0.000000 136.000000 46.000000
5.4500 115.0000 8.9400 483.000000 0.000000 136.000000 46.000000
5.4600 114.9500 8.5300 433.000000 0.000000 136.000000 46.000000
5.4700 114.9000 8.1600 393.000000 0.000000 136.000000 46.000000
5.4800 115.0300 7.8200 369.000000 0.000000 136.000000 46.000000
5.4900 115.1900 7.6900 349.000000 0.000000 135.000000 45.000000
5.5000 115.2800 7.6200 351.000000 0.000000 135.000000 45.000000
5.5100 115.2800 7.6200 364.000000 0.000000 135.000000 45.000000
5.5200 115.4300 7.6200 394.000000 0.000000 135.000000 45.000000
5.5300 115.5400 7.7700 402.000000 0.000000 134.000000 45.000000
5.5400 115.6900 7.9500 422.000000 0.000000 135.000000 44.000000
5.5500 115.9200 8.1700 446.000000 0.000000 135.000000 44.000000
5.5600 116.2200 8.4300 509.000000 0.000000 135.000000 44.000000
5.5700 116.5300 8.7300 568.000000 0.000000 136.000000 45.000000
5.5800 116.8300 9.1200 622.000000 0.000000 136.000000 45.000000
5.5900 117.0800 9.5100 699.000000 0.000000 136.000000 45.000000
5.6000 117.3100 9.9900 745.000000 0.000000 138.000000 45.000000
5.6100 117.5100 10.5500 788.000000 0.000000 138.000000 45.000000
5.6200 117.5600 11.3200 842.000000 0.000000 138.000000 45.000000
5.6300 117.5600 12.3400 853.000000 0.000000 138.000000 45.000000
5.6400 117.2500 13.5400 858.000000 0.000000 138.000000 45.000000
5.6500 116.6000 14.8900 855.000000 0.000000 138.000000 45.000000
5.6600 115.6900 16.3700 814.000000 0.000000 139.000000 45.000000
5.6700 114.0000 17.9500 745.000000 0.000000 138.000000 46.000000
5.6800 111.7400 19.2100 687.000000 0.000000 138.000000 47.000000
5.6900 109.1000 20.2300 688.000000 0.000000 138.000000 48.000000
5.7000 105.9300 21.1000 634.000000 0.000000 138.000000 49.000000
5.7100 102.5700 21.4900 673.000000 0.000000 140.000000 51.000000
5.7200 99.0700 21.2700 653.000000 0.000000 141.000000 52.000000
5.7300 95.5400 20.6500 664.000000 0.000000 141.000000 53.000000
5.7400 92.1700 19.7600 696.000000 0.000000 143.000000 55.000000
5.7500 88.9000 18.6200 693.000000 0.000000 144.000000 56.000000
5.7600 86.1500 17.3100 716.000000 0.000000 144.000000 56.000000
5.7700 84.0200 15.6700 725.000000 0.000000 144.000000 56.000000
5.7800 82.3000 13.9400 727.000000 0.000000 144.000000 56.000000
5.7900 81.4000 12.1600 716.000000 0.000000 141.000000 56.000000
5.8000 81.4600 10.5900 710.000000 0.000000 140.000000 56.000000
5.8100 82.1500 9.1200 705.000000 0.000000 140.000000 56.000000
5.8200 83.8100 7.7100 690.000000 0.000000 139.000000 57.000000
5.8300 85.9900 5.9600 693.000000 0.000000 138.000000 58.000000
5.8400 88.5200 4.6900 688.000000 0.000000 138.000000 59.000000
5.8500 91.1200 3.7300 694.000000 0.000000 138.000000 60.000000
5.8600 93.5700 3.3100 691.000000 0.000000 136.000000 61.000000
5.8700 95.9300 3.1700 687.000000 0.000000 137.000000 62.000000
5.8800 98.0200 3.2300 682.000000 0.000000 137.000000 63.000000
5.8900 99.8100 3.6100 682.000000 0.000000 137.000000 63.000000
5.9000 101.3900 4.1200 678.000000 0.000000 138.000000 64.000000
5.9100 102.2100 4.7300 685.000000 0.000000 138.000000 64.000000
5.9200 102.5000 5.1600 719.000000 0.000000 140.000000 63.000000
5.9300 102.4300 5.5900 745.000000 0.000000 143.000000 62.000000
5.9400 102.1000 6.0200 757.000000 0.000000 144.000000 61.000000
5.9500 101.5800 6.5100 763.000000 0.000000 146.000000 60.000000
5.9600 100.9200 7.0400 754.000000 0.000000 149.000000 58.000000
5.9700 100.1800 7.4500 768.000000 0.000000 150.000000 57.000000
5.9800 99.3400 7.8000 780.000000 0.000000 151.000000 56.000000
5.9900 98.4200 7.8900 791.000000 0.000000 152.000000 56.000000
6.0000 97.8200 7.8300 790.000000 0.000000 152.000000 56.000000
6.0100 97.4700 7.5200 787.000000 0.000000 153.000000 55.000000
6.0200 97.2800 7.1900 790.000000 0.000000 153.000000 55.000000
6.0300 97.2800 6.5500 773.000000 0.000000 152.000000 56.000000
6.0400 97.5700 5.7200 757.000000 0.000000 150.000000 55.000000
6.0500 98.0300 4.7800 733.000000 0.000000 149.000000 56.000000
6.0600 98.6900 4.2800 684.000000 0.000000 148.000000 57.000000
6.0700 99.4000 4.0800 653.000000 0.000000 149.000000 58.000000
6.0800 100.1400 3.9500 614.000000 0.000000 146.000000 60.000000
6.0900 100.8600 4.1600 546.000000 0.000000 145.000000 60.000000
6.1000 101.4500 4.6100 519.000000 0.000000 145.000000 60.000000
6.1100 101.9600 4.9700 497.000000 0.000000 146.000000 62.000000
6.1200 102.1200 5.2800 516.000000 0.000000 147.000000 61.000000
6.1300 102.1200 5.4200 567.000000 0.000000 147.000000 61.000000
6.1400 102.0600 5.4700 611.000000 0.000000 148.000000 60.000000
6.1500 101.9300 5.3600 627.000000 0.000000 149.000000 59.000000
6.1600 101.8100 5.2000 647.000000 0.000000 150.000000 58.000000
6.1700 101.7000 4.9700 641.000000 0.000000 150.000000 58.000000
6.1800 101.7000 4.6700 641.000000 0.000000 151.000000 58.000000
6.1900 101.8100 4.3100 643.000000 0.000000 150.000000 58.000000
6.2000 101.9800 3.9500 622.000000 0.000000 150.000000 58.000000
6.2100 102.2300 3.6900 595.000000 0.000000 150.000000 58.000000
6.2200 102.6900 3.4800 561.000000 0.000000 149.000000 59.000000
6.2300 103.3000 3.4800 530.000000 0.000000 148.000000 60.000000
6.2400 103.7900 3.6800 529.000000 0.000000 148.000000 60.000000
6.2500 104.0700 3.9100 542.000000 0.000000 147.000000 61.000000
6.2600 104.2200 3.9900 605.000000 0.000000 147.000000 61.000000
6.2700 104.2200 3.9900 659.000000 0.000000 147.000000 61.000000
6.2800 104.2200 3.8600 743.000000 0.000000 147.000000 61.000000
6.2900 104.3300 3.6300 779.000000 0.000000 148.000000 60.000000
6.3000 104.6200 3.3700 796.000000 0.000000 150.000000 60.000000
6.3100 105.0300 3.2900 763.000000 0.000000 150.000000 60.000000
6.3200 105.6000 3.2900 522.000000 0.000000 151.000000 60.000000
