0.0000 12.8800 29.4600 122.000000 1.000000 129.000000 59.000000
0.0100 12.6100 28.1900 168.000000 0.000000 129.000000 59.000000
0.0200 12.5500 27.8300 235.000000 0.000000 128.000000 58.000000
0.0300 12.5500 27.6200 330.000000 0.000000 127.000000 59.000000
0.0400 12.6500 27.6200 413.000000 0.000000 127.000000 59.000000
0.0500 12.7700 27.7500 423.000000 0.000000 126.000000 58.000000
0.0600 12.9500 28.2600 458.000000 0.000000 126.000000 58.000000
0.0700 13.2500 28.9700 463.000000 0.000000 126.000000 58.000000
0.0800 13.6200 29.8100 485.000000 0.000000 126.000000 58.000000
0.0900 13.9400 30.5700 486.000000 0.000000 126.000000 58.000000
0.1000 14.1700 31.3000 488.000000 0.000000 126.000000 58.000000
0.1100 14.3400 31.9900 485.000000 0.000000 126.000000 58.000000
0.1200 14.4000 32.4400 491.000000 0.000000 126.000000 58.000000
0.1300 14.4000 32.7300 493.000000 0.000000 128.000000 58.000000
0.1400 14.4000 32.6200 509.000000 0.000000 128.000000 58.000000
0.1500 14.4000 32.2200 521.000000 0.000000 128.000000 58.000000
0.1600 14.4000 31.6300 544.000000 0.000000 130.000000 58.000000
0.1700 14.4600 31.0400 553.000000 0.000000 130.000000 58.000000
0.1800 14.5700 30.6900 572.000000 0.000000 130.000000 58.000000
0.1900 14.7600 30.5100 588.000000 0.000000 131.000000 58.000000
0.2000 15.0500 30.6400 631.000000 0.000000 129.000000 59.000000
0.2100 15.4300 31.0200 644.000000 0.000000 129.000000 59.000000
0.2200 15.8600 31.5800 659.000000 0.000000 129.000000 59.000000
0.2300 16.1400 32.1900 662.000000 0.000000 129.000000 59.000000
0.2400 16.2300 32.7500 673.000000 0.000000 129.000000 59.000000
0.2500 16.2300 33.2200 700.000000 0.000000 129.000000 59.000000
0.2600 16.1800 33.3500 699.000000 0.000000 128.000000 58.000000
0.2700 16.1800 33.2800 697.000000 0.000000 128.000000 58.000000
0.2800 16.1000 33.0600 696.000000 0.000000 130.000000 58.000000
0.2900 15.9800 32.5100 690.000000 0.000000 130.000000 58.000000
0.3000 15.8500 31.7500 662.000000 0.000000 130.000000 58.000000
0.3100 15.6900 30.9900 641.000000 0.000000 131.000000 58.000000
0.3200 15.5200 30.3200 551.000000 0.000000 131.000000 58.000000
0.3300 15.5200 29.8000 386.000000 0.000000 131.000000 58.000000
0.3400 15.5900 29.3600 143.000000 0.000000 131.000000 60.000000
0.3500 15.5900 29.3600 0.000000 1.000000 131.000000 60.000000
0.3600 15.7500 29.0100 0.000000 0.000000 131.000000 60.000000
0.3700 15.8100 29.0900 0.000000 0.000000 131.000000 60.000000
0.3800 15.8700 29.3200 0.000000 0.000000 131.000000 60.000000
0.3900 16.0300 29.6100 0.000000 0.000000 131.000000 60.000000
0.4000 16.2100 29.9400 0.000000 0.000000 131.000000 60.000000
0.4100 16.4100 30.3400 0.000000 0.000000 129.000000 59.000000
0.4200 16.7100 30.7300 0.000000 0.000000 128.000000 58.000000
0.4300 17.0000 31.0900 0.000000 0.000000 128.000000 58.000000
0.4400 17.2700 31.4100 0.000000 0.000000 128.000000 57.000000
0.4500 17.5300 31.6800 0.000000 0.000000 130.000000 56.000000
0.4600 17.6100 31.5800 0.000000 0.000000 129.000000 56.000000
0.4700 17.4800 31.2500 0.000000 0.000000 127.000000 55.000000
0.4800 17.4800 31.2500 262.000000 1.000000 129.000000 55.000000
0.4900 16.9000 30.0200 333.000000 0.000000 129.000000 55.000000
0.5000 16.6300 29.5300 371.000000 0.000000 129.000000 55.000000
0.5100 16.5800 29.0800 435.000000 0.000000 127.000000 55.000000
0.5200 16.6500 28.8500 461.000000 0.000000 127.000000 55.000000
0.5300 16.7300 28.7700 488.000000 0.000000 127.000000 55.000000
0.5400 16.9500 28.9000 517.000000 0.000000 126.000000 56.000000
0.5500 17.2500 29.1900 518.000000 0.000000 126.000000 56.000000
0.5600 17.5300 29.5900 557.000000 0.000000 126.000000 56.000000
0.5700 17.6800 29.9300 569.000000 0.000000 126.000000 56.000000
0.5800 17.7300 30.2400 616.000000 0.000000 126.000000 56.000000
0.5900 17.7300 30.3200 640.000000 0.000000 126.000000 56.000000
0.6000 17.6800 30.2600 647.000000 0.000000 126.000000 56.000000
0.6100 17.6800 30.1700 647.000000 0.000000 126.000000 56.000000
0.6200 17.6200 29.9400 630.000000 0.000000 126.000000 56.000000
0.6300 17.6200 29.6200 589.000000 0.000000 126.000000 56.000000
0.6400 17.7300 29.4800 485.000000 0.000000 126.000000 56.000000
0.6500 17.9000 29.3400 314.000000 0.000000 127.000000 55.000000
0.6600 18.1100 29.3400 108.000000 0.000000 127.000000 55.000000
0.6700 18.1100 29.3400 0.000000 1.000000 126.000000 56.000000
0.6800 18.5500 29.5200 0.000000 0.000000 126.000000 56.000000
0.6900 18.6500 29.6700 0.000000 0.000000 126.000000 56.000000
0.7000 18.6500 29.8600 0.000000 0.000000 126.000000 56.000000
0.7100 18.7900 30.1700 0.000000 0.000000 126.000000 56.000000
0.7200 18.9200 30.5600 0.000000 0.000000 126.000000 56.000000
0.7300 19.1100 31.0000 0.000000 0.000000 126.000000 56.000000
0.7400 19.3000 31.6100 0.000000 0.000000 126.000000 56.000000
0.7500 19.4900 32.3400 0.000000 0.000000 126.000000 54.000000
0.7600 19.6800 33.1500 0.000000 0.000000 126.000000 54.000000
0.7700 19.8100 33.9700 0.000000 0.000000 126.000000 54.000000
0.7800 19.8100 33.9700 235.000000 1.000000 127.000000 55.000000
0.7900 19.7900 34.4200 304.000000 0.000000 126.000000 56.000000
0.8000 19.6600 34.1600 349.000000 0.000000 126.000000 56.000000
0.8100 19.5000 33.4800 438.000000 0.000000 127.000000 56.000000
0.8200 19.3200 32.5300 498.000000 0.000000 127.000000 56.000000
0.8300 19.1700 31.6300 512.000000 0.000000 127.000000 56.000000
0.8400 19.1000 30.8600 514.000000 0.000000 127.000000 56.000000
0.8500 19.1000 30.1900 502.000000 0.000000 127.000000 56.000000
0.8600 19.0300 29.6600 474.000000 0.000000 127.000000 56.000000
0.8700 19.0800 29.3600 410.000000 0.000000 127.000000 56.000000
0.8800 19.1400 29.2200 309.000000 0.000000 127.000000 56.000000
0.8900 19.1400 29.2200 180.000000 0.000000 127.000000 56.000000
0.9000 19.1400 29.2200 0.000000 1.000000 129.000000 56.000000
0.9100 19.1900 29.4900 0.000000 0.000000 127.000000 56.000000
0.9200 19.1300 29.7900 0.000000 0.000000 127.000000 56.000000
0.9300 19.0600 30.1400 0.000000 0.000000 127.000000 56.000000
0.9400 18.9100 30.5200 0.000000 0.000000 127.000000 56.000000
0.9500 18.7300 30.9300 0.000000 0.000000 127.000000 56.000000
0.9600 18.5300 31.3200 0.000000 0.000000 129.000000 56.000000
0.9700 18.3100 31.3200 0.000000 0.000000 129.000000 56.000000
0.9800 18.3100 31.3200 256.000000 1.000000 127.000000 55.000000
0.9900 17.9600 30.9000 305.000000 0.000000 127.000000 55.000000
1.0000 17.9100 30.7500 341.000000 0.000000 127.000000 55.000000
1.0100 18.0100 30.6500 392.000000 0.000000 127.000000 55.000000
1.0200 18.2100 30.6500 420.000000 0.000000 127.000000 55.000000
1.0300 18.4500 30.5800 404.000000 0.000000 129.000000 56.000000
1.0400 18.8400 30.6500 339.000000 0.000000 129.000000 56.000000
1.0500 19.3300 30.8100 244.000000 0.000000 129.000000 56.000000
1.0600 19.7500 30.9500 180.000000 0.000000 129.000000 56.000000
1.0700 20.1200 31.0800 36.000000 0.000000 129.000000 56.000000
1.0800 20.1200 31.0800 0.000000 1.000000 129.000000 56.000000
1.0900 20.1200 31.0800 13.000000 0.000000 129.000000 56.000000
1.1000 20.7400 31.1200 170.000000 1.000000 130.000000 56.000000
1.1100 20.7400 30.8700 286.000000 0.000000 130.000000 56.000000
1.1200 20.6400 30.5400 396.000000 0.000000 130.000000 56.000000
1.1300 20.5500 30.2000 474.000000 0.000000 130.000000 56.000000
1.1400 20.4500 29.8600 481.000000 0.000000 130.000000 56.000000
1.1500 20.3500 29.5200 473.000000 0.000000 130.000000 56.000000
1.1600 20.3000 29.3400 414.000000 0.000000 130.000000 56.000000
1.1700 20.3000 29.2800 218.000000 0.000000 130.000000 56.000000
1.1800 20.3000 29.2800 0.000000 1.000000 130.000000 56.000000
1.1900 20.4200 29.4200 0.000000 0.000000 130.000000 56.000000
1.2000 20.5000 29.6700 0.000000 0.000000 130.000000 56.000000
1.2100 20.5000 29.9900 0.000000 0.000000 130.000000 56.000000
1.2200 20.5500 30.3400 0.000000 0.000000 130.000000 56.000000
1.2300 20.5500 30.7000 0.000000 0.000000 129.000000 56.000000
1.2400 20.5500 31.1500 0.000000 0.000000 129.000000 56.000000
1.2500 20.6300 31.6700 0.000000 0.000000 129.000000 56.000000
1.2600 20.7100 32.2400 0.000000 0.000000 129.000000 56.000000
1.2700 20.7100 32.2400 54.000000 1.000000 129.000000 56.000000
1.2800 20.7100 32.7800 89.000000 0.000000 129.000000 56.000000
1.2900 20.7100 32.7800 0.000000 1.000000 129.000000 56.000000
1.3000 20.7100 32.9900 0.000000 0.000000 129.000000 56.000000
1.3100 20.7100 33.0600 0.000000 0.000000 129.000000 56.000000
1.3200 20.8400 33.1400 0.000000 0.000000 129.000000 56.000000
1.3300 21.0000 33.0300 0.000000 0.000000 129.000000 56.000000
1.3400 21.1700 32.7000 0.000000 0.000000 129.000000 56.000000
1.3500 21.3400 32.2200 0.000000 0.000000 129.000000 56.000000
1.3600 21.5000 31.5700 0.000000 0.000000 129.000000 56.000000
1.3700 21.5800 30.9900 0.000000 0.000000 130.000000 56.000000
1.3800 21.5800 30.9900 202.000000 1.000000 130.000000 56.000000
1.3900 21.6400 30.2800 334.000000 0.000000 130.000000 56.000000
1.4000 21.7100 30.2300 443.000000 0.000000 130.000000 56.000000
1.4100 21.8400 30.2800 544.000000 0.000000 130.000000 56.000000
1.4200 22.0000 30.4900 553.000000 0.000000 130.000000 56.000000
1.4300 22.1600 30.8600 561.000000 0.000000 130.000000 56.000000
1.4400 22.3700 31.3500 567.000000 0.000000 130.000000 56.000000
1.4500 22.4600 31.8700 561.000000 0.000000 130.000000 56.000000
1.4600 22.4600 32.4600 542.000000 0.000000 130.000000 56.000000
1.4700 22.3700 33.1000 538.000000 0.000000 128.000000 57.000000
1.4800 22.2500 33.6300 537.000000 0.000000 128.000000 57.000000
1.4900 22.1200 33.7700 533.000000 0.000000 130.000000 58.000000
1.5000 22.0000 33.6400 540.000000 0.000000 130.000000 58.000000
1.5100 21.8600 33.2400 544.000000 0.000000 130.000000 58.000000
1.5200 21.7100 32.5800 546.000000 0.000000 130.000000 58.000000
1.5300 21.5600 31.7600 543.000000 0.000000 128.000000 57.000000
1.5400 21.5600 31.0200 543.000000 0.000000 128.000000 57.000000
1.5500 21.5600 30.3200 546.000000 0.000000 128.000000 57.000000
1.5600 21.6400 29.8400 538.000000 0.000000 128.000000 57.000000
1.5700 21.7700 29.5000 518.000000 0.000000 128.000000 57.000000
1.5800 21.9200 29.3300 512.000000 0.000000 130.000000 56.000000
1.5900 22.0900 29.2300 504.000000 0.000000 130.000000 56.000000
1.6000 22.3700 29.2300 499.000000 0.000000 130.000000 56.000000
1.6100 22.7300 29.2300 502.000000 0.000000 130.000000 56.000000
1.6200 23.0900 29.4500 514.000000 0.000000 131.000000 57.000000
1.6300 23.4500 29.6900 522.000000 0.000000 131.000000 57.000000
1.6400 23.7400 29.9500 519.000000 0.000000 130.000000 58.000000
1.6500 23.9700 30.2400 535.000000 0.000000 130.000000 58.000000
1.6600 24.0500 30.5500 568.000000 0.000000 130.000000 58.000000
1.6700 23.9700 30.7300 572.000000 0.000000 130.000000 58.000000
1.6800 23.7800 30.7300 570.000000 0.000000 131.000000 58.000000
1.6900 23.4000 30.6700 561.000000 0.000000 131.000000 58.000000
1.7000 22.9800 30.3600 512.000000 0.000000 131.000000 58.000000
1.7100 22.5300 30.0600 405.000000 0.000000 131.000000 58.000000
1.7200 22.2600 29.7500 239.000000 0.000000 131.000000 58.000000
1.7300 22.2600 29.7500 0.000000 1.000000 130.000000 58.000000
1.7400 22.2500 29.5500 0.000000 0.000000 130.000000 58.000000
1.7500 22.3900 29.7300 0.000000 0.000000 130.000000 58.000000
1.7600 22.5700 30.0400 0.000000 0.000000 130.000000 58.000000
1.7700 22.8100 30.4500 0.000000 0.000000 130.000000 58.000000
1.7800 23.0700 30.9600 0.000000 0.000000 130.000000 58.000000
1.7900 23.3300 31.6400 0.000000 0.000000 130.000000 58.000000
1.8000 23.5800 32.4300 0.000000 0.000000 130.000000 58.000000
1.8100 23.8200 33.4300 0.000000 0.000000 130.000000 58.000000
1.8200 24.1300 34.3700 0.000000 0.000000 130.000000 58.000000
1.8300 24.1300 34.3700 81.000000 1.000000 130.000000 58.000000
1.8400 24.3900 34.5700 246.000000 0.000000 130.000000 58.000000
1.8500 24.2700 34.1800 339.000000 0.000000 130.000000 58.000000
1.8600 24.1200 33.4000 427.000000 0.000000 130.000000 58.000000
1.8700 23.9100 32.3700 519.000000 0.000000 130.000000 58.000000
1.8800 23.6500 31.4200 527.000000 0.000000 130.000000 58.000000
1.8900 23.5600 30.6400 521.000000 0.000000 130.000000 58.000000
1.9000 23.4900 29.9700 485.000000 0.000000 130.000000 58.000000
1.9100 23.4900 29.4800 417.000000 0.000000 130.000000 58.000000
1.9200 23.5800 29.2300 273.000000 0.000000 130.000000 58.000000
1.9300 23.7100 29.1400 137.000000 0.000000 130.000000 58.000000
1.9400 23.7100 29.1400 0.000000 1.000000 130.000000 58.000000
1.9500 24.0300 29.3400 0.000000 0.000000 130.000000 58.000000
1.9600 24.2300 29.6100 0.000000 0.000000 130.000000 58.000000
1.9700 24.3900 29.8700 0.000000 0.000000 131.000000 58.000000
1.9800 24.5400 30.1000 0.000000 0.000000 131.000000 58.000000
1.9900 24.5400 30.1000 132.000000 1.000000 131.000000 58.000000
2.0000 24.8800 30.4100 245.000000 0.000000 131.000000 58.000000
2.0100 25.0500 30.5100 387.000000 0.000000 131.000000 58.000000
2.0200 25.2800 30.6900 486.000000 0.000000 131.000000 58.000000
2.0300 25.5600 30.9200 548.000000 0.000000 131.000000 58.000000
2.0400 25.7600 31.1800 586.000000 0.000000 131.000000 58.000000
2.0500 25.9000 31.4300 641.000000 0.000000 131.000000 58.000000
2.0600 25.9000 31.6400 667.000000 0.000000 131.000000 58.000000
2.0700 25.6700 31.6400 684.000000 0.000000 131.000000 58.000000
2.0800 25.3300 31.5500 688.000000 0.000000 131.000000 58.000000
2.0900 24.8600 31.1900 696.000000 0.000000 131.000000 58.000000
2.1000 24.4500 30.8000 702.000000 0.000000 132.000000 58.000000
2.1100 24.3100 30.3700 685.000000 0.000000 132.000000 58.000000
2.1200 24.3100 30.0800 673.000000 0.000000 132.000000 58.000000
2.1300 24.4500 29.8800 644.000000 0.000000 132.000000 58.000000
2.1400 24.6200 29.7300 616.000000 0.000000 132.000000 58.000000
2.1500 24.8700 29.6800 563.000000 0.000000 132.000000 58.000000
2.1600 25.2000 29.6800 445.000000 0.000000 131.000000 58.000000
2.1700 25.5800 29.7900 183.000000 0.000000 132.000000 59.000000
2.1800 25.5800 29.7900 0.000000 1.000000 132.000000 59.000000
2.1900 26.4100 30.0500 0.000000 0.000000 132.000000 59.000000
2.2000 26.9200 30.1400 0.000000 0.000000 132.000000 59.000000
2.2100 27.5000 30.2200 0.000000 0.000000 132.000000 59.000000
2.2200 28.1600 30.3300 0.000000 0.000000 132.000000 59.000000
2.2300 28.8900 30.4900 0.000000 0.000000 131.000000 58.000000
2.2400 29.5500 30.6700 0.000000 0.000000 132.000000 58.000000
2.2500 30.1600 30.7300 0.000000 0.000000 132.000000 58.000000
2.2600 30.5500 30.7800 0.000000 0.000000 132.000000 58.000000
2.2700 30.7800 30.7800 0.000000 0.000000 132.000000 58.000000
2.2800 30.8900 30.8400 0.000000 0.000000 132.000000 58.000000
2.2900 30.7500 30.8400 0.000000 0.000000 132.000000 58.000000
2.3000 30.6100 30.8400 0.000000 0.000000 132.000000 58.000000
2.3100 30.5100 30.6900 0.000000 0.000000 132.000000 58.000000
2.3200 30.5100 30.6900 289.000000 1.000000 132.000000 58.000000
2.3300 30.1200 30.0700 356.000000 0.000000 132.000000 58.000000
2.3400 30.0000 29.6400 440.000000 0.000000 132.000000 58.000000
2.3500 29.9100 29.3100 519.000000 0.000000 132.000000 58.000000
2.3600 29.9100 29.0600 553.000000 0.000000 131.000000 58.000000
2.3700 29.9600 29.0600 591.000000 0.000000 132.000000 59.000000
2.3800 30.0700 29.0600 627.000000 0.000000 132.000000 59.000000
2.3900 30.1900 29.1300 644.000000 0.000000 132.000000 59.000000
2.4000 30.5000 29.5000 646.000000 0.000000 132.000000 59.000000
2.4100 30.8500 30.0000 652.000000 0.000000 132.000000 59.000000
2.4200 31.2600 30.5900 646.000000 0.000000 132.000000 59.000000
2.4300 31.5300 31.1500 647.000000 0.000000 131.000000 58.000000
2.4400 31.7200 31.7200 628.000000 0.000000 132.000000 59.000000
2.4500 31.8100 32.2800 610.000000 0.000000 132.000000 59.000000
2.4600 31.8100 32.8500 610.000000 0.000000 132.000000 59.000000
2.4700 31.8100 32.9800 610.000000 0.000000 134.000000 58.000000
2.4800 31.8100 32.8300 611.000000 0.000000 134.000000 58.000000
2.4900 31.8100 32.4300 614.000000 0.000000 134.000000 58.000000
2.5000 31.8100 31.9800 614.000000 0.000000 134.000000 58.000000
2.5100 31.8100 31.6100 614.000000 0.000000 134.000000 58.000000
2.5200 31.8600 31.3200 619.000000 0.000000 134.000000 58.000000
2.5300 32.0600 31.2700 619.000000 0.000000 134.000000 58.000000
2.5400 32.3500 31.4100 617.000000 0.000000 134.000000 58.000000
2.5500 32.7200 31.6900 614.000000 0.000000 135.000000 59.000000
2.5600 33.0800 32.2100 614.000000 0.000000 135.000000 59.000000
2.5700 33.4100 32.7100 613.000000 0.000000 135.000000 59.000000
2.5800 33.6100 33.2000 578.000000 0.000000 135.000000 59.000000
2.5900 33.7400 33.5600 563.000000 0.000000 135.000000 59.000000
2.6000 33.7400 33.7100 570.000000 0.000000 134.000000 60.000000
2.6100 33.7400 33.7100 575.000000 0.000000 134.000000 60.000000
2.6200 33.6300 33.4600 586.000000 0.000000 134.000000 60.000000
2.6300 33.4600 32.9000 592.000000 0.000000 134.000000 60.000000
2.6400 33.2900 32.1300 614.000000 0.000000 134.000000 60.000000
2.6500 33.1200 31.4200 620.000000 0.000000 134.000000 60.000000
2.6600 33.0300 30.8600 620.000000 0.000000 134.000000 60.000000
2.6700 33.0300 30.4100 592.000000 0.000000 134.000000 60.000000
2.6800 33.0300 30.2300 561.000000 0.000000 134.000000 60.000000
2.6900 33.0300 30.2300 447.000000 0.000000 135.000000 59.000000
2.7000 33.3200 30.1600 299.000000 0.000000 135.000000 59.000000
2.7100 33.4600 30.2900 65.000000 0.000000 135.000000 59.000000
2.7200 33.4600 30.2900 0.000000 1.000000 135.000000 59.000000
2.7300 33.7700 30.5500 0.000000 0.000000 135.000000 59.000000
2.7400 33.8500 30.5500 0.000000 0.000000 134.000000 60.000000
2.7500 33.9900 30.4900 0.000000 0.000000 134.000000 60.000000
2.7600 33.9900 30.4900 98.000000 1.000000 135.000000 60.000000
2.7700 34.3200 30.3000 251.000000 0.000000 135.000000 60.000000
2.7800 34.5400 30.3000 364.000000 0.000000 135.000000 60.000000
2.7900 34.8200 30.4000 453.000000 0.000000 135.000000 60.000000
2.8000 35.1100 30.6000 556.000000 0.000000 135.000000 60.000000
2.8100 35.3100 30.8400 645.000000 0.000000 135.000000 60.000000
2.8200 35.4500 31.1100 697.000000 0.000000 135.000000 60.000000
2.8300 35.4500 31.3600 722.000000 0.000000 135.000000 60.000000
2.8400 35.3200 31.5600 730.000000 0.000000 136.000000 60.000000
2.8500 35.0400 31.6700 745.000000 0.000000 136.000000 60.000000
2.8600 34.6900 31.6700 697.000000 0.000000 136.000000 60.000000
2.8700 34.3400 31.5000 638.000000 0.000000 136.000000 60.000000
2.8800 34.0000 31.3100 473.000000 0.000000 136.000000 60.000000
2.8900 34.0000 31.1400 129.000000 0.000000 136.000000 60.000000
2.9000 34.0000 31.1400 0.000000 1.000000 136.000000 60.000000
2.9100 34.1400 30.9300 0.000000 0.000000 136.000000 60.000000
2.9200 34.4000 30.9300 0.000000 0.000000 136.000000 60.000000
2.9300 34.6500 31.0700 0.000000 0.000000 136.000000 60.000000
2.9400 34.9000 31.1700 0.000000 0.000000 136.000000 60.000000
2.9500 35.1400 31.2600 0.000000 0.000000 136.000000 60.000000
2.9600 35.3400 31.2600 0.000000 0.000000 138.000000 59.000000
2.9700 35.5200 31.2600 0.000000 0.000000 138.000000 59.000000
2.9800 35.5200 31.2600 287.000000 1.000000 139.000000 60.000000
2.9900 35.7700 30.9000 394.000000 0.000000 138.000000 60.000000
3.0000 35.7700 30.7300 495.000000 0.000000 138.000000 60.000000
3.0100 35.8700 30.5000 518.000000 0.000000 138.000000 60.000000
3.0200 35.9400 30.2300 559.000000 0.000000 138.000000 60.000000
3.0300 36.0000 30.0700 564.000000 0.000000 138.000000 60.000000
3.0400 36.0000 29.9700 574.000000 0.000000 138.000000 60.000000
3.0500 36.0000 29.9000 585.000000 0.000000 138.000000 60.000000
3.0600 36.0000 29.9000 620.000000 0.000000 138.000000 60.000000
3.0700 36.0000 29.9000 631.000000 0.000000 138.000000 60.000000
3.0800 36.0000 30.0900 630.000000 0.000000 138.000000 60.000000
3.0900 35.9100 30.3400 634.000000 0.000000 138.000000 60.000000
3.1000 35.9100 30.5700 631.000000 0.000000 138.000000 60.000000
3.1100 35.9800 30.8200 622.000000 0.000000 138.000000 60.000000
3.1200 36.1700 31.0900 624.000000 0.000000 138.000000 60.000000
3.1300 36.3700 31.2300 622.000000 0.000000 138.000000 60.000000
3.1400 36.6600 31.2800 622.000000 0.000000 138.000000 60.000000
3.1500 37.0200 31.2800 631.000000 0.000000 138.000000 60.000000
3.1600 37.4000 31.2800 639.000000 0.000000 138.000000 60.000000
3.1700 37.7800 31.3500 642.000000 0.000000 138.000000 60.000000
3.1800 38.1000 31.4500 647.000000 0.000000 138.000000 60.000000
3.1900 38.3900 31.6000 659.000000 0.000000 138.000000 60.000000
3.2000 38.5800 31.7300 673.000000 0.000000 136.000000 60.000000
3.2100 38.6400 31.8200 691.000000 0.000000 136.000000 60.000000
3.2200 38.6400 31.9100 702.000000 0.000000 135.000000 59.000000
3.2300 38.5100 32.0200 700.000000 0.000000 135.000000 59.000000
3.2400 38.4000 32.0200 678.000000 0.000000 134.000000 60.000000
3.2500 38.2000 31.9100 673.000000 0.000000 132.000000 59.000000
3.2600 37.9400 31.6700 673.000000 0.000000 132.000000 59.000000
3.2700 37.7100 31.3100 647.000000 0.000000 132.000000 59.000000
3.2800 37.7100 31.0400 592.000000 0.000000 132.000000 59.000000
3.2900 37.7800 30.8900 537.000000 0.000000 132.000000 59.000000
3.3000 37.9400 30.7200 450.000000 0.000000 132.000000 59.000000
3.3100 38.1300 30.7200 324.000000 0.000000 132.000000 59.000000
3.3200 38.3700 30.7200 127.000000 0.000000 132.000000 59.000000
3.3300 38.3700 30.7200 0.000000 1.000000 132.000000 59.000000
3.3400 38.7800 31.0300 0.000000 0.000000 132.000000 59.000000
3.3500 38.9400 31.2100 0.000000 0.000000 132.000000 59.000000
3.3600 39.1200 31.4600 0.000000 0.000000 132.000000 59.000000
3.3700 39.3000 31.7000 0.000000 0.000000 132.000000 59.000000
3.3800 39.4500 31.9300 0.000000 0.000000 132.000000 59.000000
3.3900 39.5800 32.1000 0.000000 0.000000 132.000000 59.000000
3.4000 39.5800 32.1000 193.000000 1.000000 132.000000 59.000000
3.4100 39.5800 32.1000 282.000000 0.000000 134.000000 58.000000
3.4200 39.4600 31.7400 387.000000 0.000000 134.000000 58.000000
3.4300 39.3300 31.4300 486.000000 0.000000 134.000000 58.000000
3.4400 39.2400 31.1000 510.000000 0.000000 132.000000 59.000000
3.4500 39.2400 30.8200 524.000000 0.000000 132.000000 59.000000
3.4600 39.2900 30.6800 533.000000 0.000000 132.000000 59.000000
3.4700 39.4200 30.6800 532.000000 0.000000 132.000000 59.000000
3.4800 39.6200 30.7700 524.000000 0.000000 132.000000 59.000000
3.4900 39.9300 31.0600 518.000000 0.000000 132.000000 59.000000
3.5000 40.3000 31.4700 515.000000 0.000000 134.000000 60.000000
3.5100 40.6200 31.8700 516.000000 0.000000 134.000000 60.000000
3.5200 40.8200 32.1300 516.000000 0.000000 134.000000 60.000000
3.5300 40.9400 32.3100 519.000000 0.000000 134.000000 60.000000
3.5400 40.9400 32.3100 527.000000 0.000000 134.000000 60.000000
3.5500 40.9400 32.2200 551.000000 0.000000 134.000000 60.000000
3.5600 40.9400 31.9500 563.000000 0.000000 134.000000 60.000000
3.5700 40.9400 31.5800 569.000000 0.000000 134.000000 60.000000
3.5800 40.9400 31.2800 568.000000 0.000000 134.000000 60.000000
3.5900 40.9400 31.0600 535.000000 0.000000 134.000000 60.000000
3.6000 40.9400 30.8900 446.000000 0.000000 134.000000 60.000000
3.6100 41.0500 30.7700 255.000000 0.000000 134.000000 60.000000
3.6200 41.1800 30.7700 44.000000 0.000000 134.000000 60.000000
3.6300 41.1800 30.7700 0.000000 1.000000 135.000000 60.000000
3.6400 41.5400 30.9800 0.000000 0.000000 135.000000 60.000000
3.6500 41.7100 31.1000 0.000000 0.000000 135.000000 60.000000
3.6600 41.8200 31.1900 0.000000 0.000000 135.000000 60.000000
3.6700 41.8200 31.1900 56.000000 1.000000 135.000000 60.000000
3.6800 41.8200 31.1900 212.000000 0.000000 135.000000 60.000000
3.6900 41.8200 31.1900 368.000000 0.000000 135.000000 60.000000
3.7000 42.1600 31.1000 491.000000 0.000000 135.000000 60.000000
3.7100 42.3700 31.1600 589.000000 0.000000 135.000000 60.000000
3.7200 42.6500 31.2800 666.000000 0.000000 138.000000 60.000000
3.7300 42.9700 31.4600 733.000000 0.000000 136.000000 61.000000
3.7400 43.1600 31.6300 787.000000 0.000000 136.000000 61.000000
3.7500 43.2700 31.8800 826.000000 0.000000 136.000000 61.000000
3.7600 43.2700 32.1800 817.000000 0.000000 138.000000 61.000000
3.7700 43.0300 32.3400 808.000000 0.000000 138.000000 61.000000
3.7800 42.6800 32.4800 780.000000 0.000000 138.000000 61.000000
3.7900 42.2300 32.4200 699.000000 0.000000 138.000000 61.000000
3.8000 41.8000 32.2400 483.000000 0.000000 138.000000 61.000000
3.8100 41.5900 31.9100 3.000000 1.000000 138.000000 61.000000
3.8200 41.5900 31.9100 0.000000 0.000000 138.000000 61.000000
3.8300 41.5600 31.3100 0.000000 0.000000 138.000000 61.000000
3.8400 41.6500 31.1300 0.000000 0.000000 138.000000 61.000000
3.8500 41.8400 30.9600 0.000000 0.000000 136.000000 61.000000
3.8600 42.1600 30.8900 0.000000 0.000000 136.000000 61.000000
3.8700 42.5700 30.8900 0.000000 0.000000 136.000000 61.000000
3.8800 42.9600 30.8900 0.000000 0.000000 138.000000 60.000000
3.8900 43.2900 30.8900 0.000000 0.000000 138.000000 60.000000
3.9000 43.5500 30.9400 0.000000 0.000000 138.000000 60.000000
3.9100 43.7300 31.0400 0.000000 0.000000 139.000000 61.000000
3.9200 43.8400 31.1200 0.000000 0.000000 139.000000 61.000000
3.9300 43.8400 31.1900 0.000000 0.000000 139.000000 61.000000
3.9400 43.8400 31.3000 0.000000 0.000000 141.000000 61.000000
3.9500 43.8400 31.4300 0.000000 0.000000 141.000000 61.000000
3.9600 43.8400 31.6100 0.000000 0.000000 142.000000 61.000000
3.9700 43.9300 31.8000 0.000000 0.000000 142.000000 61.000000
3.9800 43.9800 31.9600 0.000000 0.000000 144.000000 61.000000
3.9900 43.9800 32.0900 0.000000 0.000000 144.000000 61.000000
4.0000 43.9800 32.0900 0.000000 0.000000 144.000000 61.000000
4.0100 43.9800 32.0900 0.000000 0.000000 144.000000 61.000000
4.0200 43.8000 31.8300 0.000000 0.000000 144.000000 61.000000
4.0300 43.8000 31.8300 314.000000 1.000000 144.000000 61.000000
4.0400 43.5900 31.3800 399.000000 0.000000 144.000000 61.000000
4.0500 43.5900 31.2800 439.000000 0.000000 144.000000 61.000000
4.0600 43.5900 31.2100 514.000000 0.000000 144.000000 61.000000
4.0700 43.6600 31.2100 560.000000 0.000000 144.000000 61.000000
4.0800 43.8600 31.3200 592.000000 0.000000 144.000000 61.000000
4.0900 44.1500 31.5100 605.000000 0.000000 144.000000 61.000000
4.1000 44.4300 31.8200 617.000000 0.000000 143.000000 62.000000
4.1100 44.6000 32.1500 606.000000 0.000000 143.000000 62.000000
4.1200 44.7000 32.4900 605.000000 0.000000 143.000000 62.000000
4.1300 44.7000 32.9700 599.000000 0.000000 143.000000 62.000000
4.1400 44.5500 33.4300 592.000000 0.000000 143.000000 62.000000
4.1500 44.2500 34.0300 589.000000 0.000000 141.000000 61.000000
4.1600 43.8300 34.7500 588.000000 0.000000 141.000000 61.000000
4.1700 43.1700 35.5100 591.000000 0.000000 139.000000 61.000000
4.1800 42.3500 36.4000 589.000000 0.000000 139.000000 61.000000
4.1900 41.2100 37.3700 572.000000 0.000000 139.000000 61.000000
4.2000 39.7700 38.2700 529.000000 0.000000 138.000000 60.000000
4.2100 38.1300 38.7000 472.000000 0.000000 138.000000 60.000000
4.2200 35.9000 38.8300 436.000000 0.000000 138.000000 60.000000
4.2300 33.2700 38.5200 398.000000 0.000000 139.000000 60.000000
4.2400 30.3800 37.9500 399.000000 0.000000 139.000000 60.000000
4.2500 27.2700 37.2200 359.000000 0.000000 139.000000 60.000000
4.2600 23.9100 36.4500 325.000000 0.000000 139.000000 58.000000
4.2700 20.3800 35.6500 322.000000 0.000000 138.000000 59.000000
4.2800 17.3100 34.7200 314.000000 0.000000 138.000000 59.000000
4.2900 14.6500 33.7200 369.000000 0.000000 136.000000 58.000000
4.3000 12.2700 32.3700 427.000000 0.000000 135.000000 59.000000
4.3100 10.0800 31.0900 458.000000 0.000000 135.000000 59.000000
4.3200 8.6400 29.8500 475.000000 0.000000 135.000000 59.000000
4.3300 7.6900 28.7900 486.000000 0.000000 134.000000 60.000000
4.3400 7.6900 28.0300 491.000000 0.000000 134.000000 60.000000
4.3500 8.4400 27.4800 504.000000 0.000000 134.000000 60.000000
4.3600 9.7300 27.2200 522.000000 0.000000 132.000000 60.000000
4.3700 11.9100 27.3800 535.000000 0.000000 134.000000 61.000000
4.3800 14.1200 27.8200 537.000000 0.000000 134.000000 61.000000
4.3900 16.7600 28.1300 548.000000 0.000000 134.000000 61.000000
4.4000 19.6800 28.4000 553.000000 0.000000 134.000000 61.000000
4.4100 22.5800 28.5900 542.000000 0.000000 134.000000 61.000000
4.4200 25.1400 28.8400 539.000000 0.000000 134.000000 61.000000
4.4300 27.4700 29.1500 537.000000 0.000000 135.000000 60.000000
4.4400 29.2300 29.6100 538.000000 0.000000 135.000000 60.000000
4.4500 30.4900 30.1300 540.000000 0.000000 136.000000 60.000000
4.4600 31.4200 30.7000 545.000000 0.000000 136.000000 60.000000
4.4700 31.4200 31.0300 561.000000 0.000000 136.000000 60.000000
4.4800 30.9200 31.4100 586.000000 0.000000 138.000000 59.000000
4.4900 30.1200 31.8300 589.000000 0.000000 138.000000 59.000000
4.5000 28.8600 31.8900 591.000000 0.000000 138.000000 59.000000
4.5100 27.2100 31.5900 599.000000 0.000000 138.000000 59.000000
4.5200 25.2900 31.0400 637.000000 0.000000 138.000000 59.000000
4.5300 23.7700 30.4500 655.000000 0.000000 138.000000 59.000000
4.5400 23.1900 29.9300 647.000000 0.000000 138.000000 59.000000
4.5500 23.1900 29.5500 641.000000 0.000000 138.000000 59.000000
4.5600 23.7800 29.2400 639.000000 0.000000 138.000000 59.000000
4.5700 24.7200 29.1200 624.000000 0.000000 139.000000 60.000000
4.5800 25.9200 29.1700 600.000000 0.000000 139.000000 60.000000
4.5900 27.4400 29.3400 545.000000 0.000000 139.000000 60.000000
4.6000 28.7200 29.4600 317.000000 0.000000 139.000000 60.000000
4.6100 28.7200 29.4600 0.000000 1.000000 139.000000 60.000000
4.6200 30.6900 29.6300 0.000000 0.000000 139.000000 60.000000
4.6300 31.1100 29.6900 0.000000 0.000000 139.000000 60.000000
4.6400 31.2300 29.7600 0.000000 0.000000 139.000000 60.000000
4.6500 31.1500 29.8900 0.000000 0.000000 139.000000 60.000000
4.6600 30.9300 30.0500 0.000000 0.000000 139.000000 60.000000
4.6700 30.6200 30.2300 0.000000 0.000000 139.000000 60.000000
4.6800 30.1300 30.4400 0.000000 0.000000 139.000000 60.000000
4.6900 29.6000 30.6400 0.000000 0.000000 139.000000 60.000000
4.7000 29.0300 30.8000 0.000000 0.000000 139.000000 60.000000
4.7100 28.6500 30.9400 0.000000 0.000000 139.000000 60.000000
4.7200 28.2900 30.9400 0.000000 0.000000 139.000000 60.000000
4.7300 28.2900 30.9400 0.000000 0.000000 139.000000 60.000000
4.7400 28.2900 30.9400 0.000000 0.000000 139.000000 60.000000
4.7500 28.2900 30.9400 245.000000 1.000000 139.000000 58.000000
4.7600 28.0200 30.2800 324.000000 0.000000 139.000000 58.000000
4.7700 27.9500 29.9500 338.000000 0.000000 138.000000 59.000000
4.7800 27.8900 29.5000 344.000000 0.000000 136.000000 58.000000
4.7900 27.8400 28.9600 339.000000 0.000000 136.000000 58.000000
4.8000 27.7900 28.6300 301.000000 0.000000 135.000000 59.000000
4.8100 27.7900 28.3900 144.000000 0.000000 135.000000 59.000000
4.8200 27.7900 28.3900 0.000000 1.000000 135.000000 59.000000
4.8300 27.7900 28.2100 0.000000 0.000000 134.000000 60.000000
4.8400 27.7900 28.4100 0.000000 0.000000 134.000000 60.000000
4.8500 27.9500 28.7300 0.000000 0.000000 132.000000 59.000000
4.8600 28.1500 29.1200 0.000000 0.000000 132.000000 59.000000
4.8700 28.3600 29.5300 0.000000 0.000000 132.000000 59.000000
4.8800 28.3600 29.5300 325.000000 1.000000 132.000000 59.000000
4.8900 28.6200 30.1500 467.000000 0.000000 132.000000 59.000000
4.9000 28.6200 30.1500 537.000000 0.000000 132.000000 59.000000
4.9100 28.6200 30.1500 594.000000 0.000000 134.000000 60.000000
4.9200 28.5400 30.0200 627.000000 0.000000 135.000000 59.000000
4.9300 28.4500 29.7100 627.000000 0.000000 135.000000 59.000000
4.9400 28.3600 29.2800 575.000000 0.000000 135.000000 59.000000
4.9500 28.2700 29.0000 417.000000 0.000000 135.000000 59.000000
