0.0000 10.9400 66.6600 36.000000 1.000000 299.000000 61.000000
0.0100 10.9400 66.6600 209.000000 0.000000 298.000000 60.000000
0.0200 11.0000 66.9100 311.000000 0.000000 295.000000 60.000000
0.0300 11.0000 66.9100 372.000000 0.000000 293.000000 58.000000
0.0400 11.0000 66.9100 399.000000 0.000000 293.000000 57.000000
0.0500 11.0000 66.9100 412.000000 0.000000 291.000000 55.000000
0.0600 11.0000 66.7900 422.000000 0.000000 290.000000 54.000000
0.0700 10.9400 66.5900 431.000000 0.000000 290.000000 54.000000
0.0800 10.8700 66.2800 456.000000 0.000000 290.000000 54.000000
0.0900 10.8100 65.9000 460.000000 0.000000 290.000000 54.000000
0.1000 10.8100 65.3400 492.000000 0.000000 290.000000 54.000000
0.1100 10.7300 64.7200 512.000000 0.000000 290.000000 54.000000
0.1200 10.7300 64.0500 522.000000 0.000000 290.000000 54.000000
0.1300 10.6700 63.3600 519.000000 0.000000 292.000000 54.000000
0.1400 10.6700 62.8900 520.000000 0.000000 292.000000 54.000000
0.1500 10.6700 62.5800 514.000000 0.000000 292.000000 54.000000
0.1600 10.6700 62.5800 507.000000 0.000000 292.000000 54.000000
0.1700 10.6700 62.6600 504.000000 0.000000 292.000000 54.000000
0.1800 10.7600 62.8800 502.000000 0.000000 292.000000 54.000000
0.1900 10.8200 63.1900 507.000000 0.000000 292.000000 54.000000
0.2000 10.8800 63.5400 502.000000 0.000000 292.000000 54.000000
0.2100 10.9400 63.9200 507.000000 0.000000 292.000000 54.000000
0.2200 10.9900 64.3200 514.000000 0.000000 292.000000 54.000000
0.2300 10.9900 64.7100 512.000000 0.000000 292.000000 54.000000
0.2400 11.0400 65.1300 514.000000 0.000000 293.000000 54.000000
0.2500 11.0400 65.5000 515.000000 0.000000 293.000000 54.000000
0.2600 11.0900 65.8300 512.000000 0.000000 293.000000 54.000000
0.2700 11.0900 66.1000 501.000000 0.000000 293.000000 54.000000
0.2800 11.0900 66.3300 485.000000 0.000000 292.000000 54.000000
0.2900 11.0900 66.5300 465.000000 0.000000 292.000000 54.000000
0.3000 11.0900 66.6700 468.000000 0.000000 292.000000 54.000000
0.3100 11.0400 66.7800 480.000000 0.000000 290.000000 54.000000
0.3200 11.0400 66.8800 491.000000 0.000000 290.000000 54.000000
0.3300 11.0900 66.9300 498.000000 0.000000 290.000000 54.000000
0.3400 11.0900 66.9300 492.000000 0.000000 290.000000 54.000000
0.3500 11.0900 66.9300 510.000000 0.000000 290.000000 54.000000
0.3600 11.0900 66.9300 522.000000 0.000000 290.000000 54.000000
0.3700 11.0900 66.9300 522.000000 0.000000 290.000000 54.000000
0.3800 11.0900 66.8500 530.000000 0.000000 290.000000 54.000000
0.3900 11.0900 66.6900 544.000000 0.000000 289.000000 55.000000
0.4000 11.0900 66.5400 536.000000 0.000000 289.000000 55.000000
0.4100 11.0900 66.3100 540.000000 0.000000 289.000000 55.000000
0.4200 11.0900 66.0200 546.000000 0.000000 288.000000 54.000000
0.4300 11.1500 65.7100 536.000000 0.000000 290.000000 53.000000
0.4400 11.1500 65.4000 548.000000 0.000000 290.000000 53.000000
0.4500 11.2100 65.0900 553.000000 0.000000 290.000000 53.000000
0.4600 11.3000 64.7600 562.000000 0.000000 291.000000 53.000000
0.4700 11.4200 64.4700 578.000000 0.000000 291.000000 53.000000
0.4800 11.6000 64.2000 594.000000 0.000000 291.000000 53.000000
0.4900 11.8300 64.0700 613.000000 0.000000 292.000000 53.000000
0.5000 12.0800 63.9800 620.000000 0.000000 292.000000 53.000000
0.5100 12.3000 63.9800 624.000000 0.000000 292.000000 53.000000
0.5200 12.4900 64.0400 620.000000 0.000000 294.000000 53.000000
0.5300 12.6400 64.1500 613.000000 0.000000 294.000000 53.000000
0.5400 12.7700 64.3300 600.000000 0.000000 294.000000 53.000000
0.5500 12.9000 64.5600 588.000000 0.000000 294.000000 53.000000
0.5600 12.9800 64.8800 561.000000 0.000000 293.000000 52.000000
0.5700 13.0600 65.2700 535.000000 0.000000 293.000000 52.000000
0.5800 13.0600 65.6600 512.000000 0.000000 293.000000 52.000000
0.5900 13.1300 66.0400 483.000000 0.000000 293.000000 52.000000
0.6000 13.1300 66.4200 468.000000 0.000000 292.000000 51.000000
0.6100 13.0200 66.6800 448.000000 0.000000 291.000000 51.000000
0.6200 12.9400 66.8600 446.000000 0.000000 291.000000 51.000000
0.6300 12.8200 66.9800 443.000000 0.000000 291.000000 51.000000
0.6400 12.6500 66.9800 440.000000 0.000000 290.000000 52.000000
0.6500 12.5000 66.9800 443.000000 0.000000 290.000000 52.000000
0.6600 12.3900 66.8200 447.000000 0.000000 290.000000 52.000000
0.6700 12.2900 66.5500 465.000000 0.000000 290.000000 52.000000
0.6800 12.1900 66.2100 465.000000 0.000000 290.000000 52.000000
0.6900 12.1900 65.7400 477.000000 0.000000 290.000000 52.000000
0.7000 12.2500 65.1900 522.000000 0.000000 290.000000 52.000000
0.7100 12.3300 64.5800 542.000000 0.000000 290.000000 52.000000
0.7200 12.4400 63.8700 589.000000 0.000000 290.000000 52.000000
0.7300 12.5800 63.2200 628.000000 0.000000 290.000000 52.000000
0.7400 12.7100 62.7400 655.000000 0.000000 290.000000 52.000000
0.7500 12.8400 62.3600 694.000000 0.000000 290.000000 52.000000
0.7600 12.9700 62.1600 703.000000 0.000000 290.000000 52.000000
0.7700 13.0900 62.1600 700.000000 0.000000 290.000000 52.000000
0.7800 13.2000 62.1600 662.000000 0.000000 290.000000 52.000000
0.7900 13.2700 62.2800 543.000000 0.000000 290.000000 52.000000
0.8000 13.2700 62.4100 244.000000 0.000000 290.000000 52.000000
0.8100 13.2700 62.4100 0.000000 1.000000 290.000000 52.000000
0.8200 13.3400 62.6100 0.000000 0.000000 290.000000 52.000000
0.8300 13.3400 62.6600 0.000000 0.000000 290.000000 52.000000
0.8400 13.3400 62.6600 0.000000 0.000000 290.000000 52.000000
0.8500 13.2900 62.7600 0.000000 0.000000 292.000000 53.000000
0.8600 13.1800 62.8900 0.000000 0.000000 293.000000 54.000000
0.8700 13.0700 63.0400 0.000000 0.000000 295.000000 54.000000
0.8800 13.0700 63.1700 0.000000 0.000000 297.000000 54.000000
0.8900 13.0700 63.3100 0.000000 0.000000 299.000000 54.000000
0.9000 13.0700 63.4400 0.000000 0.000000 300.000000 55.000000
0.9100 13.1600 63.5700 0.000000 0.000000 301.000000 55.000000
0.9200 13.2300 63.6700 0.000000 0.000000 302.000000 56.000000
0.9300 13.2300 63.7600 0.000000 0.000000 302.000000 56.000000
0.9400 13.2300 63.8200 0.000000 0.000000 303.000000 55.000000
0.9500 13.2300 63.8900 0.000000 0.000000 303.000000 55.000000
0.9600 13.1700 63.9400 0.000000 0.000000 301.000000 55.000000
0.9700 13.1700 63.9900 0.000000 0.000000 301.000000 55.000000
0.9800 13.1000 63.9900 0.000000 0.000000 302.000000 56.000000
0.9900 13.1000 64.0900 0.000000 0.000000 302.000000 56.000000
1.0000 13.1800 64.0900 0.000000 0.000000 302.000000 56.000000
1.0100 13.2700 64.0000 0.000000 0.000000 303.000000 56.000000
1.0200 13.4400 63.8800 0.000000 0.000000 302.000000 57.000000
1.0300 13.6500 63.7400 0.000000 0.000000 302.000000 57.000000
1.0400 13.8100 63.6000 0.000000 0.000000 303.000000 58.000000
1.0500 13.9300 63.4700 0.000000 0.000000 303.000000 58.000000
1.0600 14.0000 63.4700 0.000000 0.000000 303.000000 58.000000
1.0700 14.0000 63.4700 0.000000 0.000000 303.000000 58.000000
1.0800 14.0000 63.4700 0.000000 0.000000 303.000000 58.000000
1.0900 14.0000 63.4700 0.000000 0.000000 304.000000 58.000000
1.1000 14.0000 63.4100 0.000000 0.000000 304.000000 58.000000
1.1100 14.0000 63.3500 0.000000 0.000000 304.000000 58.000000
1.1200 13.9400 63.2700 0.000000 0.000000 305.000000 59.000000
1.1300 13.9400 63.1900 0.000000 0.000000 305.000000 59.000000
1.1400 13.9400 63.1000 0.000000 0.000000 305.000000 59.000000
1.1500 13.9400 63.0200 0.000000 0.000000 305.000000 59.000000
1.1600 14.0200 62.9500 0.000000 0.000000 306.000000 60.000000
1.1700 14.0200 62.9000 0.000000 0.000000 306.000000 60.000000
1.1800 14.0200 62.9000 0.000000 0.000000 308.000000 59.000000
1.1900 14.0200 62.8500 0.000000 0.000000 308.000000 59.000000
1.2000 14.0800 62.8500 0.000000 0.000000 308.000000 59.000000
1.2100 14.1400 62.8500 0.000000 0.000000 308.000000 59.000000
1.2200 14.2200 62.8500 0.000000 0.000000 308.000000 59.000000
1.2300 14.3300 62.9100 0.000000 0.000000 307.000000 59.000000
1.2400 14.4300 62.9100 0.000000 0.000000 306.000000 58.000000
1.2500 14.5300 62.9800 0.000000 0.000000 304.000000 57.000000
1.2600 14.6400 63.0600 0.000000 0.000000 302.000000 56.000000
1.2700 14.6400 63.0600 253.000000 1.000000 301.000000 55.000000
1.2800 14.8500 63.4300 361.000000 0.000000 298.000000 54.000000
1.2900 14.8500 63.6500 448.000000 0.000000 297.000000 53.000000
1.3000 14.8500 63.8600 470.000000 0.000000 296.000000 52.000000
1.3100 14.7800 64.0300 499.000000 0.000000 295.000000 51.000000
1.3200 14.6600 64.1500 519.000000 0.000000 295.000000 51.000000
1.3300 14.5100 64.2500 518.000000 0.000000 295.000000 51.000000
1.3400 14.3100 64.2500 526.000000 0.000000 295.000000 51.000000
1.3500 14.1000 64.1400 538.000000 0.000000 294.000000 51.000000
1.3600 13.9000 63.9700 533.000000 0.000000 294.000000 51.000000
1.3700 13.7600 63.7000 530.000000 0.000000 295.000000 52.000000
1.3800 13.7000 63.3700 530.000000 0.000000 295.000000 52.000000
1.3900 13.7000 63.0000 540.000000 0.000000 294.000000 53.000000
1.4000 13.7700 62.6900 561.000000 0.000000 294.000000 53.000000
1.4100 13.9400 62.4000 614.000000 0.000000 294.000000 53.000000
1.4200 14.1600 62.2600 630.000000 0.000000 294.000000 53.000000
1.4300 14.4000 62.2600 636.000000 0.000000 292.000000 53.000000
1.4400 14.6300 62.3300 644.000000 0.000000 292.000000 53.000000
1.4500 14.8000 62.4800 643.000000 0.000000 292.000000 53.000000
1.4600 14.9200 62.6900 636.000000 0.000000 292.000000 53.000000
1.4700 14.9700 62.9300 620.000000 0.000000 292.000000 53.000000
1.4800 14.9700 63.2000 586.000000 0.000000 292.000000 52.000000
1.4900 14.8900 63.4500 543.000000 0.000000 293.000000 52.000000
1.5000 14.8300 63.5900 542.000000 0.000000 293.000000 52.000000
1.5100 14.8300 63.6600 565.000000 0.000000 293.000000 52.000000
1.5200 14.7400 63.6600 586.000000 0.000000 294.000000 51.000000
1.5300 14.7400 63.5100 606.000000 0.000000 294.000000 51.000000
1.5400 14.7400 63.5100 616.000000 0.000000 294.000000 51.000000
1.5500 14.8500 62.9600 640.000000 0.000000 294.000000 51.000000
1.5600 14.9900 62.6500 647.000000 0.000000 294.000000 51.000000
1.5700 15.1500 62.4000 643.000000 0.000000 293.000000 52.000000
1.5800 15.3300 62.2100 605.000000 0.000000 293.000000 52.000000
1.5900 15.5100 62.1200 561.000000 0.000000 293.000000 52.000000
1.6000 15.6000 62.1200 364.000000 0.000000 293.000000 52.000000
1.6100 15.6000 62.2000 1.000000 1.000000 293.000000 52.000000
1.6200 15.6000 62.2000 0.000000 0.000000 292.000000 51.000000
1.6300 15.7100 62.5100 0.000000 0.000000 292.000000 51.000000
1.6400 15.7100 62.7300 0.000000 0.000000 292.000000 51.000000
1.6500 15.7100 62.9700 0.000000 0.000000 292.000000 51.000000
1.6600 15.5500 63.2700 0.000000 0.000000 294.000000 51.000000
1.6700 15.4200 63.5700 0.000000 0.000000 295.000000 52.000000
1.6800 15.3500 63.8400 0.000000 0.000000 297.000000 53.000000
1.6900 15.3000 64.0900 0.000000 0.000000 298.000000 53.000000
1.7000 15.3000 64.2700 0.000000 0.000000 299.000000 53.000000
1.7100 15.4400 64.4600 0.000000 0.000000 300.000000 54.000000
1.7200 15.6100 64.6200 0.000000 0.000000 303.000000 55.000000
1.7300 15.9200 64.6800 0.000000 0.000000 301.000000 55.000000
1.7400 16.2600 64.6800 0.000000 0.000000 301.000000 55.000000
1.7500 16.6300 64.6300 0.000000 0.000000 301.000000 55.000000
1.7600 16.8400 64.5100 0.000000 0.000000 299.000000 54.000000
1.7700 17.0000 64.3500 0.000000 0.000000 299.000000 54.000000
1.7800 17.0700 64.2300 0.000000 0.000000 299.000000 54.000000
1.7900 17.0700 64.1300 0.000000 0.000000 298.000000 54.000000
1.8000 16.9200 64.0400 0.000000 0.000000 298.000000 54.000000
1.8100 16.7700 63.9400 0.000000 0.000000 297.000000 53.000000
1.8200 16.6200 63.8100 0.000000 0.000000 297.000000 53.000000
1.8300 16.4700 63.6700 0.000000 0.000000 297.000000 53.000000
1.8400 16.3600 63.5300 0.000000 0.000000 297.000000 53.000000
1.8500 16.2800 63.3800 0.000000 0.000000 297.000000 53.000000
1.8600 16.2800 63.2200 0.000000 0.000000 297.000000 53.000000
1.8700 16.2800 63.2200 0.000000 0.000000 297.000000 53.000000
1.8800 16.3400 63.2200 0.000000 0.000000 298.000000 53.000000
1.8900 16.4000 63.3600 0.000000 0.000000 298.000000 53.000000
1.9000 16.4500 63.5800 0.000000 0.000000 298.000000 53.000000
1.9100 16.4500 63.8900 0.000000 0.000000 298.000000 53.000000
1.9200 16.5600 64.2800 0.000000 0.000000 297.000000 53.000000
1.9300 16.6700 64.7200 0.000000 0.000000 297.000000 53.000000
1.9400 16.8300 65.1800 0.000000 0.000000 297.000000 53.000000
1.9500 16.9700 65.6500 0.000000 0.000000 296.000000 53.000000
1.9600 17.0900 65.9800 0.000000 0.000000 296.000000 53.000000
1.9700 17.0900 65.9800 335.000000 1.000000 295.000000 52.000000
1.9800 17.0900 65.9800 425.000000 0.000000 294.000000 53.000000
1.9900 17.0900 65.9800 497.000000 0.000000 294.000000 53.000000
2.0000 17.0900 65.9800 529.000000 0.000000 292.000000 53.000000
2.0100 16.8200 65.4700 551.000000 0.000000 292.000000 52.000000
2.0200 16.6800 64.9100 559.000000 0.000000 292.000000 52.000000
2.0300 16.6800 64.2900 613.000000 0.000000 292.000000 52.000000
2.0400 16.6800 63.5700 668.000000 0.000000 292.000000 52.000000
2.0500 16.8100 62.8600 699.000000 0.000000 290.000000 52.000000
2.0600 17.0100 62.1600 722.000000 0.000000 290.000000 52.000000
2.0700 17.2600 61.7000 737.000000 0.000000 290.000000 52.000000
2.0800 17.3900 61.5000 722.000000 0.000000 291.000000 53.000000
2.0900 17.4800 61.5000 700.000000 0.000000 292.000000 53.000000
2.1000 17.4800 61.7400 614.000000 0.000000 292.000000 53.000000
2.1100 17.4300 62.0500 483.000000 0.000000 292.000000 53.000000
2.1200 17.2500 62.5300 354.000000 0.000000 292.000000 53.000000
2.1300 16.9200 63.1100 265.000000 0.000000 294.000000 53.000000
2.1400 16.6800 63.5300 250.000000 0.000000 294.000000 53.000000
2.1500 16.4900 63.8300 382.000000 0.000000 294.000000 53.000000
2.1600 16.3400 64.0500 560.000000 0.000000 295.000000 52.000000
2.1700 16.2900 64.2100 725.000000 0.000000 294.000000 51.000000
2.1800 16.2900 64.3100 811.000000 0.000000 294.000000 51.000000
2.1900 16.4300 64.3600 843.000000 0.000000 294.000000 51.000000
2.2000 16.6700 64.3600 863.000000 0.000000 294.000000 51.000000
2.2100 16.9700 64.3600 823.000000 0.000000 293.000000 52.000000
2.2200 17.5300 64.3000 684.000000 0.000000 294.000000 53.000000
2.2300 17.9000 64.3000 388.000000 0.000000 294.000000 53.000000
2.2400 17.9000 64.3000 0.000000 1.000000 294.000000 53.000000
2.2500 18.2600 64.2300 0.000000 0.000000 294.000000 53.000000
2.2600 18.3800 64.1700 0.000000 0.000000 294.000000 53.000000
2.2700 18.4700 64.1100 0.000000 0.000000 295.000000 52.000000
2.2800 18.5300 64.0400 0.000000 0.000000 295.000000 52.000000
2.2900 18.5300 63.9300 0.000000 0.000000 295.000000 51.000000
2.3000 18.4400 63.8100 0.000000 0.000000 295.000000 51.000000
2.3100 18.3600 63.6800 0.000000 0.000000 297.000000 51.000000
2.3200 18.2600 63.5300 0.000000 0.000000 297.000000 51.000000
2.3300 18.2600 63.4000 0.000000 0.000000 297.000000 51.000000
2.3400 18.2600 63.3300 0.000000 0.000000 297.000000 50.000000
2.3500 18.3700 63.3300 0.000000 0.000000 297.000000 50.000000
2.3600 18.5100 63.3300 0.000000 0.000000 297.000000 50.000000
2.3700 18.6700 63.4100 0.000000 0.000000 297.000000 50.000000
2.3800 18.6700 63.4100 209.000000 1.000000 297.000000 50.000000
2.3900 18.8900 63.7300 594.000000 0.000000 297.000000 50.000000
2.4000 19.0000 63.8200 721.000000 0.000000 296.000000 50.000000
2.4100 19.0700 63.8800 809.000000 0.000000 296.000000 50.000000
2.4200 19.0700 63.8800 837.000000 0.000000 296.000000 50.000000
2.4300 19.0200 63.7400 858.000000 0.000000 295.000000 50.000000
2.4400 19.0200 63.3600 869.000000 0.000000 294.000000 51.000000
2.4500 19.0200 62.8400 879.000000 0.000000 294.000000 51.000000
2.4600 19.0200 62.2300 878.000000 0.000000 294.000000 51.000000
2.4700 19.0700 61.8000 869.000000 0.000000 294.000000 51.000000
2.4800 19.1600 61.5900 832.000000 0.000000 294.000000 51.000000
2.4900 19.2200 61.5400 693.000000 0.000000 294.000000 51.000000
2.5000 19.2200 61.5400 299.000000 0.000000 294.000000 51.000000
2.5100 19.2200 61.5400 0.000000 1.000000 294.000000 51.000000
2.5200 19.3800 62.3300 0.000000 0.000000 295.000000 51.000000
2.5300 19.3800 62.7700 0.000000 0.000000 295.000000 51.000000
2.5400 19.3800 63.1800 0.000000 0.000000 295.000000 51.000000
2.5500 19.3800 63.5700 0.000000 0.000000 296.000000 50.000000
2.5600 19.2900 63.9600 0.000000 0.000000 296.000000 50.000000
2.5700 19.2200 64.2900 0.000000 0.000000 296.000000 50.000000
2.5800 19.1500 64.5700 0.000000 0.000000 296.000000 49.000000
2.5900 19.1500 64.5700 473.000000 1.000000 296.000000 49.000000
2.6000 19.0900 64.9100 645.000000 0.000000 296.000000 50.000000
2.6100 19.0900 65.0000 728.000000 0.000000 296.000000 50.000000
2.6200 19.1600 65.1400 758.000000 0.000000 295.000000 50.000000
2.6300 19.1600 65.2200 763.000000 0.000000 295.000000 51.000000
2.6400 19.1600 65.2700 669.000000 0.000000 294.000000 51.000000
2.6500 19.2200 65.2700 180.000000 0.000000 294.000000 51.000000
2.6600 19.2200 65.2700 0.000000 1.000000 293.000000 52.000000
2.6700 19.3200 65.2700 0.000000 0.000000 293.000000 52.000000
2.6800 19.4300 65.2700 0.000000 0.000000 293.000000 52.000000
2.6900 19.5300 65.2700 0.000000 0.000000 293.000000 52.000000
2.7000 19.6200 65.2700 0.000000 0.000000 292.000000 51.000000
2.7100 19.6200 65.3500 0.000000 0.000000 293.000000 51.000000
2.7200 19.6200 65.4700 0.000000 0.000000 293.000000 51.000000
2.7300 19.5700 65.6000 0.000000 0.000000 293.000000 50.000000
2.7400 19.5700 65.6600 0.000000 0.000000 293.000000 50.000000
2.7500 19.6200 65.6600 0.000000 0.000000 294.000000 50.000000
2.7600 19.6700 65.6600 0.000000 0.000000 293.000000 49.000000
2.7700 19.7700 65.6600 0.000000 0.000000 293.000000 49.000000
2.7800 19.9100 65.6600 0.000000 0.000000 293.000000 49.000000
2.7900 20.0400 65.7400 0.000000 0.000000 293.000000 49.000000
2.8000 20.1700 65.8100 0.000000 0.000000 293.000000 49.000000
2.8100 20.3100 65.8800 0.000000 0.000000 294.000000 48.000000
2.8200 20.4500 65.9600 0.000000 0.000000 294.000000 48.000000
2.8300 20.6000 66.0300 0.000000 0.000000 294.000000 48.000000
2.8400 20.7400 66.1000 0.000000 0.000000 294.000000 48.000000
2.8500 20.9100 66.2100 0.000000 0.000000 294.000000 48.000000
2.8600 21.1100 66.3200 0.000000 0.000000 294.000000 48.000000
2.8700 21.3000 66.4300 0.000000 0.000000 294.000000 48.000000
2.8800 21.5300 66.4900 0.000000 0.000000 294.000000 48.000000
2.8900 21.7800 66.4900 0.000000 0.000000 294.000000 48.000000
2.9000 22.0700 66.4400 0.000000 0.000000 294.000000 48.000000
2.9100 22.3600 66.3000 0.000000 0.000000 293.000000 48.000000
2.9200 22.6600 66.1100 0.000000 0.000000 293.000000 48.000000
2.9300 22.9500 65.8000 0.000000 0.000000 293.000000 48.000000
2.9400 23.1400 65.5100 0.000000 0.000000 293.000000 48.000000
2.9500 23.1400 65.2500 0.000000 0.000000 293.000000 47.000000
2.9600 23.0900 65.0300 0.000000 0.000000 294.000000 46.000000
2.9700 22.8800 64.8100 0.000000 0.000000 294.000000 46.000000
2.9800 22.6800 64.5100 0.000000 0.000000 295.000000 46.000000
2.9900 22.4900 64.1700 0.000000 0.000000 295.000000 46.000000
3.0000 22.2900 63.8700 0.000000 0.000000 295.000000 46.000000
3.0100 22.0800 63.6200 0.000000 0.000000 296.000000 46.000000
3.0200 21.8500 63.4600 0.000000 0.000000 297.000000 47.000000
3.0300 21.6500 63.3600 0.000000 0.000000 297.000000 47.000000
3.0400 21.4500 63.2900 0.000000 0.000000 298.000000 46.000000
3.0500 21.3200 63.2900 0.000000 0.000000 298.000000 46.000000
3.0600 21.2700 63.2400 0.000000 0.000000 299.000000 47.000000
3.0700 21.2700 63.2400 0.000000 0.000000 299.000000 47.000000
3.0800 21.2700 63.1500 0.000000 0.000000 299.000000 47.000000
3.0900 21.2700 63.0400 0.000000 0.000000 299.000000 47.000000
3.1000 21.3200 62.8800 0.000000 0.000000 299.000000 47.000000
3.1100 21.2500 62.7300 0.000000 0.000000 300.000000 48.000000
3.1200 21.1700 62.6000 0.000000 0.000000 300.000000 48.000000
3.1300 21.0400 62.4500 0.000000 0.000000 300.000000 48.000000
3.1400 20.8800 62.3300 0.000000 0.000000 299.000000 48.000000
3.1500 20.8800 62.3300 0.000000 0.000000 299.000000 49.000000
3.1600 20.5600 62.1700 0.000000 0.000000 299.000000 49.000000
3.1700 20.4600 62.1700 0.000000 0.000000 299.000000 49.000000
3.1800 20.3600 62.1700 0.000000 0.000000 300.000000 50.000000
3.1900 20.3600 62.1700 486.000000 1.000000 299.000000 50.000000
3.2000 20.3600 62.1700 560.000000 0.000000 299.000000 50.000000
3.2100 20.3600 62.1700 662.000000 0.000000 300.000000 51.000000
3.2200 20.5800 62.4600 682.000000 0.000000 299.000000 51.000000
3.2300 20.7500 62.8300 691.000000 0.000000 299.000000 51.000000
3.2400 20.9700 63.3300 666.000000 0.000000 299.000000 51.000000
3.2500 21.2500 63.9900 673.000000 0.000000 299.000000 51.000000
3.2600 21.4900 64.7100 647.000000 0.000000 297.000000 52.000000
3.2700 21.6800 65.3600 614.000000 0.000000 297.000000 52.000000
3.2800 21.7300 65.9600 570.000000 0.000000 297.000000 52.000000
3.2900 21.6800 66.3300 521.000000 0.000000 296.000000 52.000000
3.3000 21.5400 66.4600 496.000000 0.000000 295.000000 52.000000
3.3100 21.3600 66.4600 495.000000 0.000000 295.000000 52.000000
3.3200 21.1200 66.2000 493.000000 0.000000 294.000000 53.000000
3.3300 20.8900 65.7500 489.000000 0.000000 294.000000 53.000000
3.3400 20.6400 65.1500 502.000000 0.000000 294.000000 53.000000
3.3500 20.5300 64.4200 519.000000 0.000000 294.000000 53.000000
3.3600 20.5300 63.5100 585.000000 0.000000 294.000000 53.000000
3.3700 20.6400 62.4700 646.000000 0.000000 294.000000 53.000000
3.3800 20.8300 61.5200 707.000000 0.000000 294.000000 53.000000
3.3900 21.0600 60.9000 730.000000 0.000000 294.000000 53.000000
3.4000 21.2600 60.5100 736.000000 0.000000 295.000000 52.000000
3.4100 21.4100 60.4400 700.000000 0.000000 295.000000 52.000000
3.4200 21.5200 60.5300 567.000000 0.000000 295.000000 52.000000
3.4300 21.6200 60.7400 177.000000 0.000000 295.000000 52.000000
3.4400 21.6200 60.7400 0.000000 1.000000 295.000000 52.000000
3.4500 21.6200 61.5200 0.000000 0.000000 295.000000 52.000000
3.4600 21.5400 61.9300 0.000000 0.000000 295.000000 52.000000
3.4700 21.4300 62.3000 0.000000 0.000000 295.000000 52.000000
3.4800 21.2900 62.6600 0.000000 0.000000 296.000000 52.000000
3.4900 21.1300 62.8700 0.000000 0.000000 297.000000 51.000000
3.5000 21.0600 62.9900 0.000000 0.000000 297.000000 51.000000
3.5100 21.0600 63.0400 0.000000 0.000000 298.000000 51.000000
3.5200 21.1300 63.1000 0.000000 0.000000 298.000000 49.000000
3.5300 21.2800 63.1000 0.000000 0.000000 298.000000 49.000000
3.5400 21.4800 63.1000 0.000000 0.000000 298.000000 49.000000
3.5500 21.7500 63.1000 0.000000 0.000000 299.000000 48.000000
3.5600 22.0100 63.1500 0.000000 0.000000 299.000000 48.000000
3.5700 22.2800 63.2500 0.000000 0.000000 299.000000 48.000000
3.5800 22.6200 63.3800 0.000000 0.000000 299.000000 48.000000
3.5900 23.0100 63.5200 0.000000 0.000000 299.000000 48.000000
3.6000 23.3500 63.6300 0.000000 0.000000 299.000000 48.000000
3.6100 23.6500 63.7400 0.000000 0.000000 299.000000 49.000000
3.6200 23.8600 63.7400 0.000000 0.000000 299.000000 49.000000
3.6300 23.9900 63.6300 0.000000 0.000000 299.000000 49.000000
3.6400 23.9900 63.5000 0.000000 0.000000 299.000000 49.000000
3.6500 23.9900 63.3400 0.000000 0.000000 300.000000 50.000000
3.6600 23.9900 63.1600 0.000000 0.000000 300.000000 50.000000
3.6700 23.8300 62.9200 0.000000 0.000000 300.000000 50.000000
3.6800 23.7100 62.7000 0.000000 0.000000 300.000000 50.000000
3.6900 23.5900 62.5000 0.000000 0.000000 301.000000 51.000000
3.7000 23.4700 62.3000 0.000000 0.000000 301.000000 51.000000
3.7100 23.3100 62.1000 0.000000 0.000000 301.000000 51.000000
3.7200 23.1600 61.8800 0.000000 0.000000 301.000000 51.000000
3.7300 23.0500 61.6900 0.000000 0.000000 301.000000 51.000000
3.7400 22.9500 61.5600 0.000000 0.000000 301.000000 51.000000
3.7500 22.9500 61.5100 0.000000 0.000000 301.000000 51.000000
3.7600 22.9500 61.5100 0.000000 0.000000 301.000000 51.000000
3.7700 22.9500 61.6300 0.000000 0.000000 301.000000 51.000000
3.7800 22.9500 61.7300 0.000000 0.000000 301.000000 51.000000
3.7900 22.9500 61.7300 0.000000 0.000000 301.000000 51.000000
3.8000 22.9500 61.7300 0.000000 0.000000 301.000000 51.000000
3.8100 22.9500 61.7300 0.000000 0.000000 301.000000 51.000000
3.8200 22.9500 61.7300 0.000000 0.000000 301.000000 51.000000
3.8300 22.9500 61.7300 0.000000 0.000000 301.000000 51.000000
3.8400 23.2200 61.7900 0.000000 0.000000 301.000000 51.000000
3.8500 23.3100 61.8700 0.000000 0.000000 301.000000 51.000000
3.8600 23.4200 62.0100 0.000000 0.000000 302.000000 51.000000
3.8700 23.5300 62.2200 0.000000 0.000000 302.000000 51.000000
3.8800 23.6700 62.4900 0.000000 0.000000 302.000000 51.000000
3.8900 23.7800 62.8000 0.000000 0.000000 302.000000 51.000000
3.9000 23.8800 63.1400 0.000000 0.000000 302.000000 51.000000
3.9100 23.9400 63.4900 0.000000 0.000000 301.000000 51.000000
3.9200 23.9400 63.8400 0.000000 0.000000 301.000000 51.000000
3.9300 24.0600 64.1500 0.000000 0.000000 300.000000 51.000000
3.9400 24.1900 64.4400 0.000000 0.000000 300.000000 51.000000
3.9500 24.1900 64.7000 0.000000 0.000000 300.000000 51.000000
3.9600 24.1900 64.9400 0.000000 0.000000 298.000000 51.000000
3.9700 24.1900 64.9400 246.000000 1.000000 298.000000 51.000000
3.9800 24.1900 65.3700 396.000000 0.000000 298.000000 51.000000
3.9900 24.2400 65.5200 527.000000 0.000000 296.000000 50.000000
4.0000 24.2400 65.6300 613.000000 0.000000 296.000000 50.000000
4.0100 24.2400 65.6300 662.000000 0.000000 296.000000 50.000000
4.0200 24.2400 65.4400 673.000000 0.000000 295.000000 50.000000
4.0300 24.1600 65.2000 693.000000 0.000000 295.000000 50.000000
4.0400 24.1000 64.7400 696.000000 0.000000 295.000000 50.000000
4.0500 24.0300 64.1200 694.000000 0.000000 295.000000 50.000000
4.0600 23.9600 63.3900 682.000000 0.000000 295.000000 51.000000
4.0700 23.9600 62.6800 684.000000 0.000000 295.000000 51.000000
4.0800 23.9600 62.0000 687.000000 0.000000 295.000000 51.000000
4.0900 23.9600 61.4000 696.000000 0.000000 295.000000 51.000000
4.1000 23.9600 61.0400 696.000000 0.000000 295.000000 51.000000
4.1100 24.0600 60.8300 691.000000 0.000000 295.000000 51.000000
4.1200 24.0600 60.8300 696.000000 0.000000 295.000000 51.000000
4.1300 24.1200 60.9400 694.000000 0.000000 294.000000 51.000000
4.1400 24.1200 61.1100 687.000000 0.000000 294.000000 51.000000
4.1500 24.2000 61.4200 675.000000 0.000000 294.000000 51.000000
4.1600 24.1400 61.8200 666.000000 0.000000 294.000000 51.000000
4.1700 24.0700 62.1900 649.000000 0.000000 294.000000 51.000000
4.1800 23.9700 62.5300 633.000000 0.000000 294.000000 51.000000
4.1900 23.8800 62.8600 628.000000 0.000000 295.000000 51.000000
4.2000 23.7800 63.1300 628.000000 0.000000 295.000000 51.000000
4.2100 23.6600 63.4000 630.000000 0.000000 295.000000 51.000000
4.2200 23.5200 63.5600 628.000000 0.000000 295.000000 51.000000
4.2300 23.4200 63.6600 641.000000 0.000000 295.000000 51.000000
4.2400 23.3500 63.6600 640.000000 0.000000 295.000000 51.000000
4.2500 23.2300 63.5600 649.000000 0.000000 297.000000 51.000000
4.2600 23.0900 63.3500 643.000000 0.000000 295.000000 51.000000
4.2700 22.9500 62.9900 647.000000 0.000000 295.000000 51.000000
4.2800 22.8100 62.5500 644.000000 0.000000 295.000000 51.000000
4.2900 22.7600 62.0500 644.000000 0.000000 295.000000 51.000000
4.3000 22.7600 61.5800 658.000000 0.000000 296.000000 52.000000
4.3100 22.8300 61.1700 662.000000 0.000000 295.000000 52.000000
4.3200 22.9600 60.8800 688.000000 0.000000 295.000000 52.000000
4.3300 23.1300 60.7600 707.000000 0.000000 295.000000 52.000000
4.3400 23.3700 60.7600 708.000000 0.000000 295.000000 52.000000
4.3500 23.5900 60.8700 705.000000 0.000000 295.000000 52.000000
4.3600 23.7800 61.0100 673.000000 0.000000 295.000000 52.000000
4.3700 23.9100 61.2200 650.000000 0.000000 294.000000 51.000000
4.3800 24.0000 61.4500 591.000000 0.000000 294.000000 51.000000
4.3900 24.0000 61.4500 440.000000 0.000000 294.000000 51.000000
4.4000 24.0000 61.7800 98.000000 0.000000 294.000000 51.000000
4.4100 24.0000 61.7800 0.000000 1.000000 294.000000 51.000000
4.4200 24.0000 62.1500 0.000000 0.000000 295.000000 51.000000
4.4300 24.0000 62.3200 0.000000 0.000000 295.000000 50.000000
4.4400 24.0000 62.4800 0.000000 0.000000 296.000000 50.000000
4.4500 24.0000 62.5300 0.000000 0.000000 296.000000 50.000000
4.4600 24.0500 62.5300 0.000000 0.000000 296.000000 50.000000
4.4700 23.8600 62.4700 0.000000 0.000000 297.000000 50.000000
4.4800 23.8600 62.3900 0.000000 0.000000 298.000000 51.000000
4.4900 23.8600 62.3000 0.000000 0.000000 298.000000 51.000000
4.5000 23.9200 62.2200 0.000000 0.000000 299.000000 50.000000
4.5100 23.9200 62.1500 0.000000 0.000000 299.000000 50.000000
4.5200 24.0500 62.0700 0.000000 0.000000 299.000000 50.000000
4.5300 24.2300 61.9700 0.000000 0.000000 300.000000 50.000000
4.5400 24.4700 61.8700 0.000000 0.000000 300.000000 50.000000
4.5500 24.7100 61.8000 0.000000 0.000000 300.000000 50.000000
4.5600 24.9400 61.7300 0.000000 0.000000 300.000000 50.000000
4.5700 25.0300 61.6500 0.000000 0.000000 302.000000 50.000000
4.5800 25.0300 61.6500 0.000000 0.000000 301.000000 51.000000
4.5900 24.9400 61.5700 0.000000 0.000000 301.000000 51.000000
4.6000 24.8200 61.5700 0.000000 0.000000 301.000000 51.000000
4.6100 24.6900 61.5000 0.000000 0.000000 301.000000 51.000000
4.6200 24.5600 61.5000 0.000000 0.000000 300.000000 51.000000
4.6300 24.5600 61.4500 0.000000 0.000000 300.000000 51.000000
4.6400 24.5600 61.4500 262.000000 1.000000 300.000000 51.000000
4.6500 24.5600 61.4500 512.000000 0.000000 299.000000 51.000000
4.6600 24.5600 61.4500 652.000000 0.000000 299.000000 51.000000
4.6700 24.5600 61.4500 731.000000 0.000000 298.000000 51.000000
4.6800 24.5600 61.4500 787.000000 0.000000 297.000000 51.000000
4.6900 24.5600 61.4500 794.000000 0.000000 297.000000 51.000000
4.7000 24.9700 61.8200 785.000000 0.000000 296.000000 50.000000
4.7100 25.1800 62.0900 767.000000 0.000000 296.000000 50.000000
4.7200 25.3400 62.4700 727.000000 0.000000 296.000000 50.000000
4.7300 25.4500 62.8700 670.000000 0.000000 296.000000 50.000000
4.7400 25.4500 63.2900 655.000000 0.000000 296.000000 50.000000
4.7500 25.4500 63.5200 616.000000 0.000000 296.000000 50.000000
4.7600 25.3600 63.6200 592.000000 0.000000 296.000000 50.000000
4.7700 25.2600 63.6200 594.000000 0.000000 296.000000 50.000000
4.7800 25.1300 63.5200 591.000000 0.000000 295.000000 49.000000
4.7900 24.9400 63.2300 599.000000 0.000000 295.000000 49.000000
4.8000 24.7600 62.8300 611.000000 0.000000 295.000000 49.000000
4.8100 24.6600 62.3000 611.000000 0.000000 296.000000 50.000000
4.8200 24.6600 61.7600 700.000000 0.000000 296.000000 50.000000
4.8300 24.6600 61.2100 710.000000 0.000000 295.000000 50.000000
4.8400 24.8900 60.8700 757.000000 0.000000 295.000000 50.000000
4.8500 25.1700 60.5900 736.000000 0.000000 295.000000 50.000000
4.8600 25.4700 60.3700 690.000000 0.000000 293.000000 51.000000
4.8700 25.7300 60.3700 570.000000 0.000000 293.000000 51.000000
4.8800 25.9300 60.5900 165.000000 0.000000 293.000000 51.000000
4.8900 25.9300 60.5900 0.000000 1.000000 293.000000 51.000000
4.9000 26.0400 61.0700 0.000000 0.000000 293.000000 51.000000
4.9100 26.0400 61.2800 0.000000 0.000000 295.000000 50.000000
4.9200 26.0400 61.2800 0.000000 0.000000 295.000000 50.000000
4.9300 25.6800 61.7000 0.000000 0.000000 296.000000 50.000000
4.9400 25.4300 61.9900 0.000000 0.000000 298.000000 51.000000
4.9500 25.2500 62.2200 0.000000 0.000000 298.000000 51.000000
4.9600 25.1100 62.4000 0.000000 0.000000 299.000000 50.000000
4.9700 25.1100 62.5100 0.000000 0.000000 301.000000 51.000000
4.9800 25.1600 62.6100 0.000000 0.000000 302.000000 50.000000
4.9900 25.2400 62.7000 0.000000 0.000000 304.000000 50.000000
5.0000 25.3700 62.9600 0.000000 0.000000 304.000000 50.000000
5.0100 25.5700 63.2600 0.000000 0.000000 303.000000 49.000000
5.0200 25.8100 63.6600 0.000000 0.000000 305.000000 50.000000
5.0300 26.0900 64.0700 0.000000 0.000000 305.000000 50.000000
5.0400 26.5600 64.5100 0.000000 0.000000 306.000000 50.000000
5.0500 27.1500 64.8200 0.000000 0.000000 306.000000 50.000000
5.0600 27.9200 65.0500 0.000000 0.000000 306.000000 51.000000
5.0700 28.6700 65.1300 0.000000 0.000000 306.000000 51.000000
5.0800 29.4000 65.1300 0.000000 0.000000 306.000000 51.000000
5.0900 29.8200 65.1300 0.000000 0.000000 305.000000 53.000000
5.1000 29.9700 65.0700 0.000000 0.000000 305.000000 53.000000
5.1100 29.9700 64.9500 0.000000 0.000000 305.000000 53.000000
5.1200 29.7500 64.7700 0.000000 0.000000 305.000000 53.000000
5.1300 29.5600 64.4300 0.000000 0.000000 304.000000 52.000000
5.1400 29.3400 63.9800 0.000000 0.000000 304.000000 52.000000
5.1500 29.1100 63.4600 0.000000 0.000000 304.000000 52.000000
5.1600 28.8900 62.8600 0.000000 0.000000 304.000000 52.000000
5.1700 28.7400 62.2800 0.000000 0.000000 305.000000 53.000000
5.1800 28.6300 61.7100 0.000000 0.000000 305.000000 53.000000
5.1900 28.6300 61.4100 0.000000 0.000000 305.000000 53.000000
5.2000 28.6300 61.2700 0.000000 0.000000 305.000000 53.000000
5.2100 28.6300 61.2700 0.000000 0.000000 305.000000 53.000000
5.2200 28.6300 61.2700 0.000000 0.000000 305.000000 53.000000
5.2300 28.6300 61.3900 0.000000 0.000000 305.000000 53.000000
5.2400 28.6800 61.4900 0.000000 0.000000 305.000000 53.000000
5.2500 28.6800 61.6000 0.000000 0.000000 305.000000 53.000000
5.2600 28.6800 61.7100 0.000000 0.000000 305.000000 53.000000
5.2700 28.6800 61.7100 0.000000 0.000000 305.000000 53.000000
5.2800 28.6300 61.7100 0.000000 0.000000 305.000000 53.000000
5.2900 28.6300 61.8300 0.000000 0.000000 305.000000 53.000000
5.3000 28.6300 61.9700 0.000000 0.000000 305.000000 53.000000
5.3100 28.6300 62.1900 0.000000 0.000000 305.000000 53.000000
5.3200 28.6900 62.5100 0.000000 0.000000 305.000000 53.000000
5.3300 28.7900 62.8200 0.000000 0.000000 305.000000 53.000000
5.3400 28.9100 63.1300 0.000000 0.000000 305.000000 53.000000
5.3500 28.9700 63.3400 0.000000 0.000000 305.000000 53.000000
5.3600 29.0300 63.5500 0.000000 0.000000 305.000000 53.000000
5.3700 29.0900 63.7400 0.000000 0.000000 305.000000 53.000000
5.3800 29.0900 63.9200 0.000000 0.000000 305.000000 53.000000
5.3900 29.1400 63.9200 0.000000 0.000000 305.000000 53.000000
5.4000 29.0900 63.9200 0.000000 0.000000 305.000000 53.000000
5.4100 29.0000 63.8700 0.000000 0.000000 305.000000 53.000000
5.4200 28.9200 63.7300 0.000000 0.000000 307.000000 53.000000
5.4300 28.8400 63.5300 0.000000 0.000000 307.000000 53.000000
5.4400 28.7600 63.2900 0.000000 0.000000 307.000000 53.000000
5.4500 28.6800 62.9600 0.000000 0.000000 307.000000 53.000000
5.4600 28.6000 62.6300 0.000000 0.000000 307.000000 53.000000
5.4700 28.5500 62.3000 0.000000 0.000000 307.000000 53.000000
5.4800 28.4900 62.1500 0.000000 0.000000 307.000000 53.000000
5.4900 28.4900 62.0500 0.000000 0.000000 307.000000 53.000000
5.5000 28.4900 62.0500 0.000000 0.000000 307.000000 53.000000
5.5100 28.5400 62.0500 0.000000 0.000000 307.000000 53.000000
5.5200 28.5400 62.1400 0.000000 0.000000 307.000000 53.000000
5.5300 28.6400 62.3200 0.000000 0.000000 307.000000 53.000000
5.5400 28.6400 62.6000 0.000000 0.000000 307.000000 53.000000
5.5500 28.7100 62.9500 0.000000 0.000000 307.000000 53.000000
5.5600 28.7100 63.3400 0.000000 0.000000 305.000000 54.000000
5.5700 28.7100 63.7400 0.000000 0.000000 305.000000 54.000000
5.5800 28.7100 64.1500 0.000000 0.000000 305.000000 54.000000
5.5900 28.7600 64.5600 0.000000 0.000000 305.000000 54.000000
5.6000 28.7600 64.8900 0.000000 0.000000 304.000000 53.000000
5.6100 28.7600 64.8900 1.000000 0.000000 303.000000 53.000000
5.6200 28.7600 65.3100 242.000000 1.000000 303.000000 53.000000
5.6300 28.7600 65.3700 309.000000 0.000000 303.000000 53.000000
5.6400 28.7600 65.3700 361.000000 0.000000 302.000000 54.000000
5.6500 28.6400 65.2900 356.000000 0.000000 302.000000 54.000000
5.6600 28.5400 65.0000 356.000000 0.000000 302.000000 54.000000
5.6700 28.4200 64.5700 344.000000 0.000000 301.000000 53.000000
5.6800 28.2900 63.9300 345.000000 0.000000 301.000000 53.000000
5.6900 28.2200 63.1800 337.000000 0.000000 301.000000 53.000000
5.7000 28.2200 62.3500 339.000000 0.000000 299.000000 53.000000
5.7100 28.1600 61.6200 366.000000 0.000000 299.000000 53.000000
5.7200 28.1600 61.1200 386.000000 0.000000 299.000000 53.000000
5.7300 28.1600 60.7700 388.000000 0.000000 299.000000 53.000000
5.7400 28.1600 60.6500 400.000000 0.000000 299.000000 53.000000
5.7500 28.2400 60.7100 402.000000 0.000000 299.000000 53.000000
5.7600 28.3100 60.9000 399.000000 0.000000 299.000000 53.000000
5.7700 28.4300 61.2800 394.000000 0.000000 299.000000 53.000000
5.7800 28.5400 61.7100 386.000000 0.000000 299.000000 53.000000
5.7900 28.6500 62.2200 386.000000 0.000000 299.000000 53.000000
5.8000 28.7000 62.7700 386.000000 0.000000 299.000000 53.000000
5.8100 28.7000 63.2800 386.000000 0.000000 299.000000 53.000000
5.8200 28.7000 63.7700 386.000000 0.000000 299.000000 53.000000
5.8300 28.7000 64.2500 396.000000 0.000000 299.000000 53.000000
5.8400 28.7000 64.6400 402.000000 0.000000 301.000000 53.000000
5.8500 28.7000 64.9700 439.000000 0.000000 301.000000 53.000000
5.8600 28.7000 65.1300 491.000000 0.000000 301.000000 53.000000
5.8700 28.7000 65.2300 541.000000 0.000000 302.000000 54.000000
5.8800 28.6500 65.2900 570.000000 0.000000 302.000000 54.000000
5.8900 28.6500 65.2900 574.000000 0.000000 302.000000 54.000000
5.9000 28.6500 65.2900 578.000000 0.000000 302.000000 54.000000
5.9100 28.6500 65.2900 584.000000 0.000000 302.000000 54.000000
5.9200 28.6500 65.2300 586.000000 0.000000 302.000000 54.000000
5.9300 28.6500 65.1500 589.000000 0.000000 302.000000 54.000000
5.9400 28.6500 65.0400 588.000000 0.000000 302.000000 54.000000
5.9500 28.6500 64.9100 592.000000 0.000000 302.000000 54.000000
5.9600 28.7100 64.6800 589.000000 0.000000 302.000000 54.000000
5.9700 28.7100 64.3700 578.000000 0.000000 302.000000 54.000000
5.9800 28.7100 64.0000 572.000000 0.000000 302.000000 54.000000
5.9900 28.7100 63.4800 569.000000 0.000000 302.000000 54.000000
6.0000 28.7900 62.9700 581.000000 0.000000 302.000000 54.000000
6.0100 28.8500 62.4800 585.000000 0.000000 302.000000 54.000000
6.0200 28.9900 62.2000 614.000000 0.000000 302.000000 54.000000
6.0300 29.1700 62.0700 646.000000 0.000000 301.000000 53.000000
6.0400 29.3800 62.0700 647.000000 0.000000 301.000000 53.000000
6.0500 29.6500 62.0700 650.000000 0.000000 301.000000 53.000000
6.0600 29.9200 62.3400 643.000000 0.000000 301.000000 53.000000
6.0700 30.1500 62.6700 641.000000 0.000000 301.000000 53.000000
6.0800 30.3400 63.0100 638.000000 0.000000 301.000000 53.000000
6.0900 30.4500 63.3500 642.000000 0.000000 300.000000 52.000000
6.1000 30.5300 63.6800 631.000000 0.000000 300.000000 52.000000
6.1100 30.5300 64.0100 624.000000 0.000000 300.000000 52.000000
6.1200 30.5300 64.3200 592.000000 0.000000 300.000000 52.000000
6.1300 30.4700 64.6500 586.000000 0.000000 300.000000 52.000000
6.1400 30.4200 64.9800 584.000000 0.000000 298.000000 53.000000
6.1500 30.3500 65.1600 591.000000 0.000000 298.000000 53.000000
6.1600 30.2700 65.2300 602.000000 0.000000 298.000000 53.000000
6.1700 30.2700 65.2800 611.000000 0.000000 298.000000 53.000000
6.1800 30.2000 65.2800 619.000000 0.000000 298.000000 53.000000
6.1900 30.1500 65.2000 631.000000 0.000000 298.000000 53.000000
6.2000 30.0900 64.9700 624.000000 0.000000 298.000000 53.000000
6.2100 30.0900 64.5700 610.000000 0.000000 298.000000 53.000000
6.2200 30.0900 64.0700 617.000000 0.000000 298.000000 53.000000
6.2300 30.0400 63.4900 617.000000 0.000000 298.000000 53.000000
6.2400 30.0400 62.8200 647.000000 0.000000 298.000000 53.000000
6.2500 30.1000 62.1000 647.000000 0.000000 298.000000 53.000000
6.2600 30.1600 61.5400 646.000000 0.000000 298.000000 53.000000
6.2700 30.2900 61.1500 653.000000 0.000000 298.000000 53.000000
6.2800 30.4500 60.8800 664.000000 0.000000 297.000000 52.000000
6.2900 30.6200 60.7900 659.000000 0.000000 297.000000 52.000000
6.3000 30.7600 60.7300 617.000000 0.000000 297.000000 52.000000
6.3100 30.8800 60.6700 535.000000 0.000000 296.000000 52.000000
6.3200 30.9700 60.7600 226.000000 0.000000 296.000000 52.000000
6.3300 30.9700 60.7600 0.000000 1.000000 296.000000 52.000000
6.3400 30.9700 61.0900 0.000000 0.000000 296.000000 52.000000
6.3500 30.9700 61.1800 0.000000 0.000000 297.000000 52.000000
6.3600 30.9700 61.2500 0.000000 0.000000 297.000000 52.000000
6.3700 30.8100 61.4700 0.000000 0.000000 298.000000 51.000000
6.3800 30.6300 61.6400 0.000000 0.000000 298.000000 51.000000
6.3900 30.4900 61.7900 0.000000 0.000000 299.000000 50.000000
6.4000 30.4300 61.8600 0.000000 0.000000 300.000000 50.000000
6.4100 30.4300 61.9300 0.000000 0.000000 299.000000 49.000000
6.4200 30.4300 62.0000 0.000000 0.000000 301.000000 49.000000
6.4300 30.4300 62.0600 0.000000 0.000000 302.000000 48.000000
6.4400 30.4300 62.1400 0.000000 0.000000 302.000000 48.000000
6.4500 30.4300 62.2500 0.000000 0.000000 302.000000 48.000000
6.4600 30.4300 62.4100 0.000000 0.000000 303.000000 48.000000
6.4700 30.4300 62.6200 0.000000 0.000000 304.000000 49.000000
6.4800 30.4300 62.8200 0.000000 0.000000 304.000000 49.000000
6.4900 30.5100 63.0000 0.000000 0.000000 305.000000 48.000000
6.5000 30.5100 63.1600 0.000000 0.000000 306.000000 49.000000
6.5100 30.6400 63.3100 0.000000 0.000000 306.000000 49.000000
6.5200 30.7500 63.4200 0.000000 0.000000 307.000000 50.000000
6.5300 30.9700 63.5300 0.000000 0.000000 307.000000 50.000000
6.5400 31.3600 63.5300 0.000000 0.000000 308.000000 50.000000
6.5500 31.8500 63.4400 0.000000 0.000000 307.000000 51.000000
6.5600 32.3500 63.4400 0.000000 0.000000 308.000000 52.000000
6.5700 32.8000 63.3700 0.000000 0.000000 308.000000 52.000000
6.5800 32.9700 63.3700 0.000000 0.000000 308.000000 52.000000
6.5900 32.9700 63.3700 0.000000 0.000000 308.000000 52.000000
6.6000 32.7900 63.3700 0.000000 0.000000 308.000000 52.000000
6.6100 32.5800 63.1800 0.000000 0.000000 308.000000 52.000000
6.6200 32.3100 62.9500 0.000000 0.000000 308.000000 52.000000
6.6300 32.0500 62.6900 0.000000 0.000000 307.000000 52.000000
6.6400 31.8000 62.3800 0.000000 0.000000 307.000000 52.000000
6.6500 31.5500 62.0400 0.000000 0.000000 307.000000 52.000000
6.6600 31.3500 61.8100 0.000000 0.000000 306.000000 51.000000
6.6700 31.1900 61.6600 0.000000 0.000000 306.000000 51.000000
6.6800 31.0600 61.5600 0.000000 0.000000 306.000000 51.000000
6.6900 30.9800 61.4200 0.000000 0.000000 306.000000 51.000000
6.7000 30.9200 61.2800 0.000000 0.000000 306.000000 51.000000
6.7100 30.8600 61.1500 0.000000 0.000000 306.000000 51.000000
6.7200 30.8100 61.0500 0.000000 0.000000 306.000000 51.000000
6.7300 30.8100 61.0500 0.000000 0.000000 305.000000 53.000000
6.7400 30.8100 61.0500 0.000000 0.000000 305.000000 53.000000
6.7500 30.8100 61.0500 0.000000 0.000000 305.000000 53.000000
6.7600 30.8100 61.0500 0.000000 0.000000 305.000000 53.000000
6.7700 30.8700 61.0500 0.000000 0.000000 305.000000 53.000000
6.7800 30.9300 61.0500 0.000000 0.000000 305.000000 53.000000
6.7900 31.0300 60.9100 0.000000 0.000000 305.000000 53.000000
6.8000 31.1600 60.7900 0.000000 0.000000 305.000000 53.000000
6.8100 31.2800 60.6900 0.000000 0.000000 304.000000 53.000000
6.8200 31.3900 60.6900 0.000000 0.000000 304.000000 53.000000
6.8300 31.5000 60.6900 0.000000 0.000000 304.000000 53.000000
6.8400 31.5900 60.7800 0.000000 0.000000 303.000000 52.000000
6.8500 31.5900 60.7800 90.000000 1.000000 302.000000 53.000000
6.8600 31.8300 61.2500 219.000000 0.000000 303.000000 53.000000
6.8700 31.9000 61.5700 358.000000 0.000000 303.000000 53.000000
6.8800 31.9600 61.8700 461.000000 0.000000 303.000000 53.000000
6.8900 31.9600 62.1500 541.000000 0.000000 303.000000 53.000000
6.9000 31.9600 62.4100 570.000000 0.000000 303.000000 53.000000
6.9100 31.9000 62.6000 599.000000 0.000000 303.000000 53.000000
6.9200 31.7800 62.7500 617.000000 0.000000 303.000000 53.000000
6.9300 31.5800 62.8500 616.000000 0.000000 303.000000 53.000000
6.9400 31.5800 62.8500 616.000000 0.000000 303.000000 53.000000
6.9500 31.2200 62.6900 610.000000 0.000000 303.000000 53.000000
6.9600 31.0800 62.4500 616.000000 0.000000 303.000000 53.000000
6.9700 31.0000 62.1000 613.000000 0.000000 303.000000 53.000000
6.9800 30.9500 61.6700 606.000000 0.000000 302.000000 54.000000
6.9900 31.0000 61.2600 616.000000 0.000000 302.000000 54.000000
7.0000 31.1300 60.9900 636.000000 0.000000 302.000000 54.000000
7.0100 31.3100 60.8100 643.000000 0.000000 302.000000 54.000000
7.0200 31.5600 60.8100 655.000000 0.000000 302.000000 54.000000
7.0300 31.7800 60.9300 636.000000 0.000000 302.000000 54.000000
7.0400 31.9700 61.1200 636.000000 0.000000 302.000000 54.000000
7.0500 32.1200 61.3800 591.000000 0.000000 302.000000 54.000000
7.0600 32.1200 61.6700 439.000000 0.000000 302.000000 54.000000
7.0700 32.1200 61.9700 129.000000 0.000000 302.000000 54.000000
7.0800 32.1200 61.9700 0.000000 1.000000 302.000000 54.000000
7.0900 31.9500 62.2400 0.000000 0.000000 302.000000 54.000000
7.1000 31.8600 62.2400 0.000000 0.000000 301.000000 53.000000
7.1100 31.7600 62.2400 0.000000 0.000000 301.000000 53.000000
7.1200 31.7000 62.1700 0.000000 0.000000 302.000000 53.000000
7.1300 31.7000 62.0400 0.000000 0.000000 302.000000 53.000000
7.1400 31.6200 61.9200 0.000000 0.000000 302.000000 53.000000
7.1500 31.6200 61.8100 0.000000 0.000000 303.000000 52.000000
7.1600 31.7300 61.7400 0.000000 0.000000 303.000000 52.000000
7.1700 31.8300 61.7400 0.000000 0.000000 303.000000 52.000000
7.1800 31.9200 61.7400 0.000000 0.000000 303.000000 52.000000
7.1900 32.0100 61.8100 0.000000 0.000000 303.000000 52.000000
7.2000 32.0100 61.8600 0.000000 0.000000 303.000000 52.000000
7.2100 32.0100 61.9300 0.000000 0.000000 303.000000 52.000000
7.2200 32.0100 61.9300 68.000000 1.000000 303.000000 52.000000
7.2300 32.0100 61.9300 134.000000 0.000000 303.000000 52.000000
7.2400 32.0100 61.9300 153.000000 0.000000 303.000000 52.000000
7.2500 32.0100 61.9300 141.000000 0.000000 302.000000 53.000000
7.2600 32.0100 61.9300 144.000000 0.000000 302.000000 53.000000
7.2700 32.0100 61.9300 104.000000 0.000000 302.000000 53.000000
7.2800 32.0100 61.9300 0.000000 1.000000 302.000000 53.000000
7.2900 32.0100 61.9300 0.000000 0.000000 302.000000 53.000000
7.3000 32.0100 61.9300 0.000000 0.000000 302.000000 53.000000
7.3100 32.0100 61.9300 0.000000 0.000000 302.000000 53.000000
7.3200 32.0100 61.9300 0.000000 0.000000 302.000000 53.000000
7.3300 32.0100 61.9300 0.000000 0.000000 302.000000 53.000000
7.3400 31.8200 61.6200 0.000000 0.000000 302.000000 53.000000
7.3500 31.8200 61.5000 0.000000 0.000000 302.000000 53.000000
7.3600 31.7600 61.3600 0.000000 0.000000 302.000000 53.000000
7.3700 31.7600 61.2100 0.000000 0.000000 302.000000 53.000000
7.3800 31.7600 61.2100 0.000000 0.000000 302.000000 53.000000
7.3900 31.7600 61.1600 0.000000 0.000000 302.000000 53.000000
7.4000 31.7600 61.1600 0.000000 0.000000 303.000000 52.000000
7.4100 31.7600 61.1600 0.000000 0.000000 303.000000 52.000000
7.4200 31.7600 61.1600 0.000000 0.000000 303.000000 52.000000
7.4300 31.8800 61.1600 0.000000 0.000000 303.000000 52.000000
7.4400 31.9500 61.1600 0.000000 0.000000 303.000000 52.000000
7.4500 31.9500 61.2100 0.000000 0.000000 303.000000 52.000000
7.4600 32.0100 61.2100 0.000000 0.000000 303.000000 52.000000
7.4700 32.0100 61.2100 0.000000 0.000000 302.000000 53.000000
7.4800 32.0100 61.2100 73.000000 1.000000 302.000000 53.000000
7.4900 32.0100 61.2100 187.000000 0.000000 302.000000 53.000000
7.5000 32.0100 61.2100 218.000000 0.000000 302.000000 53.000000
7.5100 32.0100 61.2100 218.000000 0.000000 302.000000 53.000000
7.5200 32.0100 61.2100 212.000000 0.000000 302.000000 53.000000
7.5300 32.0100 61.2100 193.000000 0.000000 301.000000 53.000000
7.5400 32.0100 61.2100 179.000000 0.000000 301.000000 53.000000
7.5500 32.0100 61.2100 142.000000 0.000000 301.000000 53.000000
7.5600 32.0100 61.2100 101.000000 0.000000 301.000000 53.000000
7.5700 32.2600 61.4500 85.000000 0.000000 301.000000 53.000000
7.5800 32.2600 61.5500 42.000000 0.000000 301.000000 53.000000
7.5900 32.2600 61.5500 0.000000 1.000000 301.000000 53.000000
7.6000 32.2600 61.6100 0.000000 0.000000 301.000000 53.000000
7.6100 32.2600 61.6900 0.000000 0.000000 302.000000 53.000000
7.6200 32.2600 61.7800 0.000000 0.000000 302.000000 53.000000
7.6300 32.2600 61.9000 0.000000 0.000000 302.000000 53.000000
7.6400 32.2600 62.0500 0.000000 0.000000 302.000000 53.000000
7.6500 32.2600 62.0500 22.000000 1.000000 302.000000 53.000000
7.6600 32.2600 62.0500 107.000000 0.000000 302.000000 53.000000
7.6700 32.3300 62.3700 170.000000 0.000000 302.000000 53.000000
7.6800 32.3300 62.4300 244.000000 0.000000 302.000000 53.000000
7.6900 32.3300 62.4300 299.000000 0.000000 302.000000 53.000000
7.7000 32.3300 62.4300 386.000000 0.000000 302.000000 53.000000
7.7100 32.3300 62.4300 456.000000 0.000000 302.000000 53.000000
7.7200 32.3300 62.4300 512.000000 0.000000 302.000000 53.000000
7.7300 32.3300 62.3400 540.000000 0.000000 302.000000 53.000000
7.7400 32.3300 62.2900 536.000000 0.000000 302.000000 53.000000
7.7500 32.2700 62.1900 539.000000 0.000000 302.000000 53.000000
7.7600 32.2700 62.0200 542.000000 0.000000 302.000000 53.000000
7.7700 32.2700 61.8300 540.000000 0.000000 302.000000 53.000000
7.7800 32.2700 61.6100 546.000000 0.000000 302.000000 53.000000
7.7900 32.3700 61.4300 575.000000 0.000000 302.000000 53.000000
7.8000 32.5000 61.3200 597.000000 0.000000 302.000000 53.000000
7.8100 32.6700 61.2600 613.000000 0.000000 302.000000 53.000000
7.8200 32.8200 61.2600 609.000000 0.000000 301.000000 53.000000
7.8300 32.9700 61.2100 605.000000 0.000000 301.000000 53.000000
7.8400 33.1100 61.2100 595.000000 0.000000 301.000000 53.000000
7.8500 33.2200 61.3000 570.000000 0.000000 301.000000 53.000000
7.8600 33.3000 61.3500 536.000000 0.000000 301.000000 53.000000
7.8700 33.3800 61.4000 516.000000 0.000000 301.000000 53.000000
7.8800 33.4400 61.4600 496.000000 0.000000 300.000000 52.000000
7.8900 33.4400 61.5500 423.000000 0.000000 301.000000 52.000000
7.9000 33.5100 61.6200 285.000000 0.000000 301.000000 52.000000
7.9100 33.5100 61.6800 63.000000 0.000000 301.000000 52.000000
7.9200 33.5100 61.6800 0.000000 1.000000 301.000000 52.000000
7.9300 33.5100 61.7500 0.000000 0.000000 301.000000 52.000000
7.9400 33.4500 61.7500 0.000000 0.000000 300.000000 51.000000
7.9500 33.4000 61.7500 0.000000 0.000000 300.000000 51.000000
7.9600 33.4000 61.8100 0.000000 0.000000 300.000000 51.000000
7.9700 33.3200 61.8100 0.000000 0.000000 301.000000 51.000000
7.9800 33.3200 61.8100 0.000000 0.000000 301.000000 51.000000
7.9900 33.3700 61.8800 0.000000 0.000000 301.000000 51.000000
8.0000 33.3700 61.8800 0.000000 0.000000 301.000000 51.000000
8.0100 33.3700 61.9600 0.000000 0.000000 301.000000 51.000000
8.0200 33.3700 61.9600 0.000000 0.000000 301.000000 51.000000
8.0300 33.3700 61.9600 0.000000 0.000000 301.000000 51.000000
8.0400 33.3700 61.9600 0.000000 0.000000 301.000000 51.000000
8.0500 33.3100 61.9600 0.000000 0.000000 301.000000 51.000000
8.0600 33.3100 61.9600 0.000000 0.000000 301.000000 51.000000
8.0700 33.3100 61.9600 0.000000 0.000000 301.000000 51.000000
8.0800 33.3100 61.9600 0.000000 0.000000 301.000000 51.000000
8.0900 33.2600 61.9600 0.000000 0.000000 301.000000 51.000000
8.1000 33.2600 61.9600 20.000000 1.000000 301.000000 51.000000
8.1100 33.2600 61.9600 53.000000 0.000000 301.000000 51.000000
8.1200 33.2600 61.9600 81.000000 0.000000 301.000000 51.000000
8.1300 33.2600 61.9600 85.000000 0.000000 301.000000 51.000000
8.1400 33.2600 61.8800 81.000000 0.000000 302.000000 51.000000
8.1500 33.2600 61.8800 75.000000 0.000000 301.000000 52.000000
8.1600 33.2100 61.8100 78.000000 0.000000 301.000000 52.000000
8.1700 33.2100 61.7600 85.000000 0.000000 301.000000 52.000000
8.1800 33.1600 61.7100 132.000000 0.000000 301.000000 52.000000
8.1900 33.1600 61.6400 195.000000 0.000000 301.000000 52.000000
8.2000 33.1600 61.5800 242.000000 0.000000 301.000000 52.000000
8.2100 33.2200 61.4900 292.000000 0.000000 301.000000 52.000000
8.2200 33.2800 61.4300 353.000000 0.000000 301.000000 52.000000
8.2300 33.3500 61.3400 396.000000 0.000000 301.000000 52.000000
8.2400 33.4900 61.2900 475.000000 0.000000 301.000000 52.000000
8.2500 33.6200 61.2900 492.000000 0.000000 301.000000 52.000000
8.2600 33.7600 61.2900 527.000000 0.000000 301.000000 52.000000
8.2700 33.9000 61.4100 548.000000 0.000000 301.000000 52.000000
8.2800 34.0400 61.5500 564.000000 0.000000 300.000000 51.000000
8.2900 34.1800 61.7600 565.000000 0.000000 300.000000 51.000000
8.3000 34.2800 61.9800 560.000000 0.000000 300.000000 51.000000
8.3100 34.3500 62.2100 561.000000 0.000000 300.000000 51.000000
8.3200 34.3500 62.4400 589.000000 0.000000 300.000000 51.000000
8.3300 34.4200 62.6300 631.000000 0.000000 300.000000 51.000000
8.3400 34.4200 62.7600 659.000000 0.000000 300.000000 51.000000
8.3500 34.4200 62.8400 687.000000 0.000000 301.000000 51.000000
8.3600 34.4200 62.8400 710.000000 0.000000 301.000000 51.000000
8.3700 34.3700 62.7800 722.000000 0.000000 301.000000 51.000000
8.3800 34.3700 62.6800 727.000000 0.000000 301.000000 51.000000
8.3900 34.3700 62.5400 724.000000 0.000000 301.000000 51.000000
8.4000 34.3700 62.2400 727.000000 0.000000 300.000000 51.000000
8.4100 34.3700 61.9600 730.000000 0.000000 300.000000 51.000000
8.4200 34.5000 61.6300 733.000000 0.000000 300.000000 51.000000
8.4300 34.6000 61.2800 736.000000 0.000000 300.000000 51.000000
8.4400 34.7000 61.0200 733.000000 0.000000 300.000000 51.000000
8.4500 34.8000 60.8100 733.000000 0.000000 299.000000 51.000000
8.4600 34.9000 60.6400 731.000000 0.000000 299.000000 51.000000
8.4700 34.9900 60.5900 724.000000 0.000000 299.000000 51.000000
8.4800 35.0400 60.5900 708.000000 0.000000 298.000000 51.000000
8.4900 35.0400 60.5900 678.000000 0.000000 298.000000 51.000000
8.5000 35.0400 60.6600 637.000000 0.000000 298.000000 51.000000
8.5100 35.0400 60.7100 605.000000 0.000000 297.000000 51.000000
8.5200 34.9600 60.7100 575.000000 0.000000 297.000000 51.000000
8.5300 34.9600 60.7100 568.000000 0.000000 297.000000 51.000000
8.5400 34.8800 60.7600 565.000000 0.000000 297.000000 51.000000
8.5500 34.8800 60.7600 562.000000 0.000000 297.000000 51.000000
8.5600 34.7900 60.8100 561.000000 0.000000 297.000000 51.000000
8.5700 34.7400 60.8100 561.000000 0.000000 297.000000 51.000000
8.5800 34.7400 60.8100 562.000000 0.000000 297.000000 51.000000
8.5900 34.6800 60.8100 562.000000 0.000000 297.000000 51.000000
8.6000 34.6800 60.7400 564.000000 0.000000 297.000000 51.000000
8.6100 34.6800 60.7400 546.000000 0.000000 297.000000 51.000000
8.6200 34.7500 60.7400 478.000000 0.000000 297.000000 51.000000
8.6300 34.7500 60.6900 372.000000 0.000000 297.000000 51.000000
8.6400 34.8200 60.6900 312.000000 0.000000 297.000000 51.000000
8.6500 34.8200 60.7400 309.000000 0.000000 297.000000 51.000000
8.6600 34.9000 60.7400 354.000000 0.000000 297.000000 51.000000
8.6700 34.9600 60.8100 431.000000 0.000000 298.000000 51.000000
8.6800 35.0300 60.8700 468.000000 0.000000 298.000000 51.000000
8.6900 35.1200 60.9300 483.000000 0.000000 298.000000 51.000000
8.7000 35.2100 61.0000 510.000000 0.000000 298.000000 51.000000
8.7100 35.2800 61.0700 516.000000 0.000000 298.000000 51.000000
8.7200 35.3600 61.1500 522.000000 0.000000 298.000000 51.000000
8.7300 35.4400 61.2300 535.000000 0.000000 297.000000 50.000000
8.7400 35.5100 61.3100 546.000000 0.000000 297.000000 50.000000
8.7500 35.5800 61.4100 564.000000 0.000000 297.000000 50.000000
8.7600 35.6400 61.5300 563.000000 0.000000 297.000000 50.000000
8.7700 35.6400 61.5900 563.000000 0.000000 297.000000 50.000000
8.7800 35.6900 61.5900 551.000000 0.000000 298.000000 49.000000
8.7900 35.6900 61.5900 494.000000 0.000000 298.000000 49.000000
8.8000 35.6900 61.5900 409.000000 0.000000 298.000000 49.000000
8.8100 35.6900 61.5900 281.000000 0.000000 298.000000 49.000000
8.8200 35.6900 61.5900 24.000000 0.000000 298.000000 49.000000
8.8300 35.6900 61.5900 0.000000 1.000000 298.000000 49.000000
8.8400 35.5300 61.3300 0.000000 0.000000 298.000000 49.000000
8.8500 35.5300 61.2700 0.000000 0.000000 298.000000 49.000000
8.8600 35.5300 61.2700 0.000000 0.000000 298.000000 49.000000
8.8700 35.5300 61.2700 0.000000 0.000000 299.000000 49.000000
8.8800 35.6200 61.3200 0.000000 0.000000 299.000000 49.000000
8.8900 35.6200 61.4500 0.000000 0.000000 302.000000 50.000000
8.9000 35.6200 61.5900 0.000000 0.000000 302.000000 50.000000
8.9100 35.6900 61.7400 0.000000 0.000000 303.000000 49.000000
8.9200 35.8000 61.8500 0.000000 0.000000 304.000000 49.000000
8.9300 35.9700 61.9900 0.000000 0.000000 304.000000 49.000000
8.9400 36.1200 62.1200 0.000000 0.000000 305.000000 48.000000
8.9500 36.2400 62.2500 0.000000 0.000000 306.000000 49.000000
8.9600 36.3500 62.4300 0.000000 0.000000 306.000000 49.000000
8.9700 36.4200 62.6200 0.000000 0.000000 307.000000 49.000000
8.9800 36.5000 62.8300 0.000000 0.000000 308.000000 49.000000
8.9900 36.5900 63.0200 0.000000 0.000000 308.000000 49.000000
9.0000 36.6500 63.2400 0.000000 0.000000 309.000000 50.000000
9.0100 36.7100 63.4600 0.000000 0.000000 310.000000 51.000000
9.0200 36.7100 63.6400 0.000000 0.000000 310.000000 51.000000
9.0300 36.7800 63.8100 0.000000 0.000000 312.000000 51.000000
9.0400 36.8400 63.9000 0.000000 0.000000 312.000000 51.000000
9.0500 36.9200 63.9000 0.000000 0.000000 312.000000 51.000000
9.0600 36.9200 63.7400 0.000000 0.000000 312.000000 51.000000
9.0700 36.8600 63.6200 0.000000 0.000000 312.000000 51.000000
9.0800 36.7400 63.4500 0.000000 0.000000 310.000000 52.000000
9.0900 36.5800 63.2400 0.000000 0.000000 310.000000 52.000000
9.1000 36.4000 62.9800 0.000000 0.000000 310.000000 52.000000
9.1100 36.2600 62.6900 0.000000 0.000000 310.000000 52.000000
9.1200 36.1500 62.3800 0.000000 0.000000 310.000000 52.000000
9.1300 36.1000 62.1500 0.000000 0.000000 310.000000 52.000000
9.1400 36.1000 62.1500 0.000000 0.000000 310.000000 52.000000
9.1500 36.1000 61.8700 0.000000 0.000000 309.000000 51.000000
9.1600 36.1000 61.8200 0.000000 0.000000 309.000000 51.000000
9.1700 36.1000 61.8800 0.000000 0.000000 309.000000 51.000000
9.1800 36.1700 61.9500 0.000000 0.000000 308.000000 50.000000
9.1900 36.2200 62.0400 0.000000 0.000000 308.000000 50.000000
9.2000 36.2700 62.1300 0.000000 0.000000 308.000000 50.000000
9.2100 36.3400 62.2600 0.000000 0.000000 308.000000 50.000000
9.2200 36.4200 62.4100 0.000000 0.000000 308.000000 50.000000
9.2300 36.4700 62.5900 0.000000 0.000000 309.000000 51.000000
9.2400 36.4700 62.7000 0.000000 0.000000 309.000000 51.000000
9.2500 36.4700 62.7700 0.000000 0.000000 309.000000 51.000000
9.2600 36.4700 62.7700 0.000000 0.000000 310.000000 52.000000
9.2700 36.4700 62.6800 0.000000 0.000000 309.000000 52.000000
9.2800 36.4000 62.5200 0.000000 0.000000 309.000000 52.000000
9.2900 36.4000 62.2900 0.000000 0.000000 309.000000 52.000000
9.3000 36.3400 61.9500 0.000000 0.000000 309.000000 52.000000
9.3100 36.2600 61.5400 0.000000 0.000000 309.000000 52.000000
9.3200 36.1600 61.2600 0.000000 0.000000 308.000000 53.000000
9.3300 36.0600 61.0200 0.000000 0.000000 308.000000 53.000000
9.3400 35.9500 60.8500 0.000000 0.000000 308.000000 53.000000
9.3500 35.8400 60.7200 0.000000 0.000000 307.000000 52.000000
9.3600 35.7600 60.6500 0.000000 0.000000 305.000000 53.000000
9.3700 35.7100 60.6500 0.000000 0.000000 305.000000 53.000000
9.3800 35.7100 60.6500 0.000000 0.000000 305.000000 53.000000
9.3900 35.7100 60.6500 0.000000 0.000000 305.000000 53.000000
9.4000 35.6500 60.7700 0.000000 0.000000 305.000000 53.000000
9.4100 35.6500 60.8400 0.000000 0.000000 307.000000 53.000000
9.4200 35.6500 60.9000 0.000000 0.000000 307.000000 53.000000
9.4300 35.6500 60.9600 0.000000 0.000000 307.000000 53.000000
9.4400 35.6500 61.0400 0.000000 0.000000 307.000000 53.000000
9.4500 35.6500 61.1400 0.000000 0.000000 305.000000 54.000000
9.4600 35.6500 61.3000 0.000000 0.000000 305.000000 54.000000
9.4700 35.6500 61.5300 0.000000 0.000000 305.000000 54.000000
9.4800 35.7400 61.8000 0.000000 0.000000 305.000000 54.000000
9.4900 35.8100 62.1200 0.000000 0.000000 305.000000 54.000000
9.5000 35.8100 62.1200 112.000000 1.000000 304.000000 53.000000
9.5100 35.8100 62.6200 226.000000 0.000000 304.000000 53.000000
9.5200 35.8100 62.7600 344.000000 0.000000 303.000000 52.000000
9.5300 35.8100 62.8400 441.000000 0.000000 303.000000 52.000000
9.5400 35.8100 62.8400 509.000000 0.000000 302.000000 51.000000
9.5500 35.8100 62.8900 559.000000 0.000000 302.000000 51.000000
9.5600 35.7600 62.8400 592.000000 0.000000 302.000000 51.000000
9.5700 35.7100 62.7200 624.000000 0.000000 300.000000 51.000000
9.5800 35.6600 62.5500 639.000000 0.000000 300.000000 51.000000
9.5900 35.6600 62.2200 650.000000 0.000000 301.000000 52.000000
9.6000 35.6600 61.7700 678.000000 0.000000 301.000000 52.000000
9.6100 35.7200 61.2500 702.000000 0.000000 300.000000 52.000000
9.6200 35.8600 60.7900 724.000000 0.000000 300.000000 52.000000
9.6300 36.0500 60.5100 721.000000 0.000000 300.000000 52.000000
9.6400 36.2500 60.3500 755.000000 0.000000 300.000000 52.000000
9.6500 36.4300 60.3500 749.000000 0.000000 299.000000 51.000000
9.6600 36.5900 60.4400 742.000000 0.000000 299.000000 51.000000
9.6700 36.7300 60.6300 731.000000 0.000000 297.000000 52.000000
9.6800 36.8300 61.0000 733.000000 0.000000 297.000000 52.000000
9.6900 36.8900 61.4000 731.000000 0.000000 297.000000 52.000000
9.7000 36.8900 61.8300 733.000000 0.000000 297.000000 52.000000
9.7100 36.9400 62.3000 721.000000 0.000000 298.000000 51.000000
9.7200 36.9400 62.6600 707.000000 0.000000 298.000000 51.000000
9.7300 36.8800 62.9500 690.000000 0.000000 298.000000 51.000000
9.7400 36.8300 63.0700 691.000000 0.000000 298.000000 51.000000
9.7500 36.8300 63.0700 699.000000 0.000000 298.000000 51.000000
9.7600 36.8300 63.0700 707.000000 0.000000 299.000000 50.000000
9.7700 36.7700 62.9500 710.000000 0.000000 299.000000 50.000000
9.7800 36.7200 62.6700 716.000000 0.000000 299.000000 50.000000
9.7900 36.6500 62.2600 724.000000 0.000000 299.000000 50.000000
9.8000 36.6500 61.8200 710.000000 0.000000 299.000000 50.000000
9.8100 36.6500 61.3300 717.000000 0.000000 298.000000 51.000000
9.8200 36.7800 60.8200 716.000000 0.000000 298.000000 51.000000
9.8300 36.9000 60.4900 725.000000 0.000000 298.000000 51.000000
9.8400 37.0500 60.3200 725.000000 0.000000 297.000000 51.000000
9.8500 37.2100 60.2600 727.000000 0.000000 297.000000 51.000000
9.8600 37.3700 60.3100 707.000000 0.000000 297.000000 51.000000
9.8700 37.5300 60.4100 697.000000 0.000000 297.000000 51.000000
9.8800 37.6800 60.5800 664.000000 0.000000 297.000000 51.000000
9.8900 37.8100 60.8200 638.000000 0.000000 297.000000 51.000000
9.9000 37.8100 61.1300 611.000000 0.000000 297.000000 51.000000
9.9100 37.8800 61.4900 586.000000 0.000000 296.000000 50.000000
9.9200 37.8800 61.8400 584.000000 0.000000 296.000000 50.000000
9.9300 37.8800 62.1400 580.000000 0.000000 296.000000 50.000000
9.9400 37.8800 62.4100 564.000000 0.000000 297.000000 50.000000
9.9500 37.8100 62.5500 544.000000 0.000000 297.000000 50.000000
9.9600 37.7600 62.5500 489.000000 0.000000 297.000000 50.000000
9.9700 37.7100 62.5500 394.000000 0.000000 297.000000 50.000000
9.9800 37.6400 62.5500 60.000000 0.000000 298.000000 49.000000
9.9900 37.6400 62.5500 0.000000 1.000000 298.000000 49.000000
10.0000 37.5900 62.3200 0.000000 0.000000 298.000000 49.000000
10.0100 37.6400 62.1400 0.000000 0.000000 298.000000 49.000000
10.0200 37.6900 61.9800 0.000000 0.000000 298.000000 49.000000
10.0300 37.7900 61.8600 0.000000 0.000000 299.000000 49.000000
10.0400 37.9100 61.8100 0.000000 0.000000 299.000000 49.000000
10.0500 37.9100 61.8100 0.000000 0.000000 299.000000 49.000000
10.0600 37.9100 61.8100 0.000000 0.000000 301.000000 49.000000
10.0700 37.9100 61.8100 0.000000 0.000000 302.000000 50.000000
10.0800 37.9900 61.7500 0.000000 0.000000 303.000000 49.000000
10.0900 38.1100 61.6300 0.000000 0.000000 303.000000 49.000000
10.1000 38.2700 61.5300 0.000000 0.000000 303.000000 49.000000
10.1100 38.3500 61.4500 0.000000 0.000000 304.000000 49.000000
10.1200 38.4000 61.3400 0.000000 0.000000 304.000000 49.000000
10.1300 38.4000 61.2700 0.000000 0.000000 305.000000 50.000000
10.1400 38.4000 61.2100 0.000000 0.000000 305.000000 50.000000
10.1500 38.4000 61.2100 0.000000 0.000000 306.000000 50.000000
10.1600 38.4000 61.2100 0.000000 0.000000 306.000000 50.000000
10.1700 38.3200 61.2100 0.000000 0.000000 307.000000 51.000000
10.1800 38.3200 61.2100 0.000000 0.000000 306.000000 51.000000
10.1900 38.2600 61.2100 0.000000 0.000000 306.000000 51.000000
10.2000 38.2600 61.2100 0.000000 0.000000 306.000000 51.000000
10.2100 38.2600 61.2100 0.000000 0.000000 306.000000 51.000000
10.2200 38.2600 61.2100 0.000000 0.000000 306.000000 51.000000
10.2300 38.2600 61.2100 0.000000 0.000000 306.000000 51.000000
10.2400 38.2600 61.2100 0.000000 0.000000 304.000000 52.000000
10.2500 38.2600 61.1500 0.000000 0.000000 304.000000 52.000000
10.2600 38.2600 61.1500 0.000000 0.000000 304.000000 52.000000
10.2700 38.1800 61.0900 0.000000 0.000000 304.000000 52.000000
10.2800 38.1800 61.0900 0.000000 0.000000 304.000000 52.000000
10.2900 38.1800 61.0400 0.000000 0.000000 304.000000 52.000000
10.3000 38.1800 61.0400 0.000000 0.000000 303.000000 52.000000
10.3100 38.2400 61.0400 0.000000 0.000000 303.000000 52.000000
10.3200 38.2400 61.0400 73.000000 1.000000 303.000000 52.000000
10.3300 38.2400 61.0400 183.000000 0.000000 303.000000 52.000000
10.3400 38.5700 61.2500 305.000000 0.000000 301.000000 52.000000
10.3500 38.6800 61.3400 376.000000 0.000000 301.000000 52.000000
10.3600 38.7500 61.4900 418.000000 0.000000 301.000000 52.000000
10.3700 38.7500 61.7100 464.000000 0.000000 301.000000 52.000000
10.3800 38.8000 61.9900 519.000000 0.000000 301.000000 52.000000
10.3900 38.8000 62.3300 550.000000 0.000000 302.000000 53.000000
10.4000 38.7500 62.6900 561.000000 0.000000 302.000000 53.000000
10.4100 38.6600 62.9500 589.000000 0.000000 302.000000 53.000000
10.4200 38.5100 63.1500 585.000000 0.000000 302.000000 53.000000
10.4300 38.3100 63.2000 605.000000 0.000000 303.000000 52.000000
10.4400 38.1000 63.1300 616.000000 0.000000 303.000000 52.000000
10.4500 37.8500 62.9900 613.000000 0.000000 303.000000 52.000000
10.4600 37.6100 62.6100 624.000000 0.000000 303.000000 52.000000
10.4700 37.4600 62.0900 636.000000 0.000000 302.000000 53.000000
10.4800 37.3600 61.4900 667.000000 0.000000 301.000000 52.000000
10.4900 37.3600 60.9700 678.000000 0.000000 301.000000 52.000000
10.5000 37.5800 60.6200 734.000000 0.000000 299.000000 51.000000
10.5100 37.8600 60.3800 759.000000 0.000000 299.000000 51.000000
10.5200 38.1400 60.3200 767.000000 0.000000 299.000000 51.000000
10.5300 38.4300 60.4100 767.000000 0.000000 299.000000 51.000000
10.5400 38.7200 60.6000 758.000000 0.000000 299.000000 51.000000
10.5500 38.8700 61.0500 708.000000 0.000000 299.000000 51.000000
10.5600 38.9700 61.5700 622.000000 0.000000 300.000000 52.000000
10.5700 38.8900 62.1500 371.000000 0.000000 300.000000 52.000000
10.5800 38.8900 62.1500 0.000000 1.000000 300.000000 52.000000
10.5900 38.4300 62.7700 0.000000 0.000000 302.000000 53.000000
10.6000 38.1900 62.8300 0.000000 0.000000 302.000000 53.000000
10.6100 37.9700 62.8300 0.000000 0.000000 302.000000 53.000000
10.6200 37.7000 62.6700 0.000000 0.000000 303.000000 52.000000
10.6300 37.5100 62.4600 0.000000 0.000000 302.000000 51.000000
10.6400 37.3800 62.1600 0.000000 0.000000 302.000000 51.000000
10.6500 37.3800 61.8600 0.000000 0.000000 303.000000 51.000000
10.6600 37.3800 61.5700 0.000000 0.000000 305.000000 51.000000
10.6700 37.5000 61.3000 0.000000 0.000000 305.000000 51.000000
10.6800 37.6600 61.1300 0.000000 0.000000 305.000000 50.000000
10.6900 37.8400 61.0000 0.000000 0.000000 305.000000 50.000000
10.7000 38.0400 61.0000 0.000000 0.000000 304.000000 49.000000
10.7100 38.1700 61.0000 0.000000 0.000000 305.000000 48.000000
10.7200 38.2800 61.0000 0.000000 0.000000 305.000000 48.000000
10.7300 38.2800 61.1600 0.000000 0.000000 304.000000 48.000000
10.7400 38.4400 61.3000 0.000000 0.000000 306.000000 48.000000
10.7500 38.6600 61.4800 0.000000 0.000000 306.000000 48.000000
10.7600 38.6600 61.7000 0.000000 0.000000 306.000000 48.000000
10.7700 38.7400 61.9400 0.000000 0.000000 307.000000 49.000000
10.7800 38.7900 62.2200 0.000000 0.000000 307.000000 49.000000
10.7900 38.7900 62.5400 0.000000 0.000000 308.000000 49.000000
10.8000 38.7900 62.8600 0.000000 0.000000 309.000000 50.000000
10.8100 38.8500 63.2100 0.000000 0.000000 310.000000 51.000000
10.8200 38.8500 63.5400 0.000000 0.000000 310.000000 51.000000
10.8300 38.7300 63.8700 0.000000 0.000000 310.000000 51.000000
10.8400 38.6200 64.6100 0.000000 0.000000 310.000000 51.000000
10.8500 38.4900 64.7400 0.000000 0.000000 310.000000 51.000000
10.8600 38.4300 64.4700 0.000000 0.000000 310.000000 51.000000
10.8700 38.4300 64.5700 0.000000 0.000000 309.000000 50.000000
10.8800 38.4300 64.6400 0.000000 0.000000 307.000000 49.000000
10.8900 38.4300 64.6400 0.000000 0.000000 305.000000 48.000000
10.9000 38.4300 64.6400 0.000000 0.000000 303.000000 47.000000
10.9100 38.4300 64.6400 0.000000 0.000000 302.000000 46.000000
10.9200 38.4300 64.6400 0.000000 0.000000 300.000000 45.000000
10.9300 38.4300 64.6400 0.000000 0.000000 300.000000 43.000000
10.9400 38.2400 65.0100 0.000000 0.000000 298.000000 42.000000
10.9500 38.3000 65.4000 0.000000 0.000000 297.000000 42.000000
10.9600 38.3000 65.9500 0.000000 0.000000 296.000000 41.000000
10.9700 38.1100 66.0500 0.000000 0.000000 294.000000 40.000000
10.9800 37.8800 66.5100 0.000000 0.000000 294.000000 40.000000
10.9900 37.5400 67.2000 0.000000 0.000000 292.000000 39.000000
11.0000 37.0000 67.6100 0.000000 0.000000 290.000000 38.000000
11.0100 36.3200 67.9000 0.000000 0.000000 289.000000 37.000000
11.0200 35.5800 68.1200 0.000000 0.000000 288.000000 37.000000
11.0300 35.0500 68.4500 0.000000 0.000000 289.000000 36.000000
11.0400 34.6500 68.6500 0.000000 0.000000 289.000000 35.000000
11.0500 34.0300 68.7700 0.000000 0.000000 291.000000 35.000000
11.0600 33.5300 68.7700 0.000000 0.000000 293.000000 36.000000
11.0700 33.1100 68.8400 0.000000 0.000000 295.000000 35.000000
11.0800 31.7800 68.7500 0.000000 0.000000 298.000000 36.000000
11.0900 31.3400 68.5700 0.000000 0.000000 300.000000 35.000000
11.1000 31.4900 68.3300 0.000000 0.000000 301.000000 36.000000
11.1100 32.4800 68.0000 0.000000 0.000000 302.000000 36.000000
11.1200 32.6300 67.6100 0.000000 0.000000 300.000000 37.000000
11.1300 32.2100 67.1500 0.000000 0.000000 300.000000 38.000000
11.1400 32.1200 66.7900 0.000000 0.000000 297.000000 39.000000
11.1500 32.1700 66.4900 0.000000 0.000000 296.000000 40.000000
11.1600 32.3100 65.9900 0.000000 0.000000 295.000000 41.000000
11.1700 31.5200 65.9100 0.000000 0.000000 293.000000 42.000000
11.1800 31.7500 66.1100 0.000000 0.000000 292.000000 43.000000
11.1900 32.6700 65.8700 0.000000 0.000000 291.000000 43.000000
11.2000 32.5400 65.6900 0.000000 0.000000 291.000000 43.000000
11.2100 32.3900 65.5600 0.000000 0.000000 293.000000 44.000000
11.2200 32.2800 65.4100 0.000000 0.000000 293.000000 44.000000
11.2300 32.2000 65.2800 0.000000 0.000000 294.000000 44.000000
11.2400 32.0000 65.1800 0.000000 0.000000 294.000000 44.000000
11.2500 31.7500 65.0800 0.000000 0.000000 294.000000 45.000000
11.2600 31.4600 65.0200 0.000000 0.000000 295.000000 46.000000
11.2700 31.1600 65.0200 0.000000 0.000000 297.000000 48.000000
11.2800 30.8700 64.9500 0.000000 0.000000 296.000000 49.000000
11.2900 30.6700 64.7800 0.000000 0.000000 297.000000 50.000000
11.3000 30.5300 64.5200 0.000000 0.000000 298.000000 51.000000
11.3100 30.5300 63.9700 0.000000 0.000000 298.000000 51.000000
11.3200 30.7800 63.2100 0.000000 0.000000 299.000000 51.000000
11.3300 31.0900 62.3200 0.000000 0.000000 300.000000 52.000000
11.3400 31.3800 61.4800 0.000000 0.000000 300.000000 52.000000
11.3500 31.6600 60.7700 0.000000 0.000000 300.000000 52.000000
11.3600 31.9300 60.1500 0.000000 0.000000 300.000000 52.000000
11.3700 32.2400 59.6400 0.000000 0.000000 298.000000 53.000000
11.3800 32.2400 59.6400 344.000000 1.000000 298.000000 53.000000
11.3900 33.0400 59.2800 471.000000 0.000000 298.000000 53.000000
11.4000 33.5300 59.3700 433.000000 0.000000 297.000000 53.000000
11.4100 34.0400 59.6900 483.000000 0.000000 297.000000 53.000000
11.4200 34.4100 60.1700 495.000000 0.000000 296.000000 52.000000
11.4300 34.7400 60.9900 518.000000 0.000000 295.000000 52.000000
11.4400 34.4600 61.9700 546.000000 0.000000 295.000000 52.000000
11.4500 33.7800 63.0600 548.000000 0.000000 294.000000 53.000000
11.4600 32.3100 64.1500 546.000000 0.000000 294.000000 53.000000
11.4700 30.2900 65.2400 538.000000 0.000000 294.000000 53.000000
11.4800 27.9000 66.3200 532.000000 0.000000 292.000000 53.000000
11.4900 25.4900 67.1100 535.000000 0.000000 292.000000 53.000000
11.5000 23.0500 67.7100 542.000000 0.000000 293.000000 54.000000
11.5100 20.6000 67.9100 578.000000 0.000000 292.000000 54.000000
11.5200 18.4200 67.8200 617.000000 0.000000 292.000000 54.000000
11.5300 16.5400 67.5400 665.000000 0.000000 292.000000 54.000000
11.5400 14.8500 67.2300 700.000000 0.000000 290.000000 54.000000
11.5500 13.9500 66.7400 737.000000 0.000000 290.000000 54.000000
11.5600 13.7100 66.1300 808.000000 0.000000 290.000000 54.000000
11.5700 13.9100 65.5200 819.000000 0.000000 290.000000 54.000000
11.5800 14.8600 64.6700 834.000000 0.000000 290.000000 54.000000
11.5900 16.6000 63.6700 855.000000 0.000000 290.000000 54.000000
11.6000 18.8600 62.5200 861.000000 0.000000 290.000000 54.000000
11.6100 21.4000 61.5500 861.000000 0.000000 290.000000 54.000000
11.6200 23.8500 60.6900 875.000000 0.000000 290.000000 53.000000
11.6300 26.2400 60.2000 860.000000 0.000000 290.000000 53.000000
11.6400 28.1600 60.0200 828.000000 0.000000 290.000000 53.000000
11.6500 29.6700 60.0200 790.000000 0.000000 290.000000 53.000000
11.6600 30.9100 60.3400 616.000000 0.000000 290.000000 53.000000
11.6700 31.3600 60.7700 175.000000 0.000000 290.000000 53.000000
11.6800 31.3600 60.7700 0.000000 1.000000 290.000000 53.000000
11.6900 30.7200 61.9400 0.000000 0.000000 290.000000 53.000000
11.7000 29.7500 62.5000 0.000000 0.000000 290.000000 53.000000
11.7100 28.2700 62.9900 0.000000 0.000000 292.000000 54.000000
11.7200 26.4600 63.5100 0.000000 0.000000 293.000000 54.000000
11.7300 24.5100 64.0300 0.000000 0.000000 294.000000 53.000000
11.7400 22.4000 64.5400 0.000000 0.000000 295.000000 52.000000
11.7500 20.1800 64.8300 0.000000 0.000000 296.000000 52.000000
11.7600 18.3000 64.9700 0.000000 0.000000 296.000000 52.000000
11.7700 16.8200 64.6800 0.000000 0.000000 295.000000 51.000000
11.7800 15.6000 64.1000 0.000000 0.000000 297.000000 51.000000
11.7900 15.0300 63.3300 0.000000 0.000000 297.000000 51.000000
11.8000 14.8000 62.6700 0.000000 0.000000 297.000000 52.000000
11.8100 14.8000 62.0500 0.000000 0.000000 297.000000 52.000000
11.8200 15.1100 61.6300 0.000000 0.000000 298.000000 53.000000
11.8300 15.6500 61.3500 0.000000 0.000000 298.000000 53.000000
11.8400 16.3300 61.2400 0.000000 0.000000 299.000000 53.000000
11.8500 17.1400 61.2400 0.000000 0.000000 299.000000 53.000000
11.8600 18.0700 61.2400 0.000000 0.000000 299.000000 53.000000
11.8700 19.0700 61.4100 0.000000 0.000000 299.000000 53.000000
11.8800 19.8400 61.6100 0.000000 0.000000 301.000000 53.000000
11.8900 20.4800 61.7900 0.000000 0.000000 301.000000 53.000000
11.9000 21.0300 61.7900 0.000000 0.000000 300.000000 52.000000
11.9100 21.5100 61.7900 0.000000 0.000000 301.000000 52.000000
11.9200 21.9600 61.5400 0.000000 0.000000 300.000000 51.000000
11.9300 22.3100 61.2400 0.000000 0.000000 300.000000 51.000000
11.9400 22.5700 60.9000 0.000000 0.000000 301.000000 51.000000
11.9500 22.7300 60.5800 0.000000 0.000000 300.000000 50.000000
11.9600 22.8300 60.2800 0.000000 0.000000 300.000000 50.000000
11.9700 22.8300 60.1300 0.000000 0.000000 300.000000 50.000000
11.9800 22.8300 60.0700 0.000000 0.000000 302.000000 50.000000
11.9900 22.8300 60.0700 0.000000 0.000000 302.000000 50.000000
12.0000 22.8300 60.0700 0.000000 0.000000 302.000000 50.000000
12.0100 22.9000 60.0700 0.000000 0.000000 302.000000 50.000000
12.0200 22.9700 59.8900 0.000000 0.000000 302.000000 50.000000
12.0300 23.1300 59.6300 0.000000 0.000000 302.000000 50.000000
12.0400 23.3300 59.3000 0.000000 0.000000 302.000000 50.000000
12.0500 23.5600 59.0400 0.000000 0.000000 302.000000 50.000000
12.0600 23.7500 58.9600 0.000000 0.000000 302.000000 50.000000
12.0700 23.9100 59.0100 0.000000 0.000000 300.000000 50.000000
12.0800 24.0700 59.1900 0.000000 0.000000 300.000000 50.000000
12.0900 24.2800 59.3900 0.000000 0.000000 300.000000 50.000000
12.1000 24.5100 59.6300 0.000000 0.000000 300.000000 50.000000
12.1100 24.7500 59.8900 0.000000 0.000000 300.000000 50.000000
12.1200 24.9800 60.1600 0.000000 0.000000 301.000000 51.000000
12.1300 25.2400 60.4700 0.000000 0.000000 301.000000 51.000000
12.1400 25.5200 60.7700 0.000000 0.000000 301.000000 51.000000
12.1500 25.7100 61.1100 0.000000 0.000000 302.000000 51.000000
12.1600 25.8400 61.4200 0.000000 0.000000 302.000000 51.000000
12.1700 25.8400 61.4200 55.000000 1.000000 301.000000 52.000000
12.1800 25.9100 61.8000 356.000000 0.000000 301.000000 52.000000
12.1900 25.8000 61.7400 456.000000 0.000000 300.000000 51.000000
12.2000 25.5300 61.5800 520.000000 0.000000 299.000000 51.000000
12.2100 25.2100 61.1900 570.000000 0.000000 299.000000 51.000000
12.2200 24.8900 60.6600 578.000000 0.000000 297.000000 51.000000
12.2300 24.5800 60.0500 570.000000 0.000000 297.000000 51.000000
12.2400 24.4100 59.4500 540.000000 0.000000 295.000000 50.000000
12.2500 24.2900 59.0900 420.000000 0.000000 295.000000 50.000000
12.2600 24.2000 58.9000 175.000000 0.000000 295.000000 50.000000
12.2700 24.2000 58.9000 0.000000 1.000000 296.000000 50.000000
12.2800 24.4700 59.0200 0.000000 0.000000 296.000000 50.000000
12.2900 24.7900 59.2300 0.000000 0.000000 296.000000 50.000000
12.3000 25.1400 59.5600 0.000000 0.000000 297.000000 50.000000
12.3100 25.4100 59.9700 0.000000 0.000000 298.000000 51.000000
12.3200 25.7000 60.3700 0.000000 0.000000 298.000000 51.000000
12.3300 26.0200 60.7000 0.000000 0.000000 298.000000 51.000000
12.3400 26.1500 60.9900 0.000000 0.000000 299.000000 51.000000
12.3500 26.1500 60.9900 212.000000 1.000000 297.000000 52.000000
12.3600 26.1500 60.9900 440.000000 0.000000 297.000000 51.000000
12.3700 26.1500 60.9900 570.000000 0.000000 297.000000 51.000000
12.3800 25.7400 60.6400 676.000000 0.000000 297.000000 51.000000
12.3900 25.5000 60.2200 699.000000 0.000000 295.000000 51.000000
12.4000 25.2500 59.6700 697.000000 0.000000 295.000000 50.000000
12.4100 24.9700 59.1000 694.000000 0.000000 295.000000 50.000000
12.4200 24.8100 58.5400 681.000000 0.000000 295.000000 50.000000
12.4300 24.7200 58.1700 613.000000 0.000000 296.000000 50.000000
12.4400 24.7200 57.9200 376.000000 0.000000 296.000000 50.000000
12.4500 24.7200 57.9200 0.000000 1.000000 297.000000 50.000000
12.4600 25.0200 58.1100 0.000000 0.000000 298.000000 49.000000
12.4700 25.3200 58.3900 0.000000 0.000000 299.000000 50.000000
12.4800 25.5600 58.6200 0.000000 0.000000 300.000000 50.000000
12.4900 25.7700 58.8700 0.000000 0.000000 300.000000 50.000000
12.5000 25.9600 59.1300 0.000000 0.000000 301.000000 51.000000
12.5100 25.9600 59.2900 0.000000 0.000000 303.000000 51.000000
12.5200 25.9600 59.3600 0.000000 0.000000 303.000000 51.000000
12.5300 25.9000 59.3600 0.000000 0.000000 303.000000 52.000000
12.5400 25.7800 59.3100 0.000000 0.000000 304.000000 53.000000
12.5500 25.6500 59.3100 0.000000 0.000000 304.000000 53.000000
12.5600 25.5500 59.3100 0.000000 0.000000 304.000000 53.000000
12.5700 25.4800 59.3700 0.000000 0.000000 304.000000 53.000000
12.5800 25.4800 59.3700 0.000000 0.000000 302.000000 53.000000
12.5900 25.1900 59.6500 0.000000 0.000000 301.000000 52.000000
12.6000 25.0000 59.8000 0.000000 0.000000 300.000000 51.000000
12.6100 24.7700 59.9800 0.000000 0.000000 299.000000 51.000000
12.6200 24.5000 60.1900 0.000000 0.000000 298.000000 51.000000
12.6300 24.1600 60.4400 0.000000 0.000000 297.000000 51.000000
12.6400 24.1600 60.4400 96.000000 1.000000 297.000000 51.000000
12.6500 23.6200 60.6500 349.000000 0.000000 295.000000 51.000000
12.6600 23.4900 60.6500 610.000000 0.000000 296.000000 52.000000
12.6700 23.5500 60.6500 779.000000 0.000000 296.000000 52.000000
12.6800 23.7800 60.5000 827.000000 0.000000 295.000000 52.000000
12.6900 24.1200 60.3300 855.000000 0.000000 296.000000 53.000000
12.7000 24.7300 60.0500 864.000000 0.000000 296.000000 53.000000
12.7100 25.4200 59.6700 869.000000 0.000000 296.000000 53.000000
12.7200 26.1700 59.2200 825.000000 0.000000 296.000000 53.000000
12.7300 26.8600 58.9100 829.000000 0.000000 296.000000 53.000000
12.7400 27.4900 58.7000 785.000000 0.000000 296.000000 52.000000
12.7500 27.7700 58.5700 707.000000 0.000000 297.000000 52.000000
12.7600 27.8400 58.4500 638.000000 0.000000 299.000000 51.000000
12.7700 27.7500 58.3100 588.000000 0.000000 300.000000 51.000000
12.7800 27.4500 58.1500 566.000000 0.000000 301.000000 51.000000
12.7900 27.0000 58.0400 564.000000 0.000000 302.000000 50.000000
12.8000 26.5000 57.9700 581.000000 0.000000 302.000000 50.000000
12.8100 25.7800 57.9700 653.000000 0.000000 302.000000 50.000000
12.8200 24.9100 58.1000 669.000000 0.000000 303.000000 49.000000
12.8300 23.9300 58.2900 681.000000 0.000000 303.000000 49.000000
12.8400 22.8100 58.4700 679.000000 0.000000 302.000000 50.000000
12.8500 21.5900 58.7000 656.000000 0.000000 302.000000 50.000000
12.8600 20.4200 59.0100 562.000000 0.000000 302.000000 50.000000
12.8700 19.5200 59.3400 50.000000 0.000000 301.000000 51.000000
