0.0000 91.9400 16.5600 337.000000 1.000000 309.000000 51.000000
0.0100 91.9400 16.5600 442.000000 0.000000 308.000000 52.000000
0.0200 91.9400 16.5600 516.000000 0.000000 308.000000 53.000000
0.0300 91.4600 15.9800 554.000000 0.000000 308.000000 53.000000
0.0400 90.9200 15.3900 589.000000 0.000000 307.000000 53.000000
0.0500 90.3000 14.6900 603.000000 0.000000 308.000000 53.000000
0.0600 89.6700 13.9200 616.000000 0.000000 308.000000 53.000000
0.0700 89.2300 13.2000 620.000000 0.000000 310.000000 53.000000
0.0800 88.9100 12.5200 619.000000 0.000000 311.000000 52.000000
0.0900 88.7400 12.1300 619.000000 0.000000 313.000000 52.000000
0.1000 88.7400 11.9200 610.000000 0.000000 315.000000 52.000000
0.1100 88.7400 11.9200 594.000000 0.000000 316.000000 51.000000
0.1200 89.0000 12.2000 567.000000 0.000000 316.000000 51.000000
0.1300 89.5100 12.6100 544.000000 0.000000 317.000000 51.000000
0.1400 90.1900 13.3500 538.000000 0.000000 317.000000 51.000000
0.1500 91.2100 14.1000 521.000000 0.000000 317.000000 51.000000
0.1600 91.8700 14.8100 543.000000 0.000000 317.000000 51.000000
0.1700 92.2800 15.0200 595.000000 0.000000 317.000000 51.000000
0.1800 92.2800 14.9200 616.000000 0.000000 316.000000 51.000000
0.1900 92.0700 14.3800 631.000000 0.000000 316.000000 51.000000
0.2000 91.6300 13.5300 669.000000 0.000000 315.000000 51.000000
0.2100 91.0200 12.4800 703.000000 0.000000 315.000000 51.000000
0.2200 90.3700 11.4700 727.000000 0.000000 315.000000 51.000000
0.2300 89.6700 10.4200 755.000000 0.000000 315.000000 51.000000
0.2400 89.2600 9.3400 776.000000 0.000000 316.000000 51.000000
0.2500 89.0300 8.6600 765.000000 0.000000 316.000000 51.000000
0.2600 88.9500 8.4000 734.000000 0.000000 315.000000 52.000000
0.2700 89.0500 8.4000 656.000000 0.000000 315.000000 52.000000
0.2800 89.2600 8.6900 473.000000 0.000000 315.000000 52.000000
0.2900 89.2600 8.6900 0.000000 1.000000 314.000000 52.000000
0.3000 90.1000 9.9600 0.000000 0.000000 314.000000 52.000000
0.3100 90.5200 10.5000 0.000000 0.000000 314.000000 52.000000
0.3200 90.9500 10.8800 0.000000 0.000000 315.000000 52.000000
0.3300 91.1700 11.1500 0.000000 0.000000 314.000000 51.000000
0.3400 91.3400 11.3700 0.000000 0.000000 315.000000 51.000000
0.3500 91.4300 11.5300 0.000000 0.000000 315.000000 50.000000
0.3600 91.4800 11.6600 0.000000 0.000000 316.000000 49.000000
0.3700 91.4800 11.6600 0.000000 0.000000 315.000000 49.000000
0.3800 91.5600 11.6600 0.000000 0.000000 316.000000 48.000000
0.3900 91.6300 11.6600 0.000000 0.000000 316.000000 47.000000
0.4000 91.7300 11.6600 0.000000 0.000000 317.000000 46.000000
0.4100 91.8300 11.6600 0.000000 0.000000 317.000000 45.000000
0.4200 92.0100 11.7500 0.000000 0.000000 317.000000 45.000000
0.4300 92.2400 11.9000 0.000000 0.000000 317.000000 45.000000
0.4400 92.5500 12.1600 0.000000 0.000000 317.000000 44.000000
0.4500 92.9500 12.4900 0.000000 0.000000 317.000000 44.000000
0.4600 93.4200 12.8600 0.000000 0.000000 316.000000 44.000000
0.4700 93.8400 13.2300 0.000000 0.000000 316.000000 44.000000
0.4800 94.2500 13.5200 0.000000 0.000000 317.000000 43.000000
0.4900 94.6400 13.7700 0.000000 0.000000 316.000000 43.000000
0.5000 95.0100 13.9800 0.000000 0.000000 316.000000 43.000000
0.5100 95.3600 14.2000 0.000000 0.000000 316.000000 43.000000
0.5200 95.7100 14.4300 0.000000 0.000000 314.000000 43.000000
0.5300 96.1500 14.6900 0.000000 0.000000 315.000000 43.000000
0.5400 96.6400 14.9100 0.000000 0.000000 315.000000 43.000000
0.5500 97.1000 15.1000 0.000000 0.000000 314.000000 44.000000
0.5600 97.5500 15.2900 0.000000 0.000000 315.000000 44.000000
0.5700 97.9400 15.2900 0.000000 0.000000 315.000000 44.000000
0.5800 98.1400 15.1800 0.000000 0.000000 315.000000 45.000000
0.5900 98.2200 15.1800 0.000000 0.000000 315.000000 45.000000
0.6000 98.2900 15.1300 0.000000 0.000000 314.000000 46.000000
0.6100 98.2900 15.1300 0.000000 0.000000 314.000000 46.000000
0.6200 98.2900 15.0600 0.000000 0.000000 313.000000 46.000000
0.6300 98.1900 15.0600 0.000000 0.000000 313.000000 46.000000
0.6400 98.1000 14.9500 0.000000 0.000000 313.000000 46.000000
0.6500 98.0200 14.8600 0.000000 0.000000 313.000000 46.000000
0.6600 97.9200 14.7700 0.000000 0.000000 313.000000 46.000000
0.6700 97.7600 14.6900 0.000000 0.000000 313.000000 46.000000
0.6800 97.4100 14.5100 0.000000 0.000000 312.000000 46.000000
0.6900 96.9500 14.2700 0.000000 0.000000 312.000000 46.000000
0.7000 96.4200 14.0800 0.000000 0.000000 312.000000 46.000000
0.7100 95.8500 13.9100 0.000000 0.000000 312.000000 45.000000
0.7200 95.2300 13.7600 0.000000 0.000000 312.000000 45.000000
0.7300 94.7100 13.5800 0.000000 0.000000 312.000000 45.000000
0.7400 94.2400 13.4400 0.000000 0.000000 312.000000 45.000000
0.7500 93.8800 13.3400 0.000000 0.000000 312.000000 45.000000
0.7600 93.7000 13.2700 0.000000 0.000000 313.000000 45.000000
0.7700 93.6300 13.2100 0.000000 0.000000 313.000000 45.000000
0.7800 93.6300 13.2100 0.000000 0.000000 313.000000 45.000000
0.7900 93.6300 13.2100 0.000000 0.000000 313.000000 46.000000
0.8000 93.5800 13.2600 0.000000 0.000000 313.000000 46.000000
0.8100 93.5800 13.2600 0.000000 0.000000 313.000000 46.000000
0.8200 93.5800 13.2600 0.000000 0.000000 314.000000 47.000000
0.8300 93.5800 13.2600 0.000000 0.000000 313.000000 47.000000
0.8400 93.5800 13.2600 0.000000 0.000000 313.000000 47.000000
0.8500 93.5800 13.3100 0.000000 0.000000 313.000000 47.000000
0.8600 93.7000 13.3900 0.000000 0.000000 313.000000 47.000000
0.8700 93.8100 13.4500 0.000000 0.000000 313.000000 47.000000
0.8800 93.8700 13.5100 0.000000 0.000000 313.000000 47.000000
0.8900 93.9300 13.5100 0.000000 0.000000 313.000000 47.000000
0.9000 94.0000 13.5600 0.000000 0.000000 313.000000 47.000000
0.9100 94.0000 13.5600 0.000000 0.000000 312.000000 48.000000
0.9200 94.0000 13.4700 0.000000 0.000000 311.000000 47.000000
0.9300 94.0000 13.4200 0.000000 0.000000 311.000000 47.000000
0.9400 93.9400 13.4200 0.000000 0.000000 311.000000 47.000000
0.9500 93.9400 13.3500 0.000000 0.000000 311.000000 47.000000
0.9600 93.8500 13.3000 0.000000 0.000000 311.000000 47.000000
0.9700 93.8500 13.3000 0.000000 0.000000 311.000000 47.000000
0.9800 93.8500 13.3000 0.000000 0.000000 311.000000 47.000000
0.9900 93.8500 13.3000 0.000000 0.000000 313.000000 47.000000
1.0000 93.8500 13.3000 0.000000 0.000000 313.000000 47.000000
1.0100 93.8500 13.3000 0.000000 0.000000 313.000000 47.000000
1.0200 93.8500 13.3000 0.000000 0.000000 313.000000 47.000000
1.0300 93.8500 13.3000 0.000000 0.000000 313.000000 47.000000
1.0400 93.8500 13.3000 0.000000 0.000000 313.000000 47.000000
1.0500 93.8500 13.3000 0.000000 0.000000 313.000000 47.000000
1.0600 93.8500 13.3000 0.000000 0.000000 314.000000 47.000000
1.0700 93.8500 13.3000 0.000000 0.000000 313.000000 47.000000
1.0800 93.8500 13.3000 0.000000 0.000000 313.000000 47.000000
1.0900 93.8500 13.3000 0.000000 0.000000 313.000000 47.000000
1.1000 93.8500 13.3000 0.000000 0.000000 313.000000 47.000000
1.1100 94.1100 13.2700 0.000000 0.000000 313.000000 47.000000
1.1200 94.1100 13.2700 0.000000 0.000000 313.000000 47.000000
1.1300 94.1100 13.2700 0.000000 0.000000 313.000000 47.000000
1.1400 94.1100 13.2700 0.000000 0.000000 313.000000 47.000000
1.1500 94.0600 13.2700 0.000000 0.000000 313.000000 47.000000
1.1600 94.0600 13.2700 0.000000 0.000000 313.000000 47.000000
1.1700 93.9700 13.2700 0.000000 0.000000 313.000000 47.000000
1.1800 93.9700 13.2700 0.000000 0.000000 313.000000 47.000000
1.1900 93.9000 13.2700 0.000000 0.000000 313.000000 47.000000
1.2000 93.9000 13.2700 0.000000 0.000000 313.000000 47.000000
1.2100 93.8200 13.2700 0.000000 0.000000 312.000000 48.000000
1.2200 93.8200 13.2700 0.000000 0.000000 312.000000 48.000000
1.2300 93.8200 13.2700 0.000000 0.000000 312.000000 48.000000
1.2400 93.8200 13.2700 0.000000 0.000000 312.000000 48.000000
1.2500 93.8200 13.2700 0.000000 0.000000 312.000000 48.000000
1.2600 93.8700 13.2700 0.000000 0.000000 312.000000 48.000000
1.2700 93.8700 13.2700 0.000000 0.000000 312.000000 48.000000
1.2800 93.9300 13.2700 0.000000 0.000000 312.000000 48.000000
1.2900 93.9300 13.2700 0.000000 0.000000 312.000000 48.000000
1.3000 94.0000 13.3200 0.000000 0.000000 312.000000 48.000000
1.3100 94.0000 13.3200 0.000000 0.000000 312.000000 48.000000
1.3200 94.0600 13.3200 0.000000 0.000000 312.000000 48.000000
1.3300 94.0600 13.3200 0.000000 0.000000 312.000000 48.000000
1.3400 94.0600 13.3200 0.000000 0.000000 312.000000 48.000000
1.3500 94.0600 13.3200 0.000000 0.000000 312.000000 48.000000
1.3600 94.0000 13.3200 0.000000 0.000000 312.000000 48.000000
1.3700 93.9500 13.3200 0.000000 0.000000 312.000000 48.000000
1.3800 93.9500 13.3200 0.000000 0.000000 312.000000 48.000000
1.3900 93.8800 13.3200 0.000000 0.000000 312.000000 48.000000
1.4000 93.7700 13.3200 0.000000 0.000000 312.000000 48.000000
1.4100 93.6600 13.2500 0.000000 0.000000 312.000000 48.000000
1.4200 93.5400 13.2500 0.000000 0.000000 312.000000 48.000000
1.4300 93.5400 13.2500 103.000000 1.000000 312.000000 48.000000
1.4400 93.5400 13.2500 369.000000 0.000000 314.000000 48.000000
1.4500 93.5400 13.2500 519.000000 0.000000 314.000000 48.000000
1.4600 93.5400 13.2500 611.000000 0.000000 315.000000 49.000000
1.4700 93.5400 13.2500 637.000000 0.000000 315.000000 49.000000
1.4800 93.5400 13.2500 640.000000 0.000000 316.000000 49.000000
1.4900 93.5400 13.2500 638.000000 0.000000 317.000000 48.000000
1.5000 94.0300 13.3200 628.000000 0.000000 318.000000 49.000000
1.5100 94.3600 13.5100 616.000000 0.000000 318.000000 49.000000
1.5200 94.7300 13.7500 613.000000 0.000000 318.000000 49.000000
1.5300 94.9100 13.9600 613.000000 0.000000 318.000000 49.000000
1.5400 95.0400 14.0500 613.000000 0.000000 318.000000 49.000000
1.5500 95.0400 14.0500 617.000000 0.000000 317.000000 50.000000
1.5600 94.9800 14.0500 628.000000 0.000000 317.000000 50.000000
1.5700 94.8100 13.8500 640.000000 0.000000 317.000000 50.000000
1.5800 94.5700 13.5900 646.000000 0.000000 317.000000 50.000000
1.5900 94.3000 13.2900 637.000000 0.000000 317.000000 50.000000
1.6000 94.1300 13.0200 647.000000 0.000000 317.000000 50.000000
1.6100 94.0200 12.8200 636.000000 0.000000 317.000000 50.000000
1.6200 94.0200 12.7100 647.000000 0.000000 317.000000 50.000000
1.6300 94.0800 12.7100 645.000000 0.000000 318.000000 50.000000
1.6400 94.2300 12.7100 631.000000 0.000000 320.000000 50.000000
1.6500 94.4800 12.8600 613.000000 0.000000 320.000000 50.000000
1.6600 94.7900 13.0400 597.000000 0.000000 320.000000 50.000000
1.6700 95.1300 13.2500 580.000000 0.000000 320.000000 50.000000
1.6800 95.3400 13.3700 567.000000 0.000000 318.000000 49.000000
1.6900 95.4900 13.4400 561.000000 0.000000 318.000000 49.000000
1.7000 95.5500 13.4900 561.000000 0.000000 317.000000 48.000000
1.7100 95.5500 13.4900 561.000000 0.000000 317.000000 48.000000
1.7200 95.5500 13.4900 560.000000 0.000000 316.000000 48.000000
1.7300 95.5500 13.4900 568.000000 0.000000 316.000000 48.000000
1.7400 95.3700 13.1300 568.000000 0.000000 316.000000 48.000000
1.7500 95.2700 12.9600 568.000000 0.000000 315.000000 47.000000
1.7600 95.1500 12.8400 561.000000 0.000000 315.000000 47.000000
1.7700 95.0900 12.7400 563.000000 0.000000 316.000000 48.000000
1.7800 95.0900 12.6800 561.000000 0.000000 316.000000 48.000000
1.7900 95.0900 12.6800 554.000000 0.000000 316.000000 48.000000
1.8000 95.2800 12.6800 543.000000 0.000000 316.000000 48.000000
1.8100 95.4900 12.7900 537.000000 0.000000 316.000000 48.000000
1.8200 95.8400 12.9200 533.000000 0.000000 316.000000 48.000000
1.8300 96.2600 13.1200 505.000000 0.000000 316.000000 48.000000
1.8400 96.7300 13.3800 491.000000 0.000000 316.000000 48.000000
1.8500 97.3100 13.7100 491.000000 0.000000 316.000000 47.000000
1.8600 97.8300 14.0700 514.000000 0.000000 316.000000 47.000000
1.8700 98.2000 14.3500 530.000000 0.000000 315.000000 46.000000
1.8800 98.4800 14.5900 563.000000 0.000000 315.000000 46.000000
1.8900 98.6200 14.7600 586.000000 0.000000 313.000000 46.000000
1.9000 98.7400 14.8500 622.000000 0.000000 313.000000 46.000000
1.9100 98.7400 14.8500 631.000000 0.000000 313.000000 46.000000
1.9200 98.6600 14.8500 655.000000 0.000000 312.000000 46.000000
1.9300 98.3500 14.5100 687.000000 0.000000 311.000000 46.000000
1.9400 97.8000 13.9900 708.000000 0.000000 311.000000 46.000000
1.9500 97.0900 13.1000 724.000000 0.000000 312.000000 47.000000
1.9600 96.1800 11.8800 748.000000 0.000000 311.000000 47.000000
1.9700 95.3900 10.4300 790.000000 0.000000 312.000000 48.000000
1.9800 94.6800 9.1800 818.000000 0.000000 313.000000 48.000000
1.9900 94.3200 8.4700 826.000000 0.000000 314.000000 49.000000
2.0000 94.1500 8.1300 815.000000 0.000000 315.000000 50.000000
2.0100 94.1000 8.1300 815.000000 0.000000 316.000000 50.000000
2.0200 94.3100 8.5400 806.000000 0.000000 315.000000 51.000000
2.0300 94.7400 9.1700 799.000000 0.000000 316.000000 51.000000
2.0400 95.3100 10.3300 787.000000 0.000000 316.000000 51.000000
2.0500 96.1000 11.5100 750.000000 0.000000 316.000000 51.000000
2.0600 96.9800 12.7100 708.000000 0.000000 315.000000 51.000000
2.0700 97.9300 13.6000 702.000000 0.000000 315.000000 51.000000
2.0800 98.5600 14.1500 705.000000 0.000000 315.000000 50.000000
2.0900 98.9000 14.4800 739.000000 0.000000 314.000000 49.000000
2.1000 99.0400 14.4300 749.000000 0.000000 313.000000 48.000000
2.1100 98.9700 14.1800 746.000000 0.000000 312.000000 48.000000
2.1200 98.8400 13.7900 751.000000 0.000000 313.000000 47.000000
2.1300 98.6100 13.3500 748.000000 0.000000 312.000000 47.000000
2.1400 98.3600 12.9500 727.000000 0.000000 312.000000 47.000000
2.1500 98.1600 12.7600 697.000000 0.000000 312.000000 47.000000
2.1600 97.9900 12.7000 671.000000 0.000000 312.000000 47.000000
2.1700 97.9900 12.7000 628.000000 0.000000 312.000000 47.000000
2.1800 97.9900 12.7700 606.000000 0.000000 313.000000 47.000000
2.1900 98.0600 12.8600 560.000000 0.000000 314.000000 47.000000
2.2000 98.1500 13.0000 489.000000 0.000000 314.000000 47.000000
2.2100 98.2600 13.1400 396.000000 0.000000 314.000000 47.000000
2.2200 98.3700 13.2200 269.000000 0.000000 314.000000 47.000000
2.2300 98.4700 13.2200 139.000000 0.000000 314.000000 47.000000
2.2400 98.5500 13.2200 110.000000 0.000000 314.000000 47.000000
2.2500 98.6200 13.2200 93.000000 0.000000 313.000000 46.000000
2.2600 98.7400 13.2800 104.000000 0.000000 313.000000 46.000000
2.2700 98.8900 13.3400 132.000000 0.000000 313.000000 46.000000
2.2800 99.0000 13.3400 200.000000 0.000000 313.000000 46.000000
2.2900 99.1000 13.4200 254.000000 0.000000 313.000000 46.000000
2.3000 99.1800 13.4900 301.000000 0.000000 313.000000 46.000000
2.3100 99.2500 13.5600 364.000000 0.000000 312.000000 46.000000
2.3200 99.2500 13.5600 422.000000 0.000000 312.000000 46.000000
2.3300 99.3000 13.5600 447.000000 0.000000 312.000000 46.000000
2.3400 99.2500 13.4800 453.000000 0.000000 312.000000 46.000000
2.3500 99.1700 13.3500 453.000000 0.000000 312.000000 46.000000
2.3600 99.0600 13.1800 455.000000 0.000000 312.000000 46.000000
2.3700 98.9400 13.0500 455.000000 0.000000 312.000000 46.000000
2.3800 98.8500 12.9400 458.000000 0.000000 312.000000 46.000000
2.3900 98.7700 12.8600 468.000000 0.000000 312.000000 46.000000
2.4000 98.7700 12.8600 486.000000 0.000000 313.000000 46.000000
2.4100 98.7700 12.8600 512.000000 0.000000 313.000000 46.000000
2.4200 98.7700 12.8600 515.000000 0.000000 313.000000 46.000000
2.4300 98.7700 12.8600 527.000000 0.000000 313.000000 46.000000
2.4400 98.8900 12.9500 527.000000 0.000000 313.000000 46.000000
2.4500 98.9800 13.0000 526.000000 0.000000 313.000000 46.000000
2.4600 98.9800 13.0500 515.000000 0.000000 313.000000 46.000000
2.4700 98.9800 13.0500 513.000000 0.000000 313.000000 46.000000
2.4800 98.9800 12.9900 522.000000 0.000000 313.000000 46.000000
2.4900 98.9000 12.9100 522.000000 0.000000 313.000000 46.000000
2.5000 98.8200 12.8100 513.000000 0.000000 313.000000 46.000000
2.5100 98.7500 12.7100 518.000000 0.000000 313.000000 46.000000
2.5200 98.7000 12.6500 544.000000 0.000000 313.000000 46.000000
2.5300 98.7000 12.6500 603.000000 0.000000 313.000000 46.000000
2.5400 98.7000 12.6500 641.000000 0.000000 313.000000 46.000000
2.5500 98.7000 12.5900 665.000000 0.000000 313.000000 46.000000
2.5600 98.7700 12.5900 671.000000 0.000000 313.000000 46.000000
2.5700 98.9300 12.6900 667.000000 0.000000 314.000000 46.000000
2.5800 99.1600 12.8300 636.000000 0.000000 314.000000 46.000000
2.5900 99.5700 13.3300 614.000000 0.000000 314.000000 46.000000
2.6000 100.2400 14.0600 614.000000 0.000000 314.000000 46.000000
2.6100 101.0800 15.4300 616.000000 0.000000 313.000000 46.000000
2.6200 102.1600 17.1700 624.000000 0.000000 313.000000 46.000000
2.6300 103.3400 19.1700 662.000000 0.000000 312.000000 47.000000
2.6400 104.5900 20.5800 761.000000 0.000000 310.000000 48.000000
2.6500 104.7800 20.9300 762.000000 0.000000 307.000000 49.000000
2.6600 104.4400 20.5700 771.000000 0.000000 305.000000 50.000000
2.6700 103.7500 19.6000 776.000000 0.000000 302.000000 50.000000
2.6800 102.3600 17.7200 782.000000 0.000000 299.000000 50.000000
2.6900 100.7200 15.2300 806.000000 0.000000 299.000000 50.000000
2.7000 98.9100 12.8200 819.000000 0.000000 299.000000 50.000000
2.7100 97.2400 10.4300 852.000000 0.000000 300.000000 51.000000
2.7200 95.6600 8.7900 869.000000 0.000000 301.000000 51.000000
2.7300 94.1400 7.6500 867.000000 0.000000 303.000000 51.000000
2.7400 93.0800 7.3100 848.000000 0.000000 307.000000 51.000000
2.7500 92.4100 7.5500 833.000000 0.000000 309.000000 51.000000
2.7600 91.9900 8.1700 827.000000 0.000000 312.000000 51.000000
2.7700 91.9100 9.3100 814.000000 0.000000 312.000000 51.000000
2.7800 92.1300 10.6000 794.000000 0.000000 314.000000 51.000000
2.7900 92.5400 11.9800 788.000000 0.000000 314.000000 51.000000
2.8000 93.3100 12.7600 787.000000 0.000000 314.000000 51.000000
2.8100 94.4600 13.1500 796.000000 0.000000 315.000000 51.000000
2.8200 95.8600 13.2800 787.000000 0.000000 314.000000 51.000000
2.8300 97.2900 13.0300 790.000000 0.000000 313.000000 51.000000
2.8400 98.6200 12.6600 815.000000 0.000000 313.000000 51.000000
2.8500 99.6800 12.2200 829.000000 0.000000 312.000000 50.000000
2.8600 100.5900 11.8100 824.000000 0.000000 310.000000 50.000000
2.8700 101.3000 11.7100 783.000000 0.000000 309.000000 49.000000
2.8800 101.5600 11.8100 700.000000 0.000000 308.000000 49.000000
2.8900 101.5100 11.9400 512.000000 0.000000 308.000000 49.000000
2.9000 101.2700 12.2100 46.000000 0.000000 307.000000 49.000000
2.9100 101.2700 12.2100 0.000000 1.000000 307.000000 49.000000
2.9200 100.1900 12.8700 0.000000 0.000000 308.000000 49.000000
2.9300 99.9300 13.0100 0.000000 0.000000 308.000000 49.000000
2.9400 99.7600 13.0100 0.000000 0.000000 309.000000 49.000000
2.9500 99.6500 13.0100 0.000000 0.000000 309.000000 49.000000
2.9600 99.7800 12.8600 0.000000 0.000000 309.000000 49.000000
2.9700 100.0800 12.7000 0.000000 0.000000 309.000000 49.000000
2.9800 100.5000 12.7000 0.000000 0.000000 309.000000 49.000000
2.9900 100.6600 12.8000 0.000000 0.000000 309.000000 49.000000
3.0000 100.9500 12.9900 0.000000 0.000000 309.000000 49.000000
3.0100 101.3200 13.2500 0.000000 0.000000 309.000000 49.000000
3.0200 101.5100 13.5900 0.000000 0.000000 308.000000 49.000000
3.0300 101.6400 14.0400 0.000000 0.000000 307.000000 49.000000
3.0400 101.6400 14.4600 0.000000 0.000000 307.000000 49.000000
3.0500 101.6400 14.4600 314.000000 1.000000 306.000000 49.000000
3.0600 101.3300 14.9400 351.000000 0.000000 306.000000 49.000000
3.0700 101.6300 14.9400 327.000000 0.000000 306.000000 49.000000
3.0800 101.6800 14.9400 53.000000 0.000000 305.000000 50.000000
