0.0000 55.4100 52.0200 70.000000 1.000000 125.000000 53.000000
0.0100 55.3200 52.5300 107.000000 0.000000 125.000000 53.000000
0.0200 55.1100 52.3500 132.000000 0.000000 125.000000 53.000000
0.0300 54.8400 52.1500 181.000000 0.000000 125.000000 53.000000
0.0400 54.8400 51.7500 212.000000 0.000000 127.000000 53.000000
0.0500 54.3500 51.2200 241.000000 0.000000 127.000000 53.000000
0.0600 53.5200 50.5100 292.000000 0.000000 127.000000 53.000000
0.0700 53.0500 49.8000 309.000000 0.000000 127.000000 53.000000
0.0800 52.6500 49.2400 310.000000 0.000000 125.000000 54.000000
0.0900 52.5700 48.7900 307.000000 0.000000 125.000000 54.000000
0.1000 52.6800 48.6200 304.000000 0.000000 123.000000 53.000000
0.1100 52.9400 48.6200 312.000000 0.000000 123.000000 53.000000
0.1200 53.4700 48.8100 319.000000 0.000000 122.000000 54.000000
0.1300 54.1900 49.2800 324.000000 0.000000 122.000000 54.000000
0.1400 54.9100 49.8800 335.000000 0.000000 122.000000 54.000000
0.1500 55.6300 50.5700 339.000000 0.000000 122.000000 54.000000
0.1600 56.1900 50.9800 344.000000 0.000000 122.000000 54.000000
0.1700 56.6400 51.1800 339.000000 0.000000 122.000000 54.000000
0.1800 56.9000 51.2500 364.000000 0.000000 123.000000 55.000000
0.1900 56.9000 51.1000 402.000000 0.000000 123.000000 55.000000
0.2000 56.7800 50.5600 417.000000 0.000000 124.000000 54.000000
0.2100 56.4800 49.7500 427.000000 0.000000 123.000000 55.000000
0.2200 55.9500 48.7000 436.000000 0.000000 123.000000 55.000000
0.2300 55.2600 47.6000 440.000000 0.000000 121.000000 55.000000
0.2400 54.5200 46.4800 442.000000 0.000000 120.000000 55.000000
0.2500 53.8100 45.5000 445.000000 0.000000 118.000000 56.000000
0.2600 53.1900 44.7900 427.000000 0.000000 116.000000 55.000000
0.2700 52.7400 44.2700 405.000000 0.000000 115.000000 55.000000
0.2800 52.4000 43.9100 346.000000 0.000000 112.000000 56.000000
0.2900 52.3400 43.8200 212.000000 0.000000 110.000000 55.000000
0.3000 52.4500 43.9100 68.000000 0.000000 110.000000 55.000000
0.3100 52.4500 43.9100 0.000000 1.000000 108.000000 56.000000
0.3200 53.0500 44.5700 0.000000 0.000000 108.000000 56.000000
0.3300 53.4400 45.0900 0.000000 0.000000 108.000000 56.000000
0.3400 53.8100 45.6100 0.000000 0.000000 108.000000 56.000000
0.3500 54.1600 46.1400 0.000000 0.000000 108.000000 56.000000
0.3600 54.6300 46.6600 0.000000 0.000000 108.000000 56.000000
0.3700 55.1500 47.2800 0.000000 0.000000 110.000000 55.000000
0.3800 56.0000 47.9500 0.000000 0.000000 110.000000 55.000000
0.3900 57.0600 48.6800 0.000000 0.000000 110.000000 55.000000
0.4000 57.9500 49.3500 0.000000 0.000000 111.000000 55.000000
0.4100 58.8700 49.8300 0.000000 0.000000 112.000000 55.000000
0.4200 59.6500 50.2100 0.000000 0.000000 112.000000 54.000000
0.4300 60.3200 50.4600 0.000000 0.000000 113.000000 54.000000
0.4400 60.7500 50.5300 0.000000 0.000000 112.000000 53.000000
0.4500 60.8700 50.4800 0.000000 0.000000 114.000000 53.000000
0.4600 60.7900 50.2500 0.000000 0.000000 113.000000 52.000000
0.4700 60.5700 50.0200 0.000000 0.000000 113.000000 52.000000
0.4800 60.3400 49.7900 0.000000 0.000000 113.000000 52.000000
0.4900 60.1000 49.6300 0.000000 0.000000 113.000000 52.000000
0.5000 59.8700 49.5100 0.000000 0.000000 115.000000 52.000000
0.5100 59.6600 49.5100 0.000000 0.000000 115.000000 52.000000
0.5200 59.5100 49.4600 0.000000 0.000000 116.000000 53.000000
0.5300 59.4100 49.4600 0.000000 0.000000 117.000000 54.000000
0.5400 59.3300 49.4600 0.000000 0.000000 117.000000 54.000000
0.5500 59.2600 49.4600 0.000000 0.000000 117.000000 55.000000
0.5600 59.1800 49.4600 0.000000 0.000000 118.000000 56.000000
0.5700 59.1000 49.4000 0.000000 0.000000 118.000000 56.000000
0.5800 59.0000 49.4000 0.000000 0.000000 118.000000 56.000000
0.5900 58.9500 49.4000 0.000000 0.000000 118.000000 56.000000
0.6000 58.9500 49.4000 0.000000 0.000000 118.000000 56.000000
0.6100 58.9000 49.4500 0.000000 0.000000 118.000000 56.000000
0.6200 58.9000 49.4500 0.000000 0.000000 118.000000 56.000000
0.6300 58.9000 49.4500 0.000000 0.000000 118.000000 56.000000
0.6400 58.9500 49.5300 0.000000 0.000000 119.000000 56.000000
0.6500 58.9500 49.6000 0.000000 0.000000 119.000000 56.000000
0.6600 59.0500 49.6000 0.000000 0.000000 121.000000 56.000000
0.6700 59.0500 49.6700 0.000000 0.000000 121.000000 56.000000
0.6800 59.1200 49.6700 0.000000 0.000000 121.000000 56.000000
0.6900 59.1200 49.7200 0.000000 0.000000 121.000000 56.000000
0.7000 59.0700 49.7200 0.000000 0.000000 121.000000 56.000000
0.7100 59.0700 49.7200 0.000000 0.000000 121.000000 56.000000
0.7200 59.0700 49.6400 0.000000 0.000000 121.000000 56.000000
0.7300 59.0200 49.6400 0.000000 0.000000 121.000000 56.000000
0.7400 59.0200 49.6400 0.000000 0.000000 122.000000 56.000000
0.7500 59.0200 49.6400 0.000000 0.000000 122.000000 56.000000
0.7600 59.0200 49.6400 0.000000 0.000000 122.000000 56.000000
0.7700 59.0200 49.7000 0.000000 0.000000 122.000000 56.000000
0.7800 59.0200 49.7000 0.000000 0.000000 122.000000 56.000000
0.7900 59.0200 49.7000 0.000000 0.000000 122.000000 56.000000
0.8000 58.9700 49.7000 0.000000 0.000000 122.000000 56.000000
0.8100 58.9200 49.6400 0.000000 0.000000 122.000000 56.000000
0.8200 58.8700 49.6400 0.000000 0.000000 122.000000 56.000000
0.8300 58.8700 49.5900 0.000000 0.000000 122.000000 56.000000
0.8400 58.8200 49.5900 0.000000 0.000000 122.000000 56.000000
0.8500 58.8200 49.5900 0.000000 0.000000 122.000000 56.000000
0.8600 58.8200 49.6500 0.000000 0.000000 122.000000 56.000000
0.8700 58.7700 49.6500 0.000000 0.000000 122.000000 56.000000
0.8800 58.7700 49.6500 0.000000 0.000000 122.000000 56.000000
0.8900 58.7100 49.5700 0.000000 0.000000 122.000000 56.000000
0.9000 58.7100 49.5700 42.000000 1.000000 122.000000 56.000000
0.9100 58.7100 49.5700 88.000000 0.000000 122.000000 56.000000
0.9200 58.7100 49.5700 141.000000 0.000000 122.000000 56.000000
0.9300 58.6900 49.3200 171.000000 0.000000 121.000000 55.000000
0.9400 58.8100 49.3200 195.000000 0.000000 121.000000 55.000000
0.9500 59.0100 49.3700 207.000000 0.000000 120.000000 54.000000
0.9600 59.2700 49.4500 235.000000 0.000000 119.000000 53.000000
0.9700 59.5700 49.5700 254.000000 0.000000 119.000000 53.000000
0.9800 59.8800 49.7100 254.000000 0.000000 119.000000 53.000000
0.9900 60.1900 49.8800 257.000000 0.000000 118.000000 53.000000
1.0000 60.4500 50.0900 262.000000 0.000000 118.000000 53.000000
1.0100 60.6900 50.3200 262.000000 0.000000 118.000000 53.000000
1.0200 60.8200 50.4700 269.000000 0.000000 118.000000 53.000000
1.0300 60.8200 50.5900 279.000000 0.000000 118.000000 53.000000
1.0400 60.7700 50.6600 284.000000 0.000000 118.000000 53.000000
1.0500 60.6400 50.6600 289.000000 0.000000 118.000000 53.000000
1.0600 60.4500 50.6600 282.000000 0.000000 120.000000 52.000000
1.0700 60.2200 50.5000 284.000000 0.000000 120.000000 52.000000
1.0800 59.9900 50.3400 279.000000 0.000000 120.000000 52.000000
1.0900 59.7600 50.1500 285.000000 0.000000 120.000000 52.000000
1.1000 59.5500 49.8800 285.000000 0.000000 120.000000 52.000000
1.1100 59.3600 49.5800 275.000000 0.000000 118.000000 53.000000
1.1200 59.2300 49.2400 275.000000 0.000000 118.000000 53.000000
1.1300 59.1400 48.9200 280.000000 0.000000 118.000000 53.000000
1.1400 59.1400 48.6800 282.000000 0.000000 117.000000 53.000000
1.1500 59.2100 48.4800 287.000000 0.000000 117.000000 53.000000
1.1600 59.2100 48.4800 281.000000 0.000000 116.000000 53.000000
1.1700 59.5500 48.4100 299.000000 0.000000 116.000000 53.000000
1.1800 59.8300 48.5700 310.000000 0.000000 114.000000 53.000000
1.1900 60.2200 48.8800 325.000000 0.000000 114.000000 53.000000
1.2000 60.6800 49.3000 334.000000 0.000000 114.000000 53.000000
1.2100 61.1900 49.8000 345.000000 0.000000 114.000000 53.000000
1.2200 61.7200 50.3800 334.000000 0.000000 114.000000 53.000000
1.2300 62.1900 50.9300 345.000000 0.000000 117.000000 54.000000
1.2400 62.5000 51.3900 342.000000 0.000000 117.000000 54.000000
1.2500 62.6900 51.7700 337.000000 0.000000 118.000000 54.000000
1.2600 62.7800 51.9700 339.000000 0.000000 118.000000 54.000000
1.2700 62.7200 52.0600 344.000000 0.000000 120.000000 54.000000
1.2800 62.5500 52.0100 334.000000 0.000000 120.000000 54.000000
1.2900 62.3300 51.9100 327.000000 0.000000 122.000000 54.000000
1.3000 62.1400 51.7400 325.000000 0.000000 122.000000 54.000000
1.3100 62.1400 51.7400 314.000000 0.000000 122.000000 54.000000
1.3200 62.1400 51.7400 309.000000 0.000000 122.000000 54.000000
1.3300 62.1400 51.7400 312.000000 0.000000 122.000000 54.000000
1.3400 62.1400 51.7400 305.000000 0.000000 122.000000 54.000000
1.3500 62.6100 51.6000 314.000000 0.000000 122.000000 54.000000
1.3600 62.8700 51.6000 320.000000 0.000000 122.000000 54.000000
1.3700 63.0700 51.6000 334.000000 0.000000 122.000000 54.000000
1.3800 63.2300 51.4600 344.000000 0.000000 122.000000 54.000000
1.3900 63.3200 51.3200 343.000000 0.000000 122.000000 54.000000
1.4000 63.3200 51.1100 351.000000 0.000000 122.000000 54.000000
1.4100 63.2700 50.8400 359.000000 0.000000 122.000000 54.000000
1.4200 63.0500 50.4800 373.000000 0.000000 122.000000 54.000000
1.4300 62.8300 50.0800 361.000000 0.000000 122.000000 54.000000
1.4400 62.6000 49.7500 361.000000 0.000000 120.000000 54.000000
1.4500 62.4800 49.4700 361.000000 0.000000 120.000000 54.000000
1.4600 62.4800 49.3200 373.000000 0.000000 120.000000 54.000000
1.4700 62.5800 49.2200 371.000000 0.000000 120.000000 54.000000
1.4800 62.6700 49.1600 364.000000 0.000000 120.000000 54.000000
1.4900 62.7700 49.1600 363.000000 0.000000 119.000000 54.000000
1.5000 62.8900 49.1600 366.000000 0.000000 119.000000 54.000000
1.5100 63.0000 49.1600 368.000000 0.000000 119.000000 54.000000
1.5200 63.1100 49.3500 368.000000 0.000000 119.000000 54.000000
1.5300 63.2800 49.5000 364.000000 0.000000 119.000000 54.000000
1.5400 63.4500 49.6600 358.000000 0.000000 119.000000 54.000000
1.5500 63.6600 49.8100 312.000000 0.000000 119.000000 54.000000
1.5600 63.8700 49.9400 208.000000 0.000000 119.000000 54.000000
1.5700 63.8700 49.9400 0.000000 1.000000 119.000000 54.000000
1.5800 64.2000 50.1100 0.000000 0.000000 119.000000 54.000000
1.5900 64.3300 50.1600 0.000000 0.000000 119.000000 54.000000
1.6000 64.3800 50.1600 0.000000 0.000000 120.000000 54.000000
1.6100 64.3800 50.1600 0.000000 0.000000 120.000000 54.000000
1.6200 64.3800 50.1600 0.000000 0.000000 120.000000 54.000000
1.6300 64.3800 50.1600 0.000000 0.000000 120.000000 54.000000
1.6400 64.5000 50.2100 0.000000 0.000000 120.000000 54.000000
1.6500 64.7200 50.2600 0.000000 0.000000 119.000000 54.000000
1.6600 65.0000 50.3200 0.000000 0.000000 119.000000 54.000000
1.6700 65.3300 50.3200 0.000000 0.000000 119.000000 54.000000
1.6800 65.6700 50.3200 0.000000 0.000000 120.000000 55.000000
1.6900 65.8900 50.3200 0.000000 0.000000 120.000000 55.000000
1.7000 66.0300 50.2200 0.000000 0.000000 120.000000 55.000000
1.7100 65.9600 50.0900 0.000000 0.000000 121.000000 56.000000
1.7200 65.8300 49.9700 0.000000 0.000000 121.000000 56.000000
1.7300 65.6600 49.8700 0.000000 0.000000 121.000000 56.000000
1.7400 65.4900 49.7700 0.000000 0.000000 121.000000 56.000000
1.7500 65.3200 49.7100 0.000000 0.000000 121.000000 56.000000
1.7600 65.1400 49.7100 0.000000 0.000000 121.000000 56.000000
1.7700 65.0500 49.7100 0.000000 0.000000 121.000000 56.000000
1.7800 64.9900 49.7100 0.000000 0.000000 121.000000 56.000000
1.7900 64.9900 49.7100 0.000000 0.000000 120.000000 55.000000
1.8000 65.0500 49.8300 0.000000 0.000000 120.000000 55.000000
1.8100 65.1600 49.9000 0.000000 0.000000 120.000000 55.000000
1.8200 65.1600 49.9000 0.000000 0.000000 120.000000 55.000000
1.8300 65.4400 49.9600 0.000000 0.000000 120.000000 55.000000
1.8400 65.5800 50.0300 0.000000 0.000000 120.000000 55.000000
1.8500 65.8400 50.0300 0.000000 0.000000 120.000000 55.000000
1.8600 66.1800 50.0300 0.000000 0.000000 121.000000 56.000000
1.8700 66.5200 50.0900 0.000000 0.000000 121.000000 56.000000
1.8800 66.8900 50.0900 0.000000 0.000000 121.000000 56.000000
1.8900 67.3500 50.0900 0.000000 0.000000 122.000000 57.000000
1.9000 67.8200 50.0400 0.000000 0.000000 122.000000 57.000000
1.9100 68.1900 50.0400 0.000000 0.000000 120.000000 57.000000
1.9200 68.4900 49.9900 0.000000 0.000000 120.000000 57.000000
1.9300 68.7300 49.9900 0.000000 0.000000 119.000000 56.000000
1.9400 68.8200 49.9900 0.000000 0.000000 119.000000 56.000000
1.9500 68.8200 50.0400 0.000000 0.000000 118.000000 56.000000
1.9600 68.6700 50.1200 0.000000 0.000000 117.000000 55.000000
1.9700 68.4000 50.2500 0.000000 0.000000 117.000000 54.000000
1.9800 68.0400 50.4000 0.000000 0.000000 117.000000 54.000000
1.9900 67.6800 50.5700 0.000000 0.000000 117.000000 54.000000
2.0000 67.1100 50.5700 0.000000 0.000000 117.000000 54.000000
2.0100 66.4100 50.5700 0.000000 0.000000 117.000000 54.000000
2.0200 65.7300 50.4300 0.000000 0.000000 117.000000 55.000000
2.0300 65.0500 50.2300 0.000000 0.000000 119.000000 54.000000
2.0400 64.3700 50.0100 0.000000 0.000000 119.000000 54.000000
2.0500 63.8400 49.8000 0.000000 0.000000 119.000000 54.000000
2.0600 63.7400 49.6700 0.000000 0.000000 119.000000 54.000000
2.0700 63.9300 49.5800 0.000000 0.000000 119.000000 54.000000
2.0800 63.4400 49.5800 0.000000 0.000000 119.000000 54.000000
2.0900 63.6100 49.5800 0.000000 0.000000 119.000000 54.000000
2.1000 64.2200 49.6900 0.000000 0.000000 118.000000 54.000000
2.1100 63.8300 49.7600 0.000000 0.000000 118.000000 54.000000
2.1200 63.8300 49.8600 0.000000 0.000000 119.000000 53.000000
2.1300 64.0800 49.9800 0.000000 0.000000 119.000000 53.000000
2.1400 64.2100 50.0900 0.000000 0.000000 119.000000 53.000000
2.1500 64.2100 50.1700 0.000000 0.000000 119.000000 53.000000
2.1600 64.2100 50.1700 0.000000 0.000000 119.000000 53.000000
2.1700 64.0800 50.1700 0.000000 0.000000 121.000000 53.000000
2.1800 63.9300 50.0800 0.000000 0.000000 121.000000 53.000000
2.1900 63.7800 49.9500 0.000000 0.000000 121.000000 53.000000
2.2000 63.6300 49.8100 0.000000 0.000000 121.000000 53.000000
2.2100 63.5100 49.6800 0.000000 0.000000 121.000000 53.000000
2.2200 63.4400 49.6000 0.000000 0.000000 122.000000 54.000000
2.2300 63.4400 49.5500 0.000000 0.000000 122.000000 54.000000
2.2400 63.4400 49.5500 24.000000 1.000000 122.000000 54.000000
2.2500 63.4400 49.5500 80.000000 0.000000 122.000000 54.000000
2.2600 63.7500 49.6500 142.000000 0.000000 122.000000 54.000000
2.2700 64.0700 49.8000 195.000000 0.000000 123.000000 55.000000
2.2800 64.5000 50.0900 228.000000 0.000000 123.000000 55.000000
2.2900 65.0600 50.3800 259.000000 0.000000 123.000000 55.000000
2.3000 65.6400 50.7500 275.000000 0.000000 124.000000 54.000000
2.3100 66.2700 51.1800 274.000000 0.000000 124.000000 54.000000
2.3200 66.9200 51.6100 274.000000 0.000000 124.000000 54.000000
2.3300 67.5500 52.0300 277.000000 0.000000 124.000000 54.000000
2.3400 67.9500 52.3000 275.000000 0.000000 124.000000 54.000000
2.3500 68.2200 52.4800 275.000000 0.000000 125.000000 54.000000
2.3600 68.2200 52.4800 279.000000 0.000000 125.000000 54.000000
2.3700 67.9700 52.3900 277.000000 0.000000 125.000000 54.000000
2.3800 67.5700 52.0900 275.000000 0.000000 125.000000 54.000000
2.3900 66.9100 51.6400 269.000000 0.000000 125.000000 54.000000
2.4000 66.1900 51.1700 274.000000 0.000000 125.000000 54.000000
2.4100 65.4400 50.6100 309.000000 0.000000 125.000000 54.000000
2.4200 64.8700 50.0000 344.000000 0.000000 125.000000 54.000000
2.4300 64.3400 49.5400 348.000000 0.000000 124.000000 54.000000
2.4400 64.1700 49.2900 339.000000 0.000000 124.000000 54.000000
2.4500 64.1700 49.1900 320.000000 0.000000 124.000000 54.000000
2.4600 64.4200 49.1900 309.000000 0.000000 123.000000 55.000000
2.4700 64.8600 49.4200 294.000000 0.000000 123.000000 55.000000
2.4800 65.4500 49.8300 282.000000 0.000000 123.000000 55.000000
2.4900 66.1700 50.4600 279.000000 0.000000 123.000000 55.000000
2.5000 66.7900 51.0600 273.000000 0.000000 123.000000 55.000000
2.5100 67.3400 51.6200 287.000000 0.000000 123.000000 55.000000
2.5200 67.7200 51.9900 277.000000 0.000000 123.000000 55.000000
2.5300 67.9000 52.2400 309.000000 0.000000 123.000000 55.000000
2.5400 67.9000 52.2900 324.000000 0.000000 124.000000 54.000000
2.5500 67.9000 52.1400 333.000000 0.000000 124.000000 54.000000
2.5600 67.7000 51.8700 354.000000 0.000000 124.000000 54.000000
2.5700 67.4800 51.3800 368.000000 0.000000 124.000000 54.000000
2.5800 67.2600 50.7200 366.000000 0.000000 123.000000 55.000000
2.5900 66.9400 49.9600 361.000000 0.000000 123.000000 55.000000
2.6000 66.5400 48.9900 369.000000 0.000000 123.000000 55.000000
2.6100 66.0200 47.9700 389.000000 0.000000 121.000000 55.000000
2.6200 65.5000 46.9300 384.000000 0.000000 120.000000 55.000000
2.6300 64.9800 46.1700 367.000000 0.000000 118.000000 56.000000
2.6400 64.4800 45.6100 369.000000 0.000000 117.000000 56.000000
2.6500 64.0500 45.1900 372.000000 0.000000 115.000000 55.000000
2.6600 63.8200 45.0200 366.000000 0.000000 112.000000 56.000000
2.6700 63.7000 45.0900 354.000000 0.000000 110.000000 56.000000
2.6800 63.7000 45.3200 334.000000 0.000000 109.000000 57.000000
2.6900 63.9600 45.9000 332.000000 0.000000 107.000000 57.000000
2.7000 64.3200 46.7000 314.000000 0.000000 107.000000 57.000000
2.7100 64.9100 47.6400 282.000000 0.000000 107.000000 57.000000
2.7200 65.5500 48.7000 270.000000 0.000000 109.000000 57.000000
2.7300 66.3200 49.5300 253.000000 0.000000 111.000000 57.000000
2.7400 67.1600 50.2200 211.000000 0.000000 114.000000 57.000000
2.7500 67.9600 50.7400 203.000000 0.000000 116.000000 56.000000
2.7600 68.6000 51.2100 193.000000 0.000000 117.000000 56.000000
2.7700 69.1300 51.5600 188.000000 0.000000 118.000000 56.000000
2.7800 69.4000 51.8000 203.000000 0.000000 119.000000 54.000000
2.7900 69.4000 51.8000 239.000000 0.000000 120.000000 54.000000
2.8000 69.3300 51.8000 269.000000 0.000000 120.000000 54.000000
2.8100 69.0600 51.4600 284.000000 0.000000 120.000000 54.000000
2.8200 68.6300 51.1200 299.000000 0.000000 122.000000 54.000000
2.8300 68.0800 50.6100 319.000000 0.000000 122.000000 54.000000
2.8400 67.4900 49.9900 353.000000 0.000000 120.000000 54.000000
2.8500 67.1100 49.4000 366.000000 0.000000 120.000000 54.000000
2.8600 66.8700 49.0400 359.000000 0.000000 120.000000 54.000000
2.8700 66.8700 48.8300 338.000000 0.000000 120.000000 54.000000
2.8800 67.0300 48.8300 344.000000 0.000000 120.000000 55.000000
2.8900 67.2900 48.9300 319.000000 0.000000 120.000000 55.000000
2.9000 67.7300 49.2000 291.000000 0.000000 120.000000 55.000000
2.9100 68.2600 49.7200 255.000000 0.000000 120.000000 55.000000
2.9200 68.8500 50.2700 220.000000 0.000000 120.000000 55.000000
2.9300 69.2500 50.8400 158.000000 0.000000 120.000000 55.000000
2.9400 69.4400 51.2800 94.000000 0.000000 120.000000 55.000000
2.9500 69.4900 51.6900 76.000000 0.000000 120.000000 55.000000
2.9600 69.3800 51.8700 83.000000 0.000000 119.000000 54.000000
2.9700 69.1600 51.8700 108.000000 0.000000 119.000000 54.000000
2.9800 68.8700 51.7900 153.000000 0.000000 120.000000 54.000000
2.9900 68.5000 51.5200 196.000000 0.000000 120.000000 54.000000
3.0000 68.1600 51.1400 223.000000 0.000000 120.000000 54.000000
3.0100 68.0900 50.9000 239.000000 0.000000 122.000000 54.000000
3.0200 68.1800 50.7000 244.000000 0.000000 122.000000 54.000000
3.0300 68.3100 50.5200 254.000000 0.000000 122.000000 54.000000
3.0400 68.6000 50.4700 254.000000 0.000000 122.000000 54.000000
3.0500 68.9900 50.5400 251.000000 0.000000 122.000000 54.000000
3.0600 69.4000 50.6900 218.000000 0.000000 122.000000 54.000000
3.0700 69.7600 50.8600 191.000000 0.000000 122.000000 54.000000
3.0800 70.0200 51.0200 137.000000 0.000000 120.000000 54.000000
3.0900 70.2300 51.1600 10.000000 1.000000 121.000000 55.000000
3.1000 70.2300 51.1600 0.000000 0.000000 121.000000 55.000000
3.1100 70.2800 51.2300 0.000000 0.000000 121.000000 55.000000
3.1200 70.2100 51.2300 0.000000 0.000000 122.000000 56.000000
3.1300 70.1200 51.2300 0.000000 0.000000 122.000000 56.000000
3.1400 70.0300 51.2300 0.000000 0.000000 123.000000 56.000000
3.1500 69.9700 51.3100 0.000000 0.000000 126.000000 57.000000
3.1600 69.9700 51.3700 0.000000 0.000000 124.000000 57.000000
3.1700 69.9100 51.3700 0.000000 0.000000 126.000000 58.000000
3.1800 69.8400 51.3100 0.000000 0.000000 126.000000 58.000000
3.1900 69.7400 51.2400 0.000000 0.000000 126.000000 58.000000
3.2000 69.6000 51.1200 0.000000 0.000000 126.000000 58.000000
3.2100 69.4400 50.9800 0.000000 0.000000 126.000000 58.000000
3.2200 69.2600 50.8400 0.000000 0.000000 126.000000 58.000000
3.2300 69.1900 50.7700 0.000000 0.000000 126.000000 58.000000
3.2400 69.1300 50.7700 0.000000 0.000000 126.000000 58.000000
3.2500 69.1300 50.7200 0.000000 0.000000 126.000000 58.000000
3.2600 69.0700 50.7200 0.000000 0.000000 126.000000 58.000000
3.2700 69.0700 50.7200 0.000000 0.000000 127.000000 57.000000
3.2800 69.0700 50.6700 0.000000 0.000000 127.000000 57.000000
3.2900 69.0700 50.6700 0.000000 0.000000 127.000000 57.000000
3.3000 69.0700 50.6700 58.000000 1.000000 126.000000 57.000000
3.3100 69.0700 50.6700 106.000000 0.000000 126.000000 57.000000
3.3200 69.0700 50.6700 144.000000 0.000000 126.000000 57.000000
3.3300 69.0700 50.6700 165.000000 0.000000 125.000000 56.000000
3.3400 69.0700 50.6700 186.000000 0.000000 123.000000 56.000000
3.3500 69.0700 50.6700 181.000000 0.000000 123.000000 56.000000
3.3600 69.0700 50.6700 195.000000 0.000000 122.000000 56.000000
3.3700 69.0700 50.6700 198.000000 0.000000 122.000000 56.000000
3.3800 69.4300 50.7900 200.000000 0.000000 122.000000 56.000000
3.3900 69.5700 50.9200 202.000000 0.000000 122.000000 56.000000
3.4000 69.6800 51.0600 203.000000 0.000000 122.000000 56.000000
3.4100 69.7700 51.1800 202.000000 0.000000 124.000000 55.000000
3.4200 69.9100 51.4100 193.000000 0.000000 124.000000 55.000000
3.4300 70.0900 51.7200 181.000000 0.000000 123.000000 55.000000
3.4400 70.3000 52.0800 182.000000 0.000000 123.000000 55.000000
3.4500 70.5100 52.5500 175.000000 0.000000 123.000000 55.000000
3.4600 70.7200 53.0900 168.000000 0.000000 123.000000 55.000000
3.4700 70.8400 53.7100 168.000000 0.000000 123.000000 55.000000
3.4800 70.9000 54.3300 185.000000 0.000000 124.000000 55.000000
3.4900 70.9000 54.6900 212.000000 0.000000 124.000000 55.000000
3.5000 70.7000 54.8900 237.000000 0.000000 122.000000 56.000000
3.5100 70.4000 54.8900 265.000000 0.000000 122.000000 56.000000
3.5200 69.9800 54.6400 311.000000 0.000000 121.000000 55.000000
3.5300 69.4100 54.2700 324.000000 0.000000 121.000000 55.000000
3.5400 68.7300 53.5400 305.000000 0.000000 121.000000 55.000000
3.5500 67.7000 52.5500 330.000000 0.000000 121.000000 55.000000
3.5600 66.4500 51.3900 324.000000 0.000000 120.000000 54.000000
3.5700 65.0600 50.0800 369.000000 0.000000 120.000000 54.000000
3.5800 63.7800 48.7300 391.000000 0.000000 120.000000 54.000000
3.5900 62.6800 47.2900 394.000000 0.000000 120.000000 54.000000
3.6000 61.7100 46.3300 407.000000 0.000000 119.000000 54.000000
3.6100 61.1700 45.6800 413.000000 0.000000 117.000000 55.000000
3.6200 61.0100 45.3400 400.000000 0.000000 116.000000 55.000000
3.6300 61.1000 45.2400 394.000000 0.000000 113.000000 56.000000
3.6400 61.3800 45.2900 389.000000 0.000000 112.000000 56.000000
3.6500 61.9200 45.6300 398.000000 0.000000 110.000000 56.000000
3.6600 62.6300 46.3400 393.000000 0.000000 109.000000 57.000000
3.6700 63.5000 47.3100 389.000000 0.000000 108.000000 56.000000
3.6800 64.4000 48.5700 387.000000 0.000000 108.000000 56.000000
3.6900 65.3000 49.8900 373.000000 0.000000 110.000000 56.000000
3.7000 66.0200 51.2600 371.000000 0.000000 112.000000 56.000000
3.7100 66.6200 52.5000 368.000000 0.000000 113.000000 56.000000
3.7200 67.0700 53.7000 364.000000 0.000000 116.000000 55.000000
3.7300 67.3000 54.5000 369.000000 0.000000 118.000000 56.000000
3.7400 67.3700 55.0600 399.000000 0.000000 120.000000 55.000000
3.7500 67.2000 55.1900 394.000000 0.000000 120.000000 55.000000
3.7600 66.9700 55.3000 397.000000 0.000000 120.000000 55.000000
3.7700 66.7100 55.3000 413.000000 0.000000 121.000000 55.000000
3.7800 66.6300 55.1200 404.000000 0.000000 121.000000 55.000000
3.7900 66.6300 55.0100 404.000000 0.000000 121.000000 55.000000
3.8000 66.6900 54.8800 409.000000 0.000000 121.000000 55.000000
3.8100 66.7400 54.4900 407.000000 0.000000 121.000000 55.000000
3.8200 66.7400 53.9300 412.000000 0.000000 121.000000 55.000000
3.8300 66.6200 53.1200 410.000000 0.000000 121.000000 55.000000
3.8400 66.3800 52.2000 418.000000 0.000000 121.000000 55.000000
3.8500 66.0800 51.2200 415.000000 0.000000 121.000000 55.000000
3.8600 65.7700 50.2900 446.000000 0.000000 121.000000 55.000000
3.8700 65.5200 49.5600 449.000000 0.000000 121.000000 55.000000
3.8800 65.3600 48.9600 448.000000 0.000000 121.000000 55.000000
3.8900 65.3600 48.6600 418.000000 0.000000 120.000000 55.000000
3.9000 65.4500 48.5000 384.000000 0.000000 120.000000 55.000000
3.9100 65.5400 48.4300 371.000000 0.000000 120.000000 55.000000
3.9200 65.8300 48.6800 353.000000 0.000000 118.000000 56.000000
3.9300 66.2400 49.2400 334.000000 0.000000 118.000000 56.000000
3.9400 66.8100 50.0100 345.000000 0.000000 118.000000 56.000000
3.9500 67.4100 50.6500 342.000000 0.000000 118.000000 56.000000
3.9600 67.8600 51.0000 327.000000 0.000000 118.000000 56.000000
3.9700 68.2000 51.1600 315.000000 0.000000 120.000000 55.000000
3.9800 68.2500 51.0700 317.000000 0.000000 120.000000 55.000000
3.9900 68.1700 50.7200 330.000000 0.000000 121.000000 55.000000
4.0000 68.0100 50.1900 333.000000 0.000000 121.000000 55.000000
4.0100 67.9000 49.6500 359.000000 0.000000 121.000000 55.000000
4.0200 67.8200 49.1100 362.000000 0.000000 121.000000 55.000000
4.0300 67.8200 48.6700 369.000000 0.000000 121.000000 55.000000
4.0400 67.8200 48.2900 369.000000 0.000000 120.000000 54.000000
4.0500 67.9800 48.1300 367.000000 0.000000 119.000000 54.000000
4.0600 68.1800 48.1300 366.000000 0.000000 118.000000 56.000000
4.0700 68.4200 48.1300 362.000000 0.000000 117.000000 56.000000
4.0800 68.7100 48.3900 361.000000 0.000000 116.000000 56.000000
4.0900 68.9400 48.7200 304.000000 0.000000 116.000000 56.000000
4.1000 69.1200 49.1100 184.000000 0.000000 116.000000 56.000000
4.1100 69.1200 49.1100 0.000000 1.000000 116.000000 56.000000
4.1200 69.3700 50.2300 0.000000 0.000000 116.000000 57.000000
4.1300 69.3700 50.9000 0.000000 0.000000 118.000000 57.000000
4.1400 69.2900 51.7000 0.000000 0.000000 118.000000 57.000000
4.1500 69.1200 52.5900 0.000000 0.000000 120.000000 57.000000
4.1600 68.9000 53.5300 0.000000 0.000000 122.000000 57.000000
4.1700 68.7600 54.1400 0.000000 0.000000 123.000000 58.000000
4.1800 68.5800 54.5800 0.000000 0.000000 124.000000 57.000000
4.1900 68.3400 54.9000 0.000000 0.000000 124.000000 57.000000
4.2000 68.0800 55.1500 0.000000 0.000000 126.000000 57.000000
4.2100 67.9400 55.3900 0.000000 0.000000 126.000000 57.000000
4.2200 67.8300 55.6800 0.000000 0.000000 126.000000 57.000000
4.2300 67.7500 56.0000 0.000000 0.000000 127.000000 56.000000
4.2400 67.8400 56.1900 0.000000 0.000000 126.000000 57.000000
4.2500 67.8400 56.1900 168.000000 1.000000 126.000000 57.000000
4.2600 67.8400 56.1900 257.000000 0.000000 126.000000 57.000000
4.2700 67.8400 56.1900 314.000000 0.000000 126.000000 57.000000
4.2800 67.8400 56.1900 346.000000 0.000000 123.000000 56.000000
4.2900 67.8400 56.1900 353.000000 0.000000 123.000000 56.000000
4.3000 67.8400 56.1900 342.000000 0.000000 123.000000 56.000000
4.3100 67.9300 55.8900 247.000000 0.000000 123.000000 56.000000
4.3200 68.0700 55.8900 15.000000 0.000000 122.000000 56.000000
