0.0000 62.0600 13.2900 54.000000 1.000000 163.000000 52.000000
0.0100 63.2000 14.2500 53.000000 0.000000 161.000000 52.000000
0.0200 63.2000 14.2500 0.000000 1.000000 160.000000 53.000000
0.0300 63.0500 15.2700 0.000000 0.000000 159.000000 53.000000
0.0400 63.0500 15.2700 70.000000 1.000000 159.000000 53.000000
0.0500 61.4800 16.0000 139.000000 0.000000 159.000000 53.000000
0.0600 60.2400 16.1000 213.000000 0.000000 159.000000 53.000000
0.0700 58.6700 16.1000 279.000000 0.000000 159.000000 53.000000
0.0800 56.8800 15.7900 325.000000 0.000000 159.000000 53.000000
0.0900 54.8900 15.2300 371.000000 0.000000 158.000000 53.000000
0.1000 52.6800 14.4800 399.000000 0.000000 158.000000 53.000000
0.1100 50.3100 13.3300 430.000000 0.000000 158.000000 53.000000
0.1200 48.3100 12.0500 441.000000 0.000000 158.000000 53.000000
0.1300 47.0000 10.6900 441.000000 0.000000 157.000000 54.000000
0.1400 46.1400 9.8600 433.000000 0.000000 157.000000 54.000000
0.1500 46.4300 9.1700 440.000000 0.000000 157.000000 54.000000
0.1600 47.6400 8.5800 443.000000 0.000000 157.000000 54.000000
0.1700 49.4700 8.0900 446.000000 0.000000 157.000000 54.000000
0.1800 51.9500 7.9100 441.000000 0.000000 157.000000 54.000000
0.1900 55.0100 7.9100 428.000000 0.000000 158.000000 54.000000
0.2000 58.4500 8.1900 433.000000 0.000000 158.000000 54.000000
0.2100 61.6100 8.5400 441.000000 0.000000 158.000000 54.000000
0.2200 64.8000 8.9700 425.000000 0.000000 160.000000 53.000000
0.2300 66.8800 9.2900 392.000000 0.000000 160.000000 54.000000
0.2400 68.2000 9.4400 389.000000 0.000000 160.000000 54.000000
0.2500 68.5600 9.4900 398.000000 0.000000 160.000000 54.000000
0.2600 68.0200 9.5800 399.000000 0.000000 160.000000 54.000000
0.2700 66.8800 9.6400 407.000000 0.000000 161.000000 55.000000
0.2800 64.9900 9.6400 465.000000 0.000000 161.000000 55.000000
0.2900 62.5400 9.5600 494.000000 0.000000 161.000000 55.000000
0.3000 59.7200 9.4400 546.000000 0.000000 161.000000 55.000000
0.3100 57.3500 9.2900 542.000000 0.000000 160.000000 54.000000
0.3200 55.8200 9.1400 536.000000 0.000000 160.000000 54.000000
0.3300 54.8600 8.9900 522.000000 0.000000 160.000000 54.000000
0.3400 54.6800 8.8800 529.000000 0.000000 160.000000 54.000000
0.3500 55.2100 8.7900 529.000000 0.000000 160.000000 54.000000
0.3600 56.2000 8.7400 519.000000 0.000000 160.000000 54.000000
0.3700 58.2500 8.7400 510.000000 0.000000 160.000000 53.000000
0.3800 60.6500 8.7400 496.000000 0.000000 160.000000 53.000000
0.3900 63.2900 8.8100 465.000000 0.000000 160.000000 53.000000
0.4000 65.6200 8.8800 430.000000 0.000000 162.000000 54.000000
0.4100 67.5500 8.9900 399.000000 0.000000 162.000000 54.000000
0.4200 69.2100 9.1000 381.000000 0.000000 162.000000 54.000000
0.4300 70.2900 9.2000 398.000000 0.000000 162.000000 54.000000
0.4400 70.8200 9.2800 433.000000 0.000000 162.000000 54.000000
0.4500 70.9800 9.3500 491.000000 0.000000 162.000000 54.000000
0.4600 70.8700 9.4500 512.000000 0.000000 162.000000 54.000000
0.4700 70.4300 9.5600 542.000000 0.000000 162.000000 54.000000
0.4800 69.7800 9.5600 568.000000 0.000000 160.000000 53.000000
0.4900 68.8200 9.5600 570.000000 0.000000 160.000000 53.000000
0.5000 67.4900 9.5600 585.000000 0.000000 160.000000 53.000000
0.5100 65.9000 9.4200 609.000000 0.000000 160.000000 53.000000
0.5200 63.8900 9.1400 653.000000 0.000000 160.000000 53.000000
0.5300 61.2400 8.7600 702.000000 0.000000 160.000000 53.000000
