0.0000 33.9000 85.1600 175.000000 1.000000 163.000000 49.000000
0.0100 34.3600 85.4400 241.000000 0.000000 165.000000 49.000000
0.0200 34.3600 85.6400 305.000000 0.000000 164.000000 50.000000
0.0300 34.1800 85.8900 366.000000 0.000000 165.000000 50.000000
0.0400 33.8900 86.1100 443.000000 0.000000 165.000000 50.000000
0.0500 33.4900 86.3200 473.000000 0.000000 166.000000 51.000000
0.0600 32.7900 86.4700 496.000000 0.000000 166.000000 51.000000
0.0700 31.7300 86.5800 488.000000 0.000000 166.000000 51.000000
0.0800 30.4400 86.5800 498.000000 0.000000 167.000000 51.000000
0.0900 28.7200 86.4400 496.000000 0.000000 167.000000 51.000000
0.1000 26.5100 86.1400 480.000000 0.000000 167.000000 51.000000
0.1100 23.9700 85.6100 477.000000 0.000000 167.000000 51.000000
0.1200 21.1700 84.8800 483.000000 0.000000 166.000000 51.000000
0.1300 18.4300 84.0100 488.000000 0.000000 166.000000 51.000000
0.1400 15.7300 83.1300 499.000000 0.000000 165.000000 51.000000
0.1500 13.7500 82.3000 509.000000 0.000000 164.000000 51.000000
0.1600 12.4300 81.5300 514.000000 0.000000 162.000000 51.000000
0.1700 11.5600 80.7900 499.000000 0.000000 161.000000 50.000000
0.1800 11.0700 80.1000 496.000000 0.000000 158.000000 51.000000
0.1900 11.0700 79.4100 496.000000 0.000000 157.000000 51.000000
0.2000 11.4000 78.7200 491.000000 0.000000 154.000000 50.000000
0.2100 12.1800 78.2100 498.000000 0.000000 153.000000 50.000000
0.2200 13.5900 77.8000 481.000000 0.000000 153.000000 50.000000
0.2300 15.4300 77.5600 469.000000 0.000000 153.000000 50.000000
0.2400 18.0200 77.5600 440.000000 0.000000 153.000000 50.000000
0.2500 20.6400 77.6700 388.000000 0.000000 154.000000 50.000000
0.2600 23.3400 77.9300 346.000000 0.000000 157.000000 51.000000
0.2700 25.6600 78.3900 309.000000 0.000000 159.000000 51.000000
0.2800 27.7100 78.9800 329.000000 0.000000 160.000000 51.000000
0.2900 29.1500 79.5600 334.000000 0.000000 163.000000 52.000000
0.3000 29.9600 80.1600 393.000000 0.000000 165.000000 51.000000
0.3100 30.3400 80.7700 449.000000 0.000000 166.000000 51.000000
0.3200 30.1900 81.1500 461.000000 0.000000 166.000000 51.000000
0.3300 29.5000 81.5100 447.000000 0.000000 166.000000 51.000000
0.3400 28.4500 81.6900 445.000000 0.000000 166.000000 51.000000
0.3500 26.8900 81.7500 442.000000 0.000000 166.000000 51.000000
0.3600 25.3300 81.5600 475.000000 0.000000 166.000000 51.000000
0.3700 23.7600 81.3300 491.000000 0.000000 166.000000 51.000000
0.3800 22.9400 81.1100 492.000000 0.000000 167.000000 51.000000
0.3900 22.6300 80.9200 483.000000 0.000000 167.000000 51.000000
0.4000 22.6300 80.6900 488.000000 0.000000 167.000000 51.000000
0.4100 23.0100 80.4500 488.000000 0.000000 169.000000 51.000000
0.4200 23.9600 80.1600 490.000000 0.000000 169.000000 51.000000
0.4300 25.3000 80.0700 470.000000 0.000000 169.000000 51.000000
0.4400 27.1700 80.0700 442.000000 0.000000 168.000000 52.000000
0.4500 28.9700 80.2700 420.000000 0.000000 168.000000 52.000000
0.4600 30.7300 80.4900 410.000000 0.000000 168.000000 52.000000
0.4700 32.4200 80.7400 417.000000 0.000000 168.000000 52.000000
0.4800 33.6500 81.0000 443.000000 0.000000 169.000000 51.000000
0.4900 34.5700 81.2500 475.000000 0.000000 169.000000 51.000000
0.5000 34.9300 81.5000 536.000000 0.000000 169.000000 51.000000
0.5100 34.9300 81.6700 551.000000 0.000000 170.000000 52.000000
0.5200 34.6000 81.8200 566.000000 0.000000 170.000000 52.000000
0.5300 33.7500 81.9500 583.000000 0.000000 170.000000 51.000000
0.5400 32.1500 82.0100 594.000000 0.000000 170.000000 51.000000
0.5500 30.0500 81.8900 595.000000 0.000000 170.000000 51.000000
0.5600 27.4700 81.6600 619.000000 0.000000 170.000000 51.000000
0.5700 24.0200 81.1900 670.000000 0.000000 170.000000 51.000000
0.5800 20.0000 80.3800 724.000000 0.000000 170.000000 51.000000
0.5900 15.9600 79.3400 790.000000 0.000000 169.000000 50.000000
0.6000 12.9000 78.4100 818.000000 0.000000 168.000000 50.000000
0.6100 10.4900 77.7800 818.000000 0.000000 165.000000 51.000000
0.6200 9.5700 77.3600 812.000000 0.000000 164.000000 51.000000
0.6300 9.1600 77.1500 763.000000 0.000000 161.000000 50.000000
0.6400 9.1000 77.0300 644.000000 0.000000 159.000000 51.000000
0.6500 9.1600 76.9600 368.000000 0.000000 158.000000 51.000000
