0.0000 61.3500 66.0400 259.000000 1.000000 187.000000 50.000000
0.0100 62.6000 65.9900 338.000000 0.000000 189.000000 51.000000
0.0200 63.2500 66.1100 485.000000 0.000000 189.000000 51.000000
0.0300 63.9500 66.3700 569.000000 0.000000 190.000000 52.000000
0.0400 64.6800 66.4400 667.000000 0.000000 190.000000 52.000000
0.0500 64.9000 66.5200 734.000000 0.000000 191.000000 53.000000
0.0600 64.6700 66.6000 750.000000 0.000000 192.000000 52.000000
0.0700 64.1300 66.8200 814.000000 0.000000 191.000000 53.000000
0.0800 62.2000 67.1300 860.000000 0.000000 191.000000 53.000000
0.0900 59.4800 66.9400 906.000000 0.000000 189.000000 53.000000
0.1000 56.2300 66.5900 899.000000 0.000000 188.000000 53.000000
0.1100 53.4100 66.1400 899.000000 0.000000 187.000000 53.000000
0.1200 51.4700 65.5400 882.000000 0.000000 184.000000 53.000000
0.1300 50.1200 64.9300 887.000000 0.000000 181.000000 53.000000
0.1400 49.9400 64.3100 912.000000 0.000000 179.000000 53.000000
0.1500 50.8700 63.4700 953.000000 0.000000 176.000000 53.000000
0.1600 52.5400 62.4000 977.000000 0.000000 173.000000 53.000000
0.1700 56.0300 61.1900 965.000000 0.000000 172.000000 53.000000
0.1800 60.4900 60.1400 955.000000 0.000000 171.000000 53.000000
0.1900 65.5900 59.3200 971.000000 0.000000 171.000000 53.000000
0.2000 70.1000 58.6600 992.000000 0.000000 172.000000 54.000000
0.2100 73.1400 58.3700 987.000000 0.000000 173.000000 54.000000
0.2200 75.2000 58.3700 1009.000000 0.000000 175.000000 54.000000
0.2300 75.5300 58.5600 994.000000 0.000000 176.000000 55.000000
0.2400 74.5600 58.8100 990.000000 0.000000 179.000000 55.000000
0.2500 72.7100 59.3700 1023.000000 0.000000 180.000000 55.000000
0.2600 69.6000 60.1300 1023.000000 0.000000 180.000000 55.000000
0.2700 66.3000 60.6600 1023.000000 0.000000 180.000000 55.000000
0.2800 62.8800 61.1600 1023.000000 0.000000 180.000000 55.000000
0.2900 60.6600 61.2600 1021.000000 0.000000 180.000000 54.000000
0.3000 59.8600 61.1000 986.000000 0.000000 179.000000 54.000000
0.3100 60.0100 60.8200 979.000000 0.000000 179.000000 54.000000
0.3200 61.6900 60.3600 997.000000 0.000000 177.000000 54.000000
0.3300 64.9600 59.7700 1006.000000 0.000000 177.000000 54.000000
0.3400 69.2900 59.2400 1023.000000 0.000000 177.000000 54.000000
0.3500 73.0600 58.9800 1023.000000 0.000000 177.000000 55.000000
0.3600 75.1400 58.8900 1023.000000 0.000000 179.000000 55.000000
0.3700 76.0900 58.9400 1023.000000 0.000000 180.000000 55.000000
0.3800 74.9500 59.3100 1023.000000 0.000000 180.000000 56.000000
0.3900 70.7700 59.9000 1023.000000 0.000000 180.000000 56.000000
0.4000 64.5500 60.6000 1023.000000 0.000000 180.000000 56.000000
0.4100 57.6900 60.7500 1023.000000 0.000000 180.000000 56.000000
0.4200 51.8000 60.5400 1023.000000 0.000000 180.000000 56.000000
0.4300 46.5500 60.0200 343.000000 0.000000 177.000000 56.000000
