0.0000 60.1900 46.4900 61.000000 1.000000 150.000000 55.000000
0.0100 61.1200 46.5800 78.000000 0.000000 149.000000 56.000000
0.0200 61.5200 46.7800 89.000000 0.000000 149.000000 56.000000
0.0300 61.8800 47.0300 98.000000 0.000000 149.000000 56.000000
0.0400 62.2600 47.3800 132.000000 0.000000 149.000000 56.000000
0.0500 62.5000 47.8000 181.000000 0.000000 149.000000 56.000000
0.0600 62.6500 48.2600 225.000000 0.000000 149.000000 56.000000
0.0700 62.4300 48.7600 245.000000 0.000000 150.000000 55.000000
0.0800 61.8800 49.3000 276.000000 0.000000 150.000000 55.000000
0.0900 61.1200 49.6200 256.000000 0.000000 150.000000 54.000000
0.1000 59.8000 49.6700 247.000000 0.000000 150.000000 54.000000
0.1100 57.8800 49.5500 237.000000 0.000000 150.000000 54.000000
0.1200 55.5600 49.1300 304.000000 0.000000 151.000000 53.000000
0.1300 53.0400 48.5000 369.000000 0.000000 151.000000 53.000000
0.1400 50.5400 47.7400 440.000000 0.000000 151.000000 53.000000
0.1500 48.5700 46.8300 472.000000 0.000000 148.000000 54.000000
0.1600 46.9500 45.8700 483.000000 0.000000 148.000000 54.000000
0.1700 46.0200 44.8200 465.000000 0.000000 147.000000 53.000000
0.1800 46.1100 43.7300 469.000000 0.000000 145.000000 54.000000
0.1900 46.8700 42.7400 467.000000 0.000000 143.000000 53.000000
0.2000 48.4900 41.8000 475.000000 0.000000 142.000000 54.000000
0.2100 50.8500 41.3300 488.000000 0.000000 142.000000 54.000000
0.2200 53.7000 41.2000 491.000000 0.000000 141.000000 53.000000
0.2300 57.0700 41.2900 502.000000 0.000000 142.000000 54.000000
0.2400 60.4900 41.5500 473.000000 0.000000 142.000000 54.000000
0.2500 63.6600 42.0200 446.000000 0.000000 144.000000 54.000000
0.2600 66.6400 42.6400 367.000000 0.000000 145.000000 55.000000
0.2700 68.8600 43.0100 342.000000 0.000000 146.000000 55.000000
0.2800 69.8200 43.3900 345.000000 0.000000 148.000000 56.000000
0.2900 69.9300 43.7700 337.000000 0.000000 149.000000 55.000000
0.3000 69.0600 44.0600 377.000000 0.000000 150.000000 55.000000
0.3100 67.4000 44.2700 433.000000 0.000000 152.000000 56.000000
0.3200 65.2100 44.3500 447.000000 0.000000 152.000000 56.000000
0.3300 62.6400 44.2300 485.000000 0.000000 152.000000 56.000000
0.3400 60.0800 43.9900 510.000000 0.000000 152.000000 56.000000
0.3500 57.8700 43.6800 489.000000 0.000000 152.000000 56.000000
0.3600 55.8900 43.4000 491.000000 0.000000 152.000000 56.000000
0.3700 54.5800 43.1400 492.000000 0.000000 150.000000 55.000000
0.3800 54.0000 43.0100 489.000000 0.000000 150.000000 55.000000
0.3900 53.9000 43.0100 488.000000 0.000000 149.000000 55.000000
0.4000 54.4500 43.0100 496.000000 0.000000 149.000000 55.000000
0.4100 55.8100 43.1800 485.000000 0.000000 149.000000 55.000000
0.4200 57.7200 43.3400 467.000000 0.000000 150.000000 54.000000
0.4300 60.0200 43.5000 468.000000 0.000000 150.000000 54.000000
0.4400 62.3400 43.5000 440.000000 0.000000 150.000000 54.000000
0.4500 64.6600 43.3900 418.000000 0.000000 151.000000 54.000000
0.4600 66.5600 43.3000 396.000000 0.000000 151.000000 54.000000
0.4700 68.1900 43.2000 391.000000 0.000000 151.000000 54.000000
0.4800 69.6200 43.2000 362.000000 0.000000 153.000000 55.000000
0.4900 70.5400 43.3100 379.000000 0.000000 153.000000 55.000000
0.5000 71.1300 43.5600 453.000000 0.000000 154.000000 55.000000
0.5100 71.0800 43.9100 529.000000 0.000000 154.000000 55.000000
0.5200 70.1800 44.3600 614.000000 0.000000 156.000000 55.000000
0.5300 68.7100 44.8700 678.000000 0.000000 156.000000 55.000000
0.5400 66.0300 45.1700 733.000000 0.000000 155.000000 55.000000
0.5500 62.4500 45.1700 739.000000 0.000000 157.000000 56.000000
0.5600 58.2800 45.0100 696.000000 0.000000 157.000000 56.000000
0.5700 53.5300 44.5100 636.000000 0.000000 157.000000 56.000000
0.5800 48.7800 44.0100 512.000000 0.000000 155.000000 55.000000
