0.0000 94.4400 87.7800 67.000000 1.000000 139.000000 52.000000
0.0100 94.4400 87.7800 66.000000 0.000000 139.000000 52.000000
0.0200 94.4400 87.7800 122.000000 0.000000 139.000000 52.000000
0.0300 94.4400 87.7800 153.000000 0.000000 137.000000 52.000000
0.0400 94.7200 87.8400 210.000000 0.000000 137.000000 52.000000
0.0500 94.7200 87.4000 244.000000 0.000000 137.000000 52.000000
0.0600 94.5900 86.7600 241.000000 0.000000 137.000000 52.000000
0.0700 94.3100 85.8300 262.000000 0.000000 137.000000 52.000000
0.0800 93.8200 84.7600 260.000000 0.000000 137.000000 52.000000
0.0900 93.2000 83.6000 255.000000 0.000000 138.000000 51.000000
0.1000 92.4400 82.4200 260.000000 0.000000 138.000000 51.000000
0.1100 91.5800 81.2100 272.000000 0.000000 140.000000 51.000000
0.1200 90.6600 80.0000 277.000000 0.000000 141.000000 50.000000
0.1300 89.7500 79.0800 302.000000 0.000000 141.000000 50.000000
0.1400 89.1000 78.3300 305.000000 0.000000 142.000000 49.000000
0.1500 88.6100 78.0900 348.000000 0.000000 143.000000 49.000000
0.1600 88.4800 78.0900 354.000000 0.000000 143.000000 49.000000
0.1700 88.3600 78.3000 361.000000 0.000000 143.000000 49.000000
0.1800 88.5800 78.8800 356.000000 0.000000 144.000000 48.000000
0.1900 89.0300 80.0100 363.000000 0.000000 144.000000 48.000000
0.2000 90.0400 81.5200 329.000000 0.000000 144.000000 48.000000
0.2100 91.4900 83.1400 294.000000 0.000000 145.000000 48.000000
0.2200 93.2200 84.7500 279.000000 0.000000 144.000000 49.000000
0.2300 95.0400 86.3600 284.000000 0.000000 144.000000 49.000000
0.2400 96.5000 87.3600 284.000000 0.000000 143.000000 50.000000
0.2500 97.7300 87.9300 274.000000 0.000000 143.000000 50.000000
0.2600 98.5600 88.2200 280.000000 0.000000 142.000000 50.000000
0.2700 98.7400 88.1300 297.000000 0.000000 141.000000 51.000000
0.2800 98.4800 87.6600 307.000000 0.000000 140.000000 52.000000
0.2900 97.5100 86.9400 307.000000 0.000000 140.000000 52.000000
0.3000 95.7700 85.7100 311.000000 0.000000 140.000000 52.000000
0.3100 93.5200 84.1100 312.000000 0.000000 140.000000 52.000000
0.3200 90.8100 82.2600 324.000000 0.000000 141.000000 51.000000
0.3300 88.1000 80.5300 329.000000 0.000000 142.000000 50.000000
0.3400 85.4000 78.7800 373.000000 0.000000 143.000000 50.000000
0.3500 83.5700 77.6800 361.000000 0.000000 143.000000 50.000000
0.3600 82.7500 77.0300 348.000000 0.000000 144.000000 49.000000
0.3700 82.5900 76.8200 379.000000 0.000000 144.000000 48.000000
0.3800 83.3100 76.8800 425.000000 0.000000 144.000000 48.000000
0.3900 84.9200 77.1200 475.000000 0.000000 146.000000 48.000000
0.4000 87.1200 77.9000 494.000000 0.000000 146.000000 48.000000
0.4100 90.2600 78.9900 510.000000 0.000000 147.000000 48.000000
0.4200 93.4900 80.3000 494.000000 0.000000 147.000000 48.000000
0.4300 96.7800 81.4600 465.000000 0.000000 148.000000 48.000000
0.4400 100.1200 82.5600 420.000000 0.000000 147.000000 49.000000
0.4500 102.8100 83.4100 341.000000 0.000000 147.000000 49.000000
0.4600 105.0700 84.1200 143.000000 0.000000 148.000000 50.000000
0.4700 105.0700 84.1200 0.000000 1.000000 148.000000 50.000000
0.4800 107.3000 84.8000 0.000000 0.000000 148.000000 50.000000
0.4900 107.3000 84.8000 0.000000 0.000000 147.000000 51.000000
0.5000 106.1700 84.6400 0.000000 0.000000 146.000000 52.000000
0.5100 104.4500 84.2800 0.000000 0.000000 146.000000 52.000000
0.5200 102.3100 83.8200 0.000000 0.000000 145.000000 53.000000
0.5300 100.0900 83.4000 0.000000 0.000000 145.000000 53.000000
0.5400 98.0300 82.9700 0.000000 0.000000 145.000000 53.000000
0.5500 96.0700 82.6100 0.000000 0.000000 145.000000 53.000000
0.5600 94.8600 82.3100 0.000000 0.000000 146.000000 52.000000
0.5700 93.9500 82.0600 0.000000 0.000000 144.000000 51.000000
0.5800 93.2300 81.8400 0.000000 0.000000 144.000000 51.000000
0.5900 92.7600 81.6400 0.000000 0.000000 145.000000 51.000000
0.6000 92.7100 81.4400 0.000000 0.000000 144.000000 50.000000
0.6100 92.7100 81.4400 39.000000 1.000000 144.000000 50.000000
0.6200 93.3700 81.2500 53.000000 0.000000 144.000000 50.000000
0.6300 93.8500 81.2500 146.000000 0.000000 144.000000 50.000000
0.6400 94.3500 81.4200 218.000000 0.000000 145.000000 50.000000
0.6500 95.4300 81.6300 286.000000 0.000000 146.000000 50.000000
0.6600 96.4400 81.9900 344.000000 0.000000 146.000000 50.000000
0.6700 97.4000 82.3900 353.000000 0.000000 147.000000 49.000000
0.6800 98.1900 82.8300 369.000000 0.000000 147.000000 49.000000
0.6900 98.5900 83.1400 379.000000 0.000000 148.000000 50.000000
0.7000 98.7200 83.3000 389.000000 0.000000 149.000000 49.000000
0.7100 98.4200 83.3500 391.000000 0.000000 149.000000 49.000000
0.7200 97.7500 83.1900 369.000000 0.000000 149.000000 49.000000
0.7300 96.8400 82.8500 389.000000 0.000000 149.000000 49.000000
0.7400 95.8700 82.3900 404.000000 0.000000 149.000000 49.000000
0.7500 95.4700 82.1100 371.000000 0.000000 149.000000 49.000000
0.7600 95.4700 81.9800 359.000000 0.000000 149.000000 49.000000
0.7700 95.6800 81.9800 358.000000 0.000000 149.000000 49.000000
0.7800 96.1000 81.9800 349.000000 0.000000 149.000000 49.000000
0.7900 96.6300 82.0800 341.000000 0.000000 148.000000 48.000000
0.8000 97.2000 82.2900 338.000000 0.000000 148.000000 48.000000
0.8100 97.7400 82.4800 341.000000 0.000000 149.000000 49.000000
0.8200 98.1500 82.6700 369.000000 0.000000 149.000000 49.000000
0.8300 98.4800 82.8500 392.000000 0.000000 149.000000 49.000000
0.8400 98.6700 83.0400 442.000000 0.000000 149.000000 49.000000
0.8500 98.8900 83.2000 496.000000 0.000000 151.000000 49.000000
0.8600 99.1400 83.4000 522.000000 0.000000 151.000000 49.000000
0.8700 99.3800 83.6200 538.000000 0.000000 151.000000 49.000000
0.8800 99.6300 83.7700 529.000000 0.000000 151.000000 49.000000
0.8900 99.7000 83.8600 499.000000 0.000000 149.000000 49.000000
0.9000 99.7000 83.8600 433.000000 0.000000 149.000000 49.000000
0.9100 99.5700 83.7500 344.000000 0.000000 148.000000 50.000000
0.9200 99.3900 83.5800 218.000000 0.000000 147.000000 49.000000
0.9300 99.1500 83.3600 106.000000 0.000000 147.000000 49.000000
0.9400 99.1500 83.3600 0.000000 1.000000 146.000000 50.000000
0.9500 99.1500 83.1000 0.000000 0.000000 146.000000 50.000000
0.9600 99.2200 83.1000 0.000000 0.000000 147.000000 51.000000
0.9700 99.3400 83.1600 0.000000 0.000000 147.000000 51.000000
0.9800 99.3400 83.1600 10.000000 0.000000 147.000000 51.000000
0.9900 99.3400 83.1600 134.000000 1.000000 146.000000 52.000000
1.0000 99.6100 83.2100 219.000000 0.000000 146.000000 52.000000
1.0100 99.7400 83.2100 330.000000 0.000000 146.000000 52.000000
1.0200 99.9600 83.3000 461.000000 0.000000 144.000000 51.000000
1.0300 100.2500 83.4100 537.000000 0.000000 143.000000 51.000000
1.0400 100.5400 83.6000 569.000000 0.000000 143.000000 51.000000
1.0500 100.8300 83.8100 595.000000 0.000000 144.000000 50.000000
1.0600 100.9200 84.0300 606.000000 0.000000 143.000000 50.000000
1.0700 100.8600 84.0800 588.000000 0.000000 143.000000 50.000000
1.0800 100.7000 84.1300 543.000000 0.000000 144.000000 49.000000
1.0900 100.2100 83.9700 491.000000 0.000000 144.000000 49.000000
1.1000 99.6200 83.6900 481.000000 0.000000 146.000000 49.000000
1.1100 98.9600 83.3700 330.000000 0.000000 146.000000 49.000000
1.1200 98.7600 83.1600 182.000000 0.000000 147.000000 49.000000
1.1300 98.8200 83.0300 81.000000 0.000000 147.000000 49.000000
1.1400 99.0500 83.1100 8.000000 1.000000 148.000000 50.000000
1.1500 99.0500 83.1100 0.000000 0.000000 148.000000 50.000000
1.1600 99.8800 83.7900 0.000000 0.000000 148.000000 50.000000
1.1700 99.8800 83.7900 54.000000 1.000000 148.000000 50.000000
1.1800 100.3500 84.7600 153.000000 0.000000 145.000000 51.000000
1.1900 100.4200 85.3000 269.000000 0.000000 145.000000 51.000000
1.2000 100.4900 85.6700 373.000000 0.000000 143.000000 51.000000
1.2100 100.5700 85.8400 397.000000 0.000000 141.000000 51.000000
1.2200 100.5700 85.8400 409.000000 0.000000 140.000000 51.000000
1.2300 100.6200 85.8400 415.000000 0.000000 140.000000 51.000000
1.2400 100.7000 85.5000 423.000000 0.000000 140.000000 51.000000
1.2500 100.7700 85.0500 431.000000 0.000000 140.000000 51.000000
1.2600 100.8300 84.5700 428.000000 0.000000 140.000000 51.000000
1.2700 100.9400 84.2500 418.000000 0.000000 140.000000 51.000000
1.2800 101.1000 84.0500 415.000000 0.000000 141.000000 50.000000
1.2900 101.2800 84.0500 423.000000 0.000000 142.000000 49.000000
1.3000 101.5000 84.1600 415.000000 0.000000 143.000000 49.000000
1.3100 101.7200 84.3900 412.000000 0.000000 143.000000 49.000000
1.3200 101.8400 84.5200 412.000000 0.000000 143.000000 49.000000
1.3300 101.8900 84.6700 404.000000 0.000000 143.000000 49.000000
1.3400 101.9800 84.8300 407.000000 0.000000 143.000000 49.000000
1.3500 102.0800 84.8300 410.000000 0.000000 144.000000 49.000000
1.3600 102.1800 84.7200 422.000000 0.000000 144.000000 49.000000
1.3700 102.3900 84.5100 414.000000 0.000000 144.000000 49.000000
1.3800 102.6500 84.3700 420.000000 0.000000 144.000000 49.000000
1.3900 102.9500 84.3000 438.000000 0.000000 144.000000 49.000000
1.4000 103.2400 84.3000 441.000000 0.000000 144.000000 49.000000
1.4100 103.4100 84.3600 439.000000 0.000000 144.000000 49.000000
1.4200 103.5200 84.4700 431.000000 0.000000 144.000000 49.000000
1.4300 103.4300 84.6100 414.000000 0.000000 145.000000 48.000000
1.4400 103.2300 84.7900 413.000000 0.000000 145.000000 48.000000
1.4500 102.9500 84.7900 417.000000 0.000000 145.000000 48.000000
1.4600 102.6900 84.7900 422.000000 0.000000 145.000000 48.000000
1.4700 102.6400 84.7900 415.000000 0.000000 145.000000 48.000000
1.4800 102.6400 84.7900 414.000000 0.000000 145.000000 48.000000
1.4900 102.6400 84.7900 423.000000 0.000000 145.000000 48.000000
1.5000 103.1700 84.6400 433.000000 0.000000 145.000000 48.000000
1.5100 103.5400 84.5900 433.000000 0.000000 145.000000 48.000000
1.5200 103.8100 84.6400 439.000000 0.000000 144.000000 48.000000
1.5300 103.9600 84.6900 475.000000 0.000000 144.000000 48.000000
1.5400 104.0300 84.7700 519.000000 0.000000 145.000000 48.000000
1.5500 104.0300 84.8700 527.000000 0.000000 145.000000 48.000000
1.5600 104.0300 85.0200 535.000000 0.000000 145.000000 48.000000
1.5700 104.0300 85.1500 533.000000 0.000000 145.000000 48.000000
1.5800 104.1500 85.2500 498.000000 0.000000 145.000000 48.000000
1.5900 104.2900 85.3400 422.000000 0.000000 145.000000 48.000000
1.6000 104.4900 85.4000 228.000000 0.000000 144.000000 49.000000
1.6100 104.6600 85.4000 1.000000 1.000000 145.000000 50.000000
1.6200 104.6600 85.4000 0.000000 0.000000 144.000000 50.000000
1.6300 104.4600 84.6400 0.000000 0.000000 144.000000 50.000000
1.6400 103.9500 84.0300 0.000000 0.000000 143.000000 51.000000
1.6500 103.4500 83.3700 0.000000 0.000000 143.000000 51.000000
1.6600 102.7800 82.6500 0.000000 0.000000 142.000000 52.000000
1.6700 101.9900 81.9000 0.000000 0.000000 141.000000 52.000000
1.6800 101.0100 81.0800 0.000000 0.000000 142.000000 53.000000
1.6900 99.8300 80.1500 0.000000 0.000000 142.000000 53.000000
1.7000 98.5200 79.1600 0.000000 0.000000 142.000000 53.000000
1.7100 97.4200 78.4900 0.000000 0.000000 142.000000 53.000000
1.7200 96.7000 78.0200 0.000000 0.000000 142.000000 53.000000
1.7300 96.2400 77.8800 0.000000 0.000000 142.000000 53.000000
1.7400 96.0600 77.9500 0.000000 0.000000 142.000000 53.000000
1.7500 96.0600 77.9500 65.000000 1.000000 141.000000 52.000000
1.7600 96.3400 78.4800 163.000000 0.000000 141.000000 52.000000
1.7700 96.4000 78.7600 274.000000 0.000000 140.000000 52.000000
1.7800 96.5000 78.9600 351.000000 0.000000 140.000000 52.000000
1.7900 96.5700 78.9600 423.000000 0.000000 141.000000 51.000000
1.8000 96.5700 78.8900 439.000000 0.000000 140.000000 51.000000
1.8100 96.6200 78.7900 466.000000 0.000000 141.000000 50.000000
1.8200 96.6200 78.6500 485.000000 0.000000 142.000000 49.000000
1.8300 96.7300 78.4800 512.000000 0.000000 142.000000 49.000000
1.8400 96.8100 78.3500 538.000000 0.000000 142.000000 49.000000
1.8500 96.9400 78.3500 551.000000 0.000000 143.000000 49.000000
1.8600 97.1000 78.3500 563.000000 0.000000 143.000000 49.000000
1.8700 97.3300 78.5600 569.000000 0.000000 143.000000 49.000000
1.8800 97.5200 78.8800 556.000000 0.000000 143.000000 49.000000
1.8900 97.6600 79.2800 540.000000 0.000000 143.000000 49.000000
1.9000 97.6600 79.5600 532.000000 0.000000 143.000000 49.000000
1.9100 97.5700 79.6400 516.000000 0.000000 144.000000 49.000000
1.9200 97.5000 79.5900 512.000000 0.000000 144.000000 49.000000
1.9300 97.5000 79.4000 512.000000 0.000000 144.000000 49.000000
1.9400 97.5600 79.1000 504.000000 0.000000 144.000000 49.000000
1.9500 97.6700 78.7400 497.000000 0.000000 143.000000 50.000000
1.9600 97.8300 78.5300 489.000000 0.000000 143.000000 50.000000
1.9700 98.0600 78.4600 495.000000 0.000000 143.000000 50.000000
1.9800 98.3400 78.4600 495.000000 0.000000 143.000000 50.000000
1.9900 98.6200 78.6100 488.000000 0.000000 143.000000 50.000000
2.0000 98.7700 78.8500 489.000000 0.000000 144.000000 49.000000
2.0100 98.8500 79.1600 491.000000 0.000000 144.000000 49.000000
2.0200 98.8500 79.5200 488.000000 0.000000 144.000000 49.000000
2.0300 98.8500 79.8300 505.000000 0.000000 145.000000 50.000000
2.0400 98.7400 79.9400 512.000000 0.000000 144.000000 50.000000
2.0500 98.7400 79.9400 512.000000 0.000000 144.000000 50.000000
2.0600 98.7900 79.8600 510.000000 0.000000 145.000000 51.000000
2.0700 98.8700 79.7500 512.000000 0.000000 144.000000 51.000000
2.0800 99.0100 79.5900 520.000000 0.000000 144.000000 51.000000
2.0900 99.2300 79.4400 518.000000 0.000000 144.000000 51.000000
2.1000 99.5200 79.4400 521.000000 0.000000 144.000000 51.000000
2.1100 99.8300 79.4400 522.000000 0.000000 144.000000 51.000000
2.1200 100.0600 79.6700 526.000000 0.000000 143.000000 51.000000
2.1300 100.2500 79.9500 521.000000 0.000000 142.000000 50.000000
2.1400 100.3200 80.2800 513.000000 0.000000 142.000000 50.000000
2.1500 100.3200 80.6300 510.000000 0.000000 141.000000 50.000000
2.1600 100.2300 80.9400 519.000000 0.000000 140.000000 50.000000
2.1700 100.1700 81.1500 522.000000 0.000000 140.000000 50.000000
2.1800 100.1100 81.1500 512.000000 0.000000 140.000000 50.000000
2.1900 100.0400 81.1500 512.000000 0.000000 138.000000 49.000000
2.2000 100.0400 80.9300 519.000000 0.000000 138.000000 49.000000
2.2100 100.0900 80.6000 518.000000 0.000000 138.000000 49.000000
2.2200 100.1800 80.1800 521.000000 0.000000 138.000000 49.000000
2.2300 100.2900 79.8000 526.000000 0.000000 138.000000 49.000000
2.2400 100.4100 79.5600 540.000000 0.000000 138.000000 49.000000
2.2500 100.5400 79.4100 541.000000 0.000000 138.000000 49.000000
2.2600 100.7000 79.4100 543.000000 0.000000 138.000000 49.000000
2.2700 100.8500 79.4800 546.000000 0.000000 137.000000 50.000000
2.2800 100.9700 79.6900 546.000000 0.000000 137.000000 50.000000
2.2900 101.1200 80.0700 536.000000 0.000000 137.000000 50.000000
2.3000 101.1700 80.4700 535.000000 0.000000 137.000000 50.000000
2.3100 101.1700 80.8800 521.000000 0.000000 137.000000 50.000000
2.3200 101.0800 81.3500 497.000000 0.000000 137.000000 50.000000
2.3300 100.8500 81.8000 464.000000 0.000000 137.000000 50.000000
2.3400 100.5200 82.2500 463.000000 0.000000 137.000000 50.000000
2.3500 100.0300 82.5300 474.000000 0.000000 137.000000 50.000000
2.3600 99.5100 82.4800 486.000000 0.000000 138.000000 49.000000
2.3700 98.9800 82.2000 504.000000 0.000000 140.000000 50.000000
2.3800 98.6400 81.5300 546.000000 0.000000 140.000000 50.000000
2.3900 98.3200 80.6000 572.000000 0.000000 141.000000 49.000000
2.4000 98.0500 79.5000 613.000000 0.000000 142.000000 49.000000
2.4100 97.9500 78.6200 630.000000 0.000000 142.000000 49.000000
2.4200 97.9500 78.0200 646.000000 0.000000 143.000000 49.000000
2.4300 98.0600 77.6200 665.000000 0.000000 144.000000 49.000000
2.4400 98.1100 77.5100 720.000000 0.000000 144.000000 49.000000
2.4500 98.1100 77.5100 760.000000 0.000000 144.000000 49.000000
2.4600 98.1100 77.6300 765.000000 0.000000 144.000000 49.000000
2.4700 98.1100 78.1600 754.000000 0.000000 143.000000 49.000000
2.4800 98.1100 79.0800 757.000000 0.000000 143.000000 49.000000
2.4900 98.0600 80.2600 721.000000 0.000000 143.000000 49.000000
2.5000 97.9100 81.5400 659.000000 0.000000 143.000000 49.000000
2.5100 97.5800 83.0300 561.000000 0.000000 143.000000 49.000000
2.5200 97.1400 84.6600 559.000000 0.000000 143.000000 49.000000
2.5300 96.6000 86.1700 588.000000 0.000000 143.000000 49.000000
2.5400 96.0600 86.6700 592.000000 0.000000 143.000000 49.000000
2.5500 95.6800 86.5100 613.000000 0.000000 143.000000 49.000000
2.5600 95.4000 85.8500 678.000000 0.000000 144.000000 48.000000
2.5700 94.9600 84.4000 730.000000 0.000000 144.000000 48.000000
2.5800 94.5600 82.4200 768.000000 0.000000 144.000000 48.000000
2.5900 94.3500 80.4100 785.000000 0.000000 144.000000 48.000000
2.6000 94.2600 78.3600 776.000000 0.000000 143.000000 48.000000
2.6100 94.3100 77.1400 739.000000 0.000000 142.000000 48.000000
2.6200 94.5800 76.4800 640.000000 0.000000 142.000000 48.000000
2.6300 95.0000 76.2100 381.000000 0.000000 142.000000 48.000000
