0.0000 22.5100 30.4300 22.000000 1.000000 135.000000 46.000000
0.0100 22.3100 30.9600 56.000000 0.000000 136.000000 47.000000
0.0200 22.1700 30.9600 78.000000 0.000000 135.000000 47.000000
0.0300 22.2200 31.2000 100.000000 0.000000 136.000000 48.000000
0.0400 22.3000 31.4400 153.000000 0.000000 137.000000 48.000000
0.0500 22.3900 31.7200 188.000000 0.000000 138.000000 49.000000
0.0600 22.4900 32.0100 213.000000 0.000000 138.000000 49.000000
0.0700 22.4900 32.0100 212.000000 0.000000 140.000000 50.000000
0.0800 22.4900 32.0100 233.000000 0.000000 140.000000 50.000000
0.0900 22.3800 31.5100 250.000000 0.000000 140.000000 50.000000
0.1000 21.8100 30.7000 257.000000 0.000000 140.000000 50.000000
0.1100 20.9400 29.2200 259.000000 0.000000 140.000000 50.000000
0.1200 19.5900 27.6300 274.000000 0.000000 140.000000 50.000000
0.1300 18.1700 25.9800 277.000000 0.000000 138.000000 49.000000
0.1400 16.7000 24.6000 276.000000 0.000000 138.000000 50.000000
0.1500 15.1900 23.5400 302.000000 0.000000 138.000000 50.000000
0.1600 14.1700 22.6900 327.000000 0.000000 137.000000 51.000000
0.1700 13.4800 22.4000 354.000000 0.000000 138.000000 51.000000
0.1800 13.2900 22.5500 339.000000 0.000000 138.000000 51.000000
0.1900 13.5200 23.0000 319.000000 0.000000 139.000000 52.000000
0.2000 14.0200 24.1200 314.000000 0.000000 139.000000 52.000000
0.2100 14.8900 25.3600 305.000000 0.000000 139.000000 52.000000
0.2200 16.1200 26.6900 315.000000 0.000000 140.000000 53.000000
0.2300 17.5800 28.3400 309.000000 0.000000 140.000000 53.000000
0.2400 19.2400 29.9900 324.000000 0.000000 140.000000 52.000000
0.2500 21.1000 31.3700 345.000000 0.000000 141.000000 51.000000
0.2600 23.0900 32.5800 354.000000 0.000000 141.000000 51.000000
0.2700 24.5600 33.5200 361.000000 0.000000 141.000000 50.000000
0.2800 25.5400 34.0000 361.000000 0.000000 141.000000 50.000000
0.2900 26.1900 34.1700 367.000000 0.000000 141.000000 50.000000
0.3000 26.1900 34.0000 397.000000 0.000000 142.000000 49.000000
0.3100 25.5600 33.3600 397.000000 0.000000 143.000000 50.000000
0.3200 24.6000 32.4100 372.000000 0.000000 143.000000 50.000000
0.3300 22.8700 30.9700 369.000000 0.000000 143.000000 50.000000
0.3400 20.7100 29.5200 373.000000 0.000000 143.000000 50.000000
0.3500 18.2700 28.0600 367.000000 0.000000 143.000000 50.000000
0.3600 16.0600 26.5700 371.000000 0.000000 143.000000 50.000000
0.3700 14.5000 25.5600 377.000000 0.000000 142.000000 50.000000
0.3800 13.3800 24.8600 372.000000 0.000000 142.000000 50.000000
0.3900 13.0100 24.4600 351.000000 0.000000 142.000000 50.000000
0.4000 13.2000 24.3500 364.000000 0.000000 141.000000 51.000000
0.4100 13.7600 24.4300 400.000000 0.000000 140.000000 52.000000
0.4200 15.0400 25.0900 422.000000 0.000000 139.000000 52.000000
0.4300 17.2800 26.1700 450.000000 0.000000 139.000000 52.000000
0.4400 20.1500 27.5300 464.000000 0.000000 139.000000 52.000000
0.4500 23.3900 29.1200 468.000000 0.000000 140.000000 52.000000
0.4600 26.2000 30.2500 465.000000 0.000000 141.000000 51.000000
0.4700 28.7300 31.0800 427.000000 0.000000 142.000000 50.000000
0.4800 30.6800 31.5900 361.000000 0.000000 143.000000 51.000000
0.4900 31.8700 31.8000 260.000000 0.000000 144.000000 50.000000
0.5000 32.5600 31.8000 122.000000 0.000000 145.000000 50.000000
0.5100 32.5600 31.8000 0.000000 1.000000 145.000000 50.000000
0.5200 32.0700 31.6500 0.000000 0.000000 146.000000 49.000000
0.5300 31.1700 31.5000 0.000000 0.000000 146.000000 49.000000
0.5400 29.7500 31.2800 0.000000 0.000000 145.000000 50.000000
0.5500 28.0800 30.9500 0.000000 0.000000 145.000000 50.000000
0.5600 26.2300 30.5800 0.000000 0.000000 145.000000 50.000000
0.5700 24.3400 30.0600 0.000000 0.000000 145.000000 50.000000
0.5800 22.8200 29.4400 0.000000 0.000000 145.000000 50.000000
0.5900 21.5400 28.8900 0.000000 0.000000 145.000000 50.000000
0.6000 20.8400 28.4500 0.000000 0.000000 144.000000 49.000000
0.6100 20.9000 28.0900 0.000000 0.000000 144.000000 49.000000
0.6200 21.4600 27.9600 0.000000 0.000000 143.000000 50.000000
0.6300 21.4600 27.9600 56.000000 1.000000 143.000000 50.000000
0.6400 21.4600 27.9600 127.000000 0.000000 143.000000 50.000000
0.6500 22.0300 28.0400 212.000000 0.000000 143.000000 50.000000
0.6600 22.7000 28.3500 267.000000 0.000000 143.000000 50.000000
0.6700 23.5600 28.7700 315.000000 0.000000 143.000000 50.000000
0.6800 24.5400 29.3100 334.000000 0.000000 144.000000 49.000000
0.6900 25.4000 29.8000 366.000000 0.000000 145.000000 50.000000
0.7000 25.9800 30.2600 376.000000 0.000000 145.000000 50.000000
0.7100 26.3800 30.5400 407.000000 0.000000 145.000000 50.000000
0.7200 26.3800 30.6500 399.000000 0.000000 146.000000 49.000000
0.7300 26.0400 30.6500 379.000000 0.000000 146.000000 49.000000
0.7400 25.5100 30.4600 371.000000 0.000000 146.000000 49.000000
0.7500 24.7000 30.0800 373.000000 0.000000 146.000000 49.000000
0.7600 24.0900 29.5700 361.000000 0.000000 146.000000 49.000000
0.7700 23.6000 29.3000 339.000000 0.000000 146.000000 49.000000
0.7800 23.6000 29.1700 325.000000 0.000000 146.000000 49.000000
0.7900 23.8800 29.1700 322.000000 0.000000 146.000000 49.000000
0.8000 24.2600 29.1700 314.000000 0.000000 146.000000 49.000000
0.8100 24.7400 29.3900 291.000000 0.000000 145.000000 48.000000
0.8200 25.3100 29.7800 267.000000 0.000000 146.000000 49.000000
0.8300 25.9300 30.0800 260.000000 0.000000 146.000000 49.000000
0.8400 26.2700 30.3200 259.000000 0.000000 146.000000 49.000000
0.8500 26.4300 30.4500 260.000000 0.000000 146.000000 49.000000
0.8600 26.4800 30.5000 267.000000 0.000000 146.000000 49.000000
0.8700 26.5400 30.5000 280.000000 0.000000 146.000000 49.000000
0.8800 26.5400 30.5000 287.000000 0.000000 146.000000 49.000000
0.8900 26.5400 30.5000 301.000000 0.000000 146.000000 49.000000
0.9000 26.5400 30.5000 317.000000 0.000000 146.000000 49.000000
0.9100 26.9900 30.6300 336.000000 0.000000 146.000000 49.000000
0.9200 27.3300 30.7400 362.000000 0.000000 146.000000 49.000000
0.9300 27.6900 30.9300 391.000000 0.000000 145.000000 48.000000
0.9400 28.0000 31.1200 404.000000 0.000000 145.000000 48.000000
0.9500 28.2800 31.2700 458.000000 0.000000 145.000000 48.000000
0.9600 28.2800 31.3800 473.000000 0.000000 145.000000 48.000000
0.9700 28.2100 31.3800 460.000000 0.000000 145.000000 48.000000
0.9800 28.0100 31.3800 447.000000 0.000000 145.000000 48.000000
0.9900 27.6800 31.3800 422.000000 0.000000 145.000000 48.000000
1.0000 27.3500 31.3800 379.000000 0.000000 145.000000 48.000000
1.0100 27.2200 31.3000 325.000000 0.000000 145.000000 48.000000
1.0200 27.2200 31.3000 255.000000 0.000000 145.000000 48.000000
1.0300 27.2200 31.3600 191.000000 0.000000 144.000000 48.000000
1.0400 27.2700 31.5000 148.000000 0.000000 144.000000 48.000000
1.0500 27.3300 31.7000 96.000000 0.000000 143.000000 49.000000
1.0600 27.4100 31.9300 91.000000 0.000000 143.000000 49.000000
1.0700 27.5200 32.1800 113.000000 0.000000 143.000000 49.000000
1.0800 27.6200 32.3900 158.000000 0.000000 143.000000 49.000000
1.0900 27.7200 32.5700 185.000000 0.000000 143.000000 49.000000
1.1000 27.7200 32.4900 211.000000 0.000000 143.000000 49.000000
1.1100 27.7200 32.3400 247.000000 0.000000 143.000000 49.000000
1.1200 27.7200 32.0800 256.000000 0.000000 142.000000 48.000000
1.1300 27.7900 31.7700 257.000000 0.000000 142.000000 48.000000
1.1400 27.9000 31.4500 272.000000 0.000000 142.000000 48.000000
1.1500 28.0400 31.3100 274.000000 0.000000 142.000000 48.000000
1.1600 28.1900 31.3100 299.000000 0.000000 142.000000 48.000000
1.1700 28.3200 31.3100 322.000000 0.000000 143.000000 49.000000
1.1800 28.3200 31.3700 368.000000 0.000000 143.000000 49.000000
1.1900 28.3700 31.4400 361.000000 0.000000 143.000000 49.000000
1.2000 28.3700 31.6000 369.000000 0.000000 143.000000 49.000000
1.2100 28.2900 31.7600 364.000000 0.000000 143.000000 49.000000
1.2200 28.2900 31.8100 359.000000 0.000000 143.000000 49.000000
1.2300 28.2900 31.8100 354.000000 0.000000 143.000000 49.000000
1.2400 28.3900 31.6900 356.000000 0.000000 143.000000 49.000000
1.2500 28.6400 31.6400 373.000000 0.000000 143.000000 49.000000
1.2600 28.9900 31.6400 376.000000 0.000000 143.000000 49.000000
1.2700 29.4200 31.5800 399.000000 0.000000 143.000000 49.000000
1.2800 29.8600 31.7500 412.000000 0.000000 143.000000 49.000000
1.2900 30.2900 32.0700 425.000000 0.000000 143.000000 49.000000
1.3000 30.4800 32.2600 481.000000 0.000000 143.000000 49.000000
1.3100 30.4800 32.4100 495.000000 0.000000 144.000000 49.000000
1.3200 30.4800 32.5100 491.000000 0.000000 144.000000 49.000000
1.3300 30.2700 32.6000 494.000000 0.000000 144.000000 49.000000
1.3400 29.9700 32.4200 498.000000 0.000000 144.000000 49.000000
1.3500 29.6300 32.2400 470.000000 0.000000 144.000000 49.000000
1.3600 29.3700 32.0600 415.000000 0.000000 144.000000 49.000000
1.3700 29.3000 31.8000 297.000000 0.000000 144.000000 49.000000
1.3800 29.3000 31.5100 100.000000 0.000000 144.000000 49.000000
1.3900 29.3000 31.5100 0.000000 1.000000 144.000000 49.000000
1.4000 29.5600 31.2300 0.000000 0.000000 143.000000 49.000000
1.4100 29.5600 31.2300 0.000000 0.000000 143.000000 49.000000
1.4200 29.5600 31.2300 0.000000 0.000000 143.000000 49.000000
1.4300 29.4200 31.2300 0.000000 0.000000 143.000000 49.000000
1.4400 29.1700 31.1000 0.000000 0.000000 143.000000 49.000000
1.4500 28.8900 30.9000 0.000000 0.000000 142.000000 48.000000
1.4600 28.2500 30.5900 0.000000 0.000000 142.000000 48.000000
1.4700 27.3700 30.2200 0.000000 0.000000 140.000000 48.000000
1.4800 26.7600 29.8200 0.000000 0.000000 140.000000 48.000000
1.4900 26.3300 29.4500 0.000000 0.000000 140.000000 48.000000
1.5000 26.0300 29.0900 0.000000 0.000000 139.000000 48.000000
1.5100 25.8200 28.8100 0.000000 0.000000 139.000000 48.000000
1.5200 25.6300 28.5700 0.000000 0.000000 141.000000 49.000000
1.5300 25.4700 28.3600 0.000000 0.000000 141.000000 49.000000
1.5400 25.2700 28.1000 0.000000 0.000000 142.000000 49.000000
1.5500 25.2700 28.1000 36.000000 1.000000 142.000000 49.000000
1.5600 24.7500 27.5100 130.000000 0.000000 143.000000 50.000000
1.5700 24.4600 27.2200 188.000000 0.000000 143.000000 50.000000
1.5800 24.1800 26.9200 242.000000 0.000000 142.000000 50.000000
1.5900 24.1200 26.7800 273.000000 0.000000 142.000000 50.000000
1.6000 24.1800 26.7300 294.000000 0.000000 141.000000 50.000000
1.6100 24.3300 26.7300 334.000000 0.000000 141.000000 50.000000
1.6200 24.6100 26.8500 354.000000 0.000000 141.000000 50.000000
1.6300 24.8900 27.0900 371.000000 0.000000 141.000000 50.000000
1.6400 25.1500 27.4600 381.000000 0.000000 141.000000 49.000000
1.6500 25.2300 27.7600 394.000000 0.000000 141.000000 49.000000
1.6600 25.2300 27.9400 407.000000 0.000000 141.000000 49.000000
1.6700 25.0900 27.9400 405.000000 0.000000 141.000000 49.000000
1.6800 24.9600 27.8500 397.000000 0.000000 141.000000 49.000000
1.6900 24.8000 27.6100 376.000000 0.000000 142.000000 48.000000
1.7000 24.8000 27.3600 353.000000 0.000000 142.000000 48.000000
1.7100 24.9700 27.1000 329.000000 0.000000 141.000000 49.000000
1.7200 25.3100 26.9700 307.000000 0.000000 142.000000 49.000000
1.7300 25.8800 27.0500 304.000000 0.000000 142.000000 49.000000
1.7400 26.4800 27.2800 289.000000 0.000000 142.000000 49.000000
1.7500 26.8600 27.5600 291.000000 0.000000 142.000000 49.000000
1.7600 27.0700 27.7900 294.000000 0.000000 142.000000 49.000000
1.7700 27.0700 27.9300 310.000000 0.000000 141.000000 50.000000
1.7800 26.9400 28.0000 333.000000 0.000000 140.000000 50.000000
1.7900 26.7700 28.0000 348.000000 0.000000 140.000000 50.000000
1.8000 26.6600 27.9200 351.000000 0.000000 140.000000 50.000000
1.8100 26.6000 27.8600 351.000000 0.000000 139.000000 48.000000
1.8200 26.6000 27.8600 358.000000 0.000000 139.000000 48.000000
1.8300 26.8500 27.7800 363.000000 0.000000 139.000000 48.000000
1.8400 27.1900 27.8700 364.000000 0.000000 140.000000 48.000000
1.8500 27.5100 28.0600 369.000000 0.000000 140.000000 48.000000
1.8600 27.7200 28.2400 371.000000 0.000000 140.000000 48.000000
1.8700 27.8600 28.3900 379.000000 0.000000 140.000000 48.000000
1.8800 27.9200 28.4500 391.000000 0.000000 140.000000 48.000000
1.8900 27.9200 28.4500 388.000000 0.000000 140.000000 48.000000
1.9000 27.9200 28.3100 404.000000 0.000000 140.000000 48.000000
1.9100 27.9200 28.1600 394.000000 0.000000 140.000000 48.000000
1.9200 28.0100 28.0600 389.000000 0.000000 140.000000 48.000000
1.9300 28.1100 28.0000 392.000000 0.000000 140.000000 48.000000
1.9400 28.3400 28.0000 396.000000 0.000000 140.000000 48.000000
1.9500 28.6500 28.1200 400.000000 0.000000 140.000000 48.000000
1.9600 28.9100 28.3300 404.000000 0.000000 142.000000 48.000000
1.9700 29.1300 28.5700 410.000000 0.000000 142.000000 48.000000
1.9800 29.3100 28.8700 412.000000 0.000000 142.000000 48.000000
1.9900 29.4100 29.2000 413.000000 0.000000 142.000000 48.000000
2.0000 29.4100 29.4500 413.000000 0.000000 142.000000 48.000000
2.0100 29.4100 29.6400 417.000000 0.000000 142.000000 48.000000
2.0200 29.4100 29.7300 415.000000 0.000000 142.000000 48.000000
2.0300 29.2400 29.6200 413.000000 0.000000 142.000000 48.000000
2.0400 29.0500 29.3900 415.000000 0.000000 142.000000 48.000000
2.0500 28.8100 28.9700 413.000000 0.000000 142.000000 48.000000
2.0600 28.6100 28.5300 415.000000 0.000000 141.000000 49.000000
2.0700 28.4600 28.0700 417.000000 0.000000 141.000000 49.000000
2.0800 28.3700 27.7700 425.000000 0.000000 141.000000 49.000000
2.0900 28.3200 27.5600 415.000000 0.000000 141.000000 49.000000
2.1000 28.3200 27.5600 448.000000 0.000000 141.000000 49.000000
2.1100 28.3200 27.5600 465.000000 0.000000 141.000000 49.000000
2.1200 28.4000 27.7000 468.000000 0.000000 139.000000 48.000000
2.1300 28.5100 28.1100 469.000000 0.000000 139.000000 48.000000
2.1400 28.7100 28.7800 456.000000 0.000000 139.000000 48.000000
2.1500 28.8600 29.6300 447.000000 0.000000 139.000000 48.000000
2.1600 28.9700 30.5600 433.000000 0.000000 139.000000 48.000000
2.1700 28.8700 31.6200 413.000000 0.000000 139.000000 48.000000
2.1800 28.6300 32.7700 396.000000 0.000000 139.000000 48.000000
2.1900 28.2900 33.9100 409.000000 0.000000 138.000000 49.000000
2.2000 27.8900 34.4800 431.000000 0.000000 137.000000 48.000000
2.2100 27.3500 34.6800 442.000000 0.000000 137.000000 48.000000
2.2200 26.7100 34.2600 474.000000 0.000000 136.000000 49.000000
2.2300 25.8800 33.2500 510.000000 0.000000 136.000000 49.000000
2.2400 25.0500 31.8400 546.000000 0.000000 136.000000 49.000000
2.2500 24.2300 30.3600 560.000000 0.000000 136.000000 49.000000
2.2600 23.6700 29.0200 572.000000 0.000000 137.000000 48.000000
2.2700 23.1600 27.7700 580.000000 0.000000 138.000000 49.000000
2.2800 22.9100 26.9000 589.000000 0.000000 138.000000 49.000000
2.2900 22.8300 26.5600 588.000000 0.000000 138.000000 49.000000
2.3000 22.8300 26.5600 591.000000 0.000000 138.000000 49.000000
2.3100 22.8300 26.6400 569.000000 0.000000 139.000000 48.000000
2.3200 23.0500 27.3600 567.000000 0.000000 139.000000 48.000000
2.3300 23.4100 28.5100 537.000000 0.000000 138.000000 49.000000
2.3400 23.7000 29.8500 520.000000 0.000000 137.000000 48.000000
2.3500 23.9100 31.4000 472.000000 0.000000 137.000000 48.000000
2.3600 24.0700 33.0800 469.000000 0.000000 137.000000 48.000000
2.3700 23.9800 34.4900 540.000000 0.000000 137.000000 48.000000
2.3800 23.6500 35.0300 556.000000 0.000000 137.000000 48.000000
2.3900 23.1700 35.0300 566.000000 0.000000 137.000000 48.000000
2.4000 22.2500 33.9600 616.000000 0.000000 137.000000 48.000000
2.4100 20.9400 32.2000 636.000000 0.000000 137.000000 48.000000
2.4200 19.3700 29.9700 643.000000 0.000000 138.000000 48.000000
2.4300 18.2900 27.8600 614.000000 0.000000 137.000000 48.000000
2.4400 17.6800 26.1300 512.000000 0.000000 137.000000 48.000000
2.4500 17.3900 24.6500 282.000000 0.000000 136.000000 49.000000
