0.0000 22.6700 86.9000 151.000000 1.000000 147.000000 55.000000
0.0100 23.1100 87.0300 212.000000 0.000000 147.000000 55.000000
0.0200 23.2100 87.1500 249.000000 0.000000 147.000000 55.000000
0.0300 23.3400 87.1500 311.000000 0.000000 146.000000 55.000000
0.0400 23.4500 87.1500 356.000000 0.000000 146.000000 55.000000
0.0500 23.4500 86.8300 397.000000 0.000000 148.000000 56.000000
0.0600 23.4500 86.3800 414.000000 0.000000 148.000000 56.000000
0.0700 23.2100 85.5600 443.000000 0.000000 148.000000 56.000000
0.0800 22.6500 84.4800 442.000000 0.000000 148.000000 56.000000
0.0900 21.8700 83.2400 450.000000 0.000000 148.000000 56.000000
0.1000 20.6400 81.9700 440.000000 0.000000 148.000000 56.000000
0.1100 19.3600 80.7000 448.000000 0.000000 147.000000 55.000000
0.1200 18.0400 79.6000 456.000000 0.000000 147.000000 55.000000
0.1300 17.0500 78.6100 466.000000 0.000000 146.000000 54.000000
0.1400 16.3300 78.1000 463.000000 0.000000 146.000000 54.000000
0.1500 15.8000 77.9300 481.000000 0.000000 146.000000 54.000000
0.1600 15.5200 78.0000 504.000000 0.000000 145.000000 54.000000
0.1700 15.4700 78.2300 507.000000 0.000000 145.000000 54.000000
0.1800 15.5800 79.1100 509.000000 0.000000 145.000000 54.000000
0.1900 16.4200 80.4200 497.000000 0.000000 145.000000 54.000000
0.2000 18.0800 82.0600 483.000000 0.000000 145.000000 54.000000
0.2100 20.2800 83.7600 463.000000 0.000000 146.000000 54.000000
0.2200 22.7200 85.5100 465.000000 0.000000 147.000000 53.000000
0.2300 24.9700 86.8400 465.000000 0.000000 147.000000 53.000000
0.2400 27.1000 87.6500 465.000000 0.000000 147.000000 53.000000
0.2500 28.6100 88.1100 458.000000 0.000000 147.000000 53.000000
0.2600 29.4900 88.2200 440.000000 0.000000 148.000000 54.000000
0.2700 29.9400 88.0900 441.000000 0.000000 148.000000 54.000000
0.2800 29.7500 87.8000 436.000000 0.000000 148.000000 54.000000
0.2900 28.4600 86.9000 422.000000 0.000000 148.000000 54.000000
0.3000 26.4400 85.5100 415.000000 0.000000 148.000000 54.000000
0.3100 23.5400 83.7900 407.000000 0.000000 148.000000 54.000000
0.3200 20.2700 82.1600 415.000000 0.000000 148.000000 54.000000
0.3300 16.7500 80.6300 465.000000 0.000000 148.000000 53.000000
0.3400 14.0900 79.1700 467.000000 0.000000 147.000000 53.000000
0.3500 12.4900 78.3900 463.000000 0.000000 147.000000 53.000000
0.3600 11.5900 77.8600 465.000000 0.000000 146.000000 53.000000
0.3700 11.1700 77.4900 483.000000 0.000000 143.000000 53.000000
0.3800 11.4100 77.4900 519.000000 0.000000 143.000000 53.000000
0.3900 12.1000 77.7500 550.000000 0.000000 142.000000 53.000000
0.4000 13.4900 78.0800 561.000000 0.000000 142.000000 53.000000
0.4100 15.5900 78.9000 572.000000 0.000000 141.000000 52.000000
0.4200 18.1700 79.9800 564.000000 0.000000 142.000000 53.000000
0.4300 21.3400 81.2400 545.000000 0.000000 142.000000 53.000000
0.4400 24.4300 82.3700 518.000000 0.000000 145.000000 53.000000
0.4500 27.4600 83.2100 448.000000 0.000000 146.000000 53.000000
0.4600 29.5100 83.8500 324.000000 0.000000 147.000000 52.000000
0.4700 30.6900 84.1000 186.000000 0.000000 148.000000 53.000000
0.4800 31.2900 84.1000 61.000000 0.000000 150.000000 52.000000
0.4900 31.2900 84.1000 0.000000 1.000000 152.000000 53.000000
0.5000 30.3800 83.8700 0.000000 0.000000 153.000000 52.000000
0.5100 29.2700 83.6800 0.000000 0.000000 154.000000 52.000000
0.5200 27.8000 83.4300 0.000000 0.000000 154.000000 52.000000
0.5300 26.1700 83.1800 0.000000 0.000000 154.000000 52.000000
0.5400 24.4300 82.8200 0.000000 0.000000 154.000000 52.000000
0.5500 23.2500 82.3900 0.000000 0.000000 154.000000 52.000000
0.5600 23.2500 82.3900 191.000000 1.000000 153.000000 52.000000
0.5700 21.6400 81.7600 245.000000 0.000000 152.000000 53.000000
0.5800 21.4600 81.6900 220.000000 0.000000 152.000000 53.000000
0.5900 21.6600 81.6900 211.000000 0.000000 152.000000 53.000000
0.6000 22.1200 81.7400 241.000000 0.000000 152.000000 53.000000
0.6100 22.8100 81.9300 273.000000 0.000000 150.000000 52.000000
0.6200 23.7100 82.2100 294.000000 0.000000 152.000000 53.000000
0.6300 24.7600 82.6300 299.000000 0.000000 152.000000 53.000000
0.6400 25.9600 83.1600 294.000000 0.000000 152.000000 53.000000
0.6500 27.0700 83.7700 286.000000 0.000000 152.000000 53.000000
0.6600 27.4700 84.0300 311.000000 0.000000 152.000000 53.000000
0.6700 27.4700 84.0800 316.000000 0.000000 152.000000 53.000000
0.6800 27.1100 84.0000 314.000000 0.000000 152.000000 53.000000
0.6900 26.4200 83.5800 310.000000 0.000000 151.000000 51.000000
0.7000 25.4700 83.1100 369.000000 0.000000 151.000000 51.000000
0.7100 24.7000 82.5900 405.000000 0.000000 151.000000 51.000000
0.7200 24.4200 82.3500 391.000000 0.000000 151.000000 51.000000
0.7300 24.4200 82.2800 382.000000 0.000000 151.000000 51.000000
0.7400 24.6200 82.2800 387.000000 0.000000 151.000000 51.000000
0.7500 24.9800 82.3800 386.000000 0.000000 153.000000 52.000000
0.7600 25.4600 82.6300 386.000000 0.000000 153.000000 52.000000
0.7700 26.0800 82.9500 351.000000 0.000000 154.000000 52.000000
0.7800 26.6500 83.2500 348.000000 0.000000 154.000000 52.000000
0.7900 26.8900 83.4800 354.000000 0.000000 154.000000 52.000000
0.8000 26.8900 83.5400 361.000000 0.000000 153.000000 52.000000
0.8100 26.8300 83.4900 361.000000 0.000000 153.000000 52.000000
0.8200 26.7200 83.4200 371.000000 0.000000 153.000000 52.000000
0.8300 26.6000 83.3300 371.000000 0.000000 151.000000 51.000000
0.8400 26.7200 83.2400 379.000000 0.000000 151.000000 51.000000
0.8500 26.8600 83.2400 386.000000 0.000000 151.000000 51.000000
0.8600 27.2000 83.2400 389.000000 0.000000 151.000000 51.000000
0.8700 27.6600 83.3500 386.000000 0.000000 150.000000 51.000000
0.8800 28.1400 83.4900 381.000000 0.000000 150.000000 51.000000
0.8900 28.3800 83.6400 386.000000 0.000000 150.000000 51.000000
0.9000 28.4600 83.7000 389.000000 0.000000 150.000000 51.000000
0.9100 28.3600 83.7500 398.000000 0.000000 150.000000 51.000000
0.9200 28.1400 83.7500 398.000000 0.000000 149.000000 51.000000
0.9300 27.8300 83.7500 399.000000 0.000000 149.000000 51.000000
0.9400 27.6600 83.7500 377.000000 0.000000 149.000000 51.000000
0.9500 27.6600 83.7500 341.000000 0.000000 149.000000 51.000000
0.9600 27.7400 83.7500 304.000000 0.000000 149.000000 51.000000
0.9700 27.9400 83.8800 214.000000 0.000000 149.000000 51.000000
0.9800 28.1400 84.0400 132.000000 0.000000 148.000000 50.000000
0.9900 28.3500 84.2300 65.000000 0.000000 148.000000 50.000000
1.0000 28.4900 84.3600 32.000000 0.000000 148.000000 50.000000
1.0100 28.5800 84.4700 44.000000 0.000000 149.000000 51.000000
1.0200 28.5800 84.5300 100.000000 0.000000 149.000000 51.000000
1.0300 28.5300 84.5300 161.000000 0.000000 149.000000 51.000000
1.0400 28.4800 84.5300 213.000000 0.000000 149.000000 51.000000
1.0500 28.4800 84.5300 239.000000 0.000000 149.000000 51.000000
1.0600 28.4800 84.4600 249.000000 0.000000 149.000000 51.000000
1.0700 28.4800 84.4600 256.000000 0.000000 149.000000 51.000000
1.0800 28.4800 84.4600 254.000000 0.000000 149.000000 51.000000
1.0900 28.7900 84.1400 249.000000 0.000000 149.000000 51.000000
1.1000 28.9100 84.0000 246.000000 0.000000 149.000000 51.000000
1.1100 29.0200 83.8700 246.000000 0.000000 149.000000 51.000000
1.1200 29.1000 83.7400 249.000000 0.000000 149.000000 51.000000
1.1300 29.1600 83.7400 256.000000 0.000000 149.000000 51.000000
1.1400 29.2500 83.7400 257.000000 0.000000 149.000000 51.000000
1.1500 29.3600 83.7400 285.000000 0.000000 149.000000 51.000000
1.1600 29.5500 83.9800 277.000000 0.000000 149.000000 51.000000
1.1700 29.7500 84.2400 285.000000 0.000000 149.000000 51.000000
1.1800 29.9400 84.5300 280.000000 0.000000 149.000000 51.000000
1.1900 30.0300 84.7100 292.000000 0.000000 150.000000 51.000000
1.2000 30.0300 84.7100 309.000000 0.000000 150.000000 51.000000
1.2100 30.0300 84.7100 305.000000 0.000000 150.000000 51.000000
1.2200 30.0300 84.6200 329.000000 0.000000 150.000000 51.000000
1.2300 30.0300 84.5200 359.000000 0.000000 150.000000 51.000000
1.2400 30.1700 84.4200 391.000000 0.000000 150.000000 51.000000
1.2500 30.3600 84.4200 396.000000 0.000000 150.000000 51.000000
1.2600 30.6300 84.3700 417.000000 0.000000 150.000000 51.000000
1.2700 30.9900 84.5300 420.000000 0.000000 150.000000 51.000000
1.2800 31.4200 84.7000 443.000000 0.000000 150.000000 51.000000
1.2900 31.5500 84.8800 458.000000 0.000000 150.000000 51.000000
1.3000 31.5500 85.0300 468.000000 0.000000 150.000000 51.000000
1.3100 31.5500 85.1400 486.000000 0.000000 150.000000 51.000000
1.3200 31.4400 85.1400 492.000000 0.000000 150.000000 51.000000
1.3300 31.3800 85.1400 491.000000 0.000000 150.000000 51.000000
1.3400 31.3800 85.0400 494.000000 0.000000 150.000000 51.000000
1.3500 31.4600 84.9500 489.000000 0.000000 150.000000 51.000000
1.3600 31.7700 84.8400 486.000000 0.000000 150.000000 51.000000
1.3700 32.2100 84.8400 404.000000 0.000000 150.000000 51.000000
1.3800 32.7100 84.8400 246.000000 0.000000 150.000000 51.000000
1.3900 33.0300 84.8400 13.000000 1.000000 150.000000 51.000000
1.4000 33.0300 84.8400 0.000000 0.000000 150.000000 51.000000
1.4100 33.0200 84.7700 0.000000 0.000000 150.000000 51.000000
1.4200 32.6300 84.5500 0.000000 0.000000 150.000000 51.000000
1.4300 32.1300 84.2400 0.000000 0.000000 150.000000 51.000000
1.4400 31.5000 83.8300 0.000000 0.000000 150.000000 51.000000
1.4500 30.5600 83.3800 0.000000 0.000000 150.000000 51.000000
1.4600 29.4000 82.8700 0.000000 0.000000 150.000000 51.000000
1.4700 27.9800 82.3500 0.000000 0.000000 150.000000 51.000000
1.4800 26.5600 81.8500 0.000000 0.000000 149.000000 52.000000
1.4900 25.5000 81.3900 0.000000 0.000000 149.000000 52.000000
1.5000 24.6700 81.0700 0.000000 0.000000 149.000000 52.000000
1.5100 24.2400 80.8600 0.000000 0.000000 147.000000 52.000000
1.5200 24.0400 80.7000 0.000000 0.000000 147.000000 52.000000
1.5300 23.9900 80.5500 0.000000 0.000000 146.000000 53.000000
1.5400 24.0400 80.4200 0.000000 0.000000 145.000000 53.000000
1.5500 24.0400 80.4200 136.000000 1.000000 145.000000 53.000000
1.5600 23.9900 80.0700 218.000000 0.000000 145.000000 53.000000
1.5700 23.9900 80.0100 307.000000 0.000000 145.000000 53.000000
1.5800 23.9900 79.8900 381.000000 0.000000 145.000000 53.000000
1.5900 24.0800 79.8300 446.000000 0.000000 145.000000 53.000000
1.6000 24.3200 79.8300 467.000000 0.000000 146.000000 53.000000
1.6100 24.6600 79.9000 494.000000 0.000000 146.000000 53.000000
1.6200 25.0800 80.1400 494.000000 0.000000 147.000000 52.000000
1.6300 25.4600 80.4800 490.000000 0.000000 147.000000 52.000000
1.6400 25.6500 80.8100 472.000000 0.000000 147.000000 52.000000
1.6500 25.7200 80.9800 458.000000 0.000000 148.000000 51.000000
1.6600 25.7200 81.0500 443.000000 0.000000 148.000000 51.000000
1.6700 25.5700 81.0500 445.000000 0.000000 149.000000 52.000000
1.6800 25.4200 80.9200 443.000000 0.000000 148.000000 53.000000
1.6900 25.3100 80.7400 442.000000 0.000000 148.000000 53.000000
1.7000 25.2200 80.5700 445.000000 0.000000 148.000000 53.000000
1.7100 25.3100 80.4200 443.000000 0.000000 148.000000 53.000000
1.7200 25.5100 80.4200 441.000000 0.000000 148.000000 53.000000
1.7300 25.8200 80.4200 414.000000 0.000000 148.000000 53.000000
1.7400 26.1300 80.5600 392.000000 0.000000 148.000000 53.000000
1.7500 26.4400 80.8000 361.000000 0.000000 148.000000 53.000000
1.7600 26.7400 81.0400 341.000000 0.000000 148.000000 53.000000
1.7700 26.8000 81.1400 356.000000 0.000000 148.000000 53.000000
1.7800 26.8000 81.1400 367.000000 0.000000 148.000000 53.000000
1.7900 26.7100 81.0400 396.000000 0.000000 147.000000 52.000000
1.8000 26.6600 80.9100 422.000000 0.000000 147.000000 52.000000
1.8100 26.6100 80.7600 438.000000 0.000000 146.000000 52.000000
1.8200 26.7200 80.6000 449.000000 0.000000 146.000000 52.000000
1.8300 26.9300 80.5400 443.000000 0.000000 144.000000 51.000000
1.8400 27.2600 80.5400 448.000000 0.000000 144.000000 51.000000
1.8500 27.6200 80.7000 447.000000 0.000000 144.000000 51.000000
1.8600 28.0200 80.9800 441.000000 0.000000 144.000000 51.000000
1.8700 28.4200 81.3400 389.000000 0.000000 144.000000 51.000000
1.8800 28.6600 81.7100 356.000000 0.000000 144.000000 51.000000
1.8900 28.7800 82.0200 340.000000 0.000000 144.000000 51.000000
1.9000 28.7800 82.0800 334.000000 0.000000 144.000000 51.000000
1.9100 28.5600 82.0000 344.000000 0.000000 143.000000 51.000000
1.9200 28.2800 81.6800 369.000000 0.000000 143.000000 51.000000
1.9300 28.0100 81.2200 423.000000 0.000000 143.000000 51.000000
1.9400 27.7900 80.6700 427.000000 0.000000 143.000000 51.000000
1.9500 27.6500 80.1800 443.000000 0.000000 143.000000 51.000000
1.9600 27.5900 79.9100 452.000000 0.000000 143.000000 51.000000
1.9700 27.5900 79.7800 456.000000 0.000000 142.000000 52.000000
1.9800 27.5900 79.7800 468.000000 0.000000 142.000000 52.000000
1.9900 27.6600 79.9300 463.000000 0.000000 142.000000 52.000000
2.0000 27.8700 80.2400 448.000000 0.000000 142.000000 52.000000
2.0100 28.2000 80.9600 417.000000 0.000000 141.000000 51.000000
2.0200 28.5400 81.7900 387.000000 0.000000 142.000000 52.000000
2.0300 28.7400 82.7000 265.000000 0.000000 142.000000 52.000000
2.0400 28.8500 83.8300 182.000000 0.000000 142.000000 52.000000
2.0500 28.9600 85.1000 98.000000 0.000000 142.000000 52.000000
2.0600 28.8900 86.4700 187.000000 0.000000 142.000000 52.000000
2.0700 28.6900 86.8800 237.000000 0.000000 144.000000 51.000000
2.0800 28.1700 86.5700 364.000000 0.000000 143.000000 52.000000
2.0900 27.3500 85.7900 439.000000 0.000000 143.000000 52.000000
2.1000 26.3300 84.1300 540.000000 0.000000 143.000000 52.000000
2.1100 25.0200 82.2300 606.000000 0.000000 143.000000 52.000000
2.1200 24.0000 80.1700 640.000000 0.000000 143.000000 52.000000
2.1300 23.1600 78.3800 673.000000 0.000000 143.000000 52.000000
2.1400 22.8000 77.4500 673.000000 0.000000 142.000000 53.000000
2.1500 22.6800 77.1000 679.000000 0.000000 142.000000 53.000000
2.1600 22.7300 77.1600 673.000000 0.000000 142.000000 53.000000
2.1700 22.8700 77.7400 617.000000 0.000000 142.000000 53.000000
2.1800 23.3800 78.6800 564.000000 0.000000 142.000000 53.000000
2.1900 24.1300 80.5700 373.000000 0.000000 142.000000 53.000000
2.2000 24.7500 82.6800 191.000000 0.000000 142.000000 53.000000
2.2100 25.2600 84.9500 107.000000 0.000000 143.000000 53.000000
2.2200 25.6900 87.5600 202.000000 0.000000 143.000000 53.000000
2.2300 25.8300 88.9400 335.000000 0.000000 143.000000 53.000000
2.2400 25.5000 89.5100 389.000000 0.000000 146.000000 53.000000
2.2500 24.8500 88.9200 569.000000 0.000000 146.000000 53.000000
2.2600 23.7900 87.1700 670.000000 0.000000 148.000000 53.000000
2.2700 22.7900 84.6500 708.000000 0.000000 148.000000 53.000000
2.2800 21.2600 81.7300 719.000000 0.000000 147.000000 53.000000
2.2900 19.3500 78.9600 699.000000 0.000000 146.000000 53.000000
2.3000 18.5500 76.3000 619.000000 0.000000 146.000000 53.000000
2.3100 18.4400 75.1100 412.000000 0.000000 143.000000 53.000000
