0.0000 59.3900 9.8300 65.000000 1.000000 85.000000 59.000000
0.0100 59.3200 8.9600 170.000000 0.000000 85.000000 60.000000
0.0200 59.2400 8.7400 237.000000 0.000000 85.000000 61.000000
0.0300 59.2400 8.6200 330.000000 0.000000 85.000000 61.000000
0.0400 59.2400 8.6200 422.000000 0.000000 84.000000 62.000000
0.0500 59.2400 8.7200 468.000000 0.000000 86.000000 62.000000
0.0600 59.2400 8.8800 517.000000 0.000000 86.000000 62.000000
0.0700 59.2400 9.3700 559.000000 0.000000 86.000000 62.000000
0.0800 59.1800 10.0800 561.000000 0.000000 86.000000 62.000000
0.0900 59.1000 11.0500 586.000000 0.000000 86.000000 62.000000
0.1000 58.9900 12.3600 586.000000 0.000000 84.000000 62.000000
0.1100 58.8700 13.9000 592.000000 0.000000 85.000000 61.000000
0.1200 58.7700 15.6700 614.000000 0.000000 83.000000 60.000000
0.1300 58.6900 17.1700 630.000000 0.000000 85.000000 59.000000
0.1400 58.6200 18.4900 643.000000 0.000000 85.000000 59.000000
0.1500 58.5700 19.0600 658.000000 0.000000 87.000000 58.000000
0.1600 58.5700 19.3000 659.000000 0.000000 90.000000 57.000000
0.1700 58.5200 19.3000 652.000000 0.000000 90.000000 57.000000
0.1800 58.5200 19.2400 647.000000 0.000000 93.000000 57.000000
0.1900 58.7000 19.1000 652.000000 0.000000 94.000000 56.000000
0.2000 58.9900 18.6600 653.000000 0.000000 96.000000 56.000000
0.2100 59.4500 18.0500 659.000000 0.000000 96.000000 56.000000
0.2200 59.8300 17.2100 661.000000 0.000000 96.000000 56.000000
0.2300 60.1500 16.2600 658.000000 0.000000 96.000000 56.000000
0.2400 60.2700 15.2400 655.000000 0.000000 94.000000 56.000000
0.2500 60.2700 14.4200 653.000000 0.000000 93.000000 56.000000
0.2600 60.2700 13.7400 636.000000 0.000000 90.000000 57.000000
0.2700 60.1000 13.1500 624.000000 0.000000 88.000000 57.000000
0.2800 59.6900 12.6400 578.000000 0.000000 87.000000 57.000000
0.2900 59.1100 12.1300 551.000000 0.000000 84.000000 57.000000
0.3000 58.2700 11.6400 512.000000 0.000000 82.000000 57.000000
0.3100 57.0900 11.3700 491.000000 0.000000 80.000000 58.000000
0.3200 55.6800 11.2600 486.000000 0.000000 80.000000 58.000000
0.3300 54.4500 11.4500 520.000000 0.000000 80.000000 58.000000
0.3400 53.2400 11.7800 518.000000 0.000000 80.000000 59.000000
0.3500 52.3200 12.2100 556.000000 0.000000 82.000000 59.000000
0.3600 51.5700 12.6500 578.000000 0.000000 83.000000 59.000000
0.3700 51.2600 13.0900 588.000000 0.000000 83.000000 59.000000
0.3800 51.2600 13.5400 591.000000 0.000000 85.000000 59.000000
0.3900 51.4700 13.9400 595.000000 0.000000 87.000000 59.000000
0.4000 52.1200 14.5600 586.000000 0.000000 87.000000 59.000000
0.4100 53.1700 15.3100 578.000000 0.000000 88.000000 58.000000
0.4200 54.4900 16.3000 563.000000 0.000000 88.000000 58.000000
0.4300 55.9100 17.2900 554.000000 0.000000 90.000000 58.000000
0.4400 57.5300 18.3000 546.000000 0.000000 90.000000 59.000000
0.4500 59.2700 19.3300 527.000000 0.000000 92.000000 59.000000
0.4600 60.8100 19.8400 515.000000 0.000000 93.000000 59.000000
0.4700 62.1700 20.2900 509.000000 0.000000 95.000000 59.000000
0.4800 63.4200 20.4100 509.000000 0.000000 95.000000 59.000000
0.4900 64.2100 20.3400 509.000000 0.000000 97.000000 59.000000
0.5000 64.6400 20.1800 519.000000 0.000000 97.000000 59.000000
0.5100 64.8200 19.9800 543.000000 0.000000 97.000000 59.000000
0.5200 64.8200 19.7200 565.000000 0.000000 98.000000 59.000000
0.5300 64.4600 19.4400 564.000000 0.000000 98.000000 59.000000
0.5400 63.9400 18.9200 586.000000 0.000000 98.000000 59.000000
0.5500 63.0700 18.1900 592.000000 0.000000 98.000000 59.000000
0.5600 61.8400 17.3300 577.000000 0.000000 98.000000 59.000000
0.5700 60.3700 16.2500 578.000000 0.000000 97.000000 59.000000
0.5800 58.8900 15.1700 570.000000 0.000000 97.000000 59.000000
0.5900 57.2500 14.1300 586.000000 0.000000 95.000000 59.000000
0.6000 55.5100 13.1200 572.000000 0.000000 93.000000 59.000000
0.6100 54.0100 12.2300 581.000000 0.000000 92.000000 59.000000
0.6200 52.7200 11.5900 577.000000 0.000000 90.000000 59.000000
0.6300 51.5600 11.1300 588.000000 0.000000 90.000000 59.000000
0.6400 50.7800 10.8400 588.000000 0.000000 90.000000 59.000000
0.6500 50.3900 10.7000 594.000000 0.000000 90.000000 59.000000
0.6600 50.2500 10.6500 583.000000 0.000000 88.000000 59.000000
0.6700 50.3900 10.7000 588.000000 0.000000 90.000000 59.000000
0.6800 51.0100 10.8700 589.000000 0.000000 90.000000 59.000000
0.6900 51.9500 11.1300 594.000000 0.000000 90.000000 59.000000
0.7000 53.3400 11.6700 594.000000 0.000000 90.000000 60.000000
0.7100 54.9200 12.3000 591.000000 0.000000 90.000000 60.000000
0.7200 56.6200 12.9800 580.000000 0.000000 90.000000 60.000000
0.7300 58.4500 13.6400 577.000000 0.000000 90.000000 60.000000
0.7400 59.9800 14.1500 568.000000 0.000000 88.000000 60.000000
0.7500 61.3000 14.5700 567.000000 0.000000 88.000000 60.000000
0.7600 62.6300 14.9700 554.000000 0.000000 88.000000 60.000000
0.7700 63.6200 15.3700 545.000000 0.000000 88.000000 60.000000
0.7800 64.3700 15.6000 545.000000 0.000000 88.000000 60.000000
0.7900 64.8500 15.7100 553.000000 0.000000 88.000000 60.000000
0.8000 65.1100 15.6300 564.000000 0.000000 90.000000 60.000000
0.8100 65.2100 15.5400 578.000000 0.000000 90.000000 61.000000
0.8200 65.2100 15.4400 591.000000 0.000000 90.000000 61.000000
0.8300 65.2600 15.4400 591.000000 0.000000 90.000000 61.000000
0.8400 65.2600 15.4400 588.000000 0.000000 90.000000 61.000000
0.8500 65.3500 15.4400 588.000000 0.000000 90.000000 61.000000
0.8600 65.4600 15.6200 588.000000 0.000000 90.000000 61.000000
0.8700 65.6500 15.9000 591.000000 0.000000 90.000000 61.000000
0.8800 65.8700 16.1100 595.000000 0.000000 90.000000 62.000000
0.8900 66.0900 16.2700 585.000000 0.000000 90.000000 62.000000
0.9000 66.2800 16.3800 605.000000 0.000000 92.000000 62.000000
0.9100 66.4000 16.3800 611.000000 0.000000 92.000000 62.000000
0.9200 66.5000 16.3800 616.000000 0.000000 92.000000 62.000000
0.9300 66.5600 16.2800 611.000000 0.000000 92.000000 62.000000
0.9400 66.5600 16.2300 611.000000 0.000000 94.000000 62.000000
0.9500 66.5600 16.2300 613.000000 0.000000 94.000000 62.000000
0.9600 66.5600 16.2300 613.000000 0.000000 94.000000 62.000000
0.9700 66.5600 16.2300 616.000000 0.000000 94.000000 62.000000
0.9800 66.5600 16.2300 595.000000 0.000000 94.000000 62.000000
0.9900 66.5600 16.2300 535.000000 0.000000 94.000000 61.000000
1.0000 66.5600 16.2300 402.000000 0.000000 94.000000 61.000000
1.0100 66.5600 16.2300 226.000000 0.000000 94.000000 61.000000
1.0200 66.5600 16.2300 0.000000 1.000000 92.000000 61.000000
1.0300 66.5600 16.2300 0.000000 0.000000 92.000000 62.000000
1.0400 66.4100 15.9300 0.000000 0.000000 92.000000 62.000000
1.0500 66.3000 15.8500 0.000000 0.000000 92.000000 62.000000
1.0600 66.1700 15.8500 0.000000 0.000000 92.000000 62.000000
1.0700 66.0400 15.9700 0.000000 0.000000 94.000000 62.000000
1.0800 65.8900 16.1300 0.000000 0.000000 94.000000 62.000000
1.0900 65.7300 16.3900 0.000000 0.000000 96.000000 62.000000
1.1000 65.5000 16.6300 0.000000 0.000000 96.000000 62.000000
1.1100 65.2300 16.8400 0.000000 0.000000 96.000000 62.000000
1.1200 64.9300 16.8400 0.000000 0.000000 96.000000 62.000000
1.1300 64.4700 16.7400 0.000000 0.000000 95.000000 61.000000
1.1400 63.9600 16.5800 0.000000 0.000000 95.000000 61.000000
1.1500 63.4200 16.3000 0.000000 0.000000 95.000000 60.000000
1.1600 62.8400 15.9300 0.000000 0.000000 95.000000 59.000000
1.1700 62.3200 15.6100 0.000000 0.000000 97.000000 59.000000
1.1800 61.8900 15.3600 0.000000 0.000000 96.000000 58.000000
1.1900 61.6500 15.1500 0.000000 0.000000 96.000000 58.000000
1.2000 61.5400 15.0800 0.000000 0.000000 98.000000 57.000000
1.2100 62.0100 15.0800 0.000000 0.000000 98.000000 57.000000
1.2200 62.0100 15.2400 0.000000 0.000000 98.000000 57.000000
1.2300 61.7300 15.4000 0.000000 0.000000 98.000000 57.000000
1.2400 61.8400 15.5500 0.000000 0.000000 96.000000 57.000000
1.2500 61.9500 15.6800 0.000000 0.000000 96.000000 57.000000
1.2600 62.0300 15.8000 0.000000 0.000000 96.000000 57.000000
1.2700 62.0800 15.9200 0.000000 0.000000 95.000000 58.000000
1.2800 62.0800 15.8700 0.000000 0.000000 95.000000 58.000000
1.2900 62.0800 15.8700 44.000000 1.000000 95.000000 58.000000
1.3000 62.0800 15.8700 110.000000 0.000000 93.000000 58.000000
1.3100 62.4300 15.7500 184.000000 0.000000 93.000000 59.000000
1.3200 62.6600 15.8100 253.000000 0.000000 93.000000 59.000000
1.3300 62.9300 15.9600 291.000000 0.000000 92.000000 59.000000
1.3400 63.2400 16.1000 312.000000 0.000000 92.000000 59.000000
1.3500 63.5400 16.3200 337.000000 0.000000 92.000000 59.000000
1.3600 63.8400 16.6000 356.000000 0.000000 92.000000 59.000000
1.3700 64.1600 16.8600 363.000000 0.000000 92.000000 59.000000
1.3800 64.3100 17.1100 377.000000 0.000000 92.000000 59.000000
1.3900 64.3100 17.2100 405.000000 0.000000 92.000000 59.000000
1.4000 64.2500 17.2100 433.000000 0.000000 92.000000 59.000000
1.4100 64.0600 17.1600 455.000000 0.000000 92.000000 60.000000
1.4200 63.8100 16.9300 452.000000 0.000000 93.000000 60.000000
1.4300 63.4100 16.5700 483.000000 0.000000 93.000000 60.000000
1.4400 63.0200 16.0700 486.000000 0.000000 93.000000 60.000000
1.4500 62.6500 15.6900 492.000000 0.000000 92.000000 60.000000
1.4600 62.5300 15.4000 495.000000 0.000000 92.000000 59.000000
1.4700 62.5800 15.2700 477.000000 0.000000 92.000000 59.000000
1.4800 62.8000 15.1900 472.000000 0.000000 90.000000 59.000000
1.4900 63.0300 15.1900 464.000000 0.000000 90.000000 59.000000
1.5000 63.4300 15.3600 465.000000 0.000000 90.000000 59.000000
1.5100 63.9300 15.6500 464.000000 0.000000 90.000000 59.000000
1.5200 64.4000 15.9900 467.000000 0.000000 90.000000 59.000000
1.5300 64.8300 16.4000 465.000000 0.000000 90.000000 59.000000
1.5400 65.2400 16.7700 464.000000 0.000000 90.000000 59.000000
1.5500 65.5700 17.0600 471.000000 0.000000 90.000000 60.000000
1.5600 65.7800 17.3100 471.000000 0.000000 90.000000 60.000000
1.5700 65.9200 17.4100 465.000000 0.000000 90.000000 60.000000
1.5800 65.8500 17.4100 496.000000 0.000000 90.000000 60.000000
1.5900 65.7100 17.2400 497.000000 0.000000 92.000000 60.000000
1.6000 65.5200 17.0800 512.000000 0.000000 92.000000 60.000000
1.6100 65.3000 16.7700 513.000000 0.000000 92.000000 60.000000
1.6200 65.1100 16.3700 516.000000 0.000000 92.000000 60.000000
1.6300 65.1100 16.1800 501.000000 0.000000 92.000000 60.000000
1.6400 65.1100 16.1000 495.000000 0.000000 92.000000 60.000000
1.6500 65.2900 16.1000 467.000000 0.000000 90.000000 60.000000
1.6600 65.4500 16.1900 466.000000 0.000000 90.000000 60.000000
1.6700 65.6500 16.4000 448.000000 0.000000 90.000000 60.000000
1.6800 65.8000 16.6900 445.000000 0.000000 90.000000 60.000000
1.6900 65.9200 16.8800 448.000000 0.000000 90.000000 60.000000
1.7000 65.9200 17.0100 474.000000 0.000000 90.000000 60.000000
1.7100 65.7300 17.0100 464.000000 0.000000 90.000000 60.000000
1.7200 65.5100 17.0100 489.000000 0.000000 90.000000 60.000000
1.7300 65.2500 16.7700 496.000000 0.000000 90.000000 60.000000
1.7400 64.9900 16.4700 486.000000 0.000000 90.000000 60.000000
1.7500 64.7300 16.2700 474.000000 0.000000 90.000000 60.000000
1.7600 64.6100 16.1600 371.000000 0.000000 90.000000 60.000000
1.7700 64.6600 16.1100 249.000000 0.000000 90.000000 60.000000
1.7800 64.8300 16.2100 71.000000 0.000000 90.000000 60.000000
1.7900 64.8300 16.2100 0.000000 1.000000 90.000000 59.000000
1.8000 65.4500 17.0100 0.000000 0.000000 90.000000 59.000000
1.8100 65.7700 17.5000 0.000000 0.000000 90.000000 59.000000
1.8200 66.0600 18.0300 0.000000 0.000000 92.000000 59.000000
1.8300 66.3200 18.5600 0.000000 0.000000 92.000000 59.000000
1.8400 66.4900 19.0700 0.000000 0.000000 93.000000 59.000000
1.8500 66.4900 19.0700 98.000000 1.000000 93.000000 60.000000
1.8600 66.6100 19.4000 218.000000 0.000000 95.000000 60.000000
1.8700 66.4900 19.4000 282.000000 0.000000 95.000000 60.000000
1.8800 66.3500 19.2100 356.000000 0.000000 97.000000 60.000000
1.8900 66.2200 18.8600 387.000000 0.000000 97.000000 60.000000
1.9000 66.0800 18.3900 413.000000 0.000000 97.000000 60.000000
1.9100 65.9400 17.8200 417.000000 0.000000 97.000000 60.000000
1.9200 65.8400 17.2600 409.000000 0.000000 97.000000 60.000000
1.9300 65.7600 16.7600 337.000000 0.000000 95.000000 60.000000
1.9400 65.8600 16.5300 249.000000 0.000000 93.000000 60.000000
1.9500 65.9900 16.4400 112.000000 0.000000 93.000000 60.000000
1.9600 65.9900 16.4400 0.000000 1.000000 92.000000 60.000000
1.9700 66.3300 16.7700 0.000000 0.000000 90.000000 60.000000
1.9800 66.5200 17.0800 0.000000 0.000000 90.000000 60.000000
1.9900 66.7300 17.4700 0.000000 0.000000 90.000000 60.000000
2.0000 66.8900 17.8400 0.000000 0.000000 90.000000 60.000000
2.0100 67.0100 18.1300 0.000000 0.000000 90.000000 60.000000
2.0200 67.0100 18.1900 0.000000 0.000000 92.000000 60.000000
2.0300 67.0100 18.1900 37.000000 1.000000 92.000000 60.000000
2.0400 67.0100 17.9300 109.000000 0.000000 92.000000 60.000000
2.0500 66.9500 17.7200 153.000000 0.000000 93.000000 60.000000
2.0600 66.8900 17.4600 205.000000 0.000000 93.000000 60.000000
2.0700 66.8900 17.1900 212.000000 0.000000 93.000000 60.000000
2.0800 66.8900 17.0100 211.000000 0.000000 93.000000 60.000000
2.0900 66.8900 16.8700 186.000000 0.000000 92.000000 60.000000
2.1000 66.9800 16.8700 139.000000 0.000000 92.000000 60.000000
2.1100 67.0400 16.8700 100.000000 0.000000 92.000000 60.000000
2.1200 67.0400 16.9800 86.000000 0.000000 90.000000 60.000000
2.1300 67.0400 17.1200 68.000000 0.000000 90.000000 60.000000
2.1400 67.0400 17.2700 51.000000 0.000000 90.000000 60.000000
2.1500 66.9700 17.4200 60.000000 0.000000 90.000000 60.000000
2.1600 66.8900 17.5100 91.000000 0.000000 90.000000 60.000000
2.1700 66.8200 17.5900 127.000000 0.000000 90.000000 60.000000
2.1800 66.7600 17.5400 144.000000 0.000000 90.000000 60.000000
2.1900 66.7600 17.4000 134.000000 0.000000 92.000000 60.000000
2.2000 66.7600 17.2900 141.000000 0.000000 92.000000 60.000000
2.2100 66.8300 17.1800 148.000000 0.000000 92.000000 60.000000
2.2200 66.9600 17.0800 139.000000 0.000000 92.000000 60.000000
2.2300 67.1400 17.0800 137.000000 0.000000 92.000000 60.000000
2.2400 67.3600 17.1300 132.000000 0.000000 92.000000 60.000000
2.2500 67.5900 17.2700 136.000000 0.000000 92.000000 60.000000
2.2600 67.8000 17.4100 137.000000 0.000000 92.000000 61.000000
2.2700 67.9500 17.5700 139.000000 0.000000 92.000000 61.000000
2.2800 68.0600 17.7400 132.000000 0.000000 92.000000 61.000000
2.2900 68.0000 17.7400 182.000000 0.000000 92.000000 61.000000
2.3000 67.9300 17.7400 215.000000 0.000000 92.000000 61.000000
2.3100 67.8600 17.7400 232.000000 0.000000 92.000000 61.000000
2.3200 67.7500 17.6800 226.000000 0.000000 92.000000 61.000000
2.3300 67.6500 17.5100 226.000000 0.000000 92.000000 61.000000
2.3400 67.6000 17.2800 230.000000 0.000000 92.000000 61.000000
2.3500 67.6000 17.0500 230.000000 0.000000 92.000000 61.000000
2.3600 67.6000 17.0500 242.000000 0.000000 92.000000 61.000000
2.3700 67.9100 16.6800 245.000000 0.000000 90.000000 61.000000
2.3800 68.1300 16.5900 249.000000 0.000000 90.000000 61.000000
2.3900 68.3900 16.5900 239.000000 0.000000 90.000000 61.000000
2.4000 68.6800 16.6900 149.000000 0.000000 90.000000 61.000000
2.4100 68.6800 16.6900 0.000000 1.000000 90.000000 61.000000
2.4200 69.0900 17.0100 0.000000 0.000000 88.000000 61.000000
2.4300 69.1500 17.1900 0.000000 0.000000 88.000000 61.000000
2.4400 69.0500 17.2600 0.000000 0.000000 90.000000 61.000000
2.4500 68.8500 17.2600 0.000000 0.000000 90.000000 61.000000
2.4600 68.5600 17.2600 0.000000 0.000000 90.000000 61.000000
2.4700 68.2000 17.2600 0.000000 0.000000 90.000000 61.000000
2.4800 67.7800 17.0500 0.000000 0.000000 90.000000 61.000000
2.4900 67.1300 16.7100 0.000000 0.000000 92.000000 61.000000
2.5000 66.3800 16.2800 0.000000 0.000000 92.000000 61.000000
2.5100 65.5600 15.7400 0.000000 0.000000 92.000000 61.000000
2.5200 64.7300 15.1400 0.000000 0.000000 94.000000 61.000000
2.5300 63.9200 14.6300 0.000000 0.000000 94.000000 61.000000
2.5400 63.1200 14.1000 0.000000 0.000000 92.000000 60.000000
2.5500 62.5200 13.5800 0.000000 0.000000 92.000000 60.000000
2.5600 62.0500 13.2800 0.000000 0.000000 92.000000 60.000000
2.5700 61.8500 13.1100 0.000000 0.000000 90.000000 59.000000
2.5800 61.8500 13.1100 0.000000 0.000000 90.000000 59.000000
2.5900 61.9100 13.2100 0.000000 0.000000 88.000000 59.000000
2.6000 61.9800 13.2800 0.000000 0.000000 88.000000 58.000000
2.6100 62.0500 13.3400 0.000000 0.000000 88.000000 58.000000
2.6200 62.1200 13.4000 0.000000 0.000000 87.000000 58.000000
2.6300 62.2300 13.4600 0.000000 0.000000 87.000000 59.000000
2.6400 62.2300 13.4600 142.000000 1.000000 87.000000 59.000000
2.6500 62.2300 13.4600 212.000000 0.000000 87.000000 59.000000
2.6600 62.2300 13.4600 280.000000 0.000000 87.000000 59.000000
2.6700 62.5100 13.1700 329.000000 0.000000 85.000000 59.000000
2.6800 62.6400 13.1100 346.000000 0.000000 85.000000 59.000000
2.6900 62.8500 13.1100 344.000000 0.000000 83.000000 60.000000
2.7000 63.1200 13.1900 344.000000 0.000000 83.000000 60.000000
2.7100 63.4400 13.4200 340.000000 0.000000 83.000000 60.000000
2.7200 63.7400 13.7400 332.000000 0.000000 81.000000 60.000000
2.7300 63.8900 14.0600 340.000000 0.000000 81.000000 60.000000
2.7400 63.8900 14.2500 351.000000 0.000000 81.000000 60.000000
2.7500 63.8000 14.3500 367.000000 0.000000 82.000000 59.000000
2.7600 63.5900 14.3500 387.000000 0.000000 83.000000 59.000000
2.7700 63.3300 14.2700 391.000000 0.000000 83.000000 59.000000
2.7800 63.0300 14.1000 379.000000 0.000000 83.000000 59.000000
2.7900 62.7800 13.8400 364.000000 0.000000 83.000000 59.000000
2.8000 62.6100 13.6100 304.000000 0.000000 83.000000 59.000000
2.8100 62.6100 13.4300 218.000000 0.000000 83.000000 59.000000
2.8200 62.7200 13.3300 89.000000 0.000000 83.000000 59.000000
2.8300 62.7200 13.3300 0.000000 1.000000 83.000000 59.000000
2.8400 63.1800 13.4700 0.000000 0.000000 83.000000 59.000000
2.8500 63.1800 13.4700 6.000000 0.000000 82.000000 59.000000
2.8600 63.7400 13.7800 63.000000 1.000000 82.000000 59.000000
2.8700 63.9300 13.8600 129.000000 0.000000 82.000000 59.000000
2.8800 64.0600 13.8600 182.000000 0.000000 82.000000 59.000000
2.8900 64.1500 13.9600 210.000000 0.000000 82.000000 59.000000
2.9000 64.2600 14.0800 209.000000 0.000000 82.000000 59.000000
2.9100 64.4100 14.2600 225.000000 0.000000 82.000000 59.000000
2.9200 64.5900 14.4800 233.000000 0.000000 82.000000 59.000000
2.9300 64.6900 14.6700 254.000000 0.000000 82.000000 59.000000
2.9400 64.7400 14.7800 284.000000 0.000000 83.000000 59.000000
2.9500 64.7400 14.8600 364.000000 0.000000 83.000000 60.000000
2.9600 64.7400 14.9100 415.000000 0.000000 83.000000 60.000000
2.9700 64.7400 14.9100 448.000000 0.000000 83.000000 60.000000
2.9800 64.7400 14.7800 474.000000 0.000000 83.000000 60.000000
2.9900 64.7400 14.6200 467.000000 0.000000 83.000000 60.000000
3.0000 64.7400 14.4300 473.000000 0.000000 83.000000 60.000000
3.0100 64.7400 14.2200 473.000000 0.000000 83.000000 60.000000
3.0200 64.7400 14.0300 456.000000 0.000000 83.000000 60.000000
3.0300 64.8200 13.8500 438.000000 0.000000 81.000000 60.000000
3.0400 64.8900 13.6800 397.000000 0.000000 81.000000 60.000000
3.0500 64.9500 13.6800 344.000000 0.000000 80.000000 60.000000
3.0600 65.0000 13.6800 270.000000 0.000000 80.000000 60.000000
3.0700 65.0700 13.7700 218.000000 0.000000 80.000000 60.000000
3.0800 65.1600 13.9800 137.000000 0.000000 78.000000 59.000000
3.0900 65.2900 14.2800 93.000000 0.000000 80.000000 60.000000
3.1000 65.4200 14.6300 17.000000 0.000000 80.000000 60.000000
3.1100 65.4200 14.6300 0.000000 1.000000 80.000000 60.000000
3.1200 65.6200 15.1900 0.000000 0.000000 81.000000 60.000000
3.1300 65.6200 15.1900 8.000000 0.000000 81.000000 60.000000
3.1400 65.6200 15.1900 55.000000 1.000000 83.000000 60.000000
3.1500 65.6200 15.1900 149.000000 0.000000 85.000000 60.000000
3.1600 65.6200 15.1900 210.000000 0.000000 85.000000 60.000000
3.1700 65.3300 14.9000 259.000000 0.000000 85.000000 60.000000
3.1800 65.2200 14.6900 297.000000 0.000000 85.000000 60.000000
3.1900 65.0800 14.4500 307.000000 0.000000 85.000000 60.000000
3.2000 65.0100 14.2700 310.000000 0.000000 85.000000 60.000000
3.2100 65.0100 14.1300 279.000000 0.000000 85.000000 60.000000
3.2200 65.0700 14.0700 214.000000 0.000000 83.000000 60.000000
3.2300 65.1600 14.0700 127.000000 0.000000 83.000000 60.000000
3.2400 65.1600 14.0700 0.000000 1.000000 81.000000 60.000000
3.2500 65.3600 14.1800 0.000000 0.000000 81.000000 60.000000
3.2600 65.4900 14.2900 0.000000 0.000000 81.000000 60.000000
3.2700 65.5600 14.3900 0.000000 0.000000 80.000000 60.000000
3.2800 65.5600 14.5000 0.000000 0.000000 81.000000 60.000000
3.2900 65.6700 14.6100 0.000000 0.000000 81.000000 60.000000
3.3000 65.7400 14.7700 0.000000 0.000000 81.000000 60.000000
3.3100 65.8200 14.9300 0.000000 0.000000 83.000000 60.000000
3.3200 65.8900 15.0900 0.000000 0.000000 85.000000 60.000000
3.3300 65.8900 15.1600 0.000000 0.000000 87.000000 60.000000
3.3400 65.8900 15.1600 0.000000 0.000000 87.000000 60.000000
3.3500 65.8400 15.1600 0.000000 0.000000 88.000000 60.000000
3.3600 65.7600 15.0400 0.000000 0.000000 88.000000 60.000000
3.3700 65.6600 14.9500 0.000000 0.000000 88.000000 60.000000
3.3800 65.5500 14.8600 0.000000 0.000000 88.000000 60.000000
3.3900 65.4100 14.7700 0.000000 0.000000 88.000000 60.000000
3.4000 65.2100 14.6800 0.000000 0.000000 88.000000 60.000000
3.4100 64.9600 14.4600 0.000000 0.000000 88.000000 60.000000
3.4200 64.7100 14.1700 0.000000 0.000000 88.000000 60.000000
3.4300 64.4800 13.9500 0.000000 0.000000 87.000000 60.000000
3.4400 64.3400 13.7800 0.000000 0.000000 87.000000 60.000000
3.4500 64.2200 13.6600 0.000000 0.000000 87.000000 59.000000
3.4600 64.1000 13.5400 0.000000 0.000000 85.000000 59.000000
3.4700 64.1000 13.4300 0.000000 0.000000 85.000000 59.000000
3.4800 64.0400 13.3400 0.000000 0.000000 83.000000 59.000000
3.4900 64.0400 13.3400 94.000000 1.000000 82.000000 59.000000
3.5000 64.0400 13.3400 179.000000 0.000000 82.000000 59.000000
3.5100 64.0400 13.3400 223.000000 0.000000 80.000000 59.000000
3.5200 64.4200 13.4500 267.000000 0.000000 80.000000 59.000000
3.5300 64.6800 13.7500 297.000000 0.000000 80.000000 59.000000
3.5400 64.9900 14.1400 317.000000 0.000000 78.000000 58.000000
3.5500 65.2800 14.5800 312.000000 0.000000 78.000000 58.000000
3.5600 65.4800 15.0200 334.000000 0.000000 80.000000 60.000000
3.5700 65.6200 15.3000 334.000000 0.000000 80.000000 60.000000
3.5800 65.6200 15.4800 359.000000 0.000000 81.000000 60.000000
3.5900 65.6200 15.5400 377.000000 0.000000 83.000000 60.000000
3.6000 65.5700 15.5400 398.000000 0.000000 83.000000 60.000000
3.6100 65.5200 15.5400 389.000000 0.000000 85.000000 60.000000
3.6200 65.5200 15.3500 388.000000 0.000000 87.000000 60.000000
3.6300 65.4700 15.0900 393.000000 0.000000 87.000000 60.000000
3.6400 65.4700 14.7600 384.000000 0.000000 87.000000 60.000000
3.6500 65.4700 14.4800 386.000000 0.000000 87.000000 60.000000
3.6600 65.5700 14.2200 386.000000 0.000000 85.000000 60.000000
3.6700 65.6200 13.9800 377.000000 0.000000 83.000000 60.000000
3.6800 65.6200 13.8100 359.000000 0.000000 83.000000 60.000000
3.6900 65.7100 13.8100 344.000000 0.000000 81.000000 60.000000
3.7000 65.8000 13.8900 341.000000 0.000000 80.000000 60.000000
3.7100 65.9200 14.1200 344.000000 0.000000 80.000000 60.000000
3.7200 66.0700 14.5200 351.000000 0.000000 78.000000 59.000000
3.7300 66.2700 15.0400 358.000000 0.000000 80.000000 60.000000
3.7400 66.4800 15.5300 364.000000 0.000000 80.000000 60.000000
3.7500 66.6600 15.8800 371.000000 0.000000 81.000000 60.000000
3.7600 66.7300 16.1300 373.000000 0.000000 81.000000 60.000000
3.7700 66.7300 16.1300 361.000000 0.000000 83.000000 60.000000
3.7800 66.7300 16.0700 361.000000 0.000000 85.000000 60.000000
3.7900 66.6800 15.9600 367.000000 0.000000 87.000000 60.000000
3.8000 66.6100 15.7300 394.000000 0.000000 88.000000 60.000000
3.8100 66.6100 15.4200 388.000000 0.000000 88.000000 60.000000
3.8200 66.6100 15.0700 392.000000 0.000000 88.000000 60.000000
3.8300 66.6100 14.7600 398.000000 0.000000 87.000000 60.000000
3.8400 66.6100 14.4400 371.000000 0.000000 87.000000 60.000000
3.8500 66.6100 14.3000 336.000000 0.000000 85.000000 60.000000
3.8600 66.6900 14.3000 301.000000 0.000000 83.000000 60.000000
3.8700 66.6900 14.3000 285.000000 0.000000 81.000000 60.000000
3.8800 66.8000 14.4300 279.000000 0.000000 80.000000 60.000000
3.8900 66.9200 14.7100 277.000000 0.000000 80.000000 60.000000
3.9000 67.0700 15.0900 279.000000 0.000000 80.000000 60.000000
3.9100 67.2100 15.4500 296.000000 0.000000 79.000000 61.000000
3.9200 67.3500 15.6400 311.000000 0.000000 79.000000 61.000000
3.9300 67.4000 15.7200 309.000000 0.000000 81.000000 61.000000
3.9400 67.4000 15.6700 314.000000 0.000000 83.000000 61.000000
3.9500 67.3500 15.6000 317.000000 0.000000 83.000000 61.000000
3.9600 67.3500 15.5300 329.000000 0.000000 85.000000 61.000000
3.9700 67.3500 15.2800 345.000000 0.000000 85.000000 61.000000
3.9800 67.2700 15.0100 339.000000 0.000000 85.000000 61.000000
3.9900 67.2700 14.7300 353.000000 0.000000 85.000000 61.000000
4.0000 67.2700 14.5900 349.000000 0.000000 85.000000 61.000000
4.0100 67.2700 14.5100 339.000000 0.000000 83.000000 61.000000
4.0200 67.3400 14.5800 334.000000 0.000000 81.000000 61.000000
4.0300 67.4100 14.7500 333.000000 0.000000 81.000000 61.000000
4.0400 67.5000 15.0200 327.000000 0.000000 79.000000 61.000000
4.0500 67.5900 15.3100 317.000000 0.000000 79.000000 61.000000
4.0600 67.6900 15.6200 315.000000 0.000000 79.000000 61.000000
4.0700 67.7400 15.8100 329.000000 0.000000 79.000000 61.000000
4.0800 67.7400 15.8100 344.000000 0.000000 81.000000 61.000000
4.0900 67.7400 15.8100 386.000000 0.000000 81.000000 61.000000
4.1000 67.7400 15.8100 418.000000 0.000000 83.000000 61.000000
4.1100 67.8500 15.4200 475.000000 0.000000 83.000000 61.000000
4.1200 67.9700 15.2000 509.000000 0.000000 83.000000 61.000000
4.1300 68.1600 15.0200 519.000000 0.000000 83.000000 61.000000
4.1400 68.3800 14.9200 519.000000 0.000000 83.000000 61.000000
4.1500 68.6700 14.9200 517.000000 0.000000 83.000000 61.000000
4.1600 68.9500 15.0000 470.000000 0.000000 81.000000 61.000000
4.1700 69.2100 15.2000 397.000000 0.000000 81.000000 61.000000
4.1800 69.5000 15.4500 256.000000 0.000000 81.000000 61.000000
