0.0000 95.2500 53.4900 91.000000 1.000000 146.000000 48.000000
0.0100 94.9200 52.8900 93.000000 0.000000 148.000000 47.000000
0.0200 94.5100 52.4500 100.000000 0.000000 149.000000 48.000000
0.0300 94.2500 51.4200 139.000000 0.000000 149.000000 48.000000
0.0400 93.6400 50.1900 185.000000 0.000000 149.000000 49.000000
0.0500 92.8500 48.8400 226.000000 0.000000 149.000000 49.000000
0.0600 91.9300 47.3300 237.000000 0.000000 149.000000 49.000000
0.0700 90.9600 45.9100 249.000000 0.000000 148.000000 50.000000
0.0800 89.8500 44.5600 285.000000 0.000000 148.000000 50.000000
0.0900 88.6400 43.3500 335.000000 0.000000 147.000000 49.000000
0.1000 87.4700 42.6000 389.000000 0.000000 147.000000 49.000000
0.1100 86.8100 42.1700 404.000000 0.000000 145.000000 50.000000
0.1200 86.4800 42.0900 400.000000 0.000000 145.000000 50.000000
0.1300 86.3400 42.4000 396.000000 0.000000 145.000000 50.000000
0.1400 86.5000 42.9800 371.000000 0.000000 145.000000 50.000000
0.1500 86.8600 44.3100 343.000000 0.000000 145.000000 50.000000
0.1600 87.8100 45.8000 307.000000 0.000000 145.000000 50.000000
0.1700 89.3100 47.4000 309.000000 0.000000 147.000000 49.000000
0.1800 91.1700 49.4000 335.000000 0.000000 147.000000 49.000000
0.1900 93.4200 50.9600 353.000000 0.000000 148.000000 50.000000
0.2000 95.5300 52.2300 362.000000 0.000000 148.000000 50.000000
0.2100 97.5500 53.1200 387.000000 0.000000 151.000000 49.000000
0.2200 99.2600 53.7100 386.000000 0.000000 151.000000 49.000000
0.2300 100.3800 54.1000 371.000000 0.000000 151.000000 49.000000
0.2400 101.1000 54.1000 369.000000 0.000000 151.000000 49.000000
0.2500 101.1900 53.7700 394.000000 0.000000 152.000000 49.000000
0.2600 100.6300 53.3000 389.000000 0.000000 152.000000 49.000000
0.2700 99.6300 52.1900 399.000000 0.000000 152.000000 49.000000
0.2800 97.5800 50.8400 389.000000 0.000000 152.000000 49.000000
0.2900 95.2600 49.3300 387.000000 0.000000 152.000000 49.000000
0.3000 92.7600 47.7000 387.000000 0.000000 152.000000 49.000000
0.3100 90.3000 46.1800 389.000000 0.000000 152.000000 49.000000
0.3200 88.1300 44.9000 420.000000 0.000000 152.000000 49.000000
0.3300 86.1500 43.7600 423.000000 0.000000 152.000000 49.000000
0.3400 85.4300 43.1600 384.000000 0.000000 152.000000 49.000000
0.3500 85.1900 42.8100 368.000000 0.000000 151.000000 49.000000
0.3600 85.2600 42.6300 394.000000 0.000000 151.000000 49.000000
0.3700 85.8100 42.7500 425.000000 0.000000 151.000000 48.000000
0.3800 87.4400 43.4700 473.000000 0.000000 150.000000 48.000000
0.3900 89.7800 44.6000 521.000000 0.000000 150.000000 48.000000
0.4000 92.9700 46.0300 545.000000 0.000000 151.000000 48.000000
0.4100 96.9700 47.5800 541.000000 0.000000 151.000000 48.000000
0.4200 101.5200 49.2100 512.000000 0.000000 151.000000 48.000000
0.4300 105.0900 50.4100 465.000000 0.000000 153.000000 49.000000
0.4400 107.9300 51.2600 423.000000 0.000000 154.000000 49.000000
0.4500 110.2900 51.8800 297.000000 0.000000 154.000000 50.000000
0.4600 111.4700 52.1600 119.000000 0.000000 155.000000 50.000000
0.4700 111.4700 52.1600 0.000000 1.000000 157.000000 51.000000
0.4800 111.2100 52.2400 0.000000 0.000000 157.000000 52.000000
0.4900 109.9100 52.1200 0.000000 0.000000 158.000000 52.000000
0.5000 108.3000 51.9000 0.000000 0.000000 158.000000 52.000000
0.5100 106.4800 51.5900 0.000000 0.000000 158.000000 52.000000
0.5200 104.5000 51.3000 0.000000 0.000000 158.000000 52.000000
0.5300 102.4300 50.9900 0.000000 0.000000 158.000000 52.000000
0.5400 100.2900 50.6300 0.000000 0.000000 159.000000 51.000000
0.5500 98.4600 50.2300 0.000000 0.000000 158.000000 51.000000
0.5600 97.4300 49.8400 0.000000 0.000000 158.000000 51.000000
0.5700 96.9300 49.5900 0.000000 0.000000 157.000000 51.000000
0.5800 96.6200 49.3400 0.000000 0.000000 157.000000 51.000000
0.5900 96.5600 49.0700 0.000000 0.000000 157.000000 51.000000
0.6000 96.6600 48.8000 0.000000 0.000000 155.000000 50.000000
0.6100 96.6600 48.8000 98.000000 1.000000 155.000000 51.000000
0.6200 97.2500 48.4100 98.000000 0.000000 155.000000 51.000000
0.6300 97.2500 48.4100 156.000000 0.000000 155.000000 51.000000
0.6400 97.6300 48.4100 260.000000 0.000000 155.000000 51.000000
0.6500 98.0400 48.5000 361.000000 0.000000 155.000000 51.000000
0.6600 98.5000 48.7200 417.000000 0.000000 155.000000 51.000000
0.6700 99.0700 49.0300 466.000000 0.000000 155.000000 51.000000
0.6800 99.7100 49.4100 467.000000 0.000000 155.000000 51.000000
0.6900 100.2600 49.8400 468.000000 0.000000 155.000000 51.000000
0.7000 100.5400 50.2000 472.000000 0.000000 155.000000 51.000000
0.7100 100.6500 50.3600 468.000000 0.000000 155.000000 51.000000
0.7200 100.4900 50.3600 466.000000 0.000000 155.000000 51.000000
0.7300 100.0700 50.3000 474.000000 0.000000 153.000000 51.000000
0.7400 99.4700 49.9600 472.000000 0.000000 153.000000 51.000000
0.7500 98.8500 49.4500 468.000000 0.000000 154.000000 50.000000
0.7600 98.5800 49.0700 470.000000 0.000000 154.000000 50.000000
0.7700 98.5300 48.8100 455.000000 0.000000 154.000000 50.000000
0.7800 98.6300 48.6400 442.000000 0.000000 154.000000 50.000000
0.7900 98.9500 48.5500 431.000000 0.000000 153.000000 51.000000
0.8000 99.4200 48.6200 396.000000 0.000000 153.000000 51.000000
0.8100 100.0400 48.8000 316.000000 0.000000 153.000000 51.000000
0.8200 100.5900 49.1300 287.000000 0.000000 153.000000 51.000000
0.8300 101.0800 49.4500 250.000000 0.000000 153.000000 51.000000
0.8400 101.4000 49.7400 272.000000 0.000000 153.000000 51.000000
0.8500 101.7000 50.0100 305.000000 0.000000 153.000000 51.000000
0.8600 101.9800 50.2600 371.000000 0.000000 153.000000 51.000000
0.8700 102.2500 50.4300 444.000000 0.000000 153.000000 51.000000
0.8800 102.3800 50.5700 491.000000 0.000000 153.000000 51.000000
0.8900 102.3800 50.6400 520.000000 0.000000 153.000000 51.000000
0.9000 102.3800 50.6400 501.000000 0.000000 153.000000 51.000000
0.9100 102.1500 50.6400 455.000000 0.000000 153.000000 51.000000
0.9200 101.8600 50.6900 415.000000 0.000000 153.000000 51.000000
0.9300 101.2900 50.5400 402.000000 0.000000 153.000000 51.000000
0.9400 100.7700 50.3100 327.000000 0.000000 153.000000 51.000000
0.9500 100.5700 50.0900 255.000000 0.000000 153.000000 51.000000
0.9600 100.5700 49.9000 180.000000 0.000000 153.000000 51.000000
0.9700 100.6700 49.7400 117.000000 0.000000 153.000000 51.000000
0.9800 100.8200 49.6800 63.000000 0.000000 153.000000 51.000000
0.9900 100.8200 49.6800 0.000000 1.000000 153.000000 51.000000
1.0000 101.5700 49.9800 0.000000 0.000000 153.000000 51.000000
1.0100 102.0300 50.3800 0.000000 0.000000 153.000000 51.000000
1.0200 102.5000 50.8800 0.000000 0.000000 153.000000 51.000000
1.0300 102.8900 51.4400 0.000000 0.000000 154.000000 50.000000
1.0400 103.2200 51.9100 0.000000 0.000000 154.000000 50.000000
1.0500 103.2200 51.9100 180.000000 1.000000 154.000000 50.000000
1.0600 103.4200 52.8000 241.000000 0.000000 154.000000 50.000000
1.0700 103.3400 52.9500 269.000000 0.000000 154.000000 50.000000
1.0800 103.2600 52.9500 279.000000 0.000000 156.000000 50.000000
1.0900 103.1000 52.6900 334.000000 0.000000 156.000000 50.000000
1.1000 102.8900 52.2100 353.000000 0.000000 155.000000 50.000000
1.1100 102.7400 51.5700 369.000000 0.000000 155.000000 50.000000
1.1200 102.6500 51.0500 377.000000 0.000000 155.000000 50.000000
1.1300 102.6500 50.6900 382.000000 0.000000 155.000000 50.000000
1.1400 102.7200 50.4300 389.000000 0.000000 155.000000 50.000000
1.1500 102.7200 50.3600 388.000000 0.000000 155.000000 50.000000
1.1600 102.7700 50.3600 397.000000 0.000000 155.000000 50.000000
1.1700 102.7700 50.4800 396.000000 0.000000 155.000000 50.000000
1.1800 102.8600 50.7100 396.000000 0.000000 155.000000 50.000000
1.1900 102.9700 51.0300 364.000000 0.000000 155.000000 50.000000
1.2000 103.0700 51.4100 324.000000 0.000000 155.000000 50.000000
1.2100 103.1600 51.6000 289.000000 0.000000 155.000000 50.000000
1.2200 103.2600 51.7300 277.000000 0.000000 155.000000 51.000000
1.2300 103.3600 51.7300 272.000000 0.000000 155.000000 51.000000
1.2400 103.5700 51.7300 277.000000 0.000000 155.000000 51.000000
1.2500 103.8600 51.6100 284.000000 0.000000 155.000000 51.000000
1.2600 104.2400 51.5000 305.000000 0.000000 156.000000 51.000000
1.2700 104.7900 51.5000 344.000000 0.000000 156.000000 51.000000
1.2800 105.4400 51.5600 341.000000 0.000000 156.000000 51.000000
1.2900 105.9600 51.6900 351.000000 0.000000 156.000000 51.000000
1.3000 106.2200 51.8200 377.000000 0.000000 156.000000 51.000000
1.3100 106.3100 51.9400 399.000000 0.000000 156.000000 51.000000
1.3200 106.1600 51.9400 389.000000 0.000000 157.000000 52.000000
1.3300 105.6900 51.9400 389.000000 0.000000 157.000000 52.000000
1.3400 105.0000 51.6700 398.000000 0.000000 157.000000 52.000000
1.3500 104.2900 51.3400 361.000000 0.000000 157.000000 52.000000
1.3600 103.9400 51.1000 249.000000 0.000000 157.000000 52.000000
1.3700 103.8300 50.8800 113.000000 0.000000 156.000000 51.000000
1.3800 103.8300 50.8800 0.000000 1.000000 156.000000 51.000000
1.3900 103.6600 50.4700 0.000000 0.000000 156.000000 51.000000
1.4000 103.6600 50.3200 0.000000 0.000000 156.000000 51.000000
1.4100 103.5600 50.2100 0.000000 0.000000 156.000000 51.000000
1.4200 103.4000 50.0700 0.000000 0.000000 156.000000 51.000000
1.4300 103.1700 49.8800 0.000000 0.000000 155.000000 51.000000
1.4400 102.7900 49.6100 0.000000 0.000000 155.000000 50.000000
1.4500 102.0400 49.2500 0.000000 0.000000 154.000000 50.000000
1.4600 101.0400 48.7500 0.000000 0.000000 154.000000 50.000000
1.4700 99.8700 48.1700 0.000000 0.000000 154.000000 50.000000
1.4800 98.7800 47.5500 0.000000 0.000000 153.000000 50.000000
1.4900 97.7500 47.0600 0.000000 0.000000 152.000000 51.000000
1.5000 97.1600 46.6700 0.000000 0.000000 152.000000 51.000000
1.5100 96.7800 46.3200 0.000000 0.000000 152.000000 51.000000
1.5200 96.5500 46.0800 0.000000 0.000000 152.000000 51.000000
1.5300 96.5500 45.9100 0.000000 0.000000 151.000000 51.000000
1.5400 96.5500 45.8500 0.000000 0.000000 151.000000 51.000000
1.5500 96.6800 45.9100 0.000000 0.000000 151.000000 51.000000
1.5600 96.8600 46.0500 0.000000 0.000000 151.000000 51.000000
1.5700 97.1100 46.2800 0.000000 0.000000 151.000000 51.000000
1.5800 97.1100 46.2800 41.000000 1.000000 151.000000 51.000000
1.5900 97.4600 46.6600 90.000000 0.000000 151.000000 51.000000
1.6000 97.4000 46.6600 148.000000 0.000000 151.000000 51.000000
1.6100 97.2400 46.6000 237.000000 0.000000 151.000000 51.000000
1.6200 97.0000 46.3800 279.000000 0.000000 151.000000 51.000000
1.6300 96.6900 46.0500 373.000000 0.000000 152.000000 51.000000
1.6400 96.4200 45.7100 418.000000 0.000000 152.000000 51.000000
1.6500 96.2500 45.3900 443.000000 0.000000 152.000000 51.000000
1.6600 96.2500 45.2400 445.000000 0.000000 153.000000 50.000000
1.6700 96.2500 45.1900 478.000000 0.000000 153.000000 50.000000
1.6800 96.4300 45.1900 504.000000 0.000000 153.000000 50.000000
1.6900 96.6000 45.2700 519.000000 0.000000 153.000000 49.000000
1.7000 96.8700 45.4700 512.000000 0.000000 153.000000 49.000000
1.7100 97.2100 45.7600 512.000000 0.000000 153.000000 49.000000
1.7200 97.4500 46.0400 519.000000 0.000000 153.000000 49.000000
1.7300 97.5600 46.2800 519.000000 0.000000 153.000000 49.000000
1.7400 97.5600 46.4300 514.000000 0.000000 154.000000 49.000000
1.7500 97.5100 46.4900 519.000000 0.000000 154.000000 49.000000
1.7600 97.4600 46.4900 519.000000 0.000000 154.000000 49.000000
1.7700 97.4600 46.4300 522.000000 0.000000 154.000000 49.000000
1.7800 97.4600 46.3600 501.000000 0.000000 154.000000 49.000000
1.7900 97.4600 46.2300 496.000000 0.000000 154.000000 49.000000
1.8000 97.6300 46.1200 488.000000 0.000000 154.000000 49.000000
1.8100 97.8500 46.0500 464.000000 0.000000 155.000000 48.000000
1.8200 98.1200 45.9900 460.000000 0.000000 155.000000 48.000000
1.8300 98.3700 45.9900 443.000000 0.000000 155.000000 48.000000
1.8400 98.5800 45.9900 422.000000 0.000000 155.000000 48.000000
1.8500 98.7600 46.1000 389.000000 0.000000 155.000000 48.000000
1.8600 98.8100 46.2400 389.000000 0.000000 155.000000 48.000000
1.8700 98.8600 46.4000 396.000000 0.000000 155.000000 48.000000
1.8800 98.8600 46.5700 396.000000 0.000000 155.000000 48.000000
1.8900 98.8600 46.7300 389.000000 0.000000 154.000000 49.000000
1.9000 98.8100 46.8400 388.000000 0.000000 154.000000 49.000000
1.9100 98.8100 46.8400 388.000000 0.000000 154.000000 49.000000
1.9200 98.8100 46.8400 388.000000 0.000000 154.000000 49.000000
1.9300 98.9200 46.6700 392.000000 0.000000 155.000000 49.000000
1.9400 99.0400 46.4700 399.000000 0.000000 155.000000 49.000000
1.9500 99.1700 46.2900 402.000000 0.000000 155.000000 49.000000
1.9600 99.3000 46.1200 402.000000 0.000000 155.000000 49.000000
1.9700 99.3700 46.0000 405.000000 0.000000 154.000000 49.000000
1.9800 99.4200 46.0000 413.000000 0.000000 154.000000 49.000000
1.9900 99.4700 46.0000 417.000000 0.000000 154.000000 49.000000
2.0000 99.5400 46.2000 431.000000 0.000000 154.000000 49.000000
2.0100 99.6600 46.5100 423.000000 0.000000 154.000000 49.000000
2.0200 99.8700 46.9100 414.000000 0.000000 154.000000 49.000000
2.0300 100.0400 47.2900 422.000000 0.000000 154.000000 49.000000
2.0400 100.1600 47.6200 420.000000 0.000000 154.000000 49.000000
2.0500 100.2400 47.8600 417.000000 0.000000 153.000000 49.000000
2.0600 100.2400 47.8600 409.000000 0.000000 153.000000 49.000000
2.0700 100.2400 47.8600 420.000000 0.000000 153.000000 49.000000
2.0800 100.3300 47.4600 414.000000 0.000000 152.000000 48.000000
2.0900 100.4000 47.1400 428.000000 0.000000 151.000000 48.000000
2.1000 100.5000 46.8600 435.000000 0.000000 151.000000 48.000000
2.1100 100.6000 46.6300 441.000000 0.000000 151.000000 48.000000
2.1200 100.7000 46.5600 443.000000 0.000000 151.000000 48.000000
2.1300 100.8200 46.6200 453.000000 0.000000 151.000000 48.000000
2.1400 101.0300 46.7600 450.000000 0.000000 151.000000 48.000000
2.1500 101.3000 47.1100 447.000000 0.000000 153.000000 49.000000
2.1600 101.6200 47.4600 449.000000 0.000000 153.000000 49.000000
2.1700 101.7100 47.8100 439.000000 0.000000 153.000000 49.000000
2.1800 101.7100 48.1600 448.000000 0.000000 153.000000 49.000000
2.1900 101.7100 48.1600 455.000000 0.000000 153.000000 49.000000
2.2000 101.6500 48.1600 453.000000 0.000000 153.000000 49.000000
2.2100 101.6500 47.8800 468.000000 0.000000 153.000000 49.000000
2.2200 101.7000 47.4100 472.000000 0.000000 153.000000 49.000000
2.2300 101.8300 46.9900 481.000000 0.000000 153.000000 49.000000
2.2400 102.0200 46.6500 489.000000 0.000000 153.000000 49.000000
2.2500 102.2300 46.3700 515.000000 0.000000 153.000000 49.000000
2.2600 102.4600 46.2700 533.000000 0.000000 153.000000 49.000000
2.2700 102.6800 46.3800 530.000000 0.000000 153.000000 49.000000
2.2800 102.9300 46.6300 529.000000 0.000000 153.000000 49.000000
2.2900 103.1700 47.1400 510.000000 0.000000 153.000000 49.000000
2.3000 103.2800 47.7700 502.000000 0.000000 153.000000 49.000000
2.3100 103.2800 48.4700 469.000000 0.000000 153.000000 50.000000
2.3200 103.1500 49.3500 438.000000 0.000000 153.000000 50.000000
2.3300 102.8700 50.2100 445.000000 0.000000 153.000000 50.000000
2.3400 102.5100 50.7800 470.000000 0.000000 153.000000 50.000000
2.3500 102.1700 51.1700 481.000000 0.000000 153.000000 50.000000
2.3600 101.8800 51.0600 485.000000 0.000000 152.000000 51.000000
2.3700 101.6900 50.4600 529.000000 0.000000 152.000000 51.000000
2.3800 101.5100 49.5400 550.000000 0.000000 152.000000 51.000000
2.3900 101.3400 48.3400 570.000000 0.000000 152.000000 51.000000
2.4000 101.3400 47.3300 589.000000 0.000000 152.000000 51.000000
2.4100 101.4700 46.4400 595.000000 0.000000 152.000000 51.000000
2.4200 101.7600 45.9500 592.000000 0.000000 151.000000 50.000000
2.4300 101.9000 45.7800 616.000000 0.000000 151.000000 50.000000
2.4400 101.9900 45.7800 622.000000 0.000000 151.000000 50.000000
2.4500 102.0400 46.1100 610.000000 0.000000 151.000000 50.000000
2.4600 102.2300 46.7900 591.000000 0.000000 151.000000 50.000000
2.4700 102.1500 47.7400 561.000000 0.000000 151.000000 50.000000
2.4800 101.8800 48.9000 489.000000 0.000000 150.000000 50.000000
2.4900 101.3500 50.1700 440.000000 0.000000 150.000000 50.000000
2.5000 100.5400 51.5200 392.000000 0.000000 150.000000 50.000000
2.5100 99.5500 52.8600 425.000000 0.000000 150.000000 50.000000
2.5200 98.3900 54.0700 471.000000 0.000000 150.000000 50.000000
2.5300 97.5000 54.2700 481.000000 0.000000 150.000000 50.000000
2.5400 96.8000 53.8400 519.000000 0.000000 150.000000 50.000000
2.5500 96.0900 52.4900 595.000000 0.000000 150.000000 50.000000
2.5600 95.3800 50.8100 628.000000 0.000000 150.000000 50.000000
2.5700 94.8100 48.9100 644.000000 0.000000 150.000000 50.000000
2.5800 94.3200 47.1500 646.000000 0.000000 151.000000 49.000000
2.5900 94.3200 45.9300 645.000000 0.000000 151.000000 49.000000
2.6000 94.5900 45.0800 594.000000 0.000000 151.000000 49.000000
2.6100 94.9800 44.5600 477.000000 0.000000 150.000000 50.000000
2.6200 95.2900 44.3000 210.000000 0.000000 148.000000 50.000000
