0.0000 55.2500 67.8900 170.000000 1.000000 140.000000 50.000000
0.0100 55.4000 69.2300 212.000000 0.000000 141.000000 50.000000
0.0200 55.4000 69.8600 269.000000 0.000000 141.000000 50.000000
0.0300 55.4800 70.2600 359.000000 0.000000 141.000000 50.000000
0.0400 55.5800 70.5100 404.000000 0.000000 143.000000 50.000000
0.0500 55.5800 70.5100 433.000000 0.000000 143.000000 50.000000
0.0600 55.5800 70.4100 489.000000 0.000000 144.000000 49.000000
0.0700 55.7100 69.9700 504.000000 0.000000 145.000000 48.000000
0.0800 55.7100 69.3100 519.000000 0.000000 145.000000 48.000000
0.0900 55.5800 68.2700 538.000000 0.000000 145.000000 48.000000
0.1000 55.2800 67.2300 543.000000 0.000000 145.000000 48.000000
0.1100 54.6800 66.0500 540.000000 0.000000 145.000000 48.000000
0.1200 53.8400 64.7700 527.000000 0.000000 144.000000 49.000000
0.1300 52.8400 63.5500 498.000000 0.000000 144.000000 49.000000
0.1400 51.7000 62.5800 496.000000 0.000000 143.000000 50.000000
0.1500 50.8400 61.7800 490.000000 0.000000 143.000000 50.000000
0.1600 50.1600 61.4100 491.000000 0.000000 142.000000 49.000000
0.1700 49.8100 61.4100 491.000000 0.000000 141.000000 50.000000
0.1800 49.7300 61.5800 485.000000 0.000000 140.000000 50.000000
0.1900 49.8300 62.1600 477.000000 0.000000 140.000000 50.000000
0.2000 50.4800 63.4100 468.000000 0.000000 141.000000 49.000000
0.2100 51.7600 65.1200 440.000000 0.000000 139.000000 48.000000
0.2200 53.4500 66.8400 440.000000 0.000000 141.000000 49.000000
0.2300 55.0900 68.4400 450.000000 0.000000 141.000000 49.000000
0.2400 56.7200 69.9500 450.000000 0.000000 142.000000 49.000000
0.2500 58.1000 70.8900 474.000000 0.000000 142.000000 49.000000
0.2600 59.3300 71.4200 464.000000 0.000000 144.000000 49.000000
0.2700 60.0500 71.6900 466.000000 0.000000 146.000000 49.000000
0.2800 60.2500 71.6200 473.000000 0.000000 148.000000 47.000000
0.2900 60.0900 71.1900 465.000000 0.000000 149.000000 47.000000
0.3000 59.2300 70.5100 468.000000 0.000000 150.000000 46.000000
0.3100 57.4200 69.0300 483.000000 0.000000 150.000000 46.000000
0.3200 54.9800 67.3800 492.000000 0.000000 150.000000 46.000000
0.3300 52.1200 65.6300 530.000000 0.000000 149.000000 47.000000
0.3400 49.7600 63.8900 561.000000 0.000000 148.000000 47.000000
0.3500 47.7300 62.7700 557.000000 0.000000 147.000000 48.000000
0.3600 46.9500 62.0600 541.000000 0.000000 146.000000 49.000000
0.3700 46.8800 61.6800 537.000000 0.000000 145.000000 48.000000
0.3800 47.2900 61.5500 543.000000 0.000000 144.000000 49.000000
0.3900 48.2400 61.6000 567.000000 0.000000 144.000000 49.000000
0.4000 49.9600 62.1000 563.000000 0.000000 144.000000 49.000000
0.4100 52.2000 62.9600 561.000000 0.000000 144.000000 49.000000
0.4200 55.1100 64.0600 556.000000 0.000000 144.000000 49.000000
0.4300 58.0000 65.2400 544.000000 0.000000 144.000000 49.000000
0.4400 60.8800 66.2300 512.000000 0.000000 145.000000 50.000000
0.4500 63.6400 67.0900 477.000000 0.000000 146.000000 50.000000
0.4600 65.8300 67.7000 423.000000 0.000000 148.000000 50.000000
0.4700 67.6300 68.0100 301.000000 0.000000 149.000000 51.000000
0.4800 68.7400 68.1200 100.000000 0.000000 149.000000 51.000000
0.4900 68.7400 68.1200 0.000000 1.000000 150.000000 51.000000
0.5000 68.3300 67.7700 0.000000 0.000000 151.000000 51.000000
0.5100 67.0200 67.4100 0.000000 0.000000 151.000000 51.000000
0.5200 65.2500 67.0500 0.000000 0.000000 151.000000 51.000000
0.5300 63.1800 66.6900 0.000000 0.000000 151.000000 51.000000
0.5400 61.0500 66.3200 0.000000 0.000000 151.000000 51.000000
0.5500 59.1200 65.9800 0.000000 0.000000 151.000000 51.000000
0.5600 57.7300 65.7500 0.000000 0.000000 151.000000 51.000000
0.5700 56.6300 65.6100 0.000000 0.000000 151.000000 51.000000
0.5800 56.1000 65.6100 0.000000 0.000000 151.000000 51.000000
0.5900 55.9400 65.6100 0.000000 0.000000 151.000000 51.000000
0.6000 56.0300 65.7000 0.000000 0.000000 150.000000 51.000000
0.6100 56.2500 65.7700 0.000000 0.000000 151.000000 50.000000
0.6200 56.4600 65.7200 0.000000 0.000000 151.000000 50.000000
0.6300 56.4600 65.7200 137.000000 1.000000 149.000000 51.000000
0.6400 56.8900 65.4800 207.000000 0.000000 149.000000 51.000000
0.6500 57.1000 65.4800 305.000000 0.000000 149.000000 51.000000
0.6600 57.3100 65.4800 425.000000 0.000000 148.000000 51.000000
0.6700 57.9500 65.7300 483.000000 0.000000 148.000000 51.000000
0.6800 58.6300 66.1000 542.000000 0.000000 148.000000 51.000000
0.6900 59.3900 66.5800 560.000000 0.000000 148.000000 51.000000
0.7000 60.1800 67.0600 564.000000 0.000000 147.000000 51.000000
0.7100 60.7700 67.5000 568.000000 0.000000 147.000000 51.000000
0.7200 61.0000 67.8600 560.000000 0.000000 147.000000 51.000000
0.7300 61.0000 67.9500 543.000000 0.000000 147.000000 51.000000
0.7400 60.6900 67.8800 530.000000 0.000000 147.000000 51.000000
0.7500 60.1800 67.6600 520.000000 0.000000 148.000000 50.000000
0.7600 59.5300 67.3000 512.000000 0.000000 148.000000 50.000000
0.7700 59.1300 66.8400 481.000000 0.000000 148.000000 50.000000
0.7800 58.9900 66.4800 407.000000 0.000000 148.000000 50.000000
0.7900 58.9900 66.2200 344.000000 0.000000 147.000000 51.000000
0.8000 59.2000 66.0400 275.000000 0.000000 147.000000 51.000000
0.8100 59.5400 65.9700 219.000000 0.000000 145.000000 51.000000
0.8200 60.0000 66.0500 178.000000 0.000000 144.000000 51.000000
0.8300 60.4800 66.2200 179.000000 0.000000 144.000000 51.000000
0.8400 60.8900 66.4300 186.000000 0.000000 144.000000 51.000000
0.8500 61.2500 66.6200 225.000000 0.000000 144.000000 51.000000
0.8600 61.5500 66.8100 312.000000 0.000000 144.000000 51.000000
0.8700 61.8400 66.9500 409.000000 0.000000 146.000000 52.000000
0.8800 62.1200 67.1000 501.000000 0.000000 146.000000 52.000000
0.8900 62.4300 67.2400 562.000000 0.000000 146.000000 52.000000
0.9000 62.6400 67.3600 585.000000 0.000000 147.000000 52.000000
0.9100 62.7800 67.4500 613.000000 0.000000 147.000000 52.000000
0.9200 62.7300 67.5000 578.000000 0.000000 148.000000 51.000000
0.9300 62.4700 67.5000 546.000000 0.000000 148.000000 51.000000
0.9400 62.0700 67.5800 493.000000 0.000000 148.000000 51.000000
0.9500 61.6100 67.3700 379.000000 0.000000 148.000000 51.000000
0.9600 61.2800 67.1800 170.000000 0.000000 149.000000 51.000000
0.9700 61.2800 67.1800 0.000000 1.000000 148.000000 51.000000
0.9800 61.2700 66.9100 0.000000 0.000000 148.000000 51.000000
0.9900 61.4300 66.9800 0.000000 0.000000 148.000000 51.000000
1.0000 61.7500 67.1700 0.000000 0.000000 148.000000 51.000000
1.0100 62.1800 67.4700 0.000000 0.000000 149.000000 52.000000
1.0200 62.5900 67.8300 0.000000 0.000000 149.000000 52.000000
1.0300 63.0000 68.2300 0.000000 0.000000 149.000000 52.000000
1.0400 63.2600 68.6400 0.000000 0.000000 149.000000 52.000000
1.0500 63.4200 69.0500 0.000000 0.000000 150.000000 51.000000
1.0600 63.4200 69.0500 193.000000 1.000000 151.000000 51.000000
1.0700 63.5400 69.5700 246.000000 0.000000 152.000000 51.000000
1.0800 63.3700 69.6300 284.000000 0.000000 153.000000 50.000000
1.0900 63.1900 69.3600 336.000000 0.000000 154.000000 49.000000
1.1000 63.0300 68.9000 402.000000 0.000000 153.000000 49.000000
1.1100 62.8700 68.3700 427.000000 0.000000 153.000000 49.000000
1.1200 62.8700 67.8700 439.000000 0.000000 153.000000 49.000000
1.1300 62.8700 67.5100 442.000000 0.000000 153.000000 49.000000
1.1400 62.9400 67.2400 448.000000 0.000000 152.000000 49.000000
1.1500 63.0800 67.1200 440.000000 0.000000 151.000000 50.000000
1.1600 63.2400 67.1200 420.000000 0.000000 151.000000 50.000000
1.1700 63.4300 67.2000 346.000000 0.000000 150.000000 51.000000
1.1800 63.6200 67.4500 301.000000 0.000000 150.000000 51.000000
1.1900 63.7200 67.7000 235.000000 0.000000 149.000000 52.000000
1.2000 63.7800 67.9600 218.000000 0.000000 149.000000 52.000000
1.2100 63.8500 68.0800 219.000000 0.000000 149.000000 52.000000
1.2200 63.9100 68.1600 226.000000 0.000000 150.000000 51.000000
1.2300 63.9600 68.1600 256.000000 0.000000 150.000000 51.000000
1.2400 64.0700 68.0800 279.000000 0.000000 150.000000 51.000000
1.2500 64.2300 68.0100 342.000000 0.000000 151.000000 50.000000
1.2600 64.2300 68.0100 398.000000 0.000000 151.000000 50.000000
1.2700 64.7700 68.0100 402.000000 0.000000 151.000000 50.000000
1.2800 65.1100 68.1300 425.000000 0.000000 151.000000 50.000000
1.2900 65.4400 68.2700 449.000000 0.000000 153.000000 50.000000
1.3000 65.6000 68.4300 465.000000 0.000000 153.000000 50.000000
1.3100 65.6500 68.5300 485.000000 0.000000 153.000000 50.000000
1.3200 65.5700 68.6000 473.000000 0.000000 153.000000 50.000000
1.3300 65.3800 68.6000 474.000000 0.000000 153.000000 50.000000
1.3400 65.1200 68.6000 465.000000 0.000000 153.000000 50.000000
1.3500 64.8600 68.4800 422.000000 0.000000 153.000000 50.000000
1.3600 64.7400 68.3400 273.000000 0.000000 153.000000 50.000000
1.3700 64.7400 68.2400 20.000000 0.000000 153.000000 50.000000
1.3800 64.7400 68.2400 0.000000 1.000000 153.000000 50.000000
1.3900 64.7900 68.1700 0.000000 0.000000 153.000000 50.000000
1.4000 64.8400 68.1700 0.000000 0.000000 153.000000 50.000000
1.4100 64.9300 68.2900 0.000000 0.000000 153.000000 50.000000
1.4200 64.9900 68.2900 0.000000 0.000000 152.000000 49.000000
1.4300 65.0400 68.2900 0.000000 0.000000 152.000000 49.000000
1.4400 65.1600 68.3700 0.000000 0.000000 152.000000 49.000000
1.4500 65.3000 68.4900 0.000000 0.000000 152.000000 49.000000
1.4600 65.4900 68.6400 0.000000 0.000000 152.000000 49.000000
1.4700 65.6900 68.8400 0.000000 0.000000 152.000000 49.000000
1.4800 65.8800 69.0300 0.000000 0.000000 152.000000 49.000000
1.4900 66.0800 69.2200 0.000000 0.000000 152.000000 49.000000
1.5000 66.2700 69.3900 0.000000 0.000000 152.000000 49.000000
1.5100 66.4700 69.5600 0.000000 0.000000 152.000000 49.000000
1.5200 66.5800 69.6900 0.000000 0.000000 152.000000 49.000000
1.5300 66.6300 69.7700 0.000000 0.000000 152.000000 49.000000
1.5400 66.5400 69.6800 0.000000 0.000000 152.000000 49.000000
1.5500 66.3500 69.4900 0.000000 0.000000 152.000000 49.000000
1.5600 66.0800 69.0900 0.000000 0.000000 152.000000 49.000000
1.5700 65.6900 68.7300 0.000000 0.000000 152.000000 49.000000
1.5800 65.2000 68.4000 0.000000 0.000000 152.000000 49.000000
1.5900 64.6500 68.0000 0.000000 0.000000 151.000000 50.000000
1.6000 64.0400 67.5500 0.000000 0.000000 151.000000 50.000000
1.6100 63.4700 67.0500 0.000000 0.000000 151.000000 50.000000
1.6200 63.1400 66.5700 0.000000 0.000000 150.000000 50.000000
1.6300 62.9500 66.2000 0.000000 0.000000 151.000000 49.000000
1.6400 62.7300 65.8900 0.000000 0.000000 151.000000 49.000000
1.6500 62.5200 65.6500 0.000000 0.000000 149.000000 49.000000
1.6600 62.3200 65.4600 0.000000 0.000000 149.000000 49.000000
1.6700 62.1000 65.3100 0.000000 0.000000 149.000000 49.000000
1.6800 61.8800 65.2400 0.000000 0.000000 149.000000 49.000000
1.6900 61.8800 65.2400 0.000000 0.000000 149.000000 49.000000
1.7000 61.4200 65.1700 0.000000 0.000000 149.000000 49.000000
1.7100 61.1300 65.1700 0.000000 0.000000 148.000000 50.000000
1.7200 60.8200 65.1700 0.000000 0.000000 150.000000 50.000000
1.7300 60.4900 65.0800 0.000000 0.000000 150.000000 50.000000
1.7400 60.2000 65.0000 0.000000 0.000000 150.000000 50.000000
1.7500 59.9200 64.8400 0.000000 0.000000 151.000000 50.000000
1.7600 59.6500 64.5800 0.000000 0.000000 151.000000 50.000000
1.7700 59.6500 64.5800 132.000000 1.000000 151.000000 50.000000
1.7800 58.9700 63.7700 200.000000 0.000000 150.000000 50.000000
1.7900 58.5500 63.3500 311.000000 0.000000 150.000000 50.000000
1.8000 58.1800 62.9400 444.000000 0.000000 148.000000 50.000000
1.8100 57.8500 62.5400 461.000000 0.000000 148.000000 50.000000
1.8200 57.9000 62.4700 464.000000 0.000000 147.000000 49.000000
1.8300 57.9800 62.4700 491.000000 0.000000 147.000000 49.000000
1.8400 58.1600 62.4700 504.000000 0.000000 146.000000 49.000000
1.8500 58.4000 62.6500 514.000000 0.000000 146.000000 49.000000
1.8600 58.6900 62.9000 517.000000 0.000000 145.000000 48.000000
1.8700 58.8400 63.2100 519.000000 0.000000 145.000000 48.000000
1.8800 58.9000 63.2900 519.000000 0.000000 145.000000 48.000000
1.8900 58.9000 63.2900 520.000000 0.000000 145.000000 48.000000
1.9000 58.9000 63.3500 519.000000 0.000000 145.000000 48.000000
1.9100 58.8200 63.1900 502.000000 0.000000 145.000000 48.000000
1.9200 58.8200 63.0100 489.000000 0.000000 145.000000 48.000000
1.9300 58.8800 62.7900 471.000000 0.000000 145.000000 48.000000
1.9400 59.0900 62.6700 435.000000 0.000000 145.000000 48.000000
1.9500 59.3900 62.6200 409.000000 0.000000 145.000000 48.000000
1.9600 59.7300 62.6200 368.000000 0.000000 145.000000 48.000000
1.9700 60.0400 62.6800 314.000000 0.000000 145.000000 48.000000
1.9800 60.2300 62.7800 284.000000 0.000000 145.000000 48.000000
1.9900 60.3400 62.9100 279.000000 0.000000 145.000000 48.000000
2.0000 60.3400 63.0300 275.000000 0.000000 145.000000 48.000000
2.0100 60.3400 63.1100 273.000000 0.000000 145.000000 48.000000
2.0200 60.2800 63.1100 301.000000 0.000000 146.000000 49.000000
2.0300 60.2800 63.1100 306.000000 0.000000 146.000000 49.000000
2.0400 60.2800 63.0200 309.000000 0.000000 146.000000 49.000000
2.0500 60.2800 62.9400 304.000000 0.000000 146.000000 49.000000
2.0600 60.3700 62.8600 299.000000 0.000000 146.000000 49.000000
2.0700 60.5300 62.8600 297.000000 0.000000 146.000000 49.000000
2.0800 60.7400 62.9400 297.000000 0.000000 146.000000 49.000000
2.0900 60.9200 63.0900 299.000000 0.000000 146.000000 49.000000
2.1000 61.0700 63.2300 294.000000 0.000000 146.000000 49.000000
2.1100 61.1400 63.3800 301.000000 0.000000 146.000000 49.000000
2.1200 61.1400 63.5500 319.000000 0.000000 146.000000 49.000000
2.1300 61.1400 63.5500 338.000000 0.000000 146.000000 49.000000
2.1400 61.1900 63.5000 349.000000 0.000000 146.000000 49.000000
2.1500 61.2400 63.4100 368.000000 0.000000 146.000000 49.000000
2.1600 61.3500 63.2700 387.000000 0.000000 146.000000 49.000000
2.1700 61.3500 63.2700 392.000000 0.000000 147.000000 49.000000
2.1800 61.8000 63.1100 402.000000 0.000000 147.000000 49.000000
2.1900 62.1500 63.1100 409.000000 0.000000 147.000000 49.000000
2.2000 62.5500 63.3100 405.000000 0.000000 147.000000 49.000000
2.2100 62.8400 63.5100 405.000000 0.000000 147.000000 49.000000
2.2200 63.0500 63.7200 404.000000 0.000000 147.000000 49.000000
2.2300 63.0500 63.9700 404.000000 0.000000 147.000000 49.000000
2.2400 63.0500 64.2400 402.000000 0.000000 148.000000 50.000000
2.2500 63.0000 64.5300 409.000000 0.000000 148.000000 50.000000
2.2600 62.9100 64.5800 417.000000 0.000000 148.000000 50.000000
2.2700 62.8400 64.5800 415.000000 0.000000 148.000000 50.000000
2.2800 62.7800 64.4300 431.000000 0.000000 148.000000 50.000000
2.2900 62.7800 64.1200 439.000000 0.000000 148.000000 50.000000
2.3000 62.7800 63.7000 469.000000 0.000000 148.000000 50.000000
2.3100 62.8600 63.4300 477.000000 0.000000 148.000000 50.000000
2.3200 63.0000 63.2200 483.000000 0.000000 148.000000 50.000000
2.3300 63.2100 63.0400 488.000000 0.000000 148.000000 50.000000
2.3400 63.4600 63.0400 498.000000 0.000000 148.000000 50.000000
2.3500 63.7600 63.0900 494.000000 0.000000 148.000000 50.000000
2.3600 64.0300 63.2600 498.000000 0.000000 148.000000 50.000000
2.3700 64.2700 63.6700 489.000000 0.000000 148.000000 50.000000
2.3800 64.4800 64.1800 485.000000 0.000000 148.000000 50.000000
2.3900 64.6300 64.7700 467.000000 0.000000 148.000000 50.000000
2.4000 64.7300 65.4000 460.000000 0.000000 147.000000 51.000000
2.4100 64.7300 66.1000 431.000000 0.000000 147.000000 51.000000
2.4200 64.5900 66.8400 377.000000 0.000000 147.000000 51.000000
2.4300 64.4100 67.5900 376.000000 0.000000 147.000000 51.000000
2.4400 64.0100 68.0200 394.000000 0.000000 147.000000 51.000000
2.4500 63.4800 68.2500 415.000000 0.000000 147.000000 51.000000
2.4600 62.8500 67.9700 445.000000 0.000000 147.000000 51.000000
2.4700 62.3400 67.2400 478.000000 0.000000 147.000000 51.000000
2.4800 61.9900 66.2100 496.000000 0.000000 148.000000 50.000000
2.4900 61.7400 65.1000 517.000000 0.000000 148.000000 50.000000
2.5000 61.5300 63.9900 537.000000 0.000000 146.000000 50.000000
2.5100 61.3500 62.9300 548.000000 0.000000 146.000000 50.000000
2.5200 61.1800 62.2000 563.000000 0.000000 146.000000 50.000000
2.5300 61.0900 61.6700 591.000000 0.000000 144.000000 50.000000
2.5400 61.0300 61.4500 617.000000 0.000000 144.000000 50.000000
2.5500 61.0300 61.4000 676.000000 0.000000 144.000000 50.000000
2.5600 61.0300 61.4600 694.000000 0.000000 143.000000 50.000000
2.5700 60.9500 61.6800 687.000000 0.000000 143.000000 50.000000
2.5800 60.8600 62.2800 667.000000 0.000000 143.000000 50.000000
2.5900 60.8600 63.1400 655.000000 0.000000 143.000000 50.000000
2.6000 60.8600 64.3500 605.000000 0.000000 143.000000 50.000000
2.6100 60.7900 65.8000 537.000000 0.000000 143.000000 50.000000
2.6200 60.6600 67.4000 495.000000 0.000000 143.000000 50.000000
2.6300 60.2800 68.9000 488.000000 0.000000 143.000000 50.000000
2.6400 59.8100 70.3900 544.000000 0.000000 143.000000 50.000000
2.6500 59.2900 70.9400 544.000000 0.000000 144.000000 49.000000
2.6600 58.8300 70.8600 548.000000 0.000000 145.000000 48.000000
2.6700 58.3400 70.1400 567.000000 0.000000 145.000000 48.000000
2.6800 57.6900 68.9100 585.000000 0.000000 145.000000 48.000000
2.6900 56.9300 67.3400 616.000000 0.000000 146.000000 48.000000
2.7000 56.4300 66.0100 613.000000 0.000000 146.000000 48.000000
2.7100 56.0400 64.6400 614.000000 0.000000 145.000000 48.000000
2.7200 55.7200 63.5700 614.000000 0.000000 145.000000 48.000000
2.7300 55.5600 62.7200 613.000000 0.000000 144.000000 49.000000
2.7400 55.5600 62.4800 620.000000 0.000000 144.000000 49.000000
2.7500 55.5600 62.4800 606.000000 0.000000 142.000000 49.000000
2.7600 55.6400 62.7100 595.000000 0.000000 142.000000 49.000000
2.7700 55.9100 63.5900 578.000000 0.000000 142.000000 49.000000
2.7800 56.3300 64.7800 553.000000 0.000000 141.000000 50.000000
2.7900 56.5300 66.1900 496.000000 0.000000 141.000000 50.000000
2.8000 56.4600 67.5300 450.000000 0.000000 141.000000 50.000000
2.8100 56.2200 68.8700 472.000000 0.000000 141.000000 50.000000
2.8200 55.8500 69.4900 496.000000 0.000000 143.000000 50.000000
2.8300 55.5400 69.6500 492.000000 0.000000 143.000000 50.000000
2.8400 55.1300 68.9900 537.000000 0.000000 143.000000 50.000000
2.8500 54.6200 67.6800 562.000000 0.000000 144.000000 49.000000
2.8600 54.0000 65.9300 570.000000 0.000000 144.000000 49.000000
2.8700 53.4000 63.9000 545.000000 0.000000 144.000000 49.000000
2.8800 52.9200 61.8800 450.000000 0.000000 144.000000 49.000000
2.8900 52.5200 59.8800 241.000000 0.000000 142.000000 49.000000
