0.0000 22.6000 52.8500 131.000000 1.000000 132.000000 49.000000
0.0100 22.8000 53.6300 187.000000 0.000000 133.000000 50.000000
0.0200 22.8000 53.8000 200.000000 0.000000 134.000000 49.000000
0.0300 22.8000 53.8000 228.000000 0.000000 135.000000 50.000000
0.0400 22.8000 53.4400 280.000000 0.000000 136.000000 50.000000
0.0500 22.7200 52.8800 301.000000 0.000000 136.000000 50.000000
0.0600 22.5300 51.8800 339.000000 0.000000 137.000000 51.000000
0.0700 22.0600 50.6300 367.000000 0.000000 137.000000 51.000000
0.0800 21.2800 49.2100 394.000000 0.000000 137.000000 51.000000
0.0900 20.3000 47.5200 405.000000 0.000000 136.000000 51.000000
0.1000 19.2000 46.1400 418.000000 0.000000 136.000000 51.000000
0.1100 18.1100 44.9600 415.000000 0.000000 135.000000 52.000000
0.1200 17.0700 43.9500 433.000000 0.000000 135.000000 52.000000
0.1300 16.1200 43.3400 455.000000 0.000000 133.000000 52.000000
0.1400 15.6300 42.9900 468.000000 0.000000 131.000000 52.000000
0.1500 15.4400 43.1300 448.000000 0.000000 131.000000 52.000000
0.1600 15.5700 43.7600 428.000000 0.000000 130.000000 53.000000
0.1700 16.1600 44.7100 422.000000 0.000000 130.000000 53.000000
0.1800 17.0500 46.2700 398.000000 0.000000 130.000000 53.000000
0.1900 18.3500 48.0800 359.000000 0.000000 131.000000 54.000000
0.2000 20.1100 50.0500 343.000000 0.000000 133.000000 53.000000
0.2100 22.1800 51.7000 369.000000 0.000000 134.000000 52.000000
0.2200 24.1500 52.9000 371.000000 0.000000 134.000000 52.000000
0.2300 25.6300 53.8000 351.000000 0.000000 135.000000 52.000000
0.2400 26.7800 54.2400 329.000000 0.000000 136.000000 51.000000
0.2500 27.1900 54.2400 329.000000 0.000000 136.000000 51.000000
0.2600 26.8100 53.8300 329.000000 0.000000 138.000000 51.000000
0.2700 25.9000 52.8700 316.000000 0.000000 138.000000 51.000000
0.2800 24.2800 51.6000 281.000000 0.000000 140.000000 51.000000
0.2900 22.0600 50.1200 319.000000 0.000000 140.000000 51.000000
0.3000 19.4500 48.2700 337.000000 0.000000 138.000000 51.000000
0.3100 16.9700 46.5700 343.000000 0.000000 137.000000 51.000000
0.3200 14.5100 44.9600 373.000000 0.000000 136.000000 51.000000
0.3300 12.7900 43.5800 396.000000 0.000000 136.000000 51.000000
0.3400 11.5600 42.7600 392.000000 0.000000 134.000000 51.000000
0.3500 11.1100 42.3200 389.000000 0.000000 134.000000 51.000000
0.3600 11.4700 42.3200 412.000000 0.000000 132.000000 51.000000
0.3700 12.3800 42.6200 455.000000 0.000000 132.000000 51.000000
0.3800 14.0600 43.2000 490.000000 0.000000 130.000000 51.000000
0.3900 16.7500 44.5600 520.000000 0.000000 130.000000 51.000000
0.4000 20.1100 46.0300 529.000000 0.000000 132.000000 51.000000
0.4100 23.9400 47.5800 522.000000 0.000000 132.000000 51.000000
0.4200 27.2800 49.1000 486.000000 0.000000 134.000000 51.000000
0.4300 30.2900 50.1200 391.000000 0.000000 134.000000 51.000000
0.4400 32.5600 50.8000 249.000000 0.000000 136.000000 51.000000
0.4500 33.7800 51.1100 91.000000 0.000000 137.000000 52.000000
0.4600 33.7800 51.1100 0.000000 1.000000 140.000000 52.000000
0.4700 34.0300 51.2100 0.000000 0.000000 141.000000 52.000000
0.4800 33.1100 51.0100 0.000000 0.000000 142.000000 52.000000
0.4900 31.7500 50.8300 0.000000 0.000000 142.000000 52.000000
0.5000 30.1500 50.5900 0.000000 0.000000 143.000000 51.000000
0.5100 28.1800 50.3000 0.000000 0.000000 143.000000 51.000000
0.5200 25.9600 50.0200 0.000000 0.000000 142.000000 52.000000
0.5300 23.9300 49.7300 0.000000 0.000000 142.000000 52.000000
0.5400 22.6300 49.4700 0.000000 0.000000 141.000000 51.000000
0.5500 21.8200 49.2800 0.000000 0.000000 138.000000 51.000000
0.5600 21.2600 49.1400 0.000000 0.000000 138.000000 51.000000
0.5700 21.1100 48.9600 0.000000 0.000000 136.000000 51.000000
0.5800 21.2300 48.7800 0.000000 0.000000 135.000000 51.000000
0.5900 21.4700 48.6000 0.000000 0.000000 134.000000 51.000000
0.6000 21.7100 48.4100 0.000000 0.000000 134.000000 51.000000
0.6100 21.7100 48.4100 134.000000 1.000000 134.000000 51.000000
0.6200 22.8600 48.4100 215.000000 0.000000 134.000000 51.000000
0.6300 23.3700 48.7200 317.000000 0.000000 135.000000 52.000000
0.6400 24.2000 49.1500 368.000000 0.000000 135.000000 52.000000
0.6500 25.2300 49.6700 415.000000 0.000000 137.000000 52.000000
0.6600 26.2000 50.2300 422.000000 0.000000 137.000000 52.000000
0.6700 26.7700 50.7300 415.000000 0.000000 137.000000 52.000000
0.6800 27.0600 50.9500 396.000000 0.000000 138.000000 51.000000
0.6900 26.9100 51.0100 361.000000 0.000000 138.000000 51.000000
0.7000 26.5000 50.9400 337.000000 0.000000 138.000000 51.000000
0.7100 25.9200 50.5300 314.000000 0.000000 140.000000 51.000000
0.7200 25.2300 49.8900 319.000000 0.000000 140.000000 51.000000
0.7300 24.6900 49.4400 314.000000 0.000000 140.000000 51.000000
0.7400 24.6100 49.1300 301.000000 0.000000 141.000000 51.000000
0.7500 24.7900 48.9200 301.000000 0.000000 141.000000 51.000000
0.7600 25.1600 48.9200 309.000000 0.000000 141.000000 51.000000
0.7700 25.7300 49.0400 311.000000 0.000000 141.000000 51.000000
0.7800 26.4400 49.2800 301.000000 0.000000 141.000000 51.000000
0.7900 27.1000 49.6400 311.000000 0.000000 141.000000 51.000000
0.8000 27.5400 49.9700 309.000000 0.000000 141.000000 51.000000
0.8100 27.8300 50.2400 309.000000 0.000000 141.000000 51.000000
0.8200 28.0100 50.4600 311.000000 0.000000 141.000000 51.000000
0.8300 28.0600 50.5200 311.000000 0.000000 140.000000 51.000000
0.8400 28.0600 50.5200 311.000000 0.000000 140.000000 51.000000
0.8500 27.9900 50.4400 309.000000 0.000000 140.000000 51.000000
0.8600 27.9900 50.3400 309.000000 0.000000 140.000000 51.000000
0.8700 27.9900 50.2500 314.000000 0.000000 140.000000 51.000000
0.8800 28.0700 50.2000 324.000000 0.000000 140.000000 50.000000
0.8900 28.2700 50.2000 343.000000 0.000000 140.000000 50.000000
0.9000 28.5600 50.3300 369.000000 0.000000 141.000000 50.000000
0.9100 28.8400 50.5300 392.000000 0.000000 141.000000 50.000000
0.9200 29.0200 50.7400 407.000000 0.000000 141.000000 50.000000
0.9300 29.1400 50.9400 422.000000 0.000000 141.000000 50.000000
0.9400 29.0700 51.0100 417.000000 0.000000 141.000000 50.000000
0.9500 28.8900 51.0100 397.000000 0.000000 141.000000 50.000000
0.9600 28.6300 50.8700 336.000000 0.000000 141.000000 50.000000
0.9700 28.3300 50.6900 267.000000 0.000000 141.000000 50.000000
0.9800 28.0900 50.5800 101.000000 0.000000 141.000000 50.000000
0.9900 28.0900 50.5800 0.000000 1.000000 141.000000 50.000000
1.0000 28.2700 50.6500 0.000000 0.000000 141.000000 50.000000
1.0100 28.4900 50.9000 0.000000 0.000000 140.000000 50.000000
1.0200 28.7300 51.2400 0.000000 0.000000 140.000000 50.000000
1.0300 29.0100 51.6400 0.000000 0.000000 140.000000 50.000000
1.0400 29.2900 52.0200 0.000000 0.000000 140.000000 50.000000
1.0500 29.2900 52.0200 78.000000 1.000000 140.000000 50.000000
1.0600 29.5600 52.6100 193.000000 0.000000 140.000000 50.000000
1.0700 29.5600 52.7500 242.000000 0.000000 140.000000 50.000000
1.0800 29.5600 52.7500 264.000000 0.000000 140.000000 50.000000
1.0900 29.5100 52.5900 299.000000 0.000000 140.000000 50.000000
1.1000 29.5100 52.3300 329.000000 0.000000 141.000000 50.000000
1.1100 29.5100 51.9800 341.000000 0.000000 141.000000 50.000000
1.1200 29.5100 51.5800 346.000000 0.000000 141.000000 50.000000
1.1300 29.6800 51.3700 351.000000 0.000000 141.000000 50.000000
1.1400 29.8300 51.2300 351.000000 0.000000 141.000000 50.000000
1.1500 30.0100 51.1500 341.000000 0.000000 141.000000 50.000000
1.1600 30.1800 51.2100 338.000000 0.000000 141.000000 50.000000
1.1700 30.3900 51.3200 335.000000 0.000000 141.000000 50.000000
1.1800 30.5000 51.4600 325.000000 0.000000 141.000000 50.000000
1.1900 30.5000 51.4600 319.000000 0.000000 141.000000 50.000000
1.2000 30.5900 51.5300 315.000000 0.000000 141.000000 50.000000
1.2100 30.6800 51.5300 317.000000 0.000000 141.000000 50.000000
1.2200 30.8600 51.5300 324.000000 0.000000 141.000000 50.000000
1.2300 31.1100 51.5300 339.000000 0.000000 141.000000 50.000000
1.2400 31.4200 51.6500 353.000000 0.000000 142.000000 50.000000
1.2500 31.7900 51.8100 354.000000 0.000000 143.000000 50.000000
1.2600 32.1300 52.0200 354.000000 0.000000 142.000000 50.000000
1.2700 32.2800 52.2100 361.000000 0.000000 142.000000 50.000000
1.2800 32.2800 52.3300 353.000000 0.000000 142.000000 50.000000
1.2900 32.2800 52.3800 351.000000 0.000000 142.000000 50.000000
1.3000 32.1300 52.3200 349.000000 0.000000 142.000000 50.000000
1.3100 31.9900 52.1800 353.000000 0.000000 143.000000 51.000000
1.3200 31.9200 52.0600 349.000000 0.000000 143.000000 51.000000
1.3300 31.9700 51.9800 335.000000 0.000000 143.000000 51.000000
1.3400 32.0900 51.9200 330.000000 0.000000 143.000000 51.000000
1.3500 32.2400 51.9200 330.000000 0.000000 143.000000 51.000000
1.3600 32.4200 51.9200 329.000000 0.000000 142.000000 50.000000
1.3700 32.6200 52.0500 332.000000 0.000000 142.000000 50.000000
1.3800 32.8100 52.1400 341.000000 0.000000 142.000000 50.000000
1.3900 32.8100 52.2400 373.000000 0.000000 143.000000 51.000000
1.4000 32.8100 52.3200 371.000000 0.000000 143.000000 51.000000
1.4100 32.8100 52.4000 384.000000 0.000000 143.000000 51.000000
1.4200 32.5300 52.4000 386.000000 0.000000 143.000000 51.000000
1.4300 32.1400 52.4600 376.000000 0.000000 143.000000 51.000000
1.4400 31.4800 52.3100 373.000000 0.000000 143.000000 51.000000
1.4500 30.9100 52.0500 307.000000 0.000000 143.000000 51.000000
1.4600 30.3900 51.8900 175.000000 0.000000 143.000000 51.000000
1.4700 30.3900 51.8900 0.000000 1.000000 142.000000 50.000000
1.4800 30.3900 51.4400 0.000000 0.000000 142.000000 50.000000
1.4900 30.3900 51.1800 0.000000 0.000000 142.000000 50.000000
1.5000 30.4400 50.9400 0.000000 0.000000 141.000000 50.000000
1.5100 30.5100 50.7300 0.000000 0.000000 141.000000 50.000000
1.5200 30.6100 50.5600 0.000000 0.000000 141.000000 50.000000
1.5300 30.7000 50.4300 0.000000 0.000000 140.000000 50.000000
1.5400 30.7000 50.3000 0.000000 0.000000 138.000000 50.000000
1.5500 30.7000 50.1700 0.000000 0.000000 138.000000 50.000000
1.5600 30.5300 50.0500 0.000000 0.000000 138.000000 50.000000
1.5700 30.2700 49.8600 0.000000 0.000000 138.000000 50.000000
1.5800 29.9400 49.6200 0.000000 0.000000 136.000000 50.000000
1.5900 29.4100 49.2600 0.000000 0.000000 136.000000 50.000000
1.6000 28.7700 48.8300 0.000000 0.000000 137.000000 51.000000
1.6100 28.0500 48.2100 0.000000 0.000000 136.000000 51.000000
1.6200 27.2500 47.6600 0.000000 0.000000 136.000000 51.000000
1.6300 26.5000 47.1500 0.000000 0.000000 135.000000 52.000000
1.6400 26.0000 46.7800 0.000000 0.000000 134.000000 51.000000
1.6500 25.6600 46.5000 0.000000 0.000000 133.000000 52.000000
1.6600 25.4100 46.2900 0.000000 0.000000 133.000000 52.000000
1.6700 25.2000 46.2300 0.000000 0.000000 131.000000 52.000000
1.6800 25.0500 46.2300 0.000000 0.000000 131.000000 52.000000
1.6900 24.8800 46.2300 0.000000 0.000000 131.000000 52.000000
1.7000 24.8800 46.2300 207.000000 1.000000 131.000000 54.000000
1.7100 24.4700 46.0600 225.000000 0.000000 131.000000 54.000000
1.7200 24.2300 45.8900 249.000000 0.000000 131.000000 54.000000
1.7300 23.9800 45.5500 302.000000 0.000000 130.000000 54.000000
1.7400 23.8300 45.1000 329.000000 0.000000 130.000000 54.000000
1.7500 23.7500 44.8000 344.000000 0.000000 129.000000 53.000000
1.7600 23.7500 44.6200 340.000000 0.000000 129.000000 53.000000
1.7700 23.9100 44.5100 341.000000 0.000000 129.000000 53.000000
1.7800 24.0900 44.5100 363.000000 0.000000 129.000000 53.000000
1.7900 24.3500 44.7500 359.000000 0.000000 129.000000 53.000000
1.8000 24.6500 45.0700 371.000000 0.000000 129.000000 53.000000
1.8100 24.9200 45.3900 368.000000 0.000000 129.000000 53.000000
1.8200 25.0400 45.6600 369.000000 0.000000 129.000000 53.000000
1.8300 25.0400 45.8200 359.000000 0.000000 129.000000 53.000000
1.8400 25.0400 45.8200 361.000000 0.000000 129.000000 53.000000
1.8500 25.0400 45.6400 361.000000 0.000000 129.000000 53.000000
1.8600 25.0400 45.4600 361.000000 0.000000 129.000000 53.000000
1.8700 25.1300 45.2700 358.000000 0.000000 129.000000 53.000000
1.8800 25.3800 45.2000 354.000000 0.000000 129.000000 53.000000
1.8900 25.7200 45.2000 344.000000 0.000000 129.000000 53.000000
1.9000 26.1400 45.4100 351.000000 0.000000 129.000000 53.000000
1.9100 26.6000 45.6600 343.000000 0.000000 129.000000 53.000000
1.9200 26.8400 45.9500 343.000000 0.000000 129.000000 53.000000
1.9300 26.9000 46.2400 344.000000 0.000000 129.000000 53.000000
1.9400 26.9000 46.3800 356.000000 0.000000 129.000000 53.000000
1.9500 26.8100 46.4300 368.000000 0.000000 128.000000 53.000000
1.9600 26.7400 46.3800 371.000000 0.000000 128.000000 53.000000
1.9700 26.7400 46.3000 371.000000 0.000000 128.000000 53.000000
1.9800 26.7400 46.1800 379.000000 0.000000 128.000000 52.000000
1.9900 26.9200 46.0600 379.000000 0.000000 128.000000 52.000000
2.0000 27.1300 46.0600 382.000000 0.000000 128.000000 52.000000
2.0100 27.4400 46.1600 381.000000 0.000000 128.000000 52.000000
2.0200 27.7900 46.3800 386.000000 0.000000 128.000000 52.000000
2.0300 28.1100 46.6400 391.000000 0.000000 128.000000 52.000000
2.0400 28.2700 46.9200 389.000000 0.000000 128.000000 52.000000
2.0500 28.3300 47.1000 389.000000 0.000000 128.000000 52.000000
2.0600 28.3300 47.2200 388.000000 0.000000 130.000000 52.000000
2.0700 28.3300 47.2200 392.000000 0.000000 130.000000 52.000000
2.0800 28.3300 47.1600 394.000000 0.000000 130.000000 52.000000
2.0900 28.3300 47.0400 399.000000 0.000000 130.000000 52.000000
2.1000 28.4400 46.8900 404.000000 0.000000 132.000000 51.000000
2.1100 28.5900 46.8000 409.000000 0.000000 132.000000 51.000000
2.1200 28.7900 46.7500 418.000000 0.000000 132.000000 51.000000
2.1300 29.0200 46.8400 423.000000 0.000000 132.000000 51.000000
2.1400 29.2700 47.0300 420.000000 0.000000 132.000000 51.000000
2.1500 29.5300 47.3000 418.000000 0.000000 132.000000 51.000000
2.1600 29.6900 47.6100 418.000000 0.000000 132.000000 51.000000
2.1700 29.7700 47.9300 422.000000 0.000000 133.000000 52.000000
2.1800 29.7700 48.2600 415.000000 0.000000 133.000000 52.000000
2.1900 29.7700 48.5200 418.000000 0.000000 133.000000 52.000000
2.2000 29.6700 48.5200 425.000000 0.000000 134.000000 51.000000
2.2100 29.6200 48.4300 423.000000 0.000000 134.000000 51.000000
2.2200 29.5700 48.1300 420.000000 0.000000 134.000000 51.000000
2.2300 29.5700 47.8300 435.000000 0.000000 135.000000 51.000000
2.2400 29.6200 47.5200 440.000000 0.000000 134.000000 51.000000
2.2500 29.6700 47.3000 445.000000 0.000000 134.000000 51.000000
2.2600 29.6700 47.1500 447.000000 0.000000 134.000000 51.000000
2.2700 29.7600 47.1500 466.000000 0.000000 134.000000 51.000000
2.2800 29.8200 47.2000 473.000000 0.000000 133.000000 52.000000
2.2900 29.9100 47.3000 473.000000 0.000000 133.000000 52.000000
2.3000 30.0200 47.7400 475.000000 0.000000 133.000000 52.000000
2.3100 30.1400 48.3000 455.000000 0.000000 133.000000 52.000000
2.3200 30.1400 48.9300 435.000000 0.000000 133.000000 52.000000
2.3300 30.1400 49.5500 425.000000 0.000000 133.000000 52.000000
2.3400 29.9500 50.1700 391.000000 0.000000 134.000000 51.000000
2.3500 29.6700 50.7400 376.000000 0.000000 134.000000 51.000000
2.3600 29.3200 51.2900 371.000000 0.000000 135.000000 51.000000
2.3700 28.8300 52.3800 386.000000 0.000000 135.000000 51.000000
2.3800 28.2400 52.4700 392.000000 0.000000 136.000000 50.000000
2.3900 27.5800 51.9000 417.000000 0.000000 136.000000 50.000000
2.4000 26.6400 50.8600 473.000000 0.000000 136.000000 50.000000
2.4100 25.7200 49.4900 516.000000 0.000000 137.000000 50.000000
2.4200 24.8200 47.8900 569.000000 0.000000 136.000000 50.000000
2.4300 24.3400 46.7500 591.000000 0.000000 136.000000 50.000000
2.4400 24.1100 45.9700 611.000000 0.000000 135.000000 51.000000
2.4500 24.0500 45.4400 636.000000 0.000000 134.000000 51.000000
2.4600 23.9900 45.3400 652.000000 0.000000 133.000000 52.000000
2.4700 23.9900 45.5000 646.000000 0.000000 130.000000 52.000000
2.4800 24.1200 45.8300 631.000000 0.000000 129.000000 52.000000
2.4900 24.3400 46.9100 620.000000 0.000000 129.000000 53.000000
2.5000 24.6100 48.0700 595.000000 0.000000 129.000000 53.000000
2.5100 24.6100 49.2800 556.000000 0.000000 129.000000 53.000000
2.5200 24.5000 50.5800 494.000000 0.000000 130.000000 53.000000
2.5300 24.2700 51.8800 465.000000 0.000000 131.000000 52.000000
2.5400 23.9600 53.1700 495.000000 0.000000 133.000000 52.000000
2.5500 23.6100 53.8900 509.000000 0.000000 134.000000 51.000000
2.5600 23.2200 53.6800 545.000000 0.000000 135.000000 51.000000
2.5700 22.7100 52.8400 586.000000 0.000000 135.000000 51.000000
2.5800 22.3000 51.2500 642.000000 0.000000 136.000000 50.000000
2.5900 21.9600 49.3000 641.000000 0.000000 136.000000 50.000000
2.6000 20.6200 47.1100 647.000000 0.000000 135.000000 51.000000
2.6100 20.0300 45.3700 597.000000 0.000000 134.000000 51.000000
2.6200 19.9300 44.0600 529.000000 0.000000 133.000000 51.000000
2.6300 19.9300 43.0400 339.000000 0.000000 132.000000 51.000000
