0.0000 92.6700 40.4700 54.000000 1.000000 131.000000 48.000000
0.0100 92.3000 40.1700 93.000000 0.000000 131.000000 48.000000
0.0200 92.3000 40.2600 112.000000 0.000000 129.000000 49.000000
0.0300 92.3900 40.4600 134.000000 0.000000 129.000000 49.000000
0.0400 92.6700 40.9900 172.000000 0.000000 129.000000 49.000000
0.0500 93.0900 41.9600 225.000000 0.000000 128.000000 49.000000
0.0600 93.6300 43.2200 281.000000 0.000000 128.000000 49.000000
0.0700 94.2000 44.6700 332.000000 0.000000 128.000000 49.000000
0.0800 94.5700 46.0200 362.000000 0.000000 128.000000 49.000000
0.0900 94.8100 47.3100 443.000000 0.000000 128.000000 49.000000
0.1000 94.8600 48.4900 464.000000 0.000000 129.000000 49.000000
0.1100 94.8600 49.2900 513.000000 0.000000 129.000000 49.000000
0.1200 94.7600 49.8300 567.000000 0.000000 130.000000 50.000000
0.1300 94.6800 49.8300 586.000000 0.000000 132.000000 49.000000
0.1400 94.5300 49.7100 586.000000 0.000000 132.000000 49.000000
0.1500 94.3200 49.1800 586.000000 0.000000 132.000000 49.000000
0.1600 93.9300 48.3700 585.000000 0.000000 133.000000 48.000000
0.1700 93.5100 47.0700 586.000000 0.000000 132.000000 49.000000
0.1800 93.0700 45.7300 585.000000 0.000000 132.000000 49.000000
0.1900 92.6200 44.1900 594.000000 0.000000 132.000000 49.000000
0.2000 92.4300 42.5300 572.000000 0.000000 129.000000 49.000000
0.2100 92.4300 41.4400 544.000000 0.000000 129.000000 49.000000
0.2200 92.5800 40.9000 489.000000 0.000000 129.000000 49.000000
0.2300 93.0200 40.7400 493.000000 0.000000 127.000000 49.000000
0.2400 93.6200 40.9800 493.000000 0.000000 127.000000 49.000000
0.2500 94.2600 41.6900 496.000000 0.000000 126.000000 49.000000
0.2600 94.9400 42.7100 495.000000 0.000000 126.000000 49.000000
0.2700 95.6500 44.0600 492.000000 0.000000 126.000000 49.000000
0.2800 96.3800 45.4700 492.000000 0.000000 126.000000 49.000000
0.2900 97.0800 46.9100 507.000000 0.000000 126.000000 49.000000
0.3000 97.5600 48.3900 515.000000 0.000000 127.000000 50.000000
0.3100 97.8900 49.1100 570.000000 0.000000 127.000000 50.000000
0.3200 97.8900 49.3200 592.000000 0.000000 127.000000 50.000000
0.3300 97.6500 49.1500 609.000000 0.000000 127.000000 50.000000
0.3400 97.3300 48.4900 617.000000 0.000000 127.000000 50.000000
0.3500 96.8200 47.5100 630.000000 0.000000 128.000000 49.000000
0.3600 96.2900 46.4200 639.000000 0.000000 128.000000 49.000000
0.3700 95.7400 45.0900 645.000000 0.000000 128.000000 49.000000
0.3800 95.2500 43.6100 644.000000 0.000000 127.000000 50.000000
0.3900 95.0000 42.4300 627.000000 0.000000 127.000000 50.000000
0.4000 94.9200 41.7000 614.000000 0.000000 127.000000 50.000000
0.4100 95.1700 41.2700 584.000000 0.000000 126.000000 50.000000
0.4200 95.4500 41.1100 577.000000 0.000000 125.000000 50.000000
0.4300 95.8200 41.2800 578.000000 0.000000 125.000000 50.000000
0.4400 96.2300 41.6700 577.000000 0.000000 124.000000 50.000000
0.4500 96.7300 42.5700 578.000000 0.000000 124.000000 50.000000
0.4600 97.3700 43.8400 580.000000 0.000000 122.000000 50.000000
0.4700 98.0900 45.3500 592.000000 0.000000 122.000000 50.000000
0.4800 98.8700 46.8400 586.000000 0.000000 122.000000 50.000000
0.4900 99.5700 48.0300 595.000000 0.000000 122.000000 50.000000
0.5000 99.9000 49.0100 647.000000 0.000000 124.000000 50.000000
0.5100 100.0100 49.1300 684.000000 0.000000 124.000000 50.000000
0.5200 100.0100 49.0700 678.000000 0.000000 123.000000 49.000000
0.5300 99.8900 48.8800 681.000000 0.000000 123.000000 49.000000
0.5400 99.6800 48.2100 682.000000 0.000000 123.000000 49.000000
0.5500 99.2500 47.2700 691.000000 0.000000 123.000000 49.000000
0.5600 98.8300 46.1400 690.000000 0.000000 123.000000 49.000000
0.5700 98.4400 44.8700 691.000000 0.000000 123.000000 49.000000
0.5800 98.0500 43.6000 697.000000 0.000000 123.000000 49.000000
0.5900 97.9500 42.3200 702.000000 0.000000 123.000000 49.000000
0.6000 98.0500 41.7300 676.000000 0.000000 124.000000 50.000000
0.6100 98.3300 41.4600 673.000000 0.000000 122.000000 50.000000
0.6200 98.6300 41.4100 663.000000 0.000000 122.000000 50.000000
0.6300 99.1300 41.8400 662.000000 0.000000 122.000000 50.000000
0.6400 99.7400 42.7500 671.000000 0.000000 121.000000 51.000000
0.6500 100.3900 43.9800 668.000000 0.000000 121.000000 51.000000
0.6600 101.0500 45.3500 662.000000 0.000000 121.000000 51.000000
0.6700 101.7400 46.8200 652.000000 0.000000 121.000000 51.000000
0.6800 102.3100 48.3600 655.000000 0.000000 121.000000 51.000000
0.6900 102.7900 49.3700 675.000000 0.000000 121.000000 51.000000
0.7000 102.8800 49.7000 693.000000 0.000000 122.000000 50.000000
0.7100 102.8200 49.5700 696.000000 0.000000 122.000000 50.000000
0.7200 102.6600 49.2400 719.000000 0.000000 122.000000 50.000000
0.7300 102.3200 48.4300 727.000000 0.000000 122.000000 50.000000
0.7400 101.8600 47.2900 722.000000 0.000000 124.000000 50.000000
0.7500 101.3300 46.0500 730.000000 0.000000 124.000000 50.000000
0.7600 100.8300 44.7100 733.000000 0.000000 124.000000 50.000000
0.7700 100.5100 43.3000 733.000000 0.000000 124.000000 50.000000
0.7800 100.3200 42.3300 728.000000 0.000000 123.000000 49.000000
0.7900 100.3200 41.8700 696.000000 0.000000 123.000000 49.000000
0.8000 100.4300 41.7400 702.000000 0.000000 122.000000 50.000000
0.8100 100.6000 41.8000 693.000000 0.000000 122.000000 50.000000
0.8200 100.8500 42.3500 700.000000 0.000000 122.000000 50.000000
0.8300 101.3000 43.2200 691.000000 0.000000 120.000000 50.000000
0.8400 101.8800 44.6000 681.000000 0.000000 120.000000 50.000000
0.8500 102.6800 46.2000 662.000000 0.000000 120.000000 50.000000
0.8600 103.4900 47.9400 662.000000 0.000000 120.000000 50.000000
0.8700 103.9600 49.0200 693.000000 0.000000 120.000000 50.000000
0.8800 104.2000 49.3800 716.000000 0.000000 120.000000 50.000000
0.8900 104.2000 49.2600 716.000000 0.000000 122.000000 50.000000
0.9000 103.9300 49.0700 713.000000 0.000000 122.000000 50.000000
0.9100 103.5800 48.3900 724.000000 0.000000 122.000000 50.000000
0.9200 103.1300 47.3900 733.000000 0.000000 122.000000 50.000000
0.9300 102.6800 46.2500 722.000000 0.000000 122.000000 50.000000
0.9400 102.2400 45.0600 721.000000 0.000000 124.000000 50.000000
0.9500 101.9900 43.8200 731.000000 0.000000 124.000000 50.000000
0.9600 101.8000 42.6600 714.000000 0.000000 124.000000 50.000000
0.9700 101.8800 42.0200 690.000000 0.000000 124.000000 50.000000
0.9800 102.1200 41.6900 694.000000 0.000000 122.000000 50.000000
0.9900 102.5100 41.6900 694.000000 0.000000 122.000000 50.000000
1.0000 103.1000 42.0200 700.000000 0.000000 122.000000 50.000000
1.0100 103.8300 42.6600 702.000000 0.000000 121.000000 51.000000
1.0200 104.7200 43.5500 690.000000 0.000000 121.000000 51.000000
1.0300 105.6700 44.6700 700.000000 0.000000 121.000000 51.000000
1.0400 106.6800 45.9500 713.000000 0.000000 121.000000 51.000000
1.0500 107.7000 47.1000 716.000000 0.000000 122.000000 51.000000
1.0600 108.4900 47.9700 722.000000 0.000000 122.000000 51.000000
1.0700 109.1500 48.6500 727.000000 0.000000 122.000000 51.000000
1.0800 109.3900 48.7500 748.000000 0.000000 123.000000 52.000000
1.0900 109.4500 48.7500 791.000000 0.000000 122.000000 53.000000
1.1000 109.3900 48.7500 825.000000 0.000000 122.000000 53.000000
1.1100 109.3000 48.7500 860.000000 0.000000 123.000000 53.000000
1.1200 108.9300 48.8400 863.000000 0.000000 122.000000 54.000000
1.1300 108.3600 48.9600 858.000000 0.000000 122.000000 54.000000
1.1400 107.2800 48.8900 864.000000 0.000000 122.000000 54.000000
1.1500 105.4400 48.4600 837.000000 0.000000 122.000000 54.000000
1.1600 103.0900 47.8000 790.000000 0.000000 122.000000 54.000000
1.1700 100.4100 46.8100 758.000000 0.000000 123.000000 53.000000
1.1800 97.4900 45.7700 720.000000 0.000000 124.000000 53.000000
1.1900 94.4200 44.6500 685.000000 0.000000 124.000000 52.000000
1.2000 91.6200 43.5000 630.000000 0.000000 126.000000 51.000000
1.2100 89.2500 42.5500 619.000000 0.000000 126.000000 50.000000
1.2200 87.1600 41.8100 636.000000 0.000000 126.000000 50.000000
1.2300 85.9100 41.2200 655.000000 0.000000 127.000000 50.000000
1.2400 85.3200 40.9200 643.000000 0.000000 127.000000 49.000000
1.2500 85.1700 40.6100 641.000000 0.000000 127.000000 49.000000
1.2600 85.2700 40.4100 631.000000 0.000000 128.000000 48.000000
1.2700 85.6300 40.2900 627.000000 0.000000 127.000000 48.000000
1.2800 86.1700 40.2900 639.000000 0.000000 127.000000 48.000000
1.2900 87.1000 40.7700 640.000000 0.000000 127.000000 48.000000
1.3000 88.5000 41.4900 668.000000 0.000000 127.000000 48.000000
1.3100 90.2000 42.3400 688.000000 0.000000 127.000000 48.000000
1.3200 92.2000 43.2200 691.000000 0.000000 127.000000 48.000000
1.3300 94.4600 44.1100 707.000000 0.000000 127.000000 48.000000
1.3400 96.8800 44.8400 708.000000 0.000000 127.000000 48.000000
1.3500 98.9400 45.2900 710.000000 0.000000 128.000000 48.000000
1.3600 100.7500 45.5500 690.000000 0.000000 128.000000 48.000000
1.3700 102.4000 45.8600 688.000000 0.000000 128.000000 48.000000
1.3800 103.9100 46.1500 675.000000 0.000000 129.000000 49.000000
1.3900 105.0200 46.4100 671.000000 0.000000 129.000000 49.000000
1.4000 105.8700 46.6300 668.000000 0.000000 130.000000 50.000000
1.4100 106.4100 46.7300 665.000000 0.000000 130.000000 50.000000
1.4200 106.6400 46.7300 668.000000 0.000000 129.000000 50.000000
1.4300 106.6400 46.7300 668.000000 0.000000 130.000000 51.000000
1.4400 106.6400 46.7300 662.000000 0.000000 130.000000 51.000000
1.4500 106.7000 46.7300 613.000000 0.000000 130.000000 51.000000
1.4600 106.7000 46.7300 496.000000 0.000000 132.000000 51.000000
1.4700 106.7600 46.7800 171.000000 0.000000 132.000000 51.000000
