0.0000 90.8500 4.4700 25.000000 1.000000 143.000000 52.000000
0.0100 91.4700 5.2400 53.000000 0.000000 142.000000 53.000000
0.0200 91.7200 5.7500 67.000000 0.000000 141.000000 53.000000
0.0300 92.0900 6.4500 93.000000 0.000000 140.000000 54.000000
0.0400 92.6300 7.2700 100.000000 0.000000 139.000000 54.000000
0.0500 93.2700 8.2400 131.000000 0.000000 137.000000 53.000000
0.0600 94.0300 9.3400 158.000000 0.000000 137.000000 53.000000
0.0700 94.7900 10.5300 205.000000 0.000000 137.000000 52.000000
0.0800 95.3900 11.9700 226.000000 0.000000 137.000000 51.000000
0.0900 95.8800 13.2700 247.000000 0.000000 140.000000 50.000000
0.1000 96.1100 14.4700 337.000000 0.000000 141.000000 49.000000
0.1100 96.1100 14.9100 387.000000 0.000000 142.000000 48.000000
0.1200 95.8900 14.8600 393.000000 0.000000 142.000000 48.000000
0.1300 95.5300 14.4800 398.000000 0.000000 143.000000 48.000000
0.1400 95.0100 13.6200 398.000000 0.000000 143.000000 48.000000
0.1500 94.3900 12.3000 388.000000 0.000000 143.000000 48.000000
0.1600 93.8400 10.6700 392.000000 0.000000 143.000000 48.000000
0.1700 93.3400 9.5000 396.000000 0.000000 143.000000 48.000000
0.1800 93.0600 8.4400 391.000000 0.000000 142.000000 47.000000
0.1900 92.9000 7.4600 384.000000 0.000000 140.000000 48.000000
0.2000 93.0400 6.8500 349.000000 0.000000 139.000000 48.000000
0.2100 93.4100 6.7100 336.000000 0.000000 137.000000 48.000000
0.2200 93.9200 6.8800 334.000000 0.000000 136.000000 49.000000
0.2300 94.5300 7.4500 327.000000 0.000000 137.000000 50.000000
0.2400 95.2000 8.3500 307.000000 0.000000 136.000000 50.000000
0.2500 95.9900 9.4600 307.000000 0.000000 136.000000 50.000000
0.2600 96.8300 10.7600 312.000000 0.000000 137.000000 51.000000
0.2700 97.6400 12.3700 325.000000 0.000000 138.000000 50.000000
0.2800 98.2400 14.1800 333.000000 0.000000 140.000000 50.000000
0.2900 98.7300 15.3400 405.000000 0.000000 142.000000 49.000000
0.3000 98.7300 15.5200 423.000000 0.000000 143.000000 49.000000
0.3100 98.4400 15.0600 456.000000 0.000000 144.000000 48.000000
0.3200 97.8800 14.2000 480.000000 0.000000 144.000000 48.000000
0.3300 97.0900 12.7300 494.000000 0.000000 144.000000 48.000000
0.3400 96.2400 10.8500 546.000000 0.000000 145.000000 47.000000
0.3500 95.3600 9.4500 564.000000 0.000000 144.000000 48.000000
0.3600 94.8500 8.2300 566.000000 0.000000 144.000000 48.000000
0.3700 94.6300 7.1200 560.000000 0.000000 142.000000 48.000000
0.3800 94.6300 6.3400 545.000000 0.000000 141.000000 49.000000
0.3900 94.8500 6.0100 540.000000 0.000000 140.000000 50.000000
0.4000 95.2900 6.0100 537.000000 0.000000 138.000000 50.000000
0.4100 95.8500 6.4200 541.000000 0.000000 137.000000 51.000000
0.4200 96.5700 7.2800 530.000000 0.000000 136.000000 51.000000
0.4300 97.3400 8.4100 530.000000 0.000000 136.000000 51.000000
0.4400 98.2100 9.7400 526.000000 0.000000 136.000000 51.000000
0.4500 99.1100 11.3600 527.000000 0.000000 137.000000 51.000000
0.4600 99.8600 13.1800 535.000000 0.000000 137.000000 51.000000
0.4700 100.5200 14.5500 564.000000 0.000000 138.000000 50.000000
0.4800 100.6500 14.9500 592.000000 0.000000 138.000000 49.000000
0.4900 100.5700 14.7100 602.000000 0.000000 139.000000 48.000000
0.5000 100.3600 14.3400 606.000000 0.000000 139.000000 47.000000
0.5100 100.0100 13.3800 608.000000 0.000000 139.000000 47.000000
0.5200 99.5300 12.0400 611.000000 0.000000 140.000000 47.000000
0.5300 98.9600 10.5900 616.000000 0.000000 139.000000 46.000000
0.5400 98.4000 9.3200 616.000000 0.000000 139.000000 47.000000
0.5500 98.1700 8.1700 609.000000 0.000000 139.000000 47.000000
0.5600 98.1700 7.3400 581.000000 0.000000 138.000000 48.000000
0.5700 98.4800 6.9900 567.000000 0.000000 138.000000 49.000000
0.5800 98.9800 6.9900 570.000000 0.000000 140.000000 50.000000
0.5900 99.5900 7.3000 578.000000 0.000000 138.000000 50.000000
0.6000 100.1800 8.0200 580.000000 0.000000 138.000000 50.000000
0.6100 100.7700 8.9800 581.000000 0.000000 138.000000 50.000000
0.6200 101.3700 10.0700 586.000000 0.000000 138.000000 50.000000
0.6300 101.9600 11.5000 594.000000 0.000000 137.000000 50.000000
0.6400 102.5300 13.1600 586.000000 0.000000 138.000000 49.000000
0.6500 103.1000 14.7100 610.000000 0.000000 137.000000 48.000000
0.6600 103.3500 15.3900 678.000000 0.000000 138.000000 48.000000
0.6700 103.3500 15.4900 702.000000 0.000000 139.000000 47.000000
0.6800 103.2800 15.2700 693.000000 0.000000 140.000000 47.000000
0.6900 103.0100 15.0000 700.000000 0.000000 141.000000 46.000000
0.7000 102.6200 13.9900 699.000000 0.000000 141.000000 46.000000
0.7100 102.1000 12.5000 716.000000 0.000000 142.000000 45.000000
0.7200 101.5900 10.9300 708.000000 0.000000 142.000000 45.000000
0.7300 101.2700 9.7800 708.000000 0.000000 141.000000 46.000000
0.7400 101.0700 8.9200 690.000000 0.000000 141.000000 46.000000
0.7500 101.0700 8.3600 670.000000 0.000000 140.000000 47.000000
0.7600 101.2300 8.0800 656.000000 0.000000 140.000000 47.000000
0.7700 101.4500 7.9900 655.000000 0.000000 139.000000 47.000000
0.7800 101.8300 8.3400 647.000000 0.000000 138.000000 48.000000
0.7900 102.2600 9.0800 641.000000 0.000000 138.000000 48.000000
0.8000 102.8300 10.0900 611.000000 0.000000 138.000000 48.000000
0.8100 103.5000 11.3900 616.000000 0.000000 138.000000 48.000000
0.8200 104.2500 12.9000 614.000000 0.000000 139.000000 47.000000
0.8300 104.8400 14.5600 620.000000 0.000000 140.000000 48.000000
0.8400 105.3100 15.3500 638.000000 0.000000 142.000000 47.000000
0.8500 105.3100 15.3500 638.000000 0.000000 143.000000 46.000000
0.8600 105.0800 14.8900 656.000000 0.000000 144.000000 46.000000
0.8700 104.7500 14.2700 661.000000 0.000000 145.000000 46.000000
0.8800 104.2400 13.1800 671.000000 0.000000 146.000000 46.000000
0.8900 103.6800 11.7900 664.000000 0.000000 146.000000 46.000000
0.9000 103.0800 10.5100 664.000000 0.000000 146.000000 46.000000
0.9100 102.6200 9.3800 666.000000 0.000000 145.000000 46.000000
0.9200 102.3800 8.3400 668.000000 0.000000 145.000000 46.000000
0.9300 102.2800 7.5200 641.000000 0.000000 144.000000 47.000000
0.9400 102.4000 7.0400 613.000000 0.000000 143.000000 48.000000
0.9500 102.7600 6.8000 597.000000 0.000000 140.000000 48.000000
0.9600 103.2800 7.0900 591.000000 0.000000 140.000000 48.000000
0.9700 104.0300 7.8000 561.000000 0.000000 141.000000 49.000000
0.9800 104.8900 8.7900 570.000000 0.000000 141.000000 49.000000
0.9900 105.8300 9.9000 560.000000 0.000000 141.000000 49.000000
1.0000 106.6500 11.0800 567.000000 0.000000 143.000000 49.000000
1.0100 107.2900 12.3200 578.000000 0.000000 143.000000 49.000000
1.0200 107.8100 13.2500 605.000000 0.000000 144.000000 48.000000
1.0300 108.0300 13.6200 645.000000 0.000000 146.000000 48.000000
1.0400 108.0300 13.6200 646.000000 0.000000 148.000000 47.000000
1.0500 107.9600 13.4300 646.000000 0.000000 149.000000 47.000000
1.0600 107.7400 12.9000 655.000000 0.000000 151.000000 46.000000
1.0700 107.7400 12.9000 0.000000 1.000000 151.000000 46.000000
1.0800 107.9500 10.7600 740.000000 1.000000 148.000000 54.000000
1.0900 107.9500 10.7600 760.000000 0.000000 148.000000 60.000000
1.1000 108.2200 11.2400 767.000000 0.000000 146.000000 66.000000
1.1100 108.6800 12.0400 777.000000 0.000000 144.000000 72.000000
1.1200 108.8200 12.5800 790.000000 0.000000 144.000000 67.000000
1.1300 108.7000 13.0300 803.000000 0.000000 146.000000 63.000000
1.1400 108.4000 13.4200 794.000000 0.000000 147.000000 59.000000
1.1500 107.6700 13.7600 796.000000 0.000000 147.000000 55.000000
1.1600 106.3300 13.7600 757.000000 0.000000 149.000000 51.000000
1.1700 104.5900 13.4300 722.000000 0.000000 148.000000 48.000000
1.1800 102.2300 12.7600 687.000000 0.000000 148.000000 47.000000
1.1900 99.9000 12.0300 670.000000 0.000000 147.000000 47.000000
1.2000 97.4400 11.1900 684.000000 0.000000 147.000000 47.000000
1.2100 94.8900 10.4700 664.000000 0.000000 146.000000 47.000000
1.2200 92.0800 9.8200 673.000000 0.000000 144.000000 47.000000
1.2300 90.4400 9.1000 673.000000 0.000000 142.000000 47.000000
1.2400 89.5900 8.6700 675.000000 0.000000 138.000000 48.000000
1.2500 88.9500 8.4300 666.000000 0.000000 137.000000 48.000000
1.2600 88.8400 8.2900 641.000000 0.000000 136.000000 49.000000
1.2700 89.0700 8.1300 645.000000 0.000000 135.000000 49.000000
1.2800 89.8000 7.9700 642.000000 0.000000 134.000000 49.000000
1.2900 90.9900 7.8600 645.000000 0.000000 134.000000 49.000000
1.3000 92.4900 8.0300 646.000000 0.000000 133.000000 48.000000
1.3100 94.7700 8.3900 641.000000 0.000000 134.000000 49.000000
1.3200 97.5100 9.2200 636.000000 0.000000 134.000000 49.000000
1.3300 100.5600 10.1200 611.000000 0.000000 136.000000 49.000000
1.3400 103.0700 11.0600 543.000000 0.000000 137.000000 48.000000
