0.0000 57.3300 49.0100 100.000000 1.000000 161.000000 57.000000
0.0100 57.3300 49.0100 182.000000 0.000000 161.000000 57.000000
0.0200 56.9400 49.0000 200.000000 0.000000 161.000000 57.000000
0.0300 56.8700 49.1000 287.000000 0.000000 161.000000 57.000000
0.0400 56.9200 49.1800 371.000000 0.000000 161.000000 57.000000
0.0500 57.0300 49.2700 420.000000 0.000000 162.000000 56.000000
0.0600 57.5100 49.3700 507.000000 0.000000 162.000000 56.000000
0.0700 58.2300 49.5000 568.000000 0.000000 162.000000 56.000000
0.0800 59.4000 49.6300 592.000000 0.000000 162.000000 56.000000
0.0900 61.0100 49.7600 613.000000 0.000000 162.000000 56.000000
0.1000 62.9200 50.3700 630.000000 0.000000 162.000000 56.000000
0.1100 64.8900 50.7000 619.000000 0.000000 164.000000 55.000000
0.1200 66.6400 50.8500 606.000000 0.000000 164.000000 55.000000
0.1300 68.2300 51.0300 578.000000 0.000000 164.000000 55.000000
0.1400 69.2900 51.0300 554.000000 0.000000 165.000000 55.000000
0.1500 69.7800 50.9200 502.000000 0.000000 167.000000 55.000000
0.1600 69.9000 50.7000 492.000000 0.000000 167.000000 55.000000
0.1700 69.6000 50.3100 496.000000 0.000000 168.000000 55.000000
0.1800 68.8000 49.8100 477.000000 0.000000 168.000000 55.000000
0.1900 67.6600 49.3000 491.000000 0.000000 170.000000 56.000000
0.2000 66.5400 48.7900 501.000000 0.000000 169.000000 57.000000
0.2100 65.9200 48.4600 501.000000 0.000000 169.000000 57.000000
0.2200 65.6400 48.2600 496.000000 0.000000 171.000000 57.000000
0.2300 65.6900 48.1700 493.000000 0.000000 170.000000 58.000000
0.2400 66.1800 48.2500 492.000000 0.000000 170.000000 58.000000
0.2500 66.9500 48.4400 489.000000 0.000000 170.000000 59.000000
0.2600 68.2700 48.6900 469.000000 0.000000 170.000000 59.000000
0.2700 69.7600 48.9500 450.000000 0.000000 170.000000 59.000000
0.2800 71.3600 49.2200 469.000000 0.000000 172.000000 59.000000
0.2900 72.8200 49.3500 488.000000 0.000000 172.000000 59.000000
0.3000 73.7300 49.4400 496.000000 0.000000 172.000000 59.000000
0.3100 74.2800 49.3200 538.000000 0.000000 173.000000 59.000000
0.3200 74.1200 49.0800 613.000000 0.000000 173.000000 59.000000
0.3300 73.2500 48.6100 650.000000 0.000000 173.000000 59.000000
0.3400 71.9000 48.0000 700.000000 0.000000 173.000000 59.000000
0.3500 69.9900 47.2900 728.000000 0.000000 173.000000 60.000000
0.3600 67.4900 46.5500 740.000000 0.000000 173.000000 60.000000
0.3700 64.5900 45.6400 753.000000 0.000000 171.000000 60.000000
0.3800 61.0800 44.6200 757.000000 0.000000 171.000000 61.000000
0.3900 57.6300 43.5800 743.000000 0.000000 169.000000 61.000000
0.4000 54.6600 42.6600 722.000000 0.000000 168.000000 60.000000
0.4100 51.9900 41.8300 622.000000 0.000000 164.000000 60.000000
0.4200 49.9500 41.1200 510.000000 0.000000 162.000000 60.000000
0.4300 48.5400 40.6900 481.000000 0.000000 161.000000 60.000000
0.4400 47.5600 40.4500 463.000000 0.000000 159.000000 59.000000
0.4500 47.4800 40.4500 335.000000 0.000000 157.000000 59.000000
0.4600 48.0000 40.7700 222.000000 0.000000 156.000000 59.000000
0.4700 48.9100 41.2600 76.000000 0.000000 154.000000 58.000000
0.4800 48.9100 41.2600 0.000000 1.000000 153.000000 58.000000
0.4900 51.5900 42.1000 0.000000 0.000000 153.000000 58.000000
0.5000 52.9400 43.1400 0.000000 0.000000 153.000000 58.000000
0.5100 54.0000 43.8700 0.000000 0.000000 151.000000 58.000000
0.5200 54.8700 44.5400 0.000000 0.000000 152.000000 57.000000
0.5300 55.6500 45.0900 0.000000 0.000000 154.000000 57.000000
0.5400 56.4300 45.5900 0.000000 0.000000 154.000000 57.000000
0.5500 57.0800 46.3400 0.000000 0.000000 154.000000 57.000000
0.5600 57.6300 46.9200 0.000000 0.000000 155.000000 58.000000
0.5700 58.1700 47.4000 0.000000 0.000000 155.000000 58.000000
0.5800 58.7400 48.0900 0.000000 0.000000 157.000000 58.000000
0.5900 59.3900 48.8200 0.000000 0.000000 157.000000 58.000000
0.6000 60.1000 49.5800 0.000000 0.000000 157.000000 58.000000
0.6100 60.1000 49.5800 103.000000 1.000000 157.000000 57.000000
0.6200 61.4500 50.9600 100.000000 0.000000 157.000000 57.000000
0.6300 61.8800 51.4100 144.000000 0.000000 158.000000 56.000000
0.6400 62.1200 51.7200 218.000000 0.000000 158.000000 56.000000
0.6500 62.1200 51.7200 307.000000 0.000000 159.000000 55.000000
0.6600 61.8400 51.5400 386.000000 0.000000 158.000000 55.000000
0.6700 61.2800 51.1800 486.000000 0.000000 158.000000 54.000000
0.6800 60.2600 50.1100 567.000000 0.000000 157.000000 54.000000
0.6900 58.9200 48.4500 637.000000 0.000000 156.000000 55.000000
0.7000 57.1700 46.3900 682.000000 0.000000 156.000000 55.000000
0.7100 55.0200 44.3700 685.000000 0.000000 154.000000 55.000000
0.7200 52.6100 42.5700 690.000000 0.000000 153.000000 56.000000
0.7300 50.5500 40.9300 666.000000 0.000000 151.000000 56.000000
0.7400 49.3300 39.8800 630.000000 0.000000 148.000000 57.000000
0.7500 48.6700 39.3700 556.000000 0.000000 147.000000 56.000000
0.7600 48.5100 39.2200 469.000000 0.000000 146.000000 57.000000
0.7700 48.6700 39.3900 317.000000 0.000000 143.000000 57.000000
0.7800 49.0300 39.8200 181.000000 0.000000 140.000000 58.000000
0.7900 49.5400 40.4300 39.000000 0.000000 140.000000 58.000000
0.8000 49.5400 40.4300 0.000000 1.000000 140.000000 58.000000
0.8100 50.6400 41.3100 0.000000 0.000000 139.000000 57.000000
0.8200 51.2200 41.6900 0.000000 0.000000 139.000000 57.000000
0.8300 51.8200 42.0400 0.000000 0.000000 140.000000 58.000000
0.8400 52.4800 42.3500 0.000000 0.000000 140.000000 58.000000
0.8500 52.4800 42.3500 68.000000 1.000000 142.000000 57.000000
0.8600 53.4100 42.8200 134.000000 0.000000 142.000000 57.000000
0.8700 53.7100 42.8200 190.000000 0.000000 143.000000 57.000000
0.8800 53.9800 42.8200 291.000000 0.000000 143.000000 57.000000
0.8900 54.2200 42.8200 363.000000 0.000000 142.000000 58.000000
0.9000 54.6700 42.9400 433.000000 0.000000 142.000000 58.000000
0.9100 55.3300 43.1300 474.000000 0.000000 142.000000 58.000000
0.9200 56.1200 43.7100 491.000000 0.000000 142.000000 58.000000
0.9300 57.2400 44.5300 491.000000 0.000000 141.000000 59.000000
0.9400 58.5000 45.5000 488.000000 0.000000 141.000000 59.000000
0.9500 59.8500 46.5700 467.000000 0.000000 141.000000 59.000000
0.9600 61.1400 47.8000 428.000000 0.000000 142.000000 59.000000
0.9700 62.4500 49.1300 369.000000 0.000000 142.000000 59.000000
0.9800 63.4200 50.0700 312.000000 0.000000 143.000000 59.000000
0.9900 64.1500 50.5100 202.000000 0.000000 146.000000 58.000000
1.0000 64.1500 50.6100 137.000000 0.000000 146.000000 58.000000
1.0100 63.5300 50.4600 137.000000 0.000000 147.000000 58.000000
1.0200 62.5900 50.0600 141.000000 0.000000 148.000000 57.000000
1.0300 61.2900 49.5000 242.000000 0.000000 148.000000 57.000000
1.0400 59.9600 48.5600 398.000000 0.000000 149.000000 56.000000
1.0500 58.6200 47.3600 485.000000 0.000000 148.000000 57.000000
1.0600 57.4000 46.0000 537.000000 0.000000 148.000000 57.000000
1.0700 56.6500 44.8100 560.000000 0.000000 147.000000 58.000000
1.0800 56.2000 43.9300 588.000000 0.000000 147.000000 58.000000
1.0900 56.2700 43.2600 602.000000 0.000000 146.000000 58.000000
1.1000 56.8300 43.0900 595.000000 0.000000 143.000000 59.000000
1.1100 57.7100 43.4400 581.000000 0.000000 142.000000 59.000000
1.1200 59.2300 44.1400 550.000000 0.000000 142.000000 59.000000
1.1300 60.9800 45.3100 510.000000 0.000000 141.000000 60.000000
1.1400 62.8900 46.5700 468.000000 0.000000 141.000000 60.000000
1.1500 64.7000 47.9000 402.000000 0.000000 141.000000 60.000000
1.1600 66.0800 49.2200 389.000000 0.000000 144.000000 60.000000
1.1700 67.1600 50.4800 361.000000 0.000000 144.000000 60.000000
1.1800 68.2100 51.4100 361.000000 0.000000 145.000000 59.000000
1.1900 68.8600 52.1600 363.000000 0.000000 147.000000 59.000000
1.2000 69.2400 52.2500 359.000000 0.000000 149.000000 58.000000
1.2100 69.1800 52.0900 376.000000 0.000000 150.000000 57.000000
1.2200 68.6100 51.7700 379.000000 0.000000 151.000000 56.000000
1.2300 67.6900 51.0400 391.000000 0.000000 151.000000 56.000000
1.2400 66.3800 49.9100 491.000000 0.000000 151.000000 56.000000
1.2500 64.8300 48.5200 575.000000 0.000000 151.000000 56.000000
1.2600 63.1100 47.0100 659.000000 0.000000 151.000000 56.000000
1.2700 61.6500 45.6200 694.000000 0.000000 150.000000 57.000000
1.2800 61.0100 44.8700 682.000000 0.000000 149.000000 58.000000
1.2900 60.9200 44.5000 691.000000 0.000000 147.000000 59.000000
1.3000 61.2800 44.5000 697.000000 0.000000 145.000000 59.000000
1.3100 62.2300 44.8300 682.000000 0.000000 144.000000 60.000000
1.3200 63.5800 45.4600 652.000000 0.000000 142.000000 61.000000
1.3300 65.1300 46.3600 638.000000 0.000000 141.000000 60.000000
1.3400 66.6100 47.3300 603.000000 0.000000 139.000000 61.000000
1.3500 68.0400 48.3400 592.000000 0.000000 142.000000 61.000000
1.3600 69.1800 49.5500 591.000000 0.000000 142.000000 61.000000
1.3700 70.0900 50.5700 595.000000 0.000000 144.000000 60.000000
1.3800 70.8500 51.4700 617.000000 0.000000 146.000000 60.000000
1.3900 71.2900 51.8700 617.000000 0.000000 147.000000 59.000000
1.4000 71.2900 51.8700 630.000000 0.000000 150.000000 58.000000
1.4100 70.9200 51.5700 644.000000 0.000000 151.000000 58.000000
1.4200 70.1100 50.8900 661.000000 0.000000 152.000000 57.000000
1.4300 68.8500 49.6800 702.000000 0.000000 152.000000 57.000000
1.4400 67.3000 48.1300 761.000000 0.000000 152.000000 57.000000
1.4500 66.1600 46.7600 762.000000 0.000000 152.000000 57.000000
1.4600 65.6600 45.9700 759.000000 0.000000 151.000000 58.000000
1.4700 65.5900 45.5600 759.000000 0.000000 150.000000 58.000000
1.4800 65.8600 45.4900 756.000000 0.000000 149.000000 59.000000
1.4900 66.4900 45.7500 727.000000 0.000000 148.000000 60.000000
1.5000 67.3600 46.2300 725.000000 0.000000 147.000000 61.000000
1.5100 68.6500 47.0600 687.000000 0.000000 146.000000 62.000000
1.5200 69.8400 48.0300 678.000000 0.000000 146.000000 62.000000
1.5300 70.9600 49.0900 685.000000 0.000000 146.000000 62.000000
1.5400 71.8000 49.9200 699.000000 0.000000 147.000000 61.000000
1.5500 72.2100 50.3900 705.000000 0.000000 148.000000 60.000000
1.5600 72.3400 50.6200 714.000000 0.000000 151.000000 60.000000
1.5700 72.0800 50.5200 728.000000 0.000000 151.000000 60.000000
1.5800 71.4800 50.0800 721.000000 0.000000 152.000000 59.000000
1.5900 70.6500 49.4200 736.000000 0.000000 154.000000 58.000000
1.6000 69.7800 48.4100 748.000000 0.000000 154.000000 58.000000
1.6100 68.9900 47.5400 760.000000 0.000000 154.000000 58.000000
1.6200 68.6700 46.7600 751.000000 0.000000 154.000000 58.000000
1.6300 68.6700 46.4600 763.000000 0.000000 153.000000 59.000000
1.6400 68.8100 46.3800 763.000000 0.000000 152.000000 60.000000
1.6500 69.3300 46.4600 737.000000 0.000000 150.000000 60.000000
1.6600 70.0800 46.8600 691.000000 0.000000 150.000000 60.000000
1.6700 71.0100 47.5300 636.000000 0.000000 148.000000 61.000000
1.6800 71.8100 48.3900 592.000000 0.000000 147.000000 61.000000
1.6900 72.5200 49.1900 551.000000 0.000000 148.000000 60.000000
1.7000 72.9300 49.9400 540.000000 0.000000 150.000000 60.000000
1.7100 73.1400 50.4600 570.000000 0.000000 151.000000 60.000000
1.7200 73.2100 50.8600 592.000000 0.000000 151.000000 60.000000
1.7300 73.2100 50.9700 638.000000 0.000000 153.000000 59.000000
1.7400 73.2100 51.0500 661.000000 0.000000 154.000000 58.000000
1.7500 73.2600 51.0500 664.000000 0.000000 157.000000 58.000000
1.7600 73.3500 51.1000 667.000000 0.000000 157.000000 58.000000
1.7700 73.8700 51.2600 653.000000 0.000000 157.000000 58.000000
1.7800 74.6800 51.5000 617.000000 0.000000 159.000000 57.000000
1.7900 75.7000 51.8100 492.000000 0.000000 159.000000 57.000000
1.8000 76.7600 52.1200 210.000000 0.000000 159.000000 57.000000
1.8100 76.7600 52.1200 0.000000 1.000000 161.000000 57.000000
1.8200 77.8600 52.3200 0.000000 0.000000 161.000000 57.000000
1.8300 77.4800 52.3200 0.000000 0.000000 161.000000 57.000000
1.8400 76.8300 52.2500 0.000000 0.000000 161.000000 57.000000
1.8500 76.0100 52.0900 0.000000 0.000000 161.000000 57.000000
1.8600 75.1800 52.0000 0.000000 0.000000 161.000000 57.000000
1.8700 74.1500 52.0000 0.000000 0.000000 161.000000 57.000000
1.8800 72.9900 52.0000 0.000000 0.000000 161.000000 57.000000
1.8900 71.9200 52.0000 0.000000 0.000000 160.000000 56.000000
1.9000 71.2700 52.0000 0.000000 0.000000 158.000000 56.000000
1.9100 70.9000 52.1400 0.000000 0.000000 158.000000 56.000000
1.9200 70.9000 52.4200 0.000000 0.000000 158.000000 55.000000
1.9300 71.1000 52.2600 0.000000 0.000000 158.000000 55.000000
1.9400 71.1000 52.2600 107.000000 1.000000 158.000000 55.000000
1.9500 71.5300 53.2400 181.000000 0.000000 158.000000 55.000000
1.9600 71.4700 53.2400 220.000000 0.000000 158.000000 55.000000
1.9700 71.2800 52.9300 241.000000 0.000000 158.000000 55.000000
1.9800 70.7600 52.4100 269.000000 0.000000 157.000000 56.000000
1.9900 69.7900 51.4100 382.000000 0.000000 157.000000 56.000000
2.0000 68.5100 50.0900 430.000000 0.000000 157.000000 56.000000
2.0100 66.8200 48.5500 581.000000 0.000000 156.000000 57.000000
2.0200 65.0500 46.9900 711.000000 0.000000 154.000000 56.000000
2.0300 63.2200 45.6800 776.000000 0.000000 152.000000 57.000000
2.0400 62.1400 44.5300 793.000000 0.000000 151.000000 58.000000
2.0500 61.7900 43.8700 802.000000 0.000000 150.000000 58.000000
2.0600 61.9200 43.6100 802.000000 0.000000 147.000000 59.000000
2.0700 62.5000 43.6100 797.000000 0.000000 146.000000 60.000000
2.0800 63.8600 44.3200 745.000000 0.000000 146.000000 60.000000
2.0900 65.7500 45.3900 719.000000 0.000000 144.000000 60.000000
2.1000 67.5900 46.7200 637.000000 0.000000 144.000000 60.000000
2.1100 69.0000 47.8200 417.000000 0.000000 145.000000 60.000000
2.1200 70.1200 48.8800 167.000000 0.000000 145.000000 60.000000
2.1300 70.1200 48.8800 0.000000 1.000000 146.000000 60.000000
2.1400 70.5200 49.9400 0.000000 0.000000 148.000000 60.000000
2.1500 70.1100 49.9400 0.000000 0.000000 151.000000 60.000000
2.1600 69.2300 49.6400 0.000000 0.000000 151.000000 60.000000
2.1700 68.1500 49.2000 0.000000 0.000000 152.000000 60.000000
2.1800 66.9400 48.8100 0.000000 0.000000 153.000000 59.000000
2.1900 65.7100 48.5200 0.000000 0.000000 152.000000 59.000000
2.2000 64.5000 48.2900 0.000000 0.000000 152.000000 59.000000
2.2100 63.3500 48.0600 0.000000 0.000000 150.000000 58.000000
2.2200 62.2500 47.8800 0.000000 0.000000 149.000000 58.000000
2.2300 61.1700 47.7300 0.000000 0.000000 147.000000 58.000000
2.2400 60.3800 47.6400 0.000000 0.000000 146.000000 57.000000
2.2500 59.7800 47.6400 0.000000 0.000000 144.000000 57.000000
2.2600 59.6300 47.7400 0.000000 0.000000 144.000000 57.000000
2.2700 59.7900 48.0300 0.000000 0.000000 143.000000 56.000000
2.2800 59.7900 48.0300 265.000000 1.000000 143.000000 56.000000
2.2900 60.2800 48.1700 329.000000 0.000000 143.000000 56.000000
2.3000 60.3900 48.1700 377.000000 0.000000 143.000000 56.000000
2.3100 60.4800 48.0600 405.000000 0.000000 143.000000 56.000000
2.3200 60.6300 47.8200 388.000000 0.000000 143.000000 56.000000
2.3300 60.7800 47.5200 254.000000 0.000000 142.000000 57.000000
