0.0000 56.3300 67.8300 65.000000 1.000000 128.000000 48.000000
0.0100 56.6800 69.3000 107.000000 0.000000 128.000000 48.000000
0.0200 56.8400 70.1100 155.000000 0.000000 128.000000 48.000000
0.0300 56.9600 70.7000 218.000000 0.000000 130.000000 48.000000
0.0400 57.1300 71.1600 274.000000 0.000000 131.000000 47.000000
0.0500 57.2200 71.5700 366.000000 0.000000 132.000000 47.000000
0.0600 57.2200 71.8300 481.000000 0.000000 133.000000 46.000000
0.0700 57.3000 72.0000 545.000000 0.000000 134.000000 46.000000
0.0800 57.3000 71.9500 569.000000 0.000000 135.000000 45.000000
0.0900 57.2300 71.8600 602.000000 0.000000 135.000000 45.000000
0.1000 57.0900 71.2500 639.000000 0.000000 136.000000 45.000000
0.1100 56.7900 70.3100 667.000000 0.000000 136.000000 45.000000
0.1200 56.3700 68.5800 691.000000 0.000000 135.000000 45.000000
0.1300 55.8400 66.8000 699.000000 0.000000 135.000000 45.000000
0.1400 55.2200 64.8100 725.000000 0.000000 134.000000 46.000000
0.1500 54.5400 62.7000 720.000000 0.000000 133.000000 46.000000
0.1600 53.8400 60.9100 724.000000 0.000000 132.000000 46.000000
0.1700 53.1800 59.4200 727.000000 0.000000 131.000000 46.000000
0.1800 52.6000 58.1300 722.000000 0.000000 130.000000 47.000000
0.1900 52.3600 57.6200 710.000000 0.000000 127.000000 46.000000
0.2000 52.3600 57.4500 682.000000 0.000000 127.000000 46.000000
0.2100 52.3600 57.5100 670.000000 0.000000 126.000000 47.000000
0.2200 52.4100 57.5100 667.000000 0.000000 125.000000 46.000000
0.2300 52.4800 57.5900 667.000000 0.000000 124.000000 47.000000
0.2400 52.5600 57.5900 675.000000 0.000000 124.000000 47.000000
0.2500 52.5600 57.6600 682.000000 0.000000 124.000000 47.000000
0.2600 52.6200 57.7200 688.000000 0.000000 124.000000 47.000000
0.2700 52.6200 57.7700 693.000000 0.000000 124.000000 47.000000
0.2800 52.6700 57.7700 691.000000 0.000000 124.000000 47.000000
0.2900 52.7500 57.8600 693.000000 0.000000 124.000000 47.000000
0.3000 52.9000 57.9500 687.000000 0.000000 124.000000 47.000000
0.3100 53.1300 58.0600 691.000000 0.000000 124.000000 47.000000
0.3200 53.4100 58.1400 688.000000 0.000000 124.000000 47.000000
0.3300 53.9000 58.3800 690.000000 0.000000 124.000000 47.000000
0.3400 54.7500 58.7200 693.000000 0.000000 125.000000 47.000000
0.3500 55.8300 59.2800 691.000000 0.000000 125.000000 47.000000
0.3600 57.4400 60.0300 691.000000 0.000000 126.000000 47.000000
0.3700 59.2600 60.9200 696.000000 0.000000 126.000000 47.000000
0.3800 61.2200 61.8100 693.000000 0.000000 128.000000 47.000000
0.3900 63.4000 62.6900 702.000000 0.000000 130.000000 47.000000
0.4000 65.4500 63.5400 693.000000 0.000000 130.000000 47.000000
0.4100 67.4200 64.3900 697.000000 0.000000 131.000000 47.000000
0.4200 69.2400 65.2700 693.000000 0.000000 132.000000 47.000000
0.4300 70.7200 66.0400 676.000000 0.000000 132.000000 47.000000
0.4400 71.9800 66.7600 662.000000 0.000000 133.000000 47.000000
0.4500 73.0100 67.3500 617.000000 0.000000 133.000000 47.000000
0.4600 73.4000 67.8200 619.000000 0.000000 134.000000 48.000000
0.4700 73.3500 68.2200 622.000000 0.000000 134.000000 48.000000
0.4800 72.9200 68.6800 630.000000 0.000000 134.000000 48.000000
0.4900 72.1600 69.1300 628.000000 0.000000 135.000000 47.000000
0.5000 71.1800 69.2600 639.000000 0.000000 136.000000 48.000000
0.5100 69.8000 69.1800 643.000000 0.000000 137.000000 47.000000
0.5200 67.9900 68.6800 664.000000 0.000000 138.000000 47.000000
0.5300 65.8900 68.1400 672.000000 0.000000 138.000000 47.000000
0.5400 63.9800 67.5600 702.000000 0.000000 138.000000 47.000000
0.5500 62.3200 66.9700 721.000000 0.000000 138.000000 47.000000
0.5600 60.8200 66.5500 763.000000 0.000000 137.000000 47.000000
0.5700 60.1800 66.2400 767.000000 0.000000 137.000000 47.000000
0.5800 60.1800 66.2400 757.000000 0.000000 136.000000 47.000000
0.5900 60.6600 66.4900 757.000000 0.000000 135.000000 47.000000
0.6000 61.7900 66.8300 745.000000 0.000000 135.000000 47.000000
0.6100 63.6000 67.5600 702.000000 0.000000 135.000000 47.000000
0.6200 65.8700 68.4800 661.000000 0.000000 135.000000 47.000000
0.6300 68.1300 69.5400 617.000000 0.000000 135.000000 47.000000
0.6400 69.7200 70.4300 583.000000 0.000000 136.000000 47.000000
0.6500 70.8600 71.0500 586.000000 0.000000 137.000000 47.000000
0.6600 71.1600 71.4800 637.000000 0.000000 138.000000 47.000000
0.6700 70.6800 71.3900 676.000000 0.000000 138.000000 47.000000
0.6800 69.6900 71.6200 690.000000 0.000000 139.000000 46.000000
0.6900 67.8100 72.0600 731.000000 0.000000 139.000000 46.000000
0.7000 65.0100 71.6300 783.000000 0.000000 140.000000 46.000000
0.7100 61.5900 71.0000 826.000000 0.000000 140.000000 46.000000
0.7200 58.8400 70.2400 794.000000 0.000000 140.000000 46.000000
0.7300 56.1100 69.2500 853.000000 0.000000 140.000000 46.000000
0.7400 53.3800 68.5000 867.000000 0.000000 139.000000 46.000000
0.7500 51.6100 67.9100 790.000000 0.000000 139.000000 46.000000
0.7600 50.5800 67.5600 763.000000 0.000000 138.000000 46.000000
0.7700 50.0300 67.3700 541.000000 0.000000 137.000000 46.000000
0.7800 50.0300 67.3700 0.000000 1.000000 136.000000 46.000000
0.7900 50.5700 67.1800 0.000000 0.000000 135.000000 46.000000
0.8000 51.2000 67.5000 0.000000 0.000000 135.000000 46.000000
0.8100 52.1700 68.1000 0.000000 0.000000 134.000000 46.000000
0.8200 53.3600 69.2200 0.000000 0.000000 134.000000 46.000000
0.8300 54.7000 70.1800 0.000000 0.000000 134.000000 46.000000
0.8400 56.4700 71.0300 0.000000 0.000000 134.000000 46.000000
0.8500 58.2000 72.1800 0.000000 0.000000 133.000000 45.000000
0.8600 59.9000 72.9200 0.000000 0.000000 131.000000 44.000000
0.8700 62.1600 73.4000 0.000000 0.000000 131.000000 43.000000
0.8800 63.6200 73.1000 0.000000 0.000000 132.000000 42.000000
0.8900 64.5500 72.9300 0.000000 0.000000 132.000000 41.000000
0.9000 65.1000 72.8600 0.000000 0.000000 133.000000 40.000000
0.9100 65.1000 72.2700 0.000000 0.000000 132.000000 40.000000
0.9200 64.7600 71.6100 0.000000 0.000000 133.000000 40.000000
0.9300 64.4200 70.9000 0.000000 0.000000 132.000000 41.000000
0.9400 63.9300 69.8900 0.000000 0.000000 132.000000 42.000000
0.9500 63.3400 68.8400 0.000000 0.000000 132.000000 43.000000
0.9600 62.6100 67.5500 0.000000 0.000000 132.000000 44.000000
0.9700 61.8400 66.1200 0.000000 0.000000 132.000000 44.000000
0.9800 61.0400 65.2800 0.000000 0.000000 131.000000 44.000000
0.9900 60.4900 64.4100 0.000000 0.000000 129.000000 44.000000
1.0000 59.9700 63.5100 0.000000 0.000000 129.000000 44.000000
1.0100 59.5000 62.9100 0.000000 0.000000 129.000000 44.000000
1.0200 59.0100 62.3100 0.000000 0.000000 128.000000 44.000000
1.0300 58.4900 61.7100 0.000000 0.000000 128.000000 45.000000
1.0400 57.9100 61.1600 0.000000 0.000000 126.000000 46.000000
1.0500 57.2700 60.6300 0.000000 0.000000 126.000000 47.000000
1.0600 56.8500 60.0100 0.000000 0.000000 124.000000 48.000000
1.0700 56.6000 59.6400 0.000000 0.000000 123.000000 48.000000
1.0800 56.4500 59.4300 0.000000 0.000000 124.000000 49.000000
1.0900 56.4500 59.4300 0.000000 0.000000 123.000000 49.000000
1.1000 56.3800 59.4800 0.000000 0.000000 123.000000 49.000000
1.1100 56.3800 59.6200 0.000000 0.000000 122.000000 50.000000
1.1200 56.3100 59.8100 0.000000 0.000000 122.000000 50.000000
1.1300 56.3100 60.1000 0.000000 0.000000 122.000000 50.000000
1.1400 56.3100 60.4500 0.000000 0.000000 122.000000 50.000000
1.1500 56.3900 60.9200 0.000000 0.000000 123.000000 49.000000
1.1600 56.5600 61.4600 0.000000 0.000000 123.000000 49.000000
1.1700 56.8200 62.0600 0.000000 0.000000 124.000000 49.000000
1.1800 57.1300 62.8100 0.000000 0.000000 124.000000 49.000000
1.1900 57.5100 63.6400 0.000000 0.000000 125.000000 48.000000
1.2000 57.9900 64.5200 0.000000 0.000000 125.000000 48.000000
1.2100 58.5300 65.4600 0.000000 0.000000 126.000000 48.000000
1.2200 59.0400 66.3800 0.000000 0.000000 126.000000 48.000000
1.2300 59.5000 67.2600 0.000000 0.000000 127.000000 48.000000
1.2400 59.9300 68.1400 0.000000 0.000000 126.000000 47.000000
1.2500 60.2800 69.0400 0.000000 0.000000 127.000000 46.000000
1.2600 60.6800 69.9400 0.000000 0.000000 128.000000 45.000000
1.2700 61.1700 70.7400 0.000000 0.000000 127.000000 45.000000
1.2800 61.8300 71.7600 0.000000 0.000000 127.000000 44.000000
1.2900 62.5800 72.9700 0.000000 0.000000 127.000000 43.000000
1.3000 63.3600 74.0800 0.000000 0.000000 128.000000 42.000000
1.3100 64.1400 75.2500 0.000000 0.000000 128.000000 41.000000
1.3200 64.9700 76.4500 0.000000 0.000000 131.000000 41.000000
1.3300 65.8800 77.5400 0.000000 0.000000 133.000000 40.000000
1.3400 66.4600 78.5600 0.000000 0.000000 136.000000 40.000000
1.3500 66.7800 79.5300 0.000000 0.000000 141.000000 39.000000
1.3600 67.1500 80.2900 0.000000 0.000000 143.000000 39.000000
1.3700 67.4400 80.8400 0.000000 0.000000 144.000000 38.000000
1.3800 67.6700 81.2400 0.000000 0.000000 141.000000 38.000000
1.3900 67.8000 81.4700 0.000000 0.000000 138.000000 38.000000
1.4000 67.8000 81.5600 0.000000 0.000000 131.000000 37.000000
1.4100 67.7500 81.5600 0.000000 0.000000 125.000000 35.000000
1.4200 67.6000 81.4400 0.000000 0.000000 120.000000 34.000000
1.4300 67.3200 81.2700 0.000000 0.000000 115.000000 33.000000
1.4400 66.9400 81.0200 0.000000 0.000000 112.000000 33.000000
1.4500 66.4800 80.7500 0.000000 0.000000 112.000000 34.000000
1.4600 66.0200 80.3500 0.000000 0.000000 113.000000 37.000000
1.4700 65.5500 79.8700 0.000000 0.000000 117.000000 39.000000
1.4800 65.0800 79.4600 0.000000 0.000000 121.000000 42.000000
1.4900 64.6300 78.8300 0.000000 0.000000 128.000000 43.000000
1.5000 64.2100 78.0600 0.000000 0.000000 132.000000 44.000000
1.5100 63.8100 77.4000 0.000000 0.000000 136.000000 43.000000
1.5200 62.7000 76.7700 0.000000 0.000000 139.000000 42.000000
1.5300 62.1000 76.1600 0.000000 0.000000 140.000000 40.000000
1.5400 61.8400 75.5600 0.000000 0.000000 142.000000 39.000000
1.5500 61.4800 75.1800 0.000000 0.000000 141.000000 39.000000
1.5600 61.1400 74.9400 0.000000 0.000000 141.000000 39.000000
1.5700 60.8200 73.7200 0.000000 0.000000 140.000000 39.000000
1.5800 60.5500 73.4200 0.000000 0.000000 138.000000 41.000000
1.5900 60.3000 73.7400 0.000000 0.000000 138.000000 42.000000
1.6000 60.1800 73.6200 0.000000 0.000000 139.000000 42.000000
1.6100 60.1300 73.5200 0.000000 0.000000 138.000000 43.000000
1.6200 60.0800 73.4300 0.000000 0.000000 139.000000 43.000000
1.6300 60.0100 73.2000 0.000000 0.000000 140.000000 43.000000
1.6400 59.8800 72.9500 0.000000 0.000000 141.000000 44.000000
1.6500 59.7200 72.6400 0.000000 0.000000 141.000000 44.000000
1.6600 59.4800 72.2800 0.000000 0.000000 142.000000 44.000000
1.6700 59.4800 72.2800 142.000000 1.000000 142.000000 44.000000
1.6800 58.9400 71.4900 239.000000 0.000000 142.000000 44.000000
1.6900 58.6900 71.0400 302.000000 0.000000 142.000000 44.000000
1.7000 58.5000 70.5300 394.000000 0.000000 141.000000 44.000000
1.7100 58.1000 69.6400 488.000000 0.000000 140.000000 45.000000
1.7200 57.5800 68.4100 527.000000 0.000000 139.000000 44.000000
1.7300 56.9900 66.9600 561.000000 0.000000 138.000000 45.000000
1.7400 56.2800 64.9800 619.000000 0.000000 136.000000 45.000000
1.7500 55.5400 62.8600 637.000000 0.000000 135.000000 45.000000
1.7600 54.7900 60.6600 669.000000 0.000000 133.000000 45.000000
1.7700 54.3100 59.1100 673.000000 0.000000 132.000000 46.000000
1.7800 54.3100 58.2700 673.000000 0.000000 130.000000 47.000000
1.7900 54.6200 57.9000 670.000000 0.000000 127.000000 46.000000
1.8000 55.1900 58.0000 668.000000 0.000000 126.000000 47.000000
1.8100 56.0400 58.9200 636.000000 0.000000 125.000000 47.000000
1.8200 57.0800 60.3800 611.000000 0.000000 125.000000 47.000000
1.8300 58.2700 62.2000 569.000000 0.000000 125.000000 47.000000
1.8400 59.2400 64.2500 530.000000 0.000000 125.000000 47.000000
1.8500 60.0500 66.4600 501.000000 0.000000 125.000000 47.000000
1.8600 60.8100 68.6000 496.000000 0.000000 125.000000 47.000000
1.8700 61.3200 70.8200 512.000000 0.000000 127.000000 48.000000
1.8800 61.6700 72.3200 602.000000 0.000000 128.000000 47.000000
1.8900 61.5600 73.3200 641.000000 0.000000 131.000000 46.000000
1.9000 61.2700 73.6100 673.000000 0.000000 132.000000 46.000000
1.9100 60.8500 73.3500 676.000000 0.000000 133.000000 45.000000
1.9200 60.2100 72.7200 684.000000 0.000000 134.000000 45.000000
1.9300 59.4000 71.1000 678.000000 0.000000 135.000000 44.000000
1.9400 58.4700 68.6300 673.000000 0.000000 135.000000 44.000000
1.9500 57.4400 65.6000 678.000000 0.000000 135.000000 44.000000
1.9600 56.4500 62.8400 675.000000 0.000000 134.000000 45.000000
1.9700 56.2100 61.1000 675.000000 0.000000 133.000000 45.000000
1.9800 56.4600 60.0300 667.000000 0.000000 132.000000 46.000000
1.9900 56.9200 59.6400 673.000000 0.000000 131.000000 46.000000
2.0000 57.5700 59.9000 667.000000 0.000000 129.000000 46.000000
2.0100 58.3500 60.5900 655.000000 0.000000 127.000000 46.000000
2.0200 59.2000 62.0300 613.000000 0.000000 126.000000 47.000000
2.0300 60.1000 64.0400 581.000000 0.000000 126.000000 47.000000
2.0400 61.0400 66.4200 566.000000 0.000000 126.000000 47.000000
2.0500 61.9600 68.8200 575.000000 0.000000 126.000000 47.000000
2.0600 62.7500 70.9700 603.000000 0.000000 127.000000 48.000000
2.0700 63.4500 72.9500 647.000000 0.000000 128.000000 47.000000
2.0800 63.7900 73.9000 696.000000 0.000000 130.000000 47.000000
2.0900 63.8600 74.1600 703.000000 0.000000 132.000000 47.000000
2.1000 63.7500 73.9600 719.000000 0.000000 133.000000 46.000000
2.1100 63.4300 73.0700 720.000000 0.000000 134.000000 46.000000
2.1200 62.7800 71.4000 739.000000 0.000000 136.000000 46.000000
2.1300 61.9100 69.2200 745.000000 0.000000 136.000000 46.000000
2.1400 61.0600 66.8200 728.000000 0.000000 136.000000 46.000000
2.1500 60.4700 64.7300 737.000000 0.000000 135.000000 46.000000
2.1600 60.0600 62.8600 720.000000 0.000000 133.000000 46.000000
2.1700 60.1300 62.0900 676.000000 0.000000 133.000000 46.000000
2.1800 60.4700 61.8100 662.000000 0.000000 132.000000 47.000000
2.1900 60.9800 61.8600 639.000000 0.000000 131.000000 47.000000
2.2000 61.7000 62.6900 589.000000 0.000000 128.000000 47.000000
2.2100 62.5600 64.2300 564.000000 0.000000 127.000000 48.000000
2.2200 63.5200 66.2500 570.000000 0.000000 127.000000 48.000000
2.2300 64.3200 68.3600 580.000000 0.000000 127.000000 48.000000
2.2400 64.8800 70.2600 641.000000 0.000000 128.000000 48.000000
2.2500 65.2800 72.0100 707.000000 0.000000 130.000000 48.000000
2.2600 65.2800 72.6000 746.000000 0.000000 131.000000 47.000000
2.2700 65.1500 72.4500 757.000000 0.000000 133.000000 47.000000
2.2800 64.9100 71.8100 756.000000 0.000000 134.000000 47.000000
2.2900 64.3600 70.2400 788.000000 0.000000 135.000000 46.000000
2.3000 63.7400 68.1600 785.000000 0.000000 135.000000 46.000000
2.3100 63.0700 65.7400 759.000000 0.000000 135.000000 46.000000
2.3200 62.7200 63.8500 746.000000 0.000000 135.000000 46.000000
2.3300 62.7900 62.7700 667.000000 0.000000 134.000000 47.000000
2.3400 63.1400 62.2300 647.000000 0.000000 133.000000 47.000000
2.3500 63.7000 62.3000 628.000000 0.000000 131.000000 47.000000
2.3600 64.5200 63.3500 620.000000 0.000000 130.000000 48.000000
2.3700 65.5000 65.0600 644.000000 0.000000 128.000000 48.000000
2.3800 66.4100 67.0400 667.000000 0.000000 128.000000 48.000000
2.3900 66.9600 68.9800 719.000000 0.000000 129.000000 49.000000
2.4000 67.2600 70.3700 783.000000 0.000000 131.000000 48.000000
2.4100 67.0400 71.4000 845.000000 0.000000 131.000000 48.000000
2.4200 66.8200 71.5600 854.000000 0.000000 133.000000 48.000000
2.4300 66.6600 71.1500 852.000000 0.000000 134.000000 48.000000
2.4400 66.5500 70.3500 860.000000 0.000000 135.000000 47.000000
2.4500 66.1400 68.5000 864.000000 0.000000 136.000000 47.000000
2.4600 65.7500 66.8000 848.000000 0.000000 137.000000 46.000000
2.4700 65.3700 65.2000 799.000000 0.000000 137.000000 46.000000
2.4800 65.4800 64.4500 785.000000 0.000000 137.000000 46.000000
2.4900 65.8400 64.2400 770.000000 0.000000 136.000000 47.000000
2.5000 66.3700 64.3800 779.000000 0.000000 135.000000 47.000000
2.5100 66.8800 64.8900 783.000000 0.000000 134.000000 48.000000
2.5200 67.3700 65.6100 806.000000 0.000000 134.000000 48.000000
2.5300 67.7600 66.4800 811.000000 0.000000 133.000000 48.000000
2.5400 68.0800 67.2500 800.000000 0.000000 133.000000 48.000000
2.5500 68.2300 67.6700 771.000000 0.000000 133.000000 48.000000
2.5600 68.2300 67.8600 690.000000 0.000000 133.000000 48.000000
2.5700 68.2300 67.6900 396.000000 0.000000 133.000000 48.000000
2.5800 68.2300 67.6900 0.000000 1.000000 133.000000 48.000000
2.5900 68.3300 67.0600 0.000000 0.000000 133.000000 48.000000
2.6000 68.5300 67.1600 0.000000 0.000000 133.000000 48.000000
2.6100 68.9100 67.5400 0.000000 0.000000 134.000000 49.000000
2.6200 69.3300 68.1100 0.000000 0.000000 134.000000 49.000000
2.6300 69.8000 69.0700 0.000000 0.000000 134.000000 49.000000
2.6400 69.8500 69.8600 0.000000 0.000000 134.000000 49.000000
2.6500 69.6100 70.5500 0.000000 0.000000 133.000000 48.000000
2.6600 69.6100 71.4600 0.000000 0.000000 131.000000 47.000000
2.6700 69.8200 71.6200 0.000000 0.000000 129.000000 46.000000
2.6800 70.0700 71.2900 0.000000 0.000000 127.000000 44.000000
2.6900 70.2400 70.9100 0.000000 0.000000 124.000000 42.000000
2.7000 70.3600 70.2900 0.000000 0.000000 121.000000 40.000000
2.7100 70.2600 69.5000 0.000000 0.000000 119.000000 38.000000
2.7200 70.0000 68.9200 0.000000 0.000000 119.000000 37.000000
2.7300 69.8300 68.3300 0.000000 0.000000 120.000000 37.000000
2.7400 69.7200 67.9100 0.000000 0.000000 122.000000 37.000000
2.7500 69.3900 67.6100 0.000000 0.000000 124.000000 38.000000
2.7600 68.9000 67.3100 0.000000 0.000000 125.000000 38.000000
2.7700 68.7900 67.1700 0.000000 0.000000 127.000000 40.000000
2.7800 68.7300 67.1700 0.000000 0.000000 130.000000 40.000000
2.7900 68.7300 67.1100 0.000000 0.000000 132.000000 42.000000
2.8000 68.7300 67.1100 0.000000 0.000000 133.000000 43.000000
2.8100 68.7300 67.0600 0.000000 0.000000 134.000000 45.000000
2.8200 68.6500 67.0600 0.000000 0.000000 134.000000 47.000000
2.8300 68.4700 66.9700 0.000000 0.000000 134.000000 49.000000
2.8400 68.3700 66.9700 0.000000 0.000000 134.000000 50.000000
2.8500 68.3700 66.9700 211.000000 1.000000 134.000000 51.000000
2.8600 68.3700 67.3000 306.000000 0.000000 134.000000 51.000000
2.8700 68.3700 67.4400 354.000000 0.000000 134.000000 51.000000
2.8800 68.3700 67.5100 468.000000 0.000000 133.000000 51.000000
2.8900 68.3700 67.5600 519.000000 0.000000 133.000000 51.000000
2.9000 68.3700 67.5600 572.000000 0.000000 132.000000 50.000000
2.9100 68.3200 67.1400 622.000000 0.000000 132.000000 50.000000
2.9200 68.2500 66.4800 641.000000 0.000000 130.000000 50.000000
2.9300 68.1100 65.4900 647.000000 0.000000 130.000000 50.000000
2.9400 67.9300 64.7800 625.000000 0.000000 129.000000 49.000000
2.9500 68.0500 64.2500 600.000000 0.000000 129.000000 50.000000
2.9600 68.4300 64.3800 595.000000 0.000000 129.000000 50.000000
2.9700 68.9700 65.1200 554.000000 0.000000 129.000000 50.000000
2.9800 69.6200 66.2700 510.000000 0.000000 128.000000 50.000000
2.9900 70.2200 67.3400 397.000000 0.000000 128.000000 50.000000
