0.0000 19.3200 67.0900 63.000000 1.000000 101.000000 54.000000
0.0100 19.3200 67.0900 134.000000 0.000000 101.000000 54.000000
0.0200 19.3200 67.0900 225.000000 0.000000 101.000000 54.000000
0.0300 19.3200 67.0900 267.000000 0.000000 101.000000 54.000000
0.0400 19.1800 66.8300 301.000000 0.000000 101.000000 53.000000
0.0500 19.0400 66.4600 314.000000 0.000000 101.000000 53.000000
0.0600 18.8600 65.8400 344.000000 0.000000 101.000000 53.000000
0.0700 18.6400 65.0600 366.000000 0.000000 101.000000 53.000000
0.0800 18.5200 64.1700 373.000000 0.000000 101.000000 53.000000
0.0900 18.4500 63.4100 373.000000 0.000000 101.000000 53.000000
0.1000 18.5700 62.8600 359.000000 0.000000 101.000000 53.000000
0.1100 18.8000 62.4400 351.000000 0.000000 101.000000 53.000000
0.1200 19.2300 62.2600 343.000000 0.000000 101.000000 53.000000
0.1300 19.7200 62.3400 339.000000 0.000000 101.000000 53.000000
0.1400 20.3800 62.6000 342.000000 0.000000 101.000000 53.000000
0.1500 21.1200 63.2900 315.000000 0.000000 101.000000 53.000000
0.1600 21.8800 64.3400 277.000000 0.000000 100.000000 54.000000
0.1700 22.6400 65.6200 277.000000 0.000000 100.000000 54.000000
0.1800 23.2900 66.8100 270.000000 0.000000 100.000000 55.000000
0.1900 23.8500 67.7900 269.000000 0.000000 100.000000 55.000000
0.2000 24.2000 68.6300 269.000000 0.000000 100.000000 55.000000
0.2100 24.3600 69.0800 273.000000 0.000000 100.000000 55.000000
0.2200 24.3600 69.1400 304.000000 0.000000 100.000000 55.000000
0.2300 24.2600 68.9500 334.000000 0.000000 101.000000 54.000000
0.2400 23.9100 68.2800 339.000000 0.000000 101.000000 54.000000
0.2500 23.4100 67.2600 339.000000 0.000000 101.000000 54.000000
0.2600 22.7600 66.0200 349.000000 0.000000 101.000000 54.000000
0.2700 22.1000 64.5700 364.000000 0.000000 101.000000 54.000000
0.2800 21.4200 63.0600 382.000000 0.000000 101.000000 54.000000
0.2900 20.9700 61.9400 377.000000 0.000000 100.000000 55.000000
0.3000 20.9000 61.0900 354.000000 0.000000 100.000000 55.000000
0.3100 21.0800 60.8100 343.000000 0.000000 99.000000 55.000000
0.3200 21.4400 60.7600 341.000000 0.000000 99.000000 55.000000
0.3300 22.0000 60.8600 345.000000 0.000000 99.000000 55.000000
0.3400 22.6900 61.5100 337.000000 0.000000 99.000000 55.000000
0.3500 23.5800 62.5800 335.000000 0.000000 99.000000 55.000000
0.3600 24.4400 63.9200 306.000000 0.000000 99.000000 55.000000
0.3700 25.2900 65.0300 304.000000 0.000000 97.000000 55.000000
0.3800 26.0100 65.8700 301.000000 0.000000 97.000000 55.000000
0.3900 26.5000 66.5200 297.000000 0.000000 97.000000 55.000000
0.4000 26.8300 66.8900 297.000000 0.000000 96.000000 55.000000
0.4100 27.0000 66.9600 309.000000 0.000000 95.000000 54.000000
0.4200 27.0000 66.8200 335.000000 0.000000 95.000000 54.000000
0.4300 26.7700 66.3500 346.000000 0.000000 94.000000 54.000000
0.4400 26.3700 65.5100 359.000000 0.000000 94.000000 53.000000
0.4500 25.9000 64.4300 373.000000 0.000000 94.000000 53.000000
0.4600 25.3700 63.2300 361.000000 0.000000 94.000000 53.000000
0.4700 25.0100 62.1200 364.000000 0.000000 95.000000 53.000000
0.4800 24.9100 61.5000 339.000000 0.000000 95.000000 53.000000
0.4900 24.9900 61.1800 317.000000 0.000000 95.000000 53.000000
0.5000 25.2600 61.1100 315.000000 0.000000 95.000000 54.000000
0.5100 25.5800 61.3700 314.000000 0.000000 97.000000 54.000000
0.5200 26.1100 61.8500 309.000000 0.000000 97.000000 55.000000
0.5300 26.7600 62.7000 286.000000 0.000000 97.000000 55.000000
0.5400 27.3700 63.6900 282.000000 0.000000 97.000000 54.000000
0.5500 27.8900 64.7700 270.000000 0.000000 95.000000 54.000000
0.5600 28.3500 65.5100 256.000000 0.000000 95.000000 54.000000
0.5700 28.7300 66.1000 223.000000 0.000000 95.000000 53.000000
0.5800 29.0600 66.6000 217.000000 0.000000 94.000000 53.000000
0.5900 29.3600 66.8500 207.000000 0.000000 94.000000 53.000000
0.6000 29.4800 66.8000 215.000000 0.000000 94.000000 53.000000
0.6100 29.4800 66.5600 214.000000 0.000000 94.000000 53.000000
0.6200 29.3000 65.9900 247.000000 0.000000 94.000000 53.000000
0.6300 28.9900 65.2200 276.000000 0.000000 94.000000 53.000000
0.6400 28.7100 64.3300 299.000000 0.000000 94.000000 53.000000
0.6500 28.4400 63.4300 316.000000 0.000000 94.000000 53.000000
0.6600 28.3700 62.8700 314.000000 0.000000 94.000000 53.000000
0.6700 28.4600 62.5400 311.000000 0.000000 94.000000 53.000000
0.6800 28.6600 62.3700 304.000000 0.000000 94.000000 53.000000
0.6900 28.8500 62.3700 286.000000 0.000000 94.000000 53.000000
0.7000 29.0600 62.4900 267.000000 0.000000 94.000000 53.000000
0.7100 29.3000 62.7400 230.000000 0.000000 94.000000 54.000000
0.7200 29.5400 63.1500 141.000000 0.000000 94.000000 54.000000
0.7300 29.5400 63.1500 0.000000 1.000000 94.000000 54.000000
0.7400 29.9700 64.1700 0.000000 0.000000 94.000000 54.000000
0.7500 30.1400 64.6300 0.000000 0.000000 94.000000 54.000000
0.7600 30.0800 64.9400 0.000000 0.000000 94.000000 54.000000
0.7700 29.8600 65.1700 0.000000 0.000000 94.000000 53.000000
0.7800 29.6000 65.4000 0.000000 0.000000 94.000000 53.000000
0.7900 29.2400 65.6500 0.000000 0.000000 94.000000 53.000000
0.8000 28.8200 65.9700 0.000000 0.000000 94.000000 53.000000
0.8100 28.2400 66.3300 0.000000 0.000000 94.000000 53.000000
0.8200 27.4800 66.6300 0.000000 0.000000 94.000000 53.000000
0.8300 26.5900 66.9200 0.000000 0.000000 95.000000 52.000000
0.8400 25.6800 67.1600 0.000000 0.000000 95.000000 52.000000
0.8500 24.6200 67.2100 0.000000 0.000000 96.000000 52.000000
0.8600 23.4500 67.1300 0.000000 0.000000 96.000000 52.000000
0.8700 22.5100 66.9700 0.000000 0.000000 98.000000 53.000000
0.8800 21.6000 66.8300 0.000000 0.000000 99.000000 53.000000
0.8900 20.7600 66.7000 0.000000 0.000000 99.000000 53.000000
0.9000 19.9700 66.5700 0.000000 0.000000 99.000000 53.000000
0.9100 19.4600 66.4900 0.000000 0.000000 101.000000 53.000000
0.9200 19.1200 66.5900 0.000000 0.000000 101.000000 53.000000
0.9300 19.3100 66.8000 0.000000 0.000000 101.000000 53.000000
0.9400 19.2500 66.9500 0.000000 0.000000 101.000000 53.000000
0.9500 19.0200 67.0800 0.000000 0.000000 101.000000 53.000000
0.9600 19.0200 67.1700 0.000000 0.000000 101.000000 54.000000
0.9700 19.0200 67.1700 25.000000 1.000000 101.000000 54.000000
0.9800 19.0200 67.1700 101.000000 0.000000 102.000000 55.000000
0.9900 19.0200 67.1700 146.000000 0.000000 102.000000 55.000000
1.0000 19.0200 67.1700 200.000000 0.000000 102.000000 55.000000
1.0100 19.0200 67.1700 281.000000 0.000000 102.000000 55.000000
1.0200 19.3700 67.3300 325.000000 0.000000 103.000000 54.000000
1.0300 19.8400 67.4700 384.000000 0.000000 103.000000 54.000000
1.0400 20.7400 67.7100 422.000000 0.000000 103.000000 54.000000
1.0500 21.9600 67.9300 455.000000 0.000000 103.000000 55.000000
1.0600 23.4000 68.1100 470.000000 0.000000 103.000000 55.000000
1.0700 24.9300 68.1800 473.000000 0.000000 103.000000 55.000000
1.0800 26.6100 68.1800 474.000000 0.000000 105.000000 55.000000
1.0900 28.3900 68.1800 455.000000 0.000000 105.000000 55.000000
1.1000 29.9000 68.0700 445.000000 0.000000 105.000000 56.000000
1.1100 31.2300 67.8700 452.000000 0.000000 104.000000 56.000000
1.1200 32.4300 67.5600 458.000000 0.000000 104.000000 56.000000
1.1300 33.1500 67.1100 468.000000 0.000000 104.000000 56.000000
1.1400 33.5700 66.5800 493.000000 0.000000 102.000000 56.000000
1.1500 33.7900 66.0500 526.000000 0.000000 101.000000 57.000000
1.1600 33.6500 65.4500 580.000000 0.000000 99.000000 56.000000
1.1700 32.9600 64.5700 616.000000 0.000000 99.000000 56.000000
1.1800 31.8900 63.5200 637.000000 0.000000 99.000000 56.000000
1.1900 30.0700 62.4000 673.000000 0.000000 99.000000 56.000000
1.2000 28.0500 61.2800 662.000000 0.000000 99.000000 56.000000
1.2100 25.9000 60.3200 668.000000 0.000000 99.000000 56.000000
1.2200 23.5000 59.4700 617.000000 0.000000 99.000000 56.000000
1.2300 21.1400 58.8000 627.000000 0.000000 99.000000 55.000000
1.2400 18.8200 58.4500 599.000000 0.000000 99.000000 55.000000
1.2500 16.9200 58.3200 600.000000 0.000000 99.000000 55.000000
1.2600 15.3100 58.3200 589.000000 0.000000 99.000000 55.000000
1.2700 14.0000 58.5000 572.000000 0.000000 99.000000 55.000000
1.2800 13.0100 58.7100 564.000000 0.000000 99.000000 55.000000
1.2900 12.2400 58.8500 512.000000 0.000000 99.000000 55.000000
1.3000 11.7800 58.9700 433.000000 0.000000 100.000000 55.000000
1.3100 11.6200 59.0500 185.000000 0.000000 100.000000 55.000000
