0.0000 20.3700 83.1300 42.000000 1.000000 108.000000 56.000000
0.0100 20.3700 83.1300 101.000000 0.000000 108.000000 56.000000
0.0200 20.3700 83.1300 182.000000 0.000000 108.000000 56.000000
0.0300 20.3700 83.1300 255.000000 0.000000 110.000000 56.000000
0.0400 20.0700 83.1500 302.000000 0.000000 110.000000 56.000000
0.0500 19.8900 82.8500 351.000000 0.000000 110.000000 56.000000
0.0600 19.6600 82.4400 414.000000 0.000000 110.000000 56.000000
0.0700 19.5300 81.9300 435.000000 0.000000 110.000000 56.000000
0.0800 19.3900 81.3700 441.000000 0.000000 110.000000 56.000000
0.0900 19.2400 80.6600 443.000000 0.000000 110.000000 56.000000
0.1000 19.2400 79.8600 427.000000 0.000000 109.000000 57.000000
0.1100 19.3500 79.2500 414.000000 0.000000 109.000000 57.000000
0.1200 19.5700 78.8800 413.000000 0.000000 109.000000 57.000000
0.1300 19.9600 78.6600 394.000000 0.000000 107.000000 57.000000
0.1400 20.3900 78.6600 392.000000 0.000000 107.000000 57.000000
0.1500 20.9400 78.9200 396.000000 0.000000 107.000000 56.000000
0.1600 21.5600 79.3900 387.000000 0.000000 107.000000 57.000000
0.1700 22.2400 80.1900 364.000000 0.000000 106.000000 57.000000
0.1800 22.9400 81.1800 339.000000 0.000000 106.000000 57.000000
0.1900 23.6400 82.3000 305.000000 0.000000 106.000000 57.000000
0.2000 24.2300 83.3200 314.000000 0.000000 106.000000 57.000000
0.2100 24.7500 84.3200 304.000000 0.000000 106.000000 57.000000
0.2200 25.0200 84.9200 307.000000 0.000000 106.000000 58.000000
0.2300 25.1100 85.2600 339.000000 0.000000 105.000000 58.000000
0.2400 25.1100 85.2600 371.000000 0.000000 105.000000 58.000000
0.2500 24.9100 85.0100 361.000000 0.000000 105.000000 58.000000
0.2600 24.5500 84.5900 376.000000 0.000000 105.000000 58.000000
0.2700 24.0600 83.7500 381.000000 0.000000 105.000000 58.000000
0.2800 23.5100 82.8600 391.000000 0.000000 105.000000 58.000000
0.2900 23.0000 81.7900 396.000000 0.000000 105.000000 58.000000
0.3000 22.5200 80.6100 398.000000 0.000000 105.000000 58.000000
0.3100 22.2500 79.6100 381.000000 0.000000 105.000000 58.000000
0.3200 22.2500 78.9000 371.000000 0.000000 106.000000 58.000000
0.3300 22.3900 78.3800 339.000000 0.000000 104.000000 57.000000
0.3400 22.6700 78.1000 339.000000 0.000000 104.000000 57.000000
0.3500 23.0900 78.0300 340.000000 0.000000 104.000000 57.000000
0.3600 23.6000 78.1000 334.000000 0.000000 103.000000 57.000000
0.3700 24.2000 78.5000 320.000000 0.000000 103.000000 57.000000
0.3800 24.8200 79.2000 309.000000 0.000000 103.000000 57.000000
0.3900 25.4800 80.0900 297.000000 0.000000 103.000000 57.000000
0.4000 26.1600 80.9800 281.000000 0.000000 103.000000 57.000000
0.4100 26.8200 81.8300 273.000000 0.000000 103.000000 57.000000
0.4200 27.3200 82.6000 287.000000 0.000000 103.000000 58.000000
0.4300 27.7300 83.2900 284.000000 0.000000 103.000000 58.000000
0.4400 28.0200 83.7400 287.000000 0.000000 103.000000 58.000000
0.4500 28.1100 84.0400 296.000000 0.000000 104.000000 59.000000
0.4600 28.0600 84.0400 317.000000 0.000000 105.000000 59.000000
0.4700 27.8900 83.9000 304.000000 0.000000 104.000000 59.000000
0.4800 27.5700 83.4400 314.000000 0.000000 104.000000 59.000000
0.4900 27.1500 82.7600 309.000000 0.000000 104.000000 59.000000
0.5000 26.5800 81.8100 333.000000 0.000000 104.000000 59.000000
0.5100 26.0800 80.8000 343.000000 0.000000 104.000000 59.000000
0.5200 25.6800 79.8800 346.000000 0.000000 104.000000 59.000000
0.5300 25.5400 79.0400 341.000000 0.000000 103.000000 58.000000
0.5400 25.5400 78.5000 334.000000 0.000000 103.000000 58.000000
0.5500 25.7900 78.2100 345.000000 0.000000 102.000000 58.000000
0.5600 26.1800 78.0800 333.000000 0.000000 101.000000 58.000000
0.5700 26.6700 78.2800 334.000000 0.000000 101.000000 58.000000
0.5800 27.3900 78.8300 338.000000 0.000000 101.000000 58.000000
0.5900 28.1200 79.6100 336.000000 0.000000 100.000000 58.000000
0.6000 28.8600 80.6100 344.000000 0.000000 100.000000 58.000000
0.6100 29.6100 81.6300 327.000000 0.000000 100.000000 58.000000
0.6200 30.2900 82.6600 315.000000 0.000000 100.000000 58.000000
0.6300 30.9100 83.5800 304.000000 0.000000 101.000000 58.000000
0.6400 31.3700 84.4500 312.000000 0.000000 101.000000 58.000000
0.6500 31.6000 84.8800 316.000000 0.000000 101.000000 58.000000
0.6600 31.6700 85.0300 330.000000 0.000000 101.000000 58.000000
0.6700 31.5100 84.8900 336.000000 0.000000 101.000000 58.000000
0.6800 31.2100 84.4400 368.000000 0.000000 101.000000 57.000000
0.6900 30.8200 83.7900 369.000000 0.000000 101.000000 57.000000
0.7000 30.2600 82.7600 374.000000 0.000000 101.000000 57.000000
0.7100 29.7000 81.6600 391.000000 0.000000 101.000000 57.000000
0.7200 29.1400 80.5100 382.000000 0.000000 101.000000 57.000000
0.7300 28.7300 79.4300 382.000000 0.000000 101.000000 58.000000
0.7400 28.5600 78.7500 381.000000 0.000000 101.000000 58.000000
0.7500 28.5600 78.3100 367.000000 0.000000 102.000000 58.000000
0.7600 28.6900 78.1100 361.000000 0.000000 100.000000 59.000000
0.7700 28.8500 78.1100 353.000000 0.000000 100.000000 59.000000
0.7800 29.0800 78.1800 343.000000 0.000000 100.000000 59.000000
0.7900 29.4600 78.5400 345.000000 0.000000 98.000000 58.000000
0.8000 29.9200 79.1200 317.000000 0.000000 98.000000 58.000000
0.8100 30.4000 79.8400 307.000000 0.000000 98.000000 58.000000
0.8200 30.8700 80.3900 280.000000 0.000000 98.000000 58.000000
0.8300 31.3400 80.9400 247.000000 0.000000 100.000000 58.000000
0.8400 31.7100 81.4900 220.000000 0.000000 99.000000 57.000000
0.8500 32.0100 81.8900 173.000000 0.000000 99.000000 57.000000
0.8600 32.2500 82.1100 167.000000 0.000000 101.000000 57.000000
0.8700 32.3100 82.2200 170.000000 0.000000 101.000000 57.000000
0.8800 32.2600 82.1100 179.000000 0.000000 101.000000 57.000000
0.8900 32.0700 81.8400 183.000000 0.000000 102.000000 56.000000
0.9000 31.9000 81.4700 212.000000 0.000000 102.000000 56.000000
0.9100 31.7300 81.1800 213.000000 0.000000 102.000000 56.000000
0.9200 31.6800 81.0500 190.000000 0.000000 102.000000 56.000000
0.9300 31.6800 81.0500 177.000000 0.000000 102.000000 56.000000
0.9400 31.6800 81.0500 160.000000 0.000000 102.000000 56.000000
0.9500 31.6800 81.0500 136.000000 0.000000 102.000000 56.000000
0.9600 31.7700 81.1600 141.000000 0.000000 102.000000 56.000000
0.9700 31.8200 81.2200 113.000000 0.000000 102.000000 56.000000
0.9800 31.8200 81.2900 99.000000 0.000000 102.000000 56.000000
0.9900 31.9000 81.3700 71.000000 0.000000 102.000000 56.000000
1.0000 32.0000 81.4700 65.000000 0.000000 102.000000 56.000000
1.0100 32.0000 81.4700 0.000000 1.000000 102.000000 56.000000
1.0200 32.2300 81.8400 0.000000 0.000000 102.000000 56.000000
1.0300 32.4200 82.0900 0.000000 0.000000 102.000000 56.000000
1.0400 32.6400 82.2800 0.000000 0.000000 102.000000 56.000000
1.0500 32.6400 82.2800 0.000000 0.000000 102.000000 56.000000
1.0600 32.9900 82.4200 0.000000 0.000000 102.000000 56.000000
1.0700 33.0500 82.4200 0.000000 0.000000 102.000000 56.000000
1.0800 33.0500 82.4200 0.000000 0.000000 102.000000 56.000000
1.0900 32.9800 82.3400 0.000000 0.000000 101.000000 57.000000
1.1000 32.8800 82.1700 0.000000 0.000000 101.000000 57.000000
1.1100 32.6700 81.9100 0.000000 0.000000 101.000000 57.000000
1.1200 32.3600 81.6100 0.000000 0.000000 101.000000 57.000000
1.1300 31.9800 81.3100 0.000000 0.000000 101.000000 57.000000
1.1400 31.5800 81.1000 0.000000 0.000000 101.000000 57.000000
1.1500 31.1500 80.9400 0.000000 0.000000 101.000000 57.000000
1.1600 30.7000 80.8200 0.000000 0.000000 101.000000 57.000000
1.1700 30.2100 80.7000 0.000000 0.000000 101.000000 57.000000
1.1800 29.6900 80.6200 0.000000 0.000000 101.000000 57.000000
1.1900 29.1600 80.6200 0.000000 0.000000 101.000000 58.000000
1.2000 28.7200 80.5000 0.000000 0.000000 101.000000 58.000000
1.2100 28.3400 80.4200 0.000000 0.000000 101.000000 58.000000
1.2200 28.0600 80.3700 0.000000 0.000000 101.000000 58.000000
1.2300 27.8300 80.3700 0.000000 0.000000 102.000000 58.000000
1.2400 27.5900 80.3700 0.000000 0.000000 102.000000 58.000000
1.2500 27.3300 80.4300 0.000000 0.000000 102.000000 58.000000
1.2600 27.0800 80.4300 0.000000 0.000000 100.000000 59.000000
1.2700 26.7200 80.5100 0.000000 0.000000 100.000000 59.000000
1.2800 26.2900 80.6000 0.000000 0.000000 100.000000 59.000000
1.2900 25.6200 80.7400 0.000000 0.000000 100.000000 59.000000
1.3000 24.8600 80.9100 0.000000 0.000000 100.000000 59.000000
1.3100 24.0400 81.2300 0.000000 0.000000 100.000000 59.000000
1.3200 23.1700 81.6600 0.000000 0.000000 100.000000 58.000000
1.3300 22.3300 82.1700 0.000000 0.000000 100.000000 58.000000
1.3400 21.5100 82.4800 0.000000 0.000000 100.000000 58.000000
1.3500 20.6300 82.6100 0.000000 0.000000 101.000000 57.000000
1.3600 19.7100 82.6100 0.000000 0.000000 102.000000 56.000000
1.3700 19.7100 82.6100 63.000000 1.000000 102.000000 56.000000
1.3800 18.2900 82.5600 180.000000 0.000000 104.000000 56.000000
1.3900 17.6000 82.3000 223.000000 0.000000 105.000000 56.000000
1.4000 17.2800 82.1900 250.000000 0.000000 107.000000 57.000000
1.4100 17.2000 82.1900 314.000000 0.000000 107.000000 57.000000
1.4200 17.5900 82.2400 361.000000 0.000000 109.000000 57.000000
1.4300 18.6400 82.5500 423.000000 0.000000 109.000000 57.000000
1.4400 20.1200 82.9800 440.000000 0.000000 109.000000 57.000000
1.4500 22.4500 83.4900 460.000000 0.000000 111.000000 57.000000
1.4600 24.8300 83.9000 450.000000 0.000000 112.000000 58.000000
1.4700 27.2400 84.1000 423.000000 0.000000 110.000000 58.000000
1.4800 29.6600 84.1500 410.000000 0.000000 110.000000 58.000000
1.4900 31.7500 84.2500 394.000000 0.000000 110.000000 58.000000
1.5000 33.3000 84.3500 381.000000 0.000000 109.000000 59.000000
1.5100 34.4900 84.3000 379.000000 0.000000 109.000000 59.000000
1.5200 35.0800 84.1400 396.000000 0.000000 109.000000 59.000000
1.5300 35.1600 83.9200 460.000000 0.000000 109.000000 59.000000
1.5400 34.8900 83.6600 472.000000 0.000000 109.000000 59.000000
1.5500 33.9500 83.1700 475.000000 0.000000 109.000000 59.000000
1.5600 32.1200 82.5400 504.000000 0.000000 109.000000 59.000000
1.5700 29.6900 81.5200 564.000000 0.000000 109.000000 59.000000
1.5800 26.8300 80.3400 580.000000 0.000000 109.000000 59.000000
1.5900 23.8300 79.0500 602.000000 0.000000 109.000000 59.000000
1.6000 20.7400 78.0400 617.000000 0.000000 109.000000 59.000000
1.6100 18.0300 77.3200 644.000000 0.000000 106.000000 58.000000
1.6200 15.8400 76.8000 687.000000 0.000000 106.000000 58.000000
1.6300 13.9900 76.5500 707.000000 0.000000 106.000000 58.000000
1.6400 12.7400 76.3200 721.000000 0.000000 106.000000 58.000000
1.6500 11.8400 76.1100 727.000000 0.000000 106.000000 58.000000
1.6600 11.1700 75.9300 733.000000 0.000000 106.000000 58.000000
1.6700 10.9300 75.9300 697.000000 0.000000 106.000000 57.000000
1.6800 11.2800 75.9300 697.000000 0.000000 106.000000 57.000000
1.6900 12.0300 76.2100 643.000000 0.000000 106.000000 57.000000
1.7000 13.3000 76.7600 546.000000 0.000000 105.000000 56.000000
1.7100 15.0300 77.5000 386.000000 0.000000 106.000000 57.000000
