0.0000 50.7400 30.3300 100.000000 1.000000 115.000000 52.000000
0.0100 50.7400 30.3300 125.000000 0.000000 115.000000 52.000000
0.0200 50.8100 30.6200 143.000000 0.000000 115.000000 52.000000
0.0300 51.0900 30.9300 215.000000 0.000000 116.000000 53.000000
0.0400 51.6400 31.5100 285.000000 0.000000 116.000000 53.000000
0.0500 52.3600 32.2800 311.000000 0.000000 117.000000 54.000000
0.0600 53.0000 33.1300 339.000000 0.000000 115.000000 54.000000
0.0700 53.5500 33.9800 361.000000 0.000000 115.000000 54.000000
0.0800 54.0400 34.4300 382.000000 0.000000 115.000000 54.000000
0.0900 54.2000 34.6100 423.000000 0.000000 114.000000 55.000000
0.1000 54.2600 34.4900 460.000000 0.000000 114.000000 55.000000
0.1100 54.2600 33.9700 486.000000 0.000000 112.000000 55.000000
0.1200 54.0800 33.1800 495.000000 0.000000 112.000000 55.000000
0.1300 53.7000 31.7700 496.000000 0.000000 112.000000 55.000000
0.1400 53.1700 30.3300 491.000000 0.000000 112.000000 55.000000
0.1500 52.4900 28.8500 490.000000 0.000000 111.000000 55.000000
0.1600 51.8600 27.3600 464.000000 0.000000 111.000000 55.000000
0.1700 51.2700 26.3300 466.000000 0.000000 110.000000 55.000000
0.1800 50.9200 25.6000 448.000000 0.000000 108.000000 56.000000
0.1900 50.7500 25.1800 407.000000 0.000000 107.000000 56.000000
0.2000 50.7000 25.1000 333.000000 0.000000 105.000000 56.000000
0.2100 50.7800 25.2400 311.000000 0.000000 104.000000 56.000000
0.2200 51.0600 25.8500 255.000000 0.000000 102.000000 55.000000
0.2300 51.4600 26.8700 247.000000 0.000000 100.000000 56.000000
0.2400 52.0000 28.1600 254.000000 0.000000 100.000000 56.000000
0.2500 52.5600 29.2500 249.000000 0.000000 101.000000 57.000000
0.2600 53.1300 29.8900 254.000000 0.000000 102.000000 56.000000
0.2700 53.4200 30.2400 254.000000 0.000000 105.000000 56.000000
0.2800 53.6000 30.3700 245.000000 0.000000 107.000000 56.000000
0.2900 53.7100 30.3700 265.000000 0.000000 108.000000 56.000000
0.3000 53.7600 30.2000 275.000000 0.000000 110.000000 55.000000
0.3100 53.7600 29.8900 280.000000 0.000000 112.000000 56.000000
0.3200 53.7100 29.5300 274.000000 0.000000 113.000000 56.000000
0.3300 53.7100 29.2100 282.000000 0.000000 113.000000 56.000000
0.3400 53.8100 28.9500 286.000000 0.000000 113.000000 56.000000
0.3500 53.9300 28.8100 277.000000 0.000000 113.000000 56.000000
0.3600 54.0700 28.8100 270.000000 0.000000 112.000000 55.000000
0.3700 54.2400 28.9500 250.000000 0.000000 112.000000 55.000000
0.3800 54.4300 29.2200 235.000000 0.000000 112.000000 55.000000
0.3900 54.6700 29.5500 206.000000 0.000000 112.000000 55.000000
0.4000 54.7800 29.9300 202.000000 0.000000 112.000000 55.000000
0.4100 54.7800 30.2200 202.000000 0.000000 112.000000 55.000000
0.4200 54.7100 30.4900 203.000000 0.000000 112.000000 55.000000
0.4300 54.5500 30.5900 212.000000 0.000000 112.000000 55.000000
0.4400 54.3500 30.5900 226.000000 0.000000 112.000000 55.000000
0.4500 54.1300 30.4000 246.000000 0.000000 112.000000 55.000000
0.4600 53.9200 30.1900 246.000000 0.000000 112.000000 55.000000
0.4700 53.7700 29.9300 256.000000 0.000000 112.000000 55.000000
0.4800 53.7700 29.7000 256.000000 0.000000 112.000000 55.000000
0.4900 53.7700 29.4900 249.000000 0.000000 112.000000 55.000000
0.5000 53.9400 29.3700 253.000000 0.000000 113.000000 56.000000
0.5100 54.2000 29.3700 241.000000 0.000000 113.000000 56.000000
0.5200 54.5400 29.4800 262.000000 0.000000 113.000000 56.000000
0.5300 54.9400 29.7700 285.000000 0.000000 113.000000 56.000000
0.5400 55.2900 30.0700 306.000000 0.000000 113.000000 56.000000
0.5500 55.5900 30.3800 322.000000 0.000000 112.000000 55.000000
0.5600 55.8800 30.6100 345.000000 0.000000 112.000000 55.000000
0.5700 56.0800 30.8400 344.000000 0.000000 112.000000 55.000000
0.5800 56.2100 30.9500 371.000000 0.000000 112.000000 55.000000
0.5900 56.3000 30.9500 386.000000 0.000000 112.000000 55.000000
0.6000 56.3000 30.9000 410.000000 0.000000 113.000000 56.000000
0.6100 56.3000 30.7900 427.000000 0.000000 113.000000 56.000000
0.6200 56.2500 30.4900 430.000000 0.000000 113.000000 56.000000
0.6300 56.0900 30.0800 422.000000 0.000000 113.000000 56.000000
0.6400 55.9300 29.6600 418.000000 0.000000 113.000000 56.000000
0.6500 55.7800 29.2800 412.000000 0.000000 113.000000 56.000000
0.6600 55.7800 29.0500 371.000000 0.000000 113.000000 56.000000
0.6700 55.7800 28.9200 356.000000 0.000000 113.000000 56.000000
0.6800 55.8300 28.9200 333.000000 0.000000 112.000000 56.000000
0.6900 55.9500 29.0000 337.000000 0.000000 112.000000 56.000000
0.7000 56.1200 29.1600 327.000000 0.000000 112.000000 56.000000
0.7100 56.3400 29.4700 315.000000 0.000000 112.000000 56.000000
0.7200 56.6300 29.8000 282.000000 0.000000 112.000000 56.000000
0.7300 56.9400 30.1500 282.000000 0.000000 112.000000 56.000000
0.7400 57.2000 30.3800 250.000000 0.000000 112.000000 56.000000
0.7500 57.4300 30.5500 254.000000 0.000000 112.000000 56.000000
0.7600 57.6500 30.6200 244.000000 0.000000 112.000000 56.000000
0.7700 57.6500 30.6200 239.000000 0.000000 112.000000 56.000000
0.7800 57.9400 30.6700 237.000000 0.000000 112.000000 56.000000
0.7900 58.0900 30.6700 244.000000 0.000000 111.000000 55.000000
0.8000 58.1500 30.6700 250.000000 0.000000 111.000000 55.000000
0.8100 58.1500 30.6700 284.000000 0.000000 110.000000 54.000000
0.8200 58.1000 30.6100 317.000000 0.000000 110.000000 53.000000
0.8300 58.1000 30.5400 346.000000 0.000000 110.000000 53.000000
0.8400 58.1000 30.5400 387.000000 0.000000 109.000000 52.000000
0.8500 58.1000 30.5400 396.000000 0.000000 109.000000 52.000000
0.8600 57.9800 30.5400 399.000000 0.000000 108.000000 52.000000
0.8700 57.8200 30.4900 407.000000 0.000000 108.000000 52.000000
0.8800 57.6300 30.4300 423.000000 0.000000 109.000000 52.000000
0.8900 57.4300 30.3200 439.000000 0.000000 109.000000 52.000000
0.9000 57.2400 30.1500 456.000000 0.000000 110.000000 53.000000
0.9100 57.0500 29.9300 468.000000 0.000000 110.000000 53.000000
0.9200 56.9300 29.6800 466.000000 0.000000 110.000000 54.000000
0.9300 56.8700 29.4700 448.000000 0.000000 110.000000 54.000000
0.9400 56.8700 29.2900 414.000000 0.000000 111.000000 55.000000
0.9500 56.9900 29.1300 398.000000 0.000000 112.000000 56.000000
0.9600 57.1600 29.1300 368.000000 0.000000 112.000000 56.000000
0.9700 57.4000 29.1300 314.000000 0.000000 112.000000 56.000000
0.9800 57.7000 29.3700 254.000000 0.000000 112.000000 56.000000
0.9900 57.9400 29.6500 124.000000 0.000000 112.000000 56.000000
1.0000 57.9400 29.6500 0.000000 1.000000 111.000000 55.000000
1.0100 58.5000 30.3800 0.000000 0.000000 110.000000 54.000000
1.0200 58.7100 30.7900 0.000000 0.000000 110.000000 54.000000
1.0300 58.8500 31.2300 0.000000 0.000000 110.000000 54.000000
1.0400 58.9300 31.7700 0.000000 0.000000 110.000000 54.000000
1.0500 59.0200 32.3600 0.000000 0.000000 110.000000 54.000000
1.0600 59.0200 32.7900 0.000000 0.000000 111.000000 55.000000
1.0700 59.0200 32.7900 101.000000 1.000000 111.000000 55.000000
1.0800 59.0200 32.7900 205.000000 0.000000 111.000000 55.000000
1.0900 59.0200 32.7900 289.000000 0.000000 111.000000 55.000000
1.1000 58.5600 32.4400 353.000000 0.000000 111.000000 55.000000
1.1100 58.4700 32.2100 361.000000 0.000000 111.000000 55.000000
1.1200 58.4700 32.0200 304.000000 0.000000 111.000000 55.000000
1.1300 58.4700 31.8500 177.000000 0.000000 110.000000 54.000000
1.1400 58.4700 31.8500 0.000000 1.000000 110.000000 53.000000
1.1500 58.7800 31.5800 0.000000 0.000000 110.000000 53.000000
1.1600 58.9700 31.5200 0.000000 0.000000 110.000000 53.000000
1.1700 59.1600 31.4400 0.000000 0.000000 110.000000 53.000000
1.1800 59.3700 31.3700 0.000000 0.000000 110.000000 54.000000
1.1900 59.6600 31.3000 0.000000 0.000000 112.000000 54.000000
1.2000 60.0600 31.2300 0.000000 0.000000 112.000000 54.000000
1.2100 60.5800 31.1600 0.000000 0.000000 112.000000 54.000000
1.2200 61.1600 31.0500 0.000000 0.000000 112.000000 54.000000
1.2300 61.6000 30.8600 0.000000 0.000000 112.000000 54.000000
1.2400 61.8400 30.4900 0.000000 0.000000 111.000000 53.000000
1.2500 61.9500 30.0100 0.000000 0.000000 110.000000 53.000000
1.2600 61.6900 29.4900 0.000000 0.000000 110.000000 53.000000
1.2700 61.4100 28.9600 0.000000 0.000000 109.000000 52.000000
1.2800 61.1200 28.5700 0.000000 0.000000 108.000000 53.000000
1.2900 61.0100 28.2800 0.000000 0.000000 108.000000 54.000000
1.3000 61.0100 28.2800 277.000000 1.000000 108.000000 54.000000
1.3100 61.0100 28.2800 317.000000 0.000000 108.000000 54.000000
1.3200 61.1900 28.6300 353.000000 0.000000 109.000000 55.000000
1.3300 61.4900 29.1000 427.000000 0.000000 109.000000 55.000000
1.3400 61.9700 29.7900 466.000000 0.000000 110.000000 55.000000
1.3500 62.5700 30.6200 495.000000 0.000000 110.000000 55.000000
1.3600 63.2200 31.6100 497.000000 0.000000 110.000000 55.000000
1.3700 63.8200 32.7000 502.000000 0.000000 112.000000 56.000000
1.3800 64.3700 33.8700 515.000000 0.000000 112.000000 56.000000
1.3900 64.7900 34.7200 519.000000 0.000000 112.000000 56.000000
1.4000 65.0200 35.1400 551.000000 0.000000 110.000000 56.000000
1.4100 65.1200 35.2800 588.000000 0.000000 110.000000 56.000000
1.4200 65.1200 35.2100 613.000000 0.000000 110.000000 56.000000
1.4300 64.9800 34.8200 636.000000 0.000000 110.000000 56.000000
1.4400 64.7800 34.2200 637.000000 0.000000 110.000000 56.000000
1.4500 64.5100 33.1700 662.000000 0.000000 110.000000 56.000000
1.4600 64.2800 32.1000 659.000000 0.000000 110.000000 56.000000
1.4700 64.0800 31.2300 641.000000 0.000000 110.000000 56.000000
1.4800 64.0100 30.5000 602.000000 0.000000 110.000000 56.000000
1.4900 64.0100 30.0800 515.000000 0.000000 110.000000 56.000000
1.5000 64.1700 29.8200 363.000000 0.000000 110.000000 56.000000
1.5100 64.1700 29.6700 63.000000 0.000000 112.000000 56.000000
1.5200 64.1700 29.6700 0.000000 1.000000 112.000000 56.000000
1.5300 64.1600 29.8600 0.000000 0.000000 112.000000 56.000000
1.5400 63.9700 30.1100 0.000000 0.000000 112.000000 56.000000
1.5500 63.6500 30.2900 0.000000 0.000000 112.000000 56.000000
1.5600 63.2700 30.4300 0.000000 0.000000 112.000000 56.000000
1.5700 62.8400 30.4300 0.000000 0.000000 112.000000 56.000000
1.5800 62.6000 30.4300 0.000000 0.000000 112.000000 56.000000
1.5900 62.3800 30.3300 0.000000 0.000000 111.000000 55.000000
1.6000 62.2300 30.1500 0.000000 0.000000 111.000000 55.000000
1.6100 62.2300 30.1500 105.000000 1.000000 111.000000 55.000000
1.6200 62.2300 30.1500 170.000000 0.000000 111.000000 55.000000
1.6300 62.3000 29.8200 239.000000 0.000000 111.000000 55.000000
1.6400 62.6000 29.8200 274.000000 0.000000 111.000000 55.000000
1.6500 63.0300 30.0000 301.000000 0.000000 112.000000 56.000000
1.6600 63.5800 30.2800 304.000000 0.000000 112.000000 56.000000
1.6700 64.1700 30.7100 302.000000 0.000000 112.000000 56.000000
1.6800 64.8500 31.2500 309.000000 0.000000 112.000000 56.000000
1.6900 65.5900 32.0600 299.000000 0.000000 112.000000 56.000000
1.7000 66.2600 32.9200 279.000000 0.000000 113.000000 57.000000
1.7100 66.8400 33.8100 279.000000 0.000000 113.000000 57.000000
1.7200 67.3900 34.6300 270.000000 0.000000 113.000000 57.000000
1.7300 67.8100 35.1900 274.000000 0.000000 113.000000 57.000000
1.7400 67.9800 35.5900 289.000000 0.000000 113.000000 58.000000
1.7500 67.9800 35.6400 317.000000 0.000000 112.000000 58.000000
1.7600 67.7800 35.4300 344.000000 0.000000 112.000000 58.000000
1.7700 67.3900 35.0600 349.000000 0.000000 112.000000 58.000000
1.7800 66.8800 34.3100 376.000000 0.000000 112.000000 58.000000
1.7900 66.2900 33.2900 417.000000 0.000000 112.000000 58.000000
1.8000 65.7500 32.0800 447.000000 0.000000 112.000000 58.000000
1.8100 65.2500 31.2200 468.000000 0.000000 112.000000 58.000000
1.8200 65.2500 30.7600 468.000000 0.000000 112.000000 58.000000
1.8300 65.3200 30.5800 466.000000 0.000000 113.000000 57.000000
1.8400 65.4800 30.5100 463.000000 0.000000 113.000000 57.000000
1.8500 65.7100 30.7500 460.000000 0.000000 113.000000 57.000000
1.8600 66.2100 31.2100 456.000000 0.000000 113.000000 57.000000
1.8700 66.8800 32.0000 448.000000 0.000000 113.000000 57.000000
1.8800 67.5100 32.9200 417.000000 0.000000 113.000000 57.000000
1.8900 68.1700 33.9300 388.000000 0.000000 113.000000 57.000000
1.9000 68.6600 34.7700 386.000000 0.000000 111.000000 57.000000
1.9100 69.0200 35.1900 386.000000 0.000000 111.000000 57.000000
1.9200 69.1100 35.3200 399.000000 0.000000 111.000000 57.000000
1.9300 69.0400 35.2100 413.000000 0.000000 109.000000 57.000000
1.9400 68.8500 34.8000 435.000000 0.000000 109.000000 57.000000
1.9500 68.4000 34.1800 450.000000 0.000000 109.000000 57.000000
1.9600 67.8800 33.1800 495.000000 0.000000 109.000000 57.000000
1.9700 67.3200 32.1900 526.000000 0.000000 109.000000 57.000000
1.9800 66.9300 31.2200 535.000000 0.000000 109.000000 57.000000
1.9900 66.7400 30.6000 521.000000 0.000000 109.000000 57.000000
2.0000 66.6800 30.1800 510.000000 0.000000 110.000000 56.000000
2.0100 66.8000 29.9800 473.000000 0.000000 110.000000 56.000000
2.0200 66.9500 29.9800 449.000000 0.000000 111.000000 57.000000
2.0300 67.1600 29.9800 412.000000 0.000000 111.000000 57.000000
2.0400 67.5300 30.3900 362.000000 0.000000 113.000000 57.000000
2.0500 67.9800 30.7800 324.000000 0.000000 113.000000 57.000000
2.0600 68.2800 31.1800 299.000000 0.000000 113.000000 57.000000
2.0700 68.4600 31.3700 273.000000 0.000000 113.000000 57.000000
2.0800 68.5500 31.3700 270.000000 0.000000 113.000000 57.000000
2.0900 68.5500 31.3200 270.000000 0.000000 112.000000 56.000000
2.1000 68.5500 31.2300 274.000000 0.000000 112.000000 56.000000
2.1100 68.6400 31.1500 287.000000 0.000000 112.000000 56.000000
2.1200 68.7300 31.0800 282.000000 0.000000 112.000000 56.000000
2.1300 68.8500 31.0800 299.000000 0.000000 112.000000 56.000000
2.1400 68.9700 31.1400 310.000000 0.000000 112.000000 56.000000
2.1500 69.0400 31.1900 332.000000 0.000000 112.000000 56.000000
2.1600 69.0400 31.1900 343.000000 0.000000 113.000000 57.000000
2.1700 69.0400 31.3000 362.000000 0.000000 113.000000 57.000000
2.1800 68.9800 31.3900 389.000000 0.000000 113.000000 57.000000
2.1900 68.8800 31.3900 389.000000 0.000000 113.000000 57.000000
2.2000 68.6400 31.3900 410.000000 0.000000 113.000000 57.000000
2.2100 68.3400 31.2600 415.000000 0.000000 113.000000 57.000000
2.2200 68.0100 31.0600 443.000000 0.000000 113.000000 57.000000
2.2300 67.7300 30.8200 458.000000 0.000000 113.000000 57.000000
2.2400 67.6600 30.6100 458.000000 0.000000 113.000000 57.000000
2.2500 67.7300 30.4200 458.000000 0.000000 113.000000 57.000000
2.2600 67.8500 30.2300 450.000000 0.000000 113.000000 57.000000
2.2700 68.0100 30.0900 447.000000 0.000000 113.000000 57.000000
2.2800 68.2400 30.0900 430.000000 0.000000 111.000000 57.000000
2.2900 68.5500 30.0900 425.000000 0.000000 111.000000 57.000000
2.3000 68.8600 30.1500 397.000000 0.000000 111.000000 57.000000
2.3100 69.1500 30.3500 369.000000 0.000000 111.000000 57.000000
2.3200 69.4300 30.6500 344.000000 0.000000 111.000000 57.000000
2.3300 69.7100 30.9500 307.000000 0.000000 111.000000 57.000000
2.3400 69.9500 31.2600 302.000000 0.000000 111.000000 57.000000
2.3500 70.1500 31.5700 312.000000 0.000000 111.000000 57.000000
2.3600 70.2100 31.7200 343.000000 0.000000 111.000000 57.000000
2.3700 70.1600 31.7200 396.000000 0.000000 111.000000 57.000000
2.3800 70.0400 31.6100 448.000000 0.000000 111.000000 57.000000
2.3900 69.8600 31.3200 481.000000 0.000000 113.000000 57.000000
2.4000 69.7100 30.9800 504.000000 0.000000 111.000000 57.000000
2.4100 69.5700 30.6700 510.000000 0.000000 111.000000 57.000000
2.4200 69.5700 30.4000 509.000000 0.000000 111.000000 57.000000
2.4300 69.5700 30.1700 489.000000 0.000000 111.000000 57.000000
2.4400 69.5700 30.0300 465.000000 0.000000 111.000000 57.000000
2.4500 69.6300 29.9600 389.000000 0.000000 111.000000 57.000000
2.4600 69.6900 29.9600 336.000000 0.000000 111.000000 57.000000
2.4700 69.7700 30.0400 311.000000 0.000000 111.000000 57.000000
2.4800 69.8800 30.1800 289.000000 0.000000 111.000000 57.000000
2.4900 70.0200 30.3800 279.000000 0.000000 111.000000 57.000000
2.5000 70.0900 30.5600 282.000000 0.000000 111.000000 57.000000
2.5100 70.0900 30.6700 314.000000 0.000000 111.000000 57.000000
2.5200 70.0900 30.6700 335.000000 0.000000 111.000000 57.000000
2.5300 69.9700 30.6700 343.000000 0.000000 111.000000 57.000000
2.5400 69.8300 30.5400 376.000000 0.000000 111.000000 57.000000
2.5500 69.6200 30.3400 415.000000 0.000000 111.000000 57.000000
2.5600 69.4500 30.1200 417.000000 0.000000 111.000000 57.000000
2.5700 69.4500 30.0000 413.000000 0.000000 111.000000 57.000000
2.5800 69.5300 29.9400 404.000000 0.000000 111.000000 57.000000
2.5900 69.6900 29.9400 402.000000 0.000000 111.000000 57.000000
2.6000 69.8900 30.1400 402.000000 0.000000 111.000000 57.000000
2.6100 70.1700 30.3800 417.000000 0.000000 111.000000 57.000000
2.6200 70.5200 30.7900 418.000000 0.000000 111.000000 57.000000
2.6300 70.9200 31.2800 414.000000 0.000000 111.000000 57.000000
2.6400 71.3200 31.8300 425.000000 0.000000 111.000000 57.000000
2.6500 71.7500 32.6400 404.000000 0.000000 111.000000 57.000000
2.6600 72.2000 33.3700 405.000000 0.000000 109.000000 57.000000
2.6700 72.5000 34.0400 417.000000 0.000000 109.000000 57.000000
2.6800 72.7000 34.3000 446.000000 0.000000 109.000000 57.000000
2.6900 72.7000 34.3600 490.000000 0.000000 109.000000 57.000000
2.7000 72.7000 34.3600 510.000000 0.000000 108.000000 58.000000
2.7100 72.4200 34.0600 527.000000 0.000000 108.000000 58.000000
2.7200 72.0600 33.5500 542.000000 0.000000 108.000000 58.000000
2.7300 71.7000 32.8600 592.000000 0.000000 108.000000 58.000000
2.7400 71.3400 31.9600 619.000000 0.000000 108.000000 58.000000
2.7500 70.9900 31.2300 620.000000 0.000000 108.000000 58.000000
2.7600 70.7800 30.6100 617.000000 0.000000 109.000000 57.000000
2.7700 70.7300 30.2100 602.000000 0.000000 109.000000 57.000000
2.7800 70.7900 30.0200 557.000000 0.000000 109.000000 57.000000
2.7900 70.8700 29.9600 485.000000 0.000000 109.000000 57.000000
2.8000 70.9500 29.9600 431.000000 0.000000 111.000000 57.000000
2.8100 71.0900 30.2100 291.000000 0.000000 111.000000 57.000000
2.8200 71.3100 30.5600 105.000000 0.000000 111.000000 57.000000
2.8300 71.3100 30.5600 0.000000 1.000000 111.000000 57.000000
2.8400 71.7600 31.7100 0.000000 0.000000 112.000000 58.000000
2.8500 71.8700 32.2700 0.000000 0.000000 112.000000 58.000000
2.8600 71.8200 32.8200 0.000000 0.000000 112.000000 58.000000
2.8700 71.7100 33.0800 0.000000 0.000000 113.000000 59.000000
2.8800 71.7100 33.0800 65.000000 1.000000 113.000000 59.000000
2.8900 71.3300 32.9400 132.000000 0.000000 113.000000 59.000000
2.9000 71.1300 32.6100 148.000000 0.000000 113.000000 59.000000
2.9100 71.0000 32.2000 220.000000 0.000000 112.000000 58.000000
2.9200 71.0000 31.8600 244.000000 0.000000 112.000000 58.000000
2.9300 71.1900 31.6100 251.000000 0.000000 112.000000 58.000000
2.9400 71.5000 31.4200 262.000000 0.000000 112.000000 58.000000
2.9500 71.9300 31.2800 279.000000 0.000000 112.000000 58.000000
2.9600 72.4400 31.1400 284.000000 0.000000 112.000000 58.000000
2.9700 72.7800 31.0000 274.000000 0.000000 112.000000 58.000000
2.9800 73.0000 30.8200 277.000000 0.000000 112.000000 58.000000
2.9900 73.1400 30.6800 277.000000 0.000000 112.000000 58.000000
3.0000 73.1400 30.5800 284.000000 0.000000 112.000000 58.000000
3.0100 73.0400 30.5800 259.000000 0.000000 112.000000 58.000000
3.0200 72.8200 30.6900 221.000000 0.000000 112.000000 58.000000
3.0300 72.5700 30.8300 172.000000 0.000000 112.000000 58.000000
3.0400 72.2200 31.0600 54.000000 0.000000 112.000000 58.000000
3.0500 71.8000 31.2600 12.000000 1.000000 112.000000 58.000000
3.0600 71.4000 31.4400 56.000000 1.000000 112.000000 58.000000
3.0700 71.1700 31.2900 60.000000 0.000000 112.000000 58.000000
3.0800 71.0400 31.0900 101.000000 0.000000 112.000000 58.000000
3.0900 71.0400 30.8600 103.000000 0.000000 112.000000 58.000000
3.1000 71.2600 30.6400 108.000000 0.000000 113.000000 58.000000
3.1100 71.5700 30.5100 117.000000 0.000000 113.000000 58.000000
3.1200 72.0200 30.5100 122.000000 0.000000 112.000000 58.000000
3.1300 72.5200 30.5100 141.000000 0.000000 112.000000 58.000000
3.1400 73.0900 30.6700 151.000000 0.000000 112.000000 58.000000
3.1500 73.6500 30.8300 173.000000 0.000000 112.000000 58.000000
3.1600 74.1100 30.9700 184.000000 0.000000 112.000000 58.000000
3.1700 74.5200 31.1400 184.000000 0.000000 112.000000 58.000000
3.1800 74.8600 31.3700 161.000000 0.000000 113.000000 59.000000
3.1900 75.2100 31.6400 129.000000 0.000000 113.000000 59.000000
3.2000 75.4600 31.9500 117.000000 0.000000 113.000000 59.000000
3.2100 75.6400 32.2100 139.000000 0.000000 113.000000 59.000000
3.2200 75.5700 32.4600 155.000000 0.000000 114.000000 59.000000
3.2300 75.2000 32.7100 180.000000 0.000000 114.000000 59.000000
3.2400 74.6400 32.8800 226.000000 0.000000 114.000000 59.000000
3.2500 73.6600 33.0000 184.000000 0.000000 114.000000 59.000000
3.2600 72.1600 33.0000 228.000000 0.000000 114.000000 59.000000
3.2700 70.3200 33.2600 254.000000 0.000000 114.000000 59.000000
3.2800 68.1400 33.6100 319.000000 0.000000 114.000000 59.000000
3.2900 65.4300 33.6100 449.000000 0.000000 114.000000 59.000000
3.3000 62.3700 33.6100 539.000000 0.000000 113.000000 58.000000
3.3100 59.3900 33.6100 551.000000 0.000000 113.000000 58.000000
3.3200 56.4100 33.0000 611.000000 0.000000 113.000000 58.000000
3.3300 53.6400 32.2000 650.000000 0.000000 113.000000 57.000000
3.3400 50.9900 31.2600 664.000000 0.000000 114.000000 57.000000
3.3500 49.7300 30.5700 662.000000 0.000000 116.000000 56.000000
3.3600 49.4600 30.1600 652.000000 0.000000 116.000000 56.000000
3.3700 49.8500 29.9300 664.000000 0.000000 115.000000 55.000000
3.3800 51.4100 29.6800 653.000000 0.000000 116.000000 55.000000
3.3900 54.3800 29.8300 652.000000 0.000000 116.000000 55.000000
3.4000 58.3000 30.2400 652.000000 0.000000 116.000000 55.000000
3.4100 61.8600 30.7800 639.000000 0.000000 117.000000 56.000000
3.4200 65.0000 31.3100 613.000000 0.000000 117.000000 56.000000
3.4300 67.8500 31.6500 606.000000 0.000000 117.000000 56.000000
3.4400 69.2400 31.8700 600.000000 0.000000 118.000000 57.000000
3.4500 69.4900 31.8700 594.000000 0.000000 118.000000 57.000000
3.4600 68.9700 31.8700 597.000000 0.000000 119.000000 58.000000
3.4700 67.2900 31.8700 605.000000 0.000000 119.000000 58.000000
3.4800 64.4700 31.6200 569.000000 0.000000 119.000000 58.000000
3.4900 60.8800 31.2600 567.000000 0.000000 119.000000 58.000000
3.5000 57.0100 30.7300 609.000000 0.000000 118.000000 57.000000
3.5100 53.2600 30.4400 671.000000 0.000000 118.000000 57.000000
3.5200 49.5900 30.3200 636.000000 0.000000 117.000000 56.000000
3.5300 47.0700 30.2700 653.000000 0.000000 117.000000 56.000000
3.5400 45.5000 30.2000 671.000000 0.000000 117.000000 56.000000
3.5500 44.5700 30.2000 655.000000 0.000000 116.000000 55.000000
3.5600 44.5700 30.2000 655.000000 0.000000 118.000000 56.000000
3.5700 45.4200 30.1400 671.000000 0.000000 118.000000 56.000000
3.5800 46.8700 30.0900 669.000000 0.000000 118.000000 56.000000
3.5900 49.6700 30.1700 670.000000 0.000000 119.000000 56.000000
3.6000 53.4100 30.3200 668.000000 0.000000 119.000000 56.000000
3.6100 57.7700 30.5300 673.000000 0.000000 120.000000 57.000000
3.6200 61.8600 30.7900 641.000000 0.000000 120.000000 57.000000
3.6300 65.7300 31.0900 644.000000 0.000000 121.000000 58.000000
3.6400 69.4400 31.3000 611.000000 0.000000 123.000000 59.000000
3.6500 71.9800 31.3000 592.000000 0.000000 123.000000 59.000000
3.6600 73.8200 31.1300 585.000000 0.000000 124.000000 60.000000
3.6700 75.2000 30.8200 566.000000 0.000000 125.000000 60.000000
3.6800 75.8200 30.5700 526.000000 0.000000 125.000000 60.000000
3.6900 76.1300 30.3600 496.000000 0.000000 126.000000 61.000000
3.7000 76.2300 30.2600 450.000000 0.000000 126.000000 61.000000
3.7100 76.2800 30.2600 361.000000 0.000000 127.000000 62.000000
3.7200 76.2800 30.2100 218.000000 0.000000 127.000000 62.000000
