0.0000 86.7900 63.3400 153.000000 1.000000 148.000000 50.000000
0.0100 86.6600 62.9400 245.000000 0.000000 148.000000 50.000000
0.0200 86.5300 62.9400 282.000000 0.000000 148.000000 50.000000
0.0300 86.4800 62.8800 373.000000 0.000000 148.000000 50.000000
0.0400 86.4800 62.8800 439.000000 0.000000 148.000000 50.000000
0.0500 86.4800 62.8800 504.000000 0.000000 148.000000 50.000000
0.0600 86.4800 62.8800 561.000000 0.000000 148.000000 50.000000
0.0700 86.5300 62.9700 595.000000 0.000000 148.000000 50.000000
0.0800 86.7000 63.0600 631.000000 0.000000 146.000000 50.000000
0.0900 86.8800 63.2400 673.000000 0.000000 146.000000 50.000000
0.1000 87.1000 63.4200 699.000000 0.000000 146.000000 50.000000
0.1100 87.3800 63.7500 705.000000 0.000000 146.000000 50.000000
0.1200 87.7100 64.1900 720.000000 0.000000 147.000000 51.000000
0.1300 88.2500 64.8500 745.000000 0.000000 147.000000 51.000000
0.1400 88.9200 65.5100 745.000000 0.000000 147.000000 51.000000
0.1500 89.4900 66.2900 752.000000 0.000000 147.000000 51.000000
0.1600 90.0700 67.1400 734.000000 0.000000 147.000000 51.000000
0.1700 90.6600 68.2100 728.000000 0.000000 145.000000 51.000000
0.1800 91.1400 69.3500 728.000000 0.000000 145.000000 51.000000
0.1900 91.5300 70.5400 717.000000 0.000000 146.000000 50.000000
0.2000 91.7900 71.3800 714.000000 0.000000 146.000000 50.000000
0.2100 91.9600 71.9300 719.000000 0.000000 147.000000 49.000000
0.2200 92.0800 72.2800 717.000000 0.000000 146.000000 49.000000
0.2300 92.0800 72.3400 708.000000 0.000000 148.000000 48.000000
0.2400 92.0800 72.2000 708.000000 0.000000 148.000000 48.000000
0.2500 91.9900 71.9200 708.000000 0.000000 149.000000 48.000000
0.2600 91.8900 71.1700 710.000000 0.000000 149.000000 48.000000
0.2700 91.7400 70.0000 714.000000 0.000000 149.000000 48.000000
0.2800 91.5600 68.5500 716.000000 0.000000 148.000000 48.000000
0.2900 91.3700 67.0400 714.000000 0.000000 148.000000 48.000000
0.3000 91.0400 65.2400 714.000000 0.000000 148.000000 48.000000
0.3100 90.6100 63.2400 707.000000 0.000000 147.000000 49.000000
0.3200 90.2500 61.5300 705.000000 0.000000 146.000000 49.000000
0.3300 90.0000 60.1500 700.000000 0.000000 145.000000 50.000000
0.3400 89.8300 59.0000 694.000000 0.000000 144.000000 50.000000
0.3500 89.7200 58.2500 694.000000 0.000000 143.000000 50.000000
0.3600 89.6100 57.7900 691.000000 0.000000 142.000000 50.000000
0.3700 89.3800 57.5300 681.000000 0.000000 141.000000 51.000000
0.3800 89.0700 57.5300 671.000000 0.000000 140.000000 51.000000
0.3900 88.7900 57.8300 647.000000 0.000000 138.000000 51.000000
0.4000 88.3900 58.3900 617.000000 0.000000 140.000000 52.000000
0.4100 87.9000 59.2200 617.000000 0.000000 140.000000 52.000000
0.4200 87.5600 60.0800 638.000000 0.000000 140.000000 52.000000
0.4300 87.3900 60.9700 637.000000 0.000000 141.000000 52.000000
0.4400 87.3400 61.6800 640.000000 0.000000 141.000000 52.000000
0.4500 87.4600 62.1700 640.000000 0.000000 141.000000 52.000000
0.4600 87.6200 62.5100 646.000000 0.000000 143.000000 52.000000
0.4700 88.0200 62.7300 656.000000 0.000000 143.000000 52.000000
0.4800 88.5600 62.9400 668.000000 0.000000 144.000000 51.000000
0.4900 89.2200 63.1300 676.000000 0.000000 144.000000 51.000000
0.5000 89.9100 63.3200 687.000000 0.000000 144.000000 51.000000
0.5100 90.6500 63.5900 687.000000 0.000000 144.000000 50.000000
0.5200 91.4000 63.9200 691.000000 0.000000 144.000000 50.000000
0.5300 92.0200 64.2900 691.000000 0.000000 143.000000 51.000000
0.5400 92.5700 64.6600 691.000000 0.000000 143.000000 51.000000
0.5500 93.0300 64.9700 693.000000 0.000000 142.000000 50.000000
0.5600 93.2700 65.2500 697.000000 0.000000 142.000000 50.000000
0.5700 93.3500 65.3300 693.000000 0.000000 142.000000 50.000000
0.5800 93.3500 65.3300 696.000000 0.000000 143.000000 50.000000
0.5900 93.2700 65.1600 696.000000 0.000000 143.000000 50.000000
0.6000 93.1200 64.9200 699.000000 0.000000 143.000000 50.000000
0.6100 92.8900 64.3400 705.000000 0.000000 143.000000 50.000000
0.6200 92.7000 63.5300 703.000000 0.000000 143.000000 50.000000
0.6300 92.5600 62.9200 705.000000 0.000000 143.000000 50.000000
0.6400 92.5600 62.3700 697.000000 0.000000 143.000000 50.000000
0.6500 92.5600 61.8500 690.000000 0.000000 144.000000 50.000000
0.6600 92.6200 61.4700 702.000000 0.000000 144.000000 50.000000
0.6700 92.6900 61.2800 687.000000 0.000000 144.000000 50.000000
0.6800 92.8300 61.2100 685.000000 0.000000 144.000000 50.000000
0.6900 92.8300 61.2100 693.000000 0.000000 144.000000 50.000000
0.7000 92.8300 61.4600 675.000000 0.000000 144.000000 50.000000
0.7100 92.8800 61.9000 673.000000 0.000000 144.000000 50.000000
0.7200 92.8800 62.5000 669.000000 0.000000 144.000000 50.000000
0.7300 92.8800 63.1400 664.000000 0.000000 144.000000 50.000000
0.7400 93.0000 63.8000 671.000000 0.000000 144.000000 50.000000
0.7500 93.3300 64.5100 664.000000 0.000000 144.000000 50.000000
0.7600 93.8200 65.1100 669.000000 0.000000 143.000000 50.000000
0.7700 94.2700 65.3500 685.000000 0.000000 143.000000 50.000000
0.7800 94.6900 65.3500 690.000000 0.000000 144.000000 50.000000
0.7900 95.1000 65.2400 691.000000 0.000000 144.000000 50.000000
0.8000 95.5100 65.0500 691.000000 0.000000 144.000000 50.000000
0.8100 95.8000 64.6600 693.000000 0.000000 144.000000 50.000000
0.8200 96.0200 64.1600 691.000000 0.000000 145.000000 50.000000
0.8300 96.1300 63.6900 690.000000 0.000000 145.000000 51.000000
0.8400 96.0700 63.2100 696.000000 0.000000 145.000000 51.000000
0.8500 95.9000 62.7300 696.000000 0.000000 145.000000 51.000000
0.8600 95.6400 62.3300 697.000000 0.000000 145.000000 51.000000
0.8700 95.3800 62.0800 691.000000 0.000000 147.000000 51.000000
0.8800 95.1100 61.9300 688.000000 0.000000 147.000000 51.000000
0.8900 94.9300 61.9300 682.000000 0.000000 147.000000 51.000000
0.9000 94.7800 61.9300 684.000000 0.000000 147.000000 51.000000
0.9100 94.7100 62.0200 664.000000 0.000000 147.000000 51.000000
0.9200 94.7100 62.1400 650.000000 0.000000 147.000000 51.000000
0.9300 94.8900 62.3200 646.000000 0.000000 146.000000 52.000000
0.9400 95.1500 62.5500 644.000000 0.000000 146.000000 52.000000
0.9500 95.5700 62.7100 655.000000 0.000000 146.000000 52.000000
0.9600 95.9800 62.8500 659.000000 0.000000 146.000000 52.000000
0.9700 96.3800 62.9300 671.000000 0.000000 146.000000 52.000000
0.9800 96.7700 62.9300 666.000000 0.000000 146.000000 52.000000
0.9900 97.1600 62.9300 667.000000 0.000000 147.000000 52.000000
1.0000 97.5700 62.9300 664.000000 0.000000 147.000000 52.000000
1.0100 98.0100 63.0100 673.000000 0.000000 147.000000 52.000000
1.0200 98.4900 63.1500 655.000000 0.000000 147.000000 52.000000
1.0300 98.8200 63.3600 653.000000 0.000000 148.000000 53.000000
1.0400 99.0400 63.5400 658.000000 0.000000 148.000000 53.000000
1.0500 99.0400 63.7800 653.000000 0.000000 148.000000 53.000000
1.0600 98.9100 64.0700 662.000000 0.000000 148.000000 53.000000
1.0700 98.6400 64.2700 666.000000 0.000000 148.000000 53.000000
1.0800 98.3500 64.4000 675.000000 0.000000 148.000000 53.000000
1.0900 98.0700 64.3000 688.000000 0.000000 147.000000 52.000000
1.1000 97.8400 64.0800 690.000000 0.000000 147.000000 52.000000
1.1100 97.6500 63.6200 696.000000 0.000000 147.000000 52.000000
1.1200 97.5200 63.1100 691.000000 0.000000 147.000000 52.000000
1.1300 97.4200 62.5300 673.000000 0.000000 147.000000 52.000000
1.1400 97.5100 61.9700 644.000000 0.000000 147.000000 52.000000
1.1500 97.7000 61.5900 600.000000 0.000000 147.000000 52.000000
1.1600 98.0300 61.3300 494.000000 0.000000 148.000000 53.000000
1.1700 98.4000 61.3300 122.000000 0.000000 148.000000 53.000000
1.1800 98.4000 61.3300 0.000000 1.000000 148.000000 53.000000
1.1900 99.2000 62.3600 0.000000 0.000000 148.000000 53.000000
1.2000 99.4700 63.0500 0.000000 0.000000 148.000000 53.000000
1.2100 99.4700 63.9700 0.000000 0.000000 148.000000 53.000000
1.2200 99.4700 65.0500 0.000000 0.000000 148.000000 53.000000
1.2300 99.3900 66.3400 0.000000 0.000000 148.000000 53.000000
1.2400 99.3300 67.6600 0.000000 0.000000 148.000000 53.000000
1.2500 99.2800 68.9900 0.000000 0.000000 148.000000 53.000000
1.2600 99.2800 68.9900 542.000000 1.000000 148.000000 53.000000
1.2700 99.0700 69.6300 577.000000 0.000000 149.000000 52.000000
1.2800 98.9000 69.5000 577.000000 0.000000 149.000000 52.000000
1.2900 98.7900 69.0400 546.000000 0.000000 150.000000 51.000000
1.3000 98.6300 68.3400 402.000000 0.000000 151.000000 51.000000
1.3100 98.4200 67.4800 142.000000 0.000000 151.000000 51.000000
1.3200 98.4200 67.4800 0.000000 1.000000 151.000000 51.000000
1.3300 98.7200 65.9700 0.000000 0.000000 151.000000 51.000000
1.3400 98.9300 65.3100 0.000000 0.000000 150.000000 52.000000
1.3500 98.9900 64.7400 0.000000 0.000000 150.000000 52.000000
1.3600 99.0800 64.4600 0.000000 0.000000 150.000000 52.000000
1.3700 99.2900 64.3800 0.000000 0.000000 150.000000 52.000000
1.3800 99.5800 64.5000 0.000000 0.000000 150.000000 52.000000
1.3900 99.9800 64.5900 0.000000 0.000000 150.000000 52.000000
1.4000 100.3900 64.6400 0.000000 0.000000 149.000000 52.000000
1.4100 100.7900 64.5300 0.000000 0.000000 149.000000 51.000000
1.4200 101.1800 64.3200 0.000000 0.000000 148.000000 50.000000
1.4300 101.4000 64.0800 0.000000 0.000000 147.000000 49.000000
1.4400 101.5300 63.8100 0.000000 0.000000 145.000000 48.000000
1.4500 101.4000 63.4000 0.000000 0.000000 145.000000 48.000000
1.4600 101.1900 62.9000 0.000000 0.000000 144.000000 48.000000
1.4700 100.9300 62.3400 0.000000 0.000000 145.000000 48.000000
1.4800 100.5600 61.6700 0.000000 0.000000 145.000000 50.000000
1.4900 100.5600 61.6700 447.000000 1.000000 146.000000 50.000000
1.5000 100.2200 61.2600 495.000000 0.000000 147.000000 51.000000
1.5100 100.0500 61.3800 519.000000 0.000000 147.000000 51.000000
1.5200 100.0500 61.3800 527.000000 0.000000 146.000000 52.000000
1.5300 100.1500 61.7300 568.000000 0.000000 146.000000 52.000000
1.5400 100.3700 62.2000 611.000000 0.000000 144.000000 51.000000
1.5500 100.6600 62.7500 645.000000 0.000000 144.000000 51.000000
1.5600 101.2100 63.4700 655.000000 0.000000 143.000000 51.000000
1.5700 101.9200 64.3900 649.000000 0.000000 142.000000 52.000000
1.5800 102.1800 65.4400 644.000000 0.000000 141.000000 51.000000
1.5900 102.6700 66.5500 628.000000 0.000000 141.000000 51.000000
1.6000 103.3100 67.7000 622.000000 0.000000 141.000000 51.000000
1.6100 103.7800 68.8700 627.000000 0.000000 142.000000 52.000000
1.6200 103.9900 69.5500 640.000000 0.000000 143.000000 51.000000
1.6300 103.9900 69.7700 643.000000 0.000000 143.000000 51.000000
1.6400 103.9900 69.6800 636.000000 0.000000 143.000000 51.000000
1.6500 103.8300 69.4900 647.000000 0.000000 144.000000 50.000000
1.6600 103.5500 68.9100 640.000000 0.000000 144.000000 50.000000
1.6700 103.3100 68.0600 646.000000 0.000000 144.000000 50.000000
1.6800 103.1200 67.2200 661.000000 0.000000 145.000000 50.000000
1.6900 103.0100 66.1800 661.000000 0.000000 144.000000 50.000000
1.7000 102.9600 65.0000 656.000000 0.000000 144.000000 50.000000
1.7100 102.9100 63.7600 653.000000 0.000000 144.000000 50.000000
1.7200 103.0200 62.7600 647.000000 0.000000 143.000000 51.000000
1.7300 103.2300 61.9300 620.000000 0.000000 143.000000 51.000000
1.7400 103.4000 61.2300 589.000000 0.000000 143.000000 51.000000
1.7500 103.4000 60.8300 561.000000 0.000000 142.000000 52.000000
1.7600 103.3300 60.6400 557.000000 0.000000 142.000000 52.000000
1.7700 103.1300 60.6400 499.000000 0.000000 142.000000 52.000000
1.7800 102.7100 60.9600 495.000000 0.000000 142.000000 52.000000
1.7900 102.1500 61.4200 489.000000 0.000000 142.000000 52.000000
1.8000 101.5300 61.9000 489.000000 0.000000 142.000000 52.000000
1.8100 100.9400 62.3800 543.000000 0.000000 142.000000 52.000000
1.8200 100.5500 62.7000 543.000000 0.000000 142.000000 52.000000
1.8300 100.2900 62.9200 559.000000 0.000000 142.000000 52.000000
1.8400 100.2900 62.9800 553.000000 0.000000 142.000000 52.000000
1.8500 100.3700 62.9800 553.000000 0.000000 142.000000 50.000000
1.8600 100.5200 62.9300 559.000000 0.000000 142.000000 50.000000
1.8700 100.8900 62.8200 562.000000 0.000000 142.000000 50.000000
1.8800 101.4100 62.8200 568.000000 0.000000 142.000000 50.000000
1.8900 102.0800 62.9000 570.000000 0.000000 142.000000 50.000000
1.9000 102.7700 63.1200 572.000000 0.000000 142.000000 50.000000
1.9100 103.5700 63.5600 567.000000 0.000000 142.000000 50.000000
1.9200 104.4400 64.1600 560.000000 0.000000 142.000000 52.000000
1.9300 105.1900 64.9000 565.000000 0.000000 142.000000 52.000000
1.9400 105.7300 65.6700 546.000000 0.000000 142.000000 52.000000
1.9500 106.1300 66.4700 526.000000 0.000000 141.000000 52.000000
1.9600 106.4400 67.4100 489.000000 0.000000 142.000000 53.000000
1.9700 106.5700 68.3400 504.000000 0.000000 142.000000 53.000000
1.9800 106.5700 69.0200 545.000000 0.000000 142.000000 53.000000
1.9900 106.5000 69.5300 566.000000 0.000000 142.000000 53.000000
2.0000 106.3900 69.6100 572.000000 0.000000 142.000000 53.000000
2.0100 106.2700 69.3200 594.000000 0.000000 143.000000 52.000000
2.0200 106.0800 68.7900 609.000000 0.000000 143.000000 52.000000
2.0300 105.8500 67.9100 630.000000 0.000000 143.000000 52.000000
2.0400 105.5900 66.8400 642.000000 0.000000 144.000000 51.000000
2.0500 105.3200 65.6500 641.000000 0.000000 144.000000 51.000000
2.0600 105.0500 64.1900 630.000000 0.000000 143.000000 52.000000
2.0700 104.7800 62.9300 608.000000 0.000000 143.000000 52.000000
2.0800 104.7800 61.8000 591.000000 0.000000 143.000000 52.000000
2.0900 105.0400 61.2100 583.000000 0.000000 142.000000 53.000000
2.1000 105.3900 60.9700 577.000000 0.000000 142.000000 53.000000
2.1100 105.6200 60.9700 532.000000 0.000000 142.000000 53.000000
2.1200 105.8400 61.3100 491.000000 0.000000 142.000000 53.000000
2.1300 106.0600 61.9300 468.000000 0.000000 143.000000 53.000000
2.1400 106.2400 62.7200 458.000000 0.000000 143.000000 53.000000
2.1500 106.4000 63.5800 439.000000 0.000000 143.000000 53.000000
2.1600 106.6000 64.5700 423.000000 0.000000 143.000000 53.000000
2.1700 106.9200 65.6600 436.000000 0.000000 143.000000 53.000000
2.1800 107.3300 66.5300 472.000000 0.000000 141.000000 53.000000
2.1900 107.7000 67.0200 518.000000 0.000000 141.000000 53.000000
2.2000 107.9700 67.2700 560.000000 0.000000 141.000000 53.000000
2.2100 108.1600 67.1900 611.000000 0.000000 141.000000 53.000000
2.2200 108.4100 67.0600 633.000000 0.000000 141.000000 53.000000
2.2300 108.5400 66.5900 643.000000 0.000000 140.000000 54.000000
2.2400 108.5900 65.9100 667.000000 0.000000 140.000000 54.000000
2.2500 108.4000 65.0800 670.000000 0.000000 140.000000 54.000000
2.2600 108.1700 64.2500 666.000000 0.000000 140.000000 54.000000
2.2700 107.9000 63.4700 666.000000 0.000000 141.000000 53.000000
2.2800 107.7800 62.8900 668.000000 0.000000 142.000000 54.000000
2.2900 107.6600 62.4200 643.000000 0.000000 142.000000 54.000000
2.3000 107.5000 62.1800 622.000000 0.000000 142.000000 54.000000
2.3100 107.3100 62.1800 592.000000 0.000000 142.000000 54.000000
2.3200 107.1700 62.2900 562.000000 0.000000 143.000000 53.000000
2.3300 107.0400 62.4900 519.000000 0.000000 145.000000 54.000000
2.3400 106.9800 62.6900 492.000000 0.000000 145.000000 54.000000
2.3500 107.0500 62.9000 472.000000 0.000000 145.000000 54.000000
2.3600 107.2200 63.0800 465.000000 0.000000 145.000000 54.000000
2.3700 107.4700 63.2700 471.000000 0.000000 145.000000 54.000000
2.3800 107.7600 63.4300 491.000000 0.000000 145.000000 54.000000
2.3900 107.9300 63.5100 519.000000 0.000000 145.000000 54.000000
2.4000 108.0300 63.5100 557.000000 0.000000 145.000000 54.000000
2.4100 108.1400 63.4500 575.000000 0.000000 146.000000 54.000000
2.4200 108.2300 63.3300 591.000000 0.000000 147.000000 53.000000
2.4300 108.3100 63.1600 609.000000 0.000000 147.000000 53.000000
2.4400 108.3700 62.9100 606.000000 0.000000 146.000000 54.000000
2.4500 108.3700 62.9100 603.000000 0.000000 146.000000 54.000000
2.4600 108.7400 62.4600 588.000000 0.000000 146.000000 54.000000
2.4700 108.8100 62.2700 567.000000 0.000000 146.000000 54.000000
2.4800 108.8100 62.1400 572.000000 0.000000 146.000000 54.000000
2.4900 108.6800 62.0400 577.000000 0.000000 146.000000 54.000000
2.5000 108.4400 61.9600 584.000000 0.000000 146.000000 54.000000
2.5100 108.1000 61.8800 586.000000 0.000000 146.000000 54.000000
2.5200 107.8400 61.8800 611.000000 0.000000 146.000000 54.000000
2.5300 107.6300 61.8800 634.000000 0.000000 146.000000 54.000000
2.5400 107.6300 61.9500 639.000000 0.000000 146.000000 54.000000
2.5500 107.7100 62.0400 636.000000 0.000000 146.000000 54.000000
2.5600 107.8400 62.1600 638.000000 0.000000 146.000000 54.000000
2.5700 108.1900 62.2700 634.000000 0.000000 147.000000 53.000000
2.5800 108.6800 62.3800 636.000000 0.000000 147.000000 53.000000
2.5900 109.0900 62.4800 639.000000 0.000000 147.000000 53.000000
2.6000 109.5300 62.5500 636.000000 0.000000 147.000000 53.000000
2.6100 110.0300 62.7100 622.000000 0.000000 147.000000 53.000000
2.6200 110.5800 62.9200 614.000000 0.000000 147.000000 53.000000
2.6300 110.9900 63.1800 610.000000 0.000000 147.000000 53.000000
2.6400 111.3000 63.5500 595.000000 0.000000 147.000000 53.000000
2.6500 111.5300 63.9900 589.000000 0.000000 147.000000 53.000000
2.6600 111.6800 64.5100 567.000000 0.000000 147.000000 53.000000
2.6700 111.7800 65.0200 570.000000 0.000000 145.000000 54.000000
2.6800 111.7800 65.4900 591.000000 0.000000 145.000000 54.000000
2.6900 111.7800 65.7600 636.000000 0.000000 145.000000 54.000000
2.7000 111.7800 65.8900 641.000000 0.000000 144.000000 54.000000
2.7100 111.6700 65.8900 638.000000 0.000000 144.000000 54.000000
2.7200 111.5600 65.5000 647.000000 0.000000 143.000000 55.000000
2.7300 111.3100 64.9200 666.000000 0.000000 143.000000 55.000000
2.7400 110.9600 64.0900 684.000000 0.000000 143.000000 55.000000
2.7500 110.7700 63.3300 688.000000 0.000000 143.000000 55.000000
2.7600 110.7700 62.6300 685.000000 0.000000 144.000000 54.000000
2.7700 110.8900 62.1100 673.000000 0.000000 144.000000 54.000000
2.7800 111.0200 61.7700 673.000000 0.000000 145.000000 54.000000
2.7900 111.1700 61.5400 659.000000 0.000000 145.000000 54.000000
2.8000 111.3900 61.5400 646.000000 0.000000 145.000000 54.000000
2.8100 111.7100 61.7300 611.000000 0.000000 146.000000 53.000000
2.8200 111.9700 62.0700 591.000000 0.000000 147.000000 53.000000
2.8300 112.1900 62.4600 568.000000 0.000000 147.000000 53.000000
2.8400 112.3800 62.8800 522.000000 0.000000 148.000000 53.000000
2.8500 112.4300 63.3200 480.000000 0.000000 147.000000 53.000000
2.8600 112.3800 63.7800 448.000000 0.000000 147.000000 53.000000
2.8700 112.2100 64.3500 430.000000 0.000000 147.000000 53.000000
2.8800 112.0400 64.9900 444.000000 0.000000 146.000000 54.000000
2.8900 111.8600 65.5800 463.000000 0.000000 146.000000 54.000000
2.9000 111.7900 65.8200 474.000000 0.000000 146.000000 54.000000
2.9100 111.7900 65.8200 495.000000 0.000000 145.000000 55.000000
2.9200 111.7900 65.7200 505.000000 0.000000 145.000000 55.000000
2.9300 111.7900 65.4700 512.000000 0.000000 144.000000 56.000000
2.9400 111.7900 65.1300 515.000000 0.000000 144.000000 56.000000
2.9500 111.8500 64.7900 509.000000 0.000000 144.000000 56.000000
2.9600 111.8500 64.5300 491.000000 0.000000 144.000000 56.000000
2.9700 111.9100 64.3300 430.000000 0.000000 144.000000 56.000000
2.9800 111.9100 64.3300 334.000000 0.000000 144.000000 56.000000
2.9900 111.9900 64.4900 132.000000 0.000000 144.000000 56.000000
3.0000 111.9900 64.4900 0.000000 1.000000 144.000000 56.000000
3.0100 112.2800 65.2200 0.000000 0.000000 145.000000 55.000000
3.0200 112.5200 65.7300 0.000000 0.000000 144.000000 56.000000
3.0300 112.6700 66.2800 0.000000 0.000000 144.000000 56.000000
3.0400 112.7600 66.7800 0.000000 0.000000 144.000000 56.000000
3.0500 112.9200 67.1500 0.000000 0.000000 145.000000 56.000000
3.0600 113.1000 67.4300 0.000000 0.000000 145.000000 56.000000
3.0700 113.3300 67.5900 0.000000 0.000000 145.000000 56.000000
3.0800 113.5700 67.7100 0.000000 0.000000 147.000000 56.000000
3.0900 113.8200 67.5800 0.000000 0.000000 147.000000 56.000000
3.1000 113.8200 67.5800 212.000000 1.000000 147.000000 56.000000
3.1100 114.0600 66.8800 394.000000 0.000000 147.000000 56.000000
3.1200 113.9400 66.6100 509.000000 0.000000 147.000000 56.000000
3.1300 113.8400 66.0900 575.000000 0.000000 145.000000 56.000000
3.1400 113.7900 65.3600 622.000000 0.000000 145.000000 56.000000
3.1500 113.6300 64.4200 652.000000 0.000000 145.000000 56.000000
3.1600 113.3800 63.4600 653.000000 0.000000 144.000000 56.000000
3.1700 113.2900 62.6400 641.000000 0.000000 144.000000 56.000000
3.1800 113.3700 61.9100 617.000000 0.000000 145.000000 55.000000
3.1900 113.5600 61.3600 586.000000 0.000000 145.000000 55.000000
3.2000 113.7700 61.0900 497.000000 0.000000 146.000000 54.000000
3.2100 113.9600 61.0200 363.000000 0.000000 146.000000 54.000000
3.2200 114.0400 61.2300 132.000000 0.000000 146.000000 54.000000
3.2300 114.0400 61.2300 0.000000 1.000000 147.000000 53.000000
3.2400 113.8800 62.3500 0.000000 0.000000 147.000000 53.000000
3.2500 113.5700 63.0500 0.000000 0.000000 147.000000 53.000000
3.2600 113.1800 63.7500 0.000000 0.000000 146.000000 54.000000
3.2700 113.1800 63.7500 134.000000 1.000000 146.000000 54.000000
3.2800 112.4500 64.9000 369.000000 0.000000 146.000000 54.000000
3.2900 112.1900 65.1500 392.000000 0.000000 146.000000 54.000000
3.3000 112.0200 65.2800 422.000000 0.000000 145.000000 55.000000
3.3100 112.0700 65.2800 447.000000 0.000000 145.000000 55.000000
3.3200 112.2500 65.3400 513.000000 0.000000 145.000000 55.000000
3.3300 112.5800 65.3400 545.000000 0.000000 144.000000 56.000000
3.3400 112.9700 65.2300 592.000000 0.000000 144.000000 56.000000
3.3500 113.4700 65.1300 641.000000 0.000000 143.000000 55.000000
3.3600 114.0200 64.9800 669.000000 0.000000 143.000000 55.000000
3.3700 114.5800 64.7400 696.000000 0.000000 143.000000 55.000000
3.3800 115.0600 64.5000 690.000000 0.000000 143.000000 55.000000
3.3900 115.4900 64.2800 693.000000 0.000000 143.000000 55.000000
3.4000 115.8100 64.0800 664.000000 0.000000 143.000000 55.000000
3.4100 115.9400 64.0300 637.000000 0.000000 143.000000 55.000000
3.4200 115.9400 63.9800 641.000000 0.000000 143.000000 55.000000
3.4300 115.7600 63.9100 645.000000 0.000000 143.000000 55.000000
3.4400 115.3000 63.8200 661.000000 0.000000 143.000000 55.000000
3.4500 114.6500 63.5600 663.000000 0.000000 144.000000 54.000000
3.4600 113.9400 63.2600 685.000000 0.000000 145.000000 55.000000
3.4700 113.2300 62.9000 691.000000 0.000000 146.000000 54.000000
3.4800 112.8400 62.5700 688.000000 0.000000 146.000000 54.000000
3.4900 112.6600 62.3300 664.000000 0.000000 147.000000 55.000000
3.5000 112.7100 62.1300 669.000000 0.000000 148.000000 54.000000
3.5100 112.9700 62.0300 669.000000 0.000000 148.000000 54.000000
3.5200 113.3800 62.1300 662.000000 0.000000 148.000000 54.000000
3.5300 114.1500 62.3600 671.000000 0.000000 148.000000 54.000000
3.5400 114.8800 62.6300 675.000000 0.000000 148.000000 54.000000
3.5500 115.5700 62.8800 693.000000 0.000000 148.000000 54.000000
3.5600 116.2500 63.0900 702.000000 0.000000 148.000000 54.000000
3.5700 116.9400 63.2400 707.000000 0.000000 148.000000 54.000000
3.5800 117.6700 63.2400 711.000000 0.000000 148.000000 54.000000
3.5900 118.5700 63.0500 702.000000 0.000000 147.000000 55.000000
3.6000 119.5900 62.7400 682.000000 0.000000 147.000000 55.000000
3.6100 120.7500 62.4000 667.000000 0.000000 149.000000 55.000000
3.6200 121.7400 62.0500 662.000000 0.000000 148.000000 56.000000
3.6300 122.6100 61.7000 637.000000 0.000000 148.000000 56.000000
3.6400 123.0200 61.4500 637.000000 0.000000 149.000000 56.000000
3.6500 122.8400 61.2600 661.000000 0.000000 150.000000 57.000000
3.6600 122.2600 61.1100 681.000000 0.000000 150.000000 57.000000
3.6700 120.9700 60.9500 707.000000 0.000000 151.000000 58.000000
3.6800 119.0800 60.7800 728.000000 0.000000 151.000000 58.000000
3.6900 116.8000 60.6000 762.000000 0.000000 153.000000 58.000000
3.7000 113.8600 60.4200 814.000000 0.000000 153.000000 58.000000
3.7100 110.4900 60.2500 842.000000 0.000000 154.000000 57.000000
3.7200 106.8300 60.0200 861.000000 0.000000 154.000000 57.000000
3.7300 103.0400 59.7800 885.000000 0.000000 156.000000 57.000000
3.7400 99.2600 59.5600 902.000000 0.000000 156.000000 57.000000
3.7500 95.5100 59.2100 908.000000 0.000000 156.000000 57.000000
3.7600 92.3300 59.0900 951.000000 0.000000 157.000000 56.000000
3.7700 89.5400 59.0900 941.000000 0.000000 157.000000 56.000000
3.7800 87.5000 59.2500 951.000000 0.000000 157.000000 56.000000
3.7900 86.2700 59.5700 950.000000 0.000000 158.000000 55.000000
3.8000 85.5700 60.0200 939.000000 0.000000 159.000000 55.000000
3.8100 85.4800 60.4200 900.000000 0.000000 159.000000 55.000000
3.8200 86.0600 60.9200 906.000000 0.000000 159.000000 55.000000
3.8300 87.0900 61.5000 900.000000 0.000000 159.000000 55.000000
3.8400 88.9700 62.1200 911.000000 0.000000 161.000000 55.000000
3.8500 91.3900 62.7200 908.000000 0.000000 161.000000 55.000000
3.8600 94.1600 63.3000 900.000000 0.000000 161.000000 55.000000
3.8700 97.1700 63.8600 858.000000 0.000000 161.000000 55.000000
3.8800 100.2300 64.4200 820.000000 0.000000 160.000000 55.000000
3.8900 103.0400 64.9200 794.000000 0.000000 160.000000 55.000000
3.9000 105.6700 65.4100 767.000000 0.000000 159.000000 55.000000
3.9100 107.5500 65.7200 767.000000 0.000000 158.000000 56.000000
3.9200 108.5200 65.9200 787.000000 0.000000 158.000000 56.000000
3.9300 108.8700 65.9200 802.000000 0.000000 157.000000 57.000000
3.9400 108.5300 65.9700 803.000000 0.000000 157.000000 57.000000
3.9500 107.3200 65.9700 825.000000 0.000000 157.000000 58.000000
3.9600 105.5200 65.8400 861.000000 0.000000 157.000000 58.000000
3.9700 102.8100 65.6600 873.000000 0.000000 157.000000 58.000000
3.9800 99.7500 65.3200 881.000000 0.000000 157.000000 58.000000
3.9900 96.4600 64.8900 881.000000 0.000000 157.000000 58.000000
4.0000 92.9800 64.5200 894.000000 0.000000 157.000000 57.000000
4.0100 90.0900 64.2400 888.000000 0.000000 157.000000 57.000000
4.0200 87.6000 64.0200 882.000000 0.000000 158.000000 56.000000
4.0300 85.9500 63.9400 882.000000 0.000000 159.000000 55.000000
4.0400 85.1200 63.9400 902.000000 0.000000 160.000000 55.000000
4.0500 84.8400 64.1100 872.000000 0.000000 160.000000 55.000000
4.0600 85.1900 64.2800 882.000000 0.000000 161.000000 55.000000
4.0700 86.4700 64.4900 881.000000 0.000000 163.000000 55.000000
4.0800 88.3800 64.7400 900.000000 0.000000 163.000000 55.000000
4.0900 91.2100 65.0100 906.000000 0.000000 164.000000 55.000000
4.1000 94.6300 65.2600 897.000000 0.000000 164.000000 55.000000
4.1100 98.4300 65.5100 905.000000 0.000000 163.000000 56.000000
4.1200 102.5100 65.5100 905.000000 0.000000 163.000000 56.000000
4.1300 106.6400 65.6200 860.000000 0.000000 163.000000 56.000000
4.1400 110.2000 65.7000 851.000000 0.000000 163.000000 57.000000
4.1500 113.3700 65.6300 832.000000 0.000000 162.000000 58.000000
4.1600 115.3200 65.5500 824.000000 0.000000 162.000000 58.000000
4.1700 115.9200 65.4500 832.000000 0.000000 161.000000 59.000000
4.1800 115.6300 65.3900 824.000000 0.000000 161.000000 59.000000
4.1900 113.9400 65.3900 851.000000 0.000000 161.000000 59.000000
4.2000 111.0400 65.3900 858.000000 0.000000 161.000000 59.000000
4.2100 107.3400 65.3300 906.000000 0.000000 161.000000 59.000000
4.2200 102.9700 65.3300 905.000000 0.000000 161.000000 59.000000
4.2300 98.9700 65.1800 879.000000 0.000000 161.000000 59.000000
4.2400 95.2100 64.9800 797.000000 0.000000 161.000000 59.000000
4.2500 91.9400 64.8000 595.000000 0.000000 162.000000 58.000000
4.2600 89.4600 64.6400 42.000000 0.000000 163.000000 57.000000
