0.0000 54.8800 64.8900 103.000000 1.000000 119.000000 53.000000
0.0100 55.4400 65.2400 100.000000 0.000000 119.000000 53.000000
0.0200 55.7200 65.5800 120.000000 0.000000 118.000000 54.000000
0.0300 56.2600 66.2200 151.000000 0.000000 117.000000 54.000000
0.0400 56.9700 67.1000 182.000000 0.000000 117.000000 54.000000
0.0500 57.7400 68.1500 180.000000 0.000000 117.000000 54.000000
0.0600 58.4800 69.3700 215.000000 0.000000 117.000000 55.000000
0.0700 59.0500 70.2900 232.000000 0.000000 117.000000 55.000000
0.0800 59.5300 71.0100 252.000000 0.000000 120.000000 55.000000
0.0900 59.7200 71.1800 299.000000 0.000000 121.000000 55.000000
0.1000 59.7200 71.0800 354.000000 0.000000 123.000000 55.000000
0.1100 59.6300 70.8100 366.000000 0.000000 124.000000 54.000000
0.1200 59.3800 69.8600 402.000000 0.000000 125.000000 54.000000
0.1300 58.9400 68.6100 417.000000 0.000000 124.000000 53.000000
0.1400 58.3700 67.1500 433.000000 0.000000 124.000000 53.000000
0.1500 57.5800 65.5800 440.000000 0.000000 122.000000 53.000000
0.1600 56.7700 64.0100 445.000000 0.000000 119.000000 53.000000
0.1700 55.9400 62.7000 440.000000 0.000000 117.000000 53.000000
0.1800 55.4500 61.5800 441.000000 0.000000 116.000000 53.000000
0.1900 55.0000 60.8000 440.000000 0.000000 116.000000 53.000000
0.2000 54.8200 60.4300 422.000000 0.000000 115.000000 54.000000
0.2100 54.8200 60.3300 392.000000 0.000000 115.000000 54.000000
0.2200 54.9000 60.3300 391.000000 0.000000 115.000000 54.000000
0.2300 55.0400 60.6200 369.000000 0.000000 116.000000 55.000000
0.2400 55.4400 61.0500 344.000000 0.000000 116.000000 55.000000
0.2500 55.9900 61.9200 314.000000 0.000000 116.000000 55.000000
0.2600 56.7600 62.9600 255.000000 0.000000 116.000000 55.000000
0.2700 57.5000 64.1100 233.000000 0.000000 116.000000 55.000000
0.2800 58.2300 65.0500 175.000000 0.000000 116.000000 55.000000
0.2900 58.7400 65.8100 165.000000 0.000000 115.000000 55.000000
0.3000 59.0700 66.4500 163.000000 0.000000 115.000000 55.000000
0.3100 59.2900 66.6600 173.000000 0.000000 115.000000 55.000000
0.3200 59.2900 66.6100 178.000000 0.000000 116.000000 56.000000
0.3300 59.1100 66.4000 215.000000 0.000000 115.000000 58.000000
0.3400 58.8200 65.9100 242.000000 0.000000 115.000000 58.000000
0.3500 58.4600 65.3800 250.000000 0.000000 115.000000 58.000000
0.3600 58.1000 64.7900 262.000000 0.000000 115.000000 58.000000
0.3700 57.7500 64.2300 269.000000 0.000000 115.000000 58.000000
0.3800 57.6500 63.8600 267.000000 0.000000 114.000000 57.000000
0.3900 57.6500 63.6100 264.000000 0.000000 113.000000 56.000000
0.4000 57.7800 63.5600 254.000000 0.000000 114.000000 55.000000
0.4100 57.9400 63.6500 259.000000 0.000000 113.000000 54.000000
0.4200 58.2100 63.8400 257.000000 0.000000 112.000000 53.000000
0.4300 58.5500 64.2400 249.000000 0.000000 112.000000 53.000000
0.4400 58.8500 64.7300 247.000000 0.000000 112.000000 53.000000
0.4500 59.0900 65.2800 245.000000 0.000000 112.000000 53.000000
0.4600 59.2900 65.7400 254.000000 0.000000 111.000000 53.000000
0.4700 59.4000 66.2000 256.000000 0.000000 111.000000 53.000000
0.4800 59.4000 66.4100 245.000000 0.000000 111.000000 53.000000
0.4900 59.4000 66.4100 244.000000 0.000000 112.000000 54.000000
0.5000 59.2400 66.3600 242.000000 0.000000 112.000000 54.000000
0.5100 59.1100 66.2200 241.000000 0.000000 111.000000 55.000000
0.5200 59.0300 66.0000 247.000000 0.000000 111.000000 55.000000
0.5300 58.9800 65.7500 247.000000 0.000000 111.000000 55.000000
0.5400 58.9800 65.6000 254.000000 0.000000 111.000000 55.000000
0.5500 59.1900 65.5000 242.000000 0.000000 111.000000 55.000000
0.5600 59.4500 65.5800 245.000000 0.000000 111.000000 55.000000
0.5700 59.8200 65.7600 249.000000 0.000000 111.000000 55.000000
0.5800 60.1500 66.0100 260.000000 0.000000 110.000000 54.000000
0.5900 60.4600 66.1800 269.000000 0.000000 110.000000 54.000000
0.6000 60.7000 66.3200 287.000000 0.000000 110.000000 54.000000
0.6100 60.8300 66.3700 299.000000 0.000000 110.000000 54.000000
0.6200 60.8900 66.3700 322.000000 0.000000 111.000000 55.000000
0.6300 60.8900 66.3200 345.000000 0.000000 110.000000 55.000000
0.6400 60.7300 66.1900 343.000000 0.000000 110.000000 55.000000
0.6500 60.5400 65.8800 346.000000 0.000000 110.000000 55.000000
0.6600 60.2700 65.4600 359.000000 0.000000 110.000000 55.000000
0.6700 60.0300 65.0800 353.000000 0.000000 111.000000 55.000000
0.6800 59.8500 64.8000 333.000000 0.000000 110.000000 54.000000
0.6900 59.8500 64.5900 301.000000 0.000000 110.000000 54.000000
0.7000 59.9200 64.5900 279.000000 0.000000 110.000000 54.000000
0.7100 60.1000 64.6900 287.000000 0.000000 110.000000 54.000000
0.7200 60.3200 64.8900 280.000000 0.000000 110.000000 54.000000
0.7300 60.6000 65.1100 279.000000 0.000000 110.000000 54.000000
0.7400 60.8600 65.3300 279.000000 0.000000 110.000000 54.000000
0.7500 61.1100 65.5200 277.000000 0.000000 110.000000 54.000000
0.7600 61.3500 65.6600 275.000000 0.000000 110.000000 54.000000
0.7700 61.5000 65.7500 277.000000 0.000000 110.000000 54.000000
0.7800 61.6100 65.8000 285.000000 0.000000 111.000000 55.000000
0.7900 61.7100 65.8000 287.000000 0.000000 111.000000 55.000000
0.8000 61.7900 65.8800 286.000000 0.000000 111.000000 55.000000
0.8100 61.8500 65.9400 294.000000 0.000000 111.000000 55.000000
0.8200 62.0000 66.0100 294.000000 0.000000 111.000000 55.000000
0.8300 62.0900 66.1000 299.000000 0.000000 111.000000 55.000000
0.8400 62.0900 66.1000 302.000000 0.000000 111.000000 55.000000
0.8500 62.0900 66.1000 344.000000 0.000000 111.000000 55.000000
0.8600 62.0900 66.1000 338.000000 0.000000 111.000000 55.000000
0.8700 61.7800 66.0600 369.000000 0.000000 111.000000 55.000000
0.8800 61.4300 65.8000 376.000000 0.000000 111.000000 55.000000
0.8900 61.0600 65.4400 387.000000 0.000000 111.000000 55.000000
0.9000 60.6800 65.0600 392.000000 0.000000 111.000000 55.000000
0.9100 60.4900 64.7800 398.000000 0.000000 111.000000 55.000000
0.9200 60.4900 64.5600 364.000000 0.000000 111.000000 55.000000
0.9300 60.5700 64.3900 341.000000 0.000000 111.000000 55.000000
0.9400 60.7900 64.3900 314.000000 0.000000 111.000000 55.000000
0.9500 61.0300 64.3900 260.000000 0.000000 111.000000 55.000000
0.9600 61.3700 64.6000 158.000000 0.000000 111.000000 55.000000
0.9700 61.7700 64.8600 5.000000 1.000000 111.000000 55.000000
0.9800 61.7700 64.8600 0.000000 0.000000 111.000000 55.000000
0.9900 62.5100 65.5100 0.000000 0.000000 111.000000 55.000000
1.0000 62.8600 65.9300 0.000000 0.000000 111.000000 55.000000
1.0100 63.1600 66.4000 0.000000 0.000000 112.000000 56.000000
1.0200 63.4100 66.9000 0.000000 0.000000 112.000000 56.000000
1.0300 63.6300 67.3800 0.000000 0.000000 112.000000 56.000000
1.0400 63.7500 67.7800 0.000000 0.000000 112.000000 56.000000
1.0500 63.7500 67.7800 54.000000 1.000000 112.000000 56.000000
1.0600 63.5400 67.7500 108.000000 0.000000 112.000000 56.000000
1.0700 63.2300 67.5500 153.000000 0.000000 113.000000 56.000000
1.0800 62.9400 67.3100 180.000000 0.000000 113.000000 56.000000
1.0900 62.6800 66.9900 172.000000 0.000000 113.000000 56.000000
1.1000 62.6000 66.7900 94.000000 0.000000 113.000000 56.000000
1.1100 62.6000 66.7900 0.000000 1.000000 113.000000 56.000000
1.1200 62.8500 66.5000 0.000000 0.000000 113.000000 56.000000
1.1300 63.0200 66.3600 0.000000 0.000000 113.000000 56.000000
1.1400 63.1600 66.2300 0.000000 0.000000 113.000000 56.000000
1.1500 63.5000 66.0400 0.000000 0.000000 113.000000 56.000000
1.1600 63.8200 65.8500 0.000000 0.000000 113.000000 56.000000
1.1700 64.1300 65.6100 0.000000 0.000000 113.000000 56.000000
1.1800 64.3700 65.3300 0.000000 0.000000 113.000000 56.000000
1.1900 64.4300 65.0200 0.000000 0.000000 113.000000 56.000000
1.2000 64.3600 64.7000 0.000000 0.000000 113.000000 56.000000
1.2100 64.2400 64.3700 0.000000 0.000000 113.000000 56.000000
1.2200 64.1200 64.0700 0.000000 0.000000 115.000000 55.000000
1.2300 63.9900 63.8000 0.000000 0.000000 114.000000 55.000000
1.2400 63.9900 63.8000 122.000000 1.000000 114.000000 55.000000
1.2500 63.9900 63.8000 148.000000 0.000000 114.000000 55.000000
1.2600 64.1200 64.1200 214.000000 0.000000 112.000000 55.000000
1.2700 64.4100 64.5800 280.000000 0.000000 112.000000 55.000000
1.2800 64.7500 65.1700 304.000000 0.000000 113.000000 56.000000
1.2900 65.2400 65.8400 319.000000 0.000000 112.000000 56.000000
1.3000 65.8200 66.8100 336.000000 0.000000 112.000000 56.000000
1.3100 66.4100 67.8500 351.000000 0.000000 112.000000 56.000000
1.3200 66.9900 68.9400 364.000000 0.000000 113.000000 56.000000
1.3300 67.3700 69.6000 377.000000 0.000000 113.000000 56.000000
1.3400 67.6100 69.8600 418.000000 0.000000 115.000000 55.000000
1.3500 67.6100 69.8600 445.000000 0.000000 116.000000 55.000000
1.3600 67.6100 69.8600 464.000000 0.000000 116.000000 55.000000
1.3700 67.3100 69.1500 499.000000 0.000000 117.000000 55.000000
1.3800 67.0500 68.3800 518.000000 0.000000 117.000000 55.000000
1.3900 66.7300 67.4600 537.000000 0.000000 117.000000 55.000000
1.4000 66.3700 66.5000 526.000000 0.000000 117.000000 55.000000
1.4100 66.1400 65.7200 486.000000 0.000000 116.000000 55.000000
1.4200 66.0600 65.0800 391.000000 0.000000 115.000000 55.000000
1.4300 66.0600 64.6300 240.000000 0.000000 113.000000 56.000000
1.4400 66.0600 64.6300 0.000000 1.000000 113.000000 56.000000
1.4500 66.1900 64.1600 0.000000 0.000000 112.000000 56.000000
1.4600 66.1900 64.2100 0.000000 0.000000 113.000000 57.000000
1.4700 66.1900 64.3800 0.000000 0.000000 113.000000 57.000000
1.4800 66.1100 64.6200 0.000000 0.000000 113.000000 57.000000
1.4900 66.1100 65.0000 0.000000 0.000000 113.000000 57.000000
1.5000 65.9600 65.4000 0.000000 0.000000 113.000000 57.000000
1.5100 65.7500 65.8200 0.000000 0.000000 113.000000 57.000000
1.5200 65.5600 66.0200 0.000000 0.000000 113.000000 57.000000
1.5300 65.3700 66.0200 0.000000 0.000000 114.000000 57.000000
1.5400 65.1800 65.8600 0.000000 0.000000 114.000000 57.000000
1.5500 65.1800 65.8600 76.000000 1.000000 113.000000 57.000000
1.5600 64.9200 65.3900 141.000000 0.000000 113.000000 57.000000
1.5700 64.8300 65.1400 203.000000 0.000000 113.000000 57.000000
1.5800 64.9300 65.0100 247.000000 0.000000 113.000000 57.000000
1.5900 64.9300 65.0100 267.000000 0.000000 112.000000 56.000000
1.6000 65.4400 65.0000 275.000000 0.000000 110.000000 56.000000
1.6100 65.8800 65.2700 285.000000 0.000000 110.000000 56.000000
1.6200 66.4200 65.6900 287.000000 0.000000 110.000000 56.000000
1.6300 67.0700 66.2500 269.000000 0.000000 110.000000 56.000000
1.6400 67.7500 67.0100 257.000000 0.000000 110.000000 56.000000
1.6500 68.4200 67.9000 257.000000 0.000000 110.000000 56.000000
1.6600 69.0600 68.8400 257.000000 0.000000 110.000000 56.000000
1.6700 69.5500 69.7300 259.000000 0.000000 112.000000 56.000000
1.6800 69.8500 70.2300 260.000000 0.000000 113.000000 56.000000
1.6900 70.0200 70.4800 286.000000 0.000000 115.000000 55.000000
1.7000 70.0200 70.4800 317.000000 0.000000 116.000000 55.000000
1.7100 69.7600 70.1000 319.000000 0.000000 117.000000 54.000000
1.7200 69.3900 69.5200 329.000000 0.000000 118.000000 54.000000
1.7300 68.7900 68.4700 351.000000 0.000000 118.000000 54.000000
1.7400 68.1500 67.4400 374.000000 0.000000 118.000000 54.000000
1.7500 67.4800 66.4300 391.000000 0.000000 117.000000 54.000000
1.7600 67.1100 65.6600 389.000000 0.000000 115.000000 54.000000
1.7700 67.0600 65.2500 362.000000 0.000000 114.000000 55.000000
1.7800 67.2100 65.0800 343.000000 0.000000 112.000000 55.000000
1.7900 67.4400 65.0800 339.000000 0.000000 111.000000 55.000000
1.8000 67.7200 65.4000 342.000000 0.000000 110.000000 55.000000
1.8100 68.2400 65.9000 324.000000 0.000000 108.000000 56.000000
1.8200 68.8900 66.6100 309.000000 0.000000 108.000000 56.000000
1.8300 69.3900 67.4100 306.000000 0.000000 109.000000 57.000000
1.8400 69.9100 68.2700 297.000000 0.000000 109.000000 57.000000
1.8500 70.1900 68.7800 299.000000 0.000000 111.000000 57.000000
1.8600 70.2900 68.9400 314.000000 0.000000 113.000000 57.000000
1.8700 70.3400 68.8800 317.000000 0.000000 113.000000 57.000000
1.8800 70.1500 68.6100 320.000000 0.000000 114.000000 57.000000
1.8900 69.7900 68.0400 344.000000 0.000000 114.000000 57.000000
1.9000 69.4200 67.2800 366.000000 0.000000 115.000000 58.000000
1.9100 69.0800 66.5400 377.000000 0.000000 114.000000 57.000000
1.9200 68.8200 65.9300 377.000000 0.000000 114.000000 57.000000
1.9300 68.7200 65.4200 369.000000 0.000000 112.000000 56.000000
1.9400 68.7200 65.1200 356.000000 0.000000 111.000000 55.000000
1.9500 68.8500 65.0000 343.000000 0.000000 110.000000 55.000000
1.9600 69.0200 65.0000 340.000000 0.000000 107.000000 55.000000
1.9700 69.2700 65.1100 320.000000 0.000000 107.000000 55.000000
1.9800 69.5800 65.4200 299.000000 0.000000 107.000000 54.000000
1.9900 69.9300 65.8600 259.000000 0.000000 107.000000 55.000000
2.0000 70.2000 66.2600 240.000000 0.000000 107.000000 55.000000
2.0100 70.4200 66.5200 223.000000 0.000000 107.000000 55.000000
2.0200 70.6200 66.7000 219.000000 0.000000 108.000000 56.000000
2.0300 70.6200 66.7600 226.000000 0.000000 108.000000 56.000000
2.0400 70.6200 66.7600 237.000000 0.000000 109.000000 57.000000
2.0500 70.5400 66.7600 254.000000 0.000000 109.000000 57.000000
2.0600 70.5400 66.6400 252.000000 0.000000 109.000000 57.000000
2.0700 70.4700 66.5300 259.000000 0.000000 109.000000 57.000000
2.0800 70.4700 66.4000 265.000000 0.000000 109.000000 57.000000
2.0900 70.4700 66.2800 279.000000 0.000000 109.000000 57.000000
2.1000 70.5300 66.1900 281.000000 0.000000 107.000000 56.000000
2.1100 70.6300 66.1100 299.000000 0.000000 107.000000 56.000000
2.1200 70.7500 66.1100 302.000000 0.000000 107.000000 56.000000
2.1300 70.8900 66.1100 302.000000 0.000000 107.000000 56.000000
2.1400 71.0300 66.1800 297.000000 0.000000 107.000000 56.000000
2.1500 71.1600 66.2900 301.000000 0.000000 107.000000 56.000000
2.1600 71.2200 66.4400 299.000000 0.000000 107.000000 56.000000
2.1700 71.2200 66.6200 301.000000 0.000000 107.000000 56.000000
2.1800 71.2200 66.7400 315.000000 0.000000 107.000000 56.000000
2.1900 71.2200 66.7400 330.000000 0.000000 107.000000 56.000000
2.2000 70.9100 66.7600 335.000000 0.000000 107.000000 56.000000
2.2100 70.5800 66.5800 345.000000 0.000000 107.000000 56.000000
2.2200 70.2900 66.2500 346.000000 0.000000 107.000000 56.000000
2.2300 70.0700 65.9700 344.000000 0.000000 107.000000 56.000000
2.2400 69.9800 65.7200 334.000000 0.000000 107.000000 56.000000
2.2500 69.9800 65.5300 345.000000 0.000000 107.000000 56.000000
2.2600 70.1000 65.3900 337.000000 0.000000 107.000000 56.000000
2.2700 70.2600 65.2800 327.000000 0.000000 107.000000 56.000000
2.2800 70.4800 65.2800 319.000000 0.000000 107.000000 56.000000
2.2900 70.7400 65.3500 315.000000 0.000000 107.000000 56.000000
2.3000 71.0700 65.4900 304.000000 0.000000 107.000000 56.000000
2.3100 71.4300 65.7600 299.000000 0.000000 107.000000 56.000000
2.3200 71.7900 66.0100 289.000000 0.000000 107.000000 56.000000
2.3300 72.0100 66.2600 291.000000 0.000000 107.000000 56.000000
2.3400 72.1300 66.3200 314.000000 0.000000 107.000000 56.000000
2.3500 72.1300 66.3200 345.000000 0.000000 107.000000 56.000000
2.3600 72.0200 66.2600 341.000000 0.000000 105.000000 56.000000
2.3700 71.8800 66.0200 366.000000 0.000000 105.000000 56.000000
2.3800 71.6300 65.6700 389.000000 0.000000 105.000000 56.000000
2.3900 71.4100 65.2900 392.000000 0.000000 105.000000 56.000000
2.4000 71.3400 65.0200 399.000000 0.000000 105.000000 56.000000
2.4100 71.3400 64.8300 376.000000 0.000000 105.000000 56.000000
2.4200 71.3900 64.6900 337.000000 0.000000 107.000000 56.000000
2.4300 71.4400 64.6200 296.000000 0.000000 107.000000 56.000000
2.4400 71.5600 64.6200 216.000000 0.000000 107.000000 56.000000
2.4500 71.7300 64.7000 105.000000 0.000000 107.000000 56.000000
2.4600 71.7300 64.7000 0.000000 1.000000 107.000000 57.000000
2.4700 72.2700 65.2400 0.000000 0.000000 107.000000 57.000000
2.4800 72.6200 65.6000 0.000000 0.000000 107.000000 57.000000
2.4900 72.7700 65.9000 0.000000 0.000000 108.000000 58.000000
2.5000 72.7700 66.0800 0.000000 0.000000 108.000000 58.000000
2.5100 72.7700 66.0800 70.000000 1.000000 109.000000 59.000000
2.5200 72.4300 66.0300 91.000000 0.000000 109.000000 59.000000
2.5300 72.0600 65.8200 163.000000 0.000000 109.000000 59.000000
2.5400 71.7800 65.5600 218.000000 0.000000 109.000000 59.000000
2.5500 71.5600 65.3100 242.000000 0.000000 109.000000 59.000000
2.5600 71.4500 65.1000 226.000000 0.000000 109.000000 59.000000
2.5700 71.4500 64.9700 222.000000 0.000000 108.000000 58.000000
2.5800 71.6200 64.9700 206.000000 0.000000 107.000000 57.000000
2.5900 71.8900 65.0500 222.000000 0.000000 107.000000 57.000000
2.6000 72.2000 65.2800 206.000000 0.000000 107.000000 57.000000
2.6100 72.5800 65.6200 207.000000 0.000000 107.000000 56.000000
2.6200 72.9900 66.0400 207.000000 0.000000 107.000000 56.000000
2.6300 73.4000 66.5500 212.000000 0.000000 107.000000 56.000000
2.6400 73.8100 67.2200 213.000000 0.000000 107.000000 57.000000
2.6500 74.2900 68.0000 213.000000 0.000000 107.000000 57.000000
2.6600 74.7800 68.9200 215.000000 0.000000 107.000000 57.000000
2.6700 75.0300 69.4100 244.000000 0.000000 109.000000 57.000000
2.6800 75.1100 69.6100 282.000000 0.000000 111.000000 57.000000
2.6900 74.9900 69.5000 324.000000 0.000000 113.000000 57.000000
2.7000 74.7000 69.1200 338.000000 0.000000 114.000000 57.000000
2.7100 74.2900 68.5700 396.000000 0.000000 114.000000 57.000000
2.7200 73.8100 67.8000 415.000000 0.000000 116.000000 56.000000
2.7300 73.3300 66.9500 473.000000 0.000000 114.000000 57.000000
2.7400 72.8400 66.0600 470.000000 0.000000 114.000000 57.000000
2.7500 72.6600 65.5100 458.000000 0.000000 113.000000 57.000000
2.7600 72.6600 65.1600 415.000000 0.000000 111.000000 57.000000
2.7700 72.7300 64.9500 359.000000 0.000000 109.000000 57.000000
2.7800 72.8200 64.8900 304.000000 0.000000 107.000000 57.000000
2.7900 72.9400 64.9800 254.000000 0.000000 107.000000 57.000000
2.8000 73.1200 65.1800 144.000000 0.000000 107.000000 57.000000
2.8100 73.1200 65.1800 0.000000 1.000000 107.000000 57.000000
2.8200 73.5400 66.0400 0.000000 0.000000 107.000000 57.000000
2.8300 73.6700 66.5800 0.000000 0.000000 108.000000 58.000000
2.8400 73.7500 67.1500 0.000000 0.000000 108.000000 58.000000
2.8500 73.6600 67.7200 0.000000 0.000000 108.000000 58.000000
2.8600 73.5700 67.9800 0.000000 0.000000 109.000000 59.000000
2.8700 73.5700 67.9800 25.000000 1.000000 110.000000 58.000000
2.8800 73.0700 67.7800 76.000000 0.000000 111.000000 59.000000
2.8900 72.8300 67.4600 88.000000 0.000000 111.000000 59.000000
2.9000 72.6100 67.1300 95.000000 0.000000 113.000000 59.000000
2.9100 72.6100 66.8200 110.000000 0.000000 113.000000 59.000000
2.9200 72.8500 66.5500 107.000000 0.000000 111.000000 59.000000
2.9300 73.2100 66.3600 101.000000 0.000000 111.000000 59.000000
2.9400 73.5800 66.2200 103.000000 0.000000 110.000000 58.000000
2.9500 73.9700 66.0900 89.000000 0.000000 109.000000 59.000000
2.9600 74.2800 66.0200 29.000000 0.000000 108.000000 58.000000
2.9700 74.2800 66.0200 0.000000 1.000000 108.000000 58.000000
2.9800 74.7000 65.9200 0.000000 0.000000 106.000000 58.000000
2.9900 74.7000 65.9200 0.000000 0.000000 106.000000 58.000000
3.0000 74.7000 65.9200 0.000000 0.000000 106.000000 58.000000
3.0100 74.5800 66.0100 0.000000 0.000000 106.000000 58.000000
3.0200 74.4000 66.1500 0.000000 0.000000 107.000000 59.000000
3.0300 74.1400 66.2700 0.000000 0.000000 107.000000 59.000000
3.0400 74.1400 66.2700 3.000000 0.000000 109.000000 59.000000
3.0500 73.4600 66.3800 104.000000 1.000000 109.000000 59.000000
3.0600 73.0600 66.2600 139.000000 0.000000 109.000000 59.000000
3.0700 72.8200 66.0200 185.000000 0.000000 109.000000 59.000000
3.0800 72.8200 65.8000 195.000000 0.000000 109.000000 59.000000
3.0900 72.8800 65.5800 198.000000 0.000000 109.000000 59.000000
3.1000 73.1800 65.3700 183.000000 0.000000 109.000000 59.000000
3.1100 73.5200 65.2800 173.000000 0.000000 108.000000 58.000000
3.1200 73.9400 65.2800 144.000000 0.000000 108.000000 58.000000
3.1300 74.3200 65.2800 70.000000 0.000000 108.000000 58.000000
3.1400 74.3200 65.2800 0.000000 1.000000 107.000000 57.000000
3.1500 74.8900 65.5800 0.000000 0.000000 108.000000 58.000000
3.1600 75.0400 65.6800 0.000000 0.000000 108.000000 58.000000
3.1700 75.1400 65.7700 0.000000 0.000000 108.000000 58.000000
3.1800 75.1900 65.9100 0.000000 0.000000 109.000000 59.000000
3.1900 75.2500 66.0800 0.000000 0.000000 109.000000 59.000000
3.2000 75.3100 66.2600 0.000000 0.000000 109.000000 59.000000
3.2100 75.3600 66.4200 0.000000 0.000000 109.000000 60.000000
3.2200 75.4400 66.5200 0.000000 0.000000 109.000000 60.000000
3.2300 75.5000 66.5200 0.000000 0.000000 109.000000 60.000000
3.2400 75.5600 66.5200 0.000000 0.000000 110.000000 60.000000
3.2500 75.6500 66.5200 0.000000 0.000000 110.000000 60.000000
3.2600 75.6500 66.5200 5.000000 0.000000 110.000000 60.000000
3.2700 75.9600 66.4700 53.000000 1.000000 110.000000 60.000000
3.2800 76.1300 66.5500 101.000000 0.000000 109.000000 60.000000
3.2900 76.2800 66.6900 168.000000 0.000000 109.000000 60.000000
3.3000 76.2800 66.8100 274.000000 0.000000 109.000000 60.000000
3.3100 76.1900 66.9100 341.000000 0.000000 109.000000 59.000000
3.3200 75.8700 67.0000 417.000000 0.000000 109.000000 59.000000
3.3300 75.1200 67.0700 486.000000 0.000000 109.000000 59.000000
3.3400 74.0900 67.1200 544.000000 0.000000 109.000000 57.000000
3.3500 72.5200 67.2000 532.000000 0.000000 109.000000 57.000000
3.3600 70.6100 67.3400 526.000000 0.000000 109.000000 57.000000
3.3700 68.4700 67.5300 536.000000 0.000000 111.000000 57.000000
3.3800 65.8300 67.5900 537.000000 0.000000 111.000000 57.000000
3.3900 63.2200 67.4200 512.000000 0.000000 113.000000 57.000000
3.4000 60.6400 67.1000 517.000000 0.000000 112.000000 56.000000
3.4100 58.0700 66.5800 524.000000 0.000000 112.000000 56.000000
3.4200 55.8400 66.0500 541.000000 0.000000 113.000000 56.000000
3.4300 54.4400 65.5200 543.000000 0.000000 112.000000 55.000000
3.4400 53.6000 65.1300 537.000000 0.000000 113.000000 56.000000
3.4500 53.4500 64.8100 546.000000 0.000000 115.000000 55.000000
3.4600 54.0300 64.5200 544.000000 0.000000 115.000000 55.000000
3.4700 55.1000 64.2000 541.000000 0.000000 115.000000 55.000000
3.4800 57.1300 64.1000 540.000000 0.000000 116.000000 56.000000
3.4900 59.7200 64.1500 533.000000 0.000000 117.000000 56.000000
3.5000 62.6700 64.2900 516.000000 0.000000 117.000000 56.000000
3.5100 65.4300 64.4400 501.000000 0.000000 117.000000 56.000000
3.5200 67.7700 64.5800 480.000000 0.000000 117.000000 56.000000
3.5300 69.8300 64.8000 455.000000 0.000000 116.000000 57.000000
3.5400 71.1000 65.0600 444.000000 0.000000 116.000000 57.000000
3.5500 71.8000 65.3300 446.000000 0.000000 116.000000 57.000000
3.5600 72.1300 65.6000 450.000000 0.000000 115.000000 58.000000
3.5700 71.8900 65.9100 473.000000 0.000000 115.000000 58.000000
3.5800 71.1200 66.2500 468.000000 0.000000 113.000000 58.000000
3.5900 69.9900 66.5700 447.000000 0.000000 113.000000 58.000000
3.6000 68.1400 66.8500 445.000000 0.000000 113.000000 58.000000
3.6100 65.8400 67.0600 445.000000 0.000000 113.000000 58.000000
3.6200 63.2400 67.1900 413.000000 0.000000 113.000000 58.000000
3.6300 60.4800 67.1200 409.000000 0.000000 113.000000 58.000000
3.6400 57.9900 66.9300 425.000000 0.000000 115.000000 58.000000
3.6500 55.6700 66.5400 436.000000 0.000000 115.000000 58.000000
3.6600 53.9400 66.2800 456.000000 0.000000 115.000000 58.000000
3.6700 52.9500 66.1100 491.000000 0.000000 116.000000 57.000000
3.6800 52.4500 66.0500 477.000000 0.000000 116.000000 57.000000
3.6900 52.5600 66.0000 485.000000 0.000000 116.000000 57.000000
3.7000 53.3700 66.0000 494.000000 0.000000 118.000000 57.000000
3.7100 54.6500 65.8600 504.000000 0.000000 118.000000 57.000000
3.7200 57.0900 66.0200 509.000000 0.000000 118.000000 57.000000
3.7300 60.1200 66.3500 510.000000 0.000000 118.000000 57.000000
3.7400 63.5400 66.4800 514.000000 0.000000 119.000000 58.000000
3.7500 66.9400 66.6500 510.000000 0.000000 117.000000 58.000000
3.7600 69.8800 66.8600 505.000000 0.000000 117.000000 58.000000
3.7700 72.5100 66.8600 494.000000 0.000000 118.000000 59.000000
3.7800 74.6400 66.7900 504.000000 0.000000 117.000000 59.000000
3.7900 76.1600 66.6600 501.000000 0.000000 118.000000 60.000000
3.8000 77.2800 66.5000 499.000000 0.000000 118.000000 60.000000
3.8100 78.0400 66.3500 497.000000 0.000000 118.000000 60.000000
3.8200 78.4800 66.2700 489.000000 0.000000 119.000000 61.000000
3.8300 78.7000 66.2700 490.000000 0.000000 119.000000 61.000000
3.8400 78.7000 66.2700 485.000000 0.000000 117.000000 61.000000
3.8500 78.6200 66.2700 418.000000 0.000000 117.000000 61.000000
3.8600 78.3900 66.2700 334.000000 0.000000 117.000000 61.000000
3.8700 78.0900 66.2700 53.000000 0.000000 117.000000 61.000000
