0.0000 53.1000 44.8900 613.000000 1.000000 97.000000 67.000000
0.0100 53.1000 44.8900 693.000000 0.000000 95.000000 67.000000
0.0200 53.1000 44.8900 770.000000 0.000000 92.000000 67.000000
0.0300 53.1000 44.8900 819.000000 0.000000 92.000000 67.000000
0.0400 53.2400 45.1500 882.000000 0.000000 90.000000 68.000000
0.0500 53.6700 45.9800 905.000000 0.000000 90.000000 68.000000
0.0600 54.1600 47.1100 912.000000 0.000000 90.000000 68.000000
0.0700 54.5600 48.7300 912.000000 0.000000 90.000000 68.000000
0.0800 54.8800 50.3800 932.000000 0.000000 92.000000 68.000000
0.0900 55.2300 52.0500 930.000000 0.000000 95.000000 69.000000
0.1000 55.2800 52.9700 938.000000 0.000000 100.000000 69.000000
0.1100 55.1200 53.5100 959.000000 0.000000 103.000000 69.000000
0.1200 54.9100 53.7900 990.000000 0.000000 105.000000 68.000000
0.1300 54.7600 53.7300 1014.000000 0.000000 108.000000 68.000000
0.1400 54.7000 53.3400 1023.000000 0.000000 111.000000 69.000000
0.1500 54.7000 52.7400 1023.000000 0.000000 114.000000 68.000000
0.1600 54.7000 51.1300 1023.000000 0.000000 114.000000 68.000000
0.1700 54.7500 49.3100 1023.000000 0.000000 114.000000 68.000000
0.1800 55.1400 47.3600 1023.000000 0.000000 114.000000 68.000000
0.1900 55.5400 45.5900 1023.000000 0.000000 111.000000 69.000000
0.2000 55.9700 44.2000 1023.000000 0.000000 109.000000 69.000000
0.2100 56.3700 43.0600 1023.000000 0.000000 104.000000 69.000000
0.2200 56.5600 42.1200 1023.000000 0.000000 101.000000 71.000000
0.2300 56.5600 41.4400 1023.000000 0.000000 99.000000 71.000000
0.2400 56.4200 40.9400 1023.000000 0.000000 96.000000 71.000000
0.2500 56.0500 40.7000 1023.000000 0.000000 93.000000 71.000000
0.2600 55.5400 40.5700 1023.000000 0.000000 93.000000 71.000000
0.2700 54.8100 40.5200 1023.000000 0.000000 93.000000 71.000000
0.2800 53.9800 40.5200 1023.000000 0.000000 93.000000 71.000000
0.2900 53.0800 40.5200 1023.000000 0.000000 93.000000 71.000000
0.3000 52.5400 40.4700 1023.000000 0.000000 93.000000 71.000000
0.3100 52.3400 40.4000 1023.000000 0.000000 93.000000 71.000000
0.3200 52.3400 40.4000 1023.000000 0.000000 93.000000 71.000000
0.3300 52.5700 40.5200 1023.000000 0.000000 93.000000 70.000000
0.3400 53.1600 40.8400 1023.000000 0.000000 93.000000 70.000000
0.3500 54.0000 41.4100 1023.000000 0.000000 93.000000 70.000000
0.3600 54.8900 42.1500 1023.000000 0.000000 93.000000 70.000000
0.3700 55.7000 42.7300 1023.000000 0.000000 93.000000 70.000000
0.3800 56.2800 43.2600 1023.000000 0.000000 93.000000 70.000000
0.3900 56.7200 43.6800 1023.000000 0.000000 93.000000 71.000000
0.4000 56.8400 43.8600 1023.000000 0.000000 93.000000 71.000000
0.4100 56.8400 43.8600 1023.000000 0.000000 93.000000 71.000000
0.4200 56.7800 43.8600 1023.000000 0.000000 93.000000 72.000000
0.4300 56.7200 43.9100 1023.000000 0.000000 93.000000 72.000000
0.4400 56.6700 43.9100 1023.000000 0.000000 93.000000 72.000000
0.4500 56.6700 43.9100 1023.000000 0.000000 93.000000 72.000000
0.4600 56.6700 43.9100 1023.000000 0.000000 93.000000 72.000000
0.4700 56.6700 43.9100 1023.000000 0.000000 93.000000 72.000000
0.4800 56.7400 43.9100 1023.000000 0.000000 93.000000 72.000000
0.4900 56.7400 43.9100 1023.000000 0.000000 93.000000 72.000000
0.5000 56.7400 43.9100 1023.000000 0.000000 93.000000 72.000000
0.5100 56.7400 43.9100 1023.000000 0.000000 93.000000 72.000000
0.5200 56.7400 43.8600 1023.000000 0.000000 93.000000 72.000000
0.5300 56.7400 43.8600 1023.000000 0.000000 93.000000 72.000000
0.5400 56.7400 43.8600 1023.000000 0.000000 93.000000 72.000000
0.5500 56.7400 43.8600 1023.000000 0.000000 93.000000 72.000000
0.5600 56.7400 43.8600 1023.000000 0.000000 93.000000 72.000000
0.5700 56.7400 43.8600 1023.000000 0.000000 93.000000 72.000000
0.5800 56.7400 43.8600 1023.000000 0.000000 93.000000 72.000000
0.5900 56.7400 43.8600 1023.000000 0.000000 93.000000 72.000000
0.6000 56.7400 43.8600 1023.000000 0.000000 93.000000 72.000000
0.6100 56.7400 43.8600 1023.000000 0.000000 93.000000 72.000000
0.6200 56.7400 43.8600 1023.000000 0.000000 93.000000 72.000000
0.6300 56.7400 43.8600 1023.000000 0.000000 93.000000 72.000000
0.6400 56.7400 43.8600 1023.000000 0.000000 93.000000 72.000000
0.6500 56.7400 43.8600 1023.000000 0.000000 93.000000 72.000000
0.6600 56.7400 43.8600 1023.000000 0.000000 93.000000 72.000000
0.6700 56.7400 43.8600 1023.000000 0.000000 93.000000 72.000000
0.6800 56.7900 43.8600 1023.000000 0.000000 93.000000 72.000000
0.6900 56.7900 43.8600 1023.000000 0.000000 93.000000 72.000000
0.7000 56.8900 43.9400 1023.000000 0.000000 93.000000 72.000000
0.7100 56.9800 44.0200 1023.000000 0.000000 93.000000 72.000000
0.7200 57.1700 44.2000 1023.000000 0.000000 93.000000 72.000000
0.7300 57.3400 44.3500 1023.000000 0.000000 93.000000 72.000000
0.7400 57.5100 44.7300 1023.000000 0.000000 93.000000 72.000000
0.7500 57.7100 45.2700 1023.000000 0.000000 93.000000 72.000000
0.7600 57.9400 45.9700 1023.000000 0.000000 93.000000 72.000000
0.7700 58.0100 46.6800 1023.000000 0.000000 93.000000 72.000000
0.7800 58.0100 47.4100 1023.000000 0.000000 93.000000 72.000000
0.7900 57.8300 47.7300 1023.000000 0.000000 93.000000 71.000000
0.8000 57.5600 47.9500 1023.000000 0.000000 96.000000 71.000000
0.8100 57.2100 48.1000 1023.000000 0.000000 96.000000 71.000000
0.8200 56.8500 47.9800 1023.000000 0.000000 99.000000 71.000000
0.8300 56.4900 47.5900 1023.000000 0.000000 99.000000 71.000000
0.8400 56.2400 47.0200 1023.000000 0.000000 99.000000 71.000000
0.8500 56.0600 46.3700 1023.000000 0.000000 102.000000 72.000000
0.8600 56.0600 45.7700 1023.000000 0.000000 99.000000 72.000000
0.8700 56.2700 45.2900 1023.000000 0.000000 99.000000 72.000000
0.8800 56.5300 44.8700 1023.000000 0.000000 99.000000 72.000000
0.8900 56.9000 44.5400 1023.000000 0.000000 96.000000 72.000000
0.9000 57.2600 44.4400 1023.000000 0.000000 96.000000 72.000000
0.9100 57.6200 44.4900 1018.000000 0.000000 93.000000 72.000000
0.9200 57.9400 44.7300 1014.000000 0.000000 93.000000 72.000000
0.9300 58.2600 45.1000 1012.000000 0.000000 93.000000 72.000000
0.9400 58.4700 45.5600 1015.000000 0.000000 93.000000 72.000000
0.9500 58.6000 45.9600 1014.000000 0.000000 93.000000 71.000000
0.9600 58.6000 46.3600 1017.000000 0.000000 93.000000 71.000000
0.9700 58.6000 46.5800 1023.000000 0.000000 93.000000 71.000000
0.9800 58.5100 46.7000 1023.000000 0.000000 93.000000 71.000000
0.9900 58.5100 46.7800 1018.000000 0.000000 93.000000 70.000000
1.0000 58.5100 46.8700 1020.000000 0.000000 95.000000 70.000000
1.0100 58.5100 47.0200 1023.000000 0.000000 95.000000 70.000000
1.0200 58.6100 47.2100 1023.000000 0.000000 95.000000 69.000000
1.0300 58.6100 47.2100 1023.000000 0.000000 95.000000 69.000000
1.0400 58.6100 47.2100 1023.000000 0.000000 95.000000 69.000000
1.0500 58.6100 47.2100 1023.000000 0.000000 98.000000 69.000000
1.0600 58.6100 47.2100 1023.000000 0.000000 98.000000 69.000000
1.0700 58.6100 47.2100 1023.000000 0.000000 98.000000 70.000000
1.0800 58.6100 47.2100 1023.000000 0.000000 101.000000 70.000000
1.0900 58.6100 47.2100 1023.000000 0.000000 101.000000 70.000000
1.1000 58.6100 47.2100 1023.000000 0.000000 101.000000 70.000000
1.1100 58.6100 47.2100 1023.000000 0.000000 101.000000 70.000000
1.1200 58.6100 47.2100 1023.000000 0.000000 101.000000 70.000000
1.1300 58.6100 47.2100 1023.000000 0.000000 101.000000 70.000000
1.1400 58.6100 47.2100 1023.000000 0.000000 101.000000 70.000000
1.1500 58.6100 47.2100 1023.000000 0.000000 101.000000 70.000000
1.1600 58.6100 47.2100 1023.000000 0.000000 101.000000 70.000000
1.1700 58.6100 47.2100 1023.000000 0.000000 101.000000 70.000000
1.1800 58.6100 47.2100 1023.000000 0.000000 101.000000 70.000000
1.1900 58.6100 47.2100 1023.000000 0.000000 101.000000 70.000000
1.2000 58.6100 47.2100 1023.000000 0.000000 101.000000 70.000000
1.2100 58.8600 47.2400 1023.000000 0.000000 101.000000 70.000000
1.2200 58.9200 47.2400 1023.000000 0.000000 101.000000 70.000000
1.2300 59.0700 47.2400 1023.000000 0.000000 101.000000 70.000000
1.2400 59.2800 47.3400 1023.000000 0.000000 101.000000 70.000000
1.2500 59.3800 47.4300 1023.000000 0.000000 101.000000 70.000000
1.2600 59.4400 47.6100 1023.000000 0.000000 101.000000 70.000000
1.2700 59.4400 47.8400 1023.000000 0.000000 101.000000 71.000000
1.2800 59.4400 47.9800 1023.000000 0.000000 101.000000 71.000000
1.2900 59.2500 48.0800 1023.000000 0.000000 101.000000 71.000000
1.3000 59.0400 48.0800 1023.000000 0.000000 104.000000 70.000000
1.3100 59.0400 48.0800 1023.000000 0.000000 104.000000 70.000000
1.3200 58.6200 47.9100 1023.000000 0.000000 104.000000 70.000000
1.3300 58.5100 47.6700 1023.000000 0.000000 104.000000 70.000000
1.3400 58.5100 47.1700 1023.000000 0.000000 104.000000 70.000000
1.3500 58.6300 46.7300 1023.000000 0.000000 101.000000 71.000000
1.3600 58.9100 46.3400 1023.000000 0.000000 101.000000 71.000000
1.3700 59.2900 45.9500 1023.000000 0.000000 101.000000 70.000000
1.3800 59.7000 45.5200 1023.000000 0.000000 98.000000 70.000000
1.3900 59.9800 45.0600 1023.000000 0.000000 98.000000 70.000000
1.4000 60.1700 44.6400 1023.000000 0.000000 99.000000 71.000000
1.4100 60.1700 44.3400 1023.000000 0.000000 96.000000 71.000000
1.4200 60.0200 44.1100 1023.000000 0.000000 96.000000 71.000000
1.4300 59.7700 43.9100 1023.000000 0.000000 96.000000 71.000000
1.4400 59.4000 43.7100 1023.000000 0.000000 96.000000 71.000000
1.4500 59.0300 43.6400 1023.000000 0.000000 96.000000 71.000000
1.4600 58.8800 43.6400 1023.000000 0.000000 96.000000 71.000000
1.4700 58.8800 43.7000 1023.000000 0.000000 96.000000 71.000000
1.4800 58.8800 43.7500 1023.000000 0.000000 96.000000 71.000000
1.4900 58.8800 43.8100 1023.000000 0.000000 96.000000 71.000000
1.5000 58.9600 43.8100 1023.000000 0.000000 96.000000 71.000000
1.5100 59.0500 43.8100 1014.000000 0.000000 95.000000 70.000000
1.5200 59.1700 43.8700 997.000000 0.000000 95.000000 70.000000
1.5300 59.2900 43.9200 981.000000 0.000000 95.000000 70.000000
1.5400 59.4100 43.9900 985.000000 0.000000 95.000000 70.000000
1.5500 59.4900 44.1200 973.000000 0.000000 95.000000 70.000000
1.5600 59.5500 44.2300 950.000000 0.000000 95.000000 70.000000
1.5700 59.5500 44.3000 935.000000 0.000000 95.000000 70.000000
1.5800 59.5500 44.3500 944.000000 0.000000 95.000000 70.000000
1.5900 59.6000 44.3500 926.000000 0.000000 96.000000 71.000000
1.6000 59.6800 44.4700 915.000000 0.000000 96.000000 71.000000
1.6100 59.7500 44.5700 903.000000 0.000000 96.000000 71.000000
1.6200 59.8200 44.6600 906.000000 0.000000 96.000000 72.000000
1.6300 59.9300 44.7400 917.000000 0.000000 96.000000 72.000000
1.6400 60.0400 44.8300 932.000000 0.000000 96.000000 72.000000
1.6500 60.1500 44.9200 948.000000 0.000000 96.000000 72.000000
1.6600 60.1500 44.9200 941.000000 0.000000 97.000000 73.000000
1.6700 60.4400 45.2500 947.000000 0.000000 97.000000 73.000000
1.6800 60.5400 45.4900 952.000000 0.000000 97.000000 73.000000
1.6900 60.6900 45.8000 965.000000 0.000000 97.000000 73.000000
1.7000 60.8000 46.0400 980.000000 0.000000 97.000000 73.000000
1.7100 60.8700 46.4200 977.000000 0.000000 97.000000 73.000000
1.7200 60.9200 46.8900 981.000000 0.000000 97.000000 73.000000
1.7300 60.9200 47.3600 1002.000000 0.000000 97.000000 73.000000
1.7400 60.8300 47.7600 1023.000000 0.000000 97.000000 73.000000
1.7500 60.7000 47.9300 1023.000000 0.000000 100.000000 74.000000
1.7600 60.7000 47.9300 1023.000000 0.000000 100.000000 74.000000
1.7700 60.6500 47.9300 1023.000000 0.000000 104.000000 74.000000
1.7800 60.5600 47.7700 1023.000000 0.000000 104.000000 74.000000
1.7900 60.5600 47.2200 1023.000000 0.000000 104.000000 74.000000
1.8000 60.4800 46.4100 1023.000000 0.000000 103.000000 73.000000
1.8100 60.6100 45.7000 1023.000000 0.000000 103.000000 73.000000
1.8200 60.8400 45.2300 1023.000000 0.000000 103.000000 73.000000
1.8300 61.0900 44.9200 1023.000000 0.000000 100.000000 73.000000
1.8400 61.2600 44.8200 1023.000000 0.000000 99.000000 72.000000
1.8500 61.3700 44.8200 1023.000000 0.000000 96.000000 72.000000
1.8600 61.4500 44.8700 1023.000000 0.000000 96.000000 72.000000
1.8700 61.5600 44.9500 1023.000000 0.000000 96.000000 72.000000
1.8800 61.5600 45.0600 985.000000 0.000000 96.000000 72.000000
1.8900 61.5600 45.2000 785.000000 0.000000 96.000000 72.000000
1.9000 61.5600 45.4200 185.000000 0.000000 97.000000 73.000000
1.9100 61.5600 45.4200 0.000000 1.000000 97.000000 73.000000
1.9200 61.3700 45.5000 0.000000 0.000000 97.000000 73.000000
1.9300 61.2900 45.5000 0.000000 0.000000 97.000000 73.000000
1.9400 61.3700 45.5000 0.000000 0.000000 97.000000 73.000000
1.9500 61.5600 45.5000 0.000000 0.000000 100.000000 73.000000
1.9600 61.8200 45.6300 0.000000 0.000000 100.000000 73.000000
1.9700 62.1000 45.7400 0.000000 0.000000 102.000000 72.000000
1.9800 62.4200 45.8600 0.000000 0.000000 105.000000 71.000000
1.9900 62.6700 45.9500 0.000000 0.000000 107.000000 70.000000
2.0000 62.8900 46.0400 0.000000 0.000000 110.000000 70.000000
2.0100 62.9600 46.1300 0.000000 0.000000 112.000000 70.000000
2.0200 62.9600 46.1300 0.000000 0.000000 114.000000 68.000000
2.0300 62.8800 46.2100 0.000000 0.000000 114.000000 68.000000
2.0400 62.7900 46.2700 0.000000 0.000000 114.000000 68.000000
2.0500 62.6100 46.2700 0.000000 0.000000 116.000000 68.000000
2.0600 62.3800 46.4100 0.000000 0.000000 116.000000 68.000000
2.0700 62.1900 46.5500 0.000000 0.000000 116.000000 68.000000
2.0800 62.0200 46.6800 0.000000 0.000000 116.000000 68.000000
2.0900 61.9300 46.8200 0.000000 0.000000 118.000000 68.000000
2.1000 61.9300 46.9600 0.000000 0.000000 118.000000 68.000000
2.1100 61.8600 47.0400 0.000000 0.000000 118.000000 68.000000
2.1200 61.8600 47.0400 0.000000 0.000000 118.000000 68.000000
2.1300 61.8600 47.0400 0.000000 0.000000 118.000000 68.000000
2.1400 61.8600 47.0400 0.000000 0.000000 119.000000 68.000000
2.1500 61.6300 47.4700 0.000000 0.000000 117.000000 69.000000
2.1600 61.6300 47.4700 158.000000 1.000000 117.000000 69.000000
2.1700 61.6300 48.1400 589.000000 0.000000 118.000000 70.000000
2.1800 61.6900 48.5200 583.000000 0.000000 116.000000 70.000000
2.1900 61.8200 49.1100 562.000000 0.000000 116.000000 70.000000
2.2000 62.1700 49.8400 29.000000 0.000000 117.000000 71.000000
2.2100 62.1700 49.8400 0.000000 1.000000 119.000000 72.000000
2.2200 63.0900 51.1900 0.000000 0.000000 119.000000 72.000000
2.2300 63.2400 51.5100 0.000000 0.000000 121.000000 73.000000
2.2400 63.2400 51.6800 0.000000 0.000000 123.000000 72.000000
2.2500 63.1800 51.6800 0.000000 0.000000 123.000000 72.000000
2.2600 63.3600 51.6800 0.000000 0.000000 123.000000 72.000000
2.2700 63.6700 51.5700 0.000000 0.000000 124.000000 71.000000
2.2800 64.2200 51.4200 0.000000 0.000000 124.000000 71.000000
2.2900 64.7800 51.1500 0.000000 0.000000 124.000000 71.000000
2.3000 65.2700 50.9100 0.000000 0.000000 123.000000 72.000000
2.3100 65.7100 50.6900 0.000000 0.000000 123.000000 72.000000
2.3200 66.1500 50.2900 0.000000 0.000000 122.000000 74.000000
2.3300 66.6000 49.9200 0.000000 0.000000 121.000000 75.000000
2.3400 67.0800 49.5600 0.000000 0.000000 126.000000 77.000000
2.3500 67.5800 49.2800 0.000000 0.000000 125.000000 78.000000
2.3600 68.0900 49.0400 0.000000 0.000000 124.000000 79.000000
2.3700 68.4500 48.8200 0.000000 0.000000 119.000000 80.000000
2.3800 68.7300 48.5600 0.000000 0.000000 112.000000 79.000000
2.3900 68.9100 48.3100 0.000000 0.000000 104.000000 78.000000
2.4000 68.9100 48.0700 0.000000 0.000000 102.000000 76.000000
2.4100 68.9100 47.8200 0.000000 0.000000 104.000000 74.000000
2.4200 68.6400 47.5600 0.000000 0.000000 106.000000 72.000000
2.4300 68.3700 47.3600 0.000000 0.000000 107.000000 70.000000
2.4400 68.0900 47.1900 0.000000 0.000000 111.000000 69.000000
2.4500 67.7300 47.0400 0.000000 0.000000 114.000000 68.000000
2.4600 67.3300 46.8900 0.000000 0.000000 119.000000 68.000000
2.4700 66.9100 46.7400 0.000000 0.000000 125.000000 68.000000
2.4800 66.5500 46.6000 0.000000 0.000000 129.000000 70.000000
2.4900 66.3200 46.4600 0.000000 0.000000 133.000000 70.000000
2.5000 66.1800 46.3400 0.000000 0.000000 133.000000 71.000000
2.5100 66.0600 46.2400 0.000000 0.000000 133.000000 73.000000
2.5200 65.9600 46.1300 0.000000 0.000000 130.000000 73.000000
2.5300 65.8700 46.0200 0.000000 0.000000 130.000000 73.000000
2.5400 65.7600 45.9000 0.000000 0.000000 125.000000 73.000000
2.5500 65.6400 45.8500 0.000000 0.000000 125.000000 73.000000
2.5600 65.5400 45.7900 0.000000 0.000000 121.000000 73.000000
2.5700 65.3900 45.6900 0.000000 0.000000 121.000000 73.000000
2.5800 65.2000 45.5600 0.000000 0.000000 121.000000 73.000000
2.5900 65.0300 45.4300 0.000000 0.000000 119.000000 72.000000
2.6000 64.8600 45.2900 0.000000 0.000000 119.000000 72.000000
2.6100 64.7200 45.2100 0.000000 0.000000 116.000000 72.000000
2.6200 64.5700 45.1600 0.000000 0.000000 116.000000 72.000000
2.6300 64.4500 45.1600 0.000000 0.000000 116.000000 72.000000
2.6400 64.3700 45.1600 0.000000 0.000000 116.000000 72.000000
2.6500 64.3700 45.1600 0.000000 0.000000 115.000000 71.000000
2.6600 64.3100 45.1600 0.000000 0.000000 115.000000 71.000000
2.6700 64.3100 45.1600 0.000000 0.000000 115.000000 71.000000
2.6800 64.2400 45.1600 0.000000 0.000000 112.000000 72.000000
2.6900 64.1400 45.0500 0.000000 0.000000 112.000000 72.000000
2.7000 63.9800 44.8800 0.000000 0.000000 111.000000 71.000000
2.7100 63.8600 44.6800 0.000000 0.000000 111.000000 71.000000
2.7200 63.7700 44.4900 0.000000 0.000000 108.000000 71.000000
2.7300 63.7700 44.4900 397.000000 1.000000 108.000000 71.000000
2.7400 63.7700 44.4900 671.000000 0.000000 108.000000 71.000000
2.7500 63.6600 44.2000 790.000000 0.000000 105.000000 71.000000
2.7600 63.6600 44.2000 869.000000 0.000000 105.000000 71.000000
2.7700 63.6600 44.3200 920.000000 0.000000 105.000000 71.000000
2.7800 63.7800 44.6800 933.000000 0.000000 102.000000 72.000000
2.7900 64.0500 45.3700 943.000000 0.000000 102.000000 72.000000
2.8000 64.4000 46.2900 940.000000 0.000000 103.000000 73.000000
2.8100 64.6900 47.5300 941.000000 0.000000 103.000000 73.000000
2.8200 64.9200 48.6400 941.000000 0.000000 103.000000 73.000000
2.8300 65.1200 49.6600 938.000000 0.000000 106.000000 72.000000
2.8400 65.1200 50.5000 935.000000 0.000000 110.000000 73.000000
2.8500 65.1200 50.9200 949.000000 0.000000 113.000000 73.000000
2.8600 65.1200 51.0700 958.000000 0.000000 116.000000 72.000000
2.8700 65.1200 50.9900 967.000000 0.000000 119.000000 72.000000
2.8800 65.1200 50.8800 989.000000 0.000000 122.000000 71.000000
2.8900 65.1200 50.3800 1005.000000 0.000000 122.000000 71.000000
2.9000 65.1200 49.6300 1023.000000 0.000000 124.000000 71.000000
2.9100 65.1700 48.6700 1023.000000 0.000000 124.000000 71.000000
2.9200 65.3000 47.6900 1023.000000 0.000000 122.000000 71.000000
2.9300 65.5200 46.7100 1023.000000 0.000000 122.000000 71.000000
2.9400 65.7300 45.9700 1023.000000 0.000000 119.000000 72.000000
2.9500 65.8800 45.5100 1023.000000 0.000000 116.000000 72.000000
2.9600 66.0300 45.2500 1023.000000 0.000000 113.000000 73.000000
2.9700 66.0800 45.1500 985.000000 0.000000 110.000000 73.000000
2.9800 66.0800 45.1500 924.000000 0.000000 107.000000 73.000000
2.9900 66.0800 45.1500 821.000000 0.000000 104.000000 74.000000
3.0000 66.0300 45.2400 620.000000 0.000000 104.000000 74.000000
3.0100 66.0300 45.3500 176.000000 0.000000 104.000000 74.000000
3.0200 66.0300 45.3500 0.000000 1.000000 104.000000 74.000000
3.0300 65.6800 45.5000 0.000000 0.000000 104.000000 74.000000
3.0400 65.3700 45.4500 0.000000 0.000000 104.000000 74.000000
3.0500 65.0800 45.3200 0.000000 0.000000 104.000000 74.000000
3.0600 65.0800 45.3200 0.000000 0.000000 103.000000 73.000000
3.0700 64.8100 45.2500 0.000000 0.000000 103.000000 73.000000
3.0800 64.7600 45.2500 0.000000 0.000000 106.000000 72.000000
3.0900 64.6700 45.3000 0.000000 0.000000 106.000000 72.000000
3.1000 64.5000 45.3600 0.000000 0.000000 106.000000 72.000000
3.1100 64.2800 45.4300 0.000000 0.000000 109.000000 72.000000
3.1200 63.9800 45.5300 0.000000 0.000000 109.000000 72.000000
3.1300 63.9800 45.5300 379.000000 1.000000 109.000000 72.000000
3.1400 63.4200 45.6600 673.000000 0.000000 109.000000 72.000000
3.1500 63.1800 45.6600 821.000000 0.000000 109.000000 72.000000
3.1600 63.1800 45.6600 915.000000 0.000000 106.000000 72.000000
3.1700 63.1800 45.6100 988.000000 0.000000 106.000000 72.000000
3.1800 63.3900 45.6100 1023.000000 0.000000 106.000000 72.000000
3.1900 63.8800 45.7300 1023.000000 0.000000 103.000000 73.000000
3.2000 64.5700 46.0200 1023.000000 0.000000 103.000000 73.000000
3.2100 65.2500 46.2900 1023.000000 0.000000 103.000000 73.000000
3.2200 65.7900 46.5100 1000.000000 0.000000 103.000000 73.000000
3.2300 66.2400 46.7300 989.000000 0.000000 103.000000 73.000000
3.2400 66.5100 46.9300 950.000000 0.000000 103.000000 73.000000
3.2500 66.6000 47.0600 897.000000 0.000000 104.000000 74.000000
3.2600 66.6000 47.1100 842.000000 0.000000 104.000000 74.000000
3.2700 66.3100 47.0600 736.000000 0.000000 104.000000 74.000000
3.2800 65.9900 46.9500 551.000000 0.000000 104.000000 74.000000
3.2900 65.6200 46.7800 46.000000 0.000000 104.000000 74.000000
3.3000 65.6200 46.7800 0.000000 1.000000 107.000000 73.000000
3.3100 65.4700 46.6400 0.000000 0.000000 107.000000 73.000000
3.3200 65.4700 46.6400 0.000000 0.000000 106.000000 72.000000
3.3300 65.6200 46.7100 0.000000 0.000000 106.000000 72.000000
3.3400 65.8000 46.7100 0.000000 0.000000 106.000000 72.000000
3.3500 65.9800 46.7100 0.000000 0.000000 106.000000 72.000000
3.3600 66.1600 46.7600 0.000000 0.000000 106.000000 72.000000
3.3700 66.1600 46.7600 255.000000 1.000000 106.000000 72.000000
3.3800 66.5600 47.0900 560.000000 0.000000 106.000000 72.000000
3.3900 66.7400 47.3100 724.000000 0.000000 106.000000 72.000000
3.4000 66.8800 47.8000 817.000000 0.000000 107.000000 73.000000
3.4100 67.0600 48.4600 866.000000 0.000000 110.000000 73.000000
3.4200 67.1900 49.4400 881.000000 0.000000 110.000000 73.000000
3.4300 67.2900 50.5500 896.000000 0.000000 113.000000 73.000000
3.4400 67.2900 51.7600 903.000000 0.000000 113.000000 73.000000
3.4500 67.1000 52.5700 932.000000 0.000000 118.000000 73.000000
3.4600 66.8500 52.9400 965.000000 0.000000 121.000000 73.000000
3.4700 66.4800 53.0200 1009.000000 0.000000 123.000000 72.000000
3.4800 66.1300 52.7700 1023.000000 0.000000 126.000000 72.000000
3.4900 65.8700 51.9600 1023.000000 0.000000 126.000000 72.000000
3.5000 65.6700 50.7700 1023.000000 0.000000 126.000000 72.000000
3.5100 65.6700 49.3300 1023.000000 0.000000 126.000000 72.000000
3.5200 65.8500 48.0600 1023.000000 0.000000 126.000000 72.000000
3.5300 66.2200 46.9000 1023.000000 0.000000 123.000000 72.000000
3.5400 66.5900 45.9700 1023.000000 0.000000 121.000000 73.000000
3.5500 66.9200 45.3800 1023.000000 0.000000 118.000000 73.000000
3.5600 67.1000 45.0100 1023.000000 0.000000 115.000000 74.000000
3.5700 67.2000 44.8400 1009.000000 0.000000 111.000000 74.000000
3.5800 67.2900 44.7900 979.000000 0.000000 108.000000 74.000000
3.5900 67.2900 44.7900 967.000000 0.000000 105.000000 75.000000
3.6000 67.2900 44.8800 894.000000 0.000000 105.000000 75.000000
3.6100 67.2900 44.9500 796.000000 0.000000 105.000000 75.000000
3.6200 67.2100 45.0400 653.000000 0.000000 105.000000 75.000000
3.6300 67.1600 45.1100 493.000000 0.000000 105.000000 75.000000
3.6400 67.1600 45.1100 270.000000 0.000000 105.000000 75.000000
3.6500 67.1600 45.1100 58.000000 0.000000 105.000000 75.000000
3.6600 67.1600 45.1100 0.000000 1.000000 105.000000 75.000000
3.6700 67.2500 45.1100 0.000000 0.000000 105.000000 75.000000
3.6800 67.2500 45.1100 0.000000 0.000000 105.000000 75.000000
3.6900 67.2500 45.1100 0.000000 0.000000 105.000000 75.000000
3.7000 67.2500 45.1600 0.000000 0.000000 105.000000 75.000000
3.7100 67.2500 45.1600 0.000000 0.000000 105.000000 75.000000
3.7200 67.2500 45.1600 0.000000 0.000000 105.000000 75.000000
3.7300 67.3400 45.2200 0.000000 0.000000 106.000000 75.000000
3.7400 67.4000 45.2200 0.000000 0.000000 106.000000 75.000000
3.7500 67.4500 45.2200 0.000000 0.000000 109.000000 75.000000
3.7600 67.4500 45.2900 0.000000 0.000000 109.000000 75.000000
3.7700 67.5300 45.3700 0.000000 0.000000 109.000000 75.000000
3.7800 67.5300 45.4600 0.000000 0.000000 109.000000 75.000000
3.7900 67.5300 45.5600 0.000000 0.000000 109.000000 75.000000
3.8000 67.5300 45.5600 0.000000 0.000000 113.000000 75.000000
3.8100 67.4500 45.5600 0.000000 0.000000 109.000000 75.000000
3.8200 67.3600 45.4900 0.000000 0.000000 109.000000 75.000000
3.8300 67.2300 45.3900 0.000000 0.000000 109.000000 75.000000
3.8400 67.1400 45.2900 0.000000 0.000000 109.000000 75.000000
3.8500 67.1400 45.2900 0.000000 0.000000 109.000000 75.000000
3.8600 67.1400 45.3400 0.000000 0.000000 109.000000 75.000000
3.8700 67.2300 45.4400 0.000000 0.000000 109.000000 75.000000
3.8800 67.3100 45.5800 0.000000 0.000000 109.000000 75.000000
3.8900 67.3800 45.7600 0.000000 0.000000 109.000000 75.000000
3.9000 67.3800 46.0200 0.000000 0.000000 113.000000 75.000000
3.9100 67.3800 46.2800 0.000000 0.000000 113.000000 75.000000
3.9200 67.4500 46.6300 0.000000 0.000000 113.000000 75.000000
3.9300 67.4500 47.0300 0.000000 0.000000 113.000000 75.000000
3.9400 67.5100 47.5900 0.000000 0.000000 113.000000 75.000000
3.9500 67.6100 48.3500 0.000000 0.000000 113.000000 75.000000
3.9600 67.7600 49.2500 0.000000 0.000000 116.000000 74.000000
3.9700 67.7600 49.2500 364.000000 1.000000 116.000000 74.000000
3.9800 68.3100 50.4500 574.000000 0.000000 119.000000 74.000000
3.9900 68.3100 50.5900 716.000000 0.000000 119.000000 74.000000
4.0000 68.3600 50.5400 818.000000 0.000000 122.000000 74.000000
4.0100 68.3600 50.2100 899.000000 0.000000 122.000000 74.000000
4.0200 68.3600 49.6900 914.000000 0.000000 125.000000 73.000000
4.0300 68.3600 48.8300 939.000000 0.000000 125.000000 73.000000
4.0400 68.3600 47.9600 941.000000 0.000000 125.000000 73.000000
4.0500 68.3600 47.1200 949.000000 0.000000 125.000000 73.000000
4.0600 68.3000 46.6500 955.000000 0.000000 125.000000 73.000000
4.0700 68.3000 46.3900 944.000000 0.000000 121.000000 73.000000
4.0800 68.3000 46.3900 947.000000 0.000000 116.000000 72.000000
4.0900 68.3600 46.5700 909.000000 0.000000 116.000000 72.000000
4.1000 68.3600 46.8800 908.000000 0.000000 112.000000 72.000000
4.1100 68.6000 47.4000 899.000000 0.000000 109.000000 72.000000
4.1200 68.9600 47.8900 881.000000 0.000000 109.000000 72.000000
4.1300 69.4200 48.3500 879.000000 0.000000 109.000000 72.000000
4.1400 69.7300 48.5200 891.000000 0.000000 110.000000 73.000000
4.1500 69.8700 48.4100 914.000000 0.000000 111.000000 74.000000
4.1600 69.8700 48.1200 930.000000 0.000000 113.000000 75.000000
4.1700 69.8700 47.5400 941.000000 0.000000 118.000000 75.000000
4.1800 69.7000 46.9500 955.000000 0.000000 118.000000 75.000000
4.1900 69.4300 46.4000 959.000000 0.000000 118.000000 75.000000
4.2000 69.1700 46.0200 959.000000 0.000000 114.000000 76.000000
4.2100 68.8700 45.7300 959.000000 0.000000 114.000000 76.000000
4.2200 68.5400 45.7300 949.000000 0.000000 114.000000 76.000000
4.2300 68.2200 45.7300 946.000000 0.000000 111.000000 76.000000
4.2400 67.9500 45.9200 939.000000 0.000000 106.000000 75.000000
4.2500 67.7700 46.1600 926.000000 0.000000 106.000000 75.000000
4.2600 67.7700 46.3700 905.000000 0.000000 106.000000 75.000000
4.2700 67.9600 46.5300 906.000000 0.000000 105.000000 75.000000
4.2800 68.3300 46.6100 899.000000 0.000000 101.000000 75.000000
4.2900 68.7500 46.6100 908.000000 0.000000 102.000000 76.000000
4.3000 69.3400 46.5500 903.000000 0.000000 102.000000 76.000000
4.3100 70.0100 46.6500 897.000000 0.000000 102.000000 76.000000
4.3200 70.6100 46.7500 891.000000 0.000000 103.000000 77.000000
4.3300 71.2100 47.0000 869.000000 0.000000 103.000000 77.000000
4.3400 71.6000 47.3600 861.000000 0.000000 103.000000 77.000000
4.3500 71.8500 47.8600 864.000000 0.000000 107.000000 76.000000
4.3600 71.8000 48.4300 879.000000 0.000000 108.000000 77.000000
4.3700 71.5800 49.0600 892.000000 0.000000 112.000000 77.000000
4.3800 71.2500 49.2800 923.000000 0.000000 116.000000 77.000000
4.3900 70.6400 49.2800 933.000000 0.000000 116.000000 77.000000
4.4000 70.0400 49.2000 959.000000 0.000000 118.000000 75.000000
4.4100 69.7300 48.8800 982.000000 0.000000 118.000000 75.000000
4.4200 69.6200 48.3500 988.000000 0.000000 121.000000 75.000000
4.4300 69.7000 47.6800 967.000000 0.000000 121.000000 75.000000
4.4400 69.8100 47.0100 937.000000 0.000000 118.000000 75.000000
4.4500 70.1200 46.5600 869.000000 0.000000 118.000000 75.000000
4.4600 70.5400 46.2600 714.000000 0.000000 116.000000 77.000000
4.4700 70.8800 46.1500 330.000000 0.000000 116.000000 77.000000
4.4800 70.8800 46.1500 0.000000 1.000000 112.000000 77.000000
4.4900 71.4400 46.5000 0.000000 0.000000 108.000000 77.000000
4.5000 71.6000 46.6700 0.000000 0.000000 108.000000 77.000000
4.5100 71.6000 46.6700 183.000000 1.000000 108.000000 77.000000
4.5200 71.6000 46.6700 538.000000 0.000000 108.000000 77.000000
4.5300 71.6000 46.6700 742.000000 0.000000 108.000000 77.000000
4.5400 71.6000 46.6700 879.000000 0.000000 108.000000 77.000000
4.5500 71.6000 46.6700 941.000000 0.000000 108.000000 77.000000
4.5600 71.6000 46.6700 955.000000 0.000000 108.000000 77.000000
4.5700 71.7000 47.0100 947.000000 0.000000 108.000000 77.000000
4.5800 71.7500 47.2900 938.000000 0.000000 108.000000 77.000000
4.5900 71.8200 47.9700 944.000000 0.000000 108.000000 77.000000
4.6000 72.0800 48.5700 906.000000 0.000000 108.000000 77.000000
4.6100 72.3700 49.1200 881.000000 0.000000 108.000000 77.000000
4.6200 72.7100 49.4800 790.000000 0.000000 112.000000 77.000000
4.6300 73.0200 49.6400 619.000000 0.000000 116.000000 77.000000
4.6400 73.2800 49.6400 265.000000 0.000000 114.000000 76.000000
4.6500 73.2800 49.6400 0.000000 1.000000 118.000000 75.000000
4.6600 73.7000 49.5800 0.000000 0.000000 118.000000 75.000000
4.6700 73.8700 49.5800 0.000000 0.000000 116.000000 74.000000
4.6800 74.0400 49.7900 0.000000 0.000000 119.000000 74.000000
4.6900 74.1200 50.2100 0.000000 0.000000 119.000000 74.000000
4.7000 74.1800 50.7800 0.000000 0.000000 119.000000 74.000000
4.7100 74.1800 51.4900 0.000000 0.000000 118.000000 73.000000
4.7200 74.1800 52.1200 0.000000 0.000000 118.000000 73.000000
4.7300 74.1800 52.1200 619.000000 1.000000 121.000000 73.000000
4.7400 73.9600 52.7400 751.000000 0.000000 121.000000 73.000000
4.7500 73.6400 52.5200 825.000000 0.000000 122.000000 74.000000
4.7600 73.4600 52.1100 926.000000 0.000000 125.000000 73.000000
4.7700 73.3800 51.3600 964.000000 0.000000 125.000000 73.000000
4.7800 73.3800 50.5700 956.000000 0.000000 125.000000 73.000000
4.7900 73.5700 49.7100 938.000000 0.000000 125.000000 73.000000
4.8000 73.8500 48.9200 906.000000 0.000000 125.000000 73.000000
4.8100 73.9500 48.1800 818.000000 0.000000 122.000000 74.000000
4.8200 73.9500 47.5700 693.000000 0.000000 122.000000 74.000000
4.8300 74.0000 47.2700 481.000000 0.000000 119.000000 74.000000
4.8400 73.8800 47.1900 46.000000 0.000000 119.000000 74.000000
4.8500 73.8800 47.1900 0.000000 1.000000 118.000000 75.000000
4.8600 73.4400 47.6700 0.000000 0.000000 118.000000 75.000000
4.8700 73.2500 48.1700 0.000000 0.000000 114.000000 76.000000
4.8800 73.0700 48.7400 0.000000 0.000000 114.000000 76.000000
4.8900 72.9400 49.2800 0.000000 0.000000 114.000000 76.000000
4.9000 72.8000 49.7700 0.000000 0.000000 114.000000 76.000000
4.9100 72.6700 50.0600 0.000000 0.000000 118.000000 75.000000
4.9200 72.5400 50.2300 0.000000 0.000000 118.000000 75.000000
4.9300 72.5400 50.2300 410.000000 1.000000 121.000000 75.000000
4.9400 72.7900 50.1600 538.000000 0.000000 119.000000 74.000000
4.9500 72.9900 50.0200 647.000000 0.000000 119.000000 74.000000
4.9600 73.4300 49.8900 722.000000 0.000000 122.000000 74.000000
4.9700 74.0400 49.7700 755.000000 0.000000 122.000000 74.000000
4.9800 74.6400 49.7200 757.000000 0.000000 122.000000 74.000000
4.9900 75.1900 49.6600 776.000000 0.000000 122.000000 74.000000
5.0000 75.5500 49.5700 773.000000 0.000000 122.000000 74.000000
5.0100 75.7900 49.4800 777.000000 0.000000 122.000000 74.000000
5.0200 75.7900 49.4300 806.000000 0.000000 122.000000 74.000000
5.0300 75.6100 49.4300 861.000000 0.000000 122.000000 74.000000
5.0400 75.3800 49.2500 899.000000 0.000000 122.000000 74.000000
5.0500 75.1000 48.9600 940.000000 0.000000 119.000000 74.000000
5.0600 74.8500 48.5800 941.000000 0.000000 119.000000 74.000000
5.0700 74.9100 48.0500 952.000000 0.000000 119.000000 74.000000
5.0800 75.1600 47.5600 952.000000 0.000000 116.000000 74.000000
5.0900 75.4600 47.0900 949.000000 0.000000 116.000000 74.000000
5.1000 75.7800 46.8800 947.000000 0.000000 116.000000 74.000000
5.1100 76.0800 46.8800 944.000000 0.000000 113.000000 75.000000
5.1200 76.3200 47.0700 952.000000 0.000000 113.000000 75.000000
5.1300 76.5500 47.4600 968.000000 0.000000 109.000000 75.000000
5.1400 76.5500 48.1200 985.000000 0.000000 109.000000 75.000000
5.1500 76.4000 48.9700 994.000000 0.000000 111.000000 76.000000
5.1600 76.1200 49.6300 987.000000 0.000000 111.000000 76.000000
5.1700 75.8000 49.9000 987.000000 0.000000 114.000000 76.000000
5.1800 75.5000 49.9000 973.000000 0.000000 116.000000 77.000000
5.1900 75.2200 49.8500 852.000000 0.000000 120.000000 76.000000
5.2000 75.2200 49.5500 472.000000 0.000000 123.000000 76.000000
5.2100 75.2200 49.5500 0.000000 1.000000 123.000000 76.000000
5.2200 75.7200 48.6600 0.000000 0.000000 123.000000 76.000000
5.2300 75.9500 48.2400 0.000000 0.000000 127.000000 75.000000
5.2400 76.2000 47.8300 0.000000 0.000000 127.000000 75.000000
5.2500 76.5000 47.7000 0.000000 0.000000 127.000000 75.000000
5.2600 76.7000 47.7500 0.000000 0.000000 127.000000 75.000000
5.2700 76.8400 47.9100 0.000000 0.000000 123.000000 76.000000
5.2800 76.8400 48.2100 0.000000 0.000000 126.000000 77.000000
5.2900 76.9200 48.6000 0.000000 0.000000 122.000000 77.000000
5.3000 76.8300 48.9900 0.000000 0.000000 122.000000 77.000000
5.3100 76.6400 49.3600 0.000000 0.000000 125.000000 78.000000
5.3200 76.3500 49.6500 0.000000 0.000000 121.000000 78.000000
5.3300 76.0100 49.8700 0.000000 0.000000 121.000000 78.000000
5.3400 75.6300 49.9800 0.000000 0.000000 121.000000 78.000000
5.3500 75.3100 49.9800 0.000000 0.000000 121.000000 78.000000
5.3600 75.0200 50.0300 0.000000 0.000000 118.000000 78.000000
5.3700 74.8400 50.1200 0.000000 0.000000 122.000000 77.000000
5.3800 74.7200 50.2500 0.000000 0.000000 122.000000 77.000000
5.3900 74.6700 50.4200 0.000000 0.000000 123.000000 76.000000
5.4000 74.6700 50.5900 0.000000 0.000000 127.000000 75.000000
5.4100 74.8000 50.7400 0.000000 0.000000 127.000000 75.000000
5.4200 75.0300 50.8900 0.000000 0.000000 127.000000 74.000000
5.4300 75.2600 50.9800 0.000000 0.000000 127.000000 74.000000
5.4400 75.5200 51.0300 0.000000 0.000000 127.000000 74.000000
5.4500 75.8400 51.0900 0.000000 0.000000 130.000000 73.000000
5.4600 76.1500 51.2200 0.000000 0.000000 130.000000 73.000000
5.4700 76.1500 51.2200 185.000000 1.000000 130.000000 73.000000
5.4800 76.6500 51.5700 407.000000 0.000000 130.000000 73.000000
5.4900 76.7600 51.8100 600.000000 0.000000 132.000000 74.000000
5.5000 76.7600 52.0900 685.000000 0.000000 132.000000 74.000000
5.5100 76.3900 52.5700 752.000000 0.000000 135.000000 73.000000
5.5200 75.8700 53.1900 797.000000 0.000000 135.000000 73.000000
5.5300 74.6200 53.9000 837.000000 0.000000 138.000000 74.000000
5.5400 72.7200 54.1800 842.000000 0.000000 138.000000 74.000000
5.5500 70.3800 53.9400 882.000000 0.000000 138.000000 74.000000
5.5600 67.2400 53.3500 938.000000 0.000000 140.000000 75.000000
5.5700 63.2800 52.1400 973.000000 0.000000 140.000000 75.000000
5.5800 58.7800 50.6600 1023.000000 0.000000 140.000000 75.000000
5.5900 54.5500 49.0000 1023.000000 0.000000 135.000000 75.000000
5.6000 51.5200 47.7300 1023.000000 0.000000 132.000000 74.000000
5.6100 49.2900 46.8000 1023.000000 0.000000 127.000000 74.000000
5.6200 48.2800 46.1000 1023.000000 0.000000 122.000000 74.000000
5.6300 48.5600 45.9200 1023.000000 0.000000 118.000000 73.000000
5.6400 49.7100 45.9200 1023.000000 0.000000 113.000000 73.000000
5.6500 52.2100 46.0800 1023.000000 0.000000 109.000000 72.000000
5.6600 55.5400 46.4100 1023.000000 0.000000 109.000000 72.000000
5.6700 59.4200 47.1800 1023.000000 0.000000 106.000000 72.000000
5.6800 63.3500 48.2500 1023.000000 0.000000 107.000000 73.000000
5.6900 67.2600 49.2300 1023.000000 0.000000 111.000000 74.000000
5.7000 70.9900 50.0700 1023.000000 0.000000 113.000000 75.000000
5.7100 74.6100 50.8300 1023.000000 0.000000 118.000000 75.000000
5.7200 77.3000 51.3200 1023.000000 0.000000 123.000000 76.000000
5.7300 79.3000 51.7800 1023.000000 0.000000 129.000000 76.000000
5.7400 80.8300 52.0200 1023.000000 0.000000 135.000000 76.000000
5.7500 81.4000 52.1300 1023.000000 0.000000 135.000000 76.000000
5.7600 81.4000 52.0700 1023.000000 0.000000 138.000000 75.000000
5.7700 80.9800 51.9900 1023.000000 0.000000 138.000000 75.000000
5.7800 80.3300 51.8900 959.000000 0.000000 138.000000 75.000000
5.7900 79.7300 51.7800 815.000000 0.000000 140.000000 75.000000
5.8000 79.1500 51.6800 485.000000 0.000000 140.000000 75.000000
5.8100 79.1500 51.6800 0.000000 1.000000 140.000000 75.000000
5.8200 78.7700 51.6800 0.000000 0.000000 140.000000 75.000000
5.8300 78.7700 51.5600 0.000000 0.000000 140.000000 75.000000
5.8400 78.5100 51.4700 0.000000 0.000000 143.000000 75.000000
5.8500 78.1700 51.3500 0.000000 0.000000 147.000000 76.000000
5.8600 77.7400 51.2000 0.000000 0.000000 147.000000 76.000000
5.8700 77.3000 51.0000 0.000000 0.000000 150.000000 76.000000
5.8800 76.8000 50.7800 0.000000 0.000000 150.000000 76.000000
5.8900 76.2700 50.5100 0.000000 0.000000 148.000000 77.000000
5.9000 75.7900 50.2400 0.000000 0.000000 148.000000 77.000000
5.9100 75.3100 50.0000 0.000000 0.000000 144.000000 77.000000
5.9200 74.8600 49.7900 0.000000 0.000000 144.000000 77.000000
5.9300 74.4200 49.6900 0.000000 0.000000 138.000000 77.000000
5.9400 73.9900 49.6900 0.000000 0.000000 135.000000 76.000000
5.9500 73.7600 49.7600 0.000000 0.000000 135.000000 76.000000
5.9600 73.6500 49.8900 0.000000 0.000000 135.000000 76.000000
5.9700 73.7200 50.0400 0.000000 0.000000 132.000000 75.000000
5.9800 73.7200 50.0400 301.000000 1.000000 132.000000 75.000000
5.9900 73.8300 50.3200 532.000000 0.000000 135.000000 75.000000
6.0000 73.8300 50.4600 644.000000 0.000000 135.000000 75.000000
6.0100 73.7100 50.6200 745.000000 0.000000 135.000000 75.000000
6.0200 73.3000 50.8000 790.000000 0.000000 138.000000 74.000000
6.0300 72.7000 51.0800 818.000000 0.000000 138.000000 74.000000
6.0400 71.1400 51.0800 899.000000 0.000000 138.000000 74.000000
6.0500 68.5000 50.8200 988.000000 0.000000 140.000000 73.000000
6.0600 65.1400 49.9600 1023.000000 0.000000 140.000000 73.000000
6.0700 60.7100 48.3600 1023.000000 0.000000 138.000000 74.000000
6.0800 56.1700 46.2600 1023.000000 0.000000 138.000000 74.000000
6.0900 51.5600 44.2200 1023.000000 0.000000 132.000000 74.000000
6.1000 48.4900 42.5800 1023.000000 0.000000 127.000000 74.000000
6.1100 46.6500 41.2000 1023.000000 0.000000 122.000000 74.000000
6.1200 45.6400 40.6000 1023.000000 0.000000 118.000000 73.000000
6.1300 46.1100 40.3900 1023.000000 0.000000 115.000000 74.000000
6.1400 48.1300 40.3900 1023.000000 0.000000 113.000000 73.000000
6.1500 51.1900 41.0300 1023.000000 0.000000 110.000000 73.000000
6.1600 55.5800 42.0300 1023.000000 0.000000 110.000000 73.000000
6.1700 60.4500 43.2900 1023.000000 0.000000 110.000000 73.000000
6.1800 65.6300 44.6800 1023.000000 0.000000 111.000000 74.000000
6.1900 70.4300 45.6800 1023.000000 0.000000 113.000000 75.000000
6.2000 74.1300 46.4300 1023.000000 0.000000 114.000000 76.000000
6.2100 77.0900 46.9200 1023.000000 0.000000 116.000000 77.000000
6.2200 78.9200 47.0500 1023.000000 0.000000 116.000000 77.000000
6.2300 79.9100 46.9400 1023.000000 0.000000 118.000000 78.000000
6.2400 80.3300 46.9400 1023.000000 0.000000 118.000000 78.000000
6.2500 80.2200 46.8600 1023.000000 0.000000 121.000000 78.000000
6.2600 80.1100 46.8000 1023.000000 0.000000 121.000000 78.000000
6.2700 79.8400 46.8000 1023.000000 0.000000 125.000000 78.000000
6.2800 79.4700 46.8000 1023.000000 0.000000 125.000000 78.000000
6.2900 78.9100 46.8000 1023.000000 0.000000 125.000000 78.000000
6.3000 78.3900 46.8700 921.000000 0.000000 125.000000 78.000000
6.3100 78.2900 46.9600 220.000000 0.000000 125.000000 78.000000
