0.0000 14.9600 44.4600 15.000000 1.000000 136.000000 58.000000
0.0100 14.9600 44.4600 103.000000 0.000000 136.000000 58.000000
0.0200 15.2400 44.5800 165.000000 0.000000 136.000000 58.000000
0.0300 15.4000 44.9500 218.000000 0.000000 136.000000 58.000000
0.0400 15.6900 45.4600 247.000000 0.000000 136.000000 58.000000
0.0500 16.0000 46.2100 254.000000 0.000000 136.000000 58.000000
0.0600 16.3100 47.1400 241.000000 0.000000 135.000000 58.000000
0.0700 16.5700 48.1800 237.000000 0.000000 135.000000 58.000000
0.0800 16.6700 49.4200 208.000000 0.000000 135.000000 58.000000
0.0900 16.6700 50.3600 212.000000 0.000000 136.000000 57.000000
0.1000 16.6700 51.0900 225.000000 0.000000 136.000000 56.000000
0.1100 16.6200 51.2600 237.000000 0.000000 138.000000 55.000000
0.1200 16.5400 51.2600 235.000000 0.000000 139.000000 55.000000
0.1300 16.4500 51.0600 247.000000 0.000000 139.000000 54.000000
0.1400 16.5000 50.5400 262.000000 0.000000 139.000000 54.000000
0.1500 16.6700 49.5100 337.000000 0.000000 140.000000 53.000000
0.1600 16.9300 48.1300 391.000000 0.000000 139.000000 54.000000
0.1700 17.2900 46.4000 413.000000 0.000000 139.000000 54.000000
0.1800 17.6800 44.5900 413.000000 0.000000 140.000000 54.000000
0.1900 18.0900 42.7400 413.000000 0.000000 139.000000 55.000000
0.2000 18.4900 41.3700 407.000000 0.000000 138.000000 55.000000
0.2100 18.7100 40.4500 413.000000 0.000000 136.000000 56.000000
0.2200 18.8400 39.8200 435.000000 0.000000 135.000000 57.000000
0.2300 18.8400 39.4900 456.000000 0.000000 134.000000 57.000000
0.2400 18.7000 39.3200 468.000000 0.000000 134.000000 57.000000
0.2500 18.4300 39.2700 471.000000 0.000000 132.000000 58.000000
0.2600 18.0100 39.4600 463.000000 0.000000 132.000000 58.000000
0.2700 17.5600 39.9500 463.000000 0.000000 132.000000 58.000000
0.2800 17.1000 40.6500 469.000000 0.000000 132.000000 58.000000
0.2900 16.9500 41.3700 468.000000 0.000000 132.000000 58.000000
0.3000 17.1000 42.0300 448.000000 0.000000 132.000000 58.000000
0.3100 17.4600 42.4700 447.000000 0.000000 134.000000 57.000000
0.3200 17.9300 42.7900 425.000000 0.000000 134.000000 57.000000
0.3300 18.4300 42.8900 317.000000 0.000000 134.000000 57.000000
0.3400 18.8100 42.8900 93.000000 0.000000 134.000000 57.000000
0.3500 18.8100 42.8900 0.000000 1.000000 135.000000 57.000000
0.3600 19.4800 42.6400 0.000000 0.000000 135.000000 57.000000
0.3700 19.3500 42.6400 0.000000 0.000000 135.000000 57.000000
0.3800 18.8800 42.7200 0.000000 0.000000 135.000000 57.000000
0.3900 18.6900 42.7800 0.000000 0.000000 135.000000 57.000000
0.4000 18.5500 42.7800 0.000000 0.000000 135.000000 57.000000
0.4100 18.5500 42.7300 0.000000 0.000000 135.000000 57.000000
0.4200 18.5500 42.6300 0.000000 0.000000 134.000000 56.000000
0.4300 18.7000 42.5200 0.000000 0.000000 134.000000 56.000000
0.4400 18.9100 42.3100 0.000000 0.000000 132.000000 55.000000
0.4500 19.0800 42.0200 0.000000 0.000000 133.000000 54.000000
0.4600 19.2600 42.3500 0.000000 0.000000 133.000000 54.000000
0.4700 19.3800 42.3500 0.000000 0.000000 133.000000 54.000000
0.4800 19.4600 42.1900 0.000000 0.000000 131.000000 54.000000
0.4900 19.5200 42.0900 0.000000 0.000000 131.000000 54.000000
0.5000 19.5900 41.9800 0.000000 0.000000 133.000000 54.000000
0.5100 19.5900 41.8600 0.000000 0.000000 133.000000 54.000000
0.5200 19.5900 41.7800 0.000000 0.000000 133.000000 54.000000
0.5300 19.5900 41.6800 0.000000 0.000000 134.000000 55.000000
0.5400 19.5900 41.5900 0.000000 0.000000 134.000000 55.000000
0.5500 19.5900 41.5300 0.000000 0.000000 135.000000 55.000000
0.5600 19.5900 41.5300 0.000000 0.000000 134.000000 56.000000
0.5700 19.5900 41.4100 0.000000 0.000000 134.000000 56.000000
0.5800 19.6400 41.3500 0.000000 0.000000 134.000000 56.000000
0.5900 19.6400 41.2900 0.000000 0.000000 134.000000 56.000000
0.6000 19.7100 41.2900 0.000000 0.000000 134.000000 56.000000
0.6100 19.7100 41.2900 0.000000 0.000000 134.000000 56.000000
0.6200 19.8000 41.2900 0.000000 0.000000 134.000000 56.000000
0.6300 19.8000 41.2900 0.000000 0.000000 134.000000 56.000000
0.6400 19.8700 41.2900 0.000000 0.000000 135.000000 57.000000
0.6500 19.8700 41.3400 0.000000 0.000000 135.000000 57.000000
0.6600 19.7500 41.3400 0.000000 0.000000 135.000000 57.000000
0.6700 19.6600 41.4200 0.000000 0.000000 135.000000 57.000000
0.6800 19.6100 41.4700 0.000000 0.000000 135.000000 57.000000
0.6900 19.6100 41.5700 0.000000 0.000000 135.000000 57.000000
0.7000 19.6900 41.7100 0.000000 0.000000 135.000000 57.000000
0.7100 19.7600 41.8100 0.000000 0.000000 135.000000 57.000000
0.7200 19.8300 41.9100 0.000000 0.000000 135.000000 57.000000
0.7300 19.9100 42.0200 0.000000 0.000000 135.000000 57.000000
0.7400 19.9900 42.1100 0.000000 0.000000 135.000000 57.000000
0.7500 20.0400 42.2300 0.000000 0.000000 135.000000 57.000000
0.7600 20.0400 42.3700 0.000000 0.000000 135.000000 57.000000
0.7700 20.0400 42.5300 0.000000 0.000000 135.000000 57.000000
0.7800 20.0900 42.7800 0.000000 0.000000 135.000000 57.000000
0.7900 20.0900 42.7800 41.000000 1.000000 136.000000 57.000000
0.8000 20.0900 43.2600 91.000000 0.000000 136.000000 57.000000
0.8100 20.0900 43.4900 173.000000 0.000000 136.000000 57.000000
0.8200 19.9900 43.4900 221.000000 0.000000 136.000000 57.000000
0.8300 19.8600 43.4100 284.000000 0.000000 136.000000 57.000000
0.8400 19.6900 43.0900 329.000000 0.000000 136.000000 57.000000
0.8500 19.5400 42.6200 358.000000 0.000000 136.000000 57.000000
0.8600 19.4200 42.2100 379.000000 0.000000 136.000000 57.000000
0.8700 19.5400 41.9000 396.000000 0.000000 136.000000 57.000000
0.8800 19.8100 41.6700 412.000000 0.000000 136.000000 57.000000
0.8900 20.2200 41.6700 420.000000 0.000000 136.000000 57.000000
0.9000 20.6400 41.8500 423.000000 0.000000 136.000000 57.000000
0.9100 21.0700 42.1500 425.000000 0.000000 136.000000 57.000000
0.9200 21.3800 42.5900 423.000000 0.000000 136.000000 57.000000
0.9300 21.6000 43.0200 439.000000 0.000000 138.000000 58.000000
0.9400 21.6000 43.4100 445.000000 0.000000 138.000000 58.000000
0.9500 21.5300 43.7100 473.000000 0.000000 138.000000 58.000000
0.9600 21.3900 43.8300 494.000000 0.000000 138.000000 58.000000
0.9700 21.3900 43.8300 490.000000 0.000000 139.000000 58.000000
0.9800 21.3900 43.7700 469.000000 0.000000 138.000000 59.000000
0.9900 21.4600 43.6700 449.000000 0.000000 138.000000 59.000000
1.0000 21.7300 43.4800 417.000000 0.000000 138.000000 59.000000
1.0100 22.1000 43.2800 374.000000 0.000000 138.000000 59.000000
1.0200 22.5400 43.1000 339.000000 0.000000 138.000000 59.000000
1.0300 22.9800 42.9300 307.000000 0.000000 138.000000 59.000000
1.0400 23.2600 42.7600 299.000000 0.000000 138.000000 59.000000
1.0500 23.4200 42.6000 287.000000 0.000000 138.000000 59.000000
1.0600 23.4200 42.4600 289.000000 0.000000 139.000000 58.000000
1.0700 23.2100 42.3100 304.000000 0.000000 139.000000 58.000000
1.0800 22.9200 42.1500 333.000000 0.000000 139.000000 58.000000
1.0900 22.6000 42.0100 354.000000 0.000000 139.000000 58.000000
1.1000 22.3300 41.9200 362.000000 0.000000 139.000000 58.000000
1.1100 22.1800 41.8600 371.000000 0.000000 139.000000 58.000000
1.1200 22.1300 41.7900 361.000000 0.000000 139.000000 58.000000
1.1300 22.2300 41.7300 366.000000 0.000000 139.000000 58.000000
1.1400 22.4100 41.6800 376.000000 0.000000 139.000000 58.000000
1.1500 22.8100 41.6800 371.000000 0.000000 139.000000 58.000000
1.1600 23.2200 41.7700 372.000000 0.000000 139.000000 58.000000
1.1700 23.6400 41.8900 364.000000 0.000000 139.000000 58.000000
1.1800 24.0100 42.0400 364.000000 0.000000 139.000000 58.000000
1.1900 24.3600 42.2600 353.000000 0.000000 139.000000 58.000000
1.2000 24.6400 42.5200 354.000000 0.000000 141.000000 59.000000
1.2100 24.8600 42.7600 358.000000 0.000000 141.000000 59.000000
1.2200 25.0300 43.0100 361.000000 0.000000 141.000000 59.000000
1.2300 25.0800 43.2600 371.000000 0.000000 141.000000 59.000000
1.2400 24.9500 43.3100 388.000000 0.000000 141.000000 59.000000
1.2500 24.7000 43.2300 391.000000 0.000000 141.000000 59.000000
1.2600 24.3400 42.9200 415.000000 0.000000 141.000000 59.000000
1.2700 23.9900 42.5700 422.000000 0.000000 141.000000 59.000000
1.2800 23.8900 42.2400 407.000000 0.000000 141.000000 59.000000
1.2900 23.9500 41.9500 397.000000 0.000000 141.000000 59.000000
1.3000 24.2600 41.7400 396.000000 0.000000 141.000000 59.000000
1.3100 24.6200 41.6200 348.000000 0.000000 141.000000 59.000000
1.3200 25.0500 41.5600 244.000000 0.000000 141.000000 59.000000
1.3300 25.0500 41.5600 0.000000 1.000000 141.000000 59.000000
1.3400 25.8100 41.7700 0.000000 0.000000 142.000000 59.000000
1.3500 26.0100 41.9700 0.000000 0.000000 142.000000 59.000000
1.3600 26.0100 42.3100 0.000000 0.000000 142.000000 59.000000
1.3700 25.9100 42.6400 0.000000 0.000000 142.000000 59.000000
1.3800 25.8100 42.9800 0.000000 0.000000 142.000000 59.000000
1.3900 25.6800 43.3200 0.000000 0.000000 142.000000 59.000000
1.4000 25.4500 43.4900 0.000000 0.000000 142.000000 59.000000
1.4100 25.1400 43.4900 0.000000 0.000000 142.000000 59.000000
1.4200 24.7500 43.4900 0.000000 0.000000 141.000000 59.000000
1.4300 24.3700 43.4900 0.000000 0.000000 141.000000 59.000000
1.4400 24.0100 43.5800 0.000000 0.000000 141.000000 59.000000
1.4500 24.0100 43.6900 0.000000 0.000000 141.000000 59.000000
1.4600 24.1500 43.8600 0.000000 0.000000 141.000000 59.000000
1.4700 24.3700 44.0200 0.000000 0.000000 141.000000 59.000000
1.4800 24.5700 44.1100 0.000000 0.000000 141.000000 59.000000
1.4900 24.7500 44.1100 0.000000 0.000000 141.000000 59.000000
1.5000 24.9100 44.0600 0.000000 0.000000 142.000000 59.000000
1.5100 25.0100 43.9400 0.000000 0.000000 142.000000 59.000000
1.5200 25.0700 43.8400 0.000000 0.000000 142.000000 59.000000
1.5300 25.0700 43.7500 0.000000 0.000000 142.000000 59.000000
1.5400 25.1400 43.6600 0.000000 0.000000 142.000000 59.000000
1.5500 25.4200 43.5600 0.000000 0.000000 142.000000 59.000000
1.5600 25.8400 43.4200 0.000000 0.000000 142.000000 59.000000
1.5700 26.4700 43.2400 0.000000 0.000000 142.000000 59.000000
1.5800 27.1400 43.0600 0.000000 0.000000 142.000000 59.000000
1.5900 27.7700 42.8700 0.000000 0.000000 143.000000 59.000000
1.6000 28.3600 42.7000 0.000000 0.000000 143.000000 59.000000
1.6100 28.6800 42.6200 0.000000 0.000000 142.000000 58.000000
1.6200 28.8200 42.6200 0.000000 0.000000 142.000000 58.000000
1.6300 28.8200 42.5600 0.000000 0.000000 143.000000 57.000000
1.6400 28.7300 42.5000 0.000000 0.000000 142.000000 57.000000
1.6500 28.6000 42.4100 0.000000 0.000000 140.000000 58.000000
1.6600 28.4500 42.3000 0.000000 0.000000 140.000000 58.000000
1.6700 28.3200 42.1600 0.000000 0.000000 140.000000 58.000000
1.6800 28.2000 42.0200 0.000000 0.000000 140.000000 58.000000
1.6900 28.1400 41.9000 0.000000 0.000000 140.000000 58.000000
1.7000 28.1900 41.8300 0.000000 0.000000 142.000000 58.000000
1.7100 28.2900 41.8300 0.000000 0.000000 142.000000 58.000000
1.7200 28.4300 41.8300 0.000000 0.000000 142.000000 58.000000
1.7300 28.5800 41.8300 0.000000 0.000000 142.000000 58.000000
1.7400 28.6700 41.7800 0.000000 0.000000 142.000000 58.000000
1.7500 28.7900 41.7200 0.000000 0.000000 142.000000 58.000000
1.7600 28.7900 41.6300 0.000000 0.000000 142.000000 58.000000
1.7700 28.7900 41.5400 0.000000 0.000000 142.000000 58.000000
1.7800 28.7900 41.4800 0.000000 0.000000 142.000000 58.000000
1.7900 28.7900 41.4300 0.000000 0.000000 142.000000 58.000000
1.8000 28.7900 41.4300 0.000000 0.000000 142.000000 58.000000
1.8100 28.7900 41.4300 0.000000 0.000000 139.000000 58.000000
1.8200 28.7300 41.4300 0.000000 0.000000 139.000000 58.000000
1.8300 28.7300 41.4800 0.000000 0.000000 141.000000 59.000000
1.8400 28.7300 41.4800 0.000000 0.000000 141.000000 59.000000
1.8500 28.6800 41.3800 0.000000 0.000000 141.000000 59.000000
1.8600 28.6800 41.3200 0.000000 0.000000 141.000000 59.000000
1.8700 28.6800 41.1600 0.000000 0.000000 142.000000 59.000000
1.8800 28.6300 40.9900 0.000000 0.000000 142.000000 59.000000
1.8900 28.6300 40.9900 98.000000 1.000000 141.000000 60.000000
1.9000 28.6900 40.8000 239.000000 0.000000 141.000000 60.000000
1.9100 28.6900 40.8000 267.000000 0.000000 141.000000 60.000000
1.9200 28.8500 41.0700 334.000000 0.000000 141.000000 60.000000
1.9300 29.0700 41.5300 387.000000 0.000000 141.000000 60.000000
1.9400 29.3000 42.1500 405.000000 0.000000 139.000000 60.000000
1.9500 29.5100 43.0400 392.000000 0.000000 139.000000 60.000000
1.9600 29.7600 44.2900 334.000000 0.000000 138.000000 59.000000
1.9700 30.0200 45.7900 247.000000 0.000000 138.000000 59.000000
1.9800 30.2000 47.3400 217.000000 0.000000 138.000000 59.000000
1.9900 30.3200 48.4300 262.000000 0.000000 139.000000 58.000000
2.0000 30.3200 49.2100 284.000000 0.000000 139.000000 58.000000
2.0100 30.2700 49.2100 309.000000 0.000000 140.000000 58.000000
2.0200 30.2000 48.8700 353.000000 0.000000 142.000000 57.000000
2.0300 30.2000 48.2500 396.000000 0.000000 142.000000 57.000000
2.0400 30.2700 47.1600 430.000000 0.000000 142.000000 57.000000
2.0500 30.4800 45.8800 456.000000 0.000000 142.000000 57.000000
2.0600 30.7900 44.4700 465.000000 0.000000 142.000000 57.000000
2.0700 31.2000 43.0300 472.000000 0.000000 143.000000 57.000000
2.0800 31.5200 41.9500 467.000000 0.000000 142.000000 58.000000
2.0900 31.7900 41.1000 467.000000 0.000000 141.000000 59.000000
2.1000 31.9500 40.6300 472.000000 0.000000 141.000000 59.000000
2.1100 31.9500 40.5100 486.000000 0.000000 139.000000 60.000000
2.1200 31.9500 40.6200 469.000000 0.000000 139.000000 60.000000
2.1300 31.6100 41.0000 440.000000 0.000000 141.000000 60.000000
2.1400 31.2300 41.4200 410.000000 0.000000 141.000000 60.000000
2.1500 30.8200 41.8600 399.000000 0.000000 141.000000 60.000000
2.1600 30.5500 42.1200 344.000000 0.000000 141.000000 60.000000
2.1700 30.3300 42.2000 309.000000 0.000000 141.000000 60.000000
2.1800 30.2300 42.2000 193.000000 0.000000 139.000000 60.000000
2.1900 30.2300 42.2000 0.000000 1.000000 139.000000 60.000000
2.2000 30.4200 41.9200 0.000000 0.000000 141.000000 59.000000
2.2100 30.8000 41.7800 0.000000 0.000000 141.000000 59.000000
2.2200 31.2400 41.7800 0.000000 0.000000 141.000000 59.000000
2.2300 31.6200 41.7800 0.000000 0.000000 141.000000 59.000000
2.2400 31.9400 41.8600 0.000000 0.000000 141.000000 59.000000
2.2500 32.0900 41.8600 0.000000 0.000000 141.000000 59.000000
2.2600 32.1700 41.9300 0.000000 0.000000 141.000000 59.000000
2.2700 32.1700 41.9300 0.000000 0.000000 141.000000 59.000000
2.2800 32.1700 41.9300 0.000000 0.000000 141.000000 59.000000
2.2900 32.1100 41.9300 0.000000 0.000000 141.000000 59.000000
2.3000 32.0500 42.0000 0.000000 0.000000 141.000000 59.000000
2.3100 32.0500 42.0600 0.000000 0.000000 141.000000 59.000000
2.3200 32.0500 42.1500 0.000000 0.000000 141.000000 59.000000
2.3300 32.1900 42.2700 0.000000 0.000000 142.000000 58.000000
2.3400 32.2800 42.3300 0.000000 0.000000 142.000000 58.000000
2.3500 32.2800 42.3300 0.000000 0.000000 142.000000 58.000000
2.3600 32.2800 42.2600 0.000000 0.000000 142.000000 58.000000
2.3700 32.2100 42.1900 0.000000 0.000000 142.000000 58.000000
2.3800 32.2100 42.1400 0.000000 0.000000 142.000000 58.000000
2.3900 32.1400 42.1400 0.000000 0.000000 142.000000 58.000000
2.4000 32.1400 42.2100 0.000000 0.000000 142.000000 58.000000
2.4100 32.2200 42.3400 0.000000 0.000000 142.000000 58.000000
2.4200 32.2800 42.5900 0.000000 0.000000 142.000000 58.000000
2.4300 32.3300 42.9900 0.000000 0.000000 142.000000 58.000000
2.4400 32.3300 43.4800 0.000000 0.000000 142.000000 58.000000
2.4500 32.3300 44.0300 0.000000 0.000000 140.000000 58.000000
2.4600 32.3300 44.7400 0.000000 0.000000 140.000000 58.000000
2.4700 32.2800 45.5700 0.000000 0.000000 140.000000 58.000000
2.4800 32.2800 46.4800 0.000000 0.000000 140.000000 58.000000
2.4900 32.3500 47.3600 0.000000 0.000000 139.000000 57.000000
2.5000 32.5000 48.1700 0.000000 0.000000 139.000000 57.000000
2.5100 32.7400 48.9400 0.000000 0.000000 139.000000 57.000000
2.5200 33.0200 49.3100 0.000000 0.000000 140.000000 56.000000
2.5300 33.1100 49.4100 0.000000 0.000000 140.000000 56.000000
2.5400 33.1100 49.2200 0.000000 0.000000 143.000000 56.000000
2.5500 33.1100 49.2200 68.000000 1.000000 143.000000 56.000000
2.5600 32.7900 48.5000 105.000000 0.000000 144.000000 57.000000
2.5700 32.6400 47.8700 173.000000 0.000000 144.000000 57.000000
2.5800 32.6400 46.9800 230.000000 0.000000 146.000000 57.000000
2.5900 32.6900 46.0800 256.000000 0.000000 146.000000 57.000000
2.6000 32.6900 45.1500 223.000000 0.000000 146.000000 58.000000
2.6100 32.6900 44.3900 96.000000 0.000000 145.000000 59.000000
2.6200 32.6900 44.3900 0.000000 1.000000 145.000000 59.000000
2.6300 32.6000 43.2600 0.000000 0.000000 144.000000 60.000000
2.6400 32.5000 43.0800 0.000000 0.000000 144.000000 60.000000
2.6500 32.4100 43.0800 0.000000 0.000000 141.000000 60.000000
2.6600 32.4100 43.2000 0.000000 0.000000 141.000000 60.000000
2.6700 32.4100 43.2000 0.000000 0.000000 139.000000 60.000000
2.6800 32.4100 43.2000 0.000000 0.000000 139.000000 60.000000
2.6900 32.3600 43.0800 0.000000 0.000000 139.000000 60.000000
2.7000 32.3600 42.9500 0.000000 0.000000 139.000000 58.000000
2.7100 32.3600 42.8100 0.000000 0.000000 139.000000 58.000000
2.7200 32.3600 42.6500 0.000000 0.000000 139.000000 58.000000
2.7300 32.4700 42.4300 0.000000 0.000000 139.000000 58.000000
2.7400 32.5400 42.1800 0.000000 0.000000 139.000000 58.000000
2.7500 32.5400 42.1800 212.000000 1.000000 141.000000 59.000000
2.7600 32.7200 41.7200 279.000000 0.000000 141.000000 59.000000
2.7700 32.7900 41.6500 354.000000 0.000000 141.000000 59.000000
2.7800 32.7900 41.8000 422.000000 0.000000 142.000000 59.000000
2.7900 32.9500 42.2300 483.000000 0.000000 142.000000 59.000000
2.8000 33.0800 42.8400 520.000000 0.000000 141.000000 60.000000
2.8100 33.2000 43.8300 496.000000 0.000000 142.000000 61.000000
2.8200 33.2700 45.0300 414.000000 0.000000 142.000000 61.000000
2.8300 33.2700 46.3800 307.000000 0.000000 142.000000 61.000000
2.8400 33.3600 47.9400 304.000000 0.000000 142.000000 61.000000
2.8500 33.3000 48.9500 325.000000 0.000000 142.000000 59.000000
2.8600 33.1600 49.5900 337.000000 0.000000 143.000000 59.000000
2.8700 32.9600 49.4600 361.000000 0.000000 143.000000 59.000000
2.8800 32.6500 48.6500 430.000000 0.000000 144.000000 58.000000
2.8900 32.2600 47.4000 473.000000 0.000000 144.000000 58.000000
2.9000 32.0500 46.0100 502.000000 0.000000 144.000000 58.000000
2.9100 32.0500 44.5300 524.000000 0.000000 144.000000 58.000000
2.9200 32.2000 43.1900 544.000000 0.000000 144.000000 58.000000
2.9300 32.6200 41.9700 544.000000 0.000000 144.000000 58.000000
2.9400 33.1300 41.3000 546.000000 0.000000 143.000000 59.000000
2.9500 33.7000 41.0200 529.000000 0.000000 142.000000 59.000000
2.9600 34.0900 41.0200 467.000000 0.000000 142.000000 61.000000
2.9700 34.3200 41.2300 202.000000 0.000000 142.000000 61.000000
2.9800 34.3200 41.2300 0.000000 1.000000 142.000000 61.000000
2.9900 34.4500 42.3400 0.000000 0.000000 142.000000 61.000000
3.0000 34.4500 42.9000 0.000000 0.000000 142.000000 61.000000
3.0100 34.2700 43.4400 0.000000 0.000000 142.000000 61.000000
3.0200 34.2700 43.8200 0.000000 0.000000 142.000000 61.000000
3.0300 34.3800 44.1000 0.000000 0.000000 142.000000 61.000000
3.0400 34.5500 44.2200 0.000000 0.000000 142.000000 59.000000
3.0500 34.8000 44.3400 0.000000 0.000000 142.000000 59.000000
3.0600 35.1000 44.4200 0.000000 0.000000 142.000000 59.000000
3.0700 35.2600 44.4800 0.000000 0.000000 142.000000 58.000000
3.0800 35.3200 44.4800 0.000000 0.000000 142.000000 58.000000
3.0900 35.3200 44.4800 0.000000 0.000000 142.000000 58.000000
3.1000 35.3200 44.4800 0.000000 0.000000 144.000000 58.000000
3.1100 35.2600 44.3900 0.000000 0.000000 144.000000 58.000000
3.1200 35.2000 44.3900 0.000000 0.000000 144.000000 58.000000
3.1300 35.2000 44.5100 0.000000 0.000000 144.000000 58.000000
3.1400 35.1500 44.7000 0.000000 0.000000 144.000000 58.000000
3.1500 35.1500 44.9900 0.000000 0.000000 144.000000 58.000000
3.1600 35.1000 45.3500 0.000000 0.000000 144.000000 58.000000
3.1700 35.1000 45.7000 0.000000 0.000000 144.000000 58.000000
3.1800 35.0500 46.0300 0.000000 0.000000 144.000000 58.000000
3.1900 34.9900 46.3300 0.000000 0.000000 143.000000 59.000000
3.2000 34.9900 46.6000 0.000000 0.000000 142.000000 58.000000
3.2100 34.9900 46.8600 0.000000 0.000000 142.000000 58.000000
3.2200 34.9900 47.0600 0.000000 0.000000 142.000000 58.000000
3.2300 35.0600 47.2200 0.000000 0.000000 142.000000 58.000000
3.2400 35.0600 47.3300 0.000000 0.000000 142.000000 58.000000
3.2500 35.0600 47.3800 0.000000 0.000000 142.000000 58.000000
3.2600 34.9700 47.3800 0.000000 0.000000 142.000000 58.000000
3.2700 34.8500 47.3800 0.000000 0.000000 142.000000 58.000000
3.2800 34.8500 47.3800 0.000000 0.000000 142.000000 58.000000
3.2900 34.8000 47.3200 0.000000 0.000000 142.000000 58.000000
3.3000 34.8000 47.2400 0.000000 0.000000 142.000000 58.000000
3.3100 34.8000 47.0900 0.000000 0.000000 142.000000 58.000000
3.3200 34.8600 46.9200 0.000000 0.000000 142.000000 58.000000
3.3300 34.8600 46.7300 0.000000 0.000000 142.000000 58.000000
3.3400 34.9500 46.5600 0.000000 0.000000 142.000000 58.000000
3.3500 35.0000 46.3500 0.000000 0.000000 142.000000 58.000000
3.3600 35.0000 46.1600 0.000000 0.000000 142.000000 58.000000
3.3700 35.0000 45.9900 0.000000 0.000000 142.000000 58.000000
3.3800 34.9300 45.8300 0.000000 0.000000 142.000000 58.000000
3.3900 34.9300 45.6700 0.000000 0.000000 142.000000 58.000000
3.4000 34.9300 45.4700 0.000000 0.000000 142.000000 58.000000
3.4100 34.8800 45.2300 0.000000 0.000000 142.000000 58.000000
3.4200 34.8800 44.9500 0.000000 0.000000 142.000000 58.000000
3.4300 34.8800 44.6700 0.000000 0.000000 142.000000 58.000000
3.4400 34.9300 44.4400 0.000000 0.000000 142.000000 58.000000
3.4500 34.9300 44.2500 0.000000 0.000000 142.000000 58.000000
3.4600 34.9300 44.1000 0.000000 0.000000 142.000000 58.000000
3.4700 34.9300 44.0400 0.000000 0.000000 142.000000 58.000000
3.4800 34.9800 44.0400 0.000000 0.000000 142.000000 58.000000
3.4900 34.9800 44.0400 0.000000 0.000000 142.000000 58.000000
3.5000 35.0800 44.0900 0.000000 0.000000 143.000000 59.000000
3.5100 35.1300 44.1500 0.000000 0.000000 143.000000 59.000000
3.5200 35.2000 44.2300 0.000000 0.000000 143.000000 59.000000
3.5300 35.2000 44.2800 0.000000 0.000000 143.000000 59.000000
3.5400 35.2000 44.3300 0.000000 0.000000 143.000000 59.000000
3.5500 35.2000 44.3900 0.000000 0.000000 143.000000 59.000000
3.5600 35.2000 44.5300 0.000000 0.000000 143.000000 59.000000
3.5700 35.2500 44.7200 0.000000 0.000000 143.000000 59.000000
3.5800 35.2500 44.9400 0.000000 0.000000 143.000000 59.000000
3.5900 35.2500 45.1500 0.000000 0.000000 143.000000 59.000000
3.6000 35.2500 45.3500 0.000000 0.000000 143.000000 59.000000
3.6100 35.2500 45.5600 0.000000 0.000000 143.000000 59.000000
3.6200 35.2500 45.8400 0.000000 0.000000 143.000000 59.000000
3.6300 35.1700 46.1500 0.000000 0.000000 143.000000 59.000000
3.6400 35.1200 46.4300 0.000000 0.000000 143.000000 59.000000
3.6500 35.0700 46.7600 0.000000 0.000000 143.000000 59.000000
3.6600 35.0700 47.1300 0.000000 0.000000 143.000000 59.000000
3.6700 35.0700 47.3300 0.000000 0.000000 143.000000 59.000000
3.6800 35.0700 47.4900 0.000000 0.000000 143.000000 59.000000
3.6900 35.0000 47.5600 0.000000 0.000000 143.000000 59.000000
3.7000 34.9200 47.5600 0.000000 0.000000 143.000000 59.000000
3.7100 34.8400 47.5000 0.000000 0.000000 143.000000 59.000000
3.7200 34.8400 47.5000 0.000000 0.000000 144.000000 58.000000
3.7300 34.8400 47.4400 0.000000 0.000000 144.000000 58.000000
3.7400 34.9200 47.4400 0.000000 0.000000 144.000000 58.000000
3.7500 34.9200 47.4400 0.000000 0.000000 144.000000 58.000000
3.7600 34.9200 47.4400 0.000000 0.000000 144.000000 58.000000
3.7700 34.9200 47.4400 0.000000 0.000000 144.000000 58.000000
3.7800 34.9200 47.4400 0.000000 0.000000 144.000000 58.000000
3.7900 34.9200 47.5000 0.000000 0.000000 143.000000 57.000000
3.8000 34.8600 47.5000 0.000000 0.000000 143.000000 57.000000
3.8100 34.8600 47.5000 0.000000 0.000000 143.000000 57.000000
3.8200 34.8600 47.5500 0.000000 0.000000 143.000000 57.000000
3.8300 34.8600 47.5500 0.000000 0.000000 143.000000 57.000000
3.8400 34.8000 47.4500 0.000000 0.000000 143.000000 57.000000
3.8500 34.7500 47.3400 0.000000 0.000000 143.000000 57.000000
3.8600 34.7500 47.2300 0.000000 0.000000 143.000000 57.000000
3.8700 34.7500 47.1200 0.000000 0.000000 143.000000 57.000000
3.8800 34.8100 47.0200 0.000000 0.000000 142.000000 58.000000
3.8900 34.8100 46.9000 0.000000 0.000000 142.000000 58.000000
3.9000 34.8100 46.7600 0.000000 0.000000 142.000000 58.000000
3.9100 34.7200 46.6000 0.000000 0.000000 142.000000 58.000000
3.9200 34.7200 46.4400 0.000000 0.000000 142.000000 58.000000
3.9300 34.6600 46.3400 0.000000 0.000000 142.000000 58.000000
3.9400 34.6600 46.2700 0.000000 0.000000 142.000000 58.000000
3.9500 34.6600 46.2700 0.000000 0.000000 142.000000 58.000000
3.9600 34.6600 46.4100 0.000000 0.000000 142.000000 58.000000
3.9700 34.8100 46.6000 0.000000 0.000000 142.000000 58.000000
3.9800 34.9300 46.9100 0.000000 0.000000 142.000000 58.000000
3.9900 35.0500 47.2900 0.000000 0.000000 142.000000 58.000000
4.0000 35.1400 47.7200 0.000000 0.000000 142.000000 58.000000
4.0100 35.2200 48.1800 0.000000 0.000000 143.000000 59.000000
4.0200 35.2800 48.5700 0.000000 0.000000 143.000000 59.000000
4.0300 35.2800 48.5700 96.000000 1.000000 143.000000 59.000000
4.0400 35.1300 48.3200 180.000000 0.000000 146.000000 58.000000
4.0500 34.9900 47.8600 270.000000 0.000000 146.000000 58.000000
4.0600 34.9100 47.0500 361.000000 0.000000 147.000000 59.000000
4.0700 34.8500 46.0200 438.000000 0.000000 147.000000 59.000000
4.0800 34.8500 44.8500 501.000000 0.000000 149.000000 59.000000
4.0900 34.8500 43.6500 527.000000 0.000000 148.000000 60.000000
4.1000 35.0700 42.6300 540.000000 0.000000 148.000000 60.000000
4.1100 35.3600 41.7500 551.000000 0.000000 147.000000 61.000000
4.1200 35.6800 41.2200 560.000000 0.000000 147.000000 61.000000
4.1300 35.9600 40.9700 569.000000 0.000000 147.000000 61.000000
4.1400 36.0800 40.9200 578.000000 0.000000 147.000000 61.000000
4.1500 36.0800 41.0000 566.000000 0.000000 148.000000 61.000000
4.1600 36.0800 41.2900 540.000000 0.000000 148.000000 61.000000
4.1700 36.1400 41.7100 491.000000 0.000000 148.000000 61.000000
4.1800 36.0600 42.1600 504.000000 0.000000 148.000000 61.000000
4.1900 35.9000 42.5300 502.000000 0.000000 148.000000 61.000000
4.2000 35.8100 42.7100 499.000000 0.000000 148.000000 61.000000
4.2100 35.7600 42.8100 497.000000 0.000000 148.000000 61.000000
4.2200 35.7600 42.8100 499.000000 0.000000 148.000000 61.000000
4.2300 35.8600 42.8600 501.000000 0.000000 148.000000 61.000000
4.2400 35.9900 42.8000 502.000000 0.000000 148.000000 61.000000
4.2500 36.1900 42.7300 514.000000 0.000000 148.000000 61.000000
4.2600 36.4500 42.6200 520.000000 0.000000 148.000000 61.000000
4.2700 36.7400 42.6200 519.000000 0.000000 148.000000 61.000000
4.2800 37.0900 42.6200 526.000000 0.000000 148.000000 61.000000
4.2900 37.2900 42.5600 530.000000 0.000000 148.000000 61.000000
4.3000 37.3800 42.5600 530.000000 0.000000 148.000000 61.000000
4.3100 37.3800 42.5600 530.000000 0.000000 148.000000 61.000000
4.3200 37.3800 42.5600 514.000000 0.000000 147.000000 61.000000
4.3300 37.3800 42.7200 473.000000 0.000000 147.000000 61.000000
4.3400 37.4300 42.9200 448.000000 0.000000 145.000000 60.000000
4.3500 37.4800 43.1000 418.000000 0.000000 145.000000 60.000000
4.3600 37.4800 43.2500 396.000000 0.000000 144.000000 60.000000
4.3700 37.5500 43.3100 400.000000 0.000000 144.000000 60.000000
4.3800 37.4900 43.3100 404.000000 0.000000 142.000000 59.000000
4.3900 37.3800 43.2100 407.000000 0.000000 142.000000 59.000000
4.4000 37.1800 43.0500 433.000000 0.000000 142.000000 59.000000
4.4100 37.0100 42.8600 450.000000 0.000000 142.000000 59.000000
4.4200 36.9100 42.6500 469.000000 0.000000 144.000000 60.000000
4.4300 36.9100 42.4200 481.000000 0.000000 144.000000 60.000000
4.4400 36.9600 42.1800 483.000000 0.000000 145.000000 60.000000
4.4500 37.0800 41.9600 486.000000 0.000000 147.000000 61.000000
4.4600 37.2700 41.8900 490.000000 0.000000 147.000000 61.000000
4.4700 37.5000 41.8900 496.000000 0.000000 148.000000 61.000000
4.4800 37.7000 42.0500 488.000000 0.000000 148.000000 61.000000
4.4900 37.8700 42.2700 493.000000 0.000000 148.000000 61.000000
4.5000 38.0200 42.5500 491.000000 0.000000 147.000000 61.000000
4.5100 38.1100 42.8200 490.000000 0.000000 147.000000 61.000000
4.5200 38.1100 42.9500 495.000000 0.000000 145.000000 60.000000
4.5300 38.1100 43.0000 488.000000 0.000000 145.000000 60.000000
4.5400 38.1100 43.0000 499.000000 0.000000 145.000000 60.000000
4.5500 38.1100 42.7500 501.000000 0.000000 144.000000 60.000000
4.5600 38.1100 42.5500 505.000000 0.000000 144.000000 60.000000
4.5700 38.1700 42.3200 517.000000 0.000000 144.000000 60.000000
4.5800 38.2400 42.1100 513.000000 0.000000 144.000000 60.000000
4.5900 38.3200 42.0000 530.000000 0.000000 144.000000 60.000000
4.6000 38.4000 41.9400 537.000000 0.000000 144.000000 60.000000
4.6100 38.4500 41.9400 553.000000 0.000000 144.000000 60.000000
4.6200 38.4500 41.8700 557.000000 0.000000 144.000000 60.000000
4.6300 38.5500 41.8700 560.000000 0.000000 144.000000 60.000000
4.6400 38.6200 41.8700 592.000000 0.000000 145.000000 59.000000
4.6500 38.7200 41.8700 617.000000 0.000000 145.000000 59.000000
4.6600 38.8500 41.9500 613.000000 0.000000 146.000000 60.000000
4.6700 38.9600 42.2500 614.000000 0.000000 145.000000 60.000000
4.6800 39.0400 42.8100 595.000000 0.000000 145.000000 60.000000
4.6900 38.9800 43.5400 518.000000 0.000000 145.000000 60.000000
4.7000 38.7300 44.5700 397.000000 0.000000 145.000000 60.000000
4.7100 38.3600 45.8500 257.000000 0.000000 144.000000 60.000000
4.7200 37.8200 47.2900 200.000000 0.000000 144.000000 60.000000
4.7300 37.1100 48.7100 190.000000 0.000000 144.000000 60.000000
4.7400 36.2900 49.6200 195.000000 0.000000 143.000000 59.000000
4.7500 35.1300 50.2000 170.000000 0.000000 143.000000 59.000000
4.7600 33.5100 50.2900 117.000000 0.000000 144.000000 58.000000
4.7700 31.5700 50.1400 132.000000 0.000000 146.000000 57.000000
4.7800 29.2500 49.8400 158.000000 0.000000 147.000000 56.000000
4.7900 26.7600 49.3300 242.000000 0.000000 147.000000 56.000000
4.8000 24.1500 48.6500 418.000000 0.000000 147.000000 56.000000
4.8100 21.7200 47.8700 527.000000 0.000000 147.000000 56.000000
4.8200 19.9600 47.1800 588.000000 0.000000 147.000000 56.000000
4.8300 18.6500 46.5200 589.000000 0.000000 145.000000 56.000000
4.8400 18.1100 45.8700 595.000000 0.000000 144.000000 57.000000
4.8500 17.9000 45.1900 592.000000 0.000000 143.000000 57.000000
4.8600 17.9000 44.4700 591.000000 0.000000 142.000000 57.000000
4.8700 18.2700 43.6800 592.000000 0.000000 140.000000 58.000000
4.8800 19.2000 42.8700 599.000000 0.000000 140.000000 58.000000
4.8900 20.5200 42.3500 595.000000 0.000000 139.000000 58.000000
4.9000 22.7400 42.0200 585.000000 0.000000 139.000000 58.000000
4.9100 25.4400 41.8800 586.000000 0.000000 139.000000 58.000000
4.9200 28.4700 41.8100 586.000000 0.000000 141.000000 59.000000
4.9300 31.7800 41.8100 589.000000 0.000000 141.000000 59.000000
4.9400 34.7600 41.7400 580.000000 0.000000 143.000000 59.000000
4.9500 37.5100 41.9000 536.000000 0.000000 143.000000 59.000000
4.9600 39.2200 42.2200 404.000000 0.000000 145.000000 59.000000
4.9700 39.8700 42.6100 233.000000 0.000000 145.000000 59.000000
4.9800 39.8200 43.1900 183.000000 0.000000 144.000000 60.000000
4.9900 38.7500 43.9000 249.000000 0.000000 144.000000 60.000000
5.0000 36.8500 44.6700 399.000000 0.000000 144.000000 60.000000
5.0100 34.4000 45.4100 498.000000 0.000000 144.000000 60.000000
5.0200 31.4700 46.1300 564.000000 0.000000 144.000000 60.000000
5.0300 28.4000 46.4900 588.000000 0.000000 144.000000 60.000000
5.0400 25.2400 46.4100 642.000000 0.000000 144.000000 60.000000
5.0500 22.1900 46.0400 637.000000 0.000000 142.000000 59.000000
5.0600 19.8100 45.5000 664.000000 0.000000 142.000000 59.000000
5.0700 17.8700 44.9400 665.000000 0.000000 142.000000 59.000000
5.0800 17.4600 44.4700 664.000000 0.000000 142.000000 59.000000
5.0900 18.3900 44.0700 719.000000 0.000000 142.000000 59.000000
5.1000 20.2200 43.7300 777.000000 0.000000 142.000000 59.000000
5.1100 24.1500 43.5500 828.000000 0.000000 145.000000 59.000000
5.1200 29.1500 43.4800 902.000000 0.000000 145.000000 59.000000
5.1300 34.8600 43.4800 948.000000 0.000000 145.000000 59.000000
5.1400 40.3400 43.4800 950.000000 0.000000 146.000000 60.000000
5.1500 44.3000 43.3900 935.000000 0.000000 148.000000 60.000000
5.1600 47.2400 43.3300 882.000000 0.000000 148.000000 60.000000
5.1700 48.6800 43.3300 665.000000 0.000000 150.000000 60.000000
