0.0000 52.1100 27.7800 265.000000 1.000000 96.000000 65.000000
0.0100 52.1100 27.7800 379.000000 0.000000 96.000000 65.000000
0.0200 52.1100 27.7800 498.000000 0.000000 97.000000 66.000000
0.0300 52.1100 27.7800 617.000000 0.000000 97.000000 66.000000
0.0400 52.5600 27.7200 679.000000 0.000000 97.000000 66.000000
0.0500 52.9400 28.1300 746.000000 0.000000 97.000000 66.000000
0.0600 53.4400 28.8500 794.000000 0.000000 97.000000 66.000000
0.0700 53.8800 29.7900 824.000000 0.000000 99.000000 66.000000
0.0800 54.3200 31.0400 808.000000 0.000000 99.000000 67.000000
0.0900 54.6000 32.6300 803.000000 0.000000 99.000000 67.000000
0.1000 54.7700 34.4600 812.000000 0.000000 102.000000 67.000000
0.1100 54.8200 35.6400 811.000000 0.000000 102.000000 67.000000
0.1200 54.7000 36.3200 818.000000 0.000000 104.000000 66.000000
0.1300 54.4700 36.6800 842.000000 0.000000 104.000000 66.000000
0.1400 54.1400 36.5800 861.000000 0.000000 104.000000 66.000000
0.1500 53.8400 36.0400 885.000000 0.000000 107.000000 67.000000
0.1600 53.8400 35.2200 892.000000 0.000000 107.000000 67.000000
0.1700 53.9900 33.5300 908.000000 0.000000 107.000000 67.000000
0.1800 54.4300 31.7000 892.000000 0.000000 107.000000 67.000000
0.1900 55.0400 29.7900 894.000000 0.000000 107.000000 67.000000
0.2000 55.7600 28.2300 899.000000 0.000000 107.000000 67.000000
0.2100 56.5000 26.9700 902.000000 0.000000 105.000000 68.000000
0.2200 57.0500 25.9200 909.000000 0.000000 105.000000 68.000000
0.2300 57.4600 25.2200 914.000000 0.000000 103.000000 69.000000
0.2400 57.5300 24.8700 921.000000 0.000000 101.000000 70.000000
0.2500 57.3200 24.7500 915.000000 0.000000 98.000000 70.000000
0.2600 56.9300 24.6200 915.000000 0.000000 95.000000 70.000000
0.2700 56.2300 24.4800 909.000000 0.000000 93.000000 70.000000
0.2800 55.3300 24.3300 905.000000 0.000000 90.000000 70.000000
0.2900 54.3000 24.1600 921.000000 0.000000 90.000000 70.000000
0.3000 53.4600 23.9900 921.000000 0.000000 90.000000 70.000000
0.3100 53.0200 23.9200 923.000000 0.000000 90.000000 70.000000
0.3200 52.8500 23.9200 926.000000 0.000000 90.000000 70.000000
0.3300 52.8500 23.9200 924.000000 0.000000 90.000000 70.000000
0.3400 52.9500 23.9200 942.000000 0.000000 90.000000 70.000000
0.3500 53.2200 23.9900 940.000000 0.000000 90.000000 69.000000
0.3600 53.6100 24.0400 943.000000 0.000000 90.000000 69.000000
0.3700 54.0400 24.2500 946.000000 0.000000 90.000000 69.000000
0.3800 54.4800 24.4600 955.000000 0.000000 90.000000 69.000000
0.3900 54.9400 24.8000 955.000000 0.000000 90.000000 69.000000
0.4000 55.3800 25.2400 956.000000 0.000000 90.000000 69.000000
0.4100 55.8300 25.5500 955.000000 0.000000 90.000000 70.000000
0.4200 56.0500 25.7200 956.000000 0.000000 90.000000 70.000000
0.4300 56.1200 25.7900 956.000000 0.000000 90.000000 70.000000
0.4400 56.1200 25.7900 956.000000 0.000000 90.000000 70.000000
0.4500 56.1200 25.7900 955.000000 0.000000 90.000000 70.000000
0.4600 56.1200 25.7900 952.000000 0.000000 90.000000 70.000000
0.4700 56.1200 25.7900 949.000000 0.000000 90.000000 70.000000
0.4800 56.1200 25.7900 947.000000 0.000000 90.000000 70.000000
0.4900 56.1200 25.7900 946.000000 0.000000 90.000000 70.000000
0.5000 56.1200 25.7900 947.000000 0.000000 90.000000 70.000000
0.5100 56.1200 25.7900 959.000000 0.000000 90.000000 70.000000
0.5200 56.1200 25.7900 983.000000 0.000000 90.000000 70.000000
0.5300 56.1200 25.7900 979.000000 0.000000 90.000000 70.000000
0.5400 56.1200 25.7900 997.000000 0.000000 90.000000 70.000000
0.5500 56.1200 25.7900 1008.000000 0.000000 90.000000 70.000000
0.5600 56.1200 25.7400 1009.000000 0.000000 90.000000 70.000000
0.5700 56.1200 25.7400 1003.000000 0.000000 90.000000 71.000000
0.5800 56.1200 25.7400 997.000000 0.000000 90.000000 71.000000
0.5900 56.1200 25.7400 991.000000 0.000000 93.000000 71.000000
0.6000 56.1200 25.7400 988.000000 0.000000 93.000000 71.000000
0.6100 56.1200 25.7400 985.000000 0.000000 93.000000 71.000000
0.6200 56.1200 25.7400 981.000000 0.000000 93.000000 71.000000
0.6300 56.1200 25.7900 985.000000 0.000000 93.000000 71.000000
0.6400 56.2700 25.9500 985.000000 0.000000 93.000000 71.000000
0.6500 56.5900 26.2100 985.000000 0.000000 93.000000 71.000000
0.6600 57.0200 26.7300 985.000000 0.000000 93.000000 71.000000
0.6700 57.4800 27.3300 981.000000 0.000000 93.000000 71.000000
0.6800 57.9200 27.9900 981.000000 0.000000 93.000000 71.000000
0.6900 58.2600 28.7500 987.000000 0.000000 96.000000 71.000000
0.7000 58.5400 29.3800 987.000000 0.000000 98.000000 70.000000
0.7100 58.6500 29.9200 987.000000 0.000000 98.000000 70.000000
0.7200 58.5600 30.3000 982.000000 0.000000 101.000000 70.000000
0.7300 58.3400 30.6600 979.000000 0.000000 103.000000 69.000000
0.7400 58.0600 30.8600 995.000000 0.000000 105.000000 68.000000
0.7500 57.7500 30.9700 985.000000 0.000000 108.000000 68.000000
0.7600 57.4100 30.9700 989.000000 0.000000 107.000000 67.000000
0.7700 57.1800 30.8600 982.000000 0.000000 110.000000 68.000000
0.7800 56.9900 30.5500 974.000000 0.000000 110.000000 68.000000
0.7900 56.8700 30.1100 976.000000 0.000000 110.000000 68.000000
0.8000 56.9300 29.5900 973.000000 0.000000 111.000000 69.000000
0.8100 57.1000 28.9900 967.000000 0.000000 111.000000 69.000000
0.8200 57.2700 28.4400 958.000000 0.000000 112.000000 70.000000
0.8300 57.4700 27.9600 953.000000 0.000000 110.000000 70.000000
0.8400 57.6900 27.7300 951.000000 0.000000 111.000000 71.000000
0.8500 57.9000 27.7300 951.000000 0.000000 111.000000 71.000000
0.8600 58.0900 27.8400 933.000000 0.000000 108.000000 71.000000
0.8700 58.3100 28.0900 938.000000 0.000000 107.000000 70.000000
0.8800 58.5200 28.4600 938.000000 0.000000 107.000000 70.000000
0.8900 58.6900 28.9100 943.000000 0.000000 106.000000 69.000000
0.9000 58.8400 29.3300 940.000000 0.000000 106.000000 69.000000
0.9100 58.9900 29.7800 934.000000 0.000000 105.000000 68.000000
0.9200 59.0800 30.2400 939.000000 0.000000 105.000000 68.000000
0.9300 59.1400 30.6400 939.000000 0.000000 108.000000 68.000000
0.9400 59.1400 30.9500 942.000000 0.000000 107.000000 67.000000
0.9500 59.0600 31.1800 933.000000 0.000000 107.000000 67.000000
0.9600 59.0600 31.3100 944.000000 0.000000 109.000000 67.000000
0.9700 58.9900 31.3700 947.000000 0.000000 109.000000 67.000000
0.9800 58.9900 31.3700 947.000000 0.000000 109.000000 67.000000
0.9900 58.9900 31.3200 946.000000 0.000000 111.000000 67.000000
1.0000 58.9900 31.3200 943.000000 0.000000 111.000000 67.000000
1.0100 58.9900 31.2600 938.000000 0.000000 111.000000 67.000000
1.0200 58.9900 31.2600 937.000000 0.000000 111.000000 67.000000
1.0300 58.9900 31.2100 938.000000 0.000000 111.000000 67.000000
1.0400 58.9900 31.2100 938.000000 0.000000 111.000000 67.000000
1.0500 58.9900 31.1200 937.000000 0.000000 111.000000 67.000000
1.0600 58.9900 31.0500 937.000000 0.000000 111.000000 67.000000
1.0700 59.0400 31.0000 937.000000 0.000000 111.000000 67.000000
1.0800 59.0400 30.9500 937.000000 0.000000 111.000000 67.000000
1.0900 59.1300 30.8300 940.000000 0.000000 112.000000 67.000000
1.1000 59.2200 30.6800 940.000000 0.000000 112.000000 67.000000
1.1100 59.3900 30.4900 941.000000 0.000000 112.000000 67.000000
1.1200 59.6200 30.3000 944.000000 0.000000 112.000000 67.000000
1.1300 59.8600 30.1100 944.000000 0.000000 112.000000 67.000000
1.1400 60.0700 29.9400 940.000000 0.000000 112.000000 67.000000
1.1500 60.2300 29.8800 937.000000 0.000000 112.000000 67.000000
1.1600 60.3800 29.8800 937.000000 0.000000 112.000000 67.000000
1.1700 60.5300 29.9700 937.000000 0.000000 110.000000 68.000000
1.1800 60.6200 30.0700 940.000000 0.000000 110.000000 68.000000
1.1900 60.6800 30.1800 943.000000 0.000000 110.000000 68.000000
1.2000 60.5900 30.2700 944.000000 0.000000 110.000000 68.000000
1.2100 60.4000 30.3600 949.000000 0.000000 110.000000 68.000000
1.2200 60.1500 30.3000 943.000000 0.000000 110.000000 68.000000
1.2300 59.8500 30.1400 944.000000 0.000000 110.000000 68.000000
1.2400 59.5700 29.9400 937.000000 0.000000 110.000000 68.000000
1.2500 59.3400 29.6800 935.000000 0.000000 110.000000 68.000000
1.2600 59.2300 29.3900 950.000000 0.000000 110.000000 68.000000
1.2700 59.2300 29.1000 942.000000 0.000000 110.000000 68.000000
1.2800 59.2300 28.8900 941.000000 0.000000 110.000000 68.000000
1.2900 59.2300 28.7900 939.000000 0.000000 110.000000 68.000000
1.3000 59.2300 28.7900 942.000000 0.000000 110.000000 68.000000
1.3100 59.2300 28.7000 951.000000 0.000000 110.000000 68.000000
1.3200 59.2300 28.6500 944.000000 0.000000 110.000000 68.000000
1.3300 59.2300 28.6500 949.000000 0.000000 110.000000 68.000000
1.3400 59.1200 28.6000 943.000000 0.000000 110.000000 68.000000
1.3500 59.0200 28.6000 940.000000 0.000000 110.000000 68.000000
1.3600 58.9500 28.5300 939.000000 0.000000 110.000000 68.000000
1.3700 58.9500 28.5300 882.000000 0.000000 110.000000 68.000000
1.3800 58.9500 28.5300 785.000000 0.000000 110.000000 68.000000
1.3900 58.9500 28.5900 619.000000 0.000000 110.000000 68.000000
1.4000 59.0800 28.6400 222.000000 0.000000 110.000000 68.000000
1.4100 59.0800 28.6400 0.000000 1.000000 110.000000 68.000000
1.4200 59.4900 28.7600 0.000000 0.000000 109.000000 69.000000
1.4300 59.5700 28.7600 0.000000 0.000000 109.000000 69.000000
1.4400 59.5700 28.7600 0.000000 0.000000 109.000000 69.000000
1.4500 59.6600 28.8500 0.000000 0.000000 109.000000 69.000000
1.4600 59.7500 28.9200 0.000000 0.000000 109.000000 69.000000
1.4700 59.8400 29.0000 0.000000 0.000000 109.000000 69.000000
1.4800 59.9300 29.0800 0.000000 0.000000 109.000000 69.000000
1.4900 60.0000 29.1600 0.000000 0.000000 109.000000 69.000000
1.5000 60.0500 29.2400 0.000000 0.000000 106.000000 69.000000
1.5100 60.1100 29.3100 0.000000 0.000000 106.000000 69.000000
1.5200 60.1100 29.3600 0.000000 0.000000 105.000000 68.000000
1.5300 60.1800 29.3600 0.000000 0.000000 105.000000 68.000000
1.5400 60.1800 29.3600 0.000000 0.000000 105.000000 68.000000
1.5500 60.1800 29.3600 0.000000 0.000000 105.000000 68.000000
1.5600 60.3000 29.3600 0.000000 0.000000 108.000000 68.000000
1.5700 60.4000 29.3600 0.000000 0.000000 108.000000 68.000000
1.5800 60.4900 29.3600 0.000000 0.000000 108.000000 68.000000
1.5900 60.5600 29.3600 0.000000 0.000000 108.000000 68.000000
1.6000 60.6300 29.3600 0.000000 0.000000 109.000000 69.000000
1.6100 60.6900 29.4300 0.000000 0.000000 109.000000 69.000000
1.6200 60.7700 29.5500 0.000000 0.000000 109.000000 69.000000
1.6300 60.8700 29.6900 0.000000 0.000000 109.000000 69.000000
1.6400 60.8700 29.6900 202.000000 1.000000 110.000000 70.000000
1.6500 60.9200 30.0000 399.000000 0.000000 110.000000 70.000000
1.6600 60.9200 30.0900 564.000000 0.000000 110.000000 70.000000
1.6700 60.9200 30.0900 691.000000 0.000000 112.000000 70.000000
1.6800 60.9200 30.0900 758.000000 0.000000 112.000000 70.000000
1.6900 60.9200 30.0900 785.000000 0.000000 112.000000 70.000000
1.7000 61.1600 30.1400 796.000000 0.000000 112.000000 70.000000
1.7100 61.4000 30.3100 823.000000 0.000000 112.000000 70.000000
1.7200 61.6700 30.5600 831.000000 0.000000 112.000000 70.000000
1.7300 61.9000 30.7800 861.000000 0.000000 112.000000 70.000000
1.7400 61.9800 30.9500 909.000000 0.000000 112.000000 70.000000
1.7500 61.9800 31.0500 929.000000 0.000000 111.000000 69.000000
1.7600 61.8200 31.1200 973.000000 0.000000 111.000000 69.000000
1.7700 61.5700 31.1200 991.000000 0.000000 114.000000 68.000000
1.7800 61.2500 30.9400 987.000000 0.000000 115.000000 69.000000
1.7900 60.8500 30.6600 1015.000000 0.000000 115.000000 69.000000
1.8000 60.4500 30.0400 1023.000000 0.000000 115.000000 69.000000
1.8100 60.3400 29.6200 1023.000000 0.000000 115.000000 69.000000
1.8200 60.4300 29.3400 1023.000000 0.000000 114.000000 68.000000
1.8300 60.6900 29.0500 1018.000000 0.000000 114.000000 68.000000
1.8400 61.0000 28.8900 982.000000 0.000000 114.000000 68.000000
1.8500 61.2800 28.8100 982.000000 0.000000 111.000000 69.000000
1.8600 61.5300 28.8100 923.000000 0.000000 111.000000 69.000000
1.8700 61.6900 28.9900 818.000000 0.000000 111.000000 69.000000
1.8800 61.7800 29.2100 597.000000 0.000000 111.000000 69.000000
1.8900 61.7800 29.2100 0.000000 1.000000 111.000000 69.000000
1.9000 61.7800 29.5500 0.000000 0.000000 111.000000 69.000000
1.9100 61.7200 29.6200 0.000000 0.000000 111.000000 69.000000
1.9200 61.5800 29.6200 0.000000 0.000000 112.000000 70.000000
1.9300 61.5200 29.6900 0.000000 0.000000 112.000000 70.000000
1.9400 61.6300 29.7700 0.000000 0.000000 112.000000 70.000000
1.9500 61.8400 29.8800 0.000000 0.000000 110.000000 70.000000
1.9600 62.1000 30.0100 0.000000 0.000000 110.000000 70.000000
1.9700 62.3000 30.1800 0.000000 0.000000 109.000000 69.000000
1.9800 62.4600 30.3900 0.000000 0.000000 109.000000 69.000000
1.9900 62.4600 30.5500 0.000000 0.000000 109.000000 69.000000
2.0000 62.3900 30.6900 0.000000 0.000000 108.000000 68.000000
2.0100 62.1700 30.7800 0.000000 0.000000 108.000000 68.000000
2.0200 61.9700 30.8700 0.000000 0.000000 110.000000 68.000000
2.0300 61.8300 30.9700 0.000000 0.000000 110.000000 68.000000
2.0400 61.8300 30.9700 700.000000 1.000000 110.000000 68.000000
2.0500 61.9600 31.3700 728.000000 0.000000 114.000000 68.000000
2.0600 62.1100 31.7800 684.000000 0.000000 114.000000 68.000000
2.0700 62.5600 32.2600 412.000000 0.000000 114.000000 68.000000
2.0800 62.5600 32.2600 0.000000 1.000000 117.000000 69.000000
2.0900 63.7000 33.6000 0.000000 0.000000 117.000000 69.000000
2.1000 63.7500 33.9200 0.000000 0.000000 118.000000 70.000000
2.1100 63.5200 34.0200 0.000000 0.000000 118.000000 70.000000
2.1200 63.3300 33.9200 0.000000 0.000000 121.000000 69.000000
2.1300 63.1800 33.7500 0.000000 0.000000 121.000000 69.000000
2.1400 63.2700 33.5300 0.000000 0.000000 123.000000 69.000000
2.1500 63.5100 33.1200 0.000000 0.000000 124.000000 67.000000
2.1600 63.9800 32.9600 0.000000 0.000000 126.000000 67.000000
2.1700 64.6600 32.9600 0.000000 0.000000 128.000000 66.000000
2.1800 65.4800 32.7900 0.000000 0.000000 131.000000 67.000000
2.1900 66.2100 32.6200 0.000000 0.000000 133.000000 67.000000
2.2000 66.9200 32.4400 0.000000 0.000000 135.000000 68.000000
2.2100 67.6200 32.2600 0.000000 0.000000 139.000000 68.000000
2.2200 68.2400 32.0900 0.000000 0.000000 141.000000 68.000000
2.2300 68.7800 31.9200 0.000000 0.000000 139.000000 69.000000
2.2400 69.2700 31.7500 0.000000 0.000000 137.000000 69.000000
2.2500 69.6200 31.5800 0.000000 0.000000 133.000000 69.000000
2.2600 69.7800 31.3900 0.000000 0.000000 131.000000 68.000000
2.2700 69.7800 31.2100 0.000000 0.000000 126.000000 67.000000
2.2800 69.5900 30.9900 0.000000 0.000000 123.000000 65.000000
2.2900 69.2500 30.7300 0.000000 0.000000 119.000000 64.000000
2.3000 68.8400 30.5700 0.000000 0.000000 117.000000 63.000000
2.3100 68.2800 30.5000 0.000000 0.000000 115.000000 63.000000
2.3200 67.7600 30.3200 0.000000 0.000000 116.000000 64.000000
2.3300 67.2800 30.1900 0.000000 0.000000 115.000000 65.000000
2.3400 66.9400 30.0900 0.000000 0.000000 117.000000 67.000000
2.3500 66.6900 30.0300 0.000000 0.000000 118.000000 68.000000
2.3600 66.4700 29.9500 0.000000 0.000000 119.000000 68.000000
2.3700 66.2700 29.8500 0.000000 0.000000 118.000000 70.000000
2.3800 66.1200 29.7600 0.000000 0.000000 120.000000 71.000000
2.3900 66.0200 29.7100 0.000000 0.000000 122.000000 71.000000
2.4000 65.9500 29.7100 0.000000 0.000000 122.000000 71.000000
2.4100 65.8200 29.7100 0.000000 0.000000 119.000000 72.000000
2.4200 65.6500 29.7100 0.000000 0.000000 119.000000 72.000000
2.4300 65.4800 29.7100 0.000000 0.000000 119.000000 72.000000
2.4400 65.3100 29.7600 0.000000 0.000000 119.000000 72.000000
2.4500 65.1400 29.8300 0.000000 0.000000 117.000000 71.000000
2.4600 65.0100 29.9000 0.000000 0.000000 117.000000 71.000000
2.4700 64.9000 30.0900 0.000000 0.000000 117.000000 71.000000
2.4800 64.8500 30.3100 0.000000 0.000000 117.000000 71.000000
2.4900 64.8500 30.5600 0.000000 0.000000 117.000000 71.000000
2.5000 64.8500 30.9600 0.000000 0.000000 116.000000 70.000000
2.5100 64.9000 31.4600 0.000000 0.000000 116.000000 70.000000
2.5200 65.0200 32.0200 0.000000 0.000000 118.000000 70.000000
2.5300 65.1500 32.6200 0.000000 0.000000 118.000000 70.000000
2.5400 65.1500 32.6200 142.000000 1.000000 118.000000 70.000000
2.5500 65.3600 33.5700 450.000000 0.000000 121.000000 69.000000
2.5600 65.3600 33.6300 564.000000 0.000000 121.000000 69.000000
2.5700 65.2900 33.4600 671.000000 0.000000 121.000000 69.000000
2.5800 65.1800 33.1100 733.000000 0.000000 121.000000 69.000000
2.5900 65.0600 32.3100 774.000000 0.000000 121.000000 69.000000
2.6000 64.9300 31.2100 760.000000 0.000000 121.000000 69.000000
2.6100 64.8300 30.2300 757.000000 0.000000 121.000000 69.000000
2.6200 64.8300 29.4800 722.000000 0.000000 121.000000 69.000000
2.6300 64.8300 28.8800 696.000000 0.000000 118.000000 70.000000
2.6400 64.9400 28.5200 638.000000 0.000000 118.000000 70.000000
2.6500 64.9400 28.4700 560.000000 0.000000 118.000000 70.000000
2.6600 64.9400 28.6200 519.000000 0.000000 118.000000 70.000000
2.6700 64.9400 29.0600 493.000000 0.000000 116.000000 70.000000
2.6800 64.9400 29.6900 474.000000 0.000000 116.000000 70.000000
2.6900 64.9400 30.4500 486.000000 0.000000 116.000000 70.000000
2.7000 64.9400 31.2500 541.000000 0.000000 116.000000 70.000000
2.7100 65.0200 32.0600 595.000000 0.000000 116.000000 70.000000
2.7200 65.1200 32.8600 655.000000 0.000000 118.000000 70.000000
2.7300 65.2300 33.3700 720.000000 0.000000 118.000000 70.000000
2.7400 65.3300 33.6700 785.000000 0.000000 118.000000 70.000000
2.7500 65.4300 33.6700 843.000000 0.000000 118.000000 70.000000
2.7600 65.5500 33.4000 884.000000 0.000000 118.000000 70.000000
2.7700 65.7600 32.9900 947.000000 0.000000 118.000000 70.000000
2.7800 65.9900 32.0900 974.000000 0.000000 118.000000 70.000000
2.7900 66.2600 31.1800 985.000000 0.000000 118.000000 70.000000
2.8000 66.5500 30.2400 991.000000 0.000000 121.000000 69.000000
2.8100 66.8500 29.2700 973.000000 0.000000 118.000000 70.000000
2.8200 67.0200 28.7000 950.000000 0.000000 120.000000 71.000000
2.8300 67.1200 28.3900 854.000000 0.000000 120.000000 71.000000
2.8400 67.1200 28.3000 693.000000 0.000000 117.000000 71.000000
2.8500 67.1200 28.4300 442.000000 0.000000 117.000000 71.000000
2.8600 67.0100 28.7100 93.000000 0.000000 117.000000 71.000000
2.8700 67.0100 28.7100 0.000000 1.000000 117.000000 71.000000
2.8800 66.5000 29.4100 0.000000 0.000000 117.000000 71.000000
2.8900 66.2200 29.7600 0.000000 0.000000 117.000000 71.000000
2.9000 66.0100 29.9400 0.000000 0.000000 117.000000 71.000000
2.9100 65.7900 29.9400 0.000000 0.000000 117.000000 71.000000
2.9200 65.5800 29.8600 0.000000 0.000000 117.000000 71.000000
2.9300 65.3800 29.7700 0.000000 0.000000 117.000000 71.000000
2.9400 65.1700 29.7100 0.000000 0.000000 116.000000 70.000000
2.9500 64.9600 29.7100 0.000000 0.000000 116.000000 70.000000
2.9600 64.7700 29.7100 0.000000 0.000000 116.000000 70.000000
2.9700 64.6400 29.7100 0.000000 0.000000 116.000000 70.000000
2.9800 64.5700 29.7100 0.000000 0.000000 115.000000 69.000000
2.9900 64.5000 29.7100 0.000000 0.000000 115.000000 69.000000
3.0000 64.4200 29.7100 0.000000 0.000000 115.000000 69.000000
3.0100 64.4200 29.7100 139.000000 1.000000 115.000000 69.000000
3.0200 64.4200 29.7100 391.000000 0.000000 115.000000 69.000000
3.0300 64.4200 29.7100 512.000000 0.000000 115.000000 69.000000
3.0400 64.4200 29.7100 676.000000 0.000000 117.000000 69.000000
3.0500 64.7700 29.3900 734.000000 0.000000 117.000000 69.000000
3.0600 65.1000 29.2500 777.000000 0.000000 115.000000 69.000000
3.0700 65.5600 29.2500 794.000000 0.000000 115.000000 69.000000
3.0800 66.0800 29.4400 794.000000 0.000000 115.000000 69.000000
3.0900 66.6600 29.8300 806.000000 0.000000 116.000000 70.000000
3.1000 67.2300 30.3900 805.000000 0.000000 116.000000 70.000000
3.1100 67.5900 31.0600 783.000000 0.000000 116.000000 70.000000
3.1200 67.8100 32.0300 791.000000 0.000000 118.000000 70.000000
3.1300 67.9600 32.9900 760.000000 0.000000 118.000000 70.000000
3.1400 67.8900 33.9500 762.000000 0.000000 120.000000 71.000000
3.1500 67.6600 34.7500 777.000000 0.000000 120.000000 71.000000
3.1600 67.4300 35.2400 805.000000 0.000000 120.000000 71.000000
3.1700 67.2000 35.5300 842.000000 0.000000 120.000000 71.000000
3.1800 67.1300 35.5300 860.000000 0.000000 120.000000 71.000000
3.1900 67.1300 35.4800 882.000000 0.000000 120.000000 71.000000
3.2000 67.1300 35.0500 908.000000 0.000000 120.000000 71.000000
3.2100 67.1300 34.3700 930.000000 0.000000 120.000000 71.000000
3.2200 67.1300 33.3500 950.000000 0.000000 120.000000 71.000000
3.2300 67.3100 32.1300 950.000000 0.000000 120.000000 71.000000
3.2400 67.5500 30.7700 974.000000 0.000000 122.000000 70.000000
3.2500 67.8400 29.8400 992.000000 0.000000 122.000000 70.000000
3.2600 68.0900 29.2000 991.000000 0.000000 120.000000 71.000000
3.2700 68.2300 28.7600 990.000000 0.000000 120.000000 71.000000
3.2800 68.3100 28.6600 981.000000 0.000000 120.000000 71.000000
3.2900 68.3100 28.6600 988.000000 0.000000 120.000000 71.000000
3.3000 68.3100 28.6600 973.000000 0.000000 120.000000 71.000000
3.3100 68.3100 28.6600 948.000000 0.000000 117.000000 71.000000
3.3200 68.3100 28.6600 891.000000 0.000000 116.000000 70.000000
3.3300 68.3100 28.6600 815.000000 0.000000 116.000000 70.000000
3.3400 68.3100 28.7100 758.000000 0.000000 115.000000 69.000000
3.3500 68.3100 28.7100 690.000000 0.000000 115.000000 69.000000
3.3600 68.3100 28.7100 642.000000 0.000000 115.000000 69.000000
3.3700 68.3100 28.7600 581.000000 0.000000 114.000000 68.000000
3.3800 68.3100 28.7600 519.000000 0.000000 114.000000 68.000000
3.3900 68.3100 28.8200 460.000000 0.000000 114.000000 68.000000
3.4000 68.3100 28.8200 302.000000 0.000000 114.000000 68.000000
3.4100 68.3100 28.8200 173.000000 0.000000 114.000000 68.000000
3.4200 68.3100 28.8200 170.000000 0.000000 114.000000 68.000000
3.4300 68.3100 28.8200 120.000000 0.000000 114.000000 68.000000
3.4400 68.3100 28.8200 108.000000 0.000000 115.000000 69.000000
3.4500 68.3600 28.9100 107.000000 0.000000 115.000000 69.000000
3.4600 68.3600 29.0200 91.000000 0.000000 115.000000 69.000000
3.4700 68.4100 29.1700 24.000000 0.000000 115.000000 69.000000
3.4800 68.4100 29.1700 0.000000 1.000000 116.000000 70.000000
3.4900 68.4100 29.5500 0.000000 0.000000 116.000000 70.000000
3.5000 68.4100 29.8100 0.000000 0.000000 116.000000 70.000000
3.5100 68.4100 30.1100 0.000000 0.000000 116.000000 70.000000
3.5200 68.5100 30.5200 0.000000 0.000000 116.000000 70.000000
3.5300 68.5700 31.0500 0.000000 0.000000 116.000000 70.000000
3.5400 68.5700 31.0500 247.000000 1.000000 116.000000 70.000000
3.5500 68.7400 32.1700 431.000000 0.000000 120.000000 71.000000
3.5600 68.7400 32.6200 584.000000 0.000000 120.000000 71.000000
3.5700 68.7400 32.8100 699.000000 0.000000 120.000000 71.000000
3.5800 68.8000 32.8100 780.000000 0.000000 120.000000 71.000000
3.5900 68.8500 32.7300 836.000000 0.000000 118.000000 70.000000
3.6000 68.9300 32.3100 863.000000 0.000000 118.000000 70.000000
3.6100 69.0200 31.6800 866.000000 0.000000 118.000000 70.000000
3.6200 69.1000 30.8800 869.000000 0.000000 118.000000 70.000000
3.6300 69.1000 30.2900 853.000000 0.000000 117.000000 69.000000
3.6400 69.1000 29.8500 857.000000 0.000000 117.000000 69.000000
3.6500 69.1700 29.6800 866.000000 0.000000 117.000000 69.000000
3.6600 69.1700 29.6800 854.000000 0.000000 116.000000 68.000000
3.6700 69.2200 29.7800 836.000000 0.000000 117.000000 69.000000
3.6800 69.2800 30.0000 828.000000 0.000000 117.000000 69.000000
3.6900 69.5200 30.4700 818.000000 0.000000 117.000000 69.000000
3.7000 69.8700 31.1100 824.000000 0.000000 117.000000 69.000000
3.7100 70.2600 31.5000 815.000000 0.000000 117.000000 69.000000
3.7200 70.4900 31.6000 820.000000 0.000000 117.000000 69.000000
3.7300 70.6100 31.5100 832.000000 0.000000 117.000000 69.000000
3.7400 70.6100 31.3400 833.000000 0.000000 117.000000 69.000000
3.7500 70.5500 30.9100 867.000000 0.000000 117.000000 69.000000
3.7600 70.3500 30.3000 887.000000 0.000000 117.000000 69.000000
3.7700 70.0000 29.7900 906.000000 0.000000 118.000000 70.000000
3.7800 69.6600 29.4600 918.000000 0.000000 118.000000 70.000000
3.7900 69.3400 29.2600 951.000000 0.000000 118.000000 70.000000
3.8000 69.1200 29.2600 948.000000 0.000000 118.000000 70.000000
3.8100 68.9600 29.3300 908.000000 0.000000 118.000000 70.000000
3.8200 68.8000 29.5100 891.000000 0.000000 116.000000 70.000000
3.8300 68.6900 29.7100 825.000000 0.000000 115.000000 69.000000
3.8400 68.6900 29.8800 727.000000 0.000000 115.000000 69.000000
3.8500 68.6900 30.0100 668.000000 0.000000 115.000000 69.000000
3.8600 68.8600 30.1200 617.000000 0.000000 115.000000 69.000000
3.8700 69.1000 30.2100 589.000000 0.000000 115.000000 69.000000
3.8800 69.3900 30.2100 589.000000 0.000000 115.000000 69.000000
3.8900 69.7100 30.2100 599.000000 0.000000 115.000000 69.000000
3.9000 70.0300 30.2100 619.000000 0.000000 115.000000 69.000000
3.9100 70.3300 30.2600 644.000000 0.000000 115.000000 69.000000
3.9200 70.6500 30.3500 700.000000 0.000000 115.000000 69.000000
3.9300 70.9400 30.5000 755.000000 0.000000 115.000000 69.000000
3.9400 71.2100 30.7500 787.000000 0.000000 116.000000 70.000000
3.9500 71.4600 31.1200 824.000000 0.000000 116.000000 70.000000
3.9600 71.5100 31.5800 854.000000 0.000000 116.000000 70.000000
3.9700 71.4200 31.8900 881.000000 0.000000 118.000000 70.000000
3.9800 71.2500 32.1500 897.000000 0.000000 118.000000 70.000000
3.9900 70.9800 32.3100 923.000000 0.000000 118.000000 70.000000
4.0000 70.6500 32.1900 941.000000 0.000000 118.000000 70.000000
4.0100 70.4100 31.8900 939.000000 0.000000 118.000000 70.000000
4.0200 70.1900 31.3300 935.000000 0.000000 118.000000 70.000000
4.0300 70.1900 30.8200 912.000000 0.000000 118.000000 70.000000
4.0400 70.2700 30.3400 869.000000 0.000000 118.000000 70.000000
4.0500 70.4900 29.9700 818.000000 0.000000 118.000000 70.000000
4.0600 70.7200 29.7500 634.000000 0.000000 116.000000 70.000000
4.0700 70.9900 29.6300 317.000000 0.000000 116.000000 70.000000
4.0800 70.9900 29.6300 0.000000 1.000000 116.000000 70.000000
4.0900 71.4300 29.8900 0.000000 0.000000 116.000000 70.000000
4.1000 71.4300 29.8900 108.000000 1.000000 117.000000 71.000000
4.1100 71.6400 30.3900 389.000000 0.000000 117.000000 71.000000
4.1200 71.6400 30.4400 614.000000 0.000000 117.000000 71.000000
4.1300 71.6400 30.4400 774.000000 0.000000 117.000000 71.000000
4.1400 71.5800 30.4400 881.000000 0.000000 117.000000 71.000000
4.1500 71.5800 30.4400 933.000000 0.000000 117.000000 71.000000
4.1600 71.5800 30.4400 964.000000 0.000000 117.000000 71.000000
4.1700 71.5800 30.5500 965.000000 0.000000 117.000000 71.000000
4.1800 71.5300 30.7800 940.000000 0.000000 120.000000 71.000000
4.1900 71.6100 31.1700 934.000000 0.000000 118.000000 70.000000
4.2000 71.7500 31.6600 924.000000 0.000000 118.000000 70.000000
4.2100 72.0900 32.0100 869.000000 0.000000 118.000000 70.000000
4.2200 72.5400 32.2100 759.000000 0.000000 118.000000 70.000000
4.2300 72.8900 32.3200 554.000000 0.000000 116.000000 70.000000
4.2400 73.2300 32.3200 12.000000 1.000000 116.000000 70.000000
4.2500 73.2300 32.3200 0.000000 0.000000 116.000000 70.000000
4.2600 73.7200 32.5500 0.000000 0.000000 116.000000 70.000000
4.2700 73.7800 32.8500 0.000000 0.000000 116.000000 70.000000
4.2800 73.7800 33.3900 0.000000 0.000000 117.000000 71.000000
4.2900 73.6200 34.0800 0.000000 0.000000 117.000000 71.000000
4.3000 73.5200 34.8500 0.000000 0.000000 117.000000 71.000000
4.3100 73.4600 35.5200 0.000000 0.000000 120.000000 71.000000
4.3200 73.4600 35.5200 560.000000 1.000000 122.000000 71.000000
4.3300 73.4600 35.5200 646.000000 0.000000 119.000000 72.000000
4.3400 73.0500 35.4500 736.000000 0.000000 119.000000 72.000000
4.3500 73.0500 34.8800 830.000000 0.000000 119.000000 72.000000
4.3600 73.0500 34.0900 872.000000 0.000000 117.000000 71.000000
4.3700 73.0500 33.1800 864.000000 0.000000 117.000000 71.000000
4.3800 73.1800 32.3000 858.000000 0.000000 117.000000 71.000000
4.3900 73.3800 31.4500 821.000000 0.000000 117.000000 71.000000
4.4000 73.5200 30.8200 759.000000 0.000000 116.000000 70.000000
4.4100 73.5700 30.4300 595.000000 0.000000 116.000000 70.000000
4.4200 73.5700 30.2100 353.000000 0.000000 117.000000 71.000000
4.4300 73.5700 30.2100 0.000000 1.000000 117.000000 71.000000
4.4400 73.3600 30.5100 0.000000 0.000000 117.000000 71.000000
4.4500 73.2100 30.8600 0.000000 0.000000 117.000000 71.000000
4.4600 73.0200 31.2900 0.000000 0.000000 117.000000 71.000000
4.4700 72.8500 31.7000 0.000000 0.000000 120.000000 71.000000
4.4800 72.7200 32.0500 0.000000 0.000000 120.000000 71.000000
4.4900 72.5900 32.3600 0.000000 0.000000 120.000000 71.000000
4.5000 72.5000 32.6100 0.000000 0.000000 120.000000 71.000000
4.5100 72.5000 32.8200 0.000000 0.000000 120.000000 71.000000
4.5200 72.5000 33.0100 0.000000 0.000000 120.000000 71.000000
4.5300 72.5000 33.0100 137.000000 1.000000 122.000000 71.000000
4.5400 72.7400 33.2900 265.000000 0.000000 122.000000 71.000000
4.5500 72.9200 33.3500 363.000000 0.000000 122.000000 71.000000
4.5600 73.1700 33.3500 456.000000 0.000000 122.000000 71.000000
4.5700 73.4500 33.2500 526.000000 0.000000 122.000000 71.000000
4.5800 73.7900 33.1200 557.000000 0.000000 122.000000 71.000000
4.5900 74.1600 32.9200 565.000000 0.000000 122.000000 71.000000
4.6000 74.3800 32.7100 588.000000 0.000000 122.000000 71.000000
4.6100 74.4800 32.5500 617.000000 0.000000 122.000000 71.000000
4.6200 74.4800 32.4300 655.000000 0.000000 122.000000 71.000000
4.6300 74.4800 32.2300 700.000000 0.000000 122.000000 71.000000
4.6400 74.3500 32.0000 756.000000 0.000000 122.000000 71.000000
4.6500 74.3500 31.7100 832.000000 0.000000 120.000000 71.000000
4.6600 74.4600 31.3500 864.000000 0.000000 120.000000 71.000000
4.6700 74.6300 30.9800 917.000000 0.000000 122.000000 71.000000
4.6800 74.9100 30.6200 932.000000 0.000000 122.000000 71.000000
4.6900 75.2600 30.3800 935.000000 0.000000 122.000000 71.000000
4.7000 75.5100 30.3800 935.000000 0.000000 122.000000 71.000000
4.7100 75.6900 30.4600 944.000000 0.000000 122.000000 71.000000
4.7200 75.8300 30.7200 934.000000 0.000000 122.000000 71.000000
4.7300 75.8300 31.1400 946.000000 0.000000 119.000000 72.000000
4.7400 75.5300 31.6600 964.000000 0.000000 119.000000 72.000000
4.7500 75.1200 32.0400 958.000000 0.000000 119.000000 72.000000
4.7600 74.6600 32.1800 947.000000 0.000000 119.000000 72.000000
4.7700 74.2200 32.1800 908.000000 0.000000 119.000000 72.000000
4.7800 74.2200 32.0500 740.000000 0.000000 119.000000 72.000000
4.7900 74.3900 31.7400 453.000000 0.000000 119.000000 72.000000
4.8000 74.3900 31.7400 0.000000 1.000000 122.000000 71.000000
4.8100 74.9300 30.9300 0.000000 0.000000 122.000000 71.000000
4.8200 75.3000 30.5600 0.000000 0.000000 122.000000 71.000000
4.8300 75.6000 30.3100 0.000000 0.000000 122.000000 71.000000
4.8400 75.8300 30.1300 0.000000 0.000000 122.000000 71.000000
4.8500 75.8800 30.1300 0.000000 0.000000 122.000000 71.000000
4.8600 75.8000 30.1300 0.000000 0.000000 122.000000 71.000000
4.8700 75.6400 30.1800 0.000000 0.000000 122.000000 71.000000
4.8800 75.4400 30.3000 0.000000 0.000000 122.000000 71.000000
4.8900 75.2100 30.4200 0.000000 0.000000 122.000000 71.000000
4.9000 74.9700 30.5000 0.000000 0.000000 120.000000 71.000000
4.9100 74.6900 30.5600 0.000000 0.000000 120.000000 71.000000
4.9200 74.3700 30.5600 0.000000 0.000000 120.000000 71.000000
4.9300 74.0100 30.5600 0.000000 0.000000 120.000000 71.000000
4.9400 73.5600 30.5000 0.000000 0.000000 120.000000 71.000000
4.9500 73.0400 30.3400 0.000000 0.000000 120.000000 71.000000
4.9600 72.4700 30.1000 0.000000 0.000000 118.000000 70.000000
4.9700 71.9200 29.8600 0.000000 0.000000 118.000000 70.000000
4.9800 71.3600 29.6700 0.000000 0.000000 116.000000 70.000000
4.9900 70.8000 29.5100 0.000000 0.000000 116.000000 70.000000
5.0000 70.2600 29.4400 0.000000 0.000000 116.000000 70.000000
5.0100 69.7900 29.4400 0.000000 0.000000 115.000000 69.000000
5.0200 69.4400 29.4400 0.000000 0.000000 112.000000 70.000000
5.0300 69.1700 29.5000 0.000000 0.000000 112.000000 70.000000
5.0400 68.9800 29.6000 0.000000 0.000000 112.000000 70.000000
5.0500 68.9800 29.7100 0.000000 0.000000 112.000000 70.000000
5.0600 68.9800 29.7900 0.000000 0.000000 112.000000 70.000000
5.0700 69.1300 29.8800 0.000000 0.000000 112.000000 70.000000
5.0800 69.2600 30.0100 0.000000 0.000000 112.000000 70.000000
5.0900 69.4500 30.1700 0.000000 0.000000 115.000000 69.000000
5.1000 69.7100 30.3900 0.000000 0.000000 115.000000 69.000000
5.1100 69.9900 30.6200 0.000000 0.000000 115.000000 69.000000
5.1200 70.1800 30.8700 0.000000 0.000000 115.000000 69.000000
5.1300 70.3200 31.0900 0.000000 0.000000 117.000000 69.000000
5.1400 70.4600 31.2900 0.000000 0.000000 117.000000 69.000000
5.1500 70.5300 31.2900 0.000000 0.000000 117.000000 69.000000
5.1600 70.5300 31.2900 0.000000 0.000000 119.000000 68.000000
5.1700 70.5300 31.2400 0.000000 0.000000 119.000000 68.000000
5.1800 70.4400 31.1500 0.000000 0.000000 119.000000 68.000000
5.1900 70.4400 31.1500 0.000000 0.000000 119.000000 68.000000
5.2000 70.4400 31.1500 0.000000 0.000000 119.000000 68.000000
5.2100 70.1700 30.8900 0.000000 0.000000 119.000000 68.000000
5.2200 70.0300 30.7600 0.000000 0.000000 119.000000 68.000000
5.2300 69.8800 30.6400 0.000000 0.000000 119.000000 68.000000
5.2400 69.7200 30.4700 0.000000 0.000000 119.000000 68.000000
5.2500 69.5000 30.3000 0.000000 0.000000 119.000000 68.000000
5.2600 69.2300 30.1300 0.000000 0.000000 117.000000 69.000000
5.2700 68.9500 29.9500 0.000000 0.000000 117.000000 69.000000
5.2800 68.6800 29.7600 0.000000 0.000000 117.000000 69.000000
5.2900 68.4600 29.6400 0.000000 0.000000 115.000000 69.000000
5.3000 68.3600 29.5800 0.000000 0.000000 115.000000 69.000000
5.3100 68.3600 29.5800 0.000000 0.000000 111.000000 69.000000
5.3200 68.3600 29.6400 0.000000 0.000000 111.000000 69.000000
5.3300 68.3600 29.6900 0.000000 0.000000 111.000000 69.000000
5.3400 68.3600 29.7600 0.000000 0.000000 111.000000 69.000000
5.3500 68.4600 29.8100 0.000000 0.000000 111.000000 69.000000
5.3600 68.4600 29.8100 0.000000 0.000000 111.000000 69.000000
5.3700 68.5300 29.8100 0.000000 0.000000 111.000000 69.000000
5.3800 68.6400 29.8100 0.000000 0.000000 110.000000 68.000000
5.3900 68.7200 29.8100 0.000000 0.000000 111.000000 69.000000
5.4000 68.7800 29.8600 0.000000 0.000000 111.000000 69.000000
5.4100 68.8300 29.9100 0.000000 0.000000 111.000000 69.000000
5.4200 68.8800 29.9100 0.000000 0.000000 114.000000 68.000000
5.4300 68.8800 29.9600 0.000000 0.000000 114.000000 68.000000
5.4400 68.9300 29.9600 0.000000 0.000000 114.000000 68.000000
5.4500 68.9300 29.9600 0.000000 0.000000 114.000000 68.000000
5.4600 68.9300 29.9600 0.000000 0.000000 115.000000 69.000000
5.4700 68.8700 30.0200 0.000000 0.000000 115.000000 69.000000
5.4800 68.8700 30.0200 0.000000 0.000000 115.000000 69.000000
5.4900 68.8700 30.0200 0.000000 0.000000 115.000000 69.000000
5.5000 68.8700 30.0900 0.000000 0.000000 115.000000 69.000000
5.5100 68.9200 30.0900 0.000000 0.000000 115.000000 69.000000
5.5200 68.9700 30.1500 0.000000 0.000000 115.000000 69.000000
5.5300 69.0400 30.1500 0.000000 0.000000 115.000000 69.000000
5.5400 69.1000 30.1500 0.000000 0.000000 115.000000 69.000000
5.5500 69.1500 30.2000 0.000000 0.000000 115.000000 69.000000
5.5600 69.2200 30.2500 0.000000 0.000000 115.000000 69.000000
5.5700 69.2800 30.3000 0.000000 0.000000 115.000000 69.000000
5.5800 69.3600 30.3700 0.000000 0.000000 115.000000 69.000000
5.5900 69.4500 30.4500 0.000000 0.000000 115.000000 69.000000
5.6000 69.5900 30.5900 0.000000 0.000000 117.000000 69.000000
5.6100 69.8000 30.7300 0.000000 0.000000 117.000000 69.000000
5.6200 70.0400 30.8700 0.000000 0.000000 117.000000 69.000000
5.6300 70.2800 30.9900 0.000000 0.000000 118.000000 70.000000
5.6400 70.4600 31.0700 0.000000 0.000000 118.000000 70.000000
5.6500 70.6100 31.0700 0.000000 0.000000 121.000000 69.000000
5.6600 70.7800 31.2000 0.000000 0.000000 121.000000 69.000000
5.6700 70.8700 31.3300 0.000000 0.000000 121.000000 69.000000
5.6800 70.8700 31.4200 0.000000 0.000000 121.000000 69.000000
5.6900 70.8700 31.4900 0.000000 0.000000 121.000000 69.000000
5.7000 70.8200 31.5600 0.000000 0.000000 121.000000 69.000000
5.7100 70.7000 31.6100 0.000000 0.000000 121.000000 69.000000
5.7200 70.6300 31.6100 0.000000 0.000000 121.000000 69.000000
5.7300 70.5600 31.6100 0.000000 0.000000 121.000000 69.000000
5.7400 70.4700 31.6100 0.000000 0.000000 123.000000 69.000000
5.7500 70.3800 31.6100 0.000000 0.000000 123.000000 69.000000
5.7600 70.3000 31.6800 0.000000 0.000000 123.000000 69.000000
5.7700 70.2300 31.7700 0.000000 0.000000 123.000000 69.000000
5.7800 70.1700 31.9000 0.000000 0.000000 123.000000 69.000000
5.7900 70.1700 32.0700 0.000000 0.000000 123.000000 69.000000
5.8000 70.1700 32.2500 0.000000 0.000000 125.000000 70.000000
5.8100 70.2900 32.4300 0.000000 0.000000 125.000000 70.000000
5.8200 70.5100 32.6900 0.000000 0.000000 125.000000 70.000000
5.8300 70.8200 33.0100 0.000000 0.000000 127.000000 70.000000
5.8400 71.2200 33.2700 0.000000 0.000000 127.000000 70.000000
5.8500 71.6700 33.5300 0.000000 0.000000 127.000000 70.000000
5.8600 72.1400 33.8200 0.000000 0.000000 128.000000 71.000000
5.8700 72.6300 34.1300 0.000000 0.000000 128.000000 71.000000
5.8800 72.6300 34.1300 254.000000 1.000000 130.000000 72.000000
5.8900 73.3000 34.9100 333.000000 0.000000 130.000000 72.000000
5.9000 73.3000 35.3400 404.000000 0.000000 133.000000 73.000000
5.9100 72.9000 35.9000 509.000000 0.000000 133.000000 73.000000
5.9200 72.0300 36.2800 565.000000 0.000000 133.000000 73.000000
5.9300 70.8300 36.5400 636.000000 0.000000 133.000000 73.000000
5.9400 69.0000 36.5400 702.000000 0.000000 133.000000 73.000000
5.9500 66.7300 35.9700 716.000000 0.000000 133.000000 73.000000
5.9600 64.1600 35.0900 823.000000 0.000000 130.000000 72.000000
5.9700 60.9600 33.8000 890.000000 0.000000 130.000000 72.000000
5.9800 57.7100 32.2100 952.000000 0.000000 128.000000 71.000000
5.9900 54.4300 30.4100 1023.000000 0.000000 124.000000 71.000000
6.0000 52.4400 29.2600 1018.000000 0.000000 124.000000 71.000000
6.0100 51.6200 28.7000 1023.000000 0.000000 122.000000 70.000000
6.0200 51.6200 28.5300 1023.000000 0.000000 120.000000 71.000000
6.0300 52.9000 28.1100 1023.000000 0.000000 118.000000 70.000000
6.0400 55.4000 28.4400 1023.000000 0.000000 118.000000 70.000000
6.0500 58.6900 29.2600 1023.000000 0.000000 120.000000 71.000000
6.0600 62.5900 30.3000 1023.000000 0.000000 120.000000 71.000000
6.0700 66.5900 31.3000 1023.000000 0.000000 120.000000 71.000000
6.0800 70.6500 32.2500 1023.000000 0.000000 122.000000 71.000000
6.0900 74.0700 32.9600 1023.000000 0.000000 123.000000 72.000000
6.1000 76.5800 33.5000 1023.000000 0.000000 128.000000 72.000000
6.1100 78.4700 33.7700 1023.000000 0.000000 128.000000 72.000000
6.1200 79.6100 33.8900 1023.000000 0.000000 130.000000 73.000000
6.1300 80.1800 33.8900 1023.000000 0.000000 133.000000 73.000000
6.1400 80.3800 33.8900 1023.000000 0.000000 135.000000 73.000000
6.1500 80.3800 33.8900 1023.000000 0.000000 135.000000 73.000000
6.1600 80.3000 33.8900 1023.000000 0.000000 135.000000 73.000000
6.1700 80.3000 33.8900 1023.000000 0.000000 135.000000 73.000000
6.1800 80.2000 33.8900 1023.000000 0.000000 135.000000 73.000000
6.1900 80.1200 33.8900 1008.000000 0.000000 135.000000 73.000000
6.2000 79.9700 33.8900 950.000000 0.000000 138.000000 74.000000
6.2100 79.8500 33.8900 858.000000 0.000000 138.000000 74.000000
6.2200 79.7700 33.8400 714.000000 0.000000 138.000000 74.000000
6.2300 79.7000 33.8400 440.000000 0.000000 140.000000 73.000000
6.2400 79.4900 33.7900 233.000000 0.000000 140.000000 73.000000
6.2500 79.2100 33.7900 161.000000 0.000000 140.000000 73.000000
6.2600 78.8200 33.7900 148.000000 0.000000 137.000000 73.000000
6.2700 78.4300 33.6800 155.000000 0.000000 137.000000 73.000000
6.2800 77.9200 33.6200 146.000000 0.000000 137.000000 73.000000
6.2900 77.3400 33.5500 211.000000 0.000000 137.000000 73.000000
6.3000 76.7600 33.4900 371.000000 0.000000 137.000000 73.000000
6.3100 76.2600 33.4300 461.000000 0.000000 137.000000 73.000000
6.3200 75.9000 33.4300 589.000000 0.000000 137.000000 73.000000
6.3300 75.6000 33.4300 688.000000 0.000000 137.000000 73.000000
6.3400 75.3200 33.4300 754.000000 0.000000 137.000000 73.000000
6.3500 75.0200 33.4300 833.000000 0.000000 137.000000 73.000000
6.3600 74.4500 33.4300 853.000000 0.000000 137.000000 73.000000
6.3700 73.7000 33.3100 900.000000 0.000000 137.000000 73.000000
6.3800 72.2200 32.8700 951.000000 0.000000 137.000000 73.000000
6.3900 70.0600 32.2300 985.000000 0.000000 137.000000 73.000000
6.4000 67.4400 31.2900 1023.000000 0.000000 135.000000 72.000000
6.4100 64.3100 30.2200 1023.000000 0.000000 135.000000 72.000000
6.4200 61.8500 29.0600 1023.000000 0.000000 130.000000 72.000000
6.4300 59.8400 28.0100 1023.000000 0.000000 128.000000 71.000000
6.4400 59.1500 27.4800 1023.000000 0.000000 128.000000 71.000000
6.4500 59.4800 27.3000 1023.000000 0.000000 124.000000 71.000000
6.4600 60.4900 26.8500 1023.000000 0.000000 120.000000 71.000000
6.4700 62.9200 26.9100 1023.000000 0.000000 120.000000 71.000000
6.4800 66.0000 27.3000 1023.000000 0.000000 117.000000 71.000000
6.4900 69.5000 27.7600 1023.000000 0.000000 117.000000 71.000000
6.5000 72.2100 28.3500 1023.000000 0.000000 119.000000 72.000000
6.5100 74.4100 29.0200 1023.000000 0.000000 119.000000 72.000000
6.5200 76.2600 29.4900 1023.000000 0.000000 121.000000 73.000000
6.5300 77.0600 29.7100 1023.000000 0.000000 122.000000 74.000000
6.5400 77.3500 29.7700 1023.000000 0.000000 127.000000 74.000000
6.5500 77.3000 29.7700 976.000000 0.000000 130.000000 75.000000
6.5600 77.1400 29.7700 830.000000 0.000000 132.000000 74.000000
6.5700 76.9700 29.6900 578.000000 0.000000 132.000000 74.000000
6.5800 76.7900 29.6200 34.000000 0.000000 132.000000 74.000000
