0.0000 51.3400 64.4200 13.000000 1.000000 118.000000 53.000000
0.0100 52.3200 65.5400 48.000000 1.000000 118.000000 53.000000
0.0200 52.9700 66.3000 71.000000 0.000000 119.000000 53.000000
0.0300 53.6700 67.1700 107.000000 0.000000 119.000000 53.000000
0.0400 54.3800 68.0700 168.000000 0.000000 120.000000 54.000000
0.0500 54.9500 68.9800 198.000000 0.000000 120.000000 54.000000
0.0600 55.4200 69.4800 219.000000 0.000000 120.000000 54.000000
0.0700 55.6200 69.5900 259.000000 0.000000 120.000000 54.000000
0.0800 55.6800 69.4400 309.000000 0.000000 120.000000 54.000000
0.0900 55.6800 68.9500 343.000000 0.000000 122.000000 54.000000
0.1000 55.4500 67.9400 356.000000 0.000000 122.000000 54.000000
0.1100 55.0400 66.5900 361.000000 0.000000 120.000000 54.000000
0.1200 54.4800 65.0900 368.000000 0.000000 120.000000 54.000000
0.1300 53.8200 63.5600 376.000000 0.000000 120.000000 54.000000
0.1400 53.1800 62.2500 377.000000 0.000000 119.000000 54.000000
0.1500 52.6100 61.0900 361.000000 0.000000 117.000000 55.000000
0.1600 52.2300 60.3500 342.000000 0.000000 117.000000 55.000000
0.1700 51.9800 60.0100 304.000000 0.000000 115.000000 54.000000
0.1800 51.9800 59.9500 242.000000 0.000000 115.000000 54.000000
0.1900 52.0600 60.2200 218.000000 0.000000 115.000000 54.000000
0.2000 52.3900 60.9600 171.000000 0.000000 115.000000 54.000000
0.2100 52.8900 62.0100 177.000000 0.000000 115.000000 54.000000
0.2200 53.4300 63.1600 184.000000 0.000000 115.000000 54.000000
0.2300 53.9700 64.2500 182.000000 0.000000 115.000000 54.000000
0.2400 54.4100 64.8900 179.000000 0.000000 115.000000 54.000000
0.2500 54.7700 65.2600 180.000000 0.000000 115.000000 54.000000
0.2600 55.0500 65.4000 180.000000 0.000000 114.000000 55.000000
0.2700 55.2100 65.3500 180.000000 0.000000 114.000000 55.000000
0.2800 55.2900 65.1700 184.000000 0.000000 114.000000 55.000000
0.2900 55.2900 64.7900 173.000000 0.000000 114.000000 55.000000
0.3000 55.1900 64.3600 213.000000 0.000000 114.000000 55.000000
0.3100 55.0500 64.0000 219.000000 0.000000 114.000000 55.000000
0.3200 55.0500 63.7100 237.000000 0.000000 114.000000 55.000000
0.3300 55.0500 63.5600 226.000000 0.000000 114.000000 55.000000
0.3400 55.1600 63.5600 223.000000 0.000000 114.000000 55.000000
0.3500 55.3000 63.6200 212.000000 0.000000 114.000000 55.000000
0.3600 55.4900 63.9400 215.000000 0.000000 114.000000 55.000000
0.3700 55.7300 64.3900 195.000000 0.000000 114.000000 55.000000
0.3800 55.9700 64.9200 182.000000 0.000000 114.000000 55.000000
0.3900 56.1300 65.3800 141.000000 0.000000 114.000000 55.000000
0.4000 56.2300 65.8000 101.000000 0.000000 112.000000 55.000000
0.4100 56.2300 66.1500 109.000000 0.000000 112.000000 55.000000
0.4200 56.0800 66.3000 93.000000 0.000000 113.000000 56.000000
0.4300 55.9100 66.3000 99.000000 0.000000 113.000000 56.000000
0.4400 55.8200 66.3000 98.000000 0.000000 113.000000 56.000000
0.4500 55.7700 66.1600 124.000000 0.000000 112.000000 56.000000
0.4600 55.8800 66.0000 130.000000 0.000000 112.000000 56.000000
0.4700 56.0700 65.8300 132.000000 0.000000 112.000000 56.000000
0.4800 56.3500 65.6900 132.000000 0.000000 112.000000 56.000000
0.4900 56.6400 65.5600 137.000000 0.000000 112.000000 56.000000
0.5000 56.8600 65.4500 146.000000 0.000000 112.000000 56.000000
0.5100 57.0200 65.3200 149.000000 0.000000 112.000000 56.000000
0.5200 57.1200 65.1900 151.000000 0.000000 112.000000 56.000000
0.5300 57.1200 65.0500 153.000000 0.000000 113.000000 56.000000
0.5400 56.9600 64.8900 148.000000 0.000000 113.000000 56.000000
0.5500 56.7900 64.7000 143.000000 0.000000 113.000000 56.000000
0.5600 56.6700 64.6400 141.000000 0.000000 113.000000 56.000000
0.5700 56.6700 64.6400 143.000000 0.000000 113.000000 56.000000
0.5800 56.7700 64.7900 148.000000 0.000000 113.000000 56.000000
0.5900 56.9900 64.9700 148.000000 0.000000 113.000000 56.000000
0.6000 57.2300 65.1800 148.000000 0.000000 113.000000 56.000000
0.6100 57.4700 65.3200 146.000000 0.000000 113.000000 56.000000
0.6200 57.7200 65.4600 146.000000 0.000000 112.000000 56.000000
0.6300 57.9900 65.5700 146.000000 0.000000 112.000000 56.000000
0.6400 58.2200 65.6900 146.000000 0.000000 113.000000 57.000000
0.6500 58.4300 65.8000 149.000000 0.000000 113.000000 57.000000
0.6600 58.5600 65.8900 153.000000 0.000000 113.000000 57.000000
0.6700 58.6600 65.9400 182.000000 0.000000 113.000000 58.000000
0.6800 58.7400 65.9400 207.000000 0.000000 113.000000 58.000000
0.6900 58.7400 65.9400 241.000000 0.000000 112.000000 58.000000
0.7000 58.6500 65.8800 287.000000 0.000000 112.000000 58.000000
0.7100 58.5600 65.7700 314.000000 0.000000 112.000000 58.000000
0.7200 58.3900 65.5800 319.000000 0.000000 112.000000 58.000000
0.7300 58.1700 65.3500 351.000000 0.000000 112.000000 58.000000
0.7400 57.9400 65.0900 387.000000 0.000000 112.000000 58.000000
0.7500 57.7600 64.8100 389.000000 0.000000 113.000000 58.000000
0.7600 57.6500 64.5900 392.000000 0.000000 113.000000 58.000000
0.7700 57.6500 64.4200 389.000000 0.000000 113.000000 58.000000
0.7800 57.6500 64.2500 371.000000 0.000000 113.000000 58.000000
0.7900 57.8300 64.1600 324.000000 0.000000 113.000000 57.000000
0.8000 58.0100 64.1600 265.000000 0.000000 113.000000 57.000000
0.8100 58.2500 64.1600 196.000000 0.000000 113.000000 57.000000
0.8200 58.5200 64.4400 108.000000 0.000000 113.000000 57.000000
0.8300 58.5200 64.4400 0.000000 1.000000 113.000000 58.000000
0.8400 59.1300 65.2900 0.000000 0.000000 113.000000 58.000000
0.8500 59.4300 65.8400 0.000000 0.000000 113.000000 58.000000
0.8600 59.6800 66.4400 0.000000 0.000000 114.000000 59.000000
0.8700 59.9000 67.0700 0.000000 0.000000 114.000000 59.000000
0.8800 60.0800 67.6700 0.000000 0.000000 115.000000 60.000000
0.8900 60.1800 68.2400 0.000000 0.000000 115.000000 60.000000
0.9000 60.1800 68.2400 80.000000 1.000000 115.000000 60.000000
0.9100 60.0900 68.5300 180.000000 0.000000 117.000000 59.000000
0.9200 59.9300 68.4400 212.000000 0.000000 117.000000 59.000000
0.9300 59.7600 68.2800 244.000000 0.000000 118.000000 59.000000
0.9400 59.6400 68.0200 237.000000 0.000000 119.000000 60.000000
0.9500 59.5500 67.6900 161.000000 0.000000 121.000000 59.000000
0.9600 59.5500 67.6900 0.000000 1.000000 121.000000 59.000000
0.9700 59.5500 66.9500 0.000000 0.000000 119.000000 60.000000
0.9800 59.6200 66.5300 0.000000 0.000000 119.000000 60.000000
0.9900 59.6700 66.1100 0.000000 0.000000 119.000000 60.000000
1.0000 59.7400 65.6600 0.000000 0.000000 118.000000 60.000000
1.0100 59.8700 65.2900 0.000000 0.000000 118.000000 60.000000
1.0200 60.0300 64.9700 0.000000 0.000000 117.000000 59.000000
1.0300 60.1900 64.7500 0.000000 0.000000 116.000000 58.000000
1.0400 60.3300 64.6000 0.000000 0.000000 116.000000 58.000000
1.0500 60.4800 64.5000 0.000000 0.000000 116.000000 58.000000
1.0600 60.4800 64.5000 182.000000 1.000000 115.000000 58.000000
1.0700 60.7800 64.6500 233.000000 0.000000 115.000000 58.000000
1.0800 60.8900 64.8600 312.000000 0.000000 115.000000 58.000000
1.0900 61.2600 65.3300 361.000000 0.000000 114.000000 59.000000
1.1000 61.6700 66.0200 389.000000 0.000000 114.000000 59.000000
1.1100 62.1800 66.8500 392.000000 0.000000 114.000000 59.000000
1.1200 62.7400 67.9100 399.000000 0.000000 114.000000 59.000000
1.1300 63.2600 68.9600 402.000000 0.000000 114.000000 59.000000
1.1400 63.7300 69.6800 407.000000 0.000000 116.000000 58.000000
1.1500 64.0100 70.1900 418.000000 0.000000 116.000000 57.000000
1.1600 64.0900 70.1900 440.000000 0.000000 118.000000 57.000000
1.1700 64.0400 70.0100 473.000000 0.000000 119.000000 56.000000
1.1800 63.8700 69.6400 509.000000 0.000000 118.000000 56.000000
1.1900 63.6100 68.7400 540.000000 0.000000 120.000000 55.000000
1.2000 63.2800 67.6600 591.000000 0.000000 120.000000 55.000000
1.2100 62.9800 66.4600 619.000000 0.000000 118.000000 56.000000
1.2200 62.7100 65.4600 609.000000 0.000000 117.000000 56.000000
1.2300 62.6000 64.7000 578.000000 0.000000 115.000000 55.000000
1.2400 62.6000 64.0900 488.000000 0.000000 113.000000 56.000000
1.2500 62.6800 63.7500 364.000000 0.000000 112.000000 56.000000
1.2600 62.8000 63.6400 173.000000 0.000000 110.000000 56.000000
1.2700 62.8000 63.6400 0.000000 1.000000 110.000000 56.000000
1.2800 63.0900 64.0700 0.000000 0.000000 110.000000 56.000000
1.2900 63.0900 64.5600 0.000000 0.000000 110.000000 56.000000
1.3000 63.0900 65.1200 0.000000 0.000000 110.000000 56.000000
1.3100 63.0000 65.7800 0.000000 0.000000 110.000000 56.000000
1.3200 62.8500 66.4300 0.000000 0.000000 110.000000 56.000000
1.3300 62.6700 66.6900 0.000000 0.000000 110.000000 56.000000
1.3400 62.4600 66.6900 0.000000 0.000000 110.000000 56.000000
1.3500 62.2600 66.4300 0.000000 0.000000 110.000000 56.000000
1.3600 62.1200 66.1200 0.000000 0.000000 111.000000 57.000000
1.3700 62.1200 66.1200 136.000000 1.000000 111.000000 57.000000
1.3800 62.0500 65.5800 218.000000 0.000000 111.000000 57.000000
1.3900 62.1400 65.3900 282.000000 0.000000 111.000000 57.000000
1.4000 62.3700 65.3900 299.000000 0.000000 109.000000 57.000000
1.4100 62.7600 65.3900 294.000000 0.000000 109.000000 57.000000
1.4200 63.1900 65.7300 284.000000 0.000000 109.000000 57.000000
1.4300 63.7300 66.2400 285.000000 0.000000 109.000000 57.000000
1.4400 64.3300 66.8800 260.000000 0.000000 109.000000 57.000000
1.4500 64.9100 67.6400 223.000000 0.000000 109.000000 57.000000
1.4600 65.4600 68.5200 203.000000 0.000000 109.000000 57.000000
1.4700 65.8900 69.4800 181.000000 0.000000 111.000000 57.000000
1.4800 66.2600 70.2700 182.000000 0.000000 113.000000 57.000000
1.4900 66.4600 70.5800 171.000000 0.000000 114.000000 57.000000
1.5000 66.4600 70.5800 205.000000 0.000000 116.000000 56.000000
1.5100 66.2100 70.2900 228.000000 0.000000 117.000000 56.000000
1.5200 65.8100 69.5600 262.000000 0.000000 118.000000 56.000000
1.5300 65.3300 68.5300 307.000000 0.000000 118.000000 56.000000
1.5400 64.7900 67.4300 399.000000 0.000000 118.000000 56.000000
1.5500 64.2900 66.4900 430.000000 0.000000 118.000000 56.000000
1.5600 64.0900 65.6500 435.000000 0.000000 117.000000 56.000000
1.5700 64.0900 65.3100 422.000000 0.000000 116.000000 56.000000
1.5800 64.2700 65.2200 415.000000 0.000000 113.000000 57.000000
1.5900 64.4900 65.2900 412.000000 0.000000 111.000000 57.000000
1.6000 64.9100 65.7400 384.000000 0.000000 109.000000 57.000000
1.6100 65.4300 66.5100 340.000000 0.000000 108.000000 58.000000
1.6200 66.0500 67.4900 274.000000 0.000000 108.000000 58.000000
1.6300 66.7300 68.6400 247.000000 0.000000 108.000000 58.000000
1.6400 67.3100 69.7800 230.000000 0.000000 109.000000 57.000000
1.6500 67.8100 70.3100 226.000000 0.000000 111.000000 57.000000
1.6600 67.9600 70.4500 237.000000 0.000000 113.000000 57.000000
1.6700 67.8400 70.3000 267.000000 0.000000 114.000000 57.000000
1.6800 67.5500 69.7000 302.000000 0.000000 116.000000 56.000000
1.6900 67.0800 68.8100 342.000000 0.000000 117.000000 56.000000
1.7000 66.5800 67.7300 404.000000 0.000000 117.000000 56.000000
1.7100 66.0600 66.6200 440.000000 0.000000 117.000000 56.000000
1.7200 65.6900 65.7400 473.000000 0.000000 116.000000 56.000000
1.7300 65.5700 65.0200 472.000000 0.000000 114.000000 57.000000
1.7400 65.5700 64.6400 450.000000 0.000000 113.000000 57.000000
1.7500 65.7400 64.4800 422.000000 0.000000 111.000000 57.000000
1.7600 65.9200 64.4800 396.000000 0.000000 109.000000 57.000000
1.7700 66.3000 64.7800 369.000000 0.000000 108.000000 58.000000
1.7800 66.7900 65.2800 324.000000 0.000000 108.000000 58.000000
1.7900 67.2600 65.8900 292.000000 0.000000 108.000000 58.000000
1.8000 67.6100 66.3800 274.000000 0.000000 108.000000 58.000000
1.8100 67.8700 66.5800 279.000000 0.000000 108.000000 58.000000
1.8200 67.8700 66.5800 277.000000 0.000000 108.000000 58.000000
1.8300 67.9200 66.5800 273.000000 0.000000 106.000000 58.000000
1.8400 67.9200 66.5800 276.000000 0.000000 107.000000 59.000000
1.8500 67.9700 66.5300 274.000000 0.000000 107.000000 59.000000
1.8600 68.0300 66.5300 282.000000 0.000000 107.000000 59.000000
1.8700 68.1000 66.6500 294.000000 0.000000 107.000000 59.000000
1.8800 68.1000 66.7400 329.000000 0.000000 107.000000 59.000000
1.8900 68.1000 66.8100 364.000000 0.000000 107.000000 59.000000
1.9000 67.9100 66.8100 394.000000 0.000000 109.000000 59.000000
1.9100 67.6300 66.6900 414.000000 0.000000 109.000000 59.000000
1.9200 67.2800 66.4500 443.000000 0.000000 109.000000 59.000000
1.9300 66.8800 66.1200 440.000000 0.000000 109.000000 59.000000
1.9400 66.5100 65.7200 448.000000 0.000000 109.000000 59.000000
1.9500 66.3200 65.3200 448.000000 0.000000 109.000000 59.000000
1.9600 66.2300 65.0200 441.000000 0.000000 109.000000 59.000000
1.9700 66.3500 64.7800 423.000000 0.000000 109.000000 59.000000
1.9800 66.5400 64.6400 420.000000 0.000000 109.000000 59.000000
1.9900 66.8600 64.6400 418.000000 0.000000 108.000000 58.000000
2.0000 67.2800 64.7100 407.000000 0.000000 108.000000 58.000000
2.0100 67.7700 64.9200 391.000000 0.000000 108.000000 58.000000
2.0200 68.3100 65.3400 362.000000 0.000000 109.000000 59.000000
2.0300 68.9100 65.9100 333.000000 0.000000 109.000000 59.000000
2.0400 69.5000 66.5600 334.000000 0.000000 109.000000 60.000000
2.0500 69.9300 67.0500 329.000000 0.000000 109.000000 60.000000
2.0600 70.2600 67.4400 344.000000 0.000000 110.000000 60.000000
2.0700 70.3800 67.5500 362.000000 0.000000 111.000000 61.000000
2.0800 70.3800 67.4800 404.000000 0.000000 112.000000 62.000000
2.0900 70.2100 67.2800 455.000000 0.000000 113.000000 63.000000
2.1000 70.0200 66.8800 473.000000 0.000000 113.000000 63.000000
2.1100 69.7400 66.3600 505.000000 0.000000 114.000000 64.000000
2.1200 69.3900 65.7500 512.000000 0.000000 113.000000 63.000000
2.1300 69.0900 65.1800 502.000000 0.000000 113.000000 63.000000
2.1400 68.9400 64.7900 475.000000 0.000000 110.000000 63.000000
2.1500 68.8900 64.5200 422.000000 0.000000 110.000000 63.000000
2.1600 68.8900 64.5200 269.000000 0.000000 109.000000 62.000000
2.1700 68.8900 64.5200 96.000000 0.000000 109.000000 62.000000
2.1800 68.8900 64.5200 0.000000 1.000000 109.000000 62.000000
2.1900 69.4900 64.9200 0.000000 0.000000 108.000000 61.000000
2.2000 69.8800 65.3700 0.000000 0.000000 109.000000 62.000000
2.2100 70.2100 65.8700 0.000000 0.000000 109.000000 62.000000
2.2200 70.4900 66.2900 0.000000 0.000000 109.000000 62.000000
2.2300 70.7300 66.5200 0.000000 0.000000 110.000000 63.000000
2.2400 70.7900 66.6300 0.000000 0.000000 110.000000 63.000000
2.2500 70.7900 66.6300 93.000000 1.000000 111.000000 64.000000
2.2600 70.4800 66.4100 202.000000 0.000000 111.000000 64.000000
2.2700 70.1200 66.1400 275.000000 0.000000 111.000000 64.000000
2.2800 69.6900 65.8200 369.000000 0.000000 111.000000 64.000000
2.2900 69.2200 65.4800 427.000000 0.000000 111.000000 64.000000
2.3000 68.8700 65.1400 418.000000 0.000000 111.000000 64.000000
2.3100 68.7300 64.9700 387.000000 0.000000 111.000000 64.000000
2.3200 68.7300 64.8900 335.000000 0.000000 111.000000 64.000000
2.3300 68.8800 64.8900 287.000000 0.000000 110.000000 63.000000
2.3400 69.1900 65.1500 254.000000 0.000000 110.000000 63.000000
2.3500 69.6000 65.5300 222.000000 0.000000 110.000000 63.000000
2.3600 70.1400 66.1200 191.000000 0.000000 110.000000 63.000000
2.3700 70.6800 66.8300 163.000000 0.000000 110.000000 63.000000
2.3800 71.2200 67.6300 108.000000 0.000000 110.000000 63.000000
2.3900 71.6900 68.5300 94.000000 0.000000 110.000000 63.000000
2.4000 72.1100 69.3600 96.000000 0.000000 112.000000 62.000000
2.4100 72.4300 70.1500 101.000000 0.000000 114.000000 62.000000
2.4200 72.5600 70.3600 181.000000 0.000000 115.000000 62.000000
2.4300 72.5600 70.3100 273.000000 0.000000 117.000000 61.000000
2.4400 72.4700 70.0800 325.000000 0.000000 118.000000 60.000000
2.4500 72.2000 69.5100 377.000000 0.000000 119.000000 60.000000
2.4600 71.8000 68.6100 440.000000 0.000000 119.000000 60.000000
2.4700 71.2900 67.4800 483.000000 0.000000 118.000000 59.000000
2.4800 70.7200 66.3100 518.000000 0.000000 117.000000 59.000000
2.4900 70.1000 65.2400 512.000000 0.000000 115.000000 60.000000
2.5000 69.9000 64.5500 496.000000 0.000000 113.000000 60.000000
2.5100 69.7600 64.0900 447.000000 0.000000 112.000000 60.000000
2.5200 69.7600 63.9300 346.000000 0.000000 109.000000 60.000000
2.5300 69.8200 64.0100 294.000000 0.000000 109.000000 60.000000
2.5400 69.9900 64.2500 179.000000 0.000000 108.000000 60.000000
2.5500 69.9900 64.2500 0.000000 1.000000 108.000000 60.000000
2.5600 70.4000 65.4200 0.000000 0.000000 108.000000 60.000000
2.5700 70.5400 66.1600 0.000000 0.000000 108.000000 61.000000
2.5800 70.6400 66.9300 0.000000 0.000000 108.000000 61.000000
2.5900 70.7100 67.6500 0.000000 0.000000 109.000000 62.000000
2.6000 70.8000 67.8800 0.000000 0.000000 110.000000 63.000000
2.6100 70.8000 67.8800 12.000000 0.000000 111.000000 64.000000
2.6200 70.8500 67.5600 65.000000 1.000000 111.000000 64.000000
2.6300 71.0000 67.3500 70.000000 0.000000 111.000000 64.000000
2.6400 71.2800 67.1600 129.000000 0.000000 113.000000 63.000000
2.6500 71.6500 67.0600 183.000000 0.000000 113.000000 63.000000
2.6600 72.0500 67.0600 207.000000 0.000000 113.000000 63.000000
2.6700 72.4500 67.0600 220.000000 0.000000 112.000000 62.000000
2.6800 72.8500 67.0600 206.000000 0.000000 112.000000 62.000000
2.6900 73.0600 67.1500 212.000000 0.000000 112.000000 62.000000
2.7000 73.1600 67.2100 230.000000 0.000000 110.000000 63.000000
2.7100 73.0400 67.2100 252.000000 0.000000 109.000000 62.000000
2.7200 72.6300 67.2100 249.000000 0.000000 109.000000 62.000000
2.7300 72.0200 67.0600 277.000000 0.000000 109.000000 62.000000
2.7400 71.2700 66.8900 273.000000 0.000000 109.000000 62.000000
2.7500 70.5800 66.5800 311.000000 0.000000 110.000000 63.000000
2.7600 69.9200 66.1600 329.000000 0.000000 110.000000 63.000000
2.7700 69.5800 65.7700 325.000000 0.000000 110.000000 63.000000
2.7800 69.5800 65.5200 305.000000 0.000000 111.000000 64.000000
2.7900 69.8200 65.3600 287.000000 0.000000 111.000000 64.000000
2.8000 70.2200 65.3600 217.000000 0.000000 112.000000 64.000000
2.8100 70.6700 65.4600 48.000000 0.000000 112.000000 64.000000
2.8200 70.6700 65.4600 0.000000 1.000000 112.000000 64.000000
2.8300 71.6700 65.9700 0.000000 0.000000 112.000000 64.000000
2.8400 71.9500 66.2600 0.000000 0.000000 112.000000 64.000000
2.8500 72.1100 66.5600 0.000000 0.000000 111.000000 64.000000
2.8600 72.1100 66.8600 0.000000 0.000000 111.000000 64.000000
2.8700 71.8900 67.1200 0.000000 0.000000 111.000000 64.000000
2.8800 71.4500 67.3400 0.000000 0.000000 110.000000 63.000000
2.8900 70.6900 67.6500 0.000000 0.000000 110.000000 63.000000
2.9000 69.6700 68.0200 0.000000 0.000000 110.000000 63.000000
2.9100 68.4800 68.5000 0.000000 0.000000 112.000000 62.000000
2.9200 66.6600 68.5000 0.000000 0.000000 114.000000 62.000000
2.9300 64.7900 68.2300 0.000000 0.000000 115.000000 62.000000
2.9400 62.8800 68.1100 0.000000 0.000000 117.000000 61.000000
2.9500 62.8800 68.1100 32.000000 1.000000 116.000000 60.000000
2.9600 58.7900 68.1700 89.000000 0.000000 118.000000 60.000000
2.9700 56.6300 68.1700 139.000000 0.000000 118.000000 59.000000
2.9800 54.3800 68.0100 244.000000 0.000000 120.000000 58.000000
2.9900 52.4100 67.6900 279.000000 0.000000 119.000000 58.000000
3.0000 50.4800 67.1500 336.000000 0.000000 120.000000 57.000000
3.0100 49.3200 66.6800 372.000000 0.000000 120.000000 57.000000
3.0200 48.6600 66.2700 367.000000 0.000000 120.000000 57.000000
3.0300 48.7300 66.0400 384.000000 0.000000 122.000000 57.000000
3.0400 49.6700 65.8300 414.000000 0.000000 122.000000 57.000000
3.0500 51.1800 65.6400 438.000000 0.000000 120.000000 57.000000
3.0600 53.9100 65.5900 469.000000 0.000000 120.000000 57.000000
3.0700 57.1000 65.5900 485.000000 0.000000 120.000000 57.000000
3.0800 60.6000 65.5900 483.000000 0.000000 119.000000 58.000000
3.0900 63.9100 65.5900 481.000000 0.000000 119.000000 58.000000
3.1000 66.6300 65.6400 477.000000 0.000000 118.000000 59.000000
3.1100 68.9600 65.6400 465.000000 0.000000 118.000000 59.000000
3.1200 70.2100 65.7400 465.000000 0.000000 118.000000 60.000000
3.1300 70.7500 65.7400 472.000000 0.000000 119.000000 61.000000
3.1400 70.8200 65.8800 489.000000 0.000000 118.000000 62.000000
3.1500 70.2100 66.0400 491.000000 0.000000 118.000000 62.000000
3.1600 68.6700 66.2200 474.000000 0.000000 118.000000 62.000000
3.1700 66.5200 66.3800 440.000000 0.000000 118.000000 62.000000
3.1800 63.7800 66.5300 469.000000 0.000000 118.000000 62.000000
3.1900 60.7800 66.7100 460.000000 0.000000 118.000000 62.000000
3.2000 57.6100 66.7100 469.000000 0.000000 118.000000 62.000000
3.2100 54.4500 66.5800 481.000000 0.000000 120.000000 62.000000
3.2200 51.7600 66.2800 488.000000 0.000000 119.000000 61.000000
3.2300 49.3800 66.0200 504.000000 0.000000 119.000000 60.000000
3.2400 47.8800 65.7900 519.000000 0.000000 120.000000 58.000000
3.2500 47.2400 65.5300 499.000000 0.000000 120.000000 57.000000
3.2600 47.1600 65.3600 504.000000 0.000000 119.000000 56.000000
3.2700 47.8200 65.2500 518.000000 0.000000 121.000000 56.000000
3.2800 49.5100 65.0700 512.000000 0.000000 120.000000 55.000000
3.2900 51.8800 65.0200 521.000000 0.000000 121.000000 55.000000
3.3000 55.1100 65.0200 543.000000 0.000000 121.000000 55.000000
3.3100 58.6900 65.1400 546.000000 0.000000 121.000000 56.000000
3.3200 62.4900 65.1400 546.000000 0.000000 121.000000 56.000000
3.3300 65.9500 65.1400 561.000000 0.000000 122.000000 57.000000
3.3400 68.8600 65.2300 570.000000 0.000000 120.000000 57.000000
3.3500 71.4100 65.2300 560.000000 0.000000 120.000000 58.000000
3.3600 73.4900 65.1100 561.000000 0.000000 121.000000 59.000000
3.3700 74.7600 64.8700 568.000000 0.000000 119.000000 60.000000
3.3800 75.4900 64.6400 567.000000 0.000000 120.000000 60.000000
3.3900 75.7500 64.4300 570.000000 0.000000 119.000000 61.000000
3.4000 75.7500 64.3300 561.000000 0.000000 119.000000 61.000000
3.4100 75.6900 64.3300 546.000000 0.000000 119.000000 61.000000
3.4200 75.3800 64.2400 486.000000 0.000000 120.000000 62.000000
3.4300 75.0400 64.1900 218.000000 0.000000 120.000000 62.000000
