0.0000 48.3200 77.8500 117.000000 1.000000 144.000000 50.000000
0.0100 48.4900 77.5100 170.000000 0.000000 145.000000 51.000000
0.0200 48.5900 77.6700 205.000000 0.000000 146.000000 52.000000
0.0300 48.8700 77.9600 233.000000 0.000000 146.000000 52.000000
0.0400 49.2800 78.3300 219.000000 0.000000 147.000000 52.000000
0.0500 49.7400 78.9000 226.000000 0.000000 148.000000 53.000000
0.0600 50.2000 79.5900 251.000000 0.000000 148.000000 53.000000
0.0700 50.5500 80.3700 270.000000 0.000000 148.000000 53.000000
0.0800 50.8100 81.0500 314.000000 0.000000 147.000000 52.000000
0.0900 51.0600 81.7100 327.000000 0.000000 147.000000 52.000000
0.1000 51.1900 82.3300 363.000000 0.000000 146.000000 52.000000
0.1100 51.2400 82.6900 407.000000 0.000000 147.000000 51.000000
0.1200 51.2400 82.8900 415.000000 0.000000 145.000000 51.000000
0.1300 51.2400 82.8400 412.000000 0.000000 144.000000 50.000000
0.1400 51.1200 82.5000 409.000000 0.000000 144.000000 50.000000
0.1500 50.9500 81.9700 394.000000 0.000000 144.000000 50.000000
0.1600 50.7000 81.2300 392.000000 0.000000 143.000000 50.000000
0.1700 50.3900 80.3200 399.000000 0.000000 143.000000 50.000000
0.1800 50.1000 79.3000 394.000000 0.000000 144.000000 50.000000
0.1900 49.8300 78.4700 388.000000 0.000000 144.000000 50.000000
0.2000 49.5800 77.8200 394.000000 0.000000 143.000000 51.000000
0.2100 49.3100 77.2800 377.000000 0.000000 143.000000 51.000000
0.2200 49.2600 77.0600 341.000000 0.000000 143.000000 51.000000
0.2300 49.3500 77.0600 339.000000 0.000000 143.000000 52.000000
0.2400 49.4500 77.2400 284.000000 0.000000 143.000000 52.000000
0.2500 49.6200 77.6600 259.000000 0.000000 145.000000 53.000000
0.2600 49.9200 78.2000 255.000000 0.000000 145.000000 53.000000
0.2700 50.2700 78.8100 264.000000 0.000000 145.000000 53.000000
0.2800 50.6800 79.3600 273.000000 0.000000 146.000000 53.000000
0.2900 51.0300 79.8800 314.000000 0.000000 147.000000 52.000000
0.3000 51.3400 80.1800 346.000000 0.000000 147.000000 52.000000
0.3100 51.5300 80.3400 377.000000 0.000000 147.000000 52.000000
0.3200 51.7200 80.3400 394.000000 0.000000 147.000000 52.000000
0.3300 51.8800 80.2400 392.000000 0.000000 146.000000 52.000000
0.3400 52.0300 80.1500 392.000000 0.000000 146.000000 52.000000
0.3500 52.2300 80.1500 399.000000 0.000000 143.000000 52.000000
0.3600 52.4800 80.2300 394.000000 0.000000 143.000000 52.000000
0.3700 52.8100 80.4200 392.000000 0.000000 142.000000 52.000000
0.3800 53.1300 80.7000 391.000000 0.000000 142.000000 52.000000
0.3900 53.3800 81.0200 371.000000 0.000000 143.000000 51.000000
0.4000 53.5900 81.3700 366.000000 0.000000 143.000000 51.000000
0.4100 53.6700 81.6100 381.000000 0.000000 144.000000 51.000000
0.4200 53.6000 81.8100 384.000000 0.000000 144.000000 51.000000
0.4300 53.4300 81.9500 381.000000 0.000000 144.000000 51.000000
0.4400 53.1700 81.8600 379.000000 0.000000 144.000000 51.000000
0.4500 52.7800 81.6200 361.000000 0.000000 144.000000 51.000000
0.4600 52.2900 81.1700 364.000000 0.000000 144.000000 51.000000
0.4700 51.8200 80.6800 364.000000 0.000000 144.000000 51.000000
0.4800 51.5500 80.2300 364.000000 0.000000 144.000000 51.000000
0.4900 51.4000 79.8300 353.000000 0.000000 144.000000 51.000000
0.5000 51.4900 79.6900 333.000000 0.000000 143.000000 52.000000
0.5100 51.6100 79.6400 334.000000 0.000000 142.000000 52.000000
0.5200 51.8000 79.6400 338.000000 0.000000 142.000000 52.000000
0.5300 52.1200 79.8100 339.000000 0.000000 142.000000 52.000000
0.5400 52.5200 80.0600 336.000000 0.000000 142.000000 52.000000
0.5500 52.8700 80.3900 341.000000 0.000000 142.000000 52.000000
0.5600 53.1800 80.7000 364.000000 0.000000 142.000000 52.000000
0.5700 53.4700 81.0100 377.000000 0.000000 142.000000 52.000000
0.5800 53.7700 81.3200 409.000000 0.000000 142.000000 52.000000
0.5900 54.0700 81.5900 445.000000 0.000000 143.000000 52.000000
0.6000 54.3900 81.8300 481.000000 0.000000 143.000000 52.000000
0.6100 54.7200 82.0200 496.000000 0.000000 143.000000 52.000000
0.6200 54.9600 82.1300 514.000000 0.000000 144.000000 51.000000
0.6300 55.1500 82.1300 516.000000 0.000000 144.000000 51.000000
0.6400 55.2700 82.1300 512.000000 0.000000 144.000000 51.000000
0.6500 55.3200 81.9800 519.000000 0.000000 144.000000 51.000000
0.6600 55.3200 81.8200 519.000000 0.000000 146.000000 52.000000
0.6700 55.3200 81.6300 519.000000 0.000000 146.000000 52.000000
0.6800 55.1800 81.3900 516.000000 0.000000 146.000000 52.000000
0.6900 54.9400 81.1100 519.000000 0.000000 146.000000 52.000000
0.7000 54.6700 80.8200 524.000000 0.000000 146.000000 52.000000
0.7100 54.4400 80.6100 518.000000 0.000000 146.000000 52.000000
0.7200 54.3100 80.4600 520.000000 0.000000 146.000000 52.000000
0.7300 54.2600 80.4100 499.000000 0.000000 145.000000 53.000000
0.7400 54.3100 80.4100 495.000000 0.000000 145.000000 53.000000
0.7500 54.3700 80.4100 483.000000 0.000000 145.000000 53.000000
0.7600 54.4300 80.4800 486.000000 0.000000 145.000000 53.000000
0.7700 54.6100 80.4800 493.000000 0.000000 145.000000 53.000000
0.7800 54.8100 80.4800 495.000000 0.000000 145.000000 53.000000
0.7900 55.0800 80.4800 491.000000 0.000000 145.000000 53.000000
0.8000 55.4000 80.6200 490.000000 0.000000 145.000000 53.000000
0.8100 55.7600 80.7600 491.000000 0.000000 145.000000 53.000000
0.8200 56.1100 80.9600 491.000000 0.000000 145.000000 53.000000
0.8300 56.4600 81.2200 488.000000 0.000000 145.000000 53.000000
0.8400 56.8100 81.5100 496.000000 0.000000 146.000000 53.000000
0.8500 56.9800 81.7500 522.000000 0.000000 146.000000 53.000000
0.8600 57.0400 81.9700 550.000000 0.000000 146.000000 53.000000
0.8700 57.0400 82.1400 586.000000 0.000000 147.000000 53.000000
0.8800 57.0400 82.2700 619.000000 0.000000 147.000000 53.000000
0.8900 56.9600 82.3500 640.000000 0.000000 147.000000 53.000000
0.9000 56.8600 82.3500 646.000000 0.000000 147.000000 53.000000
0.9100 56.7000 82.3500 641.000000 0.000000 148.000000 53.000000
0.9200 56.5100 82.1600 643.000000 0.000000 148.000000 53.000000
0.9300 56.4400 81.8900 647.000000 0.000000 148.000000 53.000000
0.9400 56.4400 81.6100 659.000000 0.000000 148.000000 53.000000
0.9500 56.4400 81.3200 650.000000 0.000000 148.000000 53.000000
0.9600 56.5700 81.0500 638.000000 0.000000 147.000000 52.000000
0.9700 56.7200 80.8400 625.000000 0.000000 147.000000 52.000000
0.9800 56.9400 80.6700 536.000000 0.000000 147.000000 52.000000
0.9900 57.1900 80.5700 170.000000 0.000000 147.000000 52.000000
1.0000 57.1900 80.5700 0.000000 1.000000 146.000000 53.000000
1.0100 57.6300 80.6200 0.000000 0.000000 146.000000 53.000000
1.0200 57.7900 80.8800 0.000000 0.000000 146.000000 53.000000
1.0300 58.0300 81.2200 0.000000 0.000000 146.000000 53.000000
1.0400 58.3100 81.6200 0.000000 0.000000 146.000000 53.000000
1.0500 58.6800 81.9200 0.000000 0.000000 145.000000 54.000000
1.0600 59.1900 82.2200 0.000000 0.000000 145.000000 54.000000
1.0700 59.7900 82.5100 0.000000 0.000000 143.000000 53.000000
1.0800 60.4900 82.7500 0.000000 0.000000 142.000000 53.000000
1.0900 60.9800 82.9400 0.000000 0.000000 142.000000 53.000000
1.1000 61.3400 82.8400 0.000000 0.000000 141.000000 52.000000
1.1100 61.0000 82.5600 0.000000 0.000000 141.000000 52.000000
1.1200 60.3100 81.9300 0.000000 0.000000 142.000000 52.000000
1.1300 59.3900 81.2900 0.000000 0.000000 142.000000 52.000000
1.1400 58.6800 80.6800 0.000000 0.000000 142.000000 52.000000
1.1500 58.2600 80.3900 0.000000 0.000000 142.000000 53.000000
1.1600 58.0300 80.3000 0.000000 0.000000 143.000000 53.000000
1.1700 58.2400 80.6400 0.000000 0.000000 143.000000 53.000000
1.1800 58.6000 81.1100 0.000000 0.000000 145.000000 54.000000
1.1900 59.0700 81.6600 0.000000 0.000000 145.000000 54.000000
1.2000 59.5400 82.2300 0.000000 0.000000 146.000000 54.000000
1.2100 59.9300 82.7700 0.000000 0.000000 146.000000 54.000000
1.2200 60.2600 83.1200 0.000000 0.000000 146.000000 54.000000
1.2300 60.4800 83.3500 0.000000 0.000000 146.000000 54.000000
1.2400 60.6100 83.4300 0.000000 0.000000 146.000000 54.000000
1.2500 60.6700 83.4300 0.000000 0.000000 148.000000 54.000000
1.2600 60.6700 83.4300 242.000000 1.000000 148.000000 54.000000
1.2700 60.6700 83.4300 373.000000 0.000000 148.000000 54.000000
1.2800 60.6700 83.4300 394.000000 0.000000 149.000000 53.000000
1.2900 60.6700 83.4300 415.000000 0.000000 149.000000 53.000000
1.3000 60.3900 83.1600 422.000000 0.000000 149.000000 53.000000
1.3100 60.1600 82.6200 427.000000 0.000000 148.000000 53.000000
1.3200 59.8300 81.8800 428.000000 0.000000 148.000000 53.000000
1.3300 59.4200 81.1200 422.000000 0.000000 147.000000 52.000000
1.3400 59.0500 80.5300 415.000000 0.000000 146.000000 52.000000
1.3500 58.8800 80.0600 418.000000 0.000000 144.000000 51.000000
1.3600 58.8200 80.0600 412.000000 0.000000 143.000000 51.000000
1.3700 58.8700 80.2000 396.000000 0.000000 142.000000 52.000000
1.3800 58.9600 80.3600 389.000000 0.000000 142.000000 52.000000
1.3900 59.1200 80.7500 396.000000 0.000000 141.000000 51.000000
1.4000 59.4200 81.2700 409.000000 0.000000 141.000000 51.000000
1.4100 59.8000 81.8900 420.000000 0.000000 142.000000 52.000000
1.4200 60.1900 82.5100 443.000000 0.000000 142.000000 52.000000
1.4300 60.5400 83.0800 526.000000 0.000000 142.000000 52.000000
1.4400 60.7800 83.3500 570.000000 0.000000 142.000000 52.000000
1.4500 60.9600 83.4500 588.000000 0.000000 143.000000 52.000000
1.4600 60.9600 83.3500 592.000000 0.000000 143.000000 52.000000
1.4700 61.0100 83.0800 595.000000 0.000000 144.000000 51.000000
1.4800 61.0100 82.6900 588.000000 0.000000 144.000000 51.000000
1.4900 60.7900 82.1100 564.000000 0.000000 144.000000 51.000000
1.5000 60.5600 81.5300 512.000000 0.000000 144.000000 51.000000
1.5100 60.3100 81.0900 422.000000 0.000000 144.000000 51.000000
1.5200 60.1800 80.7500 330.000000 0.000000 144.000000 51.000000
1.5300 60.0700 80.6500 272.000000 0.000000 143.000000 52.000000
1.5400 60.0200 80.7000 260.000000 0.000000 145.000000 53.000000
1.5500 60.0200 80.8600 282.000000 0.000000 145.000000 53.000000
1.5600 59.9600 81.0200 334.000000 0.000000 145.000000 53.000000
1.5700 59.9600 81.1400 377.000000 0.000000 145.000000 53.000000
1.5800 60.1000 81.1400 412.000000 0.000000 145.000000 53.000000
1.5900 60.2700 81.1400 414.000000 0.000000 145.000000 53.000000
1.6000 60.4600 81.0900 425.000000 0.000000 145.000000 53.000000
1.6100 60.7000 81.0300 382.000000 0.000000 145.000000 53.000000
1.6200 60.9700 81.0300 299.000000 0.000000 145.000000 53.000000
1.6300 61.2400 81.0800 149.000000 0.000000 145.000000 53.000000
1.6400 61.2400 81.0800 0.000000 1.000000 145.000000 53.000000
1.6500 61.8000 81.1900 0.000000 0.000000 146.000000 53.000000
1.6600 62.0200 81.1900 0.000000 0.000000 146.000000 53.000000
1.6700 61.9100 81.2500 0.000000 0.000000 147.000000 53.000000
1.6800 61.9100 81.2500 50.000000 1.000000 148.000000 54.000000
1.6900 62.3100 81.3000 112.000000 0.000000 148.000000 54.000000
1.7000 62.5000 81.4400 153.000000 0.000000 150.000000 54.000000
1.7100 62.7400 81.6400 180.000000 0.000000 150.000000 54.000000
1.7200 63.0500 81.9700 180.000000 0.000000 150.000000 54.000000
1.7300 63.3900 82.3300 191.000000 0.000000 148.000000 54.000000
1.7400 63.7600 82.7200 205.000000 0.000000 148.000000 54.000000
1.7500 64.1400 82.7200 211.000000 0.000000 148.000000 54.000000
1.7600 64.5100 83.1600 249.000000 0.000000 148.000000 54.000000
1.7700 64.8300 83.9500 279.000000 0.000000 148.000000 54.000000
1.7800 65.1200 84.3700 317.000000 0.000000 149.000000 53.000000
1.7900 65.2500 84.7900 322.000000 0.000000 149.000000 53.000000
1.8000 65.2500 85.1500 338.000000 0.000000 149.000000 53.000000
1.8100 65.0700 85.2500 334.000000 0.000000 149.000000 53.000000
1.8200 64.8800 85.1900 339.000000 0.000000 149.000000 53.000000
1.8300 64.5400 84.7100 344.000000 0.000000 149.000000 53.000000
1.8400 64.1100 84.1900 354.000000 0.000000 149.000000 53.000000
1.8500 63.7400 83.5400 376.000000 0.000000 149.000000 53.000000
1.8600 63.4900 82.8200 389.000000 0.000000 149.000000 53.000000
1.8700 63.3100 82.1000 371.000000 0.000000 149.000000 53.000000
1.8800 63.1600 81.5300 334.000000 0.000000 149.000000 53.000000
1.8900 63.1600 81.0500 287.000000 0.000000 149.000000 53.000000
1.9000 63.3500 80.8300 212.000000 0.000000 149.000000 53.000000
1.9100 63.6100 80.7700 146.000000 0.000000 148.000000 53.000000
1.9200 63.8600 80.8200 90.000000 0.000000 148.000000 53.000000
1.9300 64.1100 80.9900 103.000000 0.000000 147.000000 53.000000
1.9400 64.3300 81.2900 99.000000 0.000000 147.000000 53.000000
1.9500 64.5500 81.6800 112.000000 0.000000 148.000000 54.000000
1.9600 64.7900 82.0700 137.000000 0.000000 148.000000 54.000000
1.9700 64.9100 82.4600 193.000000 0.000000 148.000000 54.000000
1.9800 64.9600 82.7100 274.000000 0.000000 148.000000 54.000000
1.9900 64.8400 82.8600 319.000000 0.000000 148.000000 54.000000
2.0000 64.6000 82.8600 325.000000 0.000000 148.000000 54.000000
2.0100 64.2900 82.8600 309.000000 0.000000 148.000000 54.000000
2.0200 63.8300 82.8000 280.000000 0.000000 148.000000 54.000000
2.0300 63.8300 82.8000 0.000000 1.000000 149.000000 53.000000
2.0400 63.1100 82.4700 0.000000 0.000000 149.000000 53.000000
2.0500 62.9500 82.2800 0.000000 0.000000 149.000000 53.000000
2.0600 62.8700 82.0900 0.000000 0.000000 149.000000 53.000000
2.0700 62.8700 81.9000 0.000000 0.000000 149.000000 53.000000
2.0800 63.3300 81.7100 0.000000 0.000000 149.000000 53.000000
2.0900 64.0900 81.7100 0.000000 0.000000 148.000000 54.000000
2.1000 65.3300 81.8500 0.000000 0.000000 148.000000 54.000000
2.1100 66.6200 82.0100 0.000000 0.000000 150.000000 54.000000
2.1200 67.9500 82.1600 0.000000 0.000000 151.000000 54.000000
2.1300 68.7100 81.9500 0.000000 0.000000 151.000000 54.000000
2.1400 68.7100 81.5400 0.000000 0.000000 151.000000 54.000000
2.1500 68.2800 81.0000 0.000000 0.000000 153.000000 55.000000
2.1600 67.7300 80.5700 0.000000 0.000000 153.000000 55.000000
2.1700 67.2300 80.4100 0.000000 0.000000 153.000000 56.000000
2.1800 66.9500 80.4100 0.000000 0.000000 153.000000 56.000000
2.1900 66.8000 80.5700 0.000000 0.000000 153.000000 56.000000
2.2000 66.7400 80.7200 0.000000 0.000000 152.000000 56.000000
2.2100 66.6900 80.8900 0.000000 0.000000 152.000000 56.000000
2.2200 66.6900 81.0700 0.000000 0.000000 150.000000 55.000000
2.2300 66.6100 81.2100 0.000000 0.000000 150.000000 55.000000
2.2400 66.4100 81.3000 0.000000 0.000000 150.000000 55.000000
2.2500 66.1200 81.3000 0.000000 0.000000 150.000000 55.000000
2.2600 65.7100 81.3000 0.000000 0.000000 149.000000 55.000000
2.2700 65.3100 81.1800 0.000000 0.000000 149.000000 55.000000
2.2800 64.9500 81.1000 0.000000 0.000000 147.000000 55.000000
2.2900 64.6500 81.1000 0.000000 0.000000 147.000000 55.000000
2.3000 64.4200 81.1000 0.000000 0.000000 147.000000 55.000000
2.3100 64.2300 81.1900 0.000000 0.000000 146.000000 54.000000
2.3200 64.1400 81.2500 0.000000 0.000000 146.000000 54.000000
2.3300 64.1400 81.3000 0.000000 0.000000 146.000000 54.000000
2.3400 64.0100 81.3000 0.000000 0.000000 146.000000 53.000000
2.3500 63.8500 81.3000 0.000000 0.000000 146.000000 53.000000
2.3600 63.6700 81.2500 0.000000 0.000000 146.000000 53.000000
2.3700 63.5100 81.2500 0.000000 0.000000 146.000000 53.000000
2.3800 63.3500 81.2500 0.000000 0.000000 146.000000 53.000000
2.3900 63.1800 81.2500 0.000000 0.000000 146.000000 53.000000
2.4000 63.0800 81.2500 0.000000 0.000000 146.000000 53.000000
2.4100 63.0200 81.1900 0.000000 0.000000 146.000000 53.000000
2.4200 63.0200 81.1900 0.000000 0.000000 146.000000 53.000000
2.4300 63.1000 81.1900 0.000000 0.000000 146.000000 53.000000
2.4400 63.2100 81.2800 0.000000 0.000000 146.000000 53.000000
2.4500 63.3600 81.3400 0.000000 0.000000 146.000000 53.000000
2.4600 63.5100 81.3900 0.000000 0.000000 147.000000 52.000000
2.4700 63.6800 81.4700 0.000000 0.000000 147.000000 52.000000
2.4800 63.8700 81.5700 0.000000 0.000000 147.000000 52.000000
2.4900 64.1300 81.6900 0.000000 0.000000 147.000000 52.000000
2.5000 64.4100 81.8000 0.000000 0.000000 147.000000 52.000000
2.5100 64.7100 81.9000 0.000000 0.000000 147.000000 52.000000
2.5200 64.9700 82.0000 0.000000 0.000000 147.000000 52.000000
2.5300 64.9700 82.0000 117.000000 1.000000 147.000000 52.000000
2.5400 65.2900 82.2400 233.000000 0.000000 147.000000 52.000000
2.5500 65.2900 82.3200 311.000000 0.000000 147.000000 52.000000
2.5600 65.2900 82.3900 327.000000 0.000000 147.000000 52.000000
2.5700 65.3700 82.3900 337.000000 0.000000 147.000000 52.000000
2.5800 65.4300 82.4600 341.000000 0.000000 147.000000 52.000000
2.5900 65.4900 82.4600 393.000000 0.000000 148.000000 53.000000
2.6000 65.4900 82.5300 430.000000 0.000000 149.000000 52.000000
2.6100 65.4200 82.5300 445.000000 0.000000 149.000000 52.000000
2.6200 65.3200 82.5300 468.000000 0.000000 149.000000 52.000000
2.6300 65.2100 82.4800 472.000000 0.000000 149.000000 52.000000
2.6400 65.1000 82.4100 468.000000 0.000000 149.000000 52.000000
2.6500 65.1500 82.3100 458.000000 0.000000 149.000000 52.000000
2.6600 65.2600 82.2400 439.000000 0.000000 149.000000 52.000000
2.6700 65.5100 82.1900 413.000000 0.000000 149.000000 52.000000
2.6800 65.8500 82.1900 369.000000 0.000000 149.000000 52.000000
2.6900 66.1900 82.3000 339.000000 0.000000 149.000000 52.000000
2.7000 66.5100 82.4100 337.000000 0.000000 149.000000 52.000000
2.7100 66.7400 82.5300 337.000000 0.000000 149.000000 52.000000
2.7200 66.8700 82.6600 364.000000 0.000000 149.000000 52.000000
2.7300 66.9300 82.8100 379.000000 0.000000 149.000000 52.000000
2.7400 66.8500 82.8800 414.000000 0.000000 149.000000 52.000000
2.7500 66.6600 82.8800 455.000000 0.000000 150.000000 52.000000
2.7600 66.3900 82.8000 463.000000 0.000000 150.000000 52.000000
2.7700 66.1300 82.6300 466.000000 0.000000 150.000000 52.000000
2.7800 65.9100 82.4100 448.000000 0.000000 151.000000 51.000000
2.7900 65.9100 82.2100 394.000000 0.000000 150.000000 52.000000
2.8000 65.9800 82.1000 371.000000 0.000000 149.000000 52.000000
2.8100 66.2200 82.0400 359.000000 0.000000 149.000000 52.000000
2.8200 66.5000 82.0400 356.000000 0.000000 149.000000 52.000000
2.8300 66.7500 82.1800 363.000000 0.000000 149.000000 52.000000
2.8400 66.9600 82.3300 386.000000 0.000000 149.000000 52.000000
2.8500 67.0800 82.3900 420.000000 0.000000 149.000000 52.000000
2.8600 67.0800 82.3900 420.000000 0.000000 149.000000 52.000000
2.8700 67.0300 82.3400 423.000000 0.000000 149.000000 52.000000
2.8800 66.9400 82.2100 422.000000 0.000000 149.000000 52.000000
2.8900 66.8900 82.0300 396.000000 0.000000 149.000000 52.000000
2.9000 66.8900 81.8500 361.000000 0.000000 149.000000 52.000000
2.9100 67.1900 81.8500 351.000000 0.000000 150.000000 52.000000
2.9200 67.6000 81.8500 339.000000 0.000000 150.000000 52.000000
2.9300 68.1000 82.1100 353.000000 0.000000 150.000000 52.000000
2.9400 68.5400 82.3100 399.000000 0.000000 150.000000 52.000000
2.9500 68.8000 82.5000 441.000000 0.000000 150.000000 52.000000
2.9600 68.9700 82.6200 493.000000 0.000000 149.000000 52.000000
2.9700 69.0700 82.7300 538.000000 0.000000 149.000000 52.000000
2.9800 69.1600 82.7800 564.000000 0.000000 149.000000 52.000000
2.9900 69.2500 82.7800 564.000000 0.000000 148.000000 51.000000
3.0000 69.2500 82.7800 545.000000 0.000000 148.000000 51.000000
3.0100 69.2500 82.7800 540.000000 0.000000 148.000000 51.000000
3.0200 69.2500 82.7100 507.000000 0.000000 147.000000 51.000000
3.0300 69.3200 82.7100 485.000000 0.000000 147.000000 51.000000
3.0400 69.5200 82.7100 431.000000 0.000000 147.000000 51.000000
3.0500 69.8300 82.7700 275.000000 0.000000 147.000000 51.000000
3.0600 69.8300 82.7700 0.000000 1.000000 148.000000 51.000000
3.0700 70.8600 83.1000 0.000000 0.000000 148.000000 51.000000
3.0800 71.3200 83.1900 0.000000 0.000000 149.000000 52.000000
3.0900 71.5900 83.2600 0.000000 0.000000 148.000000 53.000000
3.1000 71.8500 83.3400 0.000000 0.000000 149.000000 53.000000
3.1100 72.0900 83.4300 0.000000 0.000000 149.000000 53.000000
3.1200 72.3300 83.5300 0.000000 0.000000 151.000000 53.000000
3.1300 72.5000 83.1100 0.000000 0.000000 151.000000 53.000000
3.1400 72.6100 83.1100 0.000000 0.000000 151.000000 53.000000
3.1500 72.6100 83.4100 0.000000 0.000000 151.000000 53.000000
3.1600 72.4700 83.2700 0.000000 0.000000 149.000000 53.000000
3.1700 72.3100 83.1500 0.000000 0.000000 149.000000 53.000000
3.1800 72.0900 83.0500 0.000000 0.000000 149.000000 53.000000
3.1900 71.8400 82.8600 0.000000 0.000000 148.000000 54.000000
3.2000 71.5600 82.6200 0.000000 0.000000 148.000000 54.000000
3.2100 71.3900 82.2900 0.000000 0.000000 148.000000 54.000000
3.2200 71.2600 81.9300 0.000000 0.000000 150.000000 54.000000
3.2300 71.3200 81.7200 0.000000 0.000000 150.000000 54.000000
3.2400 71.5000 81.6000 0.000000 0.000000 151.000000 54.000000
3.2500 71.7800 81.6000 0.000000 0.000000 151.000000 54.000000
3.2600 71.7800 81.6000 5.000000 0.000000 153.000000 55.000000
3.2700 72.2500 81.9400 48.000000 1.000000 153.000000 55.000000
3.2800 72.4000 82.0400 151.000000 0.000000 153.000000 55.000000
3.2900 72.4000 82.0400 280.000000 0.000000 153.000000 55.000000
3.3000 72.4000 82.0400 317.000000 0.000000 153.000000 55.000000
3.3100 72.2400 82.4200 339.000000 0.000000 153.000000 55.000000
3.3200 71.8800 82.6100 337.000000 0.000000 153.000000 55.000000
3.3300 71.3800 82.8200 309.000000 0.000000 151.000000 54.000000
3.3400 70.4100 83.0500 294.000000 0.000000 151.000000 54.000000
3.3500 69.1500 82.7700 274.000000 0.000000 151.000000 54.000000
3.3600 67.7000 82.8300 296.000000 0.000000 151.000000 54.000000
3.3700 66.0000 83.1200 317.000000 0.000000 151.000000 54.000000
3.3800 64.0300 82.7500 353.000000 0.000000 151.000000 54.000000
3.3900 61.8700 82.0700 413.000000 0.000000 151.000000 54.000000
3.4000 59.6800 81.1900 466.000000 0.000000 151.000000 53.000000
3.4100 57.5300 80.0800 499.000000 0.000000 151.000000 53.000000
3.4200 55.4800 78.9600 540.000000 0.000000 149.000000 53.000000
3.4300 54.0300 77.8400 551.000000 0.000000 149.000000 53.000000
3.4400 52.9700 77.1200 538.000000 0.000000 149.000000 53.000000
3.4500 52.8400 76.7300 533.000000 0.000000 148.000000 53.000000
3.4600 53.4600 76.5600 538.000000 0.000000 147.000000 53.000000
3.4700 54.5900 76.5600 540.000000 0.000000 147.000000 53.000000
3.4800 56.4100 76.8700 539.000000 0.000000 147.000000 53.000000
3.4900 58.7700 77.3900 540.000000 0.000000 147.000000 53.000000
3.5000 61.5000 78.0900 515.000000 0.000000 147.000000 53.000000
3.5100 64.5000 78.8800 519.000000 0.000000 147.000000 53.000000
3.5200 67.2200 79.7400 519.000000 0.000000 148.000000 54.000000
3.5300 69.7500 80.6200 517.000000 0.000000 148.000000 54.000000
3.5400 71.6100 81.1200 510.000000 0.000000 149.000000 53.000000
3.5500 72.7000 81.3800 510.000000 0.000000 151.000000 53.000000
3.5600 73.2800 81.3800 522.000000 0.000000 151.000000 53.000000
3.5700 72.9500 81.3800 520.000000 0.000000 152.000000 54.000000
3.5800 72.0100 81.2700 465.000000 0.000000 153.000000 54.000000
3.5900 70.6500 81.1700 473.000000 0.000000 153.000000 54.000000
3.6000 68.7200 80.9500 423.000000 0.000000 153.000000 54.000000
3.6100 66.2900 80.6900 389.000000 0.000000 153.000000 54.000000
3.6200 63.5300 80.3600 366.000000 0.000000 152.000000 54.000000
3.6300 60.5900 79.9700 359.000000 0.000000 152.000000 54.000000
3.6400 57.7100 79.5500 358.000000 0.000000 152.000000 54.000000
3.6500 54.9300 79.1300 389.000000 0.000000 152.000000 54.000000
3.6600 52.5900 78.8100 425.000000 0.000000 153.000000 54.000000
3.6700 50.5400 78.5500 435.000000 0.000000 153.000000 54.000000
3.6800 49.1600 78.3800 445.000000 0.000000 153.000000 54.000000
3.6900 48.5200 78.3800 477.000000 0.000000 155.000000 54.000000
3.7000 48.3800 78.3800 475.000000 0.000000 156.000000 53.000000
3.7100 48.6900 78.4800 477.000000 0.000000 156.000000 53.000000
3.7200 49.5600 78.5600 475.000000 0.000000 156.000000 53.000000
3.7300 50.8000 78.7900 472.000000 0.000000 156.000000 53.000000
3.7400 52.5700 79.1300 483.000000 0.000000 156.000000 53.000000
3.7500 54.6700 79.4400 491.000000 0.000000 156.000000 53.000000
3.7600 56.9800 79.9700 519.000000 0.000000 156.000000 53.000000
3.7700 59.5900 80.6400 540.000000 0.000000 156.000000 53.000000
3.7800 62.2100 81.1900 540.000000 0.000000 156.000000 53.000000
3.7900 64.4600 81.6800 537.000000 0.000000 154.000000 53.000000
3.8000 66.4500 81.9100 512.000000 0.000000 154.000000 53.000000
3.8100 67.7100 81.9900 443.000000 0.000000 154.000000 53.000000
3.8200 68.3400 81.9300 284.000000 0.000000 154.000000 53.000000
3.8300 68.5600 81.7600 125.000000 0.000000 154.000000 53.000000
