0.0000 35.0400 44.5500 168.000000 1.000000 151.000000 53.000000
0.0100 35.7200 44.5500 247.000000 0.000000 151.000000 53.000000
0.0200 35.8400 44.8100 354.000000 0.000000 152.000000 54.000000
0.0300 35.8400 45.0700 436.000000 0.000000 151.000000 54.000000
0.0400 35.8400 45.4300 532.000000 0.000000 153.000000 55.000000
0.0500 35.8400 45.8700 546.000000 0.000000 152.000000 56.000000
0.0600 35.8400 46.1100 562.000000 0.000000 152.000000 56.000000
0.0700 35.6300 46.1100 562.000000 0.000000 152.000000 56.000000
0.0800 35.1200 45.8400 564.000000 0.000000 152.000000 56.000000
0.0900 34.4000 45.1700 561.000000 0.000000 152.000000 56.000000
0.1000 33.4700 44.2300 566.000000 0.000000 152.000000 56.000000
0.1100 32.3900 43.1000 580.000000 0.000000 152.000000 56.000000
0.1200 31.2100 42.1500 594.000000 0.000000 152.000000 56.000000
0.1300 30.2300 41.4900 602.000000 0.000000 152.000000 56.000000
0.1400 29.8000 41.0200 630.000000 0.000000 153.000000 55.000000
0.1500 29.7400 41.0200 634.000000 0.000000 153.000000 55.000000
0.1600 29.8100 41.4400 586.000000 0.000000 153.000000 55.000000
0.1700 30.1400 42.1100 589.000000 0.000000 153.000000 55.000000
0.1800 30.6300 43.3600 592.000000 0.000000 153.000000 55.000000
0.1900 31.2500 44.8700 599.000000 0.000000 153.000000 55.000000
0.2000 31.8300 46.5500 628.000000 0.000000 153.000000 55.000000
0.2100 32.1100 47.8500 659.000000 0.000000 153.000000 55.000000
0.2200 32.2000 48.5400 693.000000 0.000000 153.000000 55.000000
0.2300 32.0700 48.8300 696.000000 0.000000 153.000000 55.000000
0.2400 31.7100 48.5900 700.000000 0.000000 153.000000 55.000000
0.2500 31.1900 47.7500 707.000000 0.000000 153.000000 55.000000
0.2600 30.2400 46.5100 710.000000 0.000000 153.000000 55.000000
0.2700 29.2300 44.9400 710.000000 0.000000 153.000000 55.000000
0.2800 28.1900 43.4100 703.000000 0.000000 153.000000 55.000000
0.2900 27.5000 41.9200 691.000000 0.000000 153.000000 55.000000
0.3000 27.4500 41.2400 691.000000 0.000000 153.000000 55.000000
0.3100 27.8200 41.0700 697.000000 0.000000 152.000000 56.000000
0.3200 28.5700 41.2300 690.000000 0.000000 152.000000 56.000000
0.3300 29.7600 42.0500 696.000000 0.000000 152.000000 56.000000
0.3400 31.2500 43.5500 697.000000 0.000000 150.000000 55.000000
0.3500 32.9700 45.5000 696.000000 0.000000 150.000000 55.000000
0.3600 34.2400 47.3100 725.000000 0.000000 150.000000 55.000000
0.3700 35.2100 49.0800 768.000000 0.000000 152.000000 56.000000
0.3800 35.6100 49.8700 821.000000 0.000000 152.000000 56.000000
0.3900 35.5000 50.0100 818.000000 0.000000 152.000000 56.000000
0.4000 35.0400 49.6900 823.000000 0.000000 153.000000 56.000000
0.4100 33.8900 48.5900 823.000000 0.000000 154.000000 55.000000
0.4200 32.3000 46.9800 826.000000 0.000000 154.000000 55.000000
0.4300 30.4200 45.2100 817.000000 0.000000 154.000000 55.000000
0.4400 28.8400 43.4800 825.000000 0.000000 154.000000 55.000000
0.4500 27.6700 41.7800 818.000000 0.000000 154.000000 55.000000
0.4600 26.7700 40.9600 819.000000 0.000000 154.000000 55.000000
0.4700 26.2400 40.7100 832.000000 0.000000 152.000000 56.000000
0.4800 25.6800 40.8500 800.000000 0.000000 151.000000 56.000000
0.4900 25.0900 41.4200 767.000000 0.000000 151.000000 56.000000
0.5000 24.0300 42.4500 773.000000 0.000000 151.000000 56.000000
0.5100 22.4000 43.7800 787.000000 0.000000 148.000000 57.000000
0.5200 20.3900 45.0500 790.000000 0.000000 150.000000 57.000000
0.5300 17.9700 46.0400 817.000000 0.000000 150.000000 57.000000
0.5400 15.4500 46.8400 834.000000 0.000000 150.000000 57.000000
0.5500 12.8600 47.3200 828.000000 0.000000 150.000000 57.000000
0.5600 10.2400 47.4800 817.000000 0.000000 148.000000 57.000000
0.5700 8.1600 47.4200 809.000000 0.000000 147.000000 56.000000
0.5800 6.4400 47.3200 800.000000 0.000000 148.000000 56.000000
0.5900 5.2800 47.1200 785.000000 0.000000 146.000000 55.000000
0.6000 4.8300 46.8600 763.000000 0.000000 146.000000 55.000000
0.6100 4.8300 46.7100 751.000000 0.000000 146.000000 55.000000
0.6200 5.2800 46.5500 759.000000 0.000000 147.000000 55.000000
0.6300 6.3400 46.2600 771.000000 0.000000 146.000000 55.000000
0.6400 7.8200 45.8800 782.000000 0.000000 146.000000 55.000000
0.6500 9.8400 45.5100 793.000000 0.000000 146.000000 55.000000
0.6600 12.4300 45.3300 796.000000 0.000000 145.000000 56.000000
0.6700 15.4000 45.2800 797.000000 0.000000 145.000000 56.000000
0.6800 18.7500 45.2300 815.000000 0.000000 145.000000 56.000000
0.6900 22.1400 45.1700 818.000000 0.000000 145.000000 56.000000
0.7000 25.5600 45.1100 820.000000 0.000000 145.000000 56.000000
0.7100 28.5300 44.8500 817.000000 0.000000 147.000000 56.000000
0.7200 31.1200 44.5400 805.000000 0.000000 147.000000 56.000000
0.7300 33.4500 44.1600 796.000000 0.000000 148.000000 57.000000
0.7400 35.2100 43.9600 794.000000 0.000000 150.000000 57.000000
0.7500 36.4200 43.8700 796.000000 0.000000 151.000000 56.000000
0.7600 37.2500 43.9800 815.000000 0.000000 151.000000 56.000000
0.7700 37.4400 44.1600 823.000000 0.000000 151.000000 56.000000
0.7800 37.0300 44.3800 808.000000 0.000000 152.000000 56.000000
0.7900 36.2300 44.7300 794.000000 0.000000 152.000000 56.000000
0.8000 34.8600 45.0300 751.000000 0.000000 152.000000 56.000000
0.8100 32.8900 45.2300 755.000000 0.000000 153.000000 56.000000
0.8200 30.5300 45.3800 730.000000 0.000000 152.000000 57.000000
0.8300 28.0300 45.5200 727.000000 0.000000 152.000000 57.000000
0.8400 25.4500 45.6700 725.000000 0.000000 152.000000 57.000000
0.8500 22.8100 45.8100 730.000000 0.000000 152.000000 57.000000
0.8600 20.1400 45.8600 746.000000 0.000000 151.000000 58.000000
0.8700 17.9500 45.9200 767.000000 0.000000 151.000000 58.000000
0.8800 16.0700 45.9700 788.000000 0.000000 151.000000 58.000000
0.8900 14.5700 45.9200 793.000000 0.000000 151.000000 58.000000
0.9000 13.6700 45.8300 784.000000 0.000000 150.000000 57.000000
0.9100 13.1600 45.6800 771.000000 0.000000 150.000000 57.000000
0.9200 13.0900 45.5700 736.000000 0.000000 148.000000 57.000000
0.9300 13.3200 45.4800 675.000000 0.000000 147.000000 56.000000
0.9400 13.7500 45.0700 568.000000 0.000000 147.000000 56.000000
0.9500 14.6800 44.8300 439.000000 0.000000 147.000000 56.000000
0.9600 16.1300 44.7100 384.000000 0.000000 147.000000 56.000000
0.9700 17.9300 44.7100 374.000000 0.000000 147.000000 56.000000
0.9800 19.6400 44.4700 386.000000 0.000000 148.000000 56.000000
0.9900 21.3500 43.9800 386.000000 0.000000 149.000000 56.000000
1.0000 22.8700 43.0400 334.000000 0.000000 151.000000 56.000000
