0.0000 53.8400 42.6500 132.000000 1.000000 126.000000 54.000000
0.0100 53.8400 42.0100 205.000000 0.000000 126.000000 54.000000
0.0200 53.6600 41.9500 244.000000 0.000000 125.000000 55.000000
0.0300 53.6600 42.0000 314.000000 0.000000 125.000000 55.000000
0.0400 53.7200 42.0000 343.000000 0.000000 125.000000 55.000000
0.0500 53.7900 42.4500 379.000000 0.000000 125.000000 55.000000
0.0600 54.1400 43.1200 392.000000 0.000000 125.000000 56.000000
0.0700 54.6800 44.3400 394.000000 0.000000 125.000000 56.000000
0.0800 55.5600 45.9100 399.000000 0.000000 125.000000 56.000000
0.0900 56.2500 47.7200 396.000000 0.000000 125.000000 56.000000
0.1000 56.8200 49.6500 399.000000 0.000000 127.000000 56.000000
0.1100 57.1100 50.7800 415.000000 0.000000 129.000000 56.000000
0.1200 57.1100 51.3800 446.000000 0.000000 130.000000 55.000000
0.1300 56.9900 51.3800 455.000000 0.000000 132.000000 55.000000
0.1400 56.7100 50.9600 465.000000 0.000000 134.000000 55.000000
0.1500 56.4700 50.2100 495.000000 0.000000 135.000000 54.000000
0.1600 56.2500 48.8800 496.000000 0.000000 136.000000 54.000000
0.1700 56.1700 47.3200 499.000000 0.000000 136.000000 54.000000
0.1800 56.3800 45.6100 504.000000 0.000000 136.000000 54.000000
0.1900 56.7800 44.1900 496.000000 0.000000 135.000000 54.000000
0.2000 57.4900 43.1900 495.000000 0.000000 134.000000 55.000000
0.2100 58.2200 42.4800 498.000000 0.000000 132.000000 55.000000
0.2200 58.9600 42.2800 492.000000 0.000000 131.000000 56.000000
0.2300 59.4500 42.5600 491.000000 0.000000 129.000000 56.000000
0.2400 59.5700 43.1700 498.000000 0.000000 127.000000 56.000000
0.2500 59.4400 44.1400 473.000000 0.000000 127.000000 56.000000
0.2600 58.7700 45.3200 461.000000 0.000000 127.000000 56.000000
0.2700 57.4700 46.6400 448.000000 0.000000 127.000000 56.000000
0.2800 55.7400 47.4800 473.000000 0.000000 127.000000 56.000000
0.2900 53.7800 47.4000 502.000000 0.000000 127.000000 56.000000
0.3000 51.8600 46.7000 553.000000 0.000000 129.000000 56.000000
0.3100 49.9700 45.6100 557.000000 0.000000 129.000000 56.000000
0.3200 49.0600 44.5100 546.000000 0.000000 129.000000 56.000000
0.3300 48.8400 43.4100 546.000000 0.000000 127.000000 55.000000
0.3400 49.0800 42.5200 546.000000 0.000000 126.000000 54.000000
0.3500 50.2100 42.0900 541.000000 0.000000 125.000000 55.000000
0.3600 52.3900 41.9600 516.000000 0.000000 125.000000 55.000000
0.3700 55.2600 42.5900 522.000000 0.000000 124.000000 54.000000
0.3800 58.7900 43.8400 522.000000 0.000000 125.000000 55.000000
0.3900 62.1300 45.5100 537.000000 0.000000 125.000000 55.000000
0.4000 65.3400 47.1100 535.000000 0.000000 126.000000 56.000000
0.4100 68.1500 48.6100 514.000000 0.000000 127.000000 56.000000
0.4200 69.8800 50.0500 456.000000 0.000000 130.000000 56.000000
0.4300 70.8800 50.6900 371.000000 0.000000 132.000000 57.000000
0.4400 70.9900 50.7700 291.000000 0.000000 134.000000 57.000000
0.4500 70.5500 50.4700 58.000000 0.000000 136.000000 57.000000
0.4600 70.5500 50.4700 0.000000 1.000000 139.000000 57.000000
0.4700 68.7700 49.2200 0.000000 0.000000 140.000000 56.000000
0.4800 67.7600 48.5400 0.000000 0.000000 140.000000 56.000000
0.4900 66.7200 47.7900 0.000000 0.000000 141.000000 56.000000
0.5000 65.8900 46.9800 0.000000 0.000000 140.000000 56.000000
0.5100 65.0500 46.0700 0.000000 0.000000 140.000000 56.000000
0.5200 64.2000 45.1100 0.000000 0.000000 140.000000 56.000000
0.5300 63.3900 44.0500 0.000000 0.000000 138.000000 57.000000
0.5400 62.6300 42.9300 0.000000 0.000000 138.000000 57.000000
0.5500 61.9000 41.7700 0.000000 0.000000 135.000000 57.000000
0.5600 61.1700 40.8600 0.000000 0.000000 134.000000 56.000000
0.5700 60.6100 40.2600 0.000000 0.000000 134.000000 56.000000
0.5800 60.0700 39.8700 0.000000 0.000000 131.000000 56.000000
0.5900 59.5500 39.7900 0.000000 0.000000 131.000000 56.000000
0.6000 59.2100 40.0500 0.000000 0.000000 130.000000 56.000000
0.6100 59.0000 40.5400 0.000000 0.000000 130.000000 56.000000
0.6200 58.9000 41.3700 0.000000 0.000000 130.000000 56.000000
0.6300 58.8200 42.5100 0.000000 0.000000 131.000000 57.000000
0.6400 58.7700 43.8700 0.000000 0.000000 131.000000 57.000000
0.6500 58.9100 45.3100 0.000000 0.000000 132.000000 58.000000
0.6600 58.9100 45.3100 260.000000 1.000000 132.000000 58.000000
0.6700 59.2800 47.0500 292.000000 0.000000 132.000000 58.000000
0.6800 59.2800 47.2700 329.000000 0.000000 134.000000 57.000000
0.6900 59.2800 47.1400 391.000000 0.000000 134.000000 57.000000
0.7000 59.2800 46.7800 444.000000 0.000000 135.000000 57.000000
0.7100 59.1900 45.9600 468.000000 0.000000 135.000000 57.000000
0.7200 59.1200 44.9300 485.000000 0.000000 134.000000 56.000000
0.7300 59.1200 43.7500 491.000000 0.000000 132.000000 57.000000
0.7400 59.3600 42.9600 507.000000 0.000000 132.000000 57.000000
0.7500 59.7400 42.4800 519.000000 0.000000 131.000000 56.000000
0.7600 60.1200 42.2000 526.000000 0.000000 131.000000 56.000000
0.7700 60.5200 42.2000 533.000000 0.000000 131.000000 56.000000
0.7800 60.9700 42.6100 537.000000 0.000000 131.000000 56.000000
0.7900 61.4400 43.3100 515.000000 0.000000 131.000000 56.000000
0.8000 61.8900 44.4700 455.000000 0.000000 132.000000 57.000000
0.8100 62.0700 45.6600 456.000000 0.000000 132.000000 57.000000
0.8200 62.0700 46.8600 473.000000 0.000000 132.000000 57.000000
0.8300 61.9600 47.2800 522.000000 0.000000 132.000000 57.000000
0.8400 61.7500 47.2200 516.000000 0.000000 132.000000 57.000000
0.8500 61.4900 46.8400 556.000000 0.000000 132.000000 57.000000
0.8600 61.1900 46.0300 566.000000 0.000000 135.000000 57.000000
0.8700 60.9300 45.0700 581.000000 0.000000 135.000000 57.000000
0.8800 60.9800 44.0000 585.000000 0.000000 135.000000 57.000000
0.8900 61.2200 43.1800 586.000000 0.000000 135.000000 57.000000
0.9000 61.8600 42.6900 594.000000 0.000000 135.000000 57.000000
0.9100 62.5900 42.4300 594.000000 0.000000 134.000000 57.000000
0.9200 63.3900 42.7000 588.000000 0.000000 134.000000 57.000000
0.9300 64.0700 43.4100 565.000000 0.000000 134.000000 57.000000
0.9400 64.6300 44.4200 537.000000 0.000000 135.000000 58.000000
0.9500 65.1200 45.7300 497.000000 0.000000 135.000000 58.000000
0.9600 65.4000 47.0400 518.000000 0.000000 135.000000 58.000000
0.9700 65.3500 48.3400 543.000000 0.000000 138.000000 58.000000
0.9800 65.0900 48.8000 560.000000 0.000000 138.000000 58.000000
0.9900 64.8100 48.5400 595.000000 0.000000 138.000000 58.000000
1.0000 64.4900 47.8000 627.000000 0.000000 140.000000 58.000000
1.0100 64.1400 46.4900 638.000000 0.000000 140.000000 58.000000
1.0200 63.9000 45.0400 644.000000 0.000000 140.000000 58.000000
1.0300 64.0000 43.5100 662.000000 0.000000 140.000000 58.000000
1.0400 64.3300 42.2700 670.000000 0.000000 140.000000 58.000000
1.0500 64.8000 41.5200 684.000000 0.000000 140.000000 58.000000
1.0600 65.1600 41.1100 796.000000 0.000000 139.000000 57.000000
1.0700 64.9800 41.1100 832.000000 0.000000 138.000000 58.000000
1.0800 64.4800 41.3600 818.000000 0.000000 138.000000 58.000000
1.0900 62.7800 41.8700 794.000000 0.000000 138.000000 58.000000
1.1000 60.0300 42.6500 790.000000 0.000000 138.000000 58.000000
1.1100 56.5700 43.7800 780.000000 0.000000 138.000000 58.000000
1.1200 52.3100 45.1500 805.000000 0.000000 138.000000 58.000000
1.1300 48.7100 46.6800 827.000000 0.000000 136.000000 57.000000
1.1400 45.5400 48.0900 827.000000 0.000000 136.000000 57.000000
1.1500 43.7900 49.4300 753.000000 0.000000 135.000000 57.000000
1.1600 43.0900 49.4900 428.000000 0.000000 135.000000 55.000000
