0.0000 15.8900 43.1800 176.000000 1.000000 135.000000 63.000000
0.0100 16.4600 43.5500 207.000000 0.000000 132.000000 63.000000
0.0200 16.8000 44.0100 216.000000 0.000000 129.000000 61.000000
0.0300 17.1300 44.7600 251.000000 0.000000 126.000000 61.000000
0.0400 17.6500 45.7000 242.000000 0.000000 125.000000 60.000000
0.0500 18.1700 46.8600 244.000000 0.000000 124.000000 60.000000
0.0600 18.6000 48.1900 220.000000 0.000000 123.000000 59.000000
0.0700 18.9700 49.6400 246.000000 0.000000 123.000000 58.000000
0.0800 19.5100 50.7800 267.000000 0.000000 124.000000 57.000000
0.0900 19.5100 51.3200 324.000000 0.000000 126.000000 57.000000
0.1000 19.1600 51.4500 398.000000 0.000000 128.000000 57.000000
0.1100 19.0100 51.2900 420.000000 0.000000 130.000000 56.000000
0.1200 18.8200 50.5600 474.000000 0.000000 131.000000 56.000000
0.1300 18.6000 49.4600 504.000000 0.000000 131.000000 56.000000
0.1400 18.5200 47.7900 515.000000 0.000000 132.000000 55.000000
0.1500 18.6500 46.1100 512.000000 0.000000 131.000000 56.000000
0.1600 18.9300 44.4200 509.000000 0.000000 131.000000 56.000000
0.1700 19.4900 43.2400 488.000000 0.000000 130.000000 56.000000
0.1800 20.1700 42.3900 488.000000 0.000000 127.000000 56.000000
0.1900 20.9400 42.2100 497.000000 0.000000 127.000000 57.000000
0.2000 21.3500 42.4800 499.000000 0.000000 126.000000 58.000000
0.2100 21.2800 43.0400 460.000000 0.000000 124.000000 58.000000
0.2200 20.8900 44.1000 435.000000 0.000000 123.000000 59.000000
0.2300 19.6800 45.3200 393.000000 0.000000 123.000000 59.000000
0.2400 17.9300 46.6600 405.000000 0.000000 124.000000 60.000000
0.2500 15.8100 47.4400 477.000000 0.000000 124.000000 60.000000
0.2600 13.8000 47.3300 553.000000 0.000000 125.000000 59.000000
0.2700 12.1500 46.6200 569.000000 0.000000 125.000000 59.000000
0.2800 10.7400 45.6100 569.000000 0.000000 124.000000 58.000000
0.2900 10.2500 44.7000 561.000000 0.000000 123.000000 58.000000
0.3000 10.7000 43.8600 567.000000 0.000000 123.000000 58.000000
0.3100 11.7800 43.1200 572.000000 0.000000 123.000000 56.000000
0.3200 13.6700 43.0400 578.000000 0.000000 122.000000 57.000000
0.3300 16.4300 43.4100 561.000000 0.000000 121.000000 56.000000
0.3400 19.7800 44.3800 567.000000 0.000000 122.000000 57.000000
0.3500 23.2600 45.6600 553.000000 0.000000 120.000000 57.000000
0.3600 25.9600 47.1400 455.000000 0.000000 121.000000 58.000000
0.3700 28.1400 48.3900 334.000000 0.000000 124.000000 58.000000
0.3800 29.3700 49.6000 155.000000 0.000000 125.000000 59.000000
0.3900 29.3700 49.6000 0.000000 1.000000 128.000000 59.000000
0.4000 29.8700 50.4200 0.000000 0.000000 129.000000 59.000000
0.4100 29.5000 50.3700 0.000000 0.000000 129.000000 59.000000
0.4200 28.9600 50.2000 0.000000 0.000000 132.000000 59.000000
0.4300 28.3000 49.9600 0.000000 0.000000 134.000000 58.000000
0.4400 27.5300 49.5800 0.000000 0.000000 135.000000 58.000000
0.4500 26.7700 49.1500 0.000000 0.000000 135.000000 58.000000
0.4600 26.0100 48.6200 0.000000 0.000000 135.000000 58.000000
0.4700 25.5100 47.8900 0.000000 0.000000 135.000000 58.000000
0.4800 25.0300 47.0400 0.000000 0.000000 134.000000 58.000000
0.4900 24.5600 46.0800 0.000000 0.000000 134.000000 58.000000
0.5000 24.0300 45.0500 0.000000 0.000000 132.000000 59.000000
0.5100 23.4600 43.9100 0.000000 0.000000 132.000000 59.000000
0.5200 22.8200 42.8800 0.000000 0.000000 131.000000 58.000000
0.5300 22.2000 41.9200 0.000000 0.000000 129.000000 59.000000
0.5400 21.7400 41.2700 0.000000 0.000000 128.000000 58.000000
0.5500 21.3900 40.9000 0.000000 0.000000 127.000000 57.000000
0.5600 21.1300 40.7100 0.000000 0.000000 126.000000 58.000000
0.5700 21.0100 40.7100 0.000000 0.000000 124.000000 57.000000
0.5800 21.0100 41.0300 0.000000 0.000000 122.000000 57.000000
0.5900 21.1700 41.4600 0.000000 0.000000 122.000000 57.000000
0.6000 21.3800 42.0900 0.000000 0.000000 122.000000 57.000000
0.6100 21.6300 42.8500 0.000000 0.000000 122.000000 57.000000
0.6200 21.8800 43.7100 0.000000 0.000000 122.000000 57.000000
0.6300 21.9600 44.6300 0.000000 0.000000 122.000000 57.000000
0.6400 21.9600 45.5000 0.000000 0.000000 123.000000 58.000000
0.6500 21.9600 45.5000 161.000000 1.000000 123.000000 58.000000
0.6600 21.7300 46.3900 282.000000 0.000000 123.000000 58.000000
0.6700 21.5000 46.5400 311.000000 0.000000 124.000000 58.000000
0.6800 21.3000 46.4000 338.000000 0.000000 124.000000 58.000000
0.6900 21.1300 46.0800 394.000000 0.000000 125.000000 59.000000
0.7000 21.0300 45.5300 428.000000 0.000000 125.000000 59.000000
0.7100 21.0300 44.9800 446.000000 0.000000 125.000000 59.000000
0.7200 21.2300 44.4100 440.000000 0.000000 126.000000 60.000000
0.7300 21.6000 43.9700 458.000000 0.000000 126.000000 60.000000
0.7400 22.1500 43.6100 468.000000 0.000000 126.000000 60.000000
0.7500 22.7000 43.6100 473.000000 0.000000 126.000000 60.000000
0.7600 23.2500 43.9000 460.000000 0.000000 126.000000 60.000000
0.7700 23.7300 44.4000 455.000000 0.000000 126.000000 60.000000
0.7800 24.1700 45.1600 428.000000 0.000000 128.000000 61.000000
0.7900 24.4300 45.9500 415.000000 0.000000 128.000000 61.000000
0.8000 24.5500 46.7700 433.000000 0.000000 128.000000 61.000000
0.8100 24.5500 47.0900 458.000000 0.000000 129.000000 61.000000
0.8200 24.3900 47.0900 464.000000 0.000000 129.000000 61.000000
0.8300 24.1700 46.8800 501.000000 0.000000 131.000000 61.000000
0.8400 23.9200 46.2800 529.000000 0.000000 131.000000 61.000000
0.8500 23.7500 45.6400 546.000000 0.000000 131.000000 61.000000
0.8600 23.7500 44.9400 556.000000 0.000000 131.000000 61.000000
0.8700 23.9200 44.4000 561.000000 0.000000 131.000000 61.000000
0.8800 24.3900 43.9700 553.000000 0.000000 131.000000 61.000000
0.8900 24.9000 43.7200 544.000000 0.000000 131.000000 61.000000
0.9000 25.5300 43.8700 497.000000 0.000000 129.000000 61.000000
0.9100 26.2100 44.3000 391.000000 0.000000 129.000000 61.000000
0.9200 26.7800 45.1000 279.000000 0.000000 129.000000 61.000000
0.9300 27.1100 46.1000 190.000000 0.000000 129.000000 61.000000
0.9400 27.2800 47.2300 257.000000 0.000000 129.000000 61.000000
0.9500 27.2800 47.9300 322.000000 0.000000 129.000000 61.000000
0.9600 27.1600 48.0700 433.000000 0.000000 131.000000 61.000000
0.9700 27.0400 47.8400 488.000000 0.000000 129.000000 60.000000
0.9800 26.9300 47.0500 564.000000 0.000000 129.000000 60.000000
0.9900 26.8800 45.9000 600.000000 0.000000 131.000000 60.000000
1.0000 26.8800 44.5200 627.000000 0.000000 131.000000 60.000000
1.0100 27.2000 43.1200 631.000000 0.000000 129.000000 59.000000
1.0200 27.7800 41.9600 638.000000 0.000000 129.000000 59.000000
1.0300 28.5300 40.9500 644.000000 0.000000 129.000000 59.000000
1.0400 29.1100 40.7400 702.000000 0.000000 129.000000 60.000000
1.0500 29.1700 40.9500 727.000000 0.000000 129.000000 60.000000
1.0600 28.8800 41.4400 721.000000 0.000000 128.000000 61.000000
1.0700 27.7200 42.7700 717.000000 0.000000 128.000000 61.000000
1.0800 25.5700 44.4000 673.000000 0.000000 128.000000 61.000000
1.0900 22.7600 46.2200 637.000000 0.000000 129.000000 60.000000
1.1000 19.3400 47.8100 685.000000 0.000000 129.000000 60.000000
1.1100 16.5500 48.7200 699.000000 0.000000 129.000000 60.000000
1.1200 14.1700 49.1900 605.000000 0.000000 131.000000 60.000000
1.1300 12.8700 49.0000 144.000000 0.000000 131.000000 58.000000
