0.0000 56.2500 43.3400 315.000000 1.000000 115.000000 69.000000
0.0100 56.1200 42.6900 309.000000 0.000000 112.000000 70.000000
0.0200 56.0600 42.6300 335.000000 0.000000 112.000000 70.000000
0.0300 56.1200 42.6300 387.000000 0.000000 109.000000 69.000000
0.0400 56.2800 42.7900 433.000000 0.000000 109.000000 69.000000
0.0500 56.5100 43.0600 448.000000 0.000000 106.000000 69.000000
0.0600 57.0400 43.6600 477.000000 0.000000 106.000000 69.000000
0.0700 57.7700 44.5000 514.000000 0.000000 106.000000 69.000000
0.0800 58.4900 45.5100 536.000000 0.000000 106.000000 69.000000
0.0900 58.9500 46.5900 566.000000 0.000000 106.000000 69.000000
0.1000 59.2400 47.7200 611.000000 0.000000 106.000000 69.000000
0.1100 59.3300 48.8800 608.000000 0.000000 106.000000 69.000000
0.1200 59.2100 49.9800 606.000000 0.000000 109.000000 69.000000
0.1300 58.9600 50.8900 591.000000 0.000000 112.000000 67.000000
0.1400 58.6600 51.6700 589.000000 0.000000 115.000000 67.000000
0.1500 58.3700 51.9800 572.000000 0.000000 117.000000 67.000000
0.1600 58.0700 51.9800 565.000000 0.000000 121.000000 66.000000
0.1700 57.7100 51.8800 546.000000 0.000000 122.000000 65.000000
0.1800 57.3800 51.4500 561.000000 0.000000 124.000000 64.000000
0.1900 57.2800 50.7500 564.000000 0.000000 125.000000 65.000000
0.2000 57.3300 49.8800 568.000000 0.000000 127.000000 64.000000
0.2100 57.6400 48.8300 561.000000 0.000000 127.000000 64.000000
0.2200 58.1800 47.7400 563.000000 0.000000 125.000000 65.000000
0.2300 58.8600 46.6200 561.000000 0.000000 125.000000 65.000000
0.2400 59.5400 45.5500 563.000000 0.000000 124.000000 66.000000
0.2500 60.2200 44.5300 575.000000 0.000000 122.000000 67.000000
0.2600 60.8400 43.6400 580.000000 0.000000 120.000000 67.000000
0.2700 61.2600 42.8300 595.000000 0.000000 118.000000 68.000000
0.2800 61.5700 42.3200 608.000000 0.000000 116.000000 68.000000
0.2900 61.7300 42.0500 627.000000 0.000000 116.000000 68.000000
0.3000 61.7900 41.9400 661.000000 0.000000 114.000000 68.000000
0.3100 61.7900 41.9400 673.000000 0.000000 114.000000 68.000000
0.3200 61.7000 42.2100 658.000000 0.000000 114.000000 68.000000
0.3300 61.4900 42.6200 662.000000 0.000000 114.000000 68.000000
0.3400 61.2000 42.9600 646.000000 0.000000 114.000000 68.000000
0.3500 60.8200 43.2700 645.000000 0.000000 114.000000 68.000000
0.3600 60.2300 43.5200 631.000000 0.000000 114.000000 68.000000
0.3700 59.5000 43.5900 622.000000 0.000000 114.000000 68.000000
0.3800 58.4900 43.5900 617.000000 0.000000 114.000000 68.000000
0.3900 57.1900 43.4500 611.000000 0.000000 114.000000 68.000000
0.4000 55.7000 43.3300 620.000000 0.000000 114.000000 68.000000
0.4100 54.4000 43.1700 619.000000 0.000000 114.000000 68.000000
0.4200 53.1200 43.1000 613.000000 0.000000 114.000000 68.000000
0.4300 51.9000 43.1000 624.000000 0.000000 114.000000 68.000000
0.4400 51.1800 43.0500 644.000000 0.000000 116.000000 68.000000
0.4500 50.7900 43.0500 639.000000 0.000000 116.000000 68.000000
0.4600 50.8400 43.0500 636.000000 0.000000 116.000000 68.000000
0.4700 51.1000 43.1400 639.000000 0.000000 116.000000 68.000000
0.4800 51.4900 43.1900 645.000000 0.000000 116.000000 68.000000
0.4900 52.2600 43.3800 646.000000 0.000000 115.000000 67.000000
0.5000 53.6300 43.6700 664.000000 0.000000 115.000000 67.000000
0.5100 55.3900 44.3300 667.000000 0.000000 116.000000 68.000000
0.5200 57.8000 45.2500 676.000000 0.000000 116.000000 68.000000
0.5300 60.6600 46.3400 685.000000 0.000000 116.000000 68.000000
0.5400 63.8300 47.6700 688.000000 0.000000 117.000000 69.000000
0.5500 67.0300 48.9800 684.000000 0.000000 118.000000 70.000000
0.5600 69.9100 50.2900 664.000000 0.000000 122.000000 70.000000
0.5700 72.5800 51.2800 620.000000 0.000000 127.000000 70.000000
0.5800 74.6400 52.0100 488.000000 0.000000 129.000000 70.000000
0.5900 74.6400 52.0100 0.000000 1.000000 133.000000 70.000000
0.6000 76.3400 52.8000 0.000000 0.000000 137.000000 70.000000
0.6100 75.9000 52.8000 0.000000 0.000000 137.000000 70.000000
0.6200 74.7900 52.8000 0.000000 0.000000 139.000000 69.000000
0.6300 73.2400 52.5100 0.000000 0.000000 139.000000 69.000000
0.6400 71.5800 52.0900 0.000000 0.000000 141.000000 68.000000
0.6500 69.9400 51.5600 0.000000 0.000000 139.000000 68.000000
0.6600 68.2500 50.8300 0.000000 0.000000 137.000000 67.000000
0.6700 66.5100 50.0400 0.000000 0.000000 133.000000 67.000000
0.6800 65.2300 49.1400 0.000000 0.000000 131.000000 67.000000
0.6900 64.3800 48.3300 0.000000 0.000000 131.000000 67.000000
0.7000 63.8200 47.6000 0.000000 0.000000 130.000000 66.000000
0.7100 63.4600 47.2100 0.000000 0.000000 132.000000 64.000000
0.7200 63.3400 47.0300 0.000000 0.000000 135.000000 63.000000
0.7300 63.3400 46.9800 0.000000 0.000000 138.000000 61.000000
0.7400 63.7900 46.8400 0.000000 0.000000 139.000000 60.000000
0.7500 63.9000 46.7200 0.000000 0.000000 142.000000 58.000000
0.7600 63.8000 46.6200 0.000000 0.000000 144.000000 57.000000
0.7700 63.9900 46.2500 0.000000 0.000000 144.000000 56.000000
0.7800 64.1800 45.8500 0.000000 0.000000 145.000000 55.000000
0.7900 64.3700 45.3800 0.000000 0.000000 143.000000 55.000000
0.8000 64.5200 44.9500 0.000000 0.000000 141.000000 56.000000
0.8100 64.6400 44.7300 0.000000 0.000000 140.000000 58.000000
0.8200 64.7700 44.6400 0.000000 0.000000 139.000000 58.000000
0.8300 64.8300 44.6400 0.000000 0.000000 136.000000 60.000000
0.8400 64.8300 44.6400 0.000000 0.000000 135.000000 62.000000
0.8500 64.7200 44.6400 0.000000 0.000000 132.000000 63.000000
0.8600 64.5600 44.5300 0.000000 0.000000 130.000000 63.000000
0.8700 64.3600 44.4300 0.000000 0.000000 127.000000 64.000000
0.8800 64.3600 44.4300 0.000000 0.000000 125.000000 65.000000
0.8900 64.0700 44.2400 0.000000 0.000000 123.000000 65.000000
0.9000 64.0100 44.1500 0.000000 0.000000 121.000000 66.000000
0.9100 64.0100 44.0100 0.000000 0.000000 121.000000 66.000000
0.9200 64.0100 43.7900 0.000000 0.000000 119.000000 66.000000
0.9300 63.9600 43.4900 0.000000 0.000000 119.000000 66.000000
0.9400 63.8600 43.1700 0.000000 0.000000 117.000000 67.000000
0.9500 63.7300 42.8600 0.000000 0.000000 117.000000 67.000000
0.9600 63.5500 42.7000 0.000000 0.000000 117.000000 67.000000
0.9700 63.3900 42.6200 0.000000 0.000000 117.000000 67.000000
0.9800 63.2700 42.6200 0.000000 0.000000 117.000000 67.000000
0.9900 63.3200 42.8300 0.000000 0.000000 117.000000 67.000000
1.0000 63.4700 43.0800 0.000000 0.000000 119.000000 66.000000
1.0100 63.6100 43.4400 0.000000 0.000000 119.000000 66.000000
1.0200 63.7200 43.8300 0.000000 0.000000 118.000000 65.000000
1.0300 63.8200 44.2500 0.000000 0.000000 118.000000 65.000000
1.0400 63.7400 44.6700 0.000000 0.000000 118.000000 65.000000
1.0500 63.5700 45.1200 0.000000 0.000000 120.000000 65.000000
1.0600 63.3300 45.5900 0.000000 0.000000 120.000000 65.000000
1.0700 63.0600 46.0700 0.000000 0.000000 122.000000 65.000000
1.0800 62.6900 46.5300 0.000000 0.000000 122.000000 65.000000
1.0900 62.2600 46.9400 0.000000 0.000000 122.000000 65.000000
1.1000 61.8400 47.3000 0.000000 0.000000 124.000000 64.000000
1.1100 61.4400 47.4900 0.000000 0.000000 124.000000 64.000000
1.1200 61.1000 47.5800 0.000000 0.000000 124.000000 64.000000
1.1300 60.8500 47.7100 0.000000 0.000000 125.000000 64.000000
1.1400 60.7600 47.8500 0.000000 0.000000 124.000000 64.000000
1.1500 60.7600 48.0000 0.000000 0.000000 124.000000 64.000000
1.1600 60.8500 48.2100 0.000000 0.000000 124.000000 64.000000
1.1700 60.9800 48.4500 0.000000 0.000000 122.000000 65.000000
1.1800 61.1300 48.6600 0.000000 0.000000 122.000000 65.000000
1.1900 61.2700 48.8400 0.000000 0.000000 122.000000 65.000000
1.2000 61.3700 48.9400 0.000000 0.000000 122.000000 65.000000
1.2100 61.4600 49.0400 0.000000 0.000000 123.000000 65.000000
1.2200 61.4600 49.1200 0.000000 0.000000 123.000000 65.000000
1.2300 61.4600 49.1200 218.000000 1.000000 123.000000 65.000000
1.2400 61.4600 49.1200 249.000000 0.000000 124.000000 66.000000
1.2500 61.4600 49.1200 265.000000 0.000000 124.000000 66.000000
1.2600 61.4600 49.1200 310.000000 0.000000 126.000000 66.000000
1.2700 61.5800 48.8500 368.000000 0.000000 126.000000 66.000000
1.2800 61.6800 48.3900 394.000000 0.000000 128.000000 66.000000
1.2900 61.7500 47.4000 427.000000 0.000000 126.000000 67.000000
1.3000 61.8200 46.5400 455.000000 0.000000 126.000000 67.000000
1.3100 62.0200 45.7800 460.000000 0.000000 124.000000 67.000000
1.3200 62.3600 45.2400 465.000000 0.000000 124.000000 67.000000
1.3300 62.8000 44.8700 465.000000 0.000000 122.000000 68.000000
1.3400 63.2500 44.6100 471.000000 0.000000 119.000000 68.000000
1.3500 63.6100 44.6100 465.000000 0.000000 117.000000 69.000000
1.3600 63.9100 44.8200 465.000000 0.000000 117.000000 69.000000
1.3700 64.1600 45.1600 475.000000 0.000000 117.000000 69.000000
1.3800 64.3000 45.7300 464.000000 0.000000 118.000000 70.000000
1.3900 64.3600 46.5100 470.000000 0.000000 118.000000 70.000000
1.4000 64.3600 47.4400 474.000000 0.000000 118.000000 70.000000
1.4100 64.3600 48.5500 461.000000 0.000000 118.000000 70.000000
1.4200 64.4500 49.3800 469.000000 0.000000 121.000000 69.000000
1.4300 64.5500 50.0300 467.000000 0.000000 123.000000 69.000000
1.4400 64.5500 50.2100 494.000000 0.000000 125.000000 68.000000
1.4500 64.5500 50.2100 516.000000 0.000000 128.000000 68.000000
1.4600 64.5500 50.0900 527.000000 0.000000 130.000000 67.000000
1.4700 64.4800 49.9500 544.000000 0.000000 133.000000 67.000000
1.4800 64.4100 49.4800 545.000000 0.000000 133.000000 67.000000
1.4900 64.3500 48.7800 560.000000 0.000000 135.000000 67.000000
1.5000 64.4300 48.0600 577.000000 0.000000 133.000000 67.000000
1.5100 64.6000 47.3300 586.000000 0.000000 133.000000 67.000000
1.5200 64.9300 46.7500 592.000000 0.000000 131.000000 68.000000
1.5300 65.2700 46.2600 595.000000 0.000000 129.000000 68.000000
1.5400 65.6700 45.8700 592.000000 0.000000 127.000000 69.000000
1.5500 66.0600 45.6300 581.000000 0.000000 125.000000 70.000000
1.5600 66.4400 45.4900 578.000000 0.000000 122.000000 70.000000
1.5700 66.7400 45.4100 572.000000 0.000000 120.000000 71.000000
1.5800 66.9200 45.5800 575.000000 0.000000 122.000000 71.000000
1.5900 67.0100 45.9100 572.000000 0.000000 122.000000 71.000000
1.6000 67.0100 46.4900 572.000000 0.000000 122.000000 71.000000
1.6100 66.9600 47.2600 563.000000 0.000000 122.000000 71.000000
1.6200 66.8100 48.1500 564.000000 0.000000 122.000000 71.000000
1.6300 66.7300 48.9900 564.000000 0.000000 124.000000 71.000000
1.6400 66.7300 49.5800 562.000000 0.000000 124.000000 71.000000
1.6500 66.7300 50.0000 562.000000 0.000000 127.000000 70.000000
1.6600 66.8200 50.1300 570.000000 0.000000 129.000000 70.000000
1.6700 66.9000 50.2000 563.000000 0.000000 131.000000 69.000000
1.6800 66.9000 50.1500 580.000000 0.000000 133.000000 69.000000
1.6900 66.9500 49.9900 589.000000 0.000000 135.000000 68.000000
1.7000 67.0000 49.6400 594.000000 0.000000 135.000000 68.000000
1.7100 67.0500 49.1800 617.000000 0.000000 135.000000 68.000000
1.7200 67.1000 48.7100 614.000000 0.000000 135.000000 68.000000
1.7300 67.3000 48.1900 627.000000 0.000000 135.000000 68.000000
1.7400 67.5200 47.5800 641.000000 0.000000 133.000000 69.000000
1.7500 67.8900 47.1000 644.000000 0.000000 133.000000 69.000000
1.7600 68.3400 46.7200 652.000000 0.000000 131.000000 69.000000
1.7700 68.8000 46.4400 664.000000 0.000000 129.000000 70.000000
1.7800 69.2200 46.2300 667.000000 0.000000 127.000000 70.000000
1.7900 69.5400 46.0800 667.000000 0.000000 127.000000 70.000000
1.8000 69.8000 46.0200 668.000000 0.000000 124.000000 71.000000
1.8100 69.9500 46.0200 664.000000 0.000000 122.000000 70.000000
1.8200 70.0300 46.0800 668.000000 0.000000 120.000000 71.000000
1.8300 70.0300 46.0800 670.000000 0.000000 120.000000 71.000000
1.8400 70.0900 46.0800 671.000000 0.000000 120.000000 71.000000
1.8500 70.0900 46.1300 667.000000 0.000000 118.000000 70.000000
1.8600 70.1500 46.1300 678.000000 0.000000 118.000000 70.000000
1.8700 70.1500 46.1300 688.000000 0.000000 118.000000 70.000000
1.8800 70.1500 46.1300 690.000000 0.000000 118.000000 70.000000
1.8900 70.1500 46.1300 713.000000 0.000000 118.000000 70.000000
1.9000 70.1500 46.1300 722.000000 0.000000 118.000000 70.000000
1.9100 70.1500 46.1300 754.000000 0.000000 118.000000 70.000000
1.9200 70.1500 46.1300 759.000000 0.000000 118.000000 70.000000
1.9300 70.1500 46.1300 768.000000 0.000000 118.000000 70.000000
1.9400 70.1500 46.1300 771.000000 0.000000 120.000000 71.000000
1.9500 70.1500 46.1300 784.000000 0.000000 120.000000 71.000000
1.9600 70.1500 46.1300 790.000000 0.000000 120.000000 71.000000
1.9700 70.1500 46.1300 797.000000 0.000000 120.000000 71.000000
1.9800 69.8900 46.1800 796.000000 0.000000 120.000000 71.000000
1.9900 69.4800 46.1800 784.000000 0.000000 120.000000 71.000000
2.0000 68.9400 46.1100 773.000000 0.000000 120.000000 71.000000
2.0100 68.0000 46.0200 754.000000 0.000000 120.000000 71.000000
2.0200 66.6100 45.8800 761.000000 0.000000 120.000000 71.000000
2.0300 64.9200 45.5900 708.000000 0.000000 120.000000 71.000000
2.0400 62.7300 45.1900 737.000000 0.000000 120.000000 71.000000
2.0500 60.2800 44.6200 745.000000 0.000000 120.000000 71.000000
2.0600 57.6500 44.0500 739.000000 0.000000 120.000000 71.000000
2.0700 55.3800 43.6000 728.000000 0.000000 118.000000 70.000000
2.0800 53.7600 43.2300 708.000000 0.000000 118.000000 70.000000
2.0900 52.5800 43.0000 670.000000 0.000000 118.000000 70.000000
2.1000 51.8900 43.0000 526.000000 0.000000 121.000000 69.000000
