0.0000 90.0500 7.3600 191.000000 1.000000 151.000000 53.000000
0.0100 90.1000 7.1000 256.000000 0.000000 151.000000 53.000000
0.0200 90.1000 7.1000 299.000000 0.000000 151.000000 54.000000
0.0300 90.2600 7.2400 398.000000 0.000000 151.000000 54.000000
0.0400 90.5300 7.6600 415.000000 0.000000 153.000000 55.000000
0.0500 90.9100 8.3000 430.000000 0.000000 153.000000 55.000000
0.0600 91.3300 9.3100 443.000000 0.000000 152.000000 56.000000
0.0700 91.9300 10.8300 430.000000 0.000000 152.000000 56.000000
0.0800 92.6200 12.7000 420.000000 0.000000 150.000000 55.000000
0.0900 93.1900 14.7700 413.000000 0.000000 150.000000 55.000000
0.1000 93.5200 16.7700 418.000000 0.000000 149.000000 55.000000
0.1100 93.6900 17.7000 447.000000 0.000000 147.000000 55.000000
0.1200 93.5300 17.9500 455.000000 0.000000 148.000000 54.000000
0.1300 93.2500 17.8200 464.000000 0.000000 147.000000 53.000000
0.1400 92.9000 17.0800 512.000000 0.000000 148.000000 53.000000
0.1500 92.6000 15.9300 539.000000 0.000000 148.000000 53.000000
0.1600 92.3600 14.3600 563.000000 0.000000 148.000000 53.000000
0.1700 92.4500 12.4700 577.000000 0.000000 147.000000 52.000000
0.1800 92.7200 10.3600 578.000000 0.000000 147.000000 52.000000
0.1900 93.2900 9.1400 570.000000 0.000000 147.000000 52.000000
0.2000 94.0600 8.3700 553.000000 0.000000 147.000000 52.000000
0.2100 94.9700 7.8900 554.000000 0.000000 146.000000 53.000000
0.2200 95.4200 7.8400 572.000000 0.000000 147.000000 53.000000
0.2300 95.3500 8.1100 561.000000 0.000000 147.000000 53.000000
0.2400 94.9200 8.6000 560.000000 0.000000 147.000000 53.000000
0.2500 93.7200 9.4000 544.000000 0.000000 148.000000 54.000000
0.2600 91.8500 10.1800 519.000000 0.000000 148.000000 54.000000
0.2700 89.5300 10.9500 545.000000 0.000000 147.000000 53.000000
0.2800 86.8300 10.7200 628.000000 0.000000 146.000000 54.000000
0.2900 84.7300 10.0500 653.000000 0.000000 146.000000 54.000000
0.3000 83.0300 9.1000 647.000000 0.000000 145.000000 54.000000
0.3100 82.5100 8.2600 633.000000 0.000000 144.000000 54.000000
0.3200 83.0400 7.6700 647.000000 0.000000 144.000000 54.000000
0.3300 84.2600 7.2400 650.000000 0.000000 144.000000 54.000000
0.3400 86.5600 7.4300 684.000000 0.000000 144.000000 54.000000
0.3500 89.6800 8.2000 714.000000 0.000000 144.000000 54.000000
0.3600 93.3400 9.3700 696.000000 0.000000 145.000000 55.000000
0.3700 97.1300 10.6700 690.000000 0.000000 145.000000 55.000000
0.3800 100.3700 12.3400 685.000000 0.000000 147.000000 55.000000
0.3900 103.2500 14.2500 668.000000 0.000000 148.000000 54.000000
0.4000 104.9800 15.2600 622.000000 0.000000 151.000000 53.000000
0.4100 105.5000 15.5900 619.000000 0.000000 153.000000 53.000000
0.4200 105.2200 15.4700 491.000000 0.000000 155.000000 51.000000
0.4300 104.7900 15.2600 216.000000 0.000000 157.000000 51.000000
0.4400 104.7900 15.2600 0.000000 1.000000 157.000000 50.000000
0.4500 103.2900 14.4600 0.000000 0.000000 158.000000 49.000000
0.4600 102.7800 14.0200 0.000000 0.000000 159.000000 48.000000
0.4700 102.5700 13.5900 0.000000 0.000000 159.000000 48.000000
0.4800 102.5700 13.1400 0.000000 0.000000 159.000000 48.000000
0.4900 102.5200 12.3800 0.000000 0.000000 159.000000 48.000000
0.5000 102.2200 11.4200 0.000000 0.000000 159.000000 48.000000
0.5100 101.7500 10.6100 0.000000 0.000000 158.000000 48.000000
0.5200 101.0700 9.7800 0.000000 0.000000 157.000000 48.000000
0.5300 99.9900 8.9300 0.000000 0.000000 157.000000 48.000000
0.5400 98.6400 8.0600 0.000000 0.000000 157.000000 48.000000
0.5500 97.5000 7.2400 0.000000 0.000000 155.000000 47.000000
0.5600 96.6200 6.4600 0.000000 0.000000 155.000000 48.000000
0.5700 95.9100 5.9200 0.000000 0.000000 155.000000 48.000000
0.5800 95.5900 5.6000 0.000000 0.000000 155.000000 48.000000
0.5900 95.1200 5.4200 0.000000 0.000000 155.000000 49.000000
0.6000 94.5400 5.5000 0.000000 0.000000 155.000000 49.000000
0.6100 94.5400 5.7900 0.000000 0.000000 154.000000 50.000000
0.6200 94.5400 6.2200 0.000000 0.000000 154.000000 50.000000
0.6300 94.7200 6.7800 0.000000 0.000000 153.000000 50.000000
0.6400 94.9100 7.4600 0.000000 0.000000 152.000000 51.000000
0.6500 95.0600 8.2200 0.000000 0.000000 151.000000 50.000000
0.6600 95.0600 9.1100 0.000000 0.000000 151.000000 50.000000
0.6700 94.9100 9.9700 0.000000 0.000000 151.000000 50.000000
0.6800 94.7900 10.7400 0.000000 0.000000 150.000000 51.000000
0.6900 94.7900 10.7400 232.000000 1.000000 150.000000 51.000000
0.7000 94.7000 11.7800 281.000000 0.000000 150.000000 51.000000
0.7100 94.5400 11.8900 291.000000 0.000000 149.000000 52.000000
0.7200 94.3000 11.6800 366.000000 0.000000 148.000000 53.000000
0.7300 94.1800 10.9500 440.000000 0.000000 149.000000 53.000000
0.7400 94.0700 9.8800 472.000000 0.000000 148.000000 54.000000
0.7500 94.2600 8.8300 493.000000 0.000000 148.000000 54.000000
0.7600 94.6400 7.8000 492.000000 0.000000 148.000000 54.000000
0.7700 95.3200 7.2600 491.000000 0.000000 148.000000 54.000000
0.7800 96.1000 7.0400 496.000000 0.000000 148.000000 54.000000
0.7900 96.9500 7.3100 478.000000 0.000000 151.000000 53.000000
0.8000 97.7900 8.0000 447.000000 0.000000 151.000000 53.000000
0.8100 98.2800 8.9700 443.000000 0.000000 152.000000 54.000000
0.8200 98.5400 9.9800 430.000000 0.000000 154.000000 53.000000
0.8300 98.4200 10.9600 443.000000 0.000000 154.000000 53.000000
0.8400 98.1900 11.5100 469.000000 0.000000 156.000000 53.000000
0.8500 97.8800 11.7900 486.000000 0.000000 158.000000 53.000000
0.8600 97.6700 11.7200 489.000000 0.000000 157.000000 54.000000
0.8700 97.4800 11.2900 517.000000 0.000000 158.000000 54.000000
0.8800 97.3600 10.6100 529.000000 0.000000 158.000000 54.000000
0.8900 97.3600 9.8900 535.000000 0.000000 158.000000 54.000000
0.9000 97.4200 9.2500 537.000000 0.000000 157.000000 54.000000
0.9100 97.8300 8.6700 538.000000 0.000000 158.000000 54.000000
0.9200 98.4400 8.3400 538.000000 0.000000 158.000000 54.000000
0.9300 99.0700 8.2900 538.000000 0.000000 158.000000 54.000000
0.9400 99.6600 8.4200 532.000000 0.000000 159.000000 53.000000
0.9500 100.0600 8.6500 496.000000 0.000000 159.000000 53.000000
0.9600 100.3500 9.2900 444.000000 0.000000 158.000000 53.000000
0.9700 100.6800 10.2000 361.000000 0.000000 156.000000 53.000000
0.9800 100.9000 11.3100 361.000000 0.000000 155.000000 52.000000
0.9900 101.0500 12.3300 423.000000 0.000000 155.000000 52.000000
1.0000 101.1200 13.2800 440.000000 0.000000 154.000000 52.000000
1.0100 101.0700 13.2300 492.000000 0.000000 153.000000 52.000000
1.0200 100.9500 12.4200 536.000000 0.000000 151.000000 51.000000
1.0300 100.8700 11.1000 586.000000 0.000000 151.000000 51.000000
1.0400 100.8200 9.7800 619.000000 0.000000 151.000000 51.000000
1.0500 101.1400 8.6200 619.000000 0.000000 153.000000 52.000000
1.0600 101.7000 7.5600 620.000000 0.000000 153.000000 52.000000
1.0700 102.7600 6.3900 617.000000 0.000000 154.000000 52.000000
1.0800 103.8700 5.8500 636.000000 0.000000 154.000000 52.000000
1.0900 104.5200 5.7300 691.000000 0.000000 156.000000 51.000000
1.1000 104.8400 6.0300 746.000000 0.000000 157.000000 52.000000
1.1100 104.4800 6.7000 788.000000 0.000000 158.000000 52.000000
1.1200 103.3600 7.6200 788.000000 0.000000 160.000000 51.000000
1.1300 101.7400 8.7200 805.000000 0.000000 160.000000 51.000000
1.1400 99.3400 9.9900 808.000000 0.000000 160.000000 51.000000
1.1500 95.9700 11.3800 803.000000 0.000000 159.000000 51.000000
1.1600 91.9600 13.3700 896.000000 0.000000 157.000000 52.000000
1.1700 88.2800 14.2000 941.000000 0.000000 155.000000 52.000000
1.1800 85.9300 14.2500 879.000000 0.000000 153.000000 53.000000
1.1900 84.4700 13.3600 661.000000 0.000000 151.000000 53.000000
1.2000 83.8200 12.3300 68.000000 0.000000 148.000000 54.000000
