0.0000 88.3700 58.9900 51.000000 1.000000 119.000000 51.000000
0.0100 88.3000 58.5300 119.000000 0.000000 119.000000 51.000000
0.0200 88.3000 58.2700 193.000000 0.000000 119.000000 51.000000
0.0300 88.3000 57.9900 286.000000 0.000000 120.000000 52.000000
0.0400 88.3000 57.8700 377.000000 0.000000 118.000000 53.000000
0.0500 88.3000 57.8700 465.000000 0.000000 118.000000 53.000000
0.0600 88.4200 57.9800 570.000000 0.000000 118.000000 53.000000
0.0700 88.6000 58.5300 619.000000 0.000000 118.000000 53.000000
0.0800 88.9100 59.3700 673.000000 0.000000 118.000000 53.000000
0.0900 89.2900 60.6600 694.000000 0.000000 118.000000 53.000000
0.1000 89.7400 62.4800 691.000000 0.000000 117.000000 52.000000
0.1100 90.2000 64.6500 691.000000 0.000000 119.000000 51.000000
0.1200 90.6700 66.5900 702.000000 0.000000 118.000000 51.000000
0.1300 90.9900 68.2600 697.000000 0.000000 119.000000 50.000000
0.1400 91.2200 69.7400 697.000000 0.000000 120.000000 50.000000
0.1500 91.2200 70.6400 721.000000 0.000000 121.000000 49.000000
0.1600 91.1600 71.0600 757.000000 0.000000 122.000000 48.000000
0.1700 91.0600 71.1600 757.000000 0.000000 123.000000 48.000000
0.1800 91.0600 71.0000 751.000000 0.000000 124.000000 48.000000
0.1900 91.0600 70.3200 750.000000 0.000000 124.000000 48.000000
0.2000 91.0100 69.3000 737.000000 0.000000 125.000000 47.000000
0.2100 91.0100 67.6800 703.000000 0.000000 125.000000 47.000000
0.2200 91.1100 65.8900 694.000000 0.000000 124.000000 48.000000
0.2300 91.2700 63.9900 684.000000 0.000000 124.000000 48.000000
0.2400 91.4900 62.5500 687.000000 0.000000 123.000000 48.000000
0.2500 91.7800 61.6800 693.000000 0.000000 123.000000 48.000000
0.2600 92.0700 61.1900 700.000000 0.000000 123.000000 49.000000
0.2700 92.3500 60.9200 691.000000 0.000000 122.000000 50.000000
0.2800 92.5700 60.8400 684.000000 0.000000 120.000000 50.000000
0.2900 92.7300 60.8400 684.000000 0.000000 120.000000 50.000000
0.3000 92.8100 61.0000 685.000000 0.000000 120.000000 50.000000
0.3100 92.8100 61.1100 688.000000 0.000000 120.000000 50.000000
0.3200 92.7400 61.2500 693.000000 0.000000 120.000000 50.000000
0.3300 92.6300 61.4200 697.000000 0.000000 120.000000 50.000000
0.3400 92.4900 61.4200 691.000000 0.000000 120.000000 50.000000
0.3500 92.3400 61.3700 697.000000 0.000000 120.000000 50.000000
0.3600 92.2000 61.2400 702.000000 0.000000 120.000000 50.000000
0.3700 92.0900 61.1700 710.000000 0.000000 120.000000 50.000000
0.3800 92.0900 61.1700 716.000000 0.000000 120.000000 50.000000
0.3900 92.0900 61.1700 719.000000 0.000000 120.000000 50.000000
0.4000 92.0900 61.1700 717.000000 0.000000 120.000000 50.000000
0.4100 92.0900 61.1700 717.000000 0.000000 120.000000 50.000000
0.4200 92.0900 61.1700 717.000000 0.000000 120.000000 50.000000
0.4300 92.0900 61.1700 714.000000 0.000000 120.000000 50.000000
0.4400 92.0900 61.1700 719.000000 0.000000 120.000000 50.000000
0.4500 92.0900 61.0900 717.000000 0.000000 120.000000 50.000000
0.4600 92.1800 61.0900 710.000000 0.000000 120.000000 50.000000
0.4700 92.1800 61.0100 696.000000 0.000000 120.000000 50.000000
0.4800 92.2300 61.0100 673.000000 0.000000 120.000000 50.000000
0.4900 92.2300 61.0100 628.000000 0.000000 120.000000 50.000000
0.5000 92.2300 61.0100 595.000000 0.000000 120.000000 50.000000
0.5100 92.2800 61.0100 567.000000 0.000000 120.000000 50.000000
0.5200 92.2800 61.0100 553.000000 0.000000 120.000000 50.000000
0.5300 92.2800 61.0100 546.000000 0.000000 120.000000 50.000000
0.5400 92.2800 61.0100 543.000000 0.000000 120.000000 50.000000
0.5500 92.2800 61.0100 545.000000 0.000000 120.000000 50.000000
0.5600 92.2800 61.0100 553.000000 0.000000 120.000000 50.000000
0.5700 92.2800 61.0100 556.000000 0.000000 120.000000 50.000000
0.5800 92.2800 61.0100 570.000000 0.000000 120.000000 50.000000
0.5900 92.2800 61.0100 563.000000 0.000000 120.000000 50.000000
0.6000 92.2800 61.0100 570.000000 0.000000 120.000000 50.000000
0.6100 92.2800 61.0100 567.000000 0.000000 120.000000 50.000000
0.6200 92.2800 61.0100 556.000000 0.000000 120.000000 50.000000
0.6300 92.3400 60.9600 542.000000 0.000000 120.000000 50.000000
0.6400 92.3400 60.9600 537.000000 0.000000 120.000000 50.000000
0.6500 92.3400 60.9600 512.000000 0.000000 120.000000 50.000000
0.6600 92.3400 60.9600 472.000000 0.000000 120.000000 50.000000
0.6700 92.3900 60.9600 412.000000 0.000000 120.000000 50.000000
0.6800 92.3900 60.9100 183.000000 0.000000 120.000000 50.000000
0.6900 92.3900 60.9100 0.000000 1.000000 120.000000 50.000000
0.7000 92.4400 60.9800 0.000000 0.000000 119.000000 50.000000
0.7100 92.4400 61.0900 0.000000 0.000000 119.000000 50.000000
0.7200 92.5300 61.1800 0.000000 0.000000 119.000000 50.000000
0.7300 92.6200 61.2600 0.000000 0.000000 119.000000 50.000000
0.7400 92.7100 61.3600 0.000000 0.000000 119.000000 50.000000
0.7500 92.7600 61.4800 0.000000 0.000000 119.000000 50.000000
0.7600 92.7600 61.6300 0.000000 0.000000 119.000000 50.000000
0.7700 92.8100 61.7600 0.000000 0.000000 119.000000 50.000000
0.7800 92.8100 61.8200 0.000000 0.000000 119.000000 50.000000
0.7900 92.8700 61.8200 0.000000 0.000000 119.000000 50.000000
0.8000 92.8700 61.8200 0.000000 0.000000 119.000000 50.000000
0.8100 92.8700 61.8200 0.000000 0.000000 119.000000 50.000000
0.8200 92.9500 61.7600 0.000000 0.000000 120.000000 50.000000
0.8300 92.9500 61.6200 0.000000 0.000000 120.000000 50.000000
0.8400 93.0400 61.5000 0.000000 0.000000 120.000000 50.000000
0.8500 93.0400 61.3900 0.000000 0.000000 120.000000 50.000000
0.8600 93.1100 61.3900 0.000000 0.000000 120.000000 50.000000
0.8700 93.1100 61.3900 0.000000 0.000000 120.000000 50.000000
0.8800 93.1100 61.4900 0.000000 0.000000 120.000000 50.000000
0.8900 93.0100 61.6200 0.000000 0.000000 120.000000 50.000000
0.9000 92.9300 61.7200 0.000000 0.000000 121.000000 51.000000
0.9100 92.8400 61.7800 0.000000 0.000000 121.000000 51.000000
0.9200 92.7600 61.8300 0.000000 0.000000 121.000000 51.000000
0.9300 92.6900 61.8900 0.000000 0.000000 121.000000 51.000000
0.9400 92.6300 61.8900 0.000000 0.000000 121.000000 51.000000
0.9500 92.5800 61.8900 0.000000 0.000000 121.000000 51.000000
0.9600 92.5800 61.8900 0.000000 0.000000 121.000000 51.000000
0.9700 92.4600 61.8900 0.000000 0.000000 121.000000 51.000000
0.9800 92.3600 61.9400 0.000000 0.000000 121.000000 51.000000
0.9900 92.3600 61.9400 0.000000 0.000000 121.000000 51.000000
1.0000 92.3600 61.9400 0.000000 0.000000 121.000000 51.000000
1.0100 92.3600 61.9400 0.000000 0.000000 121.000000 51.000000
1.0200 92.3600 61.9400 0.000000 0.000000 121.000000 51.000000
1.0300 92.5000 61.5700 0.000000 0.000000 121.000000 51.000000
1.0400 92.6200 61.4000 0.000000 0.000000 121.000000 51.000000
1.0500 92.7600 61.2000 0.000000 0.000000 121.000000 51.000000
1.0600 92.8900 60.9700 0.000000 0.000000 121.000000 51.000000
1.0700 93.0000 60.7300 0.000000 0.000000 120.000000 51.000000
1.0800 93.0900 60.4900 0.000000 0.000000 120.000000 51.000000
1.0900 93.1600 60.3100 0.000000 0.000000 119.000000 50.000000
1.1000 93.1600 60.1800 0.000000 0.000000 118.000000 51.000000
1.1100 93.1600 60.1100 0.000000 0.000000 118.000000 51.000000
1.1200 93.1600 60.1100 0.000000 0.000000 118.000000 51.000000
1.1300 93.1600 60.2000 0.000000 0.000000 118.000000 51.000000
1.1400 93.1600 60.3300 0.000000 0.000000 118.000000 51.000000
1.1500 93.0800 60.5400 0.000000 0.000000 118.000000 51.000000
1.1600 93.0300 60.8100 0.000000 0.000000 118.000000 51.000000
1.1700 93.0300 60.9800 0.000000 0.000000 118.000000 51.000000
1.1800 92.9600 61.1000 0.000000 0.000000 118.000000 51.000000
1.1900 92.8900 61.1000 0.000000 0.000000 119.000000 51.000000
1.2000 92.8000 61.1800 0.000000 0.000000 119.000000 51.000000
1.2100 92.7400 61.2400 0.000000 0.000000 120.000000 51.000000
1.2200 92.7400 61.2400 0.000000 0.000000 120.000000 51.000000
1.2300 92.6900 61.3100 0.000000 0.000000 120.000000 51.000000
1.2400 92.6900 61.3100 0.000000 0.000000 120.000000 51.000000
1.2500 92.7600 61.3100 0.000000 0.000000 120.000000 51.000000
1.2600 92.8200 61.3100 0.000000 0.000000 120.000000 51.000000
1.2700 92.8900 61.1900 0.000000 0.000000 120.000000 51.000000
1.2800 92.8900 61.0700 0.000000 0.000000 120.000000 51.000000
1.2900 92.8900 60.9100 0.000000 0.000000 120.000000 51.000000
1.3000 92.9500 60.7500 0.000000 0.000000 120.000000 51.000000
1.3100 92.9500 60.6700 0.000000 0.000000 120.000000 51.000000
1.3200 92.8000 60.6700 0.000000 0.000000 120.000000 51.000000
1.3300 92.8000 60.6700 0.000000 0.000000 120.000000 51.000000
1.3400 92.8000 60.8500 0.000000 0.000000 120.000000 51.000000
1.3500 92.8000 61.0400 0.000000 0.000000 120.000000 51.000000
1.3600 92.7500 61.2400 0.000000 0.000000 120.000000 51.000000
1.3700 92.7500 61.3400 0.000000 0.000000 120.000000 51.000000
1.3800 92.7500 61.3400 0.000000 0.000000 119.000000 50.000000
1.3900 92.6800 61.4000 0.000000 0.000000 119.000000 50.000000
1.4000 92.6800 61.4000 0.000000 0.000000 119.000000 50.000000
1.4100 92.6000 61.4000 0.000000 0.000000 120.000000 50.000000
1.4200 92.6000 61.4000 0.000000 0.000000 120.000000 50.000000
1.4300 92.6000 61.4000 0.000000 0.000000 120.000000 50.000000
1.4400 92.6000 61.4000 0.000000 0.000000 120.000000 50.000000
1.4500 92.6000 61.4000 0.000000 0.000000 120.000000 50.000000
1.4600 92.6000 61.4000 0.000000 0.000000 120.000000 50.000000
1.4700 92.6000 61.4000 0.000000 0.000000 122.000000 50.000000
1.4800 92.6000 61.4000 34.000000 1.000000 121.000000 51.000000
1.4900 92.6000 61.2700 55.000000 0.000000 121.000000 51.000000
1.5000 92.6000 61.1400 90.000000 0.000000 121.000000 51.000000
1.5100 92.6000 60.9800 127.000000 0.000000 121.000000 51.000000
1.5200 92.6000 60.8300 141.000000 0.000000 121.000000 51.000000
1.5300 92.6700 60.7700 179.000000 0.000000 121.000000 51.000000
1.5400 92.6700 60.7700 205.000000 0.000000 121.000000 51.000000
1.5500 92.7500 60.7700 244.000000 0.000000 121.000000 51.000000
1.5600 92.8000 60.7700 285.000000 0.000000 121.000000 51.000000
1.5700 92.8700 60.7700 305.000000 0.000000 121.000000 51.000000
1.5800 92.9600 60.8800 371.000000 0.000000 121.000000 51.000000
1.5900 93.0400 61.0200 402.000000 0.000000 121.000000 51.000000
1.6000 93.1100 61.2800 433.000000 0.000000 121.000000 51.000000
1.6100 93.2000 61.6300 450.000000 0.000000 121.000000 51.000000
1.6200 93.2800 62.0000 461.000000 0.000000 121.000000 51.000000
1.6300 93.2800 62.3600 465.000000 0.000000 121.000000 51.000000
1.6400 93.2800 62.7200 498.000000 0.000000 121.000000 51.000000
1.6500 93.2800 63.0000 515.000000 0.000000 121.000000 51.000000
1.6600 93.2100 63.2400 516.000000 0.000000 121.000000 51.000000
1.6700 93.2100 63.4200 537.000000 0.000000 121.000000 51.000000
1.6800 93.2100 63.4200 536.000000 0.000000 121.000000 51.000000
1.6900 93.0700 63.6700 543.000000 0.000000 121.000000 51.000000
1.7000 93.0700 63.7600 562.000000 0.000000 121.000000 51.000000
1.7100 93.0100 63.7600 560.000000 0.000000 121.000000 51.000000
1.7200 93.0100 63.8300 566.000000 0.000000 122.000000 50.000000
1.7300 92.9600 63.8800 574.000000 0.000000 122.000000 50.000000
1.7400 92.9600 63.9400 575.000000 0.000000 122.000000 50.000000
1.7500 92.9600 63.9400 580.000000 0.000000 122.000000 50.000000
1.7600 92.9600 63.9400 588.000000 0.000000 122.000000 50.000000
1.7700 92.9600 63.9400 592.000000 0.000000 122.000000 50.000000
1.7800 92.9600 63.9400 595.000000 0.000000 121.000000 49.000000
1.7900 92.9600 63.9400 588.000000 0.000000 121.000000 49.000000
1.8000 92.9600 63.9400 586.000000 0.000000 121.000000 49.000000
1.8100 92.9600 63.9400 595.000000 0.000000 121.000000 49.000000
1.8200 92.9600 63.9400 584.000000 0.000000 121.000000 49.000000
1.8300 92.9600 63.9400 566.000000 0.000000 121.000000 49.000000
1.8400 92.9600 63.9400 564.000000 0.000000 121.000000 49.000000
1.8500 92.9600 63.9400 559.000000 0.000000 121.000000 49.000000
1.8600 92.9600 63.9400 554.000000 0.000000 121.000000 49.000000
1.8700 92.9600 63.9400 554.000000 0.000000 121.000000 49.000000
1.8800 92.9600 63.9400 556.000000 0.000000 121.000000 49.000000
1.8900 92.9600 63.8900 553.000000 0.000000 122.000000 50.000000
1.9000 92.9600 63.8900 533.000000 0.000000 122.000000 50.000000
1.9100 92.9600 63.8900 512.000000 0.000000 122.000000 50.000000
1.9200 92.9600 63.8900 514.000000 0.000000 122.000000 50.000000
1.9300 92.9600 63.8900 514.000000 0.000000 122.000000 50.000000
1.9400 92.9600 63.8900 509.000000 0.000000 122.000000 50.000000
1.9500 92.9600 63.8900 501.000000 0.000000 122.000000 50.000000
1.9600 92.9600 63.8900 496.000000 0.000000 122.000000 50.000000
1.9700 92.9600 63.8900 494.000000 0.000000 122.000000 50.000000
1.9800 92.9600 63.8900 496.000000 0.000000 122.000000 50.000000
1.9900 92.9600 63.8900 502.000000 0.000000 122.000000 50.000000
2.0000 92.9600 63.8900 512.000000 0.000000 122.000000 50.000000
2.0100 92.9600 63.8900 519.000000 0.000000 122.000000 50.000000
2.0200 92.9600 63.8900 516.000000 0.000000 122.000000 50.000000
2.0300 92.9600 63.8900 527.000000 0.000000 122.000000 50.000000
2.0400 92.9600 63.8900 540.000000 0.000000 122.000000 50.000000
2.0500 92.9600 63.8900 540.000000 0.000000 122.000000 50.000000
2.0600 92.9600 63.8900 557.000000 0.000000 122.000000 50.000000
2.0700 92.9600 63.8900 570.000000 0.000000 122.000000 50.000000
2.0800 92.9600 63.9400 560.000000 0.000000 122.000000 50.000000
2.0900 92.9600 63.9400 560.000000 0.000000 122.000000 50.000000
2.1000 92.9600 63.9400 561.000000 0.000000 122.000000 50.000000
2.1100 92.9600 63.9400 560.000000 0.000000 122.000000 50.000000
2.1200 92.9600 63.9400 563.000000 0.000000 122.000000 50.000000
2.1300 92.9600 63.9400 563.000000 0.000000 122.000000 50.000000
2.1400 92.9600 63.9400 566.000000 0.000000 122.000000 50.000000
2.1500 92.9600 63.9400 572.000000 0.000000 122.000000 50.000000
2.1600 92.9600 63.9400 580.000000 0.000000 122.000000 50.000000
2.1700 92.9600 63.9400 584.000000 0.000000 122.000000 50.000000
2.1800 92.9600 63.9400 588.000000 0.000000 122.000000 50.000000
2.1900 92.9600 63.9400 586.000000 0.000000 123.000000 49.000000
2.2000 92.9600 63.9400 603.000000 0.000000 123.000000 49.000000
2.2100 92.9100 63.9400 605.000000 0.000000 123.000000 49.000000
2.2200 92.8500 64.0600 606.000000 0.000000 123.000000 49.000000
2.2300 92.7600 64.1700 613.000000 0.000000 123.000000 49.000000
2.2400 92.6500 64.3700 616.000000 0.000000 123.000000 49.000000
2.2500 92.4600 64.6500 613.000000 0.000000 123.000000 49.000000
2.2600 92.2100 64.9800 614.000000 0.000000 123.000000 49.000000
2.2700 91.8500 65.3100 606.000000 0.000000 123.000000 49.000000
2.2800 91.3900 65.6500 609.000000 0.000000 123.000000 49.000000
2.2900 90.8500 65.9700 611.000000 0.000000 123.000000 49.000000
2.3000 90.2900 66.2200 611.000000 0.000000 122.000000 48.000000
2.3100 89.6400 66.4300 611.000000 0.000000 123.000000 48.000000
2.3200 88.9300 66.4300 613.000000 0.000000 123.000000 48.000000
2.3300 88.2300 66.3400 616.000000 0.000000 123.000000 48.000000
2.3400 87.5600 65.9400 613.000000 0.000000 124.000000 48.000000
2.3500 86.9700 65.5100 616.000000 0.000000 125.000000 48.000000
2.3600 86.4300 64.9400 620.000000 0.000000 125.000000 48.000000
2.3700 86.0900 64.2900 616.000000 0.000000 125.000000 48.000000
2.3800 85.8800 63.7800 605.000000 0.000000 125.000000 48.000000
2.3900 85.8800 63.4000 586.000000 0.000000 126.000000 49.000000
2.4000 86.0100 63.1000 581.000000 0.000000 125.000000 50.000000
2.4100 86.3000 62.8400 567.000000 0.000000 125.000000 50.000000
2.4200 86.7400 62.7000 563.000000 0.000000 125.000000 50.000000
2.4300 87.4900 62.6300 567.000000 0.000000 125.000000 50.000000
2.4400 88.4400 62.6300 588.000000 0.000000 124.000000 49.000000
2.4500 89.7400 62.7700 600.000000 0.000000 124.000000 49.000000
2.4600 91.0800 63.0000 613.000000 0.000000 125.000000 50.000000
2.4700 92.9200 63.5200 641.000000 0.000000 125.000000 50.000000
2.4800 95.0800 64.2400 675.000000 0.000000 125.000000 50.000000
2.4900 97.3300 65.0900 699.000000 0.000000 125.000000 50.000000
2.5000 99.9600 66.2400 702.000000 0.000000 125.000000 50.000000
2.5100 102.8500 67.8900 611.000000 0.000000 126.000000 50.000000
2.5200 106.2500 69.8800 137.000000 0.000000 126.000000 50.000000
2.5300 106.2500 69.8800 0.000000 1.000000 126.000000 50.000000
2.5400 114.0300 74.1600 0.000000 0.000000 125.000000 51.000000
2.5500 117.3000 76.9600 0.000000 0.000000 125.000000 51.000000
2.5600 120.4300 79.1300 0.000000 0.000000 125.000000 51.000000
2.5700 123.4600 81.0200 0.000000 0.000000 123.000000 51.000000
2.5800 126.2400 82.7300 0.000000 0.000000 122.000000 50.000000
2.5900 126.9900 84.0900 0.000000 0.000000 122.000000 50.000000
2.6000 126.9900 85.4300 0.000000 0.000000 121.000000 49.000000
2.6100 126.9900 85.4300 0.000000 0.000000 121.000000 49.000000
2.6200 99.2300 58.6300 0.000000 0.000000 115.000000 51.000000
2.6300 99.2300 58.6300 0.000000 0.000000 111.000000 53.000000
2.6400 98.6800 58.6300 0.000000 0.000000 107.000000 56.000000
2.6500 97.7600 58.6900 0.000000 0.000000 101.000000 58.000000
2.6600 97.5600 59.2900 0.000000 0.000000 101.000000 58.000000
2.6700 97.0300 59.8800 0.000000 0.000000 101.000000 58.000000
2.6800 96.2900 60.3000 0.000000 0.000000 103.000000 57.000000
2.6900 95.9700 60.6000 0.000000 0.000000 104.000000 56.000000
2.7000 95.9200 60.9600 0.000000 0.000000 106.000000 55.000000
2.7100 96.0600 61.3100 0.000000 0.000000 108.000000 54.000000
2.7200 96.1600 61.4800 0.000000 0.000000 111.000000 53.000000
2.7300 96.2300 61.5300 0.000000 0.000000 113.000000 52.000000
2.7400 96.2300 61.5900 0.000000 0.000000 113.000000 51.000000
2.7500 96.3000 61.5300 0.000000 0.000000 115.000000 49.000000
2.7600 96.1500 61.5300 0.000000 0.000000 116.000000 49.000000
2.7700 95.8900 61.6600 0.000000 0.000000 115.000000 48.000000
2.7800 95.6500 61.6000 0.000000 0.000000 115.000000 48.000000
2.7900 95.4200 61.6600 0.000000 0.000000 117.000000 48.000000
2.8000 95.2600 61.8100 0.000000 0.000000 117.000000 48.000000
2.8100 95.1800 62.0800 0.000000 0.000000 117.000000 48.000000
2.8200 95.1800 62.4000 0.000000 0.000000 117.000000 48.000000
2.8300 95.1800 62.7600 0.000000 0.000000 117.000000 47.000000
2.8400 95.1800 63.0700 0.000000 0.000000 117.000000 47.000000
2.8500 95.1800 63.3600 0.000000 0.000000 117.000000 47.000000
2.8600 95.0800 63.4400 0.000000 0.000000 118.000000 46.000000
2.8700 95.0800 63.4400 0.000000 0.000000 118.000000 46.000000
2.8800 95.0800 63.3300 0.000000 0.000000 117.000000 46.000000
2.8900 95.0800 63.3300 0.000000 0.000000 117.000000 46.000000
2.9000 95.0800 63.3800 0.000000 0.000000 118.000000 45.000000
2.9100 95.0800 63.5200 0.000000 0.000000 119.000000 46.000000
2.9200 95.1700 63.7200 0.000000 0.000000 119.000000 46.000000
2.9300 95.2200 63.9100 0.000000 0.000000 119.000000 46.000000
2.9400 95.2200 64.0900 0.000000 0.000000 119.000000 47.000000
2.9500 95.2200 64.1600 0.000000 0.000000 119.000000 47.000000
2.9600 95.2200 64.2500 0.000000 0.000000 119.000000 47.000000
2.9700 95.2200 64.3600 0.000000 0.000000 120.000000 48.000000
2.9800 95.2900 64.5100 0.000000 0.000000 120.000000 48.000000
2.9900 95.3500 64.6500 0.000000 0.000000 120.000000 48.000000
3.0000 95.4100 64.7700 0.000000 0.000000 120.000000 48.000000
3.0100 95.4800 64.8800 0.000000 0.000000 120.000000 48.000000
3.0200 95.5700 65.4300 0.000000 0.000000 120.000000 48.000000
3.0300 95.5700 65.4300 65.000000 1.000000 120.000000 48.000000
3.0400 95.6300 65.8800 131.000000 0.000000 119.000000 47.000000
3.0500 95.5800 65.8800 180.000000 0.000000 119.000000 47.000000
3.0600 95.5800 65.8800 207.000000 0.000000 119.000000 47.000000
3.0700 95.5200 65.7600 254.000000 0.000000 120.000000 47.000000
3.0800 95.5200 65.5800 249.000000 0.000000 120.000000 47.000000
3.0900 95.4600 65.1500 277.000000 0.000000 120.000000 47.000000
3.1000 95.4600 64.5600 307.000000 0.000000 122.000000 47.000000
3.1100 95.4600 63.7900 310.000000 0.000000 122.000000 47.000000
3.1200 95.4600 62.9700 310.000000 0.000000 122.000000 47.000000
3.1300 95.5300 62.1300 309.000000 0.000000 121.000000 48.000000
3.1400 95.6400 61.7200 310.000000 0.000000 121.000000 48.000000
3.1500 95.7800 61.5500 314.000000 0.000000 122.000000 48.000000
3.1600 95.9900 61.5500 315.000000 0.000000 121.000000 49.000000
3.1700 96.2700 61.8900 315.000000 0.000000 121.000000 49.000000
3.1800 96.6100 62.5800 317.000000 0.000000 121.000000 49.000000
3.1900 96.9400 63.4900 317.000000 0.000000 121.000000 49.000000
3.2000 97.2500 64.5800 339.000000 0.000000 121.000000 49.000000
3.2100 97.4300 65.4800 371.000000 0.000000 121.000000 49.000000
3.2200 97.5400 66.2600 399.000000 0.000000 121.000000 49.000000
3.2300 97.5900 66.8400 440.000000 0.000000 121.000000 49.000000
3.2400 97.5900 67.1600 468.000000 0.000000 122.000000 48.000000
3.2500 97.5900 67.1600 494.000000 0.000000 122.000000 48.000000
3.2600 97.5900 67.1600 494.000000 0.000000 123.000000 48.000000
3.2700 97.4200 66.7400 499.000000 0.000000 123.000000 48.000000
3.2800 97.4200 65.9600 489.000000 0.000000 123.000000 48.000000
3.2900 97.4900 64.8000 488.000000 0.000000 123.000000 48.000000
3.3000 97.5700 63.5900 477.000000 0.000000 123.000000 48.000000
3.3100 97.6800 62.7100 467.000000 0.000000 123.000000 48.000000
3.3200 97.8700 62.0700 428.000000 0.000000 123.000000 49.000000
3.3300 98.1100 61.9600 415.000000 0.000000 123.000000 49.000000
3.3400 98.4500 62.1700 391.000000 0.000000 122.000000 50.000000
3.3500 98.8000 62.6000 371.000000 0.000000 122.000000 50.000000
3.3600 99.0700 63.2100 366.000000 0.000000 120.000000 50.000000
3.3700 99.2800 63.6400 364.000000 0.000000 120.000000 50.000000
3.3800 99.4100 63.9500 371.000000 0.000000 120.000000 50.000000
3.3900 99.4900 64.1200 386.000000 0.000000 120.000000 50.000000
3.4000 99.5400 64.1200 396.000000 0.000000 120.000000 50.000000
3.4100 99.5400 63.9800 428.000000 0.000000 121.000000 49.000000
3.4200 99.4800 63.6100 458.000000 0.000000 121.000000 49.000000
3.4300 99.4200 63.2300 501.000000 0.000000 121.000000 49.000000
3.4400 99.3100 62.8400 588.000000 0.000000 120.000000 48.000000
3.4500 99.2500 62.6600 659.000000 0.000000 121.000000 49.000000
3.4600 99.0300 62.6600 728.000000 0.000000 121.000000 49.000000
3.4700 98.6700 62.7700 803.000000 0.000000 121.000000 49.000000
3.4800 98.1700 63.0500 900.000000 0.000000 122.000000 50.000000
3.4900 97.3700 63.4200 949.000000 0.000000 122.000000 50.000000
3.5000 96.3800 63.7400 1009.000000 0.000000 122.000000 50.000000
3.5100 95.0600 64.1700 1023.000000 0.000000 122.000000 50.000000
3.5200 93.2400 64.6800 1023.000000 0.000000 122.000000 50.000000
3.5300 91.0900 65.2100 1023.000000 0.000000 123.000000 49.000000
3.5400 89.1600 65.6700 1023.000000 0.000000 123.000000 49.000000
3.5500 87.2300 65.9400 1023.000000 0.000000 124.000000 49.000000
3.5600 85.6800 66.1200 1023.000000 0.000000 124.000000 49.000000
3.5700 84.3700 66.2300 1023.000000 0.000000 124.000000 48.000000
3.5800 83.5100 66.2900 1023.000000 0.000000 124.000000 48.000000
3.5900 83.1400 66.2900 950.000000 0.000000 124.000000 48.000000
3.6000 83.1400 66.2300 673.000000 0.000000 125.000000 47.000000
