0.0000 34.7400 29.2800 101.000000 1.000000 168.000000 55.000000
0.0100 34.7400 29.2800 256.000000 0.000000 170.000000 56.000000
0.0200 35.0800 29.2700 418.000000 0.000000 170.000000 56.000000
0.0300 35.2000 29.4600 564.000000 0.000000 170.000000 56.000000
0.0400 35.3200 29.6800 625.000000 0.000000 170.000000 56.000000
0.0500 35.4500 29.9900 671.000000 0.000000 170.000000 56.000000
0.0600 35.5800 30.3500 693.000000 0.000000 170.000000 56.000000
0.0700 35.7100 30.8500 716.000000 0.000000 170.000000 56.000000
0.0800 35.6400 31.3800 727.000000 0.000000 170.000000 56.000000
0.0900 35.4300 31.9300 699.000000 0.000000 170.000000 56.000000
0.1000 34.8100 32.4800 647.000000 0.000000 170.000000 56.000000
0.1100 33.5400 33.0100 592.000000 0.000000 170.000000 56.000000
0.1200 31.8400 33.4700 570.000000 0.000000 170.000000 56.000000
0.1300 29.4800 33.8300 578.000000 0.000000 169.000000 57.000000
0.1400 26.8400 33.9400 609.000000 0.000000 169.000000 57.000000
0.1500 24.0000 33.8900 630.000000 0.000000 169.000000 57.000000
0.1600 21.1600 33.4700 644.000000 0.000000 168.000000 56.000000
0.1700 18.3000 32.6800 661.000000 0.000000 169.000000 57.000000
0.1800 15.4200 31.6400 678.000000 0.000000 169.000000 57.000000
0.1900 13.0400 30.4600 684.000000 0.000000 169.000000 58.000000
0.2000 11.1900 29.1700 667.000000 0.000000 170.000000 58.000000
0.2100 9.6900 27.8100 653.000000 0.000000 170.000000 58.000000
0.2200 9.3400 26.7100 616.000000 0.000000 170.000000 58.000000
0.2300 9.9200 25.9900 616.000000 0.000000 172.000000 59.000000
0.2400 11.1300 25.5300 609.000000 0.000000 173.000000 59.000000
0.2500 13.0200 25.6000 620.000000 0.000000 175.000000 60.000000
0.2600 15.2700 26.1600 647.000000 0.000000 175.000000 60.000000
0.2700 17.7500 27.0600 672.000000 0.000000 175.000000 60.000000
0.2800 19.8900 28.4000 697.000000 0.000000 175.000000 60.000000
0.2900 21.6900 29.8100 708.000000 0.000000 173.000000 60.000000
0.3000 23.2700 31.2700 691.000000 0.000000 173.000000 60.000000
0.3100 24.2600 32.7300 664.000000 0.000000 172.000000 59.000000
0.3200 24.7600 34.1900 638.000000 0.000000 172.000000 59.000000
0.3300 24.9200 35.2900 619.000000 0.000000 170.000000 59.000000
0.3400 24.5600 36.1600 624.000000 0.000000 169.000000 58.000000
0.3500 23.8800 36.7100 644.000000 0.000000 169.000000 58.000000
0.3600 22.9900 36.8200 658.000000 0.000000 167.000000 57.000000
0.3700 21.9800 36.6300 670.000000 0.000000 167.000000 57.000000
0.3800 21.0700 35.9500 666.000000 0.000000 167.000000 57.000000
0.3900 20.2200 34.7500 673.000000 0.000000 169.000000 58.000000
0.4000 19.6900 33.2100 678.000000 0.000000 169.000000 58.000000
0.4100 19.6000 31.3000 694.000000 0.000000 169.000000 58.000000
0.4200 19.7900 29.3300 699.000000 0.000000 169.000000 58.000000
0.4300 20.5600 27.2400 717.000000 0.000000 167.000000 57.000000
0.4400 21.8400 25.1000 724.000000 0.000000 167.000000 57.000000
0.4500 23.4500 23.4100 733.000000 0.000000 167.000000 57.000000
0.4600 25.1700 22.0400 721.000000 0.000000 167.000000 57.000000
0.4700 26.9300 20.8900 731.000000 0.000000 167.000000 57.000000
0.4800 28.7200 20.2700 727.000000 0.000000 167.000000 57.000000
0.4900 29.9900 19.9200 721.000000 0.000000 167.000000 57.000000
0.5000 30.6600 19.7600 751.000000 0.000000 167.000000 57.000000
0.5100 30.9400 19.8400 796.000000 0.000000 167.000000 57.000000
0.5200 30.6700 20.2000 785.000000 0.000000 167.000000 57.000000
0.5300 30.0500 20.7500 776.000000 0.000000 168.000000 56.000000
0.5400 29.2000 21.5500 758.000000 0.000000 166.000000 56.000000
0.5500 27.8800 22.3400 702.000000 0.000000 167.000000 55.000000
0.5600 25.9900 23.2900 667.000000 0.000000 166.000000 56.000000
0.5700 23.7300 24.3500 662.000000 0.000000 166.000000 56.000000
0.5800 20.9400 25.0800 643.000000 0.000000 167.000000 57.000000
0.5900 17.8700 25.7500 646.000000 0.000000 167.000000 58.000000
0.6000 14.6200 26.1500 670.000000 0.000000 168.000000 58.000000
0.6100 11.5600 26.3900 687.000000 0.000000 170.000000 60.000000
0.6200 8.9500 26.4600 722.000000 0.000000 171.000000 60.000000
0.6300 6.6400 26.4600 736.000000 0.000000 173.000000 60.000000
0.6400 5.4100 26.4600 746.000000 0.000000 175.000000 60.000000
0.6500 5.1000 26.3400 722.000000 0.000000 175.000000 60.000000
0.6600 5.4000 26.2300 740.000000 0.000000 177.000000 60.000000
0.6700 6.3000 26.0500 755.000000 0.000000 177.000000 60.000000
0.6800 8.0400 25.9900 765.000000 0.000000 177.000000 60.000000
0.6900 10.3400 26.0400 782.000000 0.000000 177.000000 59.000000
0.7000 13.2800 26.1800 790.000000 0.000000 177.000000 59.000000
0.7100 16.5200 26.3200 785.000000 0.000000 177.000000 59.000000
0.7200 19.9600 26.4800 788.000000 0.000000 175.000000 59.000000
0.7300 23.5900 26.6500 755.000000 0.000000 173.000000 59.000000
0.7400 26.7900 26.6500 719.000000 0.000000 172.000000 59.000000
0.7500 29.7100 26.6500 656.000000 0.000000 172.000000 59.000000
0.7600 32.3800 26.5600 563.000000 0.000000 170.000000 59.000000
0.7700 34.6200 26.3800 237.000000 0.000000 170.000000 59.000000
