0.0000 106.3800 79.8000 50.000000 1.000000 161.000000 59.000000
0.0100 106.6200 79.4000 244.000000 0.000000 161.000000 59.000000
0.0200 106.5600 79.5600 349.000000 0.000000 161.000000 59.000000
0.0300 106.4900 79.9300 468.000000 0.000000 163.000000 59.000000
0.0400 106.4100 80.1800 514.000000 0.000000 164.000000 58.000000
0.0500 106.2300 80.6800 561.000000 0.000000 164.000000 58.000000
0.0600 105.9900 81.3400 586.000000 0.000000 164.000000 57.000000
0.0700 105.5400 81.9600 591.000000 0.000000 164.000000 57.000000
0.0800 104.7700 82.6200 574.000000 0.000000 165.000000 56.000000
0.0900 103.7900 83.3200 526.000000 0.000000 165.000000 56.000000
0.1000 102.4500 83.9800 521.000000 0.000000 165.000000 56.000000
0.1100 100.8200 84.4800 512.000000 0.000000 165.000000 55.000000
0.1200 99.0000 84.8800 530.000000 0.000000 165.000000 55.000000
0.1300 96.9900 84.9500 541.000000 0.000000 165.000000 55.000000
0.1400 95.0000 84.6900 570.000000 0.000000 165.000000 55.000000
0.1500 93.0300 84.2100 588.000000 0.000000 166.000000 54.000000
0.1600 91.3800 83.3400 653.000000 0.000000 166.000000 54.000000
0.1700 89.9500 82.2600 667.000000 0.000000 166.000000 54.000000
0.1800 88.8400 81.0300 667.000000 0.000000 164.000000 54.000000
0.1900 88.3000 79.6900 664.000000 0.000000 164.000000 54.000000
0.2000 88.1300 78.4300 673.000000 0.000000 166.000000 54.000000
0.2100 88.6500 77.5700 675.000000 0.000000 166.000000 53.000000
0.2200 89.6800 76.9600 702.000000 0.000000 166.000000 53.000000
0.2300 91.0400 76.7800 724.000000 0.000000 166.000000 53.000000
0.2400 92.6100 77.0700 734.000000 0.000000 165.000000 53.000000
0.2500 94.3200 77.6700 720.000000 0.000000 164.000000 54.000000
0.2600 96.1100 78.5100 693.000000 0.000000 164.000000 54.000000
0.2700 97.5100 79.7100 664.000000 0.000000 164.000000 54.000000
0.2800 98.5700 81.1600 613.000000 0.000000 164.000000 54.000000
0.2900 99.3900 82.5200 561.000000 0.000000 164.000000 54.000000
0.3000 99.7100 83.8400 580.000000 0.000000 163.000000 54.000000
0.3100 99.5900 85.0900 605.000000 0.000000 163.000000 54.000000
0.3200 99.1800 85.9600 622.000000 0.000000 163.000000 55.000000
0.3300 98.5200 86.5800 653.000000 0.000000 163.000000 55.000000
0.3400 97.8100 86.7200 656.000000 0.000000 163.000000 55.000000
0.3500 97.0600 86.4200 673.000000 0.000000 162.000000 56.000000
0.3600 96.4300 85.8300 700.000000 0.000000 160.000000 55.000000
0.3700 95.8200 84.5300 719.000000 0.000000 160.000000 55.000000
0.3800 95.5100 82.9600 727.000000 0.000000 162.000000 56.000000
0.3900 95.3800 81.2100 716.000000 0.000000 162.000000 56.000000
0.4000 95.7400 79.2800 714.000000 0.000000 162.000000 56.000000
0.4100 96.5800 77.5100 727.000000 0.000000 163.000000 55.000000
0.4200 97.7500 76.1500 739.000000 0.000000 163.000000 55.000000
0.4300 99.2400 75.0100 750.000000 0.000000 163.000000 55.000000
0.4400 100.7600 74.1100 751.000000 0.000000 163.000000 54.000000
0.4500 102.0800 73.5200 742.000000 0.000000 163.000000 54.000000
0.4600 103.2600 73.1400 725.000000 0.000000 162.000000 54.000000
0.4700 104.0300 72.9300 693.000000 0.000000 162.000000 53.000000
0.4800 104.3300 72.9900 682.000000 0.000000 162.000000 53.000000
0.4900 104.3300 73.2300 608.000000 0.000000 161.000000 52.000000
0.5000 103.8900 73.9300 536.000000 0.000000 161.000000 52.000000
0.5100 102.9000 74.8200 428.000000 0.000000 161.000000 52.000000
0.5200 101.5300 75.8500 354.000000 0.000000 161.000000 52.000000
0.5300 99.6000 76.6700 309.000000 0.000000 161.000000 52.000000
0.5400 97.1000 77.1800 299.000000 0.000000 161.000000 52.000000
0.5500 94.2100 77.4900 335.000000 0.000000 161.000000 52.000000
0.5600 91.2200 77.5400 387.000000 0.000000 160.000000 53.000000
0.5700 88.2400 77.5400 461.000000 0.000000 160.000000 53.000000
0.5800 85.7200 77.4700 546.000000 0.000000 159.000000 53.000000
0.5900 83.5100 77.4000 606.000000 0.000000 160.000000 53.000000
0.6000 82.4200 77.3300 617.000000 0.000000 160.000000 53.000000
0.6100 82.3000 77.3300 617.000000 0.000000 160.000000 53.000000
0.6200 82.8300 77.3300 641.000000 0.000000 161.000000 52.000000
0.6300 84.2800 77.4000 669.000000 0.000000 162.000000 53.000000
0.6400 86.6700 77.6100 708.000000 0.000000 162.000000 53.000000
0.6500 89.6900 77.9100 751.000000 0.000000 162.000000 53.000000
0.6600 93.1500 78.3200 751.000000 0.000000 162.000000 53.000000
0.6700 97.1700 78.8000 753.000000 0.000000 162.000000 53.000000
0.6800 101.5700 79.3200 759.000000 0.000000 164.000000 53.000000
0.6900 105.3900 79.6400 751.000000 0.000000 164.000000 53.000000
0.7000 108.5700 79.7500 710.000000 0.000000 164.000000 53.000000
0.7100 111.3100 79.7500 636.000000 0.000000 164.000000 53.000000
0.7200 113.1300 79.6500 472.000000 0.000000 164.000000 53.000000
