0.0000 105.7200 82.8500 122.000000 1.000000 122.000000 71.000000
0.0100 105.7200 82.8500 212.000000 0.000000 122.000000 71.000000
0.0200 105.7200 82.8500 297.000000 0.000000 122.000000 71.000000
0.0300 105.7200 82.8500 407.000000 0.000000 122.000000 71.000000
0.0400 105.7200 82.8500 505.000000 0.000000 122.000000 71.000000
0.0500 105.7900 82.9400 562.000000 0.000000 122.000000 71.000000
0.0600 105.7900 82.9400 603.000000 0.000000 122.000000 71.000000
0.0700 105.7900 82.9400 637.000000 0.000000 122.000000 71.000000
0.0800 105.7900 83.0800 663.000000 0.000000 124.000000 71.000000
0.0900 105.7900 83.2400 696.000000 0.000000 124.000000 71.000000
0.1000 105.8500 83.4200 754.000000 0.000000 124.000000 71.000000
0.1100 105.8500 83.7000 768.000000 0.000000 124.000000 71.000000
0.1200 105.7400 84.0400 800.000000 0.000000 124.000000 71.000000
0.1300 105.5500 84.3500 824.000000 0.000000 122.000000 71.000000
0.1400 105.3100 84.7600 858.000000 0.000000 122.000000 71.000000
0.1500 105.0400 85.2400 881.000000 0.000000 122.000000 71.000000
0.1600 104.6700 85.7100 896.000000 0.000000 122.000000 71.000000
0.1700 104.0600 86.1600 906.000000 0.000000 122.000000 71.000000
0.1800 103.2900 86.5700 903.000000 0.000000 122.000000 71.000000
0.1900 102.4700 86.9400 881.000000 0.000000 120.000000 71.000000
0.2000 101.5300 87.2700 899.000000 0.000000 117.000000 71.000000
0.2100 100.5100 87.5000 899.000000 0.000000 117.000000 71.000000
0.2200 99.3800 87.7200 896.000000 0.000000 117.000000 71.000000
0.2300 98.2800 87.9500 909.000000 0.000000 117.000000 71.000000
0.2400 97.3100 87.8100 909.000000 0.000000 117.000000 71.000000
0.2500 96.4200 87.6100 892.000000 0.000000 117.000000 71.000000
0.2600 95.3200 87.3800 908.000000 0.000000 119.000000 72.000000
0.2700 94.0400 86.9800 894.000000 0.000000 119.000000 72.000000
0.2800 92.6300 86.4800 896.000000 0.000000 121.000000 73.000000
0.2900 91.4000 85.9100 903.000000 0.000000 122.000000 74.000000
0.3000 90.2000 85.3100 894.000000 0.000000 124.000000 74.000000
0.3100 89.0600 84.6900 899.000000 0.000000 124.000000 74.000000
0.3200 88.1800 84.0500 899.000000 0.000000 127.000000 74.000000
0.3300 87.4700 83.4000 891.000000 0.000000 127.000000 74.000000
0.3400 86.9500 82.7400 887.000000 0.000000 127.000000 74.000000
0.3500 86.6000 82.0800 879.000000 0.000000 130.000000 73.000000
0.3600 86.3700 81.5000 878.000000 0.000000 130.000000 73.000000
0.3700 86.2300 80.9500 872.000000 0.000000 128.000000 72.000000
0.3800 86.3500 80.4200 860.000000 0.000000 130.000000 72.000000
0.3900 86.6400 79.8800 861.000000 0.000000 130.000000 72.000000
0.4000 87.1800 79.4300 852.000000 0.000000 130.000000 72.000000
0.4100 87.9000 79.0400 852.000000 0.000000 130.000000 72.000000
0.4200 88.7400 78.7800 858.000000 0.000000 133.000000 73.000000
0.4300 89.7800 78.5900 858.000000 0.000000 133.000000 73.000000
0.4400 90.8600 78.4400 860.000000 0.000000 133.000000 73.000000
0.4500 92.0100 78.4400 861.000000 0.000000 133.000000 73.000000
0.4600 93.2300 78.4400 864.000000 0.000000 133.000000 73.000000
0.4700 94.5100 78.5100 866.000000 0.000000 133.000000 73.000000
0.4800 95.7600 78.6100 869.000000 0.000000 133.000000 73.000000
0.4900 96.8800 78.7800 854.000000 0.000000 133.000000 73.000000
0.5000 97.9300 79.0000 855.000000 0.000000 133.000000 73.000000
0.5100 98.8600 79.3400 858.000000 0.000000 133.000000 73.000000
0.5200 99.5700 79.6700 863.000000 0.000000 130.000000 73.000000
0.5300 100.1300 79.9900 872.000000 0.000000 130.000000 73.000000
0.5400 100.4700 80.4300 876.000000 0.000000 125.000000 73.000000
0.5500 100.6800 80.9400 885.000000 0.000000 123.000000 72.000000
0.5600 100.7900 81.4400 897.000000 0.000000 119.000000 72.000000
0.5700 100.7900 82.0100 905.000000 0.000000 119.000000 72.000000
0.5800 100.7100 82.6300 903.000000 0.000000 117.000000 71.000000
0.5900 100.5400 83.3300 900.000000 0.000000 117.000000 71.000000
0.6000 100.1800 84.1000 905.000000 0.000000 117.000000 71.000000
0.6100 99.5900 84.8700 903.000000 0.000000 117.000000 71.000000
0.6200 98.8500 85.6100 894.000000 0.000000 117.000000 71.000000
0.6300 98.0700 86.2000 903.000000 0.000000 117.000000 71.000000
0.6400 97.3300 86.6900 902.000000 0.000000 119.000000 72.000000
0.6500 96.6100 87.1200 906.000000 0.000000 119.000000 72.000000
0.6600 96.0300 87.5300 896.000000 0.000000 121.000000 73.000000
0.6700 95.4900 87.7600 893.000000 0.000000 118.000000 73.000000
0.6800 95.1500 87.8700 899.000000 0.000000 119.000000 74.000000
0.6900 94.9100 87.8700 885.000000 0.000000 121.000000 75.000000
0.7000 94.7900 87.8700 878.000000 0.000000 121.000000 75.000000
0.7100 94.6800 87.6000 878.000000 0.000000 121.000000 75.000000
0.7200 94.5400 87.1800 878.000000 0.000000 121.000000 75.000000
0.7300 94.3800 86.4900 882.000000 0.000000 121.000000 75.000000
0.7400 94.3200 85.5600 881.000000 0.000000 121.000000 75.000000
0.7500 94.3200 84.4800 881.000000 0.000000 121.000000 75.000000
0.7600 94.5400 83.3300 884.000000 0.000000 124.000000 74.000000
0.7700 94.8800 82.2200 890.000000 0.000000 124.000000 74.000000
0.7800 95.3600 81.1800 899.000000 0.000000 124.000000 74.000000
0.7900 95.9400 80.1900 893.000000 0.000000 127.000000 74.000000
0.8000 96.5800 79.2500 905.000000 0.000000 125.000000 73.000000
0.8100 97.2100 78.2100 912.000000 0.000000 125.000000 73.000000
0.8200 97.8300 77.2300 911.000000 0.000000 125.000000 73.000000
0.8300 98.4800 76.3200 906.000000 0.000000 123.000000 72.000000
0.8400 99.1900 75.4600 903.000000 0.000000 121.000000 73.000000
0.8500 99.9100 74.6400 906.000000 0.000000 121.000000 73.000000
0.8600 100.6300 73.9700 906.000000 0.000000 121.000000 73.000000
0.8700 101.2300 73.5900 909.000000 0.000000 121.000000 73.000000
0.8800 101.7900 73.4100 906.000000 0.000000 119.000000 72.000000
0.8900 102.3100 73.3000 905.000000 0.000000 122.000000 71.000000
0.9000 102.6200 73.3600 912.000000 0.000000 122.000000 71.000000
0.9100 102.7300 73.5300 915.000000 0.000000 120.000000 71.000000
0.9200 102.7300 73.7300 921.000000 0.000000 120.000000 71.000000
0.9300 102.6300 74.2900 923.000000 0.000000 120.000000 71.000000
0.9400 102.5400 75.0900 917.000000 0.000000 120.000000 71.000000
0.9500 102.4900 75.7800 915.000000 0.000000 120.000000 71.000000
0.9600 102.4900 76.4700 917.000000 0.000000 117.000000 71.000000
0.9700 102.5500 77.0900 914.000000 0.000000 117.000000 71.000000
0.9800 102.6800 77.6800 911.000000 0.000000 119.000000 72.000000
0.9900 102.6800 78.3900 902.000000 0.000000 119.000000 72.000000
1.0000 102.6800 79.1100 896.000000 0.000000 119.000000 72.000000
1.0100 102.2100 79.8000 891.000000 0.000000 121.000000 73.000000
1.0200 101.4600 80.4200 872.000000 0.000000 121.000000 73.000000
1.0300 100.5100 80.8600 839.000000 0.000000 118.000000 73.000000
1.0400 98.9400 81.1800 839.000000 0.000000 118.000000 73.000000
1.0500 96.9300 81.1800 858.000000 0.000000 118.000000 73.000000
1.0600 94.6200 80.9600 935.000000 0.000000 118.000000 73.000000
1.0700 92.2800 80.5300 952.000000 0.000000 118.000000 73.000000
1.0800 89.9600 79.9000 980.000000 0.000000 118.000000 73.000000
1.0900 87.6700 79.0400 977.000000 0.000000 118.000000 73.000000
1.1000 85.8100 78.0300 981.000000 0.000000 122.000000 74.000000
1.1100 84.2400 77.2900 1000.000000 0.000000 122.000000 74.000000
1.1200 83.3400 76.8600 997.000000 0.000000 122.000000 74.000000
1.1300 83.5700 76.6400 1020.000000 0.000000 127.000000 74.000000
1.1400 84.5400 76.2700 1023.000000 0.000000 127.000000 74.000000
1.1500 86.9000 76.2700 1023.000000 0.000000 127.000000 74.000000
1.1600 90.4500 76.5700 1023.000000 0.000000 127.000000 74.000000
1.1700 94.8000 76.9000 1023.000000 0.000000 127.000000 74.000000
1.1800 99.5800 77.4100 1023.000000 0.000000 127.000000 74.000000
1.1900 104.3600 78.0500 1023.000000 0.000000 122.000000 74.000000
1.2000 109.1200 78.6300 1023.000000 0.000000 122.000000 74.000000
1.2100 113.2400 79.1600 1023.000000 0.000000 118.000000 73.000000
1.2200 116.9500 79.6400 1023.000000 0.000000 113.000000 73.000000
1.2300 119.2700 80.1200 1023.000000 0.000000 109.000000 72.000000
1.2400 120.8700 80.3300 1023.000000 0.000000 104.000000 70.000000
1.2500 121.9900 80.5200 1023.000000 0.000000 104.000000 69.000000
1.2600 122.2200 80.5900 988.000000 0.000000 100.000000 69.000000
1.2700 122.1700 80.5900 912.000000 0.000000 97.000000 68.000000
1.2800 121.9300 80.5400 717.000000 0.000000 97.000000 67.000000
1.2900 121.4500 80.4700 56.000000 0.000000 94.000000 66.000000
