0.0000 70.9600 83.7000 25.000000 1.000000 160.000000 50.000000
0.0100 70.9600 83.7000 134.000000 0.000000 160.000000 50.000000
0.0200 71.2200 83.5800 206.000000 0.000000 160.000000 50.000000
0.0300 71.2800 83.6400 305.000000 0.000000 160.000000 50.000000
0.0400 71.2800 83.6400 417.000000 0.000000 160.000000 50.000000
0.0500 71.2800 83.6400 472.000000 0.000000 160.000000 50.000000
0.0600 71.2800 83.6400 516.000000 0.000000 159.000000 50.000000
0.0700 71.2800 83.6400 577.000000 0.000000 159.000000 50.000000
0.0800 71.2800 83.6400 644.000000 0.000000 157.000000 50.000000
0.0900 71.2200 83.6400 703.000000 0.000000 157.000000 50.000000
0.1000 71.2200 83.7300 721.000000 0.000000 157.000000 50.000000
0.1100 71.1500 83.7300 757.000000 0.000000 156.000000 50.000000
0.1200 71.0800 83.8200 759.000000 0.000000 156.000000 50.000000
0.1300 71.0000 83.8900 760.000000 0.000000 156.000000 50.000000
0.1400 70.8200 83.9800 767.000000 0.000000 156.000000 50.000000
0.1500 70.6500 83.9800 771.000000 0.000000 156.000000 50.000000
0.1600 70.4900 84.0800 774.000000 0.000000 156.000000 50.000000
0.1700 70.3400 84.1500 777.000000 0.000000 156.000000 48.000000
0.1800 70.1900 84.2300 797.000000 0.000000 156.000000 48.000000
0.1900 70.0600 84.2300 802.000000 0.000000 156.000000 48.000000
0.2000 69.9100 84.3300 803.000000 0.000000 156.000000 48.000000
0.2100 69.6500 84.4200 806.000000 0.000000 156.000000 48.000000
0.2200 69.3400 84.4800 809.000000 0.000000 156.000000 48.000000
0.2300 69.0500 84.5400 811.000000 0.000000 156.000000 48.000000
0.2400 68.6600 84.6200 814.000000 0.000000 156.000000 48.000000
0.2500 68.1900 84.6900 811.000000 0.000000 155.000000 48.000000
0.2600 67.6600 84.7800 815.000000 0.000000 155.000000 48.000000
0.2700 67.1600 84.8600 814.000000 0.000000 155.000000 48.000000
0.2800 66.6900 84.9600 818.000000 0.000000 155.000000 48.000000
0.2900 66.2300 85.0200 817.000000 0.000000 154.000000 49.000000
0.3000 65.7400 85.0800 817.000000 0.000000 154.000000 49.000000
0.3100 65.2800 85.0800 815.000000 0.000000 154.000000 49.000000
0.3200 64.7500 85.1300 817.000000 0.000000 154.000000 49.000000
0.3300 64.1700 85.0700 811.000000 0.000000 154.000000 49.000000
0.3400 63.6200 85.0000 809.000000 0.000000 154.000000 49.000000
0.3500 62.9500 84.8800 806.000000 0.000000 153.000000 49.000000
0.3600 62.1900 84.7100 797.000000 0.000000 153.000000 49.000000
0.3700 61.3700 84.4500 793.000000 0.000000 153.000000 49.000000
0.3800 60.6200 84.1700 788.000000 0.000000 151.000000 48.000000
0.3900 60.0500 83.8700 790.000000 0.000000 152.000000 48.000000
0.4000 59.5700 83.4900 788.000000 0.000000 151.000000 47.000000
0.4100 58.9700 83.0800 788.000000 0.000000 151.000000 47.000000
0.4200 58.3000 82.6000 794.000000 0.000000 151.000000 47.000000
0.4300 57.5700 82.0500 797.000000 0.000000 150.000000 47.000000
0.4400 56.8800 81.4100 799.000000 0.000000 151.000000 46.000000
0.4500 56.1900 80.7000 805.000000 0.000000 150.000000 47.000000
0.4600 55.5000 79.9200 806.000000 0.000000 150.000000 47.000000
0.4700 55.1700 79.4100 800.000000 0.000000 150.000000 47.000000
0.4800 55.0700 79.0900 796.000000 0.000000 150.000000 47.000000
0.4900 55.0700 78.7600 793.000000 0.000000 150.000000 47.000000
0.5000 55.2600 78.5000 785.000000 0.000000 150.000000 47.000000
0.5100 55.4800 78.2900 785.000000 0.000000 150.000000 47.000000
0.5200 55.7500 78.0300 794.000000 0.000000 150.000000 47.000000
0.5300 56.0500 77.8400 797.000000 0.000000 149.000000 47.000000
0.5400 56.5400 77.7100 788.000000 0.000000 148.000000 47.000000
0.5500 57.1500 77.7100 796.000000 0.000000 148.000000 47.000000
0.5600 57.9900 77.8200 802.000000 0.000000 148.000000 47.000000
0.5700 58.8600 78.1000 805.000000 0.000000 147.000000 48.000000
0.5800 59.8200 78.5700 806.000000 0.000000 146.000000 48.000000
0.5900 60.8300 79.1400 803.000000 0.000000 146.000000 48.000000
0.6000 61.8800 79.7900 802.000000 0.000000 146.000000 48.000000
0.6100 62.9700 80.3300 800.000000 0.000000 148.000000 47.000000
0.6200 63.8000 80.8500 799.000000 0.000000 148.000000 47.000000
0.6300 64.4700 81.3500 806.000000 0.000000 148.000000 47.000000
0.6400 64.9900 81.8700 805.000000 0.000000 150.000000 47.000000
0.6500 65.3900 82.4100 811.000000 0.000000 150.000000 47.000000
0.6600 65.7100 82.9800 815.000000 0.000000 150.000000 47.000000
0.6700 66.0100 83.3700 814.000000 0.000000 151.000000 47.000000
0.6800 66.2100 83.6400 812.000000 0.000000 150.000000 48.000000
0.6900 66.3400 84.6500 814.000000 0.000000 150.000000 48.000000
0.7000 66.4000 85.1200 815.000000 0.000000 150.000000 48.000000
0.7100 66.4000 85.2200 815.000000 0.000000 151.000000 48.000000
0.7200 66.2800 85.2900 814.000000 0.000000 151.000000 48.000000
0.7300 66.2200 85.2900 808.000000 0.000000 151.000000 48.000000
0.7400 66.1700 85.2900 800.000000 0.000000 151.000000 48.000000
0.7500 66.1200 85.2900 785.000000 0.000000 151.000000 48.000000
0.7600 65.8900 85.0300 787.000000 0.000000 151.000000 48.000000
0.7700 65.5400 84.7300 783.000000 0.000000 151.000000 48.000000
0.7800 65.2300 84.3400 784.000000 0.000000 150.000000 48.000000
0.7900 64.7800 83.9000 787.000000 0.000000 150.000000 48.000000
0.8000 64.2400 83.3000 783.000000 0.000000 150.000000 48.000000
0.8100 63.5500 82.6200 783.000000 0.000000 150.000000 48.000000
0.8200 62.7300 81.7600 785.000000 0.000000 150.000000 48.000000
0.8300 61.8300 80.7600 800.000000 0.000000 150.000000 48.000000
0.8400 61.0500 79.6700 817.000000 0.000000 150.000000 48.000000
0.8500 60.4400 78.7600 824.000000 0.000000 149.000000 48.000000
0.8600 59.9400 77.9100 824.000000 0.000000 149.000000 48.000000
0.8700 59.6400 77.1000 824.000000 0.000000 148.000000 48.000000
0.8800 59.5600 76.4300 817.000000 0.000000 147.000000 48.000000
0.8900 59.6200 75.8400 818.000000 0.000000 147.000000 48.000000
0.9000 59.7400 75.3000 797.000000 0.000000 147.000000 48.000000
0.9100 59.8900 74.9700 788.000000 0.000000 146.000000 48.000000
0.9200 60.2800 74.7200 783.000000 0.000000 145.000000 48.000000
0.9300 60.8200 74.5300 783.000000 0.000000 145.000000 48.000000
0.9400 61.5700 74.6300 784.000000 0.000000 145.000000 48.000000
0.9500 62.6100 74.9400 799.000000 0.000000 145.000000 48.000000
0.9600 63.8300 75.4000 790.000000 0.000000 147.000000 48.000000
0.9700 64.9400 75.9300 791.000000 0.000000 147.000000 48.000000
0.9800 65.9600 76.4500 796.000000 0.000000 147.000000 48.000000
0.9900 66.9100 76.9200 796.000000 0.000000 148.000000 48.000000
1.0000 67.5900 77.2900 800.000000 0.000000 148.000000 50.000000
1.0100 67.9700 77.5700 812.000000 0.000000 148.000000 50.000000
1.0200 68.1600 77.7600 824.000000 0.000000 150.000000 50.000000
1.0300 68.1600 77.9300 839.000000 0.000000 150.000000 50.000000
1.0400 67.9200 78.1300 836.000000 0.000000 150.000000 50.000000
1.0500 67.6100 78.3500 843.000000 0.000000 151.000000 49.000000
1.0600 66.9000 78.5800 836.000000 0.000000 151.000000 49.000000
1.0700 65.9700 78.8400 820.000000 0.000000 151.000000 49.000000
1.0800 64.8900 79.1900 785.000000 0.000000 151.000000 48.000000
1.0900 63.3900 79.6000 757.000000 0.000000 151.000000 48.000000
1.1000 61.5600 79.7900 752.000000 0.000000 151.000000 48.000000
1.1100 59.5200 79.7900 746.000000 0.000000 151.000000 47.000000
1.1200 57.3100 79.6500 763.000000 0.000000 151.000000 47.000000
1.1300 55.2200 79.3200 767.000000 0.000000 150.000000 47.000000
1.1400 53.2000 79.1200 783.000000 0.000000 150.000000 47.000000
1.1500 51.4300 79.0100 834.000000 0.000000 149.000000 47.000000
1.1600 50.4900 79.1300 858.000000 0.000000 150.000000 46.000000
1.1700 50.1100 79.2600 869.000000 0.000000 150.000000 46.000000
1.1800 50.1100 79.4100 855.000000 0.000000 149.000000 46.000000
1.1900 50.6700 79.7700 858.000000 0.000000 150.000000 45.000000
1.2000 51.6300 80.1100 891.000000 0.000000 150.000000 45.000000
1.2100 53.2700 80.4200 912.000000 0.000000 149.000000 46.000000
1.2200 55.3700 80.7400 933.000000 0.000000 149.000000 46.000000
1.2300 57.7800 81.0800 994.000000 0.000000 150.000000 46.000000
1.2400 60.5700 81.4300 1023.000000 0.000000 149.000000 47.000000
1.2500 63.9800 81.7400 1023.000000 0.000000 150.000000 47.000000
1.2600 67.8100 82.0400 1023.000000 0.000000 150.000000 47.000000
1.2700 71.4300 82.3000 1023.000000 0.000000 151.000000 47.000000
1.2800 75.0800 82.4900 1023.000000 0.000000 152.000000 48.000000
1.2900 77.8900 82.4900 982.000000 0.000000 153.000000 48.000000
1.3000 80.1400 82.4900 935.000000 0.000000 155.000000 47.000000
1.3100 81.4300 82.2700 864.000000 0.000000 155.000000 47.000000
1.3200 81.9400 82.1000 842.000000 0.000000 155.000000 47.000000
1.3300 81.9400 81.9500 852.000000 0.000000 156.000000 46.000000
1.3400 81.7700 81.9500 863.000000 0.000000 155.000000 47.000000
1.3500 81.5400 82.0700 854.000000 0.000000 155.000000 47.000000
1.3600 81.2700 82.2100 872.000000 0.000000 155.000000 47.000000
1.3700 81.1700 82.3800 870.000000 0.000000 155.000000 47.000000
1.3800 81.1100 82.5600 851.000000 0.000000 155.000000 48.000000
1.3900 81.0600 82.2500 785.000000 0.000000 155.000000 48.000000
1.4000 81.0000 82.3700 588.000000 0.000000 155.000000 48.000000
1.4100 81.0000 82.7800 112.000000 0.000000 154.000000 49.000000
