0.0000 33.5000 14.4300 158.000000 1.000000 174.000000 44.000000
0.0100 34.7300 13.8700 186.000000 0.000000 175.000000 46.000000
0.0200 35.0800 13.7700 247.000000 0.000000 176.000000 48.000000
0.0300 35.4100 13.7700 363.000000 0.000000 177.000000 49.000000
0.0400 35.7300 13.7700 433.000000 0.000000 178.000000 51.000000
0.0500 36.1000 13.9700 488.000000 0.000000 177.000000 52.000000
0.0600 36.4800 14.2300 565.000000 0.000000 179.000000 54.000000
0.0700 36.7200 14.5700 639.000000 0.000000 179.000000 55.000000
0.0800 36.8700 15.0000 647.000000 0.000000 180.000000 55.000000
0.0900 36.6900 15.5000 620.000000 0.000000 180.000000 55.000000
0.1000 36.1300 16.1500 542.000000 0.000000 180.000000 55.000000
0.1100 35.3200 16.7900 443.000000 0.000000 180.000000 55.000000
0.1200 33.7600 17.4200 423.000000 0.000000 180.000000 54.000000
0.1300 31.6400 17.6800 443.000000 0.000000 180.000000 54.000000
0.1400 29.1500 17.6000 439.000000 0.000000 179.000000 53.000000
0.1500 26.4300 17.3000 464.000000 0.000000 177.000000 53.000000
0.1600 23.6100 16.5700 507.000000 0.000000 177.000000 52.000000
0.1700 20.7200 15.5200 548.000000 0.000000 176.000000 51.000000
0.1800 18.0700 14.2700 592.000000 0.000000 175.000000 50.000000
0.1900 15.8600 12.7300 638.000000 0.000000 177.000000 49.000000
0.2000 13.9400 11.2600 643.000000 0.000000 178.000000 48.000000
0.2100 12.9200 9.8400 637.000000 0.000000 180.000000 47.000000
0.2200 12.6200 8.8300 630.000000 0.000000 182.000000 46.000000
0.2300 12.8100 8.0600 625.000000 0.000000 185.000000 45.000000
0.2400 13.6200 7.4600 636.000000 0.000000 188.000000 44.000000
0.2500 14.7300 7.3000 639.000000 0.000000 191.000000 44.000000
0.2600 16.0400 7.5900 656.000000 0.000000 192.000000 43.000000
0.2700 17.3500 8.1800 684.000000 0.000000 192.000000 43.000000
0.2800 18.5900 9.1900 703.000000 0.000000 190.000000 44.000000
0.2900 19.5900 10.7300 708.000000 0.000000 187.000000 44.000000
0.3000 20.4400 12.6200 681.000000 0.000000 184.000000 45.000000
0.3100 21.1100 14.9000 637.000000 0.000000 181.000000 46.000000
0.3200 21.6300 17.1600 636.000000 0.000000 178.000000 47.000000
0.3300 22.0600 19.0400 622.000000 0.000000 176.000000 48.000000
0.3400 22.2200 20.6900 645.000000 0.000000 173.000000 49.000000
0.3500 22.0300 21.7400 652.000000 0.000000 171.000000 51.000000
0.3600 21.6000 22.3100 653.000000 0.000000 171.000000 52.000000
0.3700 20.9800 22.5500 649.000000 0.000000 171.000000 53.000000
0.3800 20.3700 22.2300 647.000000 0.000000 171.000000 53.000000
0.3900 19.8100 21.3400 646.000000 0.000000 170.000000 54.000000
0.4000 19.3100 20.0700 646.000000 0.000000 170.000000 54.000000
0.4100 18.8400 18.2500 652.000000 0.000000 170.000000 54.000000
0.4200 18.7500 15.9900 662.000000 0.000000 170.000000 54.000000
0.4300 18.8900 13.4300 691.000000 0.000000 170.000000 54.000000
0.4400 19.4600 10.8100 702.000000 0.000000 169.000000 53.000000
0.4500 20.4800 8.8500 699.000000 0.000000 170.000000 52.000000
0.4600 21.7900 7.3400 694.000000 0.000000 171.000000 51.000000
0.4700 23.2300 5.8300 697.000000 0.000000 172.000000 50.000000
0.4800 24.6700 4.6400 688.000000 0.000000 173.000000 49.000000
0.4900 26.0000 3.6700 687.000000 0.000000 174.000000 49.000000
0.5000 27.2600 3.3300 699.000000 0.000000 174.000000 49.000000
0.5100 28.1400 3.4500 728.000000 0.000000 174.000000 50.000000
0.5200 28.5200 3.8800 763.000000 0.000000 174.000000 50.000000
0.5300 28.5200 4.6400 776.000000 0.000000 173.000000 50.000000
0.5400 28.3200 5.6700 768.000000 0.000000 171.000000 51.000000
0.5500 27.7700 6.8700 751.000000 0.000000 170.000000 51.000000
0.5600 27.0000 7.8300 719.000000 0.000000 169.000000 50.000000
0.5700 25.7800 8.6100 669.000000 0.000000 168.000000 49.000000
0.5800 24.0600 9.2800 630.000000 0.000000 168.000000 49.000000
0.5900 22.0100 9.7100 591.000000 0.000000 170.000000 49.000000
0.6000 19.3600 9.9600 591.000000 0.000000 171.000000 48.000000
0.6100 16.7600 10.0900 600.000000 0.000000 172.000000 48.000000
0.6200 14.2700 10.0900 643.000000 0.000000 175.000000 47.000000
0.6300 12.4800 10.0900 679.000000 0.000000 178.000000 47.000000
0.6400 11.1500 10.0400 733.000000 0.000000 180.000000 46.000000
0.6500 10.9000 10.0400 717.000000 0.000000 183.000000 45.000000
0.6600 11.3000 10.0400 730.000000 0.000000 185.000000 44.000000
0.6700 12.1200 9.9000 730.000000 0.000000 187.000000 43.000000
0.6800 13.6700 9.8200 749.000000 0.000000 188.000000 43.000000
0.6900 16.0000 9.7700 743.000000 0.000000 188.000000 42.000000
0.7000 18.8500 9.8900 740.000000 0.000000 188.000000 43.000000
0.7100 22.1300 10.1100 733.000000 0.000000 187.000000 43.000000
0.7200 25.3800 10.3900 728.000000 0.000000 185.000000 44.000000
0.7300 28.6300 10.6400 690.000000 0.000000 183.000000 45.000000
0.7400 31.6000 10.9000 645.000000 0.000000 181.000000 46.000000
0.7500 34.3700 10.9000 513.000000 0.000000 180.000000 47.000000
0.7600 36.6500 10.7800 108.000000 0.000000 178.000000 49.000000
