0.0000 68.9500 30.9500 336.000000 1.000000 169.000000 53.000000
0.0100 68.9500 30.9500 542.000000 0.000000 170.000000 52.000000
0.0200 69.0800 31.3200 642.000000 0.000000 170.000000 52.000000
0.0300 69.0100 31.7200 708.000000 0.000000 168.000000 52.000000
0.0400 69.0100 32.2200 739.000000 0.000000 168.000000 52.000000
0.0500 69.0100 32.9100 763.000000 0.000000 167.000000 52.000000
0.0600 68.8000 33.7200 785.000000 0.000000 166.000000 53.000000
0.0700 68.4000 34.6100 760.000000 0.000000 166.000000 53.000000
0.0800 67.6300 35.3900 730.000000 0.000000 166.000000 53.000000
0.0900 66.6100 36.1700 710.000000 0.000000 168.000000 53.000000
0.1000 64.9400 36.7700 702.000000 0.000000 168.000000 53.000000
0.1100 62.8500 37.2500 708.000000 0.000000 168.000000 53.000000
0.1200 60.4800 37.5500 737.000000 0.000000 168.000000 53.000000
0.1300 58.1500 37.3400 757.000000 0.000000 168.000000 53.000000
0.1400 55.9000 36.8000 788.000000 0.000000 168.000000 53.000000
0.1500 53.7100 35.8100 809.000000 0.000000 166.000000 53.000000
0.1600 51.5500 34.2800 809.000000 0.000000 166.000000 53.000000
0.1700 49.8900 32.4000 791.000000 0.000000 164.000000 54.000000
0.1800 48.5600 30.4600 777.000000 0.000000 163.000000 54.000000
0.1900 47.9600 28.6400 751.000000 0.000000 162.000000 54.000000
0.2000 48.1800 26.9000 763.000000 0.000000 161.000000 55.000000
0.2100 48.9500 25.8800 768.000000 0.000000 159.000000 55.000000
0.2200 50.1600 25.3800 784.000000 0.000000 158.000000 56.000000
0.2300 51.5500 25.2400 788.000000 0.000000 156.000000 57.000000
0.2400 53.0700 25.6200 797.000000 0.000000 155.000000 58.000000
0.2500 54.3100 26.6100 796.000000 0.000000 155.000000 58.000000
0.2600 55.3600 28.0000 819.000000 0.000000 154.000000 58.000000
0.2700 56.2900 29.9100 857.000000 0.000000 154.000000 58.000000
0.2800 56.8400 31.9000 855.000000 0.000000 154.000000 58.000000
0.2900 57.1200 33.9400 855.000000 0.000000 157.000000 58.000000
0.3000 57.2300 35.7400 846.000000 0.000000 157.000000 57.000000
0.3100 56.8600 36.9100 863.000000 0.000000 157.000000 57.000000
0.3200 56.1600 37.6600 864.000000 0.000000 158.000000 56.000000
0.3300 55.2300 37.7800 864.000000 0.000000 159.000000 55.000000
0.3400 54.3100 37.2200 861.000000 0.000000 159.000000 55.000000
0.3500 53.4100 36.2200 866.000000 0.000000 159.000000 55.000000
0.3600 52.6000 34.6200 864.000000 0.000000 159.000000 55.000000
0.3700 52.2200 32.4200 869.000000 0.000000 159.000000 55.000000
0.3800 52.1100 29.8300 853.000000 0.000000 159.000000 55.000000
0.3900 52.7400 26.9400 854.000000 0.000000 158.000000 56.000000
0.4000 53.9400 24.5000 867.000000 0.000000 158.000000 56.000000
0.4100 55.5300 22.3700 854.000000 0.000000 157.000000 57.000000
0.4200 57.6800 20.8500 853.000000 0.000000 157.000000 57.000000
0.4300 59.9900 19.9600 857.000000 0.000000 156.000000 57.000000
0.4400 62.4100 19.4900 855.000000 0.000000 156.000000 57.000000
0.4500 64.5500 19.5700 867.000000 0.000000 157.000000 57.000000
0.4600 65.9800 19.9600 855.000000 0.000000 157.000000 57.000000
0.4700 66.9400 20.5600 870.000000 0.000000 157.000000 57.000000
0.4800 67.2200 21.5200 860.000000 0.000000 159.000000 57.000000
0.4900 66.9000 22.8900 854.000000 0.000000 160.000000 56.000000
0.5000 66.1700 24.5400 863.000000 0.000000 160.000000 56.000000
0.5100 64.9100 26.1100 830.000000 0.000000 160.000000 56.000000
0.5200 62.9200 27.6500 777.000000 0.000000 160.000000 56.000000
0.5300 60.4400 29.1400 770.000000 0.000000 160.000000 56.000000
0.5400 57.4800 29.9400 770.000000 0.000000 160.000000 56.000000
0.5500 54.0300 30.3000 779.000000 0.000000 160.000000 55.000000
0.5600 50.2600 30.1700 794.000000 0.000000 160.000000 55.000000
0.5700 46.8100 29.8100 799.000000 0.000000 159.000000 55.000000
0.5800 44.0800 29.3100 821.000000 0.000000 158.000000 55.000000
0.5900 41.8300 28.7400 819.000000 0.000000 158.000000 54.000000
0.6000 41.0600 28.3700 824.000000 0.000000 158.000000 54.000000
0.6100 41.3300 28.1300 827.000000 0.000000 157.000000 54.000000
0.6200 42.2900 27.8200 834.000000 0.000000 156.000000 55.000000
0.6300 44.3500 27.7700 851.000000 0.000000 156.000000 55.000000
0.6400 47.3700 27.8900 869.000000 0.000000 156.000000 55.000000
0.6500 51.0400 28.3800 876.000000 0.000000 156.000000 55.000000
0.6600 55.3200 28.9500 882.000000 0.000000 158.000000 55.000000
0.6700 59.7300 29.5800 881.000000 0.000000 158.000000 55.000000
0.6800 64.2200 30.0700 854.000000 0.000000 159.000000 55.000000
0.6900 68.3400 30.2900 780.000000 0.000000 161.000000 55.000000
0.7000 71.8800 30.2900 633.000000 0.000000 163.000000 55.000000
0.7100 75.0300 30.0700 184.000000 0.000000 164.000000 54.000000
