0.0000 64.6600 66.1900 170.000000 1.000000 135.000000 67.000000
0.0100 64.7200 66.6100 354.000000 0.000000 135.000000 67.000000
0.0200 64.7200 66.7700 475.000000 0.000000 135.000000 67.000000
0.0300 64.7200 66.7700 560.000000 0.000000 133.000000 67.000000
0.0400 64.7200 66.7700 611.000000 0.000000 133.000000 67.000000
0.0500 64.7200 66.7700 643.000000 0.000000 133.000000 67.000000
0.0600 64.7200 66.3000 684.000000 0.000000 133.000000 67.000000
0.0700 64.6700 65.6600 734.000000 0.000000 133.000000 67.000000
0.0800 64.6700 64.7600 791.000000 0.000000 133.000000 67.000000
0.0900 64.7400 63.6700 827.000000 0.000000 133.000000 67.000000
0.1000 64.7400 62.4500 853.000000 0.000000 133.000000 67.000000
0.1100 64.6900 61.3300 896.000000 0.000000 133.000000 67.000000
0.1200 64.6200 60.3100 903.000000 0.000000 133.000000 67.000000
0.1300 64.5600 59.3500 897.000000 0.000000 131.000000 68.000000
0.1400 64.5000 58.6000 899.000000 0.000000 131.000000 68.000000
0.1500 64.5000 58.0900 908.000000 0.000000 131.000000 68.000000
0.1600 64.4300 57.7500 911.000000 0.000000 129.000000 68.000000
0.1700 64.4300 57.7500 917.000000 0.000000 127.000000 69.000000
0.1800 64.4300 57.7500 929.000000 0.000000 125.000000 68.000000
0.1900 64.4300 57.8200 942.000000 0.000000 123.000000 69.000000
0.2000 64.3700 58.0100 939.000000 0.000000 123.000000 69.000000
0.2100 64.2000 58.4300 935.000000 0.000000 123.000000 69.000000
0.2200 64.0300 59.0100 941.000000 0.000000 123.000000 69.000000
0.2300 63.7900 59.5900 915.000000 0.000000 123.000000 69.000000
0.2400 63.4900 60.2900 906.000000 0.000000 123.000000 69.000000
0.2500 63.1100 61.0600 902.000000 0.000000 127.000000 69.000000
0.2600 62.6500 61.7600 909.000000 0.000000 127.000000 69.000000
0.2700 62.1300 62.4200 923.000000 0.000000 129.000000 68.000000
0.2800 61.7200 62.9700 935.000000 0.000000 131.000000 68.000000
0.2900 61.3300 63.4200 950.000000 0.000000 133.000000 69.000000
0.3000 60.9800 63.7900 943.000000 0.000000 133.000000 69.000000
0.3100 60.6200 64.1000 946.000000 0.000000 135.000000 68.000000
0.3200 60.2300 64.3200 946.000000 0.000000 135.000000 68.000000
0.3300 59.8100 64.4600 951.000000 0.000000 137.000000 69.000000
0.3400 59.3000 64.4600 944.000000 0.000000 137.000000 69.000000
0.3500 58.6500 64.4600 923.000000 0.000000 139.000000 68.000000
0.3600 57.9000 64.0900 912.000000 0.000000 139.000000 68.000000
0.3700 57.1300 63.5800 915.000000 0.000000 139.000000 68.000000
0.3800 56.4500 62.9900 921.000000 0.000000 139.000000 68.000000
0.3900 55.9600 62.3700 924.000000 0.000000 137.000000 67.000000
0.4000 55.5700 61.6100 926.000000 0.000000 137.000000 67.000000
0.4100 55.2600 60.7700 941.000000 0.000000 135.000000 67.000000
0.4200 55.0900 59.9700 948.000000 0.000000 133.000000 67.000000
0.4300 55.0200 59.1400 934.000000 0.000000 133.000000 67.000000
0.4400 55.1300 58.4200 938.000000 0.000000 131.000000 67.000000
0.4500 55.2800 57.7900 941.000000 0.000000 130.000000 67.000000
0.4600 55.5300 57.3400 947.000000 0.000000 128.000000 68.000000
0.4700 55.9700 57.0200 946.000000 0.000000 125.000000 68.000000
0.4800 56.5200 56.7800 946.000000 0.000000 123.000000 69.000000
0.4900 57.1000 56.7800 946.000000 0.000000 121.000000 69.000000
0.5000 57.7100 56.9200 946.000000 0.000000 121.000000 69.000000
0.5100 58.3600 57.2000 946.000000 0.000000 118.000000 70.000000
0.5200 59.0000 57.5600 947.000000 0.000000 120.000000 71.000000
0.5300 59.5200 57.9100 949.000000 0.000000 120.000000 71.000000
0.5400 59.9700 58.2900 950.000000 0.000000 120.000000 71.000000
0.5500 60.3400 58.8600 949.000000 0.000000 124.000000 71.000000
0.5600 60.6000 59.5300 958.000000 0.000000 124.000000 71.000000
0.5700 60.7800 60.1800 956.000000 0.000000 127.000000 70.000000
0.5800 61.0400 60.9500 959.000000 0.000000 129.000000 70.000000
0.5900 61.3100 61.8000 958.000000 0.000000 129.000000 70.000000
0.6000 61.5900 62.6200 971.000000 0.000000 131.000000 69.000000
0.6100 61.7800 63.3400 977.000000 0.000000 133.000000 69.000000
0.6200 61.9400 64.1000 982.000000 0.000000 133.000000 69.000000
0.6300 62.0600 64.9200 986.000000 0.000000 137.000000 69.000000
0.6400 62.1600 65.5500 992.000000 0.000000 137.000000 69.000000
0.6500 62.2500 66.1600 977.000000 0.000000 137.000000 69.000000
0.6600 62.2500 66.5400 999.000000 0.000000 137.000000 69.000000
0.6700 62.2500 66.7700 1015.000000 0.000000 137.000000 69.000000
0.6800 62.2500 66.8400 1023.000000 0.000000 137.000000 69.000000
0.6900 62.2500 66.8400 1023.000000 0.000000 137.000000 69.000000
0.7000 62.2500 66.8400 1023.000000 0.000000 137.000000 69.000000
0.7100 62.2500 66.8400 1023.000000 0.000000 137.000000 69.000000
0.7200 62.3000 66.8400 1023.000000 0.000000 137.000000 69.000000
0.7300 62.3000 66.8400 1023.000000 0.000000 137.000000 69.000000
0.7400 62.3000 66.8400 1023.000000 0.000000 137.000000 69.000000
0.7500 62.3000 66.7700 1023.000000 0.000000 137.000000 69.000000
0.7600 62.3700 66.6700 1023.000000 0.000000 137.000000 69.000000
0.7700 62.3700 66.6700 1023.000000 0.000000 137.000000 69.000000
0.7800 62.7300 66.1000 1023.000000 0.000000 137.000000 69.000000
0.7900 63.0100 65.6800 1023.000000 0.000000 137.000000 69.000000
0.8000 63.4200 65.1000 1023.000000 0.000000 137.000000 69.000000
0.8100 63.9200 64.4100 1023.000000 0.000000 137.000000 69.000000
0.8200 64.5100 63.5100 1023.000000 0.000000 137.000000 69.000000
0.8300 65.0000 62.6000 1023.000000 0.000000 137.000000 69.000000
0.8400 65.4200 61.7100 1023.000000 0.000000 137.000000 69.000000
0.8500 65.8900 60.9800 1023.000000 0.000000 137.000000 69.000000
0.8600 66.3700 60.3200 1023.000000 0.000000 137.000000 69.000000
0.8700 66.8200 59.7700 1023.000000 0.000000 137.000000 69.000000
0.8800 67.1400 59.4100 1023.000000 0.000000 135.000000 69.000000
0.8900 67.4100 59.1700 1023.000000 0.000000 137.000000 70.000000
0.9000 67.6200 58.9800 1023.000000 0.000000 137.000000 70.000000
0.9100 67.7000 58.8900 1023.000000 0.000000 135.000000 71.000000
0.9200 67.7000 58.8900 1023.000000 0.000000 135.000000 71.000000
0.9300 67.7000 58.8900 1023.000000 0.000000 135.000000 71.000000
0.9400 67.7000 58.8900 1023.000000 0.000000 135.000000 71.000000
0.9500 67.7000 58.8400 1023.000000 0.000000 135.000000 71.000000
0.9600 67.7000 58.8400 1023.000000 0.000000 135.000000 71.000000
0.9700 67.7000 58.8400 1023.000000 0.000000 135.000000 71.000000
0.9800 67.7000 58.8400 1023.000000 0.000000 135.000000 71.000000
0.9900 67.7000 58.9000 1023.000000 0.000000 135.000000 71.000000
1.0000 67.7000 58.9000 1023.000000 0.000000 135.000000 71.000000
1.0100 67.7000 58.9000 1023.000000 0.000000 135.000000 71.000000
1.0200 67.7000 59.2600 1023.000000 0.000000 135.000000 71.000000
1.0300 67.7800 59.6900 1023.000000 0.000000 135.000000 71.000000
1.0400 67.8900 60.3100 1023.000000 0.000000 135.000000 71.000000
1.0500 68.0000 61.0000 1023.000000 0.000000 135.000000 71.000000
1.0600 68.1300 61.7500 1023.000000 0.000000 137.000000 71.000000
1.0700 68.2800 62.6100 1023.000000 0.000000 139.000000 71.000000
1.0800 68.4400 63.4800 1023.000000 0.000000 139.000000 71.000000
1.0900 68.5900 64.3800 1023.000000 0.000000 141.000000 70.000000
1.1000 68.6800 65.1400 1023.000000 0.000000 141.000000 70.000000
1.1100 68.6800 65.7800 1023.000000 0.000000 141.000000 70.000000
1.1200 68.6800 66.2000 1023.000000 0.000000 145.000000 70.000000
1.1300 68.6800 66.4300 1023.000000 0.000000 145.000000 70.000000
1.1400 68.6800 66.5300 1023.000000 0.000000 145.000000 70.000000
1.1500 68.6800 66.5900 1023.000000 0.000000 148.000000 70.000000
1.1600 68.7400 66.5900 1023.000000 0.000000 148.000000 70.000000
1.1700 68.8100 66.5900 1023.000000 0.000000 148.000000 70.000000
1.1800 68.9800 66.5100 1023.000000 0.000000 150.000000 71.000000
1.1900 69.2300 66.3800 1023.000000 0.000000 150.000000 71.000000
1.2000 69.6000 66.1900 1023.000000 0.000000 150.000000 71.000000
1.2100 70.0500 65.9500 1023.000000 0.000000 150.000000 71.000000
1.2200 70.4800 65.6800 1023.000000 0.000000 153.000000 71.000000
1.2300 70.9300 65.3900 1023.000000 0.000000 153.000000 71.000000
1.2400 71.4100 65.0500 1023.000000 0.000000 155.000000 71.000000
1.2500 71.8900 64.6600 1023.000000 0.000000 155.000000 71.000000
1.2600 72.2500 64.2100 1023.000000 0.000000 155.000000 71.000000
1.2700 72.5400 63.7900 1023.000000 0.000000 155.000000 71.000000
1.2800 72.7500 63.3900 1023.000000 0.000000 155.000000 71.000000
1.2900 72.8700 62.9900 1023.000000 0.000000 153.000000 71.000000
1.3000 72.9300 62.5800 1023.000000 0.000000 153.000000 71.000000
1.3100 72.8700 62.2400 1023.000000 0.000000 153.000000 71.000000
1.3200 72.7700 61.9500 1023.000000 0.000000 150.000000 71.000000
1.3300 72.6500 61.7100 1023.000000 0.000000 150.000000 71.000000
1.3400 72.3200 61.4700 1023.000000 0.000000 150.000000 71.000000
1.3500 71.8700 61.2700 1023.000000 0.000000 148.000000 70.000000
1.3600 71.3500 61.1500 1023.000000 0.000000 148.000000 70.000000
1.3700 70.6800 61.0500 1023.000000 0.000000 150.000000 71.000000
1.3800 69.8400 61.0500 1023.000000 0.000000 150.000000 71.000000
1.3900 68.8900 61.0500 1005.000000 0.000000 150.000000 71.000000
1.4000 67.5700 61.0500 999.000000 0.000000 150.000000 71.000000
1.4100 66.0900 61.1400 987.000000 0.000000 150.000000 71.000000
1.4200 64.4900 61.2200 1005.000000 0.000000 148.000000 70.000000
1.4300 62.7500 61.0500 1023.000000 0.000000 148.000000 70.000000
1.4400 61.2300 60.7100 1023.000000 0.000000 148.000000 70.000000
1.4500 59.8500 60.2100 1023.000000 0.000000 145.000000 70.000000
1.4600 58.5900 59.5800 1023.000000 0.000000 145.000000 70.000000
1.4700 57.3500 58.8600 1023.000000 0.000000 143.000000 69.000000
1.4800 56.7000 58.0800 1023.000000 0.000000 141.000000 70.000000
1.4900 56.4200 57.4900 1023.000000 0.000000 139.000000 69.000000
1.5000 56.5700 57.0300 1023.000000 0.000000 137.000000 70.000000
1.5100 57.1200 56.4800 1023.000000 0.000000 135.000000 71.000000
1.5200 57.9400 55.9300 1023.000000 0.000000 131.000000 71.000000
1.5300 59.3600 55.6400 1023.000000 0.000000 131.000000 71.000000
1.5400 61.0600 55.5300 1023.000000 0.000000 128.000000 71.000000
1.5500 62.9500 55.7200 1023.000000 0.000000 126.000000 72.000000
1.5600 64.9200 56.0200 1023.000000 0.000000 126.000000 72.000000
1.5700 66.6500 56.4000 1023.000000 0.000000 128.000000 72.000000
1.5800 68.2200 56.7700 1006.000000 0.000000 128.000000 72.000000
1.5900 69.4300 57.0800 950.000000 0.000000 130.000000 73.000000
1.6000 70.1500 57.2700 869.000000 0.000000 130.000000 73.000000
1.6100 70.5400 57.3800 609.000000 0.000000 132.000000 74.000000
