0.0000 97.5800 34.2100 89.000000 1.000000 150.000000 67.000000
0.0100 97.5800 34.2100 90.000000 0.000000 150.000000 67.000000
0.0200 97.5800 34.2100 137.000000 0.000000 150.000000 67.000000
0.0300 97.5800 34.2100 185.000000 0.000000 150.000000 67.000000
0.0400 97.5800 34.2100 220.000000 0.000000 150.000000 67.000000
0.0500 97.5800 34.2100 230.000000 0.000000 148.000000 67.000000
0.0600 97.6500 33.7600 275.000000 0.000000 148.000000 67.000000
0.0700 97.7200 33.2700 307.000000 0.000000 148.000000 67.000000
0.0800 97.7200 32.6100 315.000000 0.000000 148.000000 67.000000
0.0900 97.7200 31.8300 345.000000 0.000000 148.000000 67.000000
0.1000 97.7200 31.0800 366.000000 0.000000 148.000000 68.000000
0.1100 97.7200 30.4700 374.000000 0.000000 148.000000 68.000000
0.1200 97.7200 29.9600 391.000000 0.000000 148.000000 68.000000
0.1300 97.6500 29.5200 412.000000 0.000000 151.000000 68.000000
0.1400 97.6500 29.2700 443.000000 0.000000 149.000000 69.000000
0.1500 97.5900 29.1600 468.000000 0.000000 149.000000 69.000000
0.1600 97.5900 29.1600 494.000000 0.000000 149.000000 69.000000
0.1700 97.5200 29.4100 495.000000 0.000000 149.000000 69.000000
0.1800 97.3300 29.7700 491.000000 0.000000 149.000000 69.000000
0.1900 97.0400 30.4000 475.000000 0.000000 149.000000 69.000000
0.2000 96.7600 31.0500 463.000000 0.000000 149.000000 69.000000
0.2100 96.5300 31.7100 466.000000 0.000000 149.000000 69.000000
0.2200 96.3700 32.2500 465.000000 0.000000 149.000000 69.000000
0.2300 96.2800 32.6100 477.000000 0.000000 147.000000 69.000000
0.2400 96.2300 32.8500 493.000000 0.000000 148.000000 68.000000
0.2500 96.2300 32.9800 499.000000 0.000000 148.000000 68.000000
0.2600 96.2300 33.0700 512.000000 0.000000 146.000000 67.000000
0.2700 96.1800 33.0700 519.000000 0.000000 148.000000 67.000000
0.2800 96.1800 33.0700 515.000000 0.000000 148.000000 67.000000
0.2900 96.1800 33.1300 515.000000 0.000000 146.000000 66.000000
0.3000 96.1800 33.1300 513.000000 0.000000 146.000000 66.000000
0.3100 96.1800 33.0400 512.000000 0.000000 146.000000 66.000000
0.3200 96.2400 32.9300 515.000000 0.000000 146.000000 66.000000
0.3300 96.3000 32.7600 519.000000 0.000000 146.000000 66.000000
0.3400 96.3600 32.5200 527.000000 0.000000 146.000000 66.000000
0.3500 96.3600 32.2600 536.000000 0.000000 148.000000 67.000000
0.3600 96.4300 31.9900 551.000000 0.000000 148.000000 67.000000
0.3700 96.4800 31.6400 564.000000 0.000000 148.000000 67.000000
0.3800 96.5600 31.2700 563.000000 0.000000 150.000000 67.000000
0.3900 96.6600 30.8300 566.000000 0.000000 150.000000 67.000000
0.4000 96.7500 30.2100 569.000000 0.000000 148.000000 68.000000
0.4100 96.8100 29.4900 570.000000 0.000000 148.000000 68.000000
0.4200 96.7500 28.6100 570.000000 0.000000 148.000000 68.000000
0.4300 96.6000 27.7700 572.000000 0.000000 147.000000 69.000000
0.4400 96.2800 26.9500 583.000000 0.000000 147.000000 69.000000
0.4500 95.8000 26.2700 608.000000 0.000000 145.000000 70.000000
0.4600 95.2100 25.7500 638.000000 0.000000 143.000000 70.000000
0.4700 94.4500 25.3400 649.000000 0.000000 142.000000 71.000000
0.4800 93.5600 25.0900 661.000000 0.000000 140.000000 72.000000
0.4900 92.5800 25.0900 665.000000 0.000000 137.000000 71.000000
0.5000 91.7200 25.2100 658.000000 0.000000 135.000000 72.000000
0.5100 91.0300 25.6200 652.000000 0.000000 133.000000 71.000000
0.5200 90.4400 26.2800 652.000000 0.000000 128.000000 71.000000
0.5300 90.1500 27.1200 647.000000 0.000000 127.000000 70.000000
0.5400 90.1500 28.0700 639.000000 0.000000 127.000000 70.000000
0.5500 90.3900 29.0000 634.000000 0.000000 129.000000 70.000000
0.5600 90.9700 29.9200 634.000000 0.000000 127.000000 69.000000
0.5700 91.8800 30.5100 636.000000 0.000000 129.000000 68.000000
0.5800 93.0100 31.0500 643.000000 0.000000 133.000000 69.000000
0.5900 94.6000 31.5000 661.000000 0.000000 135.000000 68.000000
0.6000 96.2100 31.7300 664.000000 0.000000 139.000000 68.000000
0.6100 97.8100 31.8300 664.000000 0.000000 141.000000 68.000000
0.6200 99.2100 31.8300 661.000000 0.000000 141.000000 68.000000
0.6300 100.4700 31.6100 659.000000 0.000000 145.000000 68.000000
0.6400 101.2500 31.3200 643.000000 0.000000 145.000000 68.000000
0.6500 101.7100 31.0300 644.000000 0.000000 147.000000 69.000000
0.6600 101.9500 30.8000 617.000000 0.000000 147.000000 69.000000
0.6700 102.0200 30.6200 589.000000 0.000000 147.000000 69.000000
0.6800 102.0200 30.6200 567.000000 0.000000 145.000000 68.000000
0.6900 101.9600 30.6200 512.000000 0.000000 145.000000 68.000000
0.7000 101.9000 30.7000 418.000000 0.000000 145.000000 68.000000
0.7100 101.7500 30.9000 362.000000 0.000000 142.000000 68.000000
0.7200 101.5400 31.0800 273.000000 0.000000 142.000000 68.000000
0.7300 101.5400 31.0800 0.000000 1.000000 142.000000 68.000000
0.7400 101.0100 31.3500 0.000000 0.000000 142.000000 68.000000
0.7500 100.6700 31.4600 0.000000 0.000000 145.000000 68.000000
0.7600 100.3300 31.5100 0.000000 0.000000 145.000000 68.000000
0.7700 100.0300 31.5100 0.000000 0.000000 145.000000 68.000000
0.7800 100.0300 31.5100 0.000000 0.000000 145.000000 68.000000
0.7900 100.1100 31.4500 0.000000 0.000000 146.000000 67.000000
0.8000 100.3900 31.4500 0.000000 0.000000 146.000000 67.000000
0.8100 100.7100 31.3600 0.000000 0.000000 146.000000 67.000000
0.8200 101.0100 31.2800 0.000000 0.000000 146.000000 67.000000
0.8300 101.2900 31.2000 0.000000 0.000000 146.000000 67.000000
0.8400 101.4400 31.1000 0.000000 0.000000 144.000000 67.000000
0.8500 101.5100 31.1000 0.000000 0.000000 146.000000 67.000000
0.8600 101.5100 31.1000 0.000000 0.000000 146.000000 67.000000
0.8700 101.5800 31.1900 0.000000 0.000000 146.000000 67.000000
0.8800 101.6400 31.2600 0.000000 0.000000 148.000000 68.000000
0.8900 101.7200 31.3200 0.000000 0.000000 148.000000 68.000000
0.9000 101.7200 31.3700 0.000000 0.000000 151.000000 68.000000
0.9100 101.7200 31.3000 0.000000 0.000000 151.000000 68.000000
0.9200 101.7200 31.2000 0.000000 0.000000 151.000000 68.000000
0.9300 101.6300 31.0400 0.000000 0.000000 151.000000 68.000000
0.9400 101.5400 30.8700 0.000000 0.000000 151.000000 68.000000
0.9500 101.4400 30.7600 0.000000 0.000000 151.000000 68.000000
0.9600 101.4900 30.6900 0.000000 0.000000 153.000000 69.000000
0.9700 101.5700 30.6900 0.000000 0.000000 153.000000 69.000000
0.9800 101.6900 30.6900 0.000000 0.000000 153.000000 69.000000
0.9900 101.8300 30.7500 0.000000 0.000000 153.000000 69.000000
1.0000 101.9700 30.7500 0.000000 0.000000 153.000000 69.000000
1.0100 101.9700 30.6600 0.000000 0.000000 153.000000 69.000000
1.0200 101.9700 30.5900 0.000000 0.000000 153.000000 69.000000
1.0300 101.9100 30.5100 0.000000 0.000000 153.000000 69.000000
1.0400 101.8400 30.5100 0.000000 0.000000 152.000000 70.000000
1.0500 101.8400 30.4500 0.000000 0.000000 152.000000 70.000000
1.0600 101.8400 30.4500 0.000000 0.000000 152.000000 70.000000
1.0700 101.8400 30.4500 0.000000 0.000000 152.000000 70.000000
1.0800 101.8400 30.5100 0.000000 0.000000 152.000000 70.000000
1.0900 101.9000 30.5100 0.000000 0.000000 152.000000 70.000000
1.1000 101.9000 30.5100 6.000000 0.000000 154.000000 70.000000
1.1100 101.9000 30.5100 58.000000 1.000000 154.000000 70.000000
1.1200 101.9000 30.5100 60.000000 0.000000 154.000000 70.000000
1.1300 101.9000 30.5100 63.000000 0.000000 154.000000 70.000000
1.1400 101.9000 30.5100 65.000000 0.000000 152.000000 70.000000
1.1500 101.9000 30.5100 108.000000 0.000000 153.000000 69.000000
1.1600 101.9000 30.5100 142.000000 0.000000 151.000000 68.000000
1.1700 101.9000 30.5100 190.000000 0.000000 151.000000 68.000000
1.1800 101.9000 30.5100 246.000000 0.000000 148.000000 68.000000
1.1900 101.9000 30.5100 274.000000 0.000000 147.000000 69.000000
1.2000 101.9000 30.5100 324.000000 0.000000 147.000000 69.000000
1.2100 101.9000 30.5100 349.000000 0.000000 145.000000 68.000000
1.2200 102.1700 30.2800 377.000000 0.000000 145.000000 68.000000
1.2300 102.2300 30.2100 415.000000 0.000000 145.000000 68.000000
1.2400 102.2900 30.2100 474.000000 0.000000 142.000000 68.000000
1.2500 102.2900 30.2100 519.000000 0.000000 142.000000 68.000000
1.2600 102.2900 30.2100 548.000000 0.000000 142.000000 68.000000
1.2700 102.2300 30.2100 567.000000 0.000000 142.000000 68.000000
1.2800 102.1100 30.3300 586.000000 0.000000 142.000000 68.000000
1.2900 101.9500 30.4600 586.000000 0.000000 142.000000 68.000000
1.3000 101.5900 30.6000 592.000000 0.000000 142.000000 68.000000
1.3100 101.1000 30.8400 592.000000 0.000000 142.000000 68.000000
1.3200 100.5300 31.1400 617.000000 0.000000 142.000000 68.000000
1.3300 100.0700 31.4400 616.000000 0.000000 142.000000 68.000000
1.3400 99.6100 31.7900 628.000000 0.000000 142.000000 68.000000
1.3500 99.3300 32.1700 638.000000 0.000000 142.000000 68.000000
1.3600 99.1700 32.5800 639.000000 0.000000 144.000000 67.000000
1.3700 99.1000 33.0300 641.000000 0.000000 146.000000 67.000000
1.3800 99.1000 33.5000 638.000000 0.000000 146.000000 67.000000
1.3900 99.1000 33.9200 639.000000 0.000000 146.000000 67.000000
1.4000 99.1900 34.2600 638.000000 0.000000 148.000000 68.000000
1.4100 99.3100 34.4700 639.000000 0.000000 148.000000 68.000000
1.4200 99.6200 34.6100 638.000000 0.000000 148.000000 68.000000
1.4300 100.0600 34.7800 642.000000 0.000000 148.000000 68.000000
1.4400 100.6700 34.9800 645.000000 0.000000 146.000000 67.000000
1.4500 101.3200 35.0900 642.000000 0.000000 146.000000 67.000000
1.4600 102.0100 35.0900 638.000000 0.000000 146.000000 67.000000
1.4700 102.5500 34.9400 634.000000 0.000000 144.000000 67.000000
1.4800 103.0000 34.8000 634.000000 0.000000 144.000000 67.000000
1.4900 103.2900 34.6700 639.000000 0.000000 144.000000 67.000000
1.5000 103.4500 34.5300 644.000000 0.000000 144.000000 67.000000
1.5100 103.5100 34.4000 641.000000 0.000000 144.000000 67.000000
1.5200 103.5100 34.3300 659.000000 0.000000 144.000000 67.000000
1.5300 103.4600 34.3300 664.000000 0.000000 144.000000 67.000000
1.5400 103.4100 34.3300 669.000000 0.000000 146.000000 67.000000
1.5500 103.4100 34.3300 675.000000 0.000000 146.000000 67.000000
1.5600 103.1900 34.4300 676.000000 0.000000 146.000000 67.000000
1.5700 102.9200 34.4300 673.000000 0.000000 146.000000 67.000000
1.5800 102.4500 34.4300 678.000000 0.000000 146.000000 67.000000
1.5900 101.7100 34.1800 676.000000 0.000000 146.000000 67.000000
1.6000 100.7800 33.7900 675.000000 0.000000 146.000000 67.000000
1.6100 99.5200 33.1300 684.000000 0.000000 146.000000 67.000000
1.6200 98.1100 32.4000 700.000000 0.000000 146.000000 67.000000
1.6300 96.5900 31.5500 720.000000 0.000000 146.000000 67.000000
1.6400 95.1800 30.6600 743.000000 0.000000 146.000000 67.000000
1.6500 94.2200 29.7700 752.000000 0.000000 146.000000 67.000000
1.6600 93.5500 28.9600 755.000000 0.000000 145.000000 68.000000
1.6700 93.3800 28.2000 755.000000 0.000000 145.000000 68.000000
1.6800 93.6300 27.5600 754.000000 0.000000 142.000000 68.000000
1.6900 94.1700 27.0500 755.000000 0.000000 141.000000 68.000000
1.7000 95.2500 26.6300 755.000000 0.000000 139.000000 69.000000
1.7100 96.7000 26.7100 763.000000 0.000000 139.000000 69.000000
1.7200 98.4000 27.0800 790.000000 0.000000 137.000000 70.000000
1.7300 100.3000 27.6400 770.000000 0.000000 135.000000 71.000000
1.7400 101.6800 28.2500 728.000000 0.000000 135.000000 71.000000
1.7500 102.7200 28.8100 565.000000 0.000000 137.000000 71.000000
