0.0000 96.4200 50.5800 158.000000 1.000000 141.000000 70.000000
0.0100 96.4200 50.5800 215.000000 0.000000 141.000000 70.000000
0.0200 96.4200 50.5800 237.000000 0.000000 145.000000 70.000000
0.0300 96.4200 50.5800 306.000000 0.000000 145.000000 70.000000
0.0400 96.4200 50.5800 325.000000 0.000000 145.000000 70.000000
0.0500 96.4200 50.5800 340.000000 0.000000 148.000000 70.000000
0.0600 96.5300 50.3300 353.000000 0.000000 148.000000 70.000000
0.0700 96.4800 49.8500 392.000000 0.000000 150.000000 71.000000
0.0800 96.4800 48.9700 420.000000 0.000000 150.000000 71.000000
0.0900 96.5300 48.1200 449.000000 0.000000 148.000000 71.000000
0.1000 96.5300 47.2900 467.000000 0.000000 148.000000 71.000000
0.1100 96.5300 46.6100 499.000000 0.000000 147.000000 72.000000
0.1200 96.5300 46.1100 510.000000 0.000000 147.000000 72.000000
0.1300 96.5300 45.7400 522.000000 0.000000 145.000000 73.000000
0.1400 96.4800 45.4500 519.000000 0.000000 143.000000 74.000000
0.1500 96.4100 45.3100 527.000000 0.000000 140.000000 73.000000
0.1600 96.3600 45.3100 532.000000 0.000000 138.000000 74.000000
0.1700 96.3600 45.4000 522.000000 0.000000 138.000000 74.000000
0.1800 96.1700 45.7300 533.000000 0.000000 135.000000 73.000000
0.1900 95.9100 46.2000 524.000000 0.000000 135.000000 73.000000
0.2000 95.6000 46.8500 521.000000 0.000000 135.000000 73.000000
0.2100 95.3000 47.5600 529.000000 0.000000 135.000000 73.000000
0.2200 95.0300 48.3100 532.000000 0.000000 135.000000 73.000000
0.2300 94.8400 48.7800 535.000000 0.000000 135.000000 73.000000
0.2400 94.7200 49.0700 541.000000 0.000000 137.000000 73.000000
0.2500 94.6600 49.2400 540.000000 0.000000 137.000000 73.000000
0.2600 94.6600 49.3100 548.000000 0.000000 140.000000 72.000000
0.2700 94.6600 49.3600 553.000000 0.000000 140.000000 72.000000
0.2800 94.6600 49.3600 556.000000 0.000000 144.000000 72.000000
0.2900 94.6600 49.3600 561.000000 0.000000 144.000000 72.000000
0.3000 94.6600 49.3100 570.000000 0.000000 144.000000 72.000000
0.3100 94.6600 49.2600 566.000000 0.000000 146.000000 71.000000
0.3200 94.6600 49.1400 578.000000 0.000000 146.000000 71.000000
0.3300 94.6600 48.9700 591.000000 0.000000 146.000000 71.000000
0.3400 94.7700 48.6000 588.000000 0.000000 146.000000 71.000000
0.3500 94.9400 48.1300 605.000000 0.000000 146.000000 71.000000
0.3600 95.1100 47.4100 611.000000 0.000000 144.000000 72.000000
0.3700 95.2600 46.6300 610.000000 0.000000 144.000000 72.000000
0.3800 95.3600 45.7800 641.000000 0.000000 144.000000 72.000000
0.3900 95.3100 44.9600 649.000000 0.000000 142.000000 72.000000
0.4000 95.1700 44.2300 690.000000 0.000000 142.000000 72.000000
0.4100 94.8500 43.5500 716.000000 0.000000 140.000000 73.000000
0.4200 94.3600 42.9200 730.000000 0.000000 140.000000 73.000000
0.4300 93.7500 42.3900 750.000000 0.000000 138.000000 74.000000
0.4400 93.0000 41.9400 771.000000 0.000000 138.000000 74.000000
0.4500 92.2700 41.7000 777.000000 0.000000 138.000000 74.000000
0.4600 91.5400 41.7000 770.000000 0.000000 138.000000 74.000000
0.4700 91.0100 41.8500 767.000000 0.000000 138.000000 74.000000
0.4800 90.6300 42.2400 763.000000 0.000000 138.000000 74.000000
0.4900 90.3500 42.8600 749.000000 0.000000 138.000000 74.000000
0.5000 90.2400 43.6300 720.000000 0.000000 135.000000 73.000000
0.5100 90.4200 44.5400 728.000000 0.000000 133.000000 73.000000
0.5200 90.7900 45.4400 721.000000 0.000000 133.000000 73.000000
0.5300 91.3000 46.2900 721.000000 0.000000 130.000000 72.000000
0.5400 91.9800 46.9600 720.000000 0.000000 130.000000 72.000000
0.5500 92.7800 47.5100 731.000000 0.000000 128.000000 71.000000
0.5600 93.9100 47.9300 742.000000 0.000000 128.000000 71.000000
0.5700 95.1500 47.9900 748.000000 0.000000 130.000000 72.000000
0.5800 96.4700 47.8200 749.000000 0.000000 133.000000 71.000000
0.5900 97.5500 47.5500 752.000000 0.000000 135.000000 72.000000
0.6000 98.5600 47.2800 754.000000 0.000000 137.000000 73.000000
0.6100 99.5200 47.0200 751.000000 0.000000 140.000000 72.000000
0.6200 100.3600 46.8100 748.000000 0.000000 140.000000 73.000000
0.6300 100.9700 46.7200 748.000000 0.000000 143.000000 74.000000
0.6400 101.4200 46.7200 739.000000 0.000000 143.000000 74.000000
0.6500 101.6000 46.7200 730.000000 0.000000 140.000000 75.000000
0.6600 101.6600 46.7200 730.000000 0.000000 140.000000 75.000000
0.6700 101.6600 46.8100 714.000000 0.000000 140.000000 75.000000
0.6800 101.6600 46.8100 690.000000 0.000000 140.000000 75.000000
0.6900 101.5800 46.8900 679.000000 0.000000 140.000000 75.000000
0.7000 101.5200 46.8900 656.000000 0.000000 138.000000 74.000000
0.7100 101.5200 46.9400 605.000000 0.000000 138.000000 74.000000
0.7200 101.5200 46.9400 515.000000 0.000000 138.000000 74.000000
0.7300 101.4300 47.0200 342.000000 0.000000 138.000000 74.000000
0.7400 101.4300 47.0200 0.000000 1.000000 138.000000 74.000000
0.7500 101.1500 47.1200 0.000000 0.000000 138.000000 74.000000
0.7600 100.9100 47.1200 0.000000 0.000000 138.000000 74.000000
0.7700 100.6400 47.2000 0.000000 0.000000 138.000000 74.000000
0.7800 100.4000 47.2500 0.000000 0.000000 138.000000 74.000000
0.7900 100.1900 47.3000 0.000000 0.000000 140.000000 73.000000
0.8000 100.1900 47.3000 0.000000 0.000000 137.000000 73.000000
0.8100 100.2700 47.3000 0.000000 0.000000 137.000000 71.000000
0.8200 100.4000 47.2300 0.000000 0.000000 139.000000 71.000000
0.8300 100.4900 47.1700 0.000000 0.000000 139.000000 71.000000
0.8400 100.4900 47.1100 0.000000 0.000000 139.000000 69.000000
0.8500 100.4900 47.0500 0.000000 0.000000 139.000000 69.000000
0.8600 100.4300 46.9900 0.000000 0.000000 139.000000 69.000000
0.8700 100.4300 46.9900 0.000000 0.000000 139.000000 69.000000
0.8800 100.4300 46.9900 0.000000 0.000000 139.000000 69.000000
0.8900 100.5200 46.9900 0.000000 0.000000 139.000000 69.000000
0.9000 100.6800 46.9900 0.000000 0.000000 141.000000 70.000000
0.9100 100.8800 46.9900 0.000000 0.000000 141.000000 70.000000
0.9200 100.8800 46.9900 0.000000 0.000000 139.000000 71.000000
0.9300 101.1800 46.9100 0.000000 0.000000 139.000000 71.000000
0.9400 101.2600 46.8300 0.000000 0.000000 142.000000 71.000000
0.9500 101.3100 46.7600 0.000000 0.000000 142.000000 71.000000
0.9600 101.3100 46.7600 0.000000 0.000000 140.000000 72.000000
0.9700 101.3100 46.7600 0.000000 0.000000 140.000000 72.000000
0.9800 101.3100 46.8800 0.000000 0.000000 142.000000 72.000000
0.9900 101.3100 46.8800 25.000000 1.000000 140.000000 73.000000
1.0000 101.3100 46.8800 73.000000 0.000000 140.000000 73.000000
1.0100 101.3100 46.8800 131.000000 0.000000 140.000000 75.000000
1.0200 101.3100 46.8800 185.000000 0.000000 140.000000 75.000000
1.0300 101.3100 46.8800 233.000000 0.000000 140.000000 75.000000
1.0400 101.3100 46.8800 275.000000 0.000000 140.000000 75.000000
1.0500 101.3100 46.8800 314.000000 0.000000 140.000000 75.000000
1.0600 101.3100 46.8800 366.000000 0.000000 140.000000 75.000000
1.0700 101.3100 46.8800 415.000000 0.000000 140.000000 75.000000
1.0800 101.3100 46.8800 465.000000 0.000000 140.000000 75.000000
1.0900 101.3100 46.8800 514.000000 0.000000 140.000000 75.000000
1.1000 101.3100 46.8800 530.000000 0.000000 138.000000 74.000000
1.1100 101.1400 47.2900 544.000000 0.000000 138.000000 74.000000
1.1200 100.9000 47.5400 543.000000 0.000000 138.000000 74.000000
1.1300 100.6000 47.8800 551.000000 0.000000 138.000000 74.000000
1.1400 100.2300 48.2600 550.000000 0.000000 135.000000 73.000000
1.1500 99.7500 48.6800 548.000000 0.000000 138.000000 74.000000
1.1600 99.1900 49.0800 545.000000 0.000000 140.000000 73.000000
1.1700 98.6000 49.4400 559.000000 0.000000 140.000000 73.000000
1.1800 98.0800 49.7100 564.000000 0.000000 142.000000 72.000000
1.1900 97.8600 49.8900 567.000000 0.000000 142.000000 72.000000
1.2000 97.8000 50.0300 564.000000 0.000000 142.000000 72.000000
1.2100 97.8700 50.2000 559.000000 0.000000 147.000000 72.000000
1.2200 98.1400 50.4600 553.000000 0.000000 147.000000 72.000000
1.2300 98.5300 50.7600 537.000000 0.000000 147.000000 72.000000
1.2400 99.1600 51.1000 540.000000 0.000000 147.000000 72.000000
1.2500 99.8300 51.3600 543.000000 0.000000 148.000000 71.000000
1.2600 100.5500 51.5700 544.000000 0.000000 148.000000 71.000000
1.2700 101.2800 51.6500 540.000000 0.000000 148.000000 71.000000
1.2800 101.9800 51.6500 540.000000 0.000000 146.000000 71.000000
1.2900 102.6600 51.5200 551.000000 0.000000 148.000000 70.000000
1.3000 103.1100 51.4000 561.000000 0.000000 148.000000 70.000000
1.3100 103.4100 51.2800 565.000000 0.000000 145.000000 70.000000
1.3200 103.6000 51.1500 567.000000 0.000000 143.000000 70.000000
1.3300 103.6500 51.0500 586.000000 0.000000 143.000000 70.000000
1.3400 103.6500 50.9700 597.000000 0.000000 143.000000 70.000000
1.3500 103.5500 50.9700 611.000000 0.000000 143.000000 70.000000
1.3600 103.4600 50.8800 630.000000 0.000000 143.000000 70.000000
1.3700 103.3100 50.8800 639.000000 0.000000 143.000000 70.000000
1.3800 103.1100 50.8800 639.000000 0.000000 143.000000 70.000000
1.3900 102.9400 50.8800 645.000000 0.000000 143.000000 70.000000
1.4000 102.8000 50.8200 637.000000 0.000000 143.000000 70.000000
1.4100 102.7200 50.8200 636.000000 0.000000 143.000000 70.000000
1.4200 102.6500 50.7300 645.000000 0.000000 143.000000 70.000000
1.4300 102.4200 50.6100 636.000000 0.000000 143.000000 70.000000
1.4400 102.0900 50.4100 638.000000 0.000000 143.000000 70.000000
1.4500 101.6600 50.2000 634.000000 0.000000 142.000000 71.000000
1.4600 101.1000 49.9800 638.000000 0.000000 142.000000 71.000000
1.4700 100.4400 49.6600 633.000000 0.000000 142.000000 71.000000
1.4800 99.6200 49.3000 639.000000 0.000000 142.000000 71.000000
1.4900 98.7800 48.8800 643.000000 0.000000 142.000000 71.000000
1.5000 97.9200 48.4300 643.000000 0.000000 144.000000 72.000000
1.5100 97.3700 47.8700 652.000000 0.000000 144.000000 72.000000
1.5200 96.8700 47.3600 658.000000 0.000000 142.000000 72.000000
1.5300 96.6100 46.9400 670.000000 0.000000 142.000000 72.000000
1.5400 96.4900 46.5600 664.000000 0.000000 142.000000 72.000000
1.5500 96.5800 46.3600 669.000000 0.000000 140.000000 73.000000
1.5600 96.6900 46.2100 679.000000 0.000000 140.000000 73.000000
1.5700 96.8000 46.0900 700.000000 0.000000 138.000000 74.000000
1.5800 96.9300 45.9800 702.000000 0.000000 138.000000 74.000000
1.5900 97.0400 45.9300 722.000000 0.000000 138.000000 74.000000
1.6000 97.1600 45.9300 730.000000 0.000000 135.000000 73.000000
1.6100 97.1600 45.9300 751.000000 0.000000 135.000000 73.000000
1.6200 97.1600 45.9300 790.000000 0.000000 135.000000 73.000000
1.6300 97.0900 45.9300 799.000000 0.000000 135.000000 73.000000
1.6400 97.0400 45.7800 809.000000 0.000000 135.000000 73.000000
1.6500 96.9800 45.6900 814.000000 0.000000 135.000000 73.000000
1.6600 96.9800 45.6100 818.000000 0.000000 135.000000 73.000000
1.6700 96.9800 45.5100 817.000000 0.000000 135.000000 73.000000
1.6800 96.9800 45.3800 824.000000 0.000000 135.000000 73.000000
1.6900 97.1400 45.2000 827.000000 0.000000 135.000000 73.000000
1.7000 97.3200 45.0900 818.000000 0.000000 135.000000 73.000000
1.7100 97.5400 45.0200 822.000000 0.000000 132.000000 74.000000
1.7200 97.8400 45.0200 827.000000 0.000000 135.000000 75.000000
1.7300 98.2000 45.0800 827.000000 0.000000 135.000000 75.000000
1.7400 98.7300 45.1900 818.000000 0.000000 135.000000 75.000000
1.7500 99.3800 45.3900 818.000000 0.000000 135.000000 75.000000
1.7600 100.2500 45.6000 826.000000 0.000000 135.000000 75.000000
1.7700 101.1200 45.8300 805.000000 0.000000 135.000000 75.000000
1.7800 101.8800 45.9800 771.000000 0.000000 135.000000 75.000000
1.7900 102.5600 46.1100 727.000000 0.000000 135.000000 75.000000
1.8000 102.8900 46.2000 594.000000 0.000000 135.000000 75.000000
1.8100 103.0400 46.2600 221.000000 0.000000 135.000000 75.000000
