0.0000 51.5500 81.0800 108.000000 1.000000 125.000000 54.000000
0.0100 51.1500 79.6700 203.000000 0.000000 126.000000 54.000000
0.0200 50.9800 78.9800 315.000000 0.000000 126.000000 54.000000
0.0300 50.8100 78.5200 405.000000 0.000000 126.000000 54.000000
0.0400 50.8100 78.2100 439.000000 0.000000 125.000000 55.000000
0.0500 50.8100 78.0800 468.000000 0.000000 126.000000 56.000000
0.0600 50.9600 78.0800 524.000000 0.000000 126.000000 56.000000
0.0700 51.1100 78.1300 620.000000 0.000000 126.000000 56.000000
0.0800 51.2500 78.3700 696.000000 0.000000 126.000000 56.000000
0.0900 51.6100 79.1900 721.000000 0.000000 126.000000 56.000000
0.1000 52.1100 80.4000 731.000000 0.000000 125.000000 55.000000
0.1100 52.5900 82.1800 730.000000 0.000000 125.000000 55.000000
0.1200 53.2000 84.3000 710.000000 0.000000 125.000000 55.000000
0.1300 53.8900 86.6600 693.000000 0.000000 125.000000 55.000000
0.1400 54.4800 88.9000 700.000000 0.000000 125.000000 54.000000
0.1500 54.9100 90.4500 691.000000 0.000000 127.000000 53.000000
0.1600 55.2400 91.5500 721.000000 0.000000 128.000000 53.000000
0.1700 55.2400 91.9000 746.000000 0.000000 129.000000 52.000000
0.1800 55.2400 91.9000 751.000000 0.000000 130.000000 52.000000
0.1900 55.2400 91.7500 727.000000 0.000000 132.000000 51.000000
0.2000 55.2400 91.2000 714.000000 0.000000 134.000000 51.000000
0.2100 55.1300 90.1500 711.000000 0.000000 135.000000 51.000000
0.2200 55.0400 88.7600 707.000000 0.000000 135.000000 51.000000
0.2300 54.9200 87.1400 703.000000 0.000000 134.000000 51.000000
0.2400 54.8600 85.6500 700.000000 0.000000 133.000000 52.000000
0.2500 54.8600 84.2600 675.000000 0.000000 130.000000 52.000000
0.2600 55.0500 83.2100 645.000000 0.000000 129.000000 52.000000
0.2700 55.3300 82.5100 566.000000 0.000000 128.000000 53.000000
0.2800 55.6900 82.0400 494.000000 0.000000 127.000000 53.000000
0.2900 56.0300 81.8500 394.000000 0.000000 125.000000 54.000000
0.3000 56.1300 81.8500 342.000000 0.000000 126.000000 54.000000
0.3100 56.0700 81.8500 397.000000 0.000000 126.000000 54.000000
0.3200 55.9100 81.9800 495.000000 0.000000 126.000000 54.000000
0.3300 55.5000 82.0900 602.000000 0.000000 128.000000 54.000000
0.3400 54.9300 82.2100 616.000000 0.000000 128.000000 54.000000
0.3500 53.8700 82.2800 611.000000 0.000000 128.000000 54.000000
0.3600 52.4800 82.1100 641.000000 0.000000 128.000000 54.000000
0.3700 50.8800 81.7800 652.000000 0.000000 129.000000 53.000000
0.3800 49.4300 81.3700 714.000000 0.000000 129.000000 53.000000
0.3900 48.2800 81.0800 793.000000 0.000000 129.000000 53.000000
0.4000 47.3300 80.8600 915.000000 0.000000 130.000000 53.000000
0.4100 46.9500 80.8600 935.000000 0.000000 129.000000 52.000000
0.4200 47.0800 81.0800 951.000000 0.000000 129.000000 52.000000
0.4300 47.5600 81.3700 926.000000 0.000000 129.000000 52.000000
0.4400 48.5500 82.1000 917.000000 0.000000 129.000000 52.000000
0.4500 50.2100 83.1100 915.000000 0.000000 127.000000 52.000000
0.4600 52.3100 84.3000 893.000000 0.000000 127.000000 52.000000
0.4700 54.9300 85.9800 860.000000 0.000000 127.000000 52.000000
0.4800 57.5700 87.4800 757.000000 0.000000 127.000000 52.000000
0.4900 59.9000 88.8500 443.000000 0.000000 127.000000 52.000000
0.5000 59.9000 88.8500 0.000000 1.000000 128.000000 53.000000
0.5100 63.3700 90.7300 0.000000 0.000000 128.000000 53.000000
0.5200 63.7800 91.1200 0.000000 0.000000 130.000000 53.000000
0.5300 63.5600 91.0300 0.000000 0.000000 130.000000 53.000000
0.5400 63.1100 90.9000 0.000000 0.000000 133.000000 53.000000
0.5500 62.4400 90.6800 0.000000 0.000000 134.000000 52.000000
0.5600 61.6200 90.0800 0.000000 0.000000 135.000000 52.000000
0.5700 60.6300 89.2400 0.000000 0.000000 135.000000 52.000000
0.5800 59.6100 88.0200 0.000000 0.000000 135.000000 52.000000
0.5900 58.5600 86.7400 0.000000 0.000000 134.000000 51.000000
0.6000 57.5700 85.3700 0.000000 0.000000 133.000000 52.000000
0.6100 56.8300 84.0200 0.000000 0.000000 133.000000 52.000000
0.6200 56.2500 82.9900 0.000000 0.000000 131.000000 52.000000
0.6300 55.9000 82.1600 0.000000 0.000000 130.000000 53.000000
0.6400 55.6000 81.6400 0.000000 0.000000 129.000000 53.000000
0.6500 55.4100 81.4700 0.000000 0.000000 129.000000 53.000000
0.6600 55.3600 81.5400 0.000000 0.000000 129.000000 53.000000
0.6700 55.3600 81.8400 0.000000 0.000000 129.000000 53.000000
0.6800 55.4800 82.3800 0.000000 0.000000 128.000000 54.000000
0.6900 55.5700 83.0800 0.000000 0.000000 127.000000 53.000000
0.7000 55.6500 84.2300 0.000000 0.000000 127.000000 53.000000
0.7100 55.7200 85.7400 0.000000 0.000000 127.000000 53.000000
0.7200 55.9100 87.4800 0.000000 0.000000 127.000000 53.000000
0.7300 56.1200 89.0700 0.000000 0.000000 127.000000 53.000000
0.7400 56.1200 89.0700 207.000000 1.000000 127.000000 53.000000
0.7500 56.4500 91.2400 415.000000 0.000000 128.000000 53.000000
0.7600 56.4500 91.6900 514.000000 0.000000 129.000000 52.000000
0.7700 56.5700 91.8300 540.000000 0.000000 131.000000 52.000000
0.7800 56.6500 91.7600 543.000000 0.000000 133.000000 52.000000
0.7900 56.7400 91.3500 540.000000 0.000000 135.000000 51.000000
0.8000 56.8300 90.5900 541.000000 0.000000 136.000000 50.000000
0.8100 56.8300 89.6100 542.000000 0.000000 136.000000 50.000000
0.8200 56.6500 87.9700 545.000000 0.000000 135.000000 51.000000
0.8300 56.3200 86.2100 553.000000 0.000000 134.000000 51.000000
0.8400 55.9100 84.3700 557.000000 0.000000 133.000000 52.000000
0.8500 55.4500 82.8600 564.000000 0.000000 131.000000 52.000000
0.8600 55.0900 81.9800 537.000000 0.000000 130.000000 53.000000
0.8700 55.0000 81.5100 441.000000 0.000000 129.000000 53.000000
0.8800 55.1000 81.6800 415.000000 0.000000 128.000000 54.000000
0.8900 55.3900 82.1400 417.000000 0.000000 128.000000 54.000000
0.9000 55.7400 82.7900 435.000000 0.000000 127.000000 53.000000
0.9100 56.1900 83.4300 449.000000 0.000000 127.000000 53.000000
0.9200 56.5300 83.9700 455.000000 0.000000 128.000000 54.000000
0.9300 56.7900 84.1100 496.000000 0.000000 129.000000 53.000000
0.9400 56.7900 84.0100 535.000000 0.000000 129.000000 53.000000
0.9500 56.7100 83.7600 539.000000 0.000000 129.000000 53.000000
0.9600 56.5800 83.3300 544.000000 0.000000 129.000000 53.000000
0.9700 56.3700 82.7700 522.000000 0.000000 129.000000 53.000000
0.9800 56.1600 82.2800 475.000000 0.000000 129.000000 53.000000
0.9900 56.1600 82.1800 418.000000 0.000000 129.000000 53.000000
1.0000 56.1600 82.3300 377.000000 0.000000 129.000000 53.000000
1.0100 56.4100 82.8200 310.000000 0.000000 129.000000 53.000000
1.0200 56.6600 83.3900 282.000000 0.000000 129.000000 53.000000
1.0300 56.9500 84.0100 282.000000 0.000000 129.000000 53.000000
1.0400 57.2200 84.3200 273.000000 0.000000 129.000000 53.000000
1.0500 57.3500 84.3200 277.000000 0.000000 129.000000 53.000000
1.0600 57.3500 84.1600 289.000000 0.000000 129.000000 53.000000
1.0700 57.3500 83.9000 302.000000 0.000000 129.000000 53.000000
1.0800 57.2700 83.5200 320.000000 0.000000 129.000000 53.000000
1.0900 57.2000 83.0600 343.000000 0.000000 129.000000 53.000000
1.1000 57.2900 82.6000 344.000000 0.000000 129.000000 53.000000
1.1100 57.3800 82.6000 359.000000 0.000000 129.000000 53.000000
1.1200 57.6800 82.8000 440.000000 0.000000 129.000000 53.000000
1.1300 58.1200 83.4800 473.000000 0.000000 128.000000 54.000000
1.1400 58.5900 84.5800 512.000000 0.000000 129.000000 55.000000
1.1500 58.9600 85.9500 499.000000 0.000000 129.000000 55.000000
1.1600 59.2700 87.2600 483.000000 0.000000 127.000000 55.000000
1.1700 59.4700 88.5200 504.000000 0.000000 129.000000 56.000000
1.1800 59.4700 89.7000 509.000000 0.000000 129.000000 56.000000
1.1900 59.2800 90.7900 591.000000 0.000000 131.000000 56.000000
1.2000 59.1000 91.6100 650.000000 0.000000 134.000000 55.000000
1.2100 58.9500 92.2400 664.000000 0.000000 136.000000 55.000000
1.2200 58.9500 92.2400 666.000000 0.000000 137.000000 54.000000
1.2300 59.0100 91.7100 652.000000 0.000000 139.000000 52.000000
1.2400 59.1000 90.8200 679.000000 0.000000 140.000000 52.000000
1.2500 59.0000 88.9800 731.000000 0.000000 138.000000 51.000000
1.2600 58.7700 86.6800 757.000000 0.000000 138.000000 51.000000
1.2700 58.4800 84.0800 763.000000 0.000000 136.000000 51.000000
1.2800 58.2400 82.4200 622.000000 0.000000 134.000000 51.000000
1.2900 58.3100 81.5600 137.000000 0.000000 132.000000 51.000000
1.3000 58.3100 81.5600 0.000000 1.000000 129.000000 52.000000
1.3100 58.8200 81.4200 0.000000 0.000000 128.000000 53.000000
1.3200 59.0800 82.0900 0.000000 0.000000 129.000000 53.000000
1.3300 59.3800 83.0900 0.000000 0.000000 128.000000 54.000000
1.3400 59.7600 84.7900 0.000000 0.000000 128.000000 54.000000
1.3500 60.2000 86.7200 0.000000 0.000000 130.000000 54.000000
1.3600 60.8600 88.8100 0.000000 0.000000 131.000000 55.000000
1.3700 61.6500 90.1600 0.000000 0.000000 131.000000 55.000000
1.3800 62.3100 90.9200 0.000000 0.000000 131.000000 55.000000
1.3900 62.6600 91.3000 0.000000 0.000000 133.000000 54.000000
1.4000 62.8100 91.2000 0.000000 0.000000 133.000000 53.000000
1.4100 62.7500 91.0800 0.000000 0.000000 134.000000 52.000000
1.4200 62.7500 91.0800 168.000000 1.000000 135.000000 52.000000
1.4300 62.6200 90.7500 465.000000 0.000000 136.000000 51.000000
1.4400 62.5300 90.5900 645.000000 0.000000 137.000000 51.000000
1.4500 62.4500 90.0100 731.000000 0.000000 138.000000 51.000000
1.4600 62.2400 89.1400 776.000000 0.000000 138.000000 51.000000
1.4700 61.9400 87.8200 806.000000 0.000000 137.000000 52.000000
1.4800 61.3300 86.0800 827.000000 0.000000 136.000000 52.000000
1.4900 60.5900 84.0600 832.000000 0.000000 134.000000 54.000000
1.5000 59.7700 82.1300 818.000000 0.000000 131.000000 54.000000
1.5100 58.7400 80.4800 815.000000 0.000000 130.000000 54.000000
1.5200 57.6200 79.0200 817.000000 0.000000 128.000000 54.000000
1.5300 56.4400 78.3500 823.000000 0.000000 128.000000 54.000000
1.5400 55.8500 78.4800 805.000000 0.000000 125.000000 54.000000
1.5500 55.6100 79.1400 770.000000 0.000000 127.000000 53.000000
1.5600 55.6100 80.3500 693.000000 0.000000 127.000000 53.000000
1.5700 56.3200 81.6000 559.000000 0.000000 127.000000 53.000000
1.5800 57.6900 82.8700 512.000000 0.000000 128.000000 53.000000
1.5900 59.4800 84.1400 499.000000 0.000000 129.000000 53.000000
1.6000 61.3000 85.3700 499.000000 0.000000 130.000000 54.000000
1.6100 63.0100 85.9800 496.000000 0.000000 130.000000 54.000000
1.6200 63.9000 86.1900 494.000000 0.000000 131.000000 55.000000
1.6300 64.2700 85.9500 561.000000 0.000000 131.000000 55.000000
1.6400 64.0900 85.4800 751.000000 0.000000 130.000000 55.000000
1.6500 63.3700 84.8500 846.000000 0.000000 130.000000 55.000000
1.6600 62.2800 83.8400 905.000000 0.000000 130.000000 55.000000
1.6700 60.5000 82.5100 926.000000 0.000000 130.000000 55.000000
1.6800 58.1700 80.9700 917.000000 0.000000 129.000000 55.000000
1.6900 55.4700 79.2200 930.000000 0.000000 129.000000 55.000000
1.7000 52.9800 78.1800 977.000000 0.000000 128.000000 54.000000
1.7100 51.4400 77.6200 1012.000000 0.000000 128.000000 54.000000
1.7200 50.5200 77.7700 1023.000000 0.000000 128.000000 53.000000
1.7300 50.6000 78.2100 1023.000000 0.000000 128.000000 53.000000
1.7400 51.5100 78.8500 1014.000000 0.000000 128.000000 53.000000
1.7500 52.9600 79.9400 1017.000000 0.000000 128.000000 53.000000
1.7600 55.2300 81.1400 1023.000000 0.000000 128.000000 53.000000
1.7700 57.8600 82.4200 1023.000000 0.000000 129.000000 52.000000
1.7800 60.7200 83.5100 1023.000000 0.000000 130.000000 53.000000
1.7900 63.4300 84.3900 982.000000 0.000000 130.000000 53.000000
1.8000 65.5400 85.1300 809.000000 0.000000 131.000000 52.000000
