0.0000 13.6100 55.9900 104.000000 1.000000 110.000000 70.000000
0.0100 13.6100 55.9900 399.000000 0.000000 110.000000 70.000000
0.0200 13.6100 55.9900 584.000000 0.000000 106.000000 69.000000
0.0300 13.6100 55.9900 760.000000 0.000000 106.000000 69.000000
0.0400 13.6100 55.9900 894.000000 0.000000 104.000000 69.000000
0.0500 13.6100 55.9900 992.000000 0.000000 104.000000 69.000000
0.0600 13.6100 55.9900 1023.000000 0.000000 104.000000 69.000000
0.0700 13.6100 55.9900 1023.000000 0.000000 104.000000 69.000000
0.0800 13.6100 55.9900 1023.000000 0.000000 104.000000 70.000000
0.0900 13.9800 56.2700 1023.000000 0.000000 104.000000 70.000000
0.1000 14.4400 57.1700 1023.000000 0.000000 104.000000 70.000000
0.1100 15.0000 58.6400 1023.000000 0.000000 104.000000 70.000000
0.1200 15.5500 60.5000 1023.000000 0.000000 107.000000 70.000000
0.1300 16.0900 62.7600 1023.000000 0.000000 107.000000 70.000000
0.1400 16.4900 65.1500 1023.000000 0.000000 110.000000 70.000000
0.1500 16.7900 67.6400 1023.000000 0.000000 115.000000 69.000000
0.1600 16.9100 69.3900 1023.000000 0.000000 116.000000 68.000000
0.1700 16.9100 70.4200 1023.000000 0.000000 120.000000 67.000000
0.1800 16.7100 70.9600 1023.000000 0.000000 124.000000 67.000000
0.1900 16.7100 70.8900 1023.000000 0.000000 128.000000 66.000000
0.2000 16.7100 70.4100 1023.000000 0.000000 130.000000 66.000000
0.2100 16.8200 69.6700 1023.000000 0.000000 131.000000 67.000000
0.2200 17.4000 67.8000 1023.000000 0.000000 131.000000 67.000000
0.2300 18.3000 65.6700 1023.000000 0.000000 131.000000 67.000000
0.2400 19.3200 63.3600 1023.000000 0.000000 131.000000 67.000000
0.2500 20.3900 61.3300 1023.000000 0.000000 130.000000 67.000000
0.2600 21.4900 59.6600 1023.000000 0.000000 128.000000 68.000000
0.2700 22.5300 58.2300 1023.000000 0.000000 127.000000 69.000000
0.2800 23.2400 57.3300 1023.000000 0.000000 122.000000 70.000000
0.2900 23.7600 56.8500 1023.000000 0.000000 120.000000 71.000000
0.3000 23.9300 56.6600 1023.000000 0.000000 115.000000 71.000000
0.3100 23.9800 56.6600 1023.000000 0.000000 113.000000 73.000000
0.3200 23.9800 56.7700 1023.000000 0.000000 113.000000 73.000000
0.3300 23.7900 56.9400 1023.000000 0.000000 110.000000 73.000000
0.3400 23.5100 57.4400 1023.000000 0.000000 110.000000 73.000000
0.3500 23.1600 57.8600 1023.000000 0.000000 110.000000 73.000000
0.3600 22.4100 58.2300 1023.000000 0.000000 110.000000 73.000000
0.3700 21.6600 58.5600 1023.000000 0.000000 110.000000 73.000000
0.3800 20.7500 58.8300 1023.000000 0.000000 110.000000 73.000000
0.3900 19.7200 59.0200 1023.000000 0.000000 113.000000 73.000000
0.4000 18.6700 58.9700 1023.000000 0.000000 112.000000 72.000000
0.4100 17.5700 58.7800 1023.000000 0.000000 115.000000 71.000000
0.4200 16.4300 58.2100 1023.000000 0.000000 115.000000 71.000000
0.4300 15.4700 57.6200 1023.000000 0.000000 116.000000 70.000000
0.4400 14.6800 56.9900 1023.000000 0.000000 116.000000 70.000000
0.4500 14.0100 56.3000 1023.000000 0.000000 113.000000 71.000000
0.4600 13.6900 55.9500 1023.000000 0.000000 113.000000 71.000000
0.4700 13.8700 55.8600 1023.000000 0.000000 113.000000 71.000000
0.4800 14.3800 55.8600 1023.000000 0.000000 111.000000 71.000000
0.4900 15.5600 56.2000 1023.000000 0.000000 111.000000 71.000000
0.5000 17.3200 56.8600 1023.000000 0.000000 111.000000 71.000000
0.5100 19.4700 57.6700 1023.000000 0.000000 111.000000 71.000000
0.5200 21.5300 58.4300 1023.000000 0.000000 111.000000 71.000000
0.5300 23.1000 59.1600 1023.000000 0.000000 112.000000 72.000000
0.5400 24.3400 59.4900 1023.000000 0.000000 112.000000 72.000000
0.5500 25.0400 59.8000 1023.000000 0.000000 115.000000 71.000000
0.5600 25.4200 59.8900 1023.000000 0.000000 115.000000 71.000000
0.5700 25.5800 59.8900 1023.000000 0.000000 119.000000 72.000000
0.5800 25.5800 59.8900 1023.000000 0.000000 119.000000 72.000000
0.5900 25.5800 59.8900 1023.000000 0.000000 119.000000 72.000000
0.6000 25.5800 59.8900 1023.000000 0.000000 123.000000 72.000000
0.6100 25.5800 59.8900 1023.000000 0.000000 123.000000 72.000000
0.6200 25.5800 59.8900 1023.000000 0.000000 123.000000 72.000000
0.6300 25.5800 59.8900 1023.000000 0.000000 123.000000 72.000000
0.6400 25.5800 59.8900 1023.000000 0.000000 123.000000 72.000000
0.6500 25.5800 59.8900 1023.000000 0.000000 123.000000 72.000000
0.6600 25.5800 59.8900 1023.000000 0.000000 123.000000 72.000000
0.6700 25.5800 59.8900 1023.000000 0.000000 123.000000 72.000000
0.6800 25.5800 59.8900 1023.000000 0.000000 123.000000 72.000000
0.6900 25.5800 59.8900 1023.000000 0.000000 126.000000 72.000000
0.7000 25.5800 59.8900 1023.000000 0.000000 126.000000 72.000000
0.7100 25.5800 59.8900 1023.000000 0.000000 126.000000 72.000000
0.7200 25.5800 59.8900 1023.000000 0.000000 126.000000 72.000000
0.7300 25.5800 59.8900 1023.000000 0.000000 126.000000 72.000000
0.7400 25.5800 59.8900 1023.000000 0.000000 126.000000 72.000000
0.7500 25.5800 59.8900 1023.000000 0.000000 126.000000 72.000000
0.7600 25.5800 59.8900 1023.000000 0.000000 126.000000 72.000000
0.7700 25.5800 59.8900 1023.000000 0.000000 126.000000 72.000000
0.7800 25.5800 59.8900 1023.000000 0.000000 128.000000 72.000000
0.7900 25.5800 59.8900 1023.000000 0.000000 128.000000 72.000000
0.8000 25.5800 59.8900 1023.000000 0.000000 128.000000 72.000000
0.8100 25.5800 59.8900 1023.000000 0.000000 128.000000 72.000000
0.8200 25.5800 59.8900 1023.000000 0.000000 128.000000 72.000000
0.8300 25.5800 59.8900 1023.000000 0.000000 126.000000 72.000000
0.8400 25.5800 59.8900 1023.000000 0.000000 126.000000 72.000000
0.8500 25.6700 59.8900 1023.000000 0.000000 126.000000 72.000000
0.8600 26.0800 60.1100 1023.000000 0.000000 126.000000 72.000000
0.8700 26.6500 60.4300 1023.000000 0.000000 126.000000 72.000000
0.8800 27.2900 60.8400 1023.000000 0.000000 126.000000 72.000000
0.8900 27.9500 61.2300 1023.000000 0.000000 126.000000 72.000000
0.9000 28.5000 61.6100 1023.000000 0.000000 124.000000 71.000000
0.9100 28.9700 61.9600 1023.000000 0.000000 124.000000 71.000000
0.9200 29.3700 62.2800 1023.000000 0.000000 124.000000 71.000000
0.9300 29.5900 62.5500 1023.000000 0.000000 122.000000 70.000000
0.9400 29.6800 62.9900 1023.000000 0.000000 122.000000 70.000000
0.9500 29.7700 63.5500 1023.000000 0.000000 122.000000 70.000000
0.9600 29.7700 64.1400 1023.000000 0.000000 121.000000 69.000000
0.9700 29.7700 64.6700 1023.000000 0.000000 121.000000 69.000000
0.9800 29.5900 65.1700 1023.000000 0.000000 123.000000 69.000000
0.9900 29.3400 65.4600 1023.000000 0.000000 123.000000 69.000000
1.0000 29.0200 65.5700 1023.000000 0.000000 123.000000 69.000000
1.0100 28.6500 65.5700 1023.000000 0.000000 123.000000 69.000000
1.0200 28.2000 65.1500 1023.000000 0.000000 123.000000 69.000000
1.0300 27.7000 64.3700 1023.000000 0.000000 123.000000 69.000000
1.0400 27.2600 63.3600 1023.000000 0.000000 123.000000 69.000000
1.0500 27.0600 62.3100 1023.000000 0.000000 123.000000 69.000000
1.0600 27.0600 61.2500 1023.000000 0.000000 123.000000 69.000000
1.0700 27.2400 60.3400 1023.000000 0.000000 119.000000 68.000000
1.0800 27.5000 59.5200 1023.000000 0.000000 119.000000 68.000000
1.0900 27.8300 58.8000 1023.000000 0.000000 119.000000 68.000000
1.1000 28.1700 58.3200 1023.000000 0.000000 117.000000 69.000000
1.1100 28.3800 58.0000 1023.000000 0.000000 115.000000 69.000000
1.1200 28.5100 57.8900 1023.000000 0.000000 115.000000 69.000000
1.1300 28.6500 57.8400 1023.000000 0.000000 112.000000 70.000000
1.1400 28.7400 57.8400 1023.000000 0.000000 112.000000 70.000000
1.1500 28.7900 57.7900 1023.000000 0.000000 110.000000 70.000000
1.1600 28.8400 57.7900 1023.000000 0.000000 110.000000 70.000000
1.1700 28.8900 57.7900 1023.000000 0.000000 110.000000 70.000000
1.1800 28.8900 57.7900 1023.000000 0.000000 110.000000 70.000000
1.1900 28.9600 57.7900 1023.000000 0.000000 110.000000 70.000000
1.2000 28.9600 57.8400 1023.000000 0.000000 110.000000 70.000000
1.2100 29.0400 57.9000 1023.000000 0.000000 110.000000 70.000000
1.2200 29.1100 57.9800 1023.000000 0.000000 110.000000 70.000000
1.2300 29.1600 58.0400 1023.000000 0.000000 110.000000 70.000000
1.2400 29.1600 58.0400 1023.000000 0.000000 110.000000 70.000000
1.2500 29.1600 58.1200 1023.000000 0.000000 110.000000 70.000000
1.2600 29.2800 58.1800 1023.000000 0.000000 110.000000 70.000000
1.2700 29.4300 58.5200 1023.000000 0.000000 110.000000 70.000000
1.2800 29.7100 59.0600 1023.000000 0.000000 110.000000 70.000000
1.2900 30.1100 59.9500 1023.000000 0.000000 111.000000 71.000000
1.3000 30.5900 61.2200 1023.000000 0.000000 113.000000 71.000000
1.3100 31.1400 62.7500 1023.000000 0.000000 113.000000 71.000000
1.3200 31.7100 64.8400 1023.000000 0.000000 117.000000 71.000000
1.3300 32.0900 66.9100 1023.000000 0.000000 117.000000 71.000000
1.3400 32.3400 68.9800 1023.000000 0.000000 122.000000 71.000000
1.3500 32.2200 70.6800 1023.000000 0.000000 127.000000 70.000000
1.3600 31.8000 71.8300 1023.000000 0.000000 129.000000 70.000000
1.3700 31.1900 72.6200 1023.000000 0.000000 135.000000 69.000000
1.3800 30.6500 72.7700 1023.000000 0.000000 137.000000 69.000000
1.3900 30.3800 72.6600 1023.000000 0.000000 139.000000 68.000000
1.4000 30.2800 72.3700 1023.000000 0.000000 142.000000 68.000000
1.4100 29.9400 71.1100 1023.000000 0.000000 144.000000 67.000000
1.4200 29.8100 68.8500 1023.000000 0.000000 144.000000 67.000000
1.4300 29.8100 65.9200 1023.000000 0.000000 144.000000 67.000000
1.4400 30.2500 63.3500 1023.000000 0.000000 142.000000 68.000000
1.4500 30.9100 61.3300 1023.000000 0.000000 139.000000 68.000000
1.4600 31.7100 59.6700 1023.000000 0.000000 137.000000 69.000000
1.4700 32.4100 58.2900 1023.000000 0.000000 133.000000 70.000000
1.4800 33.1200 57.3000 1023.000000 0.000000 128.000000 71.000000
1.4900 33.5800 56.5600 1023.000000 0.000000 122.000000 71.000000
1.5000 33.8700 56.4700 1023.000000 0.000000 118.000000 73.000000
1.5100 34.0300 56.4700 1023.000000 0.000000 115.000000 74.000000
1.5200 34.1000 56.5200 1023.000000 0.000000 111.000000 74.000000
1.5300 34.1000 56.6300 1023.000000 0.000000 108.000000 74.000000
1.5400 34.1000 57.0400 1023.000000 0.000000 105.000000 75.000000
1.5500 33.9400 57.6400 1023.000000 0.000000 105.000000 75.000000
1.5600 33.7600 58.1400 638.000000 0.000000 105.000000 75.000000
1.5700 33.7600 58.1400 0.000000 1.000000 105.000000 75.000000
1.5800 33.0400 58.9500 0.000000 0.000000 105.000000 75.000000
1.5900 32.6100 59.2000 0.000000 0.000000 108.000000 74.000000
1.6000 32.3100 59.5100 0.000000 0.000000 108.000000 74.000000
1.6100 32.0500 59.9500 0.000000 0.000000 110.000000 73.000000
1.6200 31.7600 60.4900 0.000000 0.000000 110.000000 73.000000
1.6300 31.4200 60.9700 0.000000 0.000000 109.000000 72.000000
1.6400 30.8700 61.4500 0.000000 0.000000 112.000000 72.000000
1.6500 30.2300 61.7500 0.000000 0.000000 111.000000 71.000000
1.6600 29.5300 61.9500 0.000000 0.000000 112.000000 70.000000
1.6700 28.8600 62.1000 0.000000 0.000000 112.000000 70.000000
1.6800 28.1600 62.2400 0.000000 0.000000 114.000000 68.000000
1.6900 27.4500 62.3500 0.000000 0.000000 116.000000 68.000000
1.7000 26.6200 62.5400 0.000000 0.000000 116.000000 68.000000
1.7100 26.0100 62.7800 0.000000 0.000000 118.000000 68.000000
1.7200 25.5400 63.1600 0.000000 0.000000 118.000000 68.000000
1.7300 25.2800 63.5300 0.000000 0.000000 122.000000 68.000000
1.7400 25.0400 63.8900 0.000000 0.000000 123.000000 69.000000
1.7500 24.8100 64.0500 0.000000 0.000000 125.000000 70.000000
1.7600 24.5900 64.1500 0.000000 0.000000 129.000000 70.000000
1.7700 24.3800 64.1000 0.000000 0.000000 131.000000 71.000000
1.7800 24.2000 63.9800 0.000000 0.000000 133.000000 71.000000
1.7900 24.0400 63.7700 0.000000 0.000000 133.000000 71.000000
1.8000 23.8900 63.6300 0.000000 0.000000 133.000000 71.000000
1.8100 23.7700 63.5400 0.000000 0.000000 135.000000 71.000000
1.8200 23.7700 63.5400 0.000000 0.000000 133.000000 70.000000
1.8300 23.7700 63.5400 0.000000 0.000000 133.000000 70.000000
1.8400 23.3400 63.7800 0.000000 0.000000 133.000000 70.000000
1.8500 23.0800 63.8700 0.000000 0.000000 131.000000 69.000000
1.8600 22.6700 63.9300 0.000000 0.000000 131.000000 69.000000
1.8700 22.2600 63.9300 0.000000 0.000000 131.000000 69.000000
1.8800 21.8600 63.9300 0.000000 0.000000 131.000000 69.000000
1.8900 21.6300 64.1200 0.000000 0.000000 131.000000 69.000000
1.9000 21.5400 64.3400 0.000000 0.000000 131.000000 69.000000
1.9100 21.5400 64.7200 0.000000 0.000000 129.000000 68.000000
1.9200 21.5400 65.2800 0.000000 0.000000 129.000000 68.000000
1.9300 21.5400 65.9700 0.000000 0.000000 129.000000 68.000000
1.9400 21.5400 66.8400 0.000000 0.000000 129.000000 68.000000
1.9500 21.5400 66.8400 51.000000 1.000000 131.000000 69.000000
1.9600 21.3000 69.3400 515.000000 0.000000 131.000000 69.000000
1.9700 21.1500 70.4000 700.000000 0.000000 133.000000 69.000000
1.9800 21.0100 70.8700 855.000000 0.000000 133.000000 69.000000
1.9900 21.0100 70.9400 893.000000 0.000000 135.000000 68.000000
2.0000 21.0100 70.8200 974.000000 0.000000 135.000000 68.000000
2.0100 21.2600 69.9400 1014.000000 0.000000 137.000000 67.000000
2.0200 21.6000 68.5600 1023.000000 0.000000 137.000000 67.000000
2.0300 22.1100 66.9800 1023.000000 0.000000 137.000000 67.000000
2.0400 22.6200 65.6300 1023.000000 0.000000 137.000000 67.000000
2.0500 23.1100 64.4300 1023.000000 0.000000 137.000000 69.000000
2.0600 23.4100 63.5600 1023.000000 0.000000 135.000000 69.000000
2.0700 23.5900 63.0000 1023.000000 0.000000 133.000000 70.000000
2.0800 23.7400 62.6400 1023.000000 0.000000 133.000000 70.000000
2.0900 23.7400 62.5200 1023.000000 0.000000 131.000000 71.000000
2.1000 23.6100 62.3400 1023.000000 0.000000 131.000000 71.000000
2.1100 23.6100 62.1500 1023.000000 0.000000 131.000000 71.000000
2.1200 23.6100 61.9800 1023.000000 0.000000 128.000000 71.000000
2.1300 23.6100 61.7900 1023.000000 0.000000 128.000000 71.000000
2.1400 23.6600 61.6300 1023.000000 0.000000 128.000000 71.000000
2.1500 23.6600 61.5300 1023.000000 0.000000 128.000000 71.000000
2.1600 23.7400 61.4700 1023.000000 0.000000 128.000000 71.000000
2.1700 23.8000 61.3600 1023.000000 0.000000 128.000000 71.000000
2.1800 23.8000 61.3600 1023.000000 0.000000 128.000000 71.000000
2.1900 23.8000 61.3600 1023.000000 0.000000 128.000000 71.000000
2.2000 23.8000 61.3600 1023.000000 0.000000 126.000000 72.000000
2.2100 23.8000 61.4300 1023.000000 0.000000 126.000000 72.000000
2.2200 23.8000 61.5400 1023.000000 0.000000 126.000000 72.000000
2.2300 23.6900 61.9600 1023.000000 0.000000 126.000000 72.000000
2.2400 23.6900 62.5400 1023.000000 0.000000 126.000000 72.000000
2.2500 23.9400 63.2200 1023.000000 0.000000 126.000000 72.000000
2.2600 24.2700 63.7500 1023.000000 0.000000 126.000000 72.000000
2.2700 24.7500 64.0900 1023.000000 0.000000 128.000000 71.000000
2.2800 25.2400 64.3000 1023.000000 0.000000 130.000000 72.000000
2.2900 25.7400 64.2400 1023.000000 0.000000 130.000000 72.000000
2.3000 26.1700 64.0000 1023.000000 0.000000 130.000000 72.000000
2.3100 26.5600 63.6500 1023.000000 0.000000 130.000000 72.000000
2.3200 26.8500 63.0800 1023.000000 0.000000 130.000000 72.000000
2.3300 26.8500 62.4700 1023.000000 0.000000 130.000000 72.000000
2.3400 26.6100 61.8000 1023.000000 0.000000 130.000000 72.000000
2.3500 25.8800 61.0900 1023.000000 0.000000 128.000000 71.000000
2.3600 25.1500 60.5800 1023.000000 0.000000 128.000000 71.000000
2.3700 24.4200 60.2000 1023.000000 0.000000 128.000000 71.000000
2.3800 23.8100 60.0100 1023.000000 0.000000 126.000000 72.000000
2.3900 23.5700 59.9400 1023.000000 0.000000 126.000000 72.000000
2.4000 23.5700 59.9400 1023.000000 0.000000 126.000000 72.000000
2.4100 23.5700 59.9400 1023.000000 0.000000 126.000000 72.000000
2.4200 23.5700 60.0300 1023.000000 0.000000 123.000000 72.000000
2.4300 23.6800 60.1200 1023.000000 0.000000 123.000000 72.000000
2.4400 23.8700 60.4700 1000.000000 0.000000 123.000000 72.000000
2.4500 24.1300 60.7600 887.000000 0.000000 123.000000 72.000000
2.4600 24.2200 60.9600 757.000000 0.000000 123.000000 72.000000
2.4700 24.2200 61.0100 649.000000 0.000000 123.000000 72.000000
2.4800 24.1600 60.9500 586.000000 0.000000 123.000000 72.000000
2.4900 24.1600 60.9000 394.000000 0.000000 123.000000 72.000000
2.5000 24.0600 60.8400 22.000000 0.000000 122.000000 71.000000
2.5100 24.0600 60.8400 0.000000 1.000000 122.000000 71.000000
2.5200 23.9800 60.8400 0.000000 0.000000 122.000000 71.000000
2.5300 24.0600 60.9300 0.000000 0.000000 120.000000 71.000000
2.5400 24.2600 61.1200 0.000000 0.000000 120.000000 71.000000
2.5500 24.5500 61.3900 0.000000 0.000000 120.000000 71.000000
2.5600 24.9000 61.6200 0.000000 0.000000 120.000000 71.000000
2.5700 25.2700 61.8300 0.000000 0.000000 122.000000 70.000000
2.5800 25.6300 62.0000 0.000000 0.000000 124.000000 71.000000
2.5900 25.9800 62.1300 0.000000 0.000000 124.000000 71.000000
2.6000 26.3100 62.2500 0.000000 0.000000 124.000000 71.000000
2.6100 26.5500 62.3900 0.000000 0.000000 126.000000 72.000000
2.6200 26.7500 62.5400 0.000000 0.000000 126.000000 72.000000
2.6300 27.0000 62.7000 0.000000 0.000000 126.000000 72.000000
2.6400 27.4600 62.8700 0.000000 0.000000 128.000000 71.000000
2.6500 28.0700 63.1600 0.000000 0.000000 128.000000 71.000000
2.6600 28.9600 63.5200 0.000000 0.000000 127.000000 70.000000
2.6700 29.7900 63.9400 0.000000 0.000000 127.000000 70.000000
2.6800 30.5900 64.2400 0.000000 0.000000 125.000000 70.000000
2.6900 31.2100 64.5200 0.000000 0.000000 127.000000 69.000000
2.7000 31.6400 64.7500 0.000000 0.000000 127.000000 69.000000
2.7100 31.9400 64.9400 0.000000 0.000000 125.000000 68.000000
2.7200 32.0300 65.0700 0.000000 0.000000 125.000000 68.000000
2.7300 31.8800 65.1200 0.000000 0.000000 125.000000 68.000000
2.7400 31.5600 65.1200 0.000000 0.000000 126.000000 67.000000
2.7500 31.1400 64.9900 0.000000 0.000000 126.000000 67.000000
2.7600 30.6100 64.8200 0.000000 0.000000 126.000000 67.000000
2.7700 30.0000 64.5700 0.000000 0.000000 126.000000 67.000000
2.7800 29.4500 64.2800 0.000000 0.000000 126.000000 67.000000
2.7900 28.9500 64.0100 0.000000 0.000000 126.000000 67.000000
2.8000 28.5500 63.8200 0.000000 0.000000 124.000000 66.000000
2.8100 28.2500 63.6900 0.000000 0.000000 124.000000 66.000000
2.8200 28.0800 63.6400 0.000000 0.000000 124.000000 66.000000
2.8300 27.9900 63.6400 0.000000 0.000000 124.000000 66.000000
2.8400 27.9000 63.6400 0.000000 0.000000 123.000000 65.000000
2.8500 27.7300 63.5100 0.000000 0.000000 123.000000 65.000000
2.8600 27.5100 63.3500 0.000000 0.000000 121.000000 66.000000
2.8700 27.1700 63.1200 0.000000 0.000000 121.000000 66.000000
2.8800 26.8500 62.8500 0.000000 0.000000 122.000000 67.000000
2.8900 26.5500 62.5700 0.000000 0.000000 122.000000 67.000000
2.9000 26.2800 62.2600 0.000000 0.000000 124.000000 67.000000
2.9100 26.0300 61.9900 0.000000 0.000000 125.000000 68.000000
2.9200 25.8200 61.7500 0.000000 0.000000 123.000000 69.000000
2.9300 25.6300 61.5600 0.000000 0.000000 125.000000 70.000000
2.9400 25.4000 61.4200 0.000000 0.000000 127.000000 70.000000
2.9500 25.1500 61.3100 0.000000 0.000000 127.000000 70.000000
2.9600 24.7500 61.1000 0.000000 0.000000 124.000000 71.000000
2.9700 24.3500 60.8800 0.000000 0.000000 124.000000 71.000000
2.9800 24.3500 60.8800 475.000000 1.000000 124.000000 71.000000
2.9900 23.7600 60.4300 667.000000 0.000000 124.000000 71.000000
3.0000 23.5800 60.3500 762.000000 0.000000 124.000000 71.000000
3.0100 23.6300 60.3500 837.000000 0.000000 122.000000 70.000000
3.0200 23.8100 60.4100 918.000000 0.000000 122.000000 70.000000
3.0300 24.4000 60.8400 994.000000 0.000000 122.000000 70.000000
3.0400 25.4300 61.5200 1023.000000 0.000000 122.000000 70.000000
3.0500 26.7500 62.4600 1023.000000 0.000000 122.000000 70.000000
3.0600 27.9100 63.0800 1023.000000 0.000000 122.000000 70.000000
3.0700 28.8600 63.4800 1023.000000 0.000000 122.000000 70.000000
3.0800 29.6600 63.7500 1023.000000 0.000000 122.000000 70.000000
3.0900 30.1000 63.8300 1023.000000 0.000000 125.000000 70.000000
3.1000 30.2300 63.7800 1023.000000 0.000000 125.000000 70.000000
3.1100 30.1500 63.7800 1023.000000 0.000000 125.000000 70.000000
3.1200 30.0900 63.7800 1023.000000 0.000000 125.000000 70.000000
3.1300 30.0900 63.7800 1023.000000 0.000000 125.000000 70.000000
3.1400 30.0400 63.7800 1023.000000 0.000000 123.000000 69.000000
3.1500 30.0400 63.7800 1023.000000 0.000000 123.000000 69.000000
3.1600 30.0400 63.7800 1023.000000 0.000000 123.000000 69.000000
3.1700 30.0400 63.7800 1023.000000 0.000000 123.000000 69.000000
3.1800 30.0400 63.7800 1023.000000 0.000000 123.000000 69.000000
3.1900 30.0400 63.7800 1023.000000 0.000000 123.000000 69.000000
3.2000 30.0400 63.7800 1023.000000 0.000000 123.000000 69.000000
3.2100 30.0400 63.7800 1023.000000 0.000000 123.000000 69.000000
3.2200 30.0400 63.7800 1023.000000 0.000000 123.000000 69.000000
3.2300 30.0400 63.7800 1023.000000 0.000000 123.000000 69.000000
3.2400 30.0400 63.7800 1023.000000 0.000000 123.000000 69.000000
3.2500 29.9700 63.7800 1023.000000 0.000000 123.000000 69.000000
3.2600 29.9700 63.7800 1023.000000 0.000000 123.000000 69.000000
3.2700 29.9700 63.7800 1023.000000 0.000000 123.000000 69.000000
3.2800 30.0200 63.7800 1023.000000 0.000000 123.000000 69.000000
3.2900 30.0200 63.7800 1023.000000 0.000000 123.000000 69.000000
3.3000 30.0200 63.7800 977.000000 0.000000 123.000000 69.000000
3.3100 30.0200 63.7800 864.000000 0.000000 123.000000 69.000000
3.3200 30.0200 63.7800 647.000000 0.000000 123.000000 69.000000
3.3300 30.0200 63.7800 134.000000 0.000000 123.000000 69.000000
3.3400 30.0200 63.7800 0.000000 1.000000 123.000000 69.000000
3.3500 29.1200 63.4300 0.000000 0.000000 123.000000 69.000000
3.3600 28.6800 63.2300 0.000000 0.000000 123.000000 69.000000
3.3700 28.3200 63.0400 0.000000 0.000000 123.000000 69.000000
3.3800 28.0800 62.9600 0.000000 0.000000 123.000000 69.000000
3.3900 27.9300 62.9600 0.000000 0.000000 123.000000 69.000000
3.4000 27.9300 62.9600 0.000000 0.000000 123.000000 69.000000
3.4100 27.9300 62.9600 0.000000 0.000000 123.000000 69.000000
3.4200 27.9800 62.9600 0.000000 0.000000 123.000000 69.000000
3.4300 28.0700 62.9600 0.000000 0.000000 123.000000 69.000000
3.4400 28.0700 62.9600 279.000000 1.000000 123.000000 69.000000
3.4500 28.3400 63.0100 474.000000 0.000000 125.000000 70.000000
3.4600 28.5000 63.0900 644.000000 0.000000 125.000000 70.000000
3.4700 28.7100 63.2000 791.000000 0.000000 122.000000 70.000000
3.4800 28.9800 63.4500 905.000000 0.000000 122.000000 70.000000
3.4900 29.2500 63.8000 947.000000 0.000000 122.000000 70.000000
3.5000 29.4800 64.4300 1023.000000 0.000000 122.000000 70.000000
3.5100 29.6800 65.3300 1023.000000 0.000000 122.000000 70.000000
3.5200 29.6800 66.4200 1023.000000 0.000000 122.000000 70.000000
3.5300 29.7500 67.9800 1023.000000 0.000000 122.000000 70.000000
3.5400 29.5900 69.5400 1012.000000 0.000000 122.000000 70.000000
3.5500 29.2900 71.1000 1012.000000 0.000000 125.000000 70.000000
3.5600 28.9600 72.0500 1014.000000 0.000000 129.000000 70.000000
3.5700 28.6400 72.5400 1014.000000 0.000000 131.000000 69.000000
3.5800 28.3400 72.7200 1021.000000 0.000000 133.000000 69.000000
3.5900 28.0700 72.5200 1023.000000 0.000000 137.000000 69.000000
3.6000 27.8300 71.6000 1023.000000 0.000000 139.000000 68.000000
3.6100 27.6700 70.2000 1021.000000 0.000000 142.000000 68.000000
3.6200 27.6700 68.2700 1023.000000 0.000000 142.000000 68.000000
3.6300 27.9100 66.7000 1023.000000 0.000000 141.000000 68.000000
3.6400 28.2900 65.3600 1023.000000 0.000000 137.000000 69.000000
3.6500 28.7600 64.3800 1023.000000 0.000000 133.000000 69.000000
3.6600 29.1500 63.6900 1023.000000 0.000000 131.000000 69.000000
3.6700 29.3900 63.1900 1020.000000 0.000000 129.000000 70.000000
3.6800 29.5600 62.8200 917.000000 0.000000 125.000000 70.000000
3.6900 29.5600 62.6400 727.000000 0.000000 122.000000 70.000000
3.7000 29.5600 62.5800 108.000000 0.000000 122.000000 70.000000
3.7100 29.5600 62.5800 0.000000 1.000000 122.000000 70.000000
3.7200 29.4100 62.8500 0.000000 0.000000 122.000000 70.000000
3.7300 29.2900 63.1700 0.000000 0.000000 122.000000 70.000000
3.7400 29.1700 63.5100 0.000000 0.000000 122.000000 70.000000
3.7500 29.1700 63.7900 0.000000 0.000000 121.000000 69.000000
3.7600 29.1700 63.9500 0.000000 0.000000 121.000000 69.000000
3.7700 29.0600 64.0200 0.000000 0.000000 119.000000 68.000000
3.7800 28.9800 64.0200 0.000000 0.000000 118.000000 68.000000
3.7900 28.8100 64.0800 0.000000 0.000000 118.000000 68.000000
3.8000 28.5700 64.1400 0.000000 0.000000 117.000000 67.000000
3.8100 28.1300 64.1400 0.000000 0.000000 118.000000 65.000000
3.8200 27.4800 64.1400 0.000000 0.000000 118.000000 65.000000
3.8300 26.6800 64.1400 0.000000 0.000000 118.000000 65.000000
3.8400 25.8900 64.1400 0.000000 0.000000 118.000000 65.000000
3.8500 25.2300 64.0800 0.000000 0.000000 119.000000 66.000000
3.8600 24.6500 64.0100 0.000000 0.000000 122.000000 67.000000
3.8700 24.0400 63.8800 0.000000 0.000000 124.000000 67.000000
3.8800 23.3900 63.7500 0.000000 0.000000 125.000000 68.000000
3.8900 22.7000 63.6900 0.000000 0.000000 125.000000 68.000000
3.9000 22.1300 63.6900 0.000000 0.000000 127.000000 69.000000
3.9100 21.5900 63.8700 0.000000 0.000000 129.000000 70.000000
3.9200 21.4200 64.2300 0.000000 0.000000 129.000000 70.000000
3.9300 21.4800 64.7100 0.000000 0.000000 129.000000 70.000000
3.9400 21.6500 65.4000 0.000000 0.000000 129.000000 70.000000
3.9500 22.0500 66.1600 0.000000 0.000000 129.000000 68.000000
3.9600 22.6000 66.9700 0.000000 0.000000 129.000000 68.000000
3.9700 23.3400 67.6500 0.000000 0.000000 131.000000 69.000000
3.9800 24.0900 68.2900 0.000000 0.000000 133.000000 69.000000
3.9900 24.5600 68.7300 0.000000 0.000000 133.000000 69.000000
4.0000 24.8500 69.0400 0.000000 0.000000 137.000000 69.000000
4.0100 24.9000 69.2500 0.000000 0.000000 137.000000 69.000000
4.0200 24.9000 69.4400 0.000000 0.000000 137.000000 69.000000
4.0300 24.9000 69.7100 0.000000 0.000000 139.000000 69.000000
4.0400 25.0500 70.0300 0.000000 0.000000 139.000000 69.000000
4.0500 25.2100 70.3100 0.000000 0.000000 139.000000 69.000000
4.0600 25.3900 70.5800 0.000000 0.000000 139.000000 69.000000
4.0700 25.7100 70.8100 0.000000 0.000000 139.000000 69.000000
4.0800 26.1300 71.0400 0.000000 0.000000 139.000000 69.000000
4.0900 26.7800 71.3200 0.000000 0.000000 141.000000 68.000000
4.1000 27.4400 71.6400 0.000000 0.000000 143.000000 69.000000
4.1100 27.4400 71.6400 173.000000 1.000000 145.000000 68.000000
4.1200 28.8100 72.5100 196.000000 0.000000 146.000000 67.000000
4.1300 29.2500 72.9200 185.000000 0.000000 146.000000 67.000000
4.1400 29.5300 73.1700 149.000000 0.000000 146.000000 67.000000
4.1500 29.7000 73.3400 51.000000 0.000000 148.000000 67.000000
4.1600 29.7000 73.3400 0.000000 1.000000 148.000000 67.000000
4.1700 30.0100 73.5600 0.000000 0.000000 146.000000 66.000000
4.1800 30.1700 73.6200 0.000000 0.000000 146.000000 66.000000
4.1900 30.3700 73.6200 0.000000 0.000000 147.000000 65.000000
4.2000 30.7800 73.4800 0.000000 0.000000 147.000000 65.000000
4.2100 31.3200 73.3300 0.000000 0.000000 147.000000 65.000000
4.2200 31.8900 73.1600 0.000000 0.000000 147.000000 65.000000
4.2300 32.4900 73.1600 0.000000 0.000000 147.000000 65.000000
4.2400 33.1700 73.1600 0.000000 0.000000 145.000000 65.000000
4.2500 33.9400 73.3900 0.000000 0.000000 145.000000 65.000000
4.2600 33.9400 73.3900 307.000000 1.000000 145.000000 65.000000
4.2700 35.1200 73.9100 561.000000 0.000000 145.000000 65.000000
4.2800 35.1200 73.9600 790.000000 0.000000 145.000000 65.000000
4.2900 34.9900 74.0200 903.000000 0.000000 145.000000 65.000000
4.3000 34.6900 74.0900 979.000000 0.000000 145.000000 65.000000
4.3100 33.8300 74.0900 1023.000000 0.000000 145.000000 65.000000
4.3200 32.2400 73.7400 1023.000000 0.000000 145.000000 65.000000
4.3300 30.1700 73.1600 1023.000000 0.000000 145.000000 65.000000
4.3400 27.7100 72.1600 1023.000000 0.000000 145.000000 65.000000
4.3500 24.7200 70.3400 1023.000000 0.000000 144.000000 66.000000
4.3600 21.3800 67.9700 1023.000000 0.000000 144.000000 66.000000
4.3700 18.2800 65.5500 1023.000000 0.000000 142.000000 66.000000
4.3800 15.9300 63.1700 1023.000000 0.000000 140.000000 67.000000
4.3900 14.0800 60.8200 1023.000000 0.000000 139.000000 68.000000
4.4000 13.5900 59.7200 1023.000000 0.000000 135.000000 68.000000
4.4100 13.9900 59.3100 1023.000000 0.000000 133.000000 69.000000
4.4200 14.9900 59.3700 1023.000000 0.000000 131.000000 69.000000
4.4300 17.2900 60.1400 1023.000000 0.000000 129.000000 70.000000
4.4400 20.5700 61.6700 1023.000000 0.000000 127.000000 70.000000
4.4500 24.5100 63.7200 1023.000000 0.000000 125.000000 70.000000
4.4600 29.2100 66.2800 1023.000000 0.000000 127.000000 70.000000
4.4700 34.3000 68.7600 1023.000000 0.000000 127.000000 70.000000
4.4800 39.6400 71.1900 1023.000000 0.000000 127.000000 70.000000
4.4900 44.0700 72.8300 1023.000000 0.000000 131.000000 71.000000
4.5000 47.6700 74.4200 1023.000000 0.000000 135.000000 71.000000
4.5100 50.7100 75.4000 1023.000000 0.000000 139.000000 71.000000
4.5200 52.5600 75.9900 1023.000000 0.000000 141.000000 70.000000
4.5300 53.3800 76.1700 1023.000000 0.000000 145.000000 70.000000
4.5400 53.5100 76.1700 1023.000000 0.000000 149.000000 69.000000
4.5500 53.4100 76.0200 1023.000000 0.000000 151.000000 68.000000
4.5600 53.3100 76.0200 1023.000000 0.000000 153.000000 69.000000
4.5700 53.2200 76.0200 1023.000000 0.000000 153.000000 69.000000
4.5800 53.1200 76.1000 1023.000000 0.000000 153.000000 69.000000
4.5900 53.1200 76.1000 1023.000000 0.000000 153.000000 69.000000
4.6000 53.1200 76.1000 1023.000000 0.000000 153.000000 69.000000
4.6100 53.1200 76.1000 1023.000000 0.000000 153.000000 69.000000
4.6200 53.2000 76.1000 1023.000000 0.000000 153.000000 69.000000
4.6300 53.2000 76.1000 1023.000000 0.000000 153.000000 69.000000
4.6400 53.2000 76.1600 1023.000000 0.000000 153.000000 69.000000
4.6500 53.3000 76.2500 832.000000 0.000000 153.000000 69.000000
