0.0000 51.9100 76.3000 203.000000 1.000000 135.000000 63.000000
0.0100 51.7000 76.0100 269.000000 0.000000 135.000000 63.000000
0.0200 51.4600 75.9500 282.000000 0.000000 137.000000 63.000000
0.0300 51.3000 75.8200 307.000000 0.000000 137.000000 63.000000
0.0400 51.1700 75.7700 353.000000 0.000000 135.000000 64.000000
0.0500 51.1700 75.7700 455.000000 0.000000 135.000000 64.000000
0.0600 51.2600 75.7700 530.000000 0.000000 135.000000 64.000000
0.0700 51.3400 75.9500 591.000000 0.000000 135.000000 64.000000
0.0800 51.7300 76.1800 611.000000 0.000000 135.000000 64.000000
0.0900 52.3300 77.1200 638.000000 0.000000 135.000000 64.000000
0.1000 53.2700 78.4000 658.000000 0.000000 135.000000 64.000000
0.1100 54.1400 79.9000 653.000000 0.000000 135.000000 64.000000
0.1200 54.9600 81.4300 662.000000 0.000000 135.000000 64.000000
0.1300 55.7700 83.2300 666.000000 0.000000 135.000000 64.000000
0.1400 56.5700 85.2100 664.000000 0.000000 135.000000 64.000000
0.1500 57.2500 87.1100 667.000000 0.000000 137.000000 65.000000
0.1600 57.8500 88.3600 672.000000 0.000000 138.000000 64.000000
0.1700 58.1500 89.1800 676.000000 0.000000 140.000000 65.000000
0.1800 58.2700 89.3700 673.000000 0.000000 141.000000 64.000000
0.1900 58.2700 89.2500 684.000000 0.000000 143.000000 63.000000
0.2000 58.2700 88.9200 697.000000 0.000000 145.000000 64.000000
0.2100 58.1400 87.9400 719.000000 0.000000 145.000000 64.000000
0.2200 57.8700 86.4100 731.000000 0.000000 146.000000 63.000000
0.2300 57.5200 84.5200 728.000000 0.000000 146.000000 63.000000
0.2400 57.1900 82.3900 731.000000 0.000000 145.000000 64.000000
0.2500 57.1300 80.8000 739.000000 0.000000 145.000000 64.000000
0.2600 57.2400 79.5600 749.000000 0.000000 143.000000 63.000000
0.2700 57.3300 78.6800 754.000000 0.000000 141.000000 64.000000
0.2800 57.5300 78.1700 754.000000 0.000000 141.000000 64.000000
0.2900 57.7900 77.9200 748.000000 0.000000 141.000000 64.000000
0.3000 57.7900 77.8300 745.000000 0.000000 140.000000 65.000000
0.3100 57.7100 77.9200 740.000000 0.000000 140.000000 65.000000
0.3200 57.4900 78.1400 733.000000 0.000000 140.000000 65.000000
0.3300 56.8100 78.6800 727.000000 0.000000 140.000000 65.000000
0.3400 55.7900 79.4000 725.000000 0.000000 140.000000 65.000000
0.3500 54.5500 80.2300 760.000000 0.000000 141.000000 64.000000
0.3600 53.0100 80.8600 809.000000 0.000000 141.000000 64.000000
0.3700 51.3700 81.4400 828.000000 0.000000 141.000000 64.000000
0.3800 49.6500 81.7500 870.000000 0.000000 141.000000 64.000000
0.3900 48.6100 81.9000 896.000000 0.000000 141.000000 64.000000
0.4000 48.1300 81.8300 917.000000 0.000000 143.000000 63.000000
0.4100 48.0200 81.7500 948.000000 0.000000 143.000000 63.000000
0.4200 49.2600 81.9900 949.000000 0.000000 141.000000 63.000000
0.4300 52.0000 82.4600 952.000000 0.000000 141.000000 63.000000
0.4400 55.7400 83.7300 941.000000 0.000000 141.000000 63.000000
0.4500 61.0000 84.9800 796.000000 0.000000 141.000000 63.000000
0.4600 66.6000 86.2300 90.000000 0.000000 141.000000 64.000000
0.4700 66.6000 86.2300 0.000000 1.000000 143.000000 64.000000
0.4800 76.8500 88.4900 0.000000 0.000000 145.000000 65.000000
0.4900 79.9600 89.4500 0.000000 0.000000 146.000000 66.000000
0.5000 82.1900 90.3800 0.000000 0.000000 148.000000 67.000000
0.5100 83.6300 91.1800 0.000000 0.000000 146.000000 67.000000
0.5200 83.9800 91.9600 0.000000 0.000000 146.000000 67.000000
0.5300 83.6000 92.5400 0.000000 0.000000 146.000000 67.000000
0.5400 82.7400 93.0100 0.000000 0.000000 146.000000 67.000000
0.5500 81.3100 93.2800 0.000000 0.000000 146.000000 67.000000
0.5600 79.5100 93.4400 0.000000 0.000000 146.000000 67.000000
0.5700 75.6200 93.5200 0.000000 0.000000 146.000000 67.000000
0.5800 72.9600 93.6600 0.000000 0.000000 148.000000 67.000000
0.5900 71.1300 93.1300 0.000000 0.000000 148.000000 67.000000
0.6000 70.7900 92.1600 0.000000 0.000000 148.000000 67.000000
0.6100 69.9200 90.5100 0.000000 0.000000 148.000000 67.000000
0.6200 68.7000 88.6600 0.000000 0.000000 148.000000 67.000000
0.6300 68.0100 86.6700 0.000000 0.000000 148.000000 67.000000
0.6400 67.1700 85.5700 0.000000 0.000000 150.000000 67.000000
0.6500 66.2200 84.5700 0.000000 0.000000 150.000000 67.000000
0.6600 65.3000 83.6300 0.000000 0.000000 151.000000 66.000000
0.6700 64.4300 82.9500 0.000000 0.000000 151.000000 66.000000
0.6800 63.6700 82.3700 0.000000 0.000000 151.000000 66.000000
0.6900 62.9300 81.8600 0.000000 0.000000 151.000000 66.000000
0.7000 62.3800 81.5400 0.000000 0.000000 151.000000 66.000000
0.7100 61.9400 81.3700 0.000000 0.000000 150.000000 67.000000
0.7200 61.4400 81.3100 0.000000 0.000000 146.000000 67.000000
0.7300 61.1000 81.1700 0.000000 0.000000 142.000000 68.000000
0.7400 61.0000 81.0800 0.000000 0.000000 137.000000 67.000000
0.7500 61.0700 81.0300 0.000000 0.000000 133.000000 67.000000
0.7600 61.2600 80.9500 0.000000 0.000000 128.000000 66.000000
0.7700 61.4100 80.8500 0.000000 0.000000 124.000000 66.000000
0.7800 61.4100 80.7500 0.000000 0.000000 120.000000 65.000000
0.7900 61.4100 80.6700 0.000000 0.000000 119.000000 64.000000
0.8000 61.5100 80.6700 0.000000 0.000000 117.000000 63.000000
0.8100 61.2700 80.7200 0.000000 0.000000 117.000000 63.000000
0.8200 60.7900 80.8800 0.000000 0.000000 117.000000 63.000000
0.8300 60.5100 80.9700 0.000000 0.000000 117.000000 63.000000
0.8400 60.3500 81.1100 0.000000 0.000000 119.000000 63.000000
0.8500 60.2800 81.2800 0.000000 0.000000 119.000000 63.000000
0.8600 60.2800 81.4400 0.000000 0.000000 119.000000 63.000000
0.8700 60.2800 81.6600 0.000000 0.000000 121.000000 63.000000
0.8800 60.2800 81.9300 0.000000 0.000000 121.000000 63.000000
0.8900 60.3300 82.2800 0.000000 0.000000 121.000000 63.000000
0.9000 60.4200 82.7500 0.000000 0.000000 123.000000 62.000000
0.9100 60.5000 83.3100 0.000000 0.000000 123.000000 62.000000
0.9200 60.5500 83.8900 0.000000 0.000000 124.000000 62.000000
0.9300 60.6300 84.5400 0.000000 0.000000 127.000000 62.000000
0.9400 60.7000 85.2500 0.000000 0.000000 129.000000 61.000000
0.9500 60.7800 85.9500 0.000000 0.000000 129.000000 61.000000
0.9600 60.8500 86.7000 0.000000 0.000000 131.000000 61.000000
0.9700 60.9000 87.4900 0.000000 0.000000 132.000000 60.000000
0.9800 60.9800 88.2200 0.000000 0.000000 132.000000 60.000000
0.9900 61.0900 88.6000 0.000000 0.000000 134.000000 61.000000
1.0000 61.2500 88.7400 0.000000 0.000000 135.000000 60.000000
1.0100 61.2500 88.7400 223.000000 1.000000 135.000000 60.000000
1.0200 61.2200 88.4800 235.000000 0.000000 135.000000 62.000000
1.0300 60.7000 88.3300 279.000000 0.000000 137.000000 62.000000
1.0400 60.5100 87.8500 392.000000 0.000000 137.000000 62.000000
1.0500 60.3400 87.0800 491.000000 0.000000 137.000000 63.000000
1.0600 60.1800 86.1300 574.000000 0.000000 137.000000 63.000000
1.0700 59.9900 84.9900 614.000000 0.000000 138.000000 64.000000
1.0800 59.8200 83.7400 643.000000 0.000000 138.000000 64.000000
1.0900 59.6600 82.4300 668.000000 0.000000 138.000000 64.000000
1.1000 59.5800 81.5000 676.000000 0.000000 138.000000 64.000000
1.1100 59.4400 80.8400 700.000000 0.000000 138.000000 64.000000
1.1200 59.2600 80.3700 716.000000 0.000000 138.000000 64.000000
1.1300 59.1500 80.0000 730.000000 0.000000 138.000000 64.000000
1.1400 59.1500 80.0000 720.000000 0.000000 138.000000 64.000000
1.1500 59.2200 80.2900 730.000000 0.000000 138.000000 64.000000
1.1600 59.2200 80.4100 700.000000 0.000000 138.000000 64.000000
1.1700 59.4300 80.9100 691.000000 0.000000 138.000000 64.000000
1.1800 59.8100 81.6700 702.000000 0.000000 138.000000 64.000000
1.1900 60.3400 82.2300 699.000000 0.000000 138.000000 64.000000
1.2000 60.7500 82.5600 699.000000 0.000000 138.000000 64.000000
1.2100 61.0000 82.7400 700.000000 0.000000 138.000000 64.000000
1.2200 61.1500 82.6800 702.000000 0.000000 138.000000 64.000000
1.2300 61.1500 82.5800 702.000000 0.000000 138.000000 64.000000
1.2400 61.0900 82.3800 700.000000 0.000000 140.000000 63.000000
1.2500 60.9000 81.9000 690.000000 0.000000 140.000000 63.000000
1.2600 60.5300 81.2500 696.000000 0.000000 140.000000 63.000000
1.2700 59.9900 80.4500 707.000000 0.000000 140.000000 63.000000
1.2800 59.3300 79.6400 711.000000 0.000000 138.000000 64.000000
1.2900 58.6800 78.9800 725.000000 0.000000 138.000000 64.000000
1.3000 58.1100 78.4400 730.000000 0.000000 138.000000 64.000000
1.3100 57.6700 78.1500 722.000000 0.000000 138.000000 64.000000
1.3200 57.5700 78.1500 722.000000 0.000000 137.000000 63.000000
1.3300 57.7000 78.4200 710.000000 0.000000 137.000000 63.000000
1.3400 58.0100 78.5900 700.000000 0.000000 135.000000 63.000000
1.3500 58.6600 79.4000 662.000000 0.000000 135.000000 63.000000
1.3600 59.5300 80.6500 638.000000 0.000000 135.000000 63.000000
1.3700 60.3300 81.3800 627.000000 0.000000 135.000000 63.000000
1.3800 61.0900 82.1000 619.000000 0.000000 135.000000 63.000000
1.3900 61.5100 82.5800 620.000000 0.000000 137.000000 63.000000
1.4000 61.7000 82.9200 622.000000 0.000000 137.000000 63.000000
1.4100 61.8000 83.0500 633.000000 0.000000 138.000000 63.000000
1.4200 61.8000 83.0500 644.000000 0.000000 140.000000 63.000000
1.4300 61.7100 82.9200 645.000000 0.000000 140.000000 63.000000
1.4400 61.4900 82.5500 652.000000 0.000000 140.000000 63.000000
1.4500 61.1800 81.9100 664.000000 0.000000 140.000000 63.000000
1.4600 60.8000 81.1000 693.000000 0.000000 140.000000 63.000000
1.4700 60.5100 80.2400 691.000000 0.000000 138.000000 64.000000
1.4800 60.1900 79.6600 716.000000 0.000000 138.000000 64.000000
1.4900 60.1200 79.2800 716.000000 0.000000 138.000000 64.000000
1.5000 60.2100 79.1400 716.000000 0.000000 137.000000 65.000000
1.5100 60.3300 79.2100 724.000000 0.000000 137.000000 65.000000
1.5200 60.7200 79.4300 722.000000 0.000000 137.000000 65.000000
1.5300 61.3000 80.4100 708.000000 0.000000 135.000000 65.000000
1.5400 62.0200 81.3600 703.000000 0.000000 133.000000 65.000000
1.5500 62.7000 82.2300 691.000000 0.000000 133.000000 65.000000
1.5600 63.1800 83.0400 690.000000 0.000000 133.000000 65.000000
1.5700 63.5500 83.5500 716.000000 0.000000 135.000000 64.000000
1.5800 63.5500 83.8500 727.000000 0.000000 135.000000 64.000000
1.5900 63.5000 83.8000 757.000000 0.000000 135.000000 64.000000
1.6000 63.3200 83.2900 773.000000 0.000000 137.000000 63.000000
1.6100 63.0200 82.4800 787.000000 0.000000 135.000000 63.000000
1.6200 62.7200 81.2900 800.000000 0.000000 135.000000 63.000000
1.6300 62.4200 80.5500 808.000000 0.000000 135.000000 63.000000
1.6400 62.6100 80.1100 805.000000 0.000000 133.000000 63.000000
1.6500 63.1500 80.1100 796.000000 0.000000 133.000000 63.000000
1.6600 63.9100 80.6700 757.000000 0.000000 133.000000 63.000000
1.6700 65.3300 81.6300 733.000000 0.000000 133.000000 63.000000
1.6800 66.7800 83.0700 670.000000 0.000000 133.000000 63.000000
1.6900 67.8600 84.5000 616.000000 0.000000 135.000000 64.000000
1.7000 68.6700 86.1500 600.000000 0.000000 135.000000 64.000000
1.7100 68.8300 87.9500 647.000000 0.000000 137.000000 65.000000
1.7200 68.4200 88.5300 707.000000 0.000000 137.000000 65.000000
1.7300 67.6200 88.3600 742.000000 0.000000 138.000000 65.000000
1.7400 66.6700 87.7000 760.000000 0.000000 138.000000 65.000000
1.7500 65.7500 86.1600 697.000000 0.000000 138.000000 65.000000
1.7600 65.0600 84.0800 461.000000 0.000000 138.000000 65.000000
1.7700 65.0600 84.0800 0.000000 1.000000 138.000000 65.000000
1.7800 64.8800 80.3200 0.000000 0.000000 135.000000 65.000000
1.7900 65.5900 80.0500 0.000000 0.000000 135.000000 65.000000
1.8000 66.5300 80.4900 0.000000 0.000000 133.000000 66.000000
1.8100 67.4100 81.3200 0.000000 0.000000 133.000000 66.000000
1.8200 68.1300 82.3600 0.000000 0.000000 131.000000 67.000000
1.8300 68.7300 83.5300 0.000000 0.000000 131.000000 67.000000
1.8400 69.1800 84.8000 0.000000 0.000000 131.000000 67.000000
1.8500 69.5400 86.1900 0.000000 0.000000 131.000000 67.000000
1.8600 69.8300 87.6500 0.000000 0.000000 131.000000 67.000000
1.8700 69.8300 87.6500 0.000000 0.000000 131.000000 67.000000
1.8800 69.5200 85.6800 0.000000 0.000000 131.000000 71.000000
1.8900 69.5200 85.6800 0.000000 0.000000 132.000000 74.000000
1.9000 69.3400 85.4800 0.000000 0.000000 135.000000 77.000000
1.9100 69.0300 85.1400 0.000000 0.000000 135.000000 80.000000
1.9200 68.6700 84.8800 0.000000 0.000000 135.000000 80.000000
1.9300 68.3100 84.6900 0.000000 0.000000 139.000000 81.000000
1.9400 67.9500 84.5400 0.000000 0.000000 139.000000 81.000000
1.9500 67.7500 84.8100 0.000000 0.000000 146.000000 79.000000
1.9600 67.5900 84.8100 0.000000 0.000000 154.000000 79.000000
1.9700 67.4400 84.6700 0.000000 0.000000 158.000000 77.000000
1.9800 67.2700 84.6700 0.000000 0.000000 161.000000 75.000000
1.9900 67.2200 84.6200 0.000000 0.000000 163.000000 73.000000
2.0000 67.2200 84.6200 0.000000 0.000000 165.000000 71.000000
2.0100 67.2200 84.3700 0.000000 0.000000 166.000000 69.000000
2.0200 67.1500 84.4500 0.000000 0.000000 167.000000 69.000000
2.0300 67.1000 84.7600 0.000000 0.000000 165.000000 68.000000
2.0400 67.0500 84.9400 0.000000 0.000000 163.000000 67.000000
2.0500 67.0500 85.2100 0.000000 0.000000 161.000000 67.000000
2.0600 67.1300 85.5500 0.000000 0.000000 158.000000 67.000000
2.0700 67.2100 85.9200 0.000000 0.000000 158.000000 67.000000
2.0800 67.3100 86.3900 0.000000 0.000000 158.000000 67.000000
2.0900 67.4500 86.9400 0.000000 0.000000 155.000000 67.000000
2.1000 67.6100 87.6100 0.000000 0.000000 156.000000 66.000000
2.1100 67.8000 88.3800 0.000000 0.000000 156.000000 66.000000
2.1200 68.0000 89.2100 0.000000 0.000000 154.000000 66.000000
2.1300 68.0000 89.2100 448.000000 1.000000 154.000000 66.000000
2.1400 68.2700 90.0200 447.000000 0.000000 154.000000 66.000000
2.1500 68.0300 90.0800 442.000000 0.000000 152.000000 65.000000
2.1600 68.0300 89.9400 467.000000 0.000000 152.000000 65.000000
2.1700 68.1100 89.2400 565.000000 0.000000 151.000000 64.000000
2.1800 67.8000 88.1600 631.000000 0.000000 150.000000 65.000000
2.1900 67.2500 86.7900 663.000000 0.000000 150.000000 65.000000
2.2000 66.4500 85.1200 702.000000 0.000000 148.000000 65.000000
2.2100 65.7100 83.2500 700.000000 0.000000 147.000000 65.000000
2.2200 64.6600 81.6600 722.000000 0.000000 145.000000 65.000000
2.2300 63.3800 80.3900 758.000000 0.000000 144.000000 66.000000
2.2400 61.9000 79.3300 785.000000 0.000000 140.000000 66.000000
2.2500 60.4300 78.4500 788.000000 0.000000 140.000000 66.000000
2.2600 58.7400 77.9000 794.000000 0.000000 137.000000 66.000000
2.2700 56.9100 77.5700 791.000000 0.000000 137.000000 66.000000
2.2800 55.5100 77.4400 783.000000 0.000000 133.000000 66.000000
2.2900 54.7400 77.7200 746.000000 0.000000 133.000000 66.000000
2.3000 54.4000 78.2700 716.000000 0.000000 133.000000 66.000000
2.3100 54.4600 79.4700 694.000000 0.000000 132.000000 65.000000
2.3200 55.0900 81.0500 697.000000 0.000000 132.000000 65.000000
2.3300 56.1000 82.8900 676.000000 0.000000 133.000000 65.000000
2.3400 57.5300 84.2200 684.000000 0.000000 133.000000 65.000000
2.3500 58.9300 85.0800 699.000000 0.000000 135.000000 64.000000
2.3600 60.3100 85.6200 707.000000 0.000000 137.000000 65.000000
2.3700 61.4800 85.6700 703.000000 0.000000 137.000000 65.000000
2.3800 62.4300 85.4200 694.000000 0.000000 140.000000 65.000000
2.3900 63.2300 84.9800 700.000000 0.000000 140.000000 65.000000
2.4000 63.7000 84.2700 688.000000 0.000000 140.000000 65.000000
2.4100 63.7000 83.5300 666.000000 0.000000 140.000000 65.000000
2.4200 63.3100 82.5300 670.000000 0.000000 140.000000 65.000000
2.4300 62.1800 81.3700 667.000000 0.000000 140.000000 65.000000
2.4400 60.6800 80.3100 691.000000 0.000000 140.000000 65.000000
2.4500 58.9200 79.2900 728.000000 0.000000 138.000000 65.000000
2.4600 56.7900 78.3100 734.000000 0.000000 138.000000 65.000000
2.4700 54.6900 77.5800 758.000000 0.000000 138.000000 65.000000
2.4800 52.9800 76.9200 722.000000 0.000000 137.000000 66.000000
2.4900 51.5100 76.3200 763.000000 0.000000 137.000000 66.000000
2.5000 50.4900 76.1000 762.000000 0.000000 135.000000 65.000000
2.5100 50.0800 76.3200 759.000000 0.000000 135.000000 65.000000
2.5200 50.0800 76.8300 759.000000 0.000000 135.000000 65.000000
2.5300 50.5600 78.1400 762.000000 0.000000 133.000000 65.000000
2.5400 52.0400 79.8200 773.000000 0.000000 133.000000 65.000000
2.5500 54.1800 81.7400 788.000000 0.000000 133.000000 65.000000
2.5600 57.1300 83.1300 783.000000 0.000000 133.000000 65.000000
2.5700 60.6400 84.1700 797.000000 0.000000 135.000000 65.000000
2.5800 64.5300 84.9900 782.000000 0.000000 137.000000 65.000000
2.5900 68.3900 85.3700 755.000000 0.000000 138.000000 65.000000
2.6000 72.0900 85.3700 697.000000 0.000000 140.000000 66.000000
2.6100 75.6700 85.1500 581.000000 0.000000 142.000000 66.000000
2.6200 79.3200 84.9300 148.000000 0.000000 142.000000 68.000000
