0.0000 91.5900 73.5000 348.000000 1.000000 113.000000 57.000000
0.0100 92.1900 74.2200 367.000000 0.000000 113.000000 56.000000
0.0200 92.2700 74.0800 394.000000 0.000000 115.000000 55.000000
0.0300 92.2700 73.3300 439.000000 0.000000 116.000000 55.000000
0.0400 92.4300 71.8300 497.000000 0.000000 117.000000 56.000000
0.0500 92.5600 69.8200 532.000000 0.000000 117.000000 56.000000
0.0600 92.6200 67.0400 554.000000 0.000000 116.000000 56.000000
0.0700 92.6200 64.2100 602.000000 0.000000 114.000000 57.000000
0.0800 92.5400 61.3500 639.000000 0.000000 113.000000 57.000000
0.0900 92.4600 59.4200 638.000000 0.000000 111.000000 57.000000
0.1000 92.3800 58.2500 661.000000 0.000000 108.000000 58.000000
0.1100 92.2400 57.5900 673.000000 0.000000 106.000000 58.000000
0.1200 92.1000 57.5200 670.000000 0.000000 103.000000 58.000000
0.1300 91.4000 57.6700 664.000000 0.000000 102.000000 58.000000
0.1400 90.3300 57.9600 666.000000 0.000000 100.000000 59.000000
0.1500 88.7400 58.7200 666.000000 0.000000 98.000000 59.000000
0.1600 87.0000 59.6200 721.000000 0.000000 98.000000 59.000000
0.1700 85.1700 60.6200 748.000000 0.000000 98.000000 58.000000
0.1800 84.2600 61.2800 753.000000 0.000000 98.000000 58.000000
0.1900 83.9000 61.6800 750.000000 0.000000 98.000000 58.000000
0.2000 83.9000 61.9000 761.000000 0.000000 99.000000 57.000000
0.2100 83.9000 61.9000 756.000000 0.000000 101.000000 57.000000
0.2200 85.1600 62.1400 774.000000 0.000000 102.000000 56.000000
0.2300 86.7900 62.1400 797.000000 0.000000 102.000000 56.000000
0.2400 89.5300 62.2700 830.000000 0.000000 104.000000 56.000000
0.2500 92.8100 62.4400 855.000000 0.000000 104.000000 57.000000
0.2600 96.4400 62.6600 875.000000 0.000000 104.000000 57.000000
0.2700 100.7000 63.0700 870.000000 0.000000 103.000000 57.000000
0.2800 104.9400 63.6200 860.000000 0.000000 103.000000 58.000000
0.2900 109.1700 64.6300 808.000000 0.000000 102.000000 58.000000
0.3000 113.8800 65.6700 730.000000 0.000000 100.000000 59.000000
0.3100 117.6700 66.7200 518.000000 0.000000 98.000000 59.000000
0.3200 117.6700 66.7200 0.000000 1.000000 98.000000 58.000000
0.3300 123.7500 68.5100 0.000000 0.000000 96.000000 58.000000
0.3400 124.5800 69.0200 0.000000 0.000000 95.000000 58.000000
0.3500 124.0400 68.7300 0.000000 0.000000 95.000000 57.000000
0.3600 121.9700 68.2000 0.000000 0.000000 95.000000 57.000000
0.3700 119.6700 67.5100 0.000000 0.000000 94.000000 56.000000
0.3800 117.2200 67.0300 0.000000 0.000000 94.000000 56.000000
0.3900 115.2500 66.7100 0.000000 0.000000 94.000000 56.000000
0.4000 112.6800 66.5100 0.000000 0.000000 94.000000 55.000000
0.4100 109.7100 66.3600 0.000000 0.000000 94.000000 55.000000
0.4200 107.6800 66.4300 0.000000 0.000000 94.000000 55.000000
0.4300 106.1000 66.6400 0.000000 0.000000 100.000000 55.000000
0.4400 104.8100 67.1200 0.000000 0.000000 106.000000 52.000000
0.4500 103.0700 67.6700 0.000000 0.000000 112.000000 49.000000
0.4600 101.2400 68.2600 0.000000 0.000000 116.000000 45.000000
0.4700 99.3500 68.4300 0.000000 0.000000 116.000000 42.000000
0.4800 97.8100 68.2400 0.000000 0.000000 116.000000 40.000000
0.4900 96.5400 67.8000 0.000000 0.000000 116.000000 40.000000
0.5000 95.4500 67.2600 0.000000 0.000000 117.000000 39.000000
0.5100 94.4700 66.8000 0.000000 0.000000 117.000000 39.000000
0.5200 93.4000 66.4000 0.000000 0.000000 117.000000 39.000000
0.5300 92.6300 66.0700 0.000000 0.000000 117.000000 39.000000
0.5400 92.1000 65.8700 0.000000 0.000000 125.000000 44.000000
0.5500 91.8900 65.7600 0.000000 0.000000 131.000000 48.000000
0.5600 91.8300 65.7600 0.000000 0.000000 139.000000 52.000000
0.5700 91.8300 65.7100 0.000000 0.000000 145.000000 56.000000
0.5800 92.3300 65.6100 0.000000 0.000000 139.000000 57.000000
0.5900 92.9800 65.4400 0.000000 0.000000 132.000000 58.000000
0.6000 93.7500 65.2200 0.000000 0.000000 125.000000 59.000000
0.6100 94.5000 64.8600 0.000000 0.000000 118.000000 59.000000
0.6200 95.0100 64.4000 0.000000 0.000000 112.000000 58.000000
0.6300 95.3500 63.9600 0.000000 0.000000 108.000000 58.000000
0.6400 95.4100 63.7400 0.000000 0.000000 105.000000 58.000000
0.6500 95.3500 63.6700 0.000000 0.000000 103.000000 58.000000
0.6600 95.2100 63.7200 0.000000 0.000000 103.000000 58.000000
0.6700 95.1500 63.9300 0.000000 0.000000 103.000000 58.000000
0.6800 95.1500 64.2600 0.000000 0.000000 102.000000 58.000000
0.6900 95.2500 64.5300 0.000000 0.000000 102.000000 58.000000
0.7000 95.3200 64.8000 0.000000 0.000000 102.000000 59.000000
0.7100 95.4000 65.1000 0.000000 0.000000 102.000000 59.000000
0.7200 95.4800 65.4400 0.000000 0.000000 102.000000 59.000000
0.7300 95.4800 65.7000 0.000000 0.000000 102.000000 59.000000
0.7400 95.4800 65.9600 0.000000 0.000000 102.000000 59.000000
0.7500 95.3700 66.2000 0.000000 0.000000 102.000000 59.000000
0.7600 95.3000 66.4900 0.000000 0.000000 102.000000 59.000000
0.7700 95.2500 66.8100 0.000000 0.000000 102.000000 59.000000
0.7800 95.2500 67.0600 0.000000 0.000000 102.000000 59.000000
0.7900 95.2500 67.3200 0.000000 0.000000 102.000000 59.000000
0.8000 95.3500 67.5700 0.000000 0.000000 102.000000 59.000000
0.8100 95.4800 67.8200 0.000000 0.000000 104.000000 59.000000
0.8200 95.6500 68.0700 0.000000 0.000000 104.000000 59.000000
0.8300 95.8100 68.2300 0.000000 0.000000 104.000000 59.000000
0.8400 95.9400 68.0300 0.000000 0.000000 104.000000 59.000000
0.8500 96.0500 67.5800 0.000000 0.000000 104.000000 59.000000
0.8600 96.0500 66.7500 0.000000 0.000000 104.000000 59.000000
0.8700 96.0500 65.9200 0.000000 0.000000 104.000000 59.000000
0.8800 96.0000 65.1000 0.000000 0.000000 102.000000 59.000000
0.8900 96.0000 64.4500 0.000000 0.000000 102.000000 59.000000
0.9000 95.9500 63.9200 0.000000 0.000000 102.000000 59.000000
0.9100 95.9500 63.7300 0.000000 0.000000 102.000000 60.000000
0.9200 96.0100 63.7900 0.000000 0.000000 101.000000 61.000000
0.9300 96.1100 64.0200 0.000000 0.000000 101.000000 61.000000
0.9400 96.2000 64.6200 0.000000 0.000000 101.000000 61.000000
0.9500 96.3200 65.8600 0.000000 0.000000 101.000000 61.000000
0.9600 96.4800 67.5200 0.000000 0.000000 101.000000 61.000000
0.9700 96.7000 69.6900 0.000000 0.000000 101.000000 61.000000
0.9800 96.9500 71.8400 0.000000 0.000000 102.000000 60.000000
0.9900 97.4200 73.4900 0.000000 0.000000 104.000000 59.000000
1.0000 97.4200 73.4900 412.000000 1.000000 105.000000 59.000000
1.0100 98.1300 75.1600 414.000000 0.000000 107.000000 59.000000
1.0200 98.1300 75.1000 483.000000 0.000000 109.000000 59.000000
1.0300 98.1300 74.7800 564.000000 0.000000 110.000000 58.000000
1.0400 98.1300 73.9000 620.000000 0.000000 112.000000 58.000000
1.0500 98.0600 71.9700 670.000000 0.000000 113.000000 58.000000
1.0600 97.9900 69.3300 694.000000 0.000000 113.000000 58.000000
1.0700 97.7900 65.9800 687.000000 0.000000 113.000000 58.000000
1.0800 97.5700 62.2400 666.000000 0.000000 113.000000 59.000000
1.0900 97.3400 58.2300 619.000000 0.000000 111.000000 59.000000
1.1000 97.1800 55.5700 510.000000 0.000000 108.000000 60.000000
1.1100 97.2800 53.8200 39.000000 0.000000 104.000000 60.000000
1.1200 97.2800 53.8200 0.000000 1.000000 99.000000 61.000000
1.1300 97.9200 52.6300 0.000000 0.000000 95.000000 61.000000
1.1400 98.0900 53.5500 0.000000 0.000000 94.000000 62.000000
1.1500 98.1400 55.1300 0.000000 0.000000 90.000000 62.000000
1.1600 97.9800 57.2000 0.000000 0.000000 90.000000 62.000000
1.1700 97.9800 59.4600 0.000000 0.000000 90.000000 63.000000
1.1800 98.0900 61.8600 0.000000 0.000000 90.000000 63.000000
1.1900 98.2400 63.4200 0.000000 0.000000 92.000000 64.000000
1.2000 98.2400 64.3800 0.000000 0.000000 96.000000 65.000000
1.2100 98.0700 64.9400 0.000000 0.000000 99.000000 65.000000
1.2200 97.7300 65.2500 0.000000 0.000000 103.000000 64.000000
1.2300 97.1600 65.3800 0.000000 0.000000 105.000000 64.000000
1.2400 96.3500 65.3800 0.000000 0.000000 107.000000 64.000000
1.2500 95.3800 65.3800 0.000000 0.000000 108.000000 63.000000
1.2600 94.2900 65.4600 0.000000 0.000000 110.000000 63.000000
1.2700 93.2200 65.6300 0.000000 0.000000 109.000000 62.000000
1.2800 92.3500 65.6800 0.000000 0.000000 109.000000 60.000000
1.2900 91.6000 65.5600 0.000000 0.000000 109.000000 59.000000
1.3000 91.0500 65.3300 0.000000 0.000000 106.000000 58.000000
1.3100 90.6700 65.1100 0.000000 0.000000 106.000000 58.000000
1.3200 90.6700 65.1100 501.000000 1.000000 106.000000 58.000000
1.3300 90.4000 64.8300 541.000000 0.000000 105.000000 58.000000
1.3400 90.4000 64.8300 546.000000 0.000000 105.000000 58.000000
1.3500 90.3300 64.9500 645.000000 0.000000 103.000000 58.000000
1.3600 91.0900 65.1500 679.000000 0.000000 103.000000 57.000000
1.3700 92.3200 65.4400 705.000000 0.000000 103.000000 57.000000
1.3800 93.8700 65.7000 699.000000 0.000000 101.000000 58.000000
1.3900 95.6500 65.9500 664.000000 0.000000 101.000000 58.000000
1.4000 97.5700 66.1800 515.000000 0.000000 100.000000 58.000000
1.4100 99.5800 66.1800 117.000000 0.000000 100.000000 58.000000
1.4200 99.5800 66.1800 0.000000 1.000000 100.000000 58.000000
1.4300 103.0600 65.9400 0.000000 0.000000 100.000000 58.000000
1.4400 104.5100 66.0500 0.000000 0.000000 100.000000 59.000000
1.4500 105.7500 66.3100 0.000000 0.000000 100.000000 59.000000
1.4600 107.1700 66.8400 0.000000 0.000000 100.000000 59.000000
1.4700 108.0600 67.3700 0.000000 0.000000 102.000000 58.000000
1.4800 108.6000 67.9100 0.000000 0.000000 104.000000 59.000000
1.4900 108.7700 68.2900 0.000000 0.000000 107.000000 59.000000
1.5000 108.7700 68.4800 0.000000 0.000000 109.000000 60.000000
1.5100 108.6700 68.5400 0.000000 0.000000 113.000000 60.000000
1.5200 108.0300 68.3900 0.000000 0.000000 118.000000 60.000000
1.5300 107.3200 68.2400 0.000000 0.000000 121.000000 59.000000
1.5400 106.5600 67.9400 0.000000 0.000000 124.000000 58.000000
1.5500 105.7600 67.5400 0.000000 0.000000 126.000000 58.000000
1.5600 104.9200 67.0200 0.000000 0.000000 124.000000 57.000000
1.5700 104.0400 66.4900 0.000000 0.000000 123.000000 56.000000
1.5800 103.2600 66.0200 0.000000 0.000000 120.000000 55.000000
1.5900 102.5300 65.6000 0.000000 0.000000 117.000000 55.000000
1.6000 101.9200 65.2700 0.000000 0.000000 113.000000 54.000000
1.6100 101.4000 64.8900 0.000000 0.000000 111.000000 53.000000
1.6200 101.0600 64.5000 0.000000 0.000000 108.000000 54.000000
1.6300 100.8500 64.1200 0.000000 0.000000 106.000000 54.000000
1.6400 100.9000 63.8500 0.000000 0.000000 104.000000 54.000000
1.6500 100.9900 63.7000 0.000000 0.000000 103.000000 55.000000
1.6600 101.0400 63.6300 0.000000 0.000000 103.000000 55.000000
1.6700 101.0400 63.6300 0.000000 0.000000 102.000000 56.000000
1.6800 100.9500 63.6300 0.000000 0.000000 102.000000 56.000000
1.6900 100.8400 63.6300 0.000000 0.000000 101.000000 57.000000
1.7000 100.7000 63.7500 0.000000 0.000000 101.000000 57.000000
1.7100 100.5900 63.8600 0.000000 0.000000 101.000000 57.000000
1.7200 100.4900 64.0000 0.000000 0.000000 101.000000 57.000000
1.7300 100.4100 64.0900 0.000000 0.000000 101.000000 57.000000
1.7400 100.3300 64.2900 0.000000 0.000000 101.000000 57.000000
1.7500 100.2800 64.5600 0.000000 0.000000 101.000000 57.000000
1.7600 100.2300 64.8800 0.000000 0.000000 101.000000 57.000000
1.7700 100.2300 65.1700 0.000000 0.000000 102.000000 56.000000
1.7800 100.1800 65.2600 0.000000 0.000000 103.000000 57.000000
1.7900 100.1800 65.2600 0.000000 0.000000 103.000000 57.000000
1.8000 100.1800 65.1000 0.000000 0.000000 103.000000 57.000000
1.8100 100.0400 64.8100 0.000000 0.000000 103.000000 57.000000
1.8200 99.9000 64.4200 0.000000 0.000000 103.000000 57.000000
1.8300 99.7600 64.0500 0.000000 0.000000 103.000000 57.000000
1.8400 99.6600 63.7600 0.000000 0.000000 103.000000 57.000000
1.8500 99.6600 63.5300 0.000000 0.000000 103.000000 57.000000
1.8600 99.6600 63.4500 0.000000 0.000000 103.000000 57.000000
1.8700 99.8000 63.4500 0.000000 0.000000 103.000000 58.000000
1.8800 99.9000 63.6100 0.000000 0.000000 103.000000 58.000000
1.8900 99.9800 63.7800 0.000000 0.000000 103.000000 58.000000
1.9000 99.9800 63.9400 0.000000 0.000000 103.000000 58.000000
1.9100 99.9800 64.0600 0.000000 0.000000 103.000000 58.000000
1.9200 99.8900 64.1700 0.000000 0.000000 103.000000 57.000000
1.9300 99.8200 64.2600 0.000000 0.000000 103.000000 57.000000
1.9400 99.7400 64.3300 0.000000 0.000000 103.000000 57.000000
1.9500 99.6400 64.4000 0.000000 0.000000 103.000000 57.000000
1.9600 99.5900 64.5000 0.000000 0.000000 103.000000 57.000000
1.9700 99.5900 64.6400 0.000000 0.000000 103.000000 57.000000
1.9800 99.5900 64.8200 0.000000 0.000000 103.000000 57.000000
1.9900 99.6400 65.0200 0.000000 0.000000 103.000000 58.000000
2.0000 99.7100 65.2300 0.000000 0.000000 103.000000 58.000000
2.0100 99.7800 65.2300 0.000000 0.000000 103.000000 58.000000
2.0200 99.8600 65.1400 0.000000 0.000000 103.000000 58.000000
2.0300 99.8600 65.0000 0.000000 0.000000 103.000000 58.000000
2.0400 99.8600 65.0000 0.000000 0.000000 103.000000 58.000000
2.0500 99.8600 65.0000 0.000000 0.000000 103.000000 58.000000
2.0600 99.8600 65.0000 0.000000 0.000000 103.000000 58.000000
2.0700 99.8600 65.0000 0.000000 0.000000 103.000000 58.000000
2.0800 100.0800 65.2500 0.000000 0.000000 103.000000 58.000000
2.0900 100.1700 65.4600 0.000000 0.000000 103.000000 58.000000
2.1000 100.3000 65.6500 0.000000 0.000000 103.000000 58.000000
2.1100 100.5000 65.8300 0.000000 0.000000 103.000000 58.000000
2.1200 100.7600 66.0100 0.000000 0.000000 103.000000 58.000000
2.1300 101.0100 66.1600 0.000000 0.000000 103.000000 58.000000
2.1400 101.0100 66.1600 279.000000 1.000000 102.000000 58.000000
2.1500 101.0100 66.1600 315.000000 0.000000 102.000000 58.000000
2.1600 101.0100 66.1600 371.000000 0.000000 102.000000 58.000000
2.1700 101.0100 66.1600 455.000000 0.000000 102.000000 58.000000
2.1800 100.7200 66.0100 502.000000 0.000000 100.000000 59.000000
2.1900 100.5500 65.5700 537.000000 0.000000 100.000000 59.000000
2.2000 100.3900 64.7800 554.000000 0.000000 100.000000 58.000000
2.2100 100.3900 64.0600 537.000000 0.000000 100.000000 58.000000
2.2200 100.5600 63.4000 498.000000 0.000000 100.000000 58.000000
2.2300 100.9900 62.9600 342.000000 0.000000 99.000000 57.000000
2.2400 100.9900 62.9600 0.000000 1.000000 101.000000 57.000000
2.2500 101.9600 63.5400 0.000000 0.000000 101.000000 57.000000
2.2600 102.4400 64.4400 0.000000 0.000000 101.000000 57.000000
2.2700 102.5800 65.3100 0.000000 0.000000 101.000000 57.000000
2.2800 102.5200 66.1400 0.000000 0.000000 101.000000 57.000000
2.2900 102.3000 66.9700 0.000000 0.000000 101.000000 57.000000
2.3000 101.9400 67.8300 0.000000 0.000000 101.000000 57.000000
2.3100 101.4900 68.4000 0.000000 0.000000 102.000000 56.000000
2.3200 101.1600 68.8000 0.000000 0.000000 102.000000 56.000000
2.3300 100.8500 68.6600 0.000000 0.000000 102.000000 56.000000
2.3400 100.8500 68.6600 423.000000 1.000000 104.000000 56.000000
2.3500 100.2700 67.8600 440.000000 0.000000 104.000000 56.000000
2.3600 100.0200 67.6900 438.000000 0.000000 104.000000 56.000000
2.3700 100.0800 67.5700 447.000000 0.000000 104.000000 56.000000
2.3800 100.3300 67.4900 448.000000 0.000000 102.000000 56.000000
2.3900 100.5200 67.4100 427.000000 0.000000 102.000000 56.000000
2.4000 100.6500 67.4100 334.000000 0.000000 102.000000 56.000000
2.4100 100.7400 67.4100 158.000000 0.000000 101.000000 57.000000
2.4200 100.7400 67.4100 0.000000 1.000000 101.000000 57.000000
2.4300 100.8600 67.3200 0.000000 0.000000 99.000000 57.000000
2.4400 100.8600 67.3200 0.000000 0.000000 100.000000 58.000000
2.4500 100.9300 67.4000 0.000000 0.000000 100.000000 58.000000
2.4600 101.0400 67.5900 0.000000 0.000000 100.000000 58.000000
2.4700 101.3500 67.8500 0.000000 0.000000 100.000000 58.000000
2.4800 101.7700 68.1700 0.000000 0.000000 100.000000 58.000000
2.4900 102.1700 68.6200 0.000000 0.000000 100.000000 58.000000
2.5000 102.5700 69.2000 0.000000 0.000000 101.000000 58.000000
2.5100 102.9400 69.8700 0.000000 0.000000 101.000000 58.000000
2.5200 103.2600 70.6200 0.000000 0.000000 103.000000 57.000000
2.5300 103.5500 71.3300 0.000000 0.000000 104.000000 57.000000
2.5400 103.7600 71.8100 0.000000 0.000000 105.000000 56.000000
2.5500 103.9700 72.1400 0.000000 0.000000 107.000000 56.000000
2.5600 104.1100 72.1400 0.000000 0.000000 107.000000 57.000000
2.5700 104.1100 72.1400 423.000000 1.000000 109.000000 57.000000
2.5800 103.8600 71.7400 425.000000 0.000000 110.000000 56.000000
2.5900 103.6600 71.4600 464.000000 0.000000 110.000000 56.000000
2.6000 103.5500 70.9100 542.000000 0.000000 110.000000 56.000000
2.6100 103.3100 70.1900 631.000000 0.000000 112.000000 56.000000
2.6200 103.0400 69.1000 669.000000 0.000000 110.000000 56.000000
2.6300 102.7400 67.8900 691.000000 0.000000 110.000000 56.000000
2.6400 102.6700 66.5900 699.000000 0.000000 109.000000 57.000000
2.6500 102.9900 65.8400 673.000000 0.000000 107.000000 57.000000
2.6600 103.5600 65.4200 564.000000 0.000000 106.000000 57.000000
2.6700 104.3600 65.2200 139.000000 0.000000 104.000000 57.000000
2.6800 104.3600 65.2200 0.000000 1.000000 103.000000 57.000000
2.6900 105.9100 65.6600 0.000000 0.000000 101.000000 58.000000
2.7000 106.2700 66.2500 0.000000 0.000000 101.000000 58.000000
2.7100 106.6700 66.7000 0.000000 0.000000 100.000000 58.000000
2.7200 107.1000 67.1500 0.000000 0.000000 101.000000 58.000000
2.7300 107.8300 67.5700 0.000000 0.000000 105.000000 58.000000
2.7400 108.3100 67.9300 0.000000 0.000000 106.000000 58.000000
2.7500 108.6100 68.2900 0.000000 0.000000 111.000000 57.000000
2.7600 109.1200 68.6800 0.000000 0.000000 113.000000 56.000000
2.7700 109.6300 68.8900 0.000000 0.000000 114.000000 55.000000
2.7800 110.1500 69.0400 0.000000 0.000000 112.000000 53.000000
2.7900 110.4700 69.0400 0.000000 0.000000 109.000000 50.000000
2.8000 110.6600 69.0400 0.000000 0.000000 107.000000 49.000000
2.8100 110.4100 68.8500 0.000000 0.000000 103.000000 47.000000
2.8200 109.7800 68.5400 0.000000 0.000000 100.000000 46.000000
2.8300 108.9000 68.0800 0.000000 0.000000 98.000000 45.000000
2.8400 108.1000 67.6900 0.000000 0.000000 97.000000 45.000000
2.8500 107.3800 67.3400 0.000000 0.000000 97.000000 46.000000
2.8600 106.7000 66.9800 0.000000 0.000000 98.000000 48.000000
2.8700 106.3100 66.7000 0.000000 0.000000 100.000000 51.000000
2.8800 106.1100 66.4800 0.000000 0.000000 103.000000 52.000000
2.8900 106.0400 66.1000 0.000000 0.000000 106.000000 54.000000
2.9000 105.9400 65.6700 0.000000 0.000000 106.000000 55.000000
2.9100 105.7800 65.2400 0.000000 0.000000 107.000000 56.000000
2.9200 105.5800 64.8300 0.000000 0.000000 106.000000 57.000000
2.9300 105.3300 64.5200 0.000000 0.000000 106.000000 57.000000
2.9400 105.0800 64.3200 0.000000 0.000000 104.000000 56.000000
2.9500 104.8300 64.2000 0.000000 0.000000 104.000000 56.000000
2.9600 104.6500 64.2000 0.000000 0.000000 102.000000 56.000000
2.9700 104.5200 64.2000 0.000000 0.000000 102.000000 55.000000
2.9800 104.6800 64.2000 0.000000 0.000000 102.000000 55.000000
2.9900 105.0100 64.4100 0.000000 0.000000 102.000000 55.000000
3.0000 104.4200 64.6000 0.000000 0.000000 102.000000 55.000000
3.0100 104.3200 64.8600 0.000000 0.000000 102.000000 55.000000
3.0200 104.5400 65.1800 0.000000 0.000000 102.000000 55.000000
3.0300 104.6400 65.5600 0.000000 0.000000 102.000000 55.000000
3.0400 104.7700 65.9200 0.000000 0.000000 102.000000 55.000000
3.0500 104.9500 66.2200 0.000000 0.000000 102.000000 55.000000
3.0600 105.1500 66.4800 0.000000 0.000000 102.000000 55.000000
3.0700 105.3900 66.7500 0.000000 0.000000 102.000000 55.000000
3.0800 105.6600 67.0200 0.000000 0.000000 100.000000 56.000000
3.0900 105.6600 67.0200 93.000000 1.000000 101.000000 57.000000
3.1000 106.2300 67.6400 148.000000 0.000000 101.000000 57.000000
3.1100 106.3400 67.8700 253.000000 0.000000 101.000000 57.000000
3.1200 106.3400 68.0300 391.000000 0.000000 101.000000 58.000000
3.1300 106.2200 68.1700 435.000000 0.000000 101.000000 58.000000
3.1400 105.8900 68.1000 472.000000 0.000000 101.000000 58.000000
3.1500 105.4200 67.7900 522.000000 0.000000 101.000000 58.000000
3.1600 104.8200 67.3300 570.000000 0.000000 101.000000 58.000000
3.1700 104.2500 66.6500 574.000000 0.000000 101.000000 58.000000
3.1800 103.6900 66.0300 591.000000 0.000000 101.000000 58.000000
3.1900 103.4100 65.4500 585.000000 0.000000 101.000000 58.000000
3.2000 103.4100 65.0400 591.000000 0.000000 101.000000 58.000000
3.2100 103.5600 64.8700 588.000000 0.000000 101.000000 58.000000
3.2200 103.9800 64.8700 595.000000 0.000000 101.000000 58.000000
3.2300 104.5800 65.0600 605.000000 0.000000 101.000000 57.000000
3.2400 105.3000 65.5500 605.000000 0.000000 100.000000 58.000000
3.2500 105.9300 66.2300 602.000000 0.000000 100.000000 58.000000
3.2600 106.3300 66.9500 600.000000 0.000000 100.000000 58.000000
3.2700 106.5700 67.4500 606.000000 0.000000 100.000000 58.000000
3.2800 106.5700 67.8100 619.000000 0.000000 100.000000 58.000000
3.2900 106.5100 67.9200 628.000000 0.000000 100.000000 58.000000
3.3000 106.3500 67.9800 638.000000 0.000000 100.000000 58.000000
3.3100 106.1400 67.7500 637.000000 0.000000 101.000000 58.000000
3.3200 105.8800 67.3400 641.000000 0.000000 101.000000 58.000000
3.3300 105.5800 66.8000 640.000000 0.000000 101.000000 58.000000
3.3400 105.4500 66.2600 640.000000 0.000000 101.000000 58.000000
3.3500 105.3700 65.7400 638.000000 0.000000 101.000000 58.000000
3.3600 105.4900 65.4000 631.000000 0.000000 101.000000 58.000000
3.3700 105.7200 65.1600 627.000000 0.000000 101.000000 58.000000
3.3800 106.0400 64.9700 627.000000 0.000000 100.000000 58.000000
3.3900 106.3700 64.9700 627.000000 0.000000 100.000000 58.000000
3.4000 106.7200 65.0600 624.000000 0.000000 100.000000 59.000000
3.4100 106.9500 65.1900 627.000000 0.000000 100.000000 59.000000
3.4200 107.1000 65.3800 630.000000 0.000000 100.000000 59.000000
3.4300 107.2500 65.6100 619.000000 0.000000 100.000000 59.000000
3.4400 107.4100 65.8800 611.000000 0.000000 100.000000 59.000000
3.4500 107.5000 66.1400 605.000000 0.000000 100.000000 59.000000
3.4600 107.5500 66.3600 603.000000 0.000000 100.000000 59.000000
3.4700 107.5500 66.5100 583.000000 0.000000 100.000000 59.000000
3.4800 107.5500 66.5100 473.000000 0.000000 98.000000 59.000000
3.4900 107.4600 66.5100 179.000000 0.000000 98.000000 59.000000
3.5000 107.4600 66.5100 0.000000 1.000000 98.000000 59.000000
3.5100 107.1000 66.2500 0.000000 0.000000 98.000000 59.000000
3.5200 106.9100 66.2500 0.000000 0.000000 98.000000 59.000000
3.5300 106.8400 66.3700 0.000000 0.000000 98.000000 59.000000
3.5400 106.9100 66.6300 0.000000 0.000000 100.000000 59.000000
3.5500 107.0700 66.8600 0.000000 0.000000 100.000000 59.000000
3.5600 107.3100 67.0600 0.000000 0.000000 100.000000 58.000000
3.5700 107.5600 67.1300 0.000000 0.000000 102.000000 58.000000
3.5800 107.8200 67.1300 0.000000 0.000000 103.000000 58.000000
3.5900 107.9900 67.1800 0.000000 0.000000 103.000000 58.000000
3.6000 108.0900 67.1800 0.000000 0.000000 105.000000 58.000000
3.6100 108.0900 67.1800 0.000000 0.000000 105.000000 59.000000
3.6200 108.0900 67.2400 0.000000 0.000000 107.000000 59.000000
3.6300 108.0900 67.3300 0.000000 0.000000 107.000000 59.000000
3.6400 108.0900 67.5600 0.000000 0.000000 107.000000 59.000000
3.6500 108.1900 67.8500 0.000000 0.000000 107.000000 59.000000
3.6600 108.2700 68.1900 0.000000 0.000000 107.000000 59.000000
3.6700 108.3400 68.4700 0.000000 0.000000 107.000000 59.000000
3.6800 108.3900 68.7100 0.000000 0.000000 107.000000 59.000000
3.6900 108.3900 68.8400 0.000000 0.000000 105.000000 59.000000
3.7000 108.3900 68.9100 0.000000 0.000000 105.000000 59.000000
3.7100 108.3900 68.9100 233.000000 1.000000 106.000000 60.000000
3.7200 108.3900 68.9100 291.000000 0.000000 106.000000 60.000000
3.7300 108.0800 68.6000 315.000000 0.000000 106.000000 60.000000
3.7400 107.9100 68.4000 392.000000 0.000000 104.000000 60.000000
3.7500 107.8000 68.1800 440.000000 0.000000 104.000000 59.000000
3.7600 107.8000 67.8800 512.000000 0.000000 104.000000 59.000000
3.7700 107.8900 67.4300 537.000000 0.000000 104.000000 59.000000
3.7800 107.9900 66.8100 550.000000 0.000000 104.000000 59.000000
3.7900 108.0800 66.0700 554.000000 0.000000 102.000000 59.000000
3.8000 108.1600 65.4400 561.000000 0.000000 102.000000 59.000000
3.8100 108.2600 65.0200 580.000000 0.000000 102.000000 59.000000
3.8200 108.3300 64.7300 591.000000 0.000000 102.000000 59.000000
3.8300 108.3900 64.7300 606.000000 0.000000 102.000000 59.000000
3.8400 108.3900 64.8300 622.000000 0.000000 102.000000 59.000000
3.8500 108.3200 65.0600 641.000000 0.000000 100.000000 60.000000
3.8600 108.2600 65.6400 650.000000 0.000000 100.000000 60.000000
3.8700 108.2600 66.2900 644.000000 0.000000 100.000000 60.000000
3.8800 108.3100 67.0000 645.000000 0.000000 100.000000 60.000000
3.8900 108.3900 67.4300 620.000000 0.000000 101.000000 61.000000
3.9000 108.6000 67.8300 526.000000 0.000000 101.000000 61.000000
3.9100 108.9100 68.1700 292.000000 0.000000 101.000000 61.000000
3.9200 108.9100 68.1700 0.000000 1.000000 101.000000 61.000000
3.9300 109.9200 68.3400 0.000000 0.000000 102.000000 59.000000
3.9400 110.5600 68.3400 0.000000 0.000000 102.000000 59.000000
3.9500 111.0700 68.2600 0.000000 0.000000 102.000000 58.000000
3.9600 111.6100 68.1900 0.000000 0.000000 103.000000 58.000000
3.9700 112.2400 68.1900 0.000000 0.000000 104.000000 57.000000
3.9800 112.9600 68.1200 0.000000 0.000000 104.000000 56.000000
3.9900 113.7100 68.1200 0.000000 0.000000 105.000000 56.000000
4.0000 114.1800 68.1200 0.000000 0.000000 107.000000 56.000000
4.0100 114.4700 68.0700 0.000000 0.000000 107.000000 55.000000
4.0200 114.3800 68.0200 0.000000 0.000000 109.000000 55.000000
4.0300 114.1000 67.9700 0.000000 0.000000 109.000000 55.000000
4.0400 113.6900 67.9700 0.000000 0.000000 110.000000 53.000000
4.0500 113.2300 67.9700 0.000000 0.000000 110.000000 53.000000
4.0600 112.7800 67.9700 0.000000 0.000000 110.000000 53.000000
4.0700 112.3500 67.8700 0.000000 0.000000 108.000000 54.000000
4.0800 111.9700 67.7600 0.000000 0.000000 108.000000 54.000000
4.0900 111.6300 67.6500 0.000000 0.000000 109.000000 55.000000
4.1000 111.2900 67.4400 0.000000 0.000000 107.000000 55.000000
4.1100 111.0200 67.1900 0.000000 0.000000 106.000000 55.000000
4.1200 110.7700 66.8700 0.000000 0.000000 105.000000 55.000000
4.1300 110.5700 66.5600 0.000000 0.000000 105.000000 55.000000
4.1400 110.4200 66.3300 0.000000 0.000000 103.000000 55.000000
4.1500 110.2800 66.1500 0.000000 0.000000 102.000000 55.000000
4.1600 110.1700 66.0100 0.000000 0.000000 102.000000 55.000000
4.1700 110.1700 65.9600 0.000000 0.000000 102.000000 55.000000
4.1800 110.1700 65.9600 0.000000 0.000000 100.000000 56.000000
4.1900 110.1700 65.9600 0.000000 0.000000 100.000000 56.000000
4.2000 110.3200 66.3800 0.000000 0.000000 100.000000 56.000000
4.2100 110.4300 66.7000 0.000000 0.000000 100.000000 56.000000
4.2200 110.5700 67.1000 0.000000 0.000000 100.000000 55.000000
4.2300 110.7400 67.5800 0.000000 0.000000 100.000000 55.000000
4.2400 110.9100 68.1200 0.000000 0.000000 100.000000 55.000000
4.2500 111.0700 68.5600 0.000000 0.000000 100.000000 55.000000
4.2600 111.2300 68.8500 0.000000 0.000000 101.000000 54.000000
4.2700 111.2300 68.8500 170.000000 1.000000 101.000000 54.000000
4.2800 111.2300 68.8500 274.000000 0.000000 103.000000 54.000000
4.2900 111.2300 68.8500 399.000000 0.000000 103.000000 55.000000
4.3000 110.9200 68.6600 489.000000 0.000000 103.000000 55.000000
4.3100 110.6800 68.2100 551.000000 0.000000 105.000000 55.000000
4.3200 110.4400 67.5300 591.000000 0.000000 105.000000 55.000000
4.3300 110.2600 66.6900 591.000000 0.000000 103.000000 55.000000
4.3400 110.1300 66.0500 542.000000 0.000000 103.000000 55.000000
4.3500 110.3600 65.6100 388.000000 0.000000 103.000000 55.000000
4.3600 110.6400 65.3100 156.000000 0.000000 102.000000 55.000000
4.3700 110.6400 65.3100 0.000000 1.000000 100.000000 56.000000
4.3800 111.4700 65.6600 0.000000 0.000000 100.000000 56.000000
4.3900 111.7500 66.3500 0.000000 0.000000 100.000000 56.000000
4.4000 111.9100 67.1500 0.000000 0.000000 100.000000 56.000000
4.4100 112.0000 68.1100 0.000000 0.000000 100.000000 56.000000
4.4200 112.0000 69.1700 0.000000 0.000000 100.000000 56.000000
4.4300 111.8300 70.2100 0.000000 0.000000 100.000000 56.000000
4.4400 111.6100 71.0000 0.000000 0.000000 102.000000 55.000000
4.4500 111.3500 71.6200 0.000000 0.000000 102.000000 55.000000
4.4600 111.0700 71.9800 0.000000 0.000000 103.000000 54.000000
4.4700 110.9000 72.0400 0.000000 0.000000 104.000000 54.000000
4.4800 110.9000 72.0400 570.000000 1.000000 106.000000 54.000000
4.4900 110.7000 71.6700 594.000000 0.000000 106.000000 54.000000
4.5000 110.2500 71.5100 580.000000 0.000000 107.000000 54.000000
4.5100 110.1600 71.4200 585.000000 0.000000 108.000000 54.000000
4.5200 110.3200 71.2500 539.000000 0.000000 108.000000 54.000000
4.5300 110.5300 70.7800 405.000000 0.000000 108.000000 54.000000
4.5400 110.5300 70.7800 0.000000 1.000000 110.000000 53.000000
4.5500 111.0500 69.3500 0.000000 0.000000 109.000000 55.000000
4.5600 111.2100 68.5700 0.000000 0.000000 109.000000 55.000000
4.5700 111.2100 67.8200 0.000000 0.000000 109.000000 55.000000
4.5800 111.3000 67.1000 0.000000 0.000000 107.000000 55.000000
4.5900 111.3000 66.3700 0.000000 0.000000 107.000000 55.000000
4.6000 111.3800 66.0400 0.000000 0.000000 107.000000 55.000000
4.6100 111.8400 65.9700 0.000000 0.000000 107.000000 55.000000
4.6200 112.5600 66.2700 0.000000 0.000000 109.000000 55.000000
4.6300 113.3600 66.6600 0.000000 0.000000 110.000000 53.000000
4.6400 114.1800 67.1000 0.000000 0.000000 112.000000 52.000000
4.6500 114.8300 67.4500 0.000000 0.000000 112.000000 51.000000
4.6600 115.3700 67.5600 0.000000 0.000000 111.000000 50.000000
4.6700 115.4400 67.5600 0.000000 0.000000 112.000000 49.000000
4.6800 115.1200 67.4300 0.000000 0.000000 111.000000 49.000000
4.6900 114.5500 67.3400 0.000000 0.000000 111.000000 49.000000
4.7000 113.9000 67.2400 0.000000 0.000000 109.000000 49.000000
4.7100 113.2900 67.1300 0.000000 0.000000 109.000000 50.000000
4.7200 112.9500 67.0500 0.000000 0.000000 108.000000 52.000000
4.7300 112.7800 67.0500 0.000000 0.000000 108.000000 53.000000
4.7400 112.8500 66.9700 0.000000 0.000000 106.000000 53.000000
4.7500 112.9100 66.9100 0.000000 0.000000 106.000000 54.000000
4.7600 112.9100 66.8000 0.000000 0.000000 106.000000 54.000000
4.7700 112.9100 66.6600 0.000000 0.000000 104.000000 54.000000
4.7800 112.7500 66.4400 0.000000 0.000000 104.000000 54.000000
4.7900 112.5000 66.1600 0.000000 0.000000 105.000000 55.000000
4.8000 112.2300 65.8500 0.000000 0.000000 103.000000 55.000000
4.8100 111.9800 65.6200 0.000000 0.000000 103.000000 55.000000
4.8200 111.7300 65.4400 0.000000 0.000000 102.000000 55.000000
4.8300 111.6200 65.3600 0.000000 0.000000 102.000000 55.000000
4.8400 111.5500 65.4100 0.000000 0.000000 102.000000 55.000000
4.8500 111.6100 65.5500 0.000000 0.000000 100.000000 56.000000
4.8600 111.7500 65.7900 0.000000 0.000000 100.000000 56.000000
4.8700 111.9400 66.1600 0.000000 0.000000 101.000000 57.000000
4.8800 112.1800 66.6200 0.000000 0.000000 101.000000 57.000000
4.8900 112.4800 67.1700 0.000000 0.000000 101.000000 57.000000
4.9000 112.7900 67.7000 0.000000 0.000000 101.000000 58.000000
4.9100 112.7900 67.7000 20.000000 1.000000 102.000000 58.000000
4.9200 113.1500 68.5800 113.000000 0.000000 102.000000 59.000000
4.9300 113.0600 68.7400 225.000000 0.000000 102.000000 59.000000
4.9400 112.8000 68.7400 317.000000 0.000000 102.000000 59.000000
4.9500 112.4800 68.4800 392.000000 0.000000 104.000000 59.000000
4.9600 112.1200 67.9100 465.000000 0.000000 104.000000 59.000000
4.9700 111.8200 67.1200 510.000000 0.000000 104.000000 59.000000
4.9800 111.7400 66.2600 535.000000 0.000000 104.000000 59.000000
4.9900 111.8100 65.7600 543.000000 0.000000 103.000000 58.000000
5.0000 112.3300 65.4900 556.000000 0.000000 101.000000 58.000000
5.0100 112.9700 65.4900 560.000000 0.000000 101.000000 58.000000
5.0200 113.6800 65.8400 574.000000 0.000000 101.000000 57.000000
5.0300 114.2800 66.4500 560.000000 0.000000 99.000000 57.000000
5.0400 114.5600 67.1600 561.000000 0.000000 99.000000 57.000000
5.0500 114.6200 67.8300 499.000000 0.000000 99.000000 57.000000
5.0600 114.1300 68.2000 309.000000 0.000000 99.000000 57.000000
5.0700 114.1300 68.2000 0.000000 1.000000 100.000000 58.000000
5.0800 112.4000 67.8200 0.000000 0.000000 100.000000 58.000000
5.0900 111.4100 66.9800 0.000000 0.000000 100.000000 58.000000
5.1000 110.4800 65.9600 0.000000 0.000000 100.000000 58.000000
5.1100 109.9200 65.2600 0.000000 0.000000 100.000000 59.000000
5.1200 109.5700 64.6600 0.000000 0.000000 100.000000 59.000000
5.1300 109.2800 64.1400 0.000000 0.000000 100.000000 60.000000
5.1400 109.0500 63.6600 0.000000 0.000000 102.000000 59.000000
5.1500 108.9500 63.1500 0.000000 0.000000 102.000000 60.000000
5.1600 108.8600 62.6000 0.000000 0.000000 103.000000 61.000000
5.1700 108.7300 62.0800 0.000000 0.000000 104.000000 63.000000
5.1800 108.4500 61.5900 0.000000 0.000000 105.000000 64.000000
5.1900 108.1000 60.9900 0.000000 0.000000 105.000000 65.000000
5.2000 107.6000 60.3700 0.000000 0.000000 104.000000 66.000000
5.2100 106.9800 59.7300 0.000000 0.000000 102.000000 67.000000
5.2200 106.2800 59.2400 0.000000 0.000000 99.000000 66.000000
5.2300 105.5500 58.8500 0.000000 0.000000 94.000000 65.000000
5.2400 104.7400 58.6400 0.000000 0.000000 92.000000 64.000000
5.2500 103.8700 58.4700 0.000000 0.000000 90.000000 63.000000
5.2600 102.9400 58.3400 0.000000 0.000000 90.000000 61.000000
5.2700 102.0200 58.1400 0.000000 0.000000 92.000000 60.000000
5.2800 101.1400 57.9500 0.000000 0.000000 93.000000 59.000000
5.2900 100.3000 57.7500 0.000000 0.000000 95.000000 58.000000
5.3000 99.5000 57.7500 0.000000 0.000000 98.000000 57.000000
5.3100 98.7000 57.7500 0.000000 0.000000 99.000000 57.000000
5.3200 97.9100 57.8200 0.000000 0.000000 102.000000 56.000000
5.3300 97.0300 57.9400 0.000000 0.000000 104.000000 57.000000
5.3400 96.1500 58.1200 0.000000 0.000000 106.000000 57.000000
5.3500 95.2300 58.2900 0.000000 0.000000 106.000000 58.000000
5.3600 94.3000 58.4600 0.000000 0.000000 106.000000 58.000000
5.3700 93.6200 58.5900 0.000000 0.000000 105.000000 59.000000
5.3800 93.2500 58.8300 0.000000 0.000000 104.000000 59.000000
5.3900 93.0900 59.1600 0.000000 0.000000 104.000000 59.000000
5.4000 93.0900 59.4500 0.000000 0.000000 102.000000 58.000000
5.4100 93.0900 59.6900 0.000000 0.000000 101.000000 58.000000
5.4200 93.0300 59.8600 0.000000 0.000000 101.000000 58.000000
5.4300 92.8800 60.0400 0.000000 0.000000 101.000000 57.000000
5.4400 92.7500 60.3100 0.000000 0.000000 101.000000 57.000000
5.4500 92.6500 60.6400 0.000000 0.000000 102.000000 55.000000
5.4600 92.6500 60.9900 0.000000 0.000000 103.000000 55.000000
5.4700 92.5800 61.3800 0.000000 0.000000 105.000000 55.000000
5.4800 92.5800 61.7900 0.000000 0.000000 105.000000 55.000000
5.4900 92.5800 62.0800 0.000000 0.000000 106.000000 55.000000
5.5000 92.5800 62.3200 0.000000 0.000000 107.000000 56.000000
5.5100 92.5800 62.3200 0.000000 0.000000 108.000000 56.000000
5.5200 92.5800 62.3200 363.000000 1.000000 108.000000 56.000000
5.5300 92.2900 62.3000 362.000000 0.000000 108.000000 56.000000
5.5400 92.2100 62.3000 425.000000 0.000000 110.000000 56.000000
5.5500 92.2100 62.1500 499.000000 0.000000 110.000000 56.000000
5.5600 92.5800 61.7100 570.000000 0.000000 110.000000 56.000000
5.5700 92.9600 61.0600 620.000000 0.000000 112.000000 56.000000
5.5800 93.4500 60.2600 650.000000 0.000000 113.000000 57.000000
5.5900 93.9900 59.5300 705.000000 0.000000 113.000000 57.000000
5.6000 94.5500 59.2400 753.000000 0.000000 111.000000 57.000000
5.6100 95.1400 59.2400 827.000000 0.000000 111.000000 57.000000
5.6200 95.7600 59.5600 858.000000 0.000000 111.000000 57.000000
5.6300 96.4400 60.3500 863.000000 0.000000 112.000000 58.000000
5.6400 97.1100 61.4600 821.000000 0.000000 112.000000 58.000000
5.6500 97.7700 62.6100 721.000000 0.000000 110.000000 58.000000
5.6600 98.4600 63.4900 499.000000 0.000000 111.000000 59.000000
5.6700 98.4600 63.4900 0.000000 1.000000 111.000000 59.000000
5.6800 100.0200 64.3900 0.000000 0.000000 111.000000 59.000000
5.6900 100.5100 64.2300 0.000000 0.000000 113.000000 59.000000
5.7000 100.7800 63.8500 0.000000 0.000000 113.000000 59.000000
5.7100 101.1300 63.4000 0.000000 0.000000 111.000000 59.000000
5.7200 101.6100 63.0000 0.000000 0.000000 111.000000 59.000000
5.7300 102.1800 62.6700 0.000000 0.000000 110.000000 58.000000
5.7400 102.7600 62.3800 0.000000 0.000000 109.000000 57.000000
5.7500 103.2400 62.1500 0.000000 0.000000 107.000000 57.000000
5.7600 103.6400 61.8600 0.000000 0.000000 107.000000 56.000000
5.7700 103.9500 61.4500 0.000000 0.000000 105.000000 55.000000
5.7800 104.0300 60.9700 0.000000 0.000000 103.000000 55.000000
5.7900 103.9600 60.4200 0.000000 0.000000 101.000000 54.000000
5.8000 103.6600 59.8000 0.000000 0.000000 100.000000 55.000000
5.8100 103.1400 59.1000 0.000000 0.000000 99.000000 55.000000
5.8200 102.4600 58.3400 0.000000 0.000000 97.000000 56.000000
5.8300 101.7400 57.5900 0.000000 0.000000 97.000000 56.000000
5.8400 101.0600 56.8500 0.000000 0.000000 97.000000 56.000000
5.8500 100.4600 56.2400 0.000000 0.000000 98.000000 57.000000
5.8600 100.1000 55.7700 0.000000 0.000000 98.000000 58.000000
5.8700 99.8800 55.4000 0.000000 0.000000 98.000000 59.000000
5.8800 99.8300 55.2400 0.000000 0.000000 100.000000 59.000000
5.8900 99.8300 55.2900 0.000000 0.000000 100.000000 60.000000
5.9000 99.6900 55.4800 0.000000 0.000000 100.000000 60.000000
5.9100 99.5400 55.7000 0.000000 0.000000 101.000000 61.000000
5.9200 99.3300 55.9600 0.000000 0.000000 101.000000 61.000000
5.9300 99.1400 56.2400 0.000000 0.000000 101.000000 62.000000
5.9400 98.9800 56.5600 0.000000 0.000000 101.000000 62.000000
5.9500 98.8800 57.0500 0.000000 0.000000 101.000000 62.000000
5.9600 98.8800 57.6500 0.000000 0.000000 102.000000 63.000000
5.9700 98.9700 58.3900 0.000000 0.000000 102.000000 63.000000
5.9800 99.0600 59.1000 0.000000 0.000000 104.000000 63.000000
5.9900 99.1800 59.7300 0.000000 0.000000 104.000000 63.000000
6.0000 99.2900 60.2600 0.000000 0.000000 106.000000 63.000000
6.0100 99.3900 60.5100 0.000000 0.000000 108.000000 63.000000
6.0200 99.3900 60.5100 120.000000 1.000000 108.000000 63.000000
6.0300 99.3900 60.5100 168.000000 0.000000 109.000000 62.000000
6.0400 98.8600 60.1700 212.000000 0.000000 109.000000 62.000000
6.0500 98.5500 59.7100 301.000000 0.000000 108.000000 61.000000
6.0600 98.3300 58.9400 389.000000 0.000000 110.000000 60.000000
6.0700 98.2000 58.0500 481.000000 0.000000 108.000000 61.000000
6.0800 98.3300 57.0800 530.000000 0.000000 108.000000 60.000000
6.0900 98.6200 56.5500 559.000000 0.000000 106.000000 60.000000
6.1000 99.2200 56.3800 591.000000 0.000000 104.000000 60.000000
6.1100 99.9300 56.4400 624.000000 0.000000 102.000000 60.000000
6.1200 100.7000 56.8200 647.000000 0.000000 100.000000 60.000000
6.1300 101.2500 57.4400 670.000000 0.000000 100.000000 60.000000
6.1400 101.6000 58.2300 670.000000 0.000000 100.000000 60.000000
6.1500 101.8100 58.9600 664.000000 0.000000 100.000000 59.000000
6.1600 101.6800 59.5900 671.000000 0.000000 100.000000 59.000000
6.1700 101.2800 60.0700 667.000000 0.000000 100.000000 59.000000
6.1800 100.7100 60.2200 678.000000 0.000000 102.000000 58.000000
6.1900 100.1200 60.1600 694.000000 0.000000 103.000000 58.000000
6.2000 99.4900 59.7800 702.000000 0.000000 105.000000 58.000000
6.2100 98.8200 59.0800 700.000000 0.000000 105.000000 58.000000
6.2200 98.4100 58.1800 693.000000 0.000000 106.000000 58.000000
6.2300 98.4100 57.5600 675.000000 0.000000 106.000000 58.000000
6.2400 98.7200 57.0900 664.000000 0.000000 105.000000 58.000000
6.2500 99.3800 56.7100 666.000000 0.000000 105.000000 58.000000
6.2600 100.0900 56.6600 670.000000 0.000000 103.000000 58.000000
6.2700 100.8600 56.8700 667.000000 0.000000 102.000000 58.000000
6.2800 101.5300 57.2500 667.000000 0.000000 100.000000 59.000000
6.2900 102.1200 57.5900 666.000000 0.000000 98.000000 59.000000
6.3000 102.5900 57.9500 670.000000 0.000000 98.000000 59.000000
6.3100 102.9500 58.4400 665.000000 0.000000 98.000000 59.000000
6.3200 103.2300 59.0100 661.000000 0.000000 98.000000 58.000000
6.3300 103.3900 59.4800 665.000000 0.000000 98.000000 58.000000
6.3400 103.3900 59.7500 668.000000 0.000000 100.000000 59.000000
6.3500 103.3900 59.9000 678.000000 0.000000 102.000000 58.000000
6.3600 103.2200 59.9000 672.000000 0.000000 102.000000 58.000000
6.3700 102.9800 59.6300 682.000000 0.000000 103.000000 58.000000
6.3800 102.6800 59.1800 684.000000 0.000000 103.000000 58.000000
6.3900 102.4200 58.4600 687.000000 0.000000 103.000000 58.000000
6.4000 102.2100 57.7400 691.000000 0.000000 103.000000 58.000000
6.4100 102.0900 57.0200 684.000000 0.000000 102.000000 58.000000
6.4200 102.2500 56.6500 682.000000 0.000000 102.000000 58.000000
6.4300 102.5900 56.4500 687.000000 0.000000 100.000000 59.000000
6.4400 103.0100 56.3600 684.000000 0.000000 98.000000 59.000000
6.4500 103.4600 56.5100 676.000000 0.000000 97.000000 59.000000
6.4600 103.9700 56.8200 663.000000 0.000000 95.000000 59.000000
6.4700 104.4900 57.2300 664.000000 0.000000 95.000000 59.000000
6.4800 104.8600 57.8500 662.000000 0.000000 95.000000 59.000000
6.4900 105.1300 58.4000 665.000000 0.000000 95.000000 59.000000
6.5000 105.3100 58.9100 666.000000 0.000000 95.000000 60.000000
6.5100 105.3800 59.1900 691.000000 0.000000 97.000000 60.000000
6.5200 105.3800 59.2600 696.000000 0.000000 99.000000 60.000000
6.5300 105.3800 59.2000 688.000000 0.000000 99.000000 61.000000
6.5400 105.3800 59.0400 666.000000 0.000000 101.000000 61.000000
6.5500 105.3000 58.6200 644.000000 0.000000 101.000000 61.000000
6.5600 105.3000 58.0300 559.000000 0.000000 101.000000 61.000000
6.5700 105.3000 57.3400 422.000000 0.000000 101.000000 61.000000
6.5800 105.3700 56.8000 139.000000 0.000000 101.000000 61.000000
6.5900 105.3700 56.8000 0.000000 1.000000 99.000000 61.000000
6.6000 105.7500 56.2900 0.000000 0.000000 99.000000 61.000000
6.6100 106.1000 56.6600 0.000000 0.000000 97.000000 61.000000
6.6200 106.5000 57.3300 0.000000 0.000000 97.000000 61.000000
6.6300 107.0900 58.1700 0.000000 0.000000 97.000000 61.000000
6.6400 107.8100 59.0300 0.000000 0.000000 97.000000 61.000000
6.6500 108.6300 59.9000 0.000000 0.000000 97.000000 61.000000
6.6600 109.3800 60.4900 0.000000 0.000000 97.000000 61.000000
6.6700 109.8700 60.8400 0.000000 0.000000 99.000000 61.000000
6.6800 110.2000 61.0200 0.000000 0.000000 101.000000 61.000000
6.6900 110.3300 61.0200 0.000000 0.000000 101.000000 61.000000
6.7000 110.1900 60.9100 0.000000 0.000000 102.000000 60.000000
6.7100 109.8800 60.6700 0.000000 0.000000 102.000000 60.000000
6.7200 109.2300 60.1600 0.000000 0.000000 102.000000 59.000000
6.7300 108.5400 59.6100 0.000000 0.000000 104.000000 59.000000
6.7400 107.8200 59.0100 0.000000 0.000000 102.000000 59.000000
6.7500 107.2300 58.6600 0.000000 0.000000 102.000000 60.000000
6.7600 106.9000 58.4700 0.000000 0.000000 102.000000 60.000000
6.7700 106.7300 58.7500 0.000000 0.000000 101.000000 61.000000
6.7800 106.7800 59.4100 0.000000 0.000000 101.000000 62.000000
6.7900 107.0400 60.3300 0.000000 0.000000 101.000000 62.000000
6.8000 107.4400 61.2800 0.000000 0.000000 101.000000 62.000000
6.8100 107.8500 62.2000 0.000000 0.000000 101.000000 62.000000
6.8200 108.2900 63.1100 0.000000 0.000000 103.000000 61.000000
6.8300 108.2900 63.1100 113.000000 1.000000 105.000000 61.000000
6.8400 108.5700 63.7800 181.000000 0.000000 105.000000 61.000000
6.8500 108.3800 63.7800 309.000000 0.000000 107.000000 61.000000
6.8600 108.1500 63.6200 396.000000 0.000000 107.000000 61.000000
6.8700 107.8900 63.1200 466.000000 0.000000 107.000000 61.000000
6.8800 107.6600 62.4100 527.000000 0.000000 108.000000 61.000000
6.8900 107.4100 61.2500 572.000000 0.000000 108.000000 60.000000
6.9000 107.1800 59.9700 606.000000 0.000000 108.000000 60.000000
6.9100 106.9800 58.6100 616.000000 0.000000 106.000000 60.000000
6.9200 106.9000 57.4700 613.000000 0.000000 106.000000 60.000000
6.9300 106.9000 56.7800 606.000000 0.000000 104.000000 60.000000
6.9400 106.9600 56.3900 595.000000 0.000000 104.000000 60.000000
6.9500 106.9600 56.3900 592.000000 0.000000 102.000000 60.000000
6.9600 106.9600 56.3900 589.000000 0.000000 101.000000 61.000000
6.9700 106.8600 56.6800 595.000000 0.000000 99.000000 61.000000
6.9800 106.5400 57.1100 594.000000 0.000000 97.000000 61.000000
6.9900 106.2100 57.5900 597.000000 0.000000 97.000000 60.000000
7.0000 105.8800 58.1000 606.000000 0.000000 97.000000 60.000000
7.0100 105.7600 58.3100 605.000000 0.000000 97.000000 60.000000
7.0200 105.8500 58.4300 609.000000 0.000000 97.000000 60.000000
7.0300 106.0900 58.4900 611.000000 0.000000 97.000000 60.000000
7.0400 106.6400 58.5500 606.000000 0.000000 97.000000 60.000000
7.0500 107.3900 58.5500 606.000000 0.000000 97.000000 61.000000
7.0600 108.2800 58.5500 597.000000 0.000000 99.000000 61.000000
7.0700 109.1300 58.5500 602.000000 0.000000 99.000000 61.000000
7.0800 110.0000 58.5500 602.000000 0.000000 99.000000 61.000000
7.0900 110.5900 58.6400 600.000000 0.000000 101.000000 61.000000
7.1000 110.9800 58.6400 606.000000 0.000000 100.000000 60.000000
7.1100 111.0900 58.7200 616.000000 0.000000 100.000000 60.000000
7.1200 110.9700 58.7200 659.000000 0.000000 102.000000 59.000000
7.1300 110.7000 58.8500 653.000000 0.000000 102.000000 58.000000
7.1400 110.2300 59.0100 670.000000 0.000000 102.000000 58.000000
7.1500 109.6700 59.0800 662.000000 0.000000 102.000000 58.000000
7.1600 109.0600 58.9400 669.000000 0.000000 102.000000 58.000000
7.1700 108.5200 58.6600 681.000000 0.000000 102.000000 58.000000
7.1800 108.1900 58.1800 673.000000 0.000000 100.000000 60.000000
7.1900 108.0000 57.6700 664.000000 0.000000 100.000000 60.000000
7.2000 108.1400 57.0800 673.000000 0.000000 99.000000 61.000000
7.2100 108.5200 56.6800 664.000000 0.000000 99.000000 61.000000
7.2200 109.0500 56.4000 662.000000 0.000000 97.000000 61.000000
7.2300 109.8800 56.2700 670.000000 0.000000 95.000000 61.000000
7.2400 110.7200 56.2700 662.000000 0.000000 95.000000 61.000000
7.2500 111.4500 56.3600 646.000000 0.000000 93.000000 60.000000
7.2600 112.1100 56.6100 642.000000 0.000000 93.000000 60.000000
7.2700 112.5800 57.0300 641.000000 0.000000 93.000000 60.000000
7.2800 112.9600 57.5700 644.000000 0.000000 93.000000 59.000000
7.2900 113.2900 58.0600 649.000000 0.000000 93.000000 59.000000
7.3000 113.3400 58.2400 670.000000 0.000000 93.000000 59.000000
7.3100 113.3400 58.2400 671.000000 0.000000 93.000000 59.000000
7.3200 113.3400 58.1500 673.000000 0.000000 95.000000 59.000000
7.3300 113.3400 58.0600 666.000000 0.000000 95.000000 59.000000
7.3400 113.2600 57.9100 676.000000 0.000000 95.000000 59.000000
7.3500 113.2100 57.6800 679.000000 0.000000 95.000000 59.000000
7.3600 113.1600 57.1700 666.000000 0.000000 97.000000 59.000000
7.3700 112.9500 56.5000 644.000000 0.000000 95.000000 59.000000
7.3800 112.5700 55.5900 553.000000 0.000000 95.000000 59.000000
7.3900 112.0700 54.6800 200.000000 0.000000 95.000000 59.000000
