0.0000 16.7500 52.4800 237.000000 1.000000 143.000000 64.000000
0.0100 17.0500 53.0300 259.000000 0.000000 143.000000 63.000000
0.0200 17.0500 53.3400 274.000000 0.000000 141.000000 63.000000
0.0300 17.1600 53.6600 324.000000 0.000000 141.000000 63.000000
0.0400 17.2200 53.8700 389.000000 0.000000 141.000000 61.000000
0.0500 17.2200 53.8700 444.000000 0.000000 141.000000 61.000000
0.0600 17.2800 53.6800 514.000000 0.000000 139.000000 61.000000
0.0700 17.2800 53.0300 595.000000 0.000000 139.000000 61.000000
0.0800 17.2800 51.9900 637.000000 0.000000 139.000000 61.000000
0.0900 17.2800 50.7000 664.000000 0.000000 139.000000 61.000000
0.1000 17.1400 49.1300 693.000000 0.000000 138.000000 61.000000
0.1100 16.9900 47.5100 699.000000 0.000000 138.000000 61.000000
0.1200 16.8400 45.8500 702.000000 0.000000 137.000000 62.000000
0.1300 16.7100 44.6900 697.000000 0.000000 135.000000 63.000000
0.1400 16.5500 43.7900 710.000000 0.000000 133.000000 63.000000
0.1500 16.3700 43.0700 719.000000 0.000000 133.000000 65.000000
0.1600 16.0400 42.5600 725.000000 0.000000 132.000000 65.000000
0.1700 15.6200 42.2800 724.000000 0.000000 132.000000 65.000000
0.1800 15.1400 42.1500 713.000000 0.000000 130.000000 66.000000
0.1900 14.5100 42.2100 716.000000 0.000000 131.000000 67.000000
0.2000 13.8800 42.5800 705.000000 0.000000 131.000000 67.000000
0.2100 13.1400 43.1600 716.000000 0.000000 131.000000 67.000000
0.2200 12.3300 44.0100 725.000000 0.000000 131.000000 67.000000
0.2300 11.6700 44.8400 721.000000 0.000000 130.000000 66.000000
0.2400 11.3700 45.6500 720.000000 0.000000 130.000000 66.000000
0.2500 11.3100 46.6300 754.000000 0.000000 128.000000 65.000000
0.2600 11.9800 47.7200 805.000000 0.000000 127.000000 64.000000
0.2700 13.5300 48.9500 869.000000 0.000000 127.000000 64.000000
0.2800 15.6600 50.1300 897.000000 0.000000 129.000000 64.000000
0.2900 18.7400 51.2100 909.000000 0.000000 129.000000 64.000000
0.3000 22.0600 52.0500 915.000000 0.000000 130.000000 63.000000
0.3100 25.5500 52.7400 908.000000 0.000000 133.000000 63.000000
0.3200 28.8200 53.2100 887.000000 0.000000 137.000000 63.000000
0.3300 31.9300 53.6200 829.000000 0.000000 140.000000 63.000000
0.3400 34.9200 53.9900 652.000000 0.000000 143.000000 63.000000
0.3500 37.4300 54.2700 279.000000 0.000000 143.000000 63.000000
0.3600 37.4300 54.2700 0.000000 1.000000 143.000000 63.000000
0.3700 40.5300 54.6300 0.000000 0.000000 144.000000 62.000000
0.3800 40.7300 54.7600 0.000000 0.000000 144.000000 62.000000
0.3900 40.2000 54.8800 0.000000 0.000000 144.000000 62.000000
0.4000 39.1900 54.9900 0.000000 0.000000 144.000000 62.000000
0.4100 38.0600 54.8800 0.000000 0.000000 144.000000 61.000000
0.4200 36.5400 54.8800 0.000000 0.000000 144.000000 60.000000
0.4300 34.7700 54.8800 0.000000 0.000000 142.000000 59.000000
0.4400 32.8700 54.6200 0.000000 0.000000 142.000000 58.000000
0.4500 31.0100 54.3700 0.000000 0.000000 142.000000 57.000000
0.4600 28.7100 54.0400 0.000000 0.000000 143.000000 56.000000
0.4700 26.1000 53.6700 0.000000 0.000000 144.000000 56.000000
0.4800 23.9600 53.2300 0.000000 0.000000 144.000000 56.000000
0.4900 22.2000 52.7400 0.000000 0.000000 146.000000 55.000000
0.5000 20.7000 52.2600 0.000000 0.000000 145.000000 56.000000
0.5100 19.3200 51.7800 0.000000 0.000000 145.000000 56.000000
0.5200 18.4800 51.3100 0.000000 0.000000 143.000000 56.000000
0.5300 18.0100 50.8900 0.000000 0.000000 140.000000 58.000000
0.5400 17.8300 50.4800 0.000000 0.000000 138.000000 58.000000
0.5500 17.8300 50.3600 0.000000 0.000000 134.000000 58.000000
0.5600 17.8900 50.2300 0.000000 0.000000 128.000000 58.000000
0.5700 17.9900 50.1300 0.000000 0.000000 126.000000 58.000000
0.5800 18.0900 50.1300 0.000000 0.000000 121.000000 58.000000
0.5900 18.2400 50.1300 0.000000 0.000000 123.000000 59.000000
0.6000 18.4800 50.0700 0.000000 0.000000 122.000000 60.000000
0.6100 18.7600 50.0100 0.000000 0.000000 123.000000 61.000000
0.6200 19.0400 49.9100 0.000000 0.000000 124.000000 62.000000
0.6300 19.2100 49.8000 0.000000 0.000000 126.000000 62.000000
0.6400 19.3000 49.8000 0.000000 0.000000 126.000000 62.000000
0.6500 19.3000 49.8900 0.000000 0.000000 126.000000 62.000000
0.6600 19.3700 50.2100 0.000000 0.000000 127.000000 63.000000
0.6700 19.4400 50.7500 0.000000 0.000000 127.000000 63.000000
0.6800 19.5700 51.4500 0.000000 0.000000 127.000000 63.000000
0.6900 19.7600 52.3200 0.000000 0.000000 130.000000 63.000000
0.7000 20.0100 53.3400 0.000000 0.000000 130.000000 63.000000
0.7100 20.3100 54.4600 0.000000 0.000000 132.000000 63.000000
0.7200 20.6900 55.1400 0.000000 0.000000 135.000000 63.000000
0.7300 20.6900 55.1400 495.000000 1.000000 137.000000 62.000000
0.7400 21.2600 55.4200 501.000000 0.000000 137.000000 62.000000
0.7500 21.2600 55.2600 562.000000 0.000000 138.000000 63.000000
0.7600 21.2600 54.4400 642.000000 0.000000 140.000000 62.000000
0.7700 21.1700 53.1900 716.000000 0.000000 141.000000 63.000000
0.7800 20.9900 51.6000 776.000000 0.000000 140.000000 63.000000
0.7900 20.7500 49.8300 832.000000 0.000000 140.000000 63.000000
0.8000 20.6000 47.9500 851.000000 0.000000 140.000000 63.000000
0.8100 20.6000 46.5400 852.000000 0.000000 138.000000 64.000000
0.8200 20.6000 45.4000 839.000000 0.000000 137.000000 65.000000
0.8300 20.8300 44.4400 808.000000 0.000000 133.000000 66.000000
0.8400 21.0600 43.7800 678.000000 0.000000 131.000000 67.000000
0.8500 21.2800 43.4500 214.000000 0.000000 130.000000 67.000000
0.8600 21.2800 43.4500 0.000000 1.000000 128.000000 68.000000
0.8700 21.5300 43.5100 0.000000 0.000000 125.000000 68.000000
0.8800 21.4500 44.0300 0.000000 0.000000 125.000000 68.000000
0.8900 21.2800 44.7700 0.000000 0.000000 125.000000 68.000000
0.9000 21.0400 45.6300 0.000000 0.000000 126.000000 67.000000
0.9100 20.8000 46.4700 0.000000 0.000000 126.000000 67.000000
0.9200 20.9000 47.4500 0.000000 0.000000 128.000000 65.000000
0.9300 21.2100 48.5300 0.000000 0.000000 127.000000 64.000000
0.9400 21.7700 49.4800 0.000000 0.000000 127.000000 64.000000
0.9500 22.3900 50.2000 0.000000 0.000000 125.000000 64.000000
0.9600 23.1700 50.7800 0.000000 0.000000 124.000000 64.000000
0.9700 24.0400 51.3200 0.000000 0.000000 124.000000 64.000000
0.9800 24.9900 51.6800 0.000000 0.000000 126.000000 66.000000
0.9900 25.7800 51.9100 0.000000 0.000000 126.000000 67.000000
1.0000 26.4700 52.1700 0.000000 0.000000 129.000000 68.000000
1.0100 27.1000 52.4000 0.000000 0.000000 131.000000 68.000000
1.0200 27.4500 52.5400 0.000000 0.000000 131.000000 67.000000
1.0300 27.6200 52.6100 0.000000 0.000000 132.000000 64.000000
1.0400 27.4800 52.6100 0.000000 0.000000 133.000000 62.000000
1.0500 26.8600 52.4300 0.000000 0.000000 135.000000 60.000000
1.0600 25.9100 52.1900 0.000000 0.000000 135.000000 59.000000
1.0700 25.0000 51.9300 0.000000 0.000000 131.000000 57.000000
1.0800 24.1100 51.6500 0.000000 0.000000 126.000000 54.000000
1.0900 23.1800 51.7900 0.000000 0.000000 124.000000 53.000000
1.1000 22.2000 51.7900 0.000000 0.000000 122.000000 51.000000
1.1100 21.5500 51.7300 0.000000 0.000000 124.000000 53.000000
1.1200 20.9100 51.6600 0.000000 0.000000 125.000000 55.000000
1.1300 20.5600 51.5400 0.000000 0.000000 127.000000 56.000000
1.1400 20.4000 51.4300 0.000000 0.000000 127.000000 57.000000
1.1500 19.9100 51.3400 0.000000 0.000000 128.000000 59.000000
1.1600 19.6200 51.3400 0.000000 0.000000 129.000000 60.000000
1.1700 19.4700 51.3400 0.000000 0.000000 128.000000 61.000000
1.1800 19.1700 51.4800 0.000000 0.000000 129.000000 61.000000
1.1900 18.8700 51.5900 0.000000 0.000000 128.000000 61.000000
1.2000 18.5800 51.7200 0.000000 0.000000 128.000000 61.000000
1.2100 18.2700 51.8600 0.000000 0.000000 128.000000 61.000000
1.2200 17.9400 51.8600 0.000000 0.000000 128.000000 61.000000
1.2300 17.6400 51.8600 0.000000 0.000000 129.000000 60.000000
1.2400 17.3200 51.8600 0.000000 0.000000 129.000000 60.000000
1.2500 16.9800 51.6900 0.000000 0.000000 131.000000 61.000000
1.2600 16.9800 51.6900 465.000000 1.000000 131.000000 61.000000
1.2700 16.3100 51.7700 540.000000 0.000000 132.000000 60.000000
1.2800 16.1300 52.0100 599.000000 0.000000 134.000000 61.000000
1.2900 16.1300 52.2100 670.000000 0.000000 134.000000 61.000000
1.3000 16.2700 52.4400 745.000000 0.000000 135.000000 62.000000
1.3100 17.0900 52.9300 805.000000 0.000000 135.000000 62.000000
1.3200 18.3400 53.5800 843.000000 0.000000 137.000000 62.000000
1.3300 20.0800 54.2900 836.000000 0.000000 137.000000 62.000000
1.3400 21.7800 54.7600 783.000000 0.000000 135.000000 63.000000
1.3500 23.4600 55.0800 647.000000 0.000000 135.000000 63.000000
1.3600 24.4100 55.2500 56.000000 0.000000 135.000000 63.000000
1.3700 24.4100 55.2500 0.000000 1.000000 137.000000 63.000000
1.3800 24.9000 55.4700 0.000000 0.000000 137.000000 63.000000
1.3900 24.3300 55.6100 0.000000 0.000000 137.000000 63.000000
1.4000 23.8000 55.7700 0.000000 0.000000 137.000000 63.000000
1.4100 23.3000 55.9000 0.000000 0.000000 138.000000 63.000000
1.4200 23.1700 55.9000 0.000000 0.000000 140.000000 62.000000
1.4300 22.9800 55.9000 0.000000 0.000000 141.000000 61.000000
1.4400 22.7600 55.7900 0.000000 0.000000 142.000000 61.000000
1.4500 22.9600 55.6600 0.000000 0.000000 142.000000 59.000000
1.4600 23.2800 55.4900 0.000000 0.000000 143.000000 59.000000
1.4700 23.6900 55.3400 0.000000 0.000000 144.000000 58.000000
1.4800 23.9800 55.1800 0.000000 0.000000 144.000000 58.000000
1.4900 24.1800 55.0200 0.000000 0.000000 146.000000 58.000000
1.5000 24.3200 54.8600 0.000000 0.000000 146.000000 58.000000
1.5100 24.3200 54.6800 0.000000 0.000000 146.000000 58.000000
1.5200 24.3200 54.4800 0.000000 0.000000 146.000000 60.000000
1.5300 24.1700 54.2600 0.000000 0.000000 145.000000 60.000000
1.5400 23.9600 53.9900 0.000000 0.000000 145.000000 60.000000
1.5500 23.7600 53.7600 0.000000 0.000000 144.000000 61.000000
1.5600 23.5500 53.5600 0.000000 0.000000 144.000000 61.000000
1.5700 23.4200 53.3900 0.000000 0.000000 143.000000 62.000000
1.5800 23.3500 53.3000 0.000000 0.000000 141.000000 61.000000
1.5900 23.3500 53.3000 0.000000 0.000000 140.000000 62.000000
1.6000 23.3500 53.2400 0.000000 0.000000 138.000000 61.000000
1.6100 23.2800 53.3200 0.000000 0.000000 138.000000 61.000000
1.6200 23.2800 53.4600 0.000000 0.000000 138.000000 61.000000
1.6300 23.1400 53.6000 0.000000 0.000000 136.000000 61.000000
1.6400 23.0300 53.7700 0.000000 0.000000 136.000000 61.000000
1.6500 22.9400 53.9700 0.000000 0.000000 136.000000 61.000000
1.6600 22.8600 54.0600 0.000000 0.000000 136.000000 61.000000
1.6700 22.9100 54.1100 0.000000 0.000000 136.000000 61.000000
1.6800 22.9100 54.1100 448.000000 1.000000 135.000000 62.000000
1.6900 22.9100 54.1100 494.000000 0.000000 135.000000 62.000000
1.7000 22.9100 54.1100 603.000000 0.000000 135.000000 62.000000
1.7100 23.1200 53.6900 705.000000 0.000000 135.000000 62.000000
1.7200 23.1200 53.2800 771.000000 0.000000 137.000000 62.000000
1.7300 23.1700 52.9500 787.000000 0.000000 137.000000 62.000000
1.7400 23.1700 52.5500 793.000000 0.000000 137.000000 62.000000
1.7500 23.1700 52.1100 796.000000 0.000000 138.000000 63.000000
1.7600 23.1700 51.9100 751.000000 0.000000 138.000000 63.000000
1.7700 23.1100 51.6900 666.000000 0.000000 138.000000 63.000000
1.7800 23.1100 51.5600 458.000000 0.000000 138.000000 63.000000
1.7900 23.1100 51.5000 88.000000 0.000000 138.000000 63.000000
1.8000 23.1100 51.5000 0.000000 1.000000 138.000000 63.000000
1.8100 23.1100 51.7100 0.000000 0.000000 135.000000 63.000000
1.8200 23.1900 51.9700 0.000000 0.000000 135.000000 63.000000
1.8300 23.2900 52.3800 0.000000 0.000000 135.000000 63.000000
1.8400 23.4700 52.8800 0.000000 0.000000 133.000000 62.000000
1.8500 23.6800 53.4300 0.000000 0.000000 133.000000 62.000000
1.8600 23.9000 53.9900 0.000000 0.000000 133.000000 62.000000
1.8700 24.1000 54.5200 0.000000 0.000000 133.000000 62.000000
1.8800 24.3000 54.9800 0.000000 0.000000 137.000000 62.000000
1.8900 24.4700 55.3700 0.000000 0.000000 137.000000 62.000000
1.9000 24.6500 55.7200 0.000000 0.000000 137.000000 62.000000
1.9100 24.8400 56.0400 0.000000 0.000000 138.000000 63.000000
1.9200 25.0700 56.1600 0.000000 0.000000 140.000000 62.000000
1.9300 25.0700 56.1600 456.000000 1.000000 140.000000 62.000000
1.9400 25.4000 56.1600 478.000000 0.000000 138.000000 63.000000
1.9500 25.4500 56.1000 591.000000 0.000000 140.000000 63.000000
1.9600 25.5000 55.8300 699.000000 0.000000 140.000000 63.000000
1.9700 25.5000 55.4100 785.000000 0.000000 138.000000 64.000000
1.9800 25.3800 54.9000 819.000000 0.000000 138.000000 64.000000
1.9900 25.3300 54.3400 845.000000 0.000000 138.000000 64.000000
2.0000 25.3300 53.8100 860.000000 0.000000 138.000000 64.000000
2.0100 25.3300 53.3200 851.000000 0.000000 138.000000 64.000000
2.0200 25.3300 53.0000 829.000000 0.000000 138.000000 64.000000
2.0300 25.3300 52.8200 731.000000 0.000000 138.000000 64.000000
2.0400 25.3800 52.7300 545.000000 0.000000 138.000000 64.000000
2.0500 25.3800 52.7300 99.000000 0.000000 138.000000 64.000000
2.0600 25.3800 52.7300 0.000000 1.000000 138.000000 64.000000
2.0700 25.3000 52.9100 0.000000 0.000000 138.000000 64.000000
2.0800 25.2300 53.1300 0.000000 0.000000 138.000000 64.000000
2.0900 25.2300 53.3800 0.000000 0.000000 137.000000 63.000000
2.1000 25.3100 53.6600 0.000000 0.000000 138.000000 64.000000
2.1100 25.4900 53.8000 0.000000 0.000000 138.000000 64.000000
2.1200 25.7300 53.9000 0.000000 0.000000 140.000000 63.000000
2.1300 25.9800 53.9800 0.000000 0.000000 141.000000 64.000000
2.1400 26.2300 54.0700 0.000000 0.000000 141.000000 64.000000
2.1500 26.3900 54.1700 0.000000 0.000000 141.000000 64.000000
2.1600 26.5400 54.2700 0.000000 0.000000 143.000000 64.000000
2.1700 26.6700 54.3500 0.000000 0.000000 143.000000 64.000000
2.1800 26.7500 54.4300 0.000000 0.000000 143.000000 64.000000
2.1900 26.8500 54.4900 0.000000 0.000000 141.000000 64.000000
2.2000 26.9900 54.5400 0.000000 0.000000 140.000000 63.000000
2.2100 27.1100 54.5900 0.000000 0.000000 138.000000 63.000000
2.2200 27.2100 54.5900 0.000000 0.000000 138.000000 63.000000
2.2300 27.3000 54.5900 0.000000 0.000000 137.000000 62.000000
2.2400 27.3600 54.6400 0.000000 0.000000 135.000000 62.000000
2.2500 27.3600 54.6400 0.000000 0.000000 135.000000 62.000000
2.2600 27.3600 54.6900 0.000000 0.000000 135.000000 62.000000
2.2700 27.3600 54.6900 0.000000 0.000000 135.000000 62.000000
2.2800 27.4100 54.7800 0.000000 0.000000 135.000000 62.000000
2.2900 27.4100 54.7800 0.000000 0.000000 133.000000 62.000000
2.3000 27.4100 54.7800 0.000000 0.000000 133.000000 62.000000
2.3100 27.4100 54.7800 44.000000 1.000000 133.000000 62.000000
2.3200 27.4100 54.7800 58.000000 0.000000 133.000000 62.000000
2.3300 27.4100 54.7800 101.000000 0.000000 133.000000 62.000000
2.3400 27.4100 54.7800 134.000000 0.000000 133.000000 62.000000
2.3500 27.4100 54.7800 188.000000 0.000000 133.000000 62.000000
2.3600 27.4100 54.7800 218.000000 0.000000 133.000000 62.000000
2.3700 27.4100 54.7800 264.000000 0.000000 133.000000 62.000000
2.3800 27.4100 54.7800 317.000000 0.000000 133.000000 62.000000
2.3900 27.4100 54.7800 396.000000 0.000000 133.000000 62.000000
2.4000 27.2500 55.0600 483.000000 0.000000 133.000000 62.000000
2.4100 27.2000 55.0600 550.000000 0.000000 133.000000 62.000000
2.4200 27.1200 55.0600 609.000000 0.000000 133.000000 62.000000
2.4300 26.8600 54.8900 668.000000 0.000000 133.000000 62.000000
2.4400 26.4800 54.5100 711.000000 0.000000 133.000000 62.000000
2.4500 26.0200 53.9900 760.000000 0.000000 135.000000 63.000000
2.4600 25.7600 53.5600 799.000000 0.000000 135.000000 63.000000
2.4700 25.6200 53.1700 817.000000 0.000000 135.000000 63.000000
2.4800 25.6200 52.8100 819.000000 0.000000 137.000000 63.000000
2.4900 25.6200 52.6200 832.000000 0.000000 137.000000 63.000000
2.5000 25.7700 52.5600 826.000000 0.000000 137.000000 63.000000
2.5100 26.0400 52.5600 812.000000 0.000000 138.000000 64.000000
2.5200 26.3800 52.7500 803.000000 0.000000 138.000000 64.000000
2.5300 26.7300 52.9800 794.000000 0.000000 138.000000 64.000000
2.5400 26.9500 53.2700 787.000000 0.000000 137.000000 63.000000
2.5500 27.0900 53.6000 784.000000 0.000000 137.000000 63.000000
2.5600 27.1900 53.8900 788.000000 0.000000 137.000000 63.000000
2.5700 27.1900 54.1200 794.000000 0.000000 135.000000 63.000000
2.5800 27.1900 54.3200 805.000000 0.000000 135.000000 63.000000
2.5900 27.1900 54.3800 814.000000 0.000000 133.000000 62.000000
2.6000 27.1900 54.3800 826.000000 0.000000 133.000000 62.000000
2.6100 27.1900 54.2400 846.000000 0.000000 133.000000 62.000000
2.6200 27.1900 54.1100 867.000000 0.000000 132.000000 61.000000
2.6300 27.2900 53.8600 890.000000 0.000000 132.000000 61.000000
2.6400 27.3600 53.5300 912.000000 0.000000 133.000000 62.000000
2.6500 27.4200 53.2000 921.000000 0.000000 133.000000 62.000000
2.6600 27.4700 53.0200 923.000000 0.000000 133.000000 62.000000
2.6700 27.4700 52.9400 915.000000 0.000000 133.000000 62.000000
2.6800 27.4700 52.8800 906.000000 0.000000 133.000000 62.000000
2.6900 27.5700 52.8800 897.000000 0.000000 135.000000 63.000000
2.7000 27.6800 52.9300 906.000000 0.000000 135.000000 63.000000
2.7100 27.8100 53.0500 905.000000 0.000000 135.000000 63.000000
2.7200 27.9700 53.2400 906.000000 0.000000 135.000000 63.000000
2.7300 28.1300 53.4700 905.000000 0.000000 135.000000 63.000000
2.7400 28.2800 53.7900 896.000000 0.000000 135.000000 63.000000
2.7500 28.3900 54.0800 906.000000 0.000000 135.000000 63.000000
2.7600 28.4600 54.2800 938.000000 0.000000 135.000000 63.000000
2.7700 28.5800 54.4200 945.000000 0.000000 135.000000 63.000000
2.7800 28.6600 54.5200 935.000000 0.000000 135.000000 63.000000
2.7900 28.6600 54.5200 944.000000 0.000000 135.000000 63.000000
2.8000 28.6600 54.5700 946.000000 0.000000 135.000000 63.000000
2.8100 28.6600 54.5700 955.000000 0.000000 135.000000 63.000000
2.8200 28.7200 54.5100 983.000000 0.000000 135.000000 63.000000
2.8300 28.7800 54.4400 987.000000 0.000000 135.000000 63.000000
2.8400 28.9200 54.2700 1003.000000 0.000000 135.000000 63.000000
2.8500 29.0300 54.0700 1008.000000 0.000000 135.000000 63.000000
2.8600 29.1200 53.8600 1005.000000 0.000000 135.000000 63.000000
2.8700 29.1800 53.6500 1005.000000 0.000000 135.000000 63.000000
2.8800 29.1800 53.4800 1000.000000 0.000000 135.000000 63.000000
2.8900 29.1800 53.3200 976.000000 0.000000 135.000000 63.000000
2.9000 29.1800 53.2300 921.000000 0.000000 135.000000 63.000000
2.9100 29.1800 53.2300 836.000000 0.000000 135.000000 63.000000
2.9200 29.1800 53.2300 691.000000 0.000000 135.000000 63.000000
2.9300 29.1800 53.3400 281.000000 0.000000 135.000000 63.000000
2.9400 29.1800 53.3400 0.000000 1.000000 135.000000 63.000000
2.9500 29.1800 53.8600 0.000000 0.000000 135.000000 63.000000
2.9600 29.1300 54.2900 0.000000 0.000000 135.000000 63.000000
2.9700 29.0400 54.8000 0.000000 0.000000 135.000000 63.000000
2.9800 29.0400 55.3700 0.000000 0.000000 135.000000 63.000000
2.9900 29.1400 55.6700 0.000000 0.000000 135.000000 63.000000
3.0000 29.1400 55.6700 440.000000 1.000000 135.000000 63.000000
3.0100 29.1400 55.6700 475.000000 0.000000 135.000000 63.000000
3.0200 29.1400 55.6700 554.000000 0.000000 135.000000 63.000000
3.0300 29.1400 55.6700 638.000000 0.000000 135.000000 63.000000
3.0400 29.1400 55.6700 662.000000 0.000000 135.000000 63.000000
3.0500 29.1400 55.6700 656.000000 0.000000 135.000000 63.000000
3.0600 29.1400 55.6700 619.000000 0.000000 135.000000 63.000000
3.0700 29.1400 55.6700 564.000000 0.000000 135.000000 63.000000
3.0800 29.4300 55.5600 518.000000 0.000000 135.000000 63.000000
3.0900 29.5100 55.2500 522.000000 0.000000 135.000000 63.000000
3.1000 29.6100 54.8600 519.000000 0.000000 135.000000 63.000000
3.1100 29.7500 54.4100 565.000000 0.000000 135.000000 63.000000
3.1200 29.9100 53.9900 631.000000 0.000000 135.000000 63.000000
3.1300 30.1000 53.6600 699.000000 0.000000 135.000000 63.000000
3.1400 30.3400 53.3800 785.000000 0.000000 137.000000 63.000000
3.1500 30.5800 53.2300 837.000000 0.000000 137.000000 63.000000
3.1600 30.8400 53.2300 890.000000 0.000000 137.000000 63.000000
3.1700 31.0400 53.2900 944.000000 0.000000 137.000000 63.000000
3.1800 31.2000 53.5600 956.000000 0.000000 137.000000 63.000000
3.1900 31.4300 53.8600 982.000000 0.000000 137.000000 63.000000
3.2000 31.4900 54.1900 1002.000000 0.000000 137.000000 63.000000
3.2100 31.4300 54.5100 1008.000000 0.000000 137.000000 63.000000
3.2200 31.3100 54.8600 1008.000000 0.000000 137.000000 63.000000
3.2300 31.0600 55.2200 991.000000 0.000000 135.000000 64.000000
3.2400 30.7300 55.4100 968.000000 0.000000 135.000000 64.000000
3.2500 30.3600 55.5300 905.000000 0.000000 133.000000 63.000000
3.2600 30.0400 55.5300 811.000000 0.000000 133.000000 63.000000
3.2700 29.7800 55.3100 645.000000 0.000000 133.000000 63.000000
3.2800 29.5400 54.9800 282.000000 0.000000 133.000000 63.000000
3.2900 29.5400 54.9800 0.000000 1.000000 133.000000 63.000000
3.3000 29.3400 54.4600 0.000000 0.000000 133.000000 63.000000
3.3100 29.3400 54.3000 0.000000 0.000000 135.000000 63.000000
3.3200 29.2900 54.2100 0.000000 0.000000 135.000000 63.000000
3.3300 29.2400 54.2100 0.000000 0.000000 135.000000 63.000000
3.3400 29.1800 54.2600 0.000000 0.000000 135.000000 63.000000
3.3500 29.0800 54.0100 0.000000 0.000000 135.000000 63.000000
3.3600 28.9100 54.0800 0.000000 0.000000 135.000000 62.000000
3.3700 28.6900 54.3700 0.000000 0.000000 135.000000 62.000000
3.3800 28.4700 54.4500 0.000000 0.000000 134.000000 61.000000
3.3900 28.2400 54.5000 0.000000 0.000000 135.000000 60.000000
3.4000 28.0000 54.5000 0.000000 0.000000 134.000000 60.000000
3.4100 27.7300 54.4400 0.000000 0.000000 134.000000 60.000000
3.4200 27.4400 54.3600 0.000000 0.000000 135.000000 59.000000
3.4300 27.1600 54.2800 0.000000 0.000000 134.000000 58.000000
3.4400 26.8800 54.2800 0.000000 0.000000 134.000000 58.000000
3.4500 26.6400 54.2800 0.000000 0.000000 135.000000 59.000000
3.4600 26.4200 54.2800 0.000000 0.000000 135.000000 59.000000
3.4700 26.2400 54.3300 0.000000 0.000000 136.000000 60.000000
3.4800 26.0600 54.3300 0.000000 0.000000 138.000000 60.000000
3.4900 25.9900 54.4100 0.000000 0.000000 141.000000 61.000000
3.5000 25.9400 54.4100 0.000000 0.000000 143.000000 62.000000
3.5100 25.9400 54.4100 0.000000 0.000000 144.000000 62.000000
3.5200 25.9400 54.4900 0.000000 0.000000 148.000000 63.000000
3.5300 25.8600 54.4900 0.000000 0.000000 150.000000 64.000000
3.5400 25.8100 54.4900 0.000000 0.000000 150.000000 64.000000
3.5500 25.8100 54.4900 0.000000 0.000000 150.000000 64.000000
3.5600 25.7600 54.4900 0.000000 0.000000 150.000000 64.000000
3.5700 25.7600 54.4900 0.000000 0.000000 150.000000 64.000000
3.5800 25.7600 54.5400 0.000000 0.000000 150.000000 64.000000
3.5900 25.7600 54.6000 0.000000 0.000000 150.000000 64.000000
3.6000 25.8600 54.6500 0.000000 0.000000 150.000000 64.000000
3.6100 25.9400 54.6500 0.000000 0.000000 150.000000 64.000000
3.6200 26.0000 54.7200 0.000000 0.000000 150.000000 64.000000
3.6300 26.0000 54.7200 0.000000 0.000000 150.000000 64.000000
3.6400 26.0000 54.7800 0.000000 0.000000 150.000000 64.000000
3.6500 26.0000 54.7800 0.000000 0.000000 150.000000 64.000000
3.6600 26.0500 54.7800 0.000000 0.000000 150.000000 64.000000
3.6700 26.1000 54.7800 0.000000 0.000000 150.000000 64.000000
3.6800 26.1500 54.7800 0.000000 0.000000 150.000000 64.000000
3.6900 26.1500 54.7800 0.000000 0.000000 150.000000 64.000000
3.7000 26.2400 54.7800 0.000000 0.000000 150.000000 64.000000
3.7100 26.3300 54.7800 0.000000 0.000000 151.000000 64.000000
3.7200 26.4500 54.8500 0.000000 0.000000 151.000000 64.000000
3.7300 26.5700 54.8500 0.000000 0.000000 150.000000 64.000000
3.7400 26.6800 54.8500 0.000000 0.000000 150.000000 64.000000
3.7500 26.7900 54.8500 0.000000 0.000000 146.000000 63.000000
3.7600 26.9100 54.8500 0.000000 0.000000 144.000000 62.000000
3.7700 27.0800 54.8500 0.000000 0.000000 143.000000 62.000000
3.7800 27.1800 54.8500 0.000000 0.000000 139.000000 61.000000
3.7900 27.2300 54.8000 0.000000 0.000000 138.000000 60.000000
3.8000 27.2300 54.7400 0.000000 0.000000 136.000000 58.000000
3.8100 27.1300 54.6800 0.000000 0.000000 135.000000 58.000000
3.8200 27.0200 54.5900 0.000000 0.000000 134.000000 57.000000
3.8300 26.9100 54.5100 0.000000 0.000000 132.000000 57.000000
3.8400 26.8100 54.4400 0.000000 0.000000 132.000000 57.000000
3.8500 26.7100 54.3300 0.000000 0.000000 132.000000 57.000000
3.8600 26.6100 54.2000 0.000000 0.000000 132.000000 57.000000
3.8700 26.5400 54.0100 0.000000 0.000000 132.000000 57.000000
3.8800 26.5400 53.7600 0.000000 0.000000 132.000000 57.000000
3.8900 26.4900 53.3800 0.000000 0.000000 131.000000 56.000000
3.9000 26.4900 52.9400 0.000000 0.000000 131.000000 56.000000
3.9100 26.4900 52.2200 0.000000 0.000000 130.000000 55.000000
3.9200 26.4000 51.8000 0.000000 0.000000 129.000000 56.000000
3.9300 26.5100 51.5900 0.000000 0.000000 127.000000 55.000000
3.9400 26.6600 51.1900 0.000000 0.000000 125.000000 55.000000
3.9500 26.7900 50.8400 0.000000 0.000000 124.000000 55.000000
3.9600 26.8800 50.5300 0.000000 0.000000 122.000000 56.000000
3.9700 26.9800 50.2300 0.000000 0.000000 120.000000 55.000000
3.9800 26.9800 49.9300 0.000000 0.000000 118.000000 56.000000
3.9900 26.9800 49.6400 0.000000 0.000000 116.000000 56.000000
4.0000 27.0700 49.4100 0.000000 0.000000 115.000000 58.000000
4.0100 27.1700 49.2100 0.000000 0.000000 112.000000 58.000000
4.0200 27.2400 49.0700 0.000000 0.000000 110.000000 58.000000
4.0300 27.2400 48.9500 0.000000 0.000000 111.000000 59.000000
4.0400 27.2400 48.8400 0.000000 0.000000 110.000000 60.000000
4.0500 27.2400 48.7000 0.000000 0.000000 110.000000 60.000000
4.0600 27.0900 48.5600 0.000000 0.000000 109.000000 62.000000
4.0700 27.0900 48.5600 0.000000 0.000000 109.000000 62.000000
4.0800 26.7900 48.2400 0.000000 0.000000 110.000000 63.000000
4.0900 26.5900 48.0900 0.000000 0.000000 110.000000 63.000000
4.1000 26.4800 47.9900 0.000000 0.000000 113.000000 63.000000
4.1100 26.2900 47.9200 0.000000 0.000000 117.000000 65.000000
4.1200 26.0500 47.9200 0.000000 0.000000 120.000000 65.000000
4.1300 25.7300 47.9200 0.000000 0.000000 124.000000 66.000000
4.1400 25.3600 47.8400 0.000000 0.000000 131.000000 67.000000
4.1500 24.9500 47.7400 0.000000 0.000000 135.000000 67.000000
4.1600 24.5300 47.5600 0.000000 0.000000 140.000000 67.000000
4.1700 24.1400 47.3300 0.000000 0.000000 142.000000 66.000000
4.1800 23.7700 47.0700 0.000000 0.000000 144.000000 67.000000
4.1900 23.4000 46.8600 0.000000 0.000000 142.000000 66.000000
4.2000 23.0400 46.6900 0.000000 0.000000 140.000000 66.000000
4.2100 22.7100 46.6000 0.000000 0.000000 138.000000 65.000000
4.2200 22.4300 46.5500 0.000000 0.000000 135.000000 65.000000
4.2300 22.1900 46.5500 0.000000 0.000000 135.000000 65.000000
4.2400 21.9900 46.5500 0.000000 0.000000 133.000000 65.000000
4.2500 21.8500 46.5000 0.000000 0.000000 132.000000 65.000000
4.2600 21.8500 46.5000 0.000000 0.000000 130.000000 65.000000
4.2700 21.8500 46.5000 0.000000 0.000000 130.000000 65.000000
4.2800 21.9700 46.5000 0.000000 0.000000 130.000000 65.000000
4.2900 22.1200 46.6200 0.000000 0.000000 129.000000 64.000000
4.3000 22.3300 46.7800 0.000000 0.000000 129.000000 64.000000
4.3100 22.5300 46.9900 0.000000 0.000000 129.000000 64.000000
4.3200 22.7100 47.2400 0.000000 0.000000 130.000000 65.000000
4.3300 22.9400 47.5600 0.000000 0.000000 130.000000 65.000000
4.3400 23.1700 47.8800 0.000000 0.000000 130.000000 65.000000
4.3500 23.4200 48.2400 0.000000 0.000000 128.000000 65.000000
4.3600 23.6900 48.6300 0.000000 0.000000 128.000000 65.000000
4.3700 24.0000 49.0400 0.000000 0.000000 128.000000 65.000000
4.3800 24.3200 49.4000 0.000000 0.000000 128.000000 65.000000
4.3900 24.4900 49.6000 0.000000 0.000000 130.000000 66.000000
4.4000 24.5700 49.7100 0.000000 0.000000 130.000000 66.000000
4.4100 24.4600 49.7100 0.000000 0.000000 130.000000 66.000000
4.4200 24.2200 49.6000 0.000000 0.000000 130.000000 66.000000
4.4300 23.8800 49.4600 0.000000 0.000000 130.000000 66.000000
4.4400 23.5700 49.2900 0.000000 0.000000 130.000000 66.000000
4.4500 23.2600 49.1700 0.000000 0.000000 130.000000 66.000000
4.4600 22.9000 49.0700 0.000000 0.000000 130.000000 66.000000
4.4700 22.5100 48.9300 0.000000 0.000000 126.000000 66.000000
4.4800 22.0000 48.8100 0.000000 0.000000 126.000000 66.000000
4.4900 21.4400 48.6900 0.000000 0.000000 126.000000 66.000000
4.5000 20.8500 48.5500 0.000000 0.000000 123.000000 65.000000
4.5100 20.3700 48.3800 0.000000 0.000000 123.000000 65.000000
4.5200 19.9500 48.2000 0.000000 0.000000 123.000000 65.000000
4.5300 19.7300 48.0200 0.000000 0.000000 122.000000 65.000000
4.5400 19.7300 48.0200 0.000000 0.000000 122.000000 65.000000
4.5500 19.7300 48.0200 0.000000 0.000000 124.000000 64.000000
4.5600 19.7300 48.0200 0.000000 0.000000 124.000000 64.000000
4.5700 19.7300 48.0200 0.000000 0.000000 125.000000 64.000000
4.5800 19.7300 48.0200 0.000000 0.000000 125.000000 64.000000
4.5900 19.7300 48.0200 0.000000 0.000000 127.000000 63.000000
4.6000 19.4700 47.8800 0.000000 0.000000 130.000000 63.000000
4.6100 19.3200 47.8800 0.000000 0.000000 130.000000 63.000000
4.6200 19.1200 47.8800 0.000000 0.000000 130.000000 63.000000
4.6300 18.8900 47.7900 0.000000 0.000000 130.000000 63.000000
4.6400 18.7300 47.7000 0.000000 0.000000 130.000000 63.000000
4.6500 18.5900 47.6300 0.000000 0.000000 129.000000 63.000000
4.6600 18.4800 47.5700 0.000000 0.000000 129.000000 63.000000
4.6700 18.3900 47.5700 0.000000 0.000000 129.000000 63.000000
4.6800 18.3900 47.5100 0.000000 0.000000 129.000000 63.000000
4.6900 18.3900 47.5100 0.000000 0.000000 130.000000 63.000000
4.7000 18.3900 47.5100 0.000000 0.000000 129.000000 64.000000
4.7100 18.3300 47.6100 0.000000 0.000000 129.000000 64.000000
4.7200 18.3300 47.7200 0.000000 0.000000 129.000000 64.000000
4.7300 18.2500 47.8600 0.000000 0.000000 129.000000 64.000000
4.7400 18.1800 48.0700 0.000000 0.000000 129.000000 64.000000
4.7500 18.0800 48.3300 0.000000 0.000000 127.000000 64.000000
4.7600 17.9000 48.5900 0.000000 0.000000 127.000000 64.000000
4.7700 17.6600 48.9700 0.000000 0.000000 127.000000 64.000000
4.7800 17.3800 49.4200 0.000000 0.000000 127.000000 64.000000
4.7900 17.1300 49.7700 0.000000 0.000000 127.000000 64.000000
4.8000 17.1300 49.7700 259.000000 1.000000 127.000000 64.000000
4.8100 17.0500 50.1500 400.000000 0.000000 129.000000 64.000000
4.8200 17.1100 50.3400 469.000000 0.000000 129.000000 64.000000
4.8300 17.2800 50.1500 519.000000 0.000000 129.000000 63.000000
4.8400 17.6200 49.7100 578.000000 0.000000 132.000000 63.000000
4.8500 18.0400 49.0500 637.000000 0.000000 132.000000 63.000000
4.8600 18.3300 48.2700 688.000000 0.000000 132.000000 63.000000
4.8700 18.6500 47.4100 700.000000 0.000000 132.000000 63.000000
4.8800 18.8900 46.6500 722.000000 0.000000 132.000000 63.000000
4.8900 19.0600 46.1400 727.000000 0.000000 132.000000 64.000000
4.9000 19.1500 45.7900 754.000000 0.000000 130.000000 65.000000
4.9100 19.1500 45.6600 765.000000 0.000000 128.000000 65.000000
4.9200 19.1500 45.7100 785.000000 0.000000 126.000000 66.000000
4.9300 19.2100 45.8700 797.000000 0.000000 126.000000 66.000000
4.9400 19.2100 46.3700 829.000000 0.000000 124.000000 66.000000
4.9500 19.5500 47.3700 837.000000 0.000000 124.000000 66.000000
4.9600 20.0700 48.7000 854.000000 0.000000 124.000000 66.000000
4.9700 20.7900 50.1500 860.000000 0.000000 126.000000 66.000000
4.9800 21.8000 51.5100 853.000000 0.000000 128.000000 65.000000
4.9900 23.0100 52.8100 863.000000 0.000000 130.000000 66.000000
5.0000 23.8300 53.4100 829.000000 0.000000 132.000000 65.000000
5.0100 24.3100 53.7800 691.000000 0.000000 133.000000 65.000000
5.0200 24.5500 54.0000 101.000000 0.000000 135.000000 64.000000
5.0300 24.5500 54.0000 0.000000 1.000000 138.000000 64.000000
5.0400 24.6900 53.8800 0.000000 0.000000 140.000000 63.000000
5.0500 24.4700 53.7400 0.000000 0.000000 140.000000 63.000000
5.0600 24.2500 53.5300 0.000000 0.000000 140.000000 63.000000
5.0700 24.1500 53.3300 0.000000 0.000000 141.000000 63.000000
5.0800 24.1500 53.1300 0.000000 0.000000 141.000000 63.000000
5.0900 24.2600 52.4100 0.000000 0.000000 141.000000 63.000000
5.1000 24.4400 51.8600 0.000000 0.000000 141.000000 63.000000
5.1100 24.7000 51.4300 0.000000 0.000000 143.000000 63.000000
5.1200 25.0000 50.8200 0.000000 0.000000 143.000000 63.000000
5.1300 25.1000 50.2500 0.000000 0.000000 143.000000 64.000000
5.1400 25.1000 49.7100 0.000000 0.000000 142.000000 65.000000
5.1500 24.9600 49.1300 0.000000 0.000000 140.000000 67.000000
5.1600 24.7600 48.5600 0.000000 0.000000 139.000000 68.000000
5.1700 24.4800 48.0200 0.000000 0.000000 137.000000 69.000000
5.1800 24.2500 47.5400 0.000000 0.000000 135.000000 69.000000
5.1900 23.9900 47.1100 0.000000 0.000000 133.000000 69.000000
5.2000 23.7800 46.7500 0.000000 0.000000 135.000000 68.000000
5.2100 23.6200 46.4900 0.000000 0.000000 133.000000 67.000000
5.2200 23.6200 46.2900 0.000000 0.000000 135.000000 67.000000
5.2300 23.5600 46.0800 0.000000 0.000000 135.000000 67.000000
5.2400 23.5600 46.0300 0.000000 0.000000 135.000000 65.000000
5.2500 23.6600 46.0800 0.000000 0.000000 135.000000 65.000000
5.2600 23.7200 46.0800 0.000000 0.000000 135.000000 65.000000
5.2700 23.8000 46.0800 0.000000 0.000000 133.000000 65.000000
5.2800 23.9100 46.0800 0.000000 0.000000 132.000000 65.000000
5.2900 24.0300 46.0800 0.000000 0.000000 132.000000 65.000000
5.3000 23.8000 46.0800 0.000000 0.000000 132.000000 65.000000
5.3100 23.7400 46.0800 0.000000 0.000000 130.000000 66.000000
5.3200 23.7900 46.0800 0.000000 0.000000 130.000000 66.000000
5.3300 23.7900 46.1700 0.000000 0.000000 130.000000 66.000000
5.3400 23.7900 46.1700 0.000000 0.000000 130.000000 66.000000
5.3500 23.7300 46.1700 0.000000 0.000000 130.000000 66.000000
5.3600 23.6500 46.0700 0.000000 0.000000 128.000000 66.000000
5.3700 23.5800 46.0100 0.000000 0.000000 128.000000 66.000000
5.3800 23.5300 46.0100 0.000000 0.000000 126.000000 66.000000
5.3900 23.5300 45.9400 0.000000 0.000000 126.000000 66.000000
5.4000 23.5300 45.9400 0.000000 0.000000 126.000000 66.000000
5.4100 23.5300 46.0000 0.000000 0.000000 126.000000 66.000000
5.4200 23.5300 46.0500 0.000000 0.000000 124.000000 66.000000
5.4300 23.5300 46.1100 0.000000 0.000000 124.000000 66.000000
5.4400 23.5300 46.1800 0.000000 0.000000 124.000000 66.000000
5.4500 23.5300 46.2400 0.000000 0.000000 124.000000 66.000000
5.4600 23.5300 46.3000 0.000000 0.000000 124.000000 66.000000
5.4700 23.5300 46.4000 0.000000 0.000000 124.000000 66.000000
5.4800 23.5300 46.5300 0.000000 0.000000 124.000000 66.000000
5.4900 23.5300 46.6000 0.000000 0.000000 124.000000 66.000000
5.5000 23.5300 46.6000 212.000000 1.000000 124.000000 66.000000
5.5100 23.5300 46.8500 312.000000 0.000000 124.000000 66.000000
5.5200 23.4100 46.9400 389.000000 0.000000 124.000000 66.000000
5.5300 23.3300 46.9400 522.000000 0.000000 124.000000 66.000000
5.5400 23.2600 46.9400 631.000000 0.000000 124.000000 66.000000
5.5500 23.1000 46.6500 700.000000 0.000000 122.000000 67.000000
5.5600 22.8700 46.2000 793.000000 0.000000 122.000000 67.000000
5.5700 22.7400 45.6600 837.000000 0.000000 124.000000 67.000000
5.5800 22.7400 45.1700 890.000000 0.000000 124.000000 67.000000
5.5900 22.8500 44.7400 899.000000 0.000000 124.000000 67.000000
5.6000 23.0600 44.4600 902.000000 0.000000 124.000000 67.000000
5.6100 23.3100 44.3000 915.000000 0.000000 122.000000 68.000000
5.6200 23.5800 44.3500 921.000000 0.000000 122.000000 68.000000
5.6300 23.9700 44.6100 923.000000 0.000000 122.000000 68.000000
5.6400 24.4100 45.0100 926.000000 0.000000 122.000000 68.000000
5.6500 24.6600 45.4100 936.000000 0.000000 122.000000 68.000000
5.6600 24.7800 45.8100 935.000000 0.000000 122.000000 68.000000
5.6700 24.7800 46.2400 951.000000 0.000000 122.000000 68.000000
5.6800 24.5400 46.6900 944.000000 0.000000 123.000000 69.000000
5.6900 24.2200 47.2400 950.000000 0.000000 123.000000 69.000000
5.7000 23.8500 47.5600 939.000000 0.000000 123.000000 69.000000
5.7100 23.4800 47.7200 899.000000 0.000000 125.000000 68.000000
5.7200 23.4800 47.7200 796.000000 0.000000 125.000000 68.000000
5.7300 23.1200 47.5000 561.000000 0.000000 128.000000 68.000000
5.7400 23.0100 47.1700 172.000000 0.000000 128.000000 68.000000
5.7500 23.0100 47.1700 0.000000 1.000000 128.000000 66.000000
5.7600 23.0300 46.3400 0.000000 0.000000 128.000000 66.000000
5.7700 23.2600 46.0800 0.000000 0.000000 126.000000 67.000000
5.7800 23.6000 45.9900 0.000000 0.000000 126.000000 67.000000
5.7900 24.0200 45.9900 0.000000 0.000000 126.000000 67.000000
5.8000 24.4300 45.9900 0.000000 0.000000 126.000000 67.000000
5.8100 24.8500 45.9900 0.000000 0.000000 128.000000 68.000000
5.8200 25.1700 45.9900 0.000000 0.000000 128.000000 68.000000
5.8300 25.4400 45.9900 0.000000 0.000000 128.000000 68.000000
5.8400 25.6000 46.0400 0.000000 0.000000 129.000000 68.000000
5.8500 25.6600 46.1200 0.000000 0.000000 131.000000 68.000000
5.8600 25.6600 46.1200 0.000000 0.000000 133.000000 69.000000
5.8700 25.5700 46.1200 0.000000 0.000000 133.000000 69.000000
5.8800 25.5200 46.0700 0.000000 0.000000 135.000000 69.000000
5.8900 25.5200 45.9800 0.000000 0.000000 135.000000 69.000000
5.9000 25.5200 45.8800 0.000000 0.000000 135.000000 69.000000
5.9100 25.6300 45.8300 0.000000 0.000000 135.000000 69.000000
5.9200 25.6300 45.7800 0.000000 0.000000 135.000000 69.000000
5.9300 25.6300 45.7100 0.000000 0.000000 133.000000 70.000000
5.9400 25.6300 45.7100 0.000000 0.000000 131.000000 69.000000
5.9500 25.5700 45.7100 0.000000 0.000000 131.000000 69.000000
5.9600 25.4800 45.6300 0.000000 0.000000 131.000000 69.000000
5.9700 25.3500 45.5700 0.000000 0.000000 131.000000 69.000000
5.9800 25.2300 45.5000 0.000000 0.000000 131.000000 69.000000
5.9900 25.1300 45.4300 0.000000 0.000000 131.000000 69.000000
6.0000 25.0400 45.3300 0.000000 0.000000 131.000000 69.000000
6.0100 24.9600 45.2500 0.000000 0.000000 131.000000 69.000000
6.0200 24.8500 45.1800 0.000000 0.000000 129.000000 68.000000
6.0300 24.7700 45.1800 0.000000 0.000000 129.000000 68.000000
6.0400 24.7200 45.1800 0.000000 0.000000 129.000000 68.000000
6.0500 24.7200 45.1800 0.000000 0.000000 129.000000 68.000000
6.0600 24.7200 45.2400 0.000000 0.000000 128.000000 68.000000
6.0700 24.7200 45.3100 0.000000 0.000000 128.000000 68.000000
6.0800 24.7200 45.3600 0.000000 0.000000 128.000000 68.000000
6.0900 24.6700 45.4100 0.000000 0.000000 128.000000 68.000000
6.1000 24.6100 45.4100 0.000000 0.000000 128.000000 68.000000
6.1100 24.5100 45.4100 0.000000 0.000000 128.000000 68.000000
6.1200 24.4100 45.4100 0.000000 0.000000 128.000000 68.000000
6.1300 24.3200 45.4100 0.000000 0.000000 128.000000 68.000000
6.1400 24.2500 45.4900 0.000000 0.000000 128.000000 68.000000
6.1500 24.1900 45.5600 0.000000 0.000000 128.000000 68.000000
6.1600 24.1900 45.5600 0.000000 0.000000 128.000000 68.000000
6.1700 24.1900 45.5600 0.000000 0.000000 128.000000 68.000000
6.1800 24.1900 45.5600 0.000000 0.000000 128.000000 68.000000
6.1900 24.1900 45.5600 0.000000 0.000000 128.000000 68.000000
6.2000 23.9300 45.8600 0.000000 0.000000 128.000000 68.000000
6.2100 23.9300 45.9100 0.000000 0.000000 126.000000 67.000000
6.2200 23.8700 45.9100 0.000000 0.000000 126.000000 67.000000
6.2300 23.8700 45.9600 0.000000 0.000000 126.000000 67.000000
6.2400 23.8700 45.9600 0.000000 0.000000 126.000000 67.000000
6.2500 23.9400 46.0300 0.000000 0.000000 126.000000 67.000000
6.2600 24.0000 46.0800 0.000000 0.000000 126.000000 67.000000
6.2700 24.0500 46.0800 0.000000 0.000000 126.000000 67.000000
6.2800 24.1000 46.1600 0.000000 0.000000 126.000000 67.000000
6.2900 24.1000 46.1600 0.000000 0.000000 126.000000 67.000000
6.3000 24.1500 46.2100 0.000000 0.000000 126.000000 67.000000
6.3100 24.1500 46.2100 0.000000 0.000000 126.000000 67.000000
6.3200 24.1500 46.2600 0.000000 0.000000 126.000000 67.000000
6.3300 24.1500 46.3100 0.000000 0.000000 126.000000 67.000000
6.3400 24.1500 46.3900 0.000000 0.000000 126.000000 67.000000
6.3500 24.1500 46.4800 0.000000 0.000000 126.000000 67.000000
6.3600 24.1000 46.5500 0.000000 0.000000 124.000000 67.000000
6.3700 24.1000 46.6200 0.000000 0.000000 124.000000 67.000000
6.3800 24.1000 46.6700 0.000000 0.000000 124.000000 67.000000
6.3900 24.1800 46.7500 0.000000 0.000000 124.000000 67.000000
6.4000 24.1800 46.7500 67.000000 1.000000 124.000000 67.000000
6.4100 24.1800 46.7500 122.000000 0.000000 124.000000 67.000000
6.4200 24.2400 46.8600 205.000000 0.000000 122.000000 67.000000
6.4300 24.2400 46.8600 297.000000 0.000000 122.000000 67.000000
6.4400 24.2400 46.8000 399.000000 0.000000 122.000000 67.000000
6.4500 24.2400 46.6900 497.000000 0.000000 124.000000 67.000000
6.4600 24.2400 46.5600 562.000000 0.000000 124.000000 67.000000
6.4700 24.2400 46.4700 622.000000 0.000000 124.000000 67.000000
6.4800 24.3000 46.4100 667.000000 0.000000 124.000000 67.000000
6.4900 24.3600 46.2500 705.000000 0.000000 122.000000 68.000000
6.5000 24.4900 46.0600 739.000000 0.000000 123.000000 69.000000
6.5100 24.6900 45.7800 754.000000 0.000000 123.000000 69.000000
6.5200 24.8800 45.4500 760.000000 0.000000 123.000000 69.000000
6.5300 25.0400 45.1600 773.000000 0.000000 123.000000 69.000000
6.5400 25.1900 44.9500 790.000000 0.000000 123.000000 69.000000
6.5500 25.3400 44.7900 817.000000 0.000000 123.000000 69.000000
6.5600 25.5000 44.7200 852.000000 0.000000 125.000000 70.000000
6.5700 25.7000 44.7800 860.000000 0.000000 125.000000 70.000000
6.5800 25.9700 44.9400 882.000000 0.000000 125.000000 70.000000
6.5900 26.3100 45.2900 902.000000 0.000000 125.000000 70.000000
6.6000 26.6900 45.7900 915.000000 0.000000 125.000000 70.000000
6.6100 27.0500 46.3800 923.000000 0.000000 125.000000 70.000000
6.6200 27.2800 46.9800 924.000000 0.000000 125.000000 70.000000
6.6300 27.4400 47.5600 930.000000 0.000000 123.000000 69.000000
6.6400 27.5500 48.0500 948.000000 0.000000 125.000000 68.000000
6.6500 27.5500 48.3300 941.000000 0.000000 124.000000 67.000000
6.6600 27.5500 48.4800 943.000000 0.000000 126.000000 67.000000
6.6700 27.5500 48.4800 949.000000 0.000000 128.000000 66.000000
6.6800 27.5500 48.4800 950.000000 0.000000 126.000000 66.000000
6.6900 27.5500 48.2400 967.000000 0.000000 128.000000 65.000000
6.7000 27.4900 47.9300 980.000000 0.000000 128.000000 65.000000
6.7100 27.4200 47.5600 977.000000 0.000000 128.000000 65.000000
6.7200 27.4200 47.1300 996.000000 0.000000 128.000000 65.000000
6.7300 27.3600 46.6200 1012.000000 0.000000 128.000000 65.000000
6.7400 27.4300 46.2500 1023.000000 0.000000 126.000000 66.000000
6.7500 27.5700 45.9800 1023.000000 0.000000 124.000000 66.000000
6.7600 27.7300 45.8200 1023.000000 0.000000 124.000000 66.000000
6.7700 27.9300 45.6400 1023.000000 0.000000 121.000000 66.000000
6.7800 28.1900 45.6400 1023.000000 0.000000 119.000000 66.000000
6.7900 28.4600 45.7400 1023.000000 0.000000 119.000000 66.000000
6.8000 28.9100 46.0500 1023.000000 0.000000 117.000000 67.000000
6.8100 29.3200 46.4000 1023.000000 0.000000 117.000000 67.000000
6.8200 29.6900 46.7700 1023.000000 0.000000 117.000000 67.000000
6.8300 29.8800 47.1300 1023.000000 0.000000 117.000000 67.000000
6.8400 30.0200 47.4400 1023.000000 0.000000 117.000000 67.000000
6.8500 30.1200 47.6600 1023.000000 0.000000 119.000000 66.000000
6.8600 30.1200 47.6600 1023.000000 0.000000 120.000000 67.000000
6.8700 30.1200 47.6000 1023.000000 0.000000 122.000000 67.000000
6.8800 30.1200 47.3800 1023.000000 0.000000 122.000000 67.000000
6.8900 30.1200 47.0000 1023.000000 0.000000 124.000000 66.000000
6.9000 30.0700 46.5100 1023.000000 0.000000 124.000000 66.000000
6.9100 30.1900 46.3100 1023.000000 0.000000 122.000000 67.000000
6.9200 30.3300 46.2100 1000.000000 0.000000 122.000000 67.000000
6.9300 30.5200 46.2100 893.000000 0.000000 122.000000 67.000000
6.9400 30.7500 46.2900 717.000000 0.000000 120.000000 67.000000
6.9500 31.0800 46.4900 269.000000 0.000000 120.000000 67.000000
6.9600 31.0800 46.4900 0.000000 1.000000 118.000000 68.000000
6.9700 31.3800 46.9300 0.000000 0.000000 118.000000 68.000000
6.9800 31.2400 47.2000 0.000000 0.000000 118.000000 68.000000
6.9900 31.1500 47.5200 0.000000 0.000000 120.000000 67.000000
7.0000 31.1500 48.1100 0.000000 0.000000 119.000000 66.000000
7.0100 31.2900 48.9400 0.000000 0.000000 121.000000 66.000000
7.0200 31.4600 49.9200 0.000000 0.000000 121.000000 66.000000
7.0300 31.6300 50.8700 0.000000 0.000000 123.000000 65.000000
7.0400 31.7900 51.7500 0.000000 0.000000 125.000000 65.000000
7.0500 31.9500 52.1300 0.000000 0.000000 127.000000 64.000000
7.0600 31.9500 52.1300 669.000000 1.000000 130.000000 65.000000
7.0700 31.9500 52.1300 678.000000 0.000000 132.000000 64.000000
7.0800 31.7000 52.1800 728.000000 0.000000 132.000000 64.000000
7.0900 31.6000 51.9900 802.000000 0.000000 133.000000 63.000000
7.1000 31.5200 51.7800 888.000000 0.000000 135.000000 64.000000
7.1100 31.4500 51.3400 944.000000 0.000000 137.000000 63.000000
7.1200 31.3700 50.7400 973.000000 0.000000 137.000000 63.000000
7.1300 31.2700 50.0500 997.000000 0.000000 137.000000 63.000000
7.1400 31.2700 49.2500 1023.000000 0.000000 135.000000 64.000000
7.1500 31.3300 48.3700 1023.000000 0.000000 135.000000 64.000000
7.1600 31.4300 47.5100 1023.000000 0.000000 133.000000 65.000000
7.1700 31.5900 46.8300 1023.000000 0.000000 132.000000 65.000000
7.1800 31.8100 46.2700 1023.000000 0.000000 130.000000 66.000000
7.1900 31.9800 45.9800 1023.000000 0.000000 126.000000 66.000000
7.2000 32.1300 45.8400 1023.000000 0.000000 126.000000 67.000000
7.2100 32.3800 45.7900 1023.000000 0.000000 124.000000 67.000000
7.2200 32.6100 45.8800 1023.000000 0.000000 122.000000 68.000000
7.2300 32.8100 46.0500 1023.000000 0.000000 119.000000 68.000000
7.2400 32.9900 46.2700 1023.000000 0.000000 117.000000 69.000000
7.2500 33.2500 46.6300 1023.000000 0.000000 117.000000 69.000000
7.2600 33.5100 46.9700 1023.000000 0.000000 117.000000 69.000000
7.2700 33.6900 47.2700 1023.000000 0.000000 117.000000 69.000000
7.2800 33.8200 47.5300 1023.000000 0.000000 119.000000 68.000000
7.2900 33.8700 47.7200 1023.000000 0.000000 119.000000 68.000000
7.3000 33.9300 47.8800 1023.000000 0.000000 123.000000 69.000000
7.3100 33.9300 48.0400 1023.000000 0.000000 125.000000 68.000000
7.3200 33.9300 48.1800 1023.000000 0.000000 125.000000 68.000000
7.3300 33.9300 48.3500 1023.000000 0.000000 128.000000 68.000000
7.3400 33.9300 48.5300 1023.000000 0.000000 128.000000 68.000000
7.3500 33.9300 48.7700 1023.000000 0.000000 128.000000 68.000000
7.3600 33.9300 48.8900 1023.000000 0.000000 130.000000 67.000000
7.3700 33.9800 48.9400 1023.000000 0.000000 130.000000 67.000000
7.3800 33.9800 48.9400 1023.000000 0.000000 130.000000 67.000000
7.3900 33.9800 48.9400 1023.000000 0.000000 131.000000 68.000000
7.4000 33.9800 48.9400 1023.000000 0.000000 131.000000 68.000000
7.4100 33.9800 48.9400 1023.000000 0.000000 133.000000 67.000000
7.4200 33.9800 48.9400 1023.000000 0.000000 133.000000 67.000000
7.4300 33.9800 48.9400 1023.000000 0.000000 133.000000 67.000000
7.4400 33.9800 48.9400 1023.000000 0.000000 133.000000 67.000000
7.4500 33.9800 48.9400 1023.000000 0.000000 133.000000 67.000000
7.4600 33.9800 48.9400 1023.000000 0.000000 133.000000 67.000000
7.4700 33.9800 48.9400 1023.000000 0.000000 133.000000 67.000000
7.4800 33.9800 48.9400 1023.000000 0.000000 133.000000 67.000000
7.4900 33.9800 48.9400 1023.000000 0.000000 133.000000 67.000000
7.5000 33.9800 48.9400 1023.000000 0.000000 133.000000 67.000000
7.5100 33.9800 48.9400 1023.000000 0.000000 133.000000 67.000000
7.5200 33.9800 48.9400 1023.000000 0.000000 133.000000 67.000000
7.5300 33.9800 48.9400 1023.000000 0.000000 133.000000 67.000000
7.5400 33.9800 48.9400 1023.000000 0.000000 133.000000 67.000000
7.5500 33.9800 48.9400 1023.000000 0.000000 133.000000 67.000000
7.5600 33.9800 48.9400 1023.000000 0.000000 133.000000 67.000000
7.5700 33.9800 48.9400 1023.000000 0.000000 133.000000 67.000000
7.5800 33.9800 48.9400 1023.000000 0.000000 133.000000 67.000000
7.5900 33.9800 48.9400 1023.000000 0.000000 133.000000 67.000000
7.6000 33.9800 48.9400 1023.000000 0.000000 133.000000 67.000000
7.6100 33.9800 48.9400 1023.000000 0.000000 133.000000 67.000000
7.6200 33.9800 48.9400 1023.000000 0.000000 133.000000 67.000000
7.6300 33.9800 48.9400 1023.000000 0.000000 133.000000 67.000000
7.6400 33.9800 48.9400 1018.000000 0.000000 133.000000 67.000000
7.6500 33.9800 48.9400 1017.000000 0.000000 133.000000 67.000000
7.6600 33.9300 49.0100 1014.000000 0.000000 133.000000 67.000000
7.6700 33.8800 49.0700 1008.000000 0.000000 133.000000 67.000000
7.6800 33.8800 49.1600 1008.000000 0.000000 133.000000 67.000000
7.6900 33.7900 49.1600 1005.000000 0.000000 133.000000 67.000000
7.7000 33.7300 49.1600 996.000000 0.000000 133.000000 67.000000
7.7100 33.5400 49.1600 996.000000 0.000000 133.000000 67.000000
7.7200 33.3800 49.1600 997.000000 0.000000 133.000000 67.000000
7.7300 33.2400 49.0900 999.000000 0.000000 131.000000 67.000000
7.7400 33.0900 48.9600 1006.000000 0.000000 131.000000 67.000000
7.7500 32.9500 48.6200 1012.000000 0.000000 131.000000 67.000000
7.7600 32.8200 48.1500 1023.000000 0.000000 131.000000 67.000000
7.7700 32.8200 47.8200 1023.000000 0.000000 131.000000 67.000000
7.7800 32.8200 47.5100 1023.000000 0.000000 130.000000 67.000000
7.7900 32.9300 47.2200 1023.000000 0.000000 130.000000 67.000000
7.8000 33.1700 46.9700 1023.000000 0.000000 130.000000 67.000000
7.8100 33.4900 46.8100 1023.000000 0.000000 128.000000 68.000000
7.8200 33.7200 46.7100 1023.000000 0.000000 124.000000 67.000000
7.8300 33.9600 46.7100 1023.000000 0.000000 124.000000 67.000000
7.8400 34.2000 46.7100 1023.000000 0.000000 122.000000 68.000000
7.8500 34.4200 46.7100 1023.000000 0.000000 122.000000 68.000000
7.8600 34.6300 46.9400 1023.000000 0.000000 122.000000 68.000000
7.8700 34.8800 47.2900 1023.000000 0.000000 123.000000 69.000000
7.8800 35.1800 47.7300 1023.000000 0.000000 123.000000 69.000000
7.8900 35.5400 48.3100 1023.000000 0.000000 123.000000 69.000000
7.9000 35.8900 48.9000 1018.000000 0.000000 125.000000 70.000000
7.9100 36.1600 49.4900 1020.000000 0.000000 127.000000 69.000000
7.9200 36.3800 49.7400 1023.000000 0.000000 129.000000 68.000000
7.9300 36.4700 49.8200 1023.000000 0.000000 133.000000 69.000000
7.9400 36.4700 49.8200 1023.000000 0.000000 135.000000 68.000000
7.9500 36.4700 49.3000 1023.000000 0.000000 135.000000 68.000000
7.9600 36.3100 48.5300 1023.000000 0.000000 135.000000 68.000000
7.9700 36.2100 47.5600 1023.000000 0.000000 135.000000 68.000000
7.9800 36.1400 46.8500 1023.000000 0.000000 135.000000 68.000000
7.9900 36.0700 46.2600 1023.000000 0.000000 133.000000 69.000000
8.0000 35.9800 45.7400 1023.000000 0.000000 131.000000 69.000000
8.0100 35.8800 45.4200 1023.000000 0.000000 129.000000 70.000000
8.0200 35.6400 45.2100 985.000000 0.000000 127.000000 70.000000
8.0300 35.2900 45.0800 884.000000 0.000000 124.000000 71.000000
8.0400 34.8700 45.1300 746.000000 0.000000 124.000000 71.000000
8.0500 34.5400 45.3300 481.000000 0.000000 120.000000 71.000000
8.0600 34.2000 45.6300 75.000000 0.000000 120.000000 71.000000
8.0700 34.2000 45.6300 0.000000 1.000000 118.000000 70.000000
8.0800 33.2200 46.6500 0.000000 0.000000 118.000000 70.000000
8.0900 32.6500 47.3000 0.000000 0.000000 119.000000 68.000000
8.1000 31.9600 48.0400 0.000000 0.000000 119.000000 68.000000
8.1100 31.2000 48.7500 0.000000 0.000000 118.000000 68.000000
8.1200 30.5200 49.4000 0.000000 0.000000 120.000000 67.000000
8.1300 30.0600 49.8500 0.000000 0.000000 119.000000 66.000000
8.1400 29.7400 50.1700 0.000000 0.000000 121.000000 66.000000
8.1500 29.7400 50.2800 0.000000 0.000000 123.000000 65.000000
8.1600 29.7400 50.2800 664.000000 1.000000 124.000000 64.000000
8.1700 29.7400 50.2800 679.000000 0.000000 127.000000 64.000000
8.1800 30.2100 50.2800 696.000000 0.000000 127.000000 64.000000
8.1900 30.8100 50.4700 731.000000 0.000000 129.000000 64.000000
8.2000 31.6300 50.7500 734.000000 0.000000 129.000000 64.000000
8.2100 32.3700 51.0100 664.000000 0.000000 130.000000 65.000000
8.2200 33.1400 51.2600 205.000000 0.000000 132.000000 64.000000
8.2300 33.1400 51.2600 0.000000 1.000000 132.000000 64.000000
8.2400 34.1500 51.8500 0.000000 0.000000 133.000000 65.000000
8.2500 34.1500 52.0800 0.000000 0.000000 135.000000 64.000000
8.2600 34.0800 52.3100 0.000000 0.000000 135.000000 64.000000
8.2700 34.0000 52.5400 0.000000 0.000000 137.000000 65.000000
8.2800 33.8100 52.7400 0.000000 0.000000 137.000000 65.000000
8.2900 33.6500 52.9200 0.000000 0.000000 140.000000 65.000000
8.3000 33.5600 52.9200 0.000000 0.000000 140.000000 65.000000
8.3100 33.4900 52.8000 0.000000 0.000000 143.000000 64.000000
8.3200 33.3900 52.6400 0.000000 0.000000 145.000000 64.000000
8.3300 33.2600 52.4300 0.000000 0.000000 145.000000 64.000000
8.3400 33.1400 52.2900 0.000000 0.000000 145.000000 64.000000
8.3500 33.0200 52.1900 0.000000 0.000000 146.000000 63.000000
8.3600 32.9300 52.0200 0.000000 0.000000 146.000000 63.000000
8.3700 32.9300 51.8100 0.000000 0.000000 143.000000 63.000000
8.3800 33.0100 51.5700 0.000000 0.000000 143.000000 63.000000
8.3900 32.9500 51.4200 0.000000 0.000000 141.000000 64.000000
8.4000 32.8200 51.2600 0.000000 0.000000 140.000000 63.000000
8.4100 32.6400 51.1000 0.000000 0.000000 138.000000 64.000000
8.4200 32.5700 50.9500 0.000000 0.000000 137.000000 65.000000
8.4300 32.5700 50.9500 0.000000 0.000000 135.000000 65.000000
8.4400 32.5700 50.9500 0.000000 0.000000 133.000000 66.000000
8.4500 32.4400 50.6700 0.000000 0.000000 133.000000 66.000000
8.4600 32.4400 50.6700 0.000000 0.000000 131.000000 67.000000
8.4700 32.5200 50.6700 0.000000 0.000000 130.000000 67.000000
8.4800 32.5200 50.7300 0.000000 0.000000 131.000000 68.000000
8.4900 32.5700 50.8400 0.000000 0.000000 129.000000 68.000000
8.5000 32.5700 51.0200 0.000000 0.000000 129.000000 68.000000
8.5100 32.4800 51.0200 0.000000 0.000000 131.000000 69.000000
8.5200 32.3800 51.0200 0.000000 0.000000 131.000000 69.000000
8.5300 32.2200 50.9100 0.000000 0.000000 131.000000 69.000000
8.5400 32.0100 50.7000 0.000000 0.000000 129.000000 70.000000
8.5500 31.6800 50.4100 0.000000 0.000000 129.000000 70.000000
8.5600 31.3200 50.1200 0.000000 0.000000 127.000000 69.000000
8.5700 30.9300 49.7900 0.000000 0.000000 123.000000 69.000000
8.5800 30.4500 49.4100 0.000000 0.000000 119.000000 68.000000
8.5900 29.9700 48.9700 0.000000 0.000000 116.000000 68.000000
8.6000 29.5000 48.4500 0.000000 0.000000 111.000000 67.000000
8.6100 28.8800 47.8400 0.000000 0.000000 108.000000 66.000000
8.6200 28.3800 47.1700 0.000000 0.000000 105.000000 65.000000
8.6300 27.9600 46.4200 0.000000 0.000000 105.000000 64.000000
8.6400 27.5900 45.8500 0.000000 0.000000 103.000000 64.000000
8.6500 27.3700 45.4000 0.000000 0.000000 105.000000 64.000000
8.6600 27.2500 45.1200 0.000000 0.000000 107.000000 64.000000
8.6700 27.2500 44.9400 0.000000 0.000000 109.000000 64.000000
8.6800 27.2500 44.8400 0.000000 0.000000 113.000000 63.000000
8.6900 27.2500 44.6600 0.000000 0.000000 115.000000 63.000000
8.7000 27.2500 44.4400 0.000000 0.000000 118.000000 62.000000
8.7100 27.1300 44.1500 0.000000 0.000000 120.000000 62.000000
8.7200 26.8900 43.8400 0.000000 0.000000 120.000000 62.000000
8.7300 26.6000 43.6000 0.000000 0.000000 121.000000 63.000000
8.7400 26.3300 43.4000 0.000000 0.000000 121.000000 63.000000
8.7500 26.0600 43.3200 0.000000 0.000000 120.000000 64.000000
8.7600 25.7900 43.3200 0.000000 0.000000 122.000000 65.000000
8.7700 25.6000 43.3200 0.000000 0.000000 124.000000 66.000000
8.7800 25.4900 43.2600 0.000000 0.000000 126.000000 67.000000
8.7900 25.4100 43.2600 0.000000 0.000000 125.000000 68.000000
8.8000 25.3000 43.1300 0.000000 0.000000 127.000000 69.000000
8.8100 25.1200 42.9800 0.000000 0.000000 129.000000 70.000000
8.8200 24.9100 42.8000 0.000000 0.000000 129.000000 70.000000
8.8300 24.7300 42.6300 0.000000 0.000000 129.000000 70.000000
8.8400 24.5400 42.4900 0.000000 0.000000 129.000000 70.000000
8.8500 24.3600 42.3700 0.000000 0.000000 129.000000 70.000000
8.8600 24.1400 42.2400 0.000000 0.000000 127.000000 69.000000
8.8700 23.9700 42.1200 0.000000 0.000000 125.000000 70.000000
8.8800 23.7900 42.0100 0.000000 0.000000 123.000000 69.000000
8.8900 23.6300 41.8600 0.000000 0.000000 122.000000 68.000000
8.9000 23.4300 41.7100 0.000000 0.000000 122.000000 68.000000
8.9100 23.2200 41.5600 0.000000 0.000000 120.000000 67.000000
8.9200 23.0800 41.4400 0.000000 0.000000 120.000000 67.000000
8.9300 22.9400 41.3300 0.000000 0.000000 120.000000 67.000000
8.9400 22.8400 41.1300 0.000000 0.000000 119.000000 66.000000
8.9500 22.7600 41.0500 0.000000 0.000000 119.000000 66.000000
8.9600 22.7600 41.0500 317.000000 1.000000 117.000000 67.000000
8.9700 22.6400 40.6700 441.000000 0.000000 116.000000 66.000000
8.9800 22.6400 40.5500 529.000000 0.000000 117.000000 67.000000
8.9900 22.6400 40.4900 634.000000 0.000000 117.000000 67.000000
9.0000 22.6400 40.4900 748.000000 0.000000 117.000000 67.000000
9.0100 22.6400 40.4900 830.000000 0.000000 118.000000 68.000000
9.0200 22.7000 40.6300 924.000000 0.000000 118.000000 68.000000
9.0300 22.8100 40.8300 977.000000 0.000000 116.000000 68.000000
9.0400 23.1900 41.4100 1008.000000 0.000000 117.000000 69.000000
9.0500 23.7400 42.2500 1023.000000 0.000000 117.000000 69.000000
9.0600 24.4600 43.2700 1023.000000 0.000000 117.000000 69.000000
9.0700 25.1500 44.5400 1023.000000 0.000000 117.000000 69.000000
9.0800 25.8200 46.0200 1023.000000 0.000000 117.000000 69.000000
9.0900 26.4000 47.6300 1023.000000 0.000000 117.000000 69.000000
9.1000 26.7800 49.3300 1023.000000 0.000000 119.000000 68.000000
9.1100 27.0200 50.8100 1023.000000 0.000000 122.000000 68.000000
9.1200 27.1800 52.1400 1023.000000 0.000000 124.000000 67.000000
9.1300 27.3300 53.2600 1023.000000 0.000000 128.000000 66.000000
9.1400 27.4900 54.3800 1023.000000 0.000000 130.000000 66.000000
9.1500 27.6300 54.9300 1023.000000 0.000000 132.000000 65.000000
9.1600 27.6300 55.1000 1023.000000 0.000000 132.000000 64.000000
9.1700 27.6300 55.1000 1023.000000 0.000000 133.000000 63.000000
9.1800 27.6300 55.1000 1023.000000 0.000000 133.000000 63.000000
9.1900 27.6300 55.0300 1023.000000 0.000000 135.000000 63.000000
9.2000 27.6300 54.8800 1023.000000 0.000000 135.000000 63.000000
9.2100 27.5700 54.4300 1023.000000 0.000000 135.000000 63.000000
9.2200 27.5700 53.7900 1023.000000 0.000000 135.000000 63.000000
9.2300 27.5700 53.1600 1023.000000 0.000000 135.000000 63.000000
9.2400 27.6700 52.6500 1023.000000 0.000000 135.000000 63.000000
9.2500 27.8500 52.2100 1023.000000 0.000000 135.000000 63.000000
9.2600 28.1500 51.8700 1023.000000 0.000000 135.000000 63.000000
9.2700 28.5200 51.6500 1023.000000 0.000000 135.000000 63.000000
9.2800 28.9100 51.5100 1023.000000 0.000000 135.000000 63.000000
9.2900 29.3500 51.4300 1023.000000 0.000000 135.000000 63.000000
9.3000 29.8800 51.6400 1023.000000 0.000000 135.000000 63.000000
9.3100 30.6400 52.0400 1023.000000 0.000000 135.000000 63.000000
9.3200 31.5500 52.7900 1023.000000 0.000000 137.000000 63.000000
9.3300 32.2600 53.6600 1023.000000 0.000000 137.000000 63.000000
9.3400 32.7300 54.6000 1023.000000 0.000000 137.000000 63.000000
9.3500 33.0300 55.4700 1023.000000 0.000000 137.000000 65.000000
9.3600 33.0900 56.0400 1023.000000 0.000000 137.000000 65.000000
9.3700 33.0900 56.4100 1023.000000 0.000000 137.000000 65.000000
9.3800 32.9600 56.4100 1023.000000 0.000000 138.000000 65.000000
9.3900 32.9600 56.3100 1023.000000 0.000000 138.000000 65.000000
9.4000 32.8600 55.9400 1023.000000 0.000000 138.000000 65.000000
9.4100 32.7900 55.3900 1023.000000 0.000000 138.000000 65.000000
9.4200 32.7900 54.5300 1023.000000 0.000000 138.000000 65.000000
9.4300 33.0500 53.6200 1023.000000 0.000000 140.000000 65.000000
9.4400 33.4300 53.0000 1023.000000 0.000000 140.000000 65.000000
9.4500 34.1100 52.5900 1023.000000 0.000000 140.000000 65.000000
9.4600 35.2300 52.5200 1012.000000 0.000000 140.000000 65.000000
9.4700 36.6400 52.8700 812.000000 0.000000 140.000000 65.000000
9.4800 38.1600 53.5000 47.000000 0.000000 140.000000 65.000000
