0.0000 56.5500 69.1700 184.000000 1.000000 152.000000 70.000000
0.0100 57.2100 71.8800 863.000000 0.000000 151.000000 68.000000
0.0200 57.3200 72.4100 935.000000 0.000000 151.000000 68.000000
0.0300 57.3200 72.4100 1023.000000 0.000000 148.000000 68.000000
0.0400 57.3200 72.2400 1023.000000 0.000000 150.000000 67.000000
0.0500 57.4200 71.0900 1023.000000 0.000000 150.000000 67.000000
0.0600 57.5800 69.3100 1023.000000 0.000000 146.000000 67.000000
0.0700 57.7600 66.5700 1023.000000 0.000000 146.000000 67.000000
0.0800 57.9600 63.6800 1023.000000 0.000000 145.000000 68.000000
0.0900 58.1700 60.7000 1023.000000 0.000000 143.000000 69.000000
0.1000 58.5000 58.5900 1023.000000 0.000000 137.000000 70.000000
0.1100 58.7700 57.0200 1023.000000 0.000000 135.000000 71.000000
0.1200 59.0600 55.8100 1023.000000 0.000000 130.000000 72.000000
0.1300 59.3800 55.3000 1023.000000 0.000000 123.000000 72.000000
0.1400 59.3200 55.2100 1023.000000 0.000000 118.000000 73.000000
0.1500 59.3200 55.4000 1023.000000 0.000000 115.000000 74.000000
0.1600 58.8500 56.1000 1023.000000 0.000000 110.000000 73.000000
0.1700 58.1200 57.0200 1023.000000 0.000000 107.000000 73.000000
0.1800 56.7300 58.0800 1023.000000 0.000000 107.000000 73.000000
0.1900 54.7900 58.9700 1023.000000 0.000000 107.000000 73.000000
0.2000 52.4800 59.4500 1023.000000 0.000000 110.000000 73.000000
0.2100 49.7300 59.6600 1023.000000 0.000000 113.000000 73.000000
0.2200 47.3400 59.6600 1023.000000 0.000000 116.000000 72.000000
0.2300 45.1800 59.6600 1023.000000 0.000000 119.000000 72.000000
0.2400 43.8800 59.6600 1023.000000 0.000000 122.000000 71.000000
0.2500 43.5600 59.9000 1023.000000 0.000000 122.000000 71.000000
0.2600 43.9000 60.1800 1023.000000 0.000000 124.000000 71.000000
0.2700 45.2200 60.6000 1023.000000 0.000000 127.000000 70.000000
0.2800 47.6800 61.0800 1023.000000 0.000000 127.000000 70.000000
0.2900 50.9000 61.5900 1023.000000 0.000000 129.000000 70.000000
0.3000 54.9600 62.0500 1023.000000 0.000000 131.000000 71.000000
0.3100 59.5500 62.5600 1023.000000 0.000000 131.000000 71.000000
0.3200 64.4800 62.8900 1023.000000 0.000000 135.000000 71.000000
0.3300 69.4800 63.0900 1023.000000 0.000000 135.000000 71.000000
0.3400 73.9000 63.2600 1023.000000 0.000000 137.000000 71.000000
0.3500 77.9300 63.4400 1023.000000 0.000000 140.000000 72.000000
0.3600 81.0200 63.6300 1023.000000 0.000000 142.000000 71.000000
0.3700 83.0200 63.7800 1023.000000 0.000000 142.000000 72.000000
0.3800 84.2900 63.9900 1023.000000 0.000000 142.000000 72.000000
0.3900 84.5300 64.2500 1023.000000 0.000000 142.000000 72.000000
0.4000 84.1800 64.6100 924.000000 0.000000 142.000000 72.000000
0.4100 83.4400 64.9500 542.000000 0.000000 142.000000 72.000000
0.4200 83.4400 64.9500 0.000000 1.000000 142.000000 72.000000
0.4300 80.6800 65.4400 0.000000 0.000000 145.000000 73.000000
0.4400 78.7000 65.4400 0.000000 0.000000 145.000000 73.000000
0.4500 76.3500 65.3900 0.000000 0.000000 145.000000 73.000000
0.4600 73.8500 65.3100 0.000000 0.000000 145.000000 73.000000
0.4700 71.2600 65.2300 0.000000 0.000000 147.000000 72.000000
0.4800 68.5900 65.1400 0.000000 0.000000 147.000000 72.000000
0.4900 66.0000 65.1400 0.000000 0.000000 146.000000 71.000000
0.5000 63.7300 65.1400 0.000000 0.000000 146.000000 71.000000
0.5100 61.6300 65.1400 0.000000 0.000000 145.000000 70.000000
0.5200 59.7000 65.0400 0.000000 0.000000 143.000000 69.000000
0.5300 57.8300 64.8800 0.000000 0.000000 142.000000 68.000000
0.5400 56.5000 64.6800 0.000000 0.000000 140.000000 67.000000
0.5500 55.5000 64.5100 0.000000 0.000000 140.000000 67.000000
0.5600 54.9100 64.5100 0.000000 0.000000 140.000000 67.000000
0.5700 54.7300 64.5100 0.000000 0.000000 140.000000 67.000000
0.5800 54.8100 64.7300 0.000000 0.000000 139.000000 68.000000
0.5900 55.1000 64.9400 0.000000 0.000000 139.000000 68.000000
0.6000 55.5300 65.1600 0.000000 0.000000 141.000000 68.000000
0.6100 55.5300 65.1600 507.000000 1.000000 139.000000 69.000000
0.6200 56.4400 65.4000 742.000000 0.000000 141.000000 70.000000
0.6300 56.8800 65.4000 930.000000 0.000000 139.000000 71.000000
0.6400 57.6400 65.3200 1023.000000 0.000000 137.000000 70.000000
0.6500 58.6100 65.3200 1023.000000 0.000000 139.000000 71.000000
0.6600 59.6400 65.2500 1023.000000 0.000000 139.000000 71.000000
0.6700 60.6400 65.2500 1023.000000 0.000000 139.000000 71.000000
0.6800 61.6300 65.2500 1023.000000 0.000000 139.000000 71.000000
0.6900 62.4700 65.3300 1023.000000 0.000000 139.000000 71.000000
0.7000 63.1100 65.4900 944.000000 0.000000 139.000000 71.000000
0.7100 63.6200 65.7900 685.000000 0.000000 139.000000 71.000000
0.7200 63.6700 66.1900 56.000000 0.000000 139.000000 71.000000
0.7300 63.6700 66.1900 0.000000 1.000000 139.000000 71.000000
0.7400 63.4400 68.2600 0.000000 0.000000 139.000000 71.000000
0.7500 62.8000 69.7400 0.000000 0.000000 139.000000 71.000000
0.7600 62.4500 70.8100 0.000000 0.000000 139.000000 71.000000
0.7700 62.4500 70.8100 728.000000 1.000000 141.000000 70.000000
0.7800 62.1300 71.5200 824.000000 0.000000 143.000000 69.000000
0.7900 61.9800 71.3600 1023.000000 0.000000 147.000000 69.000000
0.8000 62.1000 70.3200 1023.000000 0.000000 148.000000 68.000000
0.8100 62.3900 68.7000 1023.000000 0.000000 148.000000 68.000000
0.8200 62.7200 66.0700 1023.000000 0.000000 148.000000 68.000000
0.8300 63.0800 63.3100 1023.000000 0.000000 147.000000 69.000000
0.8400 63.5100 60.4600 1023.000000 0.000000 147.000000 69.000000
0.8500 64.0800 58.3200 1023.000000 0.000000 143.000000 70.000000
0.8600 64.7400 56.7500 1023.000000 0.000000 142.000000 71.000000
0.8700 65.1000 55.5500 1023.000000 0.000000 135.000000 72.000000
0.8800 65.4600 54.8500 1023.000000 0.000000 130.000000 73.000000
0.8900 65.5700 54.6700 634.000000 0.000000 124.000000 74.000000
0.9000 65.5700 54.6700 0.000000 1.000000 121.000000 75.000000
0.9100 65.3300 55.5500 0.000000 0.000000 116.000000 74.000000
0.9200 64.9300 56.2600 0.000000 0.000000 116.000000 74.000000
0.9300 64.3700 56.9800 0.000000 0.000000 116.000000 74.000000
0.9400 63.9200 57.4500 0.000000 0.000000 119.000000 74.000000
0.9500 63.4700 57.8800 0.000000 0.000000 119.000000 74.000000
0.9600 63.0200 58.2500 0.000000 0.000000 121.000000 73.000000
0.9700 62.5500 58.6000 0.000000 0.000000 123.000000 72.000000
0.9800 62.0700 59.0200 0.000000 0.000000 123.000000 72.000000
0.9900 61.6600 59.4700 0.000000 0.000000 124.000000 71.000000
1.0000 61.1900 60.0000 0.000000 0.000000 124.000000 71.000000
1.0100 60.6600 60.5300 0.000000 0.000000 124.000000 71.000000
1.0200 60.0900 60.9200 0.000000 0.000000 122.000000 70.000000
1.0300 59.6100 61.2100 0.000000 0.000000 122.000000 70.000000
1.0400 59.1700 61.4100 0.000000 0.000000 124.000000 71.000000
1.0500 59.1700 61.4100 761.000000 1.000000 124.000000 71.000000
1.0600 58.8500 61.6200 882.000000 0.000000 127.000000 70.000000
1.0700 58.8500 61.6200 1023.000000 0.000000 131.000000 71.000000
1.0800 59.0300 61.3700 1023.000000 0.000000 133.000000 71.000000
1.0900 59.3700 61.0200 1023.000000 0.000000 133.000000 71.000000
1.1000 59.9900 60.4900 1023.000000 0.000000 137.000000 71.000000
1.1100 60.6400 59.9600 1023.000000 0.000000 137.000000 71.000000
1.1200 61.3400 59.4300 1023.000000 0.000000 137.000000 71.000000
1.1300 61.8500 58.8800 1023.000000 0.000000 135.000000 72.000000
1.1400 62.2400 58.5800 1023.000000 0.000000 135.000000 72.000000
1.1500 62.5000 58.4400 1023.000000 0.000000 135.000000 72.000000
1.1600 62.6400 58.4400 1023.000000 0.000000 133.000000 73.000000
1.1700 62.7100 58.8000 1023.000000 0.000000 130.000000 72.000000
1.1800 62.8200 59.3200 1023.000000 0.000000 130.000000 72.000000
1.1900 63.0200 60.0100 1023.000000 0.000000 130.000000 72.000000
1.2000 63.2900 60.6400 1023.000000 0.000000 128.000000 71.000000
1.2100 63.2900 61.2400 1023.000000 0.000000 128.000000 71.000000
1.2200 63.2900 61.8200 1023.000000 0.000000 128.000000 71.000000
1.2300 63.4800 62.1200 950.000000 0.000000 131.000000 71.000000
1.2400 63.7600 62.2400 465.000000 0.000000 131.000000 71.000000
1.2500 63.7600 62.2400 0.000000 1.000000 131.000000 71.000000
1.2600 64.3800 62.7200 0.000000 0.000000 133.000000 70.000000
1.2700 64.6000 62.9300 0.000000 0.000000 135.000000 71.000000
1.2800 64.8200 63.2300 0.000000 0.000000 135.000000 71.000000
1.2900 65.0300 63.6000 0.000000 0.000000 135.000000 71.000000
1.3000 65.1600 64.0500 0.000000 0.000000 135.000000 71.000000
1.3100 65.2400 64.4800 0.000000 0.000000 137.000000 70.000000
1.3200 65.2400 64.4800 361.000000 1.000000 137.000000 70.000000
1.3300 65.4100 65.0400 785.000000 0.000000 137.000000 70.000000
1.3400 65.4100 65.1400 1023.000000 0.000000 137.000000 70.000000
1.3500 65.3200 65.2200 1023.000000 0.000000 137.000000 70.000000
1.3600 65.3200 65.0300 1023.000000 0.000000 137.000000 70.000000
1.3700 65.3200 64.7900 1023.000000 0.000000 135.000000 71.000000
1.3800 65.5100 64.3700 1023.000000 0.000000 135.000000 71.000000
1.3900 65.7500 63.8400 1023.000000 0.000000 135.000000 71.000000
1.4000 65.8800 63.4900 845.000000 0.000000 135.000000 71.000000
1.4100 65.8800 63.4900 0.000000 1.000000 135.000000 71.000000
1.4200 65.9400 63.3300 0.000000 0.000000 135.000000 71.000000
1.4300 65.7800 63.6500 0.000000 0.000000 135.000000 71.000000
1.4400 65.6000 64.2700 0.000000 0.000000 135.000000 71.000000
1.4500 65.4200 65.0800 0.000000 0.000000 135.000000 71.000000
1.4600 65.4200 66.1600 0.000000 0.000000 137.000000 71.000000
1.4700 65.5300 67.1000 0.000000 0.000000 139.000000 71.000000
1.4800 65.5300 67.1000 536.000000 1.000000 139.000000 71.000000
1.4900 65.7000 68.1300 794.000000 0.000000 139.000000 71.000000
1.5000 65.6400 68.1300 903.000000 0.000000 141.000000 70.000000
1.5100 65.5500 67.9000 987.000000 0.000000 141.000000 70.000000
1.5200 65.5500 67.5900 999.000000 0.000000 141.000000 70.000000
1.5300 65.5500 67.2200 945.000000 0.000000 139.000000 71.000000
1.5400 65.8100 66.7900 725.000000 0.000000 139.000000 71.000000
1.5500 65.8100 66.7900 0.000000 1.000000 139.000000 71.000000
1.5600 66.4100 66.3100 0.000000 0.000000 139.000000 71.000000
1.5700 66.5300 66.3600 0.000000 0.000000 139.000000 71.000000
1.5800 66.5300 66.6600 0.000000 0.000000 139.000000 71.000000
1.5900 66.6800 67.2000 0.000000 0.000000 139.000000 71.000000
1.6000 66.8400 67.9100 0.000000 0.000000 142.000000 71.000000
1.6100 67.0600 68.6800 0.000000 0.000000 143.000000 70.000000
1.6200 67.3000 69.0100 0.000000 0.000000 146.000000 71.000000
1.6300 67.3000 69.0100 690.000000 1.000000 148.000000 70.000000
1.6400 67.3000 69.0100 817.000000 0.000000 148.000000 70.000000
1.6500 67.1500 68.2200 1023.000000 0.000000 148.000000 70.000000
1.6600 67.1500 67.4100 1023.000000 0.000000 148.000000 70.000000
1.6700 67.2300 66.5400 1023.000000 0.000000 148.000000 70.000000
1.6800 67.3300 65.6800 1023.000000 0.000000 146.000000 71.000000
1.6900 67.4900 64.8300 1023.000000 0.000000 146.000000 71.000000
1.7000 67.7800 64.1300 1023.000000 0.000000 144.000000 72.000000
1.7100 68.0700 63.5200 864.000000 0.000000 142.000000 71.000000
1.7200 68.3300 63.2100 262.000000 0.000000 140.000000 72.000000
1.7300 68.3300 63.2100 0.000000 1.000000 140.000000 72.000000
1.7400 68.9400 63.3400 0.000000 0.000000 140.000000 72.000000
1.7500 69.2100 63.5900 0.000000 0.000000 142.000000 72.000000
1.7600 69.4100 63.9700 0.000000 0.000000 142.000000 72.000000
1.7700 69.5800 64.4300 0.000000 0.000000 144.000000 72.000000
1.7800 69.5800 64.8700 0.000000 0.000000 144.000000 72.000000
1.7900 69.5800 65.2800 0.000000 0.000000 147.000000 72.000000
1.8000 69.5800 65.2800 622.000000 1.000000 147.000000 72.000000
1.8100 69.1700 65.8000 817.000000 0.000000 147.000000 72.000000
1.8200 68.8900 65.8000 1023.000000 0.000000 145.000000 73.000000
1.8300 68.7200 65.7100 1023.000000 0.000000 145.000000 73.000000
1.8400 68.6000 65.5500 1023.000000 0.000000 145.000000 73.000000
1.8500 68.6000 65.1800 1023.000000 0.000000 145.000000 73.000000
1.8600 68.7300 64.6800 1023.000000 0.000000 145.000000 73.000000
1.8700 69.0300 64.2800 1023.000000 0.000000 145.000000 73.000000
1.8800 69.3400 64.0600 1023.000000 0.000000 145.000000 73.000000
1.8900 69.6500 63.9500 1023.000000 0.000000 145.000000 73.000000
1.9000 69.9600 64.0700 1023.000000 0.000000 145.000000 73.000000
1.9100 70.2000 64.3000 1023.000000 0.000000 145.000000 73.000000
1.9200 70.2800 64.6000 1023.000000 0.000000 148.000000 74.000000
1.9300 70.2800 64.8600 1023.000000 0.000000 148.000000 74.000000
1.9400 70.1400 65.0800 1023.000000 0.000000 148.000000 74.000000
1.9500 70.0800 65.0800 1023.000000 0.000000 151.000000 74.000000
1.9600 70.0800 65.0300 1023.000000 0.000000 151.000000 74.000000
1.9700 70.1600 64.7900 979.000000 0.000000 151.000000 74.000000
1.9800 70.3200 64.5400 888.000000 0.000000 151.000000 74.000000
1.9900 70.5400 64.3100 595.000000 0.000000 151.000000 74.000000
2.0000 70.5400 64.3100 0.000000 1.000000 151.000000 74.000000
2.0100 71.2500 64.1600 0.000000 0.000000 151.000000 74.000000
2.0200 71.2500 64.2200 0.000000 0.000000 151.000000 74.000000
2.0300 71.3000 64.4100 0.000000 0.000000 151.000000 74.000000
2.0400 71.3000 64.7000 0.000000 0.000000 152.000000 73.000000
2.0500 71.3000 64.8600 0.000000 0.000000 149.000000 73.000000
2.0600 71.3000 64.8600 0.000000 0.000000 149.000000 73.000000
2.0700 71.3000 64.8600 647.000000 1.000000 149.000000 73.000000
2.0800 71.3000 64.8600 722.000000 0.000000 148.000000 71.000000
2.0900 71.3000 64.8600 950.000000 0.000000 147.000000 72.000000
2.1000 71.4000 64.5700 1023.000000 0.000000 149.000000 73.000000
2.1100 71.4600 64.5700 1023.000000 0.000000 149.000000 73.000000
2.1200 71.4600 64.5700 1023.000000 0.000000 149.000000 73.000000
2.1300 71.4600 64.5700 1023.000000 0.000000 152.000000 73.000000
2.1400 71.4600 64.6900 1023.000000 0.000000 152.000000 73.000000
2.1500 71.4600 64.8900 1023.000000 0.000000 151.000000 74.000000
2.1600 71.4600 65.2300 1023.000000 0.000000 151.000000 74.000000
2.1700 71.6800 65.5500 1023.000000 0.000000 151.000000 74.000000
2.1800 71.9000 65.6700 1023.000000 0.000000 151.000000 74.000000
2.1900 72.2100 65.6700 1023.000000 0.000000 151.000000 74.000000
2.2000 72.4900 65.4800 1023.000000 0.000000 151.000000 74.000000
2.2100 72.7400 65.2600 1017.000000 0.000000 151.000000 74.000000
2.2200 72.9300 64.9900 967.000000 0.000000 151.000000 74.000000
2.2300 73.0500 64.7200 796.000000 0.000000 151.000000 74.000000
2.2400 73.1300 64.6300 291.000000 0.000000 148.000000 74.000000
2.2500 73.1300 64.6300 0.000000 1.000000 148.000000 74.000000
2.2600 72.9900 64.9100 0.000000 0.000000 148.000000 74.000000
2.2700 72.8300 65.3300 0.000000 0.000000 148.000000 74.000000
2.2800 72.6900 65.8700 0.000000 0.000000 148.000000 74.000000
2.2900 72.6900 66.4400 0.000000 0.000000 145.000000 73.000000
2.3000 72.9000 66.9400 0.000000 0.000000 145.000000 73.000000
2.3100 72.9000 66.9400 541.000000 1.000000 148.000000 74.000000
2.3200 73.0800 67.3100 581.000000 0.000000 148.000000 74.000000
2.3300 73.0800 67.3100 671.000000 0.000000 148.000000 74.000000
2.3400 73.1300 67.3100 672.000000 0.000000 148.000000 74.000000
2.3500 73.1800 67.2300 570.000000 0.000000 148.000000 74.000000
2.3600 73.2700 67.0700 98.000000 0.000000 148.000000 74.000000
2.3700 73.2700 67.0700 0.000000 1.000000 148.000000 74.000000
2.3800 73.5200 66.4900 0.000000 0.000000 148.000000 74.000000
2.3900 73.6500 66.1000 0.000000 0.000000 148.000000 74.000000
2.4000 73.8100 65.6700 0.000000 0.000000 148.000000 74.000000
2.4100 73.8100 65.6700 51.000000 1.000000 148.000000 74.000000
2.4200 74.1200 64.7000 616.000000 0.000000 148.000000 74.000000
2.4300 74.2900 64.3400 890.000000 0.000000 148.000000 74.000000
2.4400 74.4700 64.0700 995.000000 0.000000 148.000000 74.000000
2.4500 74.7200 63.9800 1023.000000 0.000000 145.000000 73.000000
2.4600 74.8500 64.0300 1023.000000 0.000000 145.000000 73.000000
2.4700 74.8500 64.1800 1023.000000 0.000000 145.000000 73.000000
2.4800 75.0800 64.5500 1023.000000 0.000000 145.000000 73.000000
2.4900 75.0800 64.9500 1023.000000 0.000000 143.000000 74.000000
2.5000 74.9400 65.3700 1023.000000 0.000000 143.000000 74.000000
2.5100 74.5800 65.4800 1023.000000 0.000000 143.000000 74.000000
2.5200 74.2400 65.5400 1023.000000 0.000000 143.000000 74.000000
2.5300 74.0900 65.5400 1023.000000 0.000000 143.000000 74.000000
2.5400 74.0900 65.3200 941.000000 0.000000 143.000000 74.000000
2.5500 74.0900 65.0400 379.000000 0.000000 143.000000 74.000000
2.5600 74.0900 65.0400 0.000000 1.000000 143.000000 74.000000
2.5700 74.5900 64.5800 0.000000 0.000000 143.000000 74.000000
2.5800 75.0700 64.3300 0.000000 0.000000 148.000000 74.000000
2.5900 75.4800 63.9200 0.000000 0.000000 148.000000 74.000000
2.6000 75.8500 63.4100 0.000000 0.000000 148.000000 74.000000
2.6100 76.3400 63.0300 0.000000 0.000000 148.000000 74.000000
2.6200 76.7700 62.7100 0.000000 0.000000 149.000000 73.000000
2.6300 77.1500 62.4400 0.000000 0.000000 149.000000 73.000000
2.6400 77.3300 62.2200 0.000000 0.000000 152.000000 73.000000
2.6500 77.2100 61.9900 0.000000 0.000000 152.000000 73.000000
2.6600 76.8800 61.7600 0.000000 0.000000 154.000000 72.000000
2.6700 76.0900 61.4400 0.000000 0.000000 152.000000 73.000000
2.6800 75.1700 61.1000 0.000000 0.000000 152.000000 73.000000
2.6900 74.1700 60.6300 0.000000 0.000000 149.000000 73.000000
2.7000 73.1500 60.0900 0.000000 0.000000 148.000000 74.000000
2.7100 72.1700 59.6000 0.000000 0.000000 145.000000 73.000000
2.7200 71.4400 59.2200 0.000000 0.000000 142.000000 72.000000
2.7300 70.8700 58.9100 0.000000 0.000000 140.000000 73.000000
2.7400 70.5300 58.7000 0.000000 0.000000 137.000000 73.000000
2.7500 70.2000 58.5200 0.000000 0.000000 135.000000 73.000000
2.7600 69.9200 58.3600 0.000000 0.000000 133.000000 73.000000
2.7700 69.6700 58.1900 0.000000 0.000000 133.000000 73.000000
2.7800 69.4500 58.0100 0.000000 0.000000 133.000000 73.000000
2.7900 69.2500 57.8400 0.000000 0.000000 133.000000 73.000000
2.8000 69.0700 57.7700 0.000000 0.000000 135.000000 72.000000
2.8100 68.9500 57.7700 0.000000 0.000000 137.000000 73.000000
2.8200 68.8800 57.8700 0.000000 0.000000 137.000000 73.000000
2.8300 68.8200 58.1200 0.000000 0.000000 137.000000 73.000000
2.8400 68.8200 58.1200 518.000000 1.000000 140.000000 72.000000
2.8500 68.5900 58.7800 673.000000 0.000000 140.000000 72.000000
2.8600 68.3100 58.8700 861.000000 0.000000 137.000000 73.000000
2.8700 67.9100 58.8000 1023.000000 0.000000 137.000000 73.000000
2.8800 67.4400 58.4300 1023.000000 0.000000 137.000000 73.000000
2.8900 66.9200 57.7600 1023.000000 0.000000 137.000000 73.000000
2.9000 66.6200 56.8900 1023.000000 0.000000 135.000000 73.000000
2.9100 66.6900 56.2800 1023.000000 0.000000 133.000000 73.000000
2.9200 67.0000 55.8600 1023.000000 0.000000 130.000000 73.000000
2.9300 67.3600 55.5700 1023.000000 0.000000 128.000000 72.000000
2.9400 67.7700 55.5700 1023.000000 0.000000 125.000000 73.000000
2.9500 68.2400 55.9800 1023.000000 0.000000 125.000000 73.000000
2.9600 68.6500 56.5900 1023.000000 0.000000 122.000000 74.000000
2.9700 68.8300 57.3000 1023.000000 0.000000 122.000000 74.000000
2.9800 68.8900 58.0100 1023.000000 0.000000 122.000000 74.000000
2.9900 68.8200 58.7200 1023.000000 0.000000 122.000000 74.000000
3.0000 68.7100 59.0200 1023.000000 0.000000 127.000000 74.000000
3.0100 68.5700 59.0200 1023.000000 0.000000 130.000000 73.000000
3.0200 68.5700 58.7600 1023.000000 0.000000 130.000000 73.000000
3.0300 68.5700 58.2100 1023.000000 0.000000 132.000000 74.000000
3.0400 68.7800 57.7000 1023.000000 0.000000 135.000000 73.000000
3.0500 69.1000 57.2200 1023.000000 0.000000 135.000000 73.000000
3.0600 69.4700 56.9600 1023.000000 0.000000 132.000000 74.000000
3.0700 69.8500 56.9600 1023.000000 0.000000 135.000000 75.000000
3.0800 70.1500 57.0800 1023.000000 0.000000 135.000000 75.000000
3.0900 70.4000 57.5100 991.000000 0.000000 135.000000 75.000000
3.1000 70.5900 58.1500 995.000000 0.000000 138.000000 75.000000
3.1100 70.6500 58.9200 985.000000 0.000000 138.000000 75.000000
3.1200 70.6500 59.4300 987.000000 0.000000 138.000000 75.000000
3.1300 70.6500 59.6100 1018.000000 0.000000 138.000000 75.000000
3.1400 70.6500 59.6100 1023.000000 0.000000 140.000000 75.000000
3.1500 70.6500 59.2800 1023.000000 0.000000 140.000000 75.000000
3.1600 70.8300 58.8000 1023.000000 0.000000 140.000000 75.000000
3.1700 71.0900 58.1900 1023.000000 0.000000 143.000000 74.000000
3.1800 71.4300 57.7300 984.000000 0.000000 138.000000 74.000000
3.1900 71.8100 57.4900 779.000000 0.000000 138.000000 74.000000
3.2000 72.0900 57.3900 179.000000 0.000000 138.000000 74.000000
3.2100 72.0900 57.3900 0.000000 1.000000 135.000000 75.000000
3.2200 72.3400 58.1400 0.000000 0.000000 135.000000 75.000000
3.2300 72.3400 58.7500 0.000000 0.000000 135.000000 75.000000
3.2400 72.4000 59.2000 0.000000 0.000000 135.000000 75.000000
3.2500 72.4000 59.2000 317.000000 1.000000 135.000000 75.000000
3.2600 72.5600 59.6200 440.000000 0.000000 135.000000 75.000000
3.2700 72.6300 59.6200 440.000000 0.000000 132.000000 74.000000
3.2800 72.6800 59.6200 207.000000 0.000000 135.000000 73.000000
3.2900 72.6800 59.6200 0.000000 1.000000 135.000000 73.000000
3.3000 72.9400 59.8800 0.000000 0.000000 135.000000 73.000000
3.3100 72.9900 59.9400 0.000000 0.000000 137.000000 73.000000
3.3200 72.9900 60.0100 0.000000 0.000000 137.000000 73.000000
3.3300 73.1100 60.0800 0.000000 0.000000 137.000000 73.000000
3.3400 73.2000 60.2100 0.000000 0.000000 135.000000 72.000000
3.3500 73.2600 60.3800 0.000000 0.000000 135.000000 72.000000
3.3600 73.2600 60.5500 0.000000 0.000000 135.000000 72.000000
3.3700 73.1900 60.8500 0.000000 0.000000 135.000000 72.000000
3.3800 73.1900 60.8500 517.000000 1.000000 135.000000 72.000000
3.3900 73.0500 61.5300 670.000000 0.000000 135.000000 72.000000
3.4000 72.9600 61.6000 855.000000 0.000000 137.000000 73.000000
3.4100 72.8500 61.5200 978.000000 0.000000 140.000000 72.000000
3.4200 72.9000 61.1100 1023.000000 0.000000 140.000000 72.000000
3.4300 72.9500 60.4400 1023.000000 0.000000 140.000000 72.000000
3.4400 73.1400 59.6000 1023.000000 0.000000 142.000000 71.000000
3.4500 73.4200 58.8500 1023.000000 0.000000 140.000000 72.000000
3.4600 73.6000 58.0600 1023.000000 0.000000 140.000000 72.000000
3.4700 73.7200 57.6400 995.000000 0.000000 140.000000 72.000000
3.4800 73.8000 57.4900 829.000000 0.000000 137.000000 73.000000
3.4900 73.8000 57.5500 560.000000 0.000000 135.000000 73.000000
3.5000 73.6500 57.8200 233.000000 0.000000 135.000000 73.000000
3.5100 73.6500 57.8200 0.000000 1.000000 132.000000 74.000000
3.5200 73.0800 58.6100 0.000000 0.000000 132.000000 74.000000
3.5300 73.0800 58.6100 75.000000 1.000000 132.000000 74.000000
3.5400 72.3100 59.1000 399.000000 0.000000 132.000000 74.000000
3.5500 72.2600 59.1800 591.000000 0.000000 135.000000 73.000000
3.5600 72.2600 59.1800 730.000000 0.000000 135.000000 73.000000
3.5700 72.4800 59.1800 851.000000 0.000000 135.000000 73.000000
3.5800 72.8200 59.2400 948.000000 0.000000 137.000000 73.000000
3.5900 73.5800 59.4100 989.000000 0.000000 137.000000 73.000000
3.6000 74.3500 59.4100 1006.000000 0.000000 137.000000 73.000000
3.6100 74.9900 59.4100 1009.000000 0.000000 137.000000 73.000000
3.6200 75.5500 59.2700 1012.000000 0.000000 137.000000 73.000000
3.6300 75.9500 59.1700 1008.000000 0.000000 137.000000 73.000000
3.6400 76.1100 59.0900 1008.000000 0.000000 137.000000 73.000000
3.6500 76.1100 59.0900 1009.000000 0.000000 137.000000 73.000000
3.6600 76.0600 59.0900 1005.000000 0.000000 137.000000 73.000000
3.6700 75.9900 59.1600 997.000000 0.000000 137.000000 73.000000
3.6800 75.9900 59.2700 981.000000 0.000000 137.000000 73.000000
3.6900 75.9900 59.3800 986.000000 0.000000 137.000000 73.000000
3.7000 76.1500 59.5500 985.000000 0.000000 137.000000 73.000000
3.7100 76.4500 59.7700 994.000000 0.000000 137.000000 73.000000
3.7200 76.6000 59.8700 1023.000000 0.000000 140.000000 73.000000
3.7300 76.6000 59.8700 1023.000000 0.000000 140.000000 73.000000
3.7400 76.4800 59.7500 1023.000000 0.000000 140.000000 73.000000
3.7500 76.2600 59.6500 1023.000000 0.000000 140.000000 73.000000
3.7600 75.9500 59.3700 1023.000000 0.000000 140.000000 73.000000
3.7700 75.5800 58.9600 1023.000000 0.000000 137.000000 73.000000
3.7800 75.4900 58.6700 1023.000000 0.000000 137.000000 73.000000
3.7900 75.5800 58.5000 1023.000000 0.000000 135.000000 73.000000
3.8000 75.8000 58.4000 1006.000000 0.000000 135.000000 73.000000
3.8100 76.2400 58.4000 833.000000 0.000000 135.000000 73.000000
3.8200 76.7200 58.5700 399.000000 0.000000 135.000000 73.000000
3.8300 76.7200 58.5700 0.000000 1.000000 135.000000 73.000000
3.8400 77.5900 59.2300 0.000000 0.000000 135.000000 73.000000
3.8500 77.8100 59.7100 0.000000 0.000000 135.000000 73.000000
3.8600 77.9900 60.2500 0.000000 0.000000 135.000000 73.000000
3.8700 77.9900 60.2500 151.000000 1.000000 138.000000 74.000000
3.8800 78.1800 60.9200 749.000000 0.000000 138.000000 74.000000
3.8900 78.0500 60.9200 890.000000 0.000000 138.000000 74.000000
3.9000 78.0500 60.7200 993.000000 0.000000 140.000000 73.000000
3.9100 78.0500 60.3100 1023.000000 0.000000 143.000000 74.000000
3.9200 78.0500 59.7600 1023.000000 0.000000 143.000000 74.000000
3.9300 78.0500 59.2100 1023.000000 0.000000 143.000000 74.000000
3.9400 77.9700 58.5200 1023.000000 0.000000 143.000000 74.000000
3.9500 78.1000 57.7300 1023.000000 0.000000 140.000000 75.000000
3.9600 78.1000 57.2500 1023.000000 0.000000 140.000000 75.000000
3.9700 78.0100 57.0400 1023.000000 0.000000 135.000000 75.000000
3.9800 77.6900 57.0400 1023.000000 0.000000 132.000000 75.000000
3.9900 77.3800 57.0400 1023.000000 0.000000 132.000000 75.000000
4.0000 77.0700 57.2700 912.000000 0.000000 129.000000 76.000000
4.0100 76.7700 57.5600 611.000000 0.000000 129.000000 76.000000
4.0200 76.7700 57.5600 0.000000 1.000000 127.000000 75.000000
4.0300 76.3800 58.4600 0.000000 0.000000 127.000000 75.000000
4.0400 76.3300 59.0500 0.000000 0.000000 127.000000 75.000000
4.0500 76.1700 59.7800 0.000000 0.000000 130.000000 75.000000
4.0600 75.8300 60.7700 0.000000 0.000000 130.000000 75.000000
4.0700 75.3700 61.9400 0.000000 0.000000 132.000000 74.000000
4.0800 74.5100 63.5300 0.000000 0.000000 135.000000 73.000000
4.0900 73.4700 65.4900 0.000000 0.000000 137.000000 73.000000
4.1000 72.3100 67.6900 0.000000 0.000000 140.000000 72.000000
4.1100 71.6100 69.7700 0.000000 0.000000 142.000000 71.000000
4.1200 71.6100 69.7700 917.000000 1.000000 145.000000 70.000000
4.1300 71.1000 71.1700 917.000000 0.000000 149.000000 69.000000
4.1400 70.9800 70.9800 1023.000000 0.000000 151.000000 68.000000
4.1500 71.1200 69.6300 1023.000000 0.000000 152.000000 68.000000
4.1600 71.4400 67.5000 1023.000000 0.000000 154.000000 68.000000
4.1700 71.7300 64.6000 1023.000000 0.000000 154.000000 68.000000
4.1800 72.0800 61.5200 1023.000000 0.000000 153.000000 69.000000
4.1900 72.7900 58.3100 1023.000000 0.000000 152.000000 70.000000
4.2000 73.7200 56.4500 1023.000000 0.000000 148.000000 70.000000
4.2100 74.2700 55.3900 1023.000000 0.000000 144.000000 72.000000
4.2200 74.4900 54.8700 1023.000000 0.000000 137.000000 73.000000
4.2300 74.4900 54.9900 1023.000000 0.000000 132.000000 74.000000
4.2400 74.4200 56.0100 1023.000000 0.000000 130.000000 75.000000
4.2500 74.3400 57.6400 1023.000000 0.000000 124.000000 74.000000
4.2600 74.2400 60.4600 1023.000000 0.000000 121.000000 75.000000
4.2700 74.5500 63.5800 1023.000000 0.000000 127.000000 75.000000
4.2800 74.9200 66.9000 1023.000000 0.000000 127.000000 75.000000
4.2900 75.3200 68.4700 1023.000000 0.000000 130.000000 75.000000
4.3000 75.6200 69.5100 1023.000000 0.000000 135.000000 75.000000
4.3100 75.9300 70.2000 1023.000000 0.000000 140.000000 73.000000
4.3200 76.0900 70.2000 1023.000000 0.000000 145.000000 73.000000
4.3300 76.1400 70.0300 1023.000000 0.000000 148.000000 71.000000
4.3400 76.1400 69.6500 1023.000000 0.000000 153.000000 71.000000
4.3500 76.2300 68.8800 1023.000000 0.000000 154.000000 70.000000
4.3600 76.3200 68.2500 990.000000 0.000000 154.000000 70.000000
4.3700 76.4700 67.7200 791.000000 0.000000 154.000000 70.000000
4.3800 76.7400 67.5700 514.000000 0.000000 152.000000 70.000000
4.3900 77.0800 67.8900 320.000000 0.000000 150.000000 71.000000
4.4000 77.3600 68.5300 265.000000 0.000000 150.000000 71.000000
4.4100 77.6200 69.4800 353.000000 0.000000 150.000000 71.000000
4.4200 77.7200 70.1300 627.000000 0.000000 150.000000 71.000000
4.4300 77.7200 70.5800 830.000000 0.000000 150.000000 71.000000
4.4400 77.6300 70.5800 908.000000 0.000000 150.000000 71.000000
4.4500 77.5800 70.5800 920.000000 0.000000 152.000000 70.000000
4.4600 77.5800 70.4600 918.000000 0.000000 152.000000 70.000000
4.4700 77.7300 70.3300 858.000000 0.000000 153.000000 69.000000
4.4800 77.9000 70.1900 733.000000 0.000000 153.000000 69.000000
4.4900 78.1000 70.1000 439.000000 0.000000 154.000000 68.000000
