0.0000 56.6500 87.4700 120.000000 1.000000 307.000000 53.000000
0.0100 57.4600 88.8400 222.000000 0.000000 306.000000 54.000000
0.0200 57.6900 89.0300 241.000000 0.000000 306.000000 54.000000
0.0300 57.8000 88.9300 280.000000 0.000000 305.000000 55.000000
0.0400 57.8500 88.8100 329.000000 0.000000 305.000000 55.000000
0.0500 57.8500 88.5100 374.000000 0.000000 305.000000 55.000000
0.0600 57.6600 88.0900 410.000000 0.000000 304.000000 55.000000
0.0700 57.3000 87.1300 435.000000 0.000000 304.000000 55.000000
0.0800 56.6500 86.0100 474.000000 0.000000 304.000000 55.000000
0.0900 55.7800 84.7800 501.000000 0.000000 303.000000 55.000000
0.1000 54.7700 82.5000 537.000000 0.000000 304.000000 54.000000
0.1100 53.7600 80.8600 539.000000 0.000000 304.000000 54.000000
0.1200 52.9500 79.6600 556.000000 0.000000 304.000000 54.000000
0.1300 52.2700 78.5500 569.000000 0.000000 304.000000 54.000000
0.1400 51.9100 77.7900 572.000000 0.000000 304.000000 54.000000
0.1500 51.7100 77.2700 581.000000 0.000000 304.000000 54.000000
0.1600 51.6100 77.0400 589.000000 0.000000 305.000000 55.000000
0.1700 51.5400 76.9400 595.000000 0.000000 305.000000 55.000000
0.1800 51.4700 76.9400 585.000000 0.000000 305.000000 55.000000
0.1900 51.4000 76.9400 588.000000 0.000000 306.000000 54.000000
0.2000 51.3400 76.9400 585.000000 0.000000 306.000000 54.000000
0.2100 51.3400 76.9400 588.000000 0.000000 308.000000 54.000000
0.2200 51.3400 77.0800 594.000000 0.000000 308.000000 54.000000
0.2300 51.5400 77.7200 595.000000 0.000000 308.000000 54.000000
0.2400 51.9500 78.6900 591.000000 0.000000 307.000000 55.000000
0.2500 52.5100 80.0000 588.000000 0.000000 307.000000 55.000000
0.2600 52.9300 81.5000 580.000000 0.000000 307.000000 55.000000
0.2700 53.1700 83.1300 578.000000 0.000000 307.000000 55.000000
0.2800 53.2900 84.4700 570.000000 0.000000 306.000000 56.000000
0.2900 53.2900 85.4600 561.000000 0.000000 306.000000 56.000000
0.3000 53.2900 86.2100 570.000000 0.000000 306.000000 56.000000
0.3100 53.2900 86.5900 570.000000 0.000000 306.000000 56.000000
0.3200 53.2900 86.7800 560.000000 0.000000 306.000000 56.000000
0.3300 53.2200 86.8400 563.000000 0.000000 307.000000 55.000000
0.3400 53.2200 86.9200 574.000000 0.000000 307.000000 55.000000
0.3500 53.2200 86.9200 588.000000 0.000000 307.000000 55.000000
0.3600 53.2200 86.9800 592.000000 0.000000 309.000000 55.000000
0.3700 53.2200 86.9800 599.000000 0.000000 307.000000 55.000000
0.3800 53.2200 86.9800 611.000000 0.000000 307.000000 55.000000
0.3900 53.2200 86.9800 620.000000 0.000000 307.000000 55.000000
0.4000 53.2200 86.9800 614.000000 0.000000 307.000000 55.000000
0.4100 53.2200 86.9800 616.000000 0.000000 307.000000 55.000000
0.4200 53.2200 86.9800 619.000000 0.000000 307.000000 55.000000
0.4300 53.1700 86.9100 619.000000 0.000000 307.000000 55.000000
0.4400 53.1700 86.9100 622.000000 0.000000 307.000000 55.000000
0.4500 53.0800 86.7900 625.000000 0.000000 307.000000 55.000000
0.4600 52.9500 86.6500 631.000000 0.000000 307.000000 55.000000
0.4700 52.8300 86.4700 644.000000 0.000000 307.000000 55.000000
0.4800 52.7500 86.3500 666.000000 0.000000 307.000000 55.000000
0.4900 52.7000 86.2200 691.000000 0.000000 307.000000 55.000000
0.5000 52.7000 86.1000 742.000000 0.000000 307.000000 55.000000
0.5100 52.7600 85.9800 793.000000 0.000000 307.000000 55.000000
0.5200 52.8600 85.9000 787.000000 0.000000 307.000000 55.000000
0.5300 53.1500 85.8100 808.000000 0.000000 307.000000 55.000000
0.5400 53.4200 85.6800 814.000000 0.000000 307.000000 55.000000
0.5500 53.9700 85.5300 823.000000 0.000000 307.000000 55.000000
0.5600 54.7000 85.4200 817.000000 0.000000 307.000000 55.000000
0.5700 55.8400 85.5300 824.000000 0.000000 307.000000 55.000000
0.5800 57.4200 85.8000 811.000000 0.000000 307.000000 55.000000
0.5900 59.2900 86.1000 832.000000 0.000000 306.000000 54.000000
0.6000 62.0300 86.4500 829.000000 0.000000 305.000000 54.000000
0.6100 64.8400 87.0300 811.000000 0.000000 305.000000 54.000000
0.6200 67.7000 87.7500 785.000000 0.000000 303.000000 53.000000
0.6300 70.3200 88.6300 761.000000 0.000000 302.000000 53.000000
0.6400 73.4000 89.5300 637.000000 0.000000 300.000000 52.000000
0.6500 76.7900 90.4200 502.000000 0.000000 297.000000 52.000000
0.6600 79.1300 91.2500 200.000000 0.000000 295.000000 51.000000
0.6700 79.1300 91.2500 0.000000 1.000000 292.000000 51.000000
0.6800 81.9700 92.7400 0.000000 0.000000 290.000000 50.000000
0.6900 82.3300 93.0000 0.000000 0.000000 288.000000 50.000000
0.7000 82.0600 93.0000 0.000000 0.000000 287.000000 49.000000
0.7100 81.3700 92.4500 0.000000 0.000000 287.000000 49.000000
0.7200 80.4500 91.6000 0.000000 0.000000 288.000000 48.000000
0.7300 79.4100 90.5300 0.000000 0.000000 290.000000 47.000000
0.7400 78.3000 89.7800 0.000000 0.000000 294.000000 46.000000
0.7500 77.4700 89.6400 0.000000 0.000000 297.000000 46.000000
0.7600 76.8800 89.9000 0.000000 0.000000 301.000000 44.000000
0.7700 76.4400 90.7400 0.000000 0.000000 304.000000 44.000000
0.7800 75.8100 91.8900 0.000000 0.000000 306.000000 43.000000
0.7900 75.8100 91.8900 0.000000 0.000000 306.000000 43.000000
0.8000 65.9900 86.9000 0.000000 0.000000 314.000000 51.000000
0.8100 65.9900 86.9000 0.000000 0.000000 322.000000 59.000000
0.8200 65.4300 87.1200 0.000000 0.000000 334.000000 68.000000
0.8300 64.4900 87.5000 0.000000 0.000000 360.000000 74.000000
0.8400 63.9900 87.4100 0.000000 0.000000 360.000000 74.000000
0.8500 63.3900 87.1000 0.000000 0.000000 360.000000 70.000000
0.8600 62.7200 86.6400 0.000000 0.000000 347.000000 65.000000
0.8700 62.7200 86.2100 0.000000 0.000000 337.000000 61.000000
0.8800 62.2500 86.2100 0.000000 0.000000 330.000000 55.000000
0.8900 61.4000 86.5800 0.000000 0.000000 321.000000 52.000000
0.9000 60.8700 86.7200 0.000000 0.000000 320.000000 53.000000
0.9100 60.5300 86.8800 0.000000 0.000000 319.000000 54.000000
0.9200 60.3100 87.0600 0.000000 0.000000 316.000000 54.000000
0.9300 60.2000 86.6500 0.000000 0.000000 315.000000 54.000000
0.9400 60.0500 86.4800 0.000000 0.000000 314.000000 55.000000
0.9500 59.8300 86.4800 0.000000 0.000000 314.000000 55.000000
0.9600 59.5500 86.3900 0.000000 0.000000 314.000000 55.000000
0.9700 59.2600 86.3100 0.000000 0.000000 315.000000 55.000000
0.9800 59.0200 86.2300 0.000000 0.000000 315.000000 55.000000
0.9900 58.8000 86.1200 0.000000 0.000000 315.000000 55.000000
1.0000 58.6500 85.9900 0.000000 0.000000 315.000000 55.000000
1.0100 58.6000 85.9300 0.000000 0.000000 316.000000 55.000000
1.0200 58.6000 85.9300 0.000000 0.000000 315.000000 54.000000
1.0300 58.8000 86.0400 0.000000 0.000000 315.000000 54.000000
1.0400 59.1700 86.2400 0.000000 0.000000 315.000000 54.000000
1.0500 59.6600 86.5300 0.000000 0.000000 314.000000 54.000000
1.0600 60.1400 87.0800 0.000000 0.000000 314.000000 54.000000
1.0700 61.0600 87.7900 0.000000 0.000000 314.000000 54.000000
1.0800 62.2800 88.9600 0.000000 0.000000 313.000000 53.000000
1.0900 63.0900 90.1500 0.000000 0.000000 311.000000 54.000000
1.1000 63.0900 90.1500 212.000000 1.000000 311.000000 54.000000
1.1100 64.1900 92.0400 285.000000 0.000000 309.000000 53.000000
1.1200 64.3800 92.3100 314.000000 0.000000 308.000000 54.000000
1.1300 64.3800 92.3100 376.000000 0.000000 305.000000 54.000000
1.1400 64.2300 92.0500 443.000000 0.000000 303.000000 55.000000
1.1500 63.7600 91.6400 489.000000 0.000000 301.000000 55.000000
1.1600 62.7800 90.3800 543.000000 0.000000 300.000000 55.000000
1.1700 61.4700 88.2600 586.000000 0.000000 300.000000 55.000000
1.1800 59.8700 85.5800 608.000000 0.000000 300.000000 55.000000
1.1900 58.3300 82.6900 647.000000 0.000000 302.000000 56.000000
1.2000 56.8300 80.1400 646.000000 0.000000 304.000000 55.000000
1.2100 55.8200 77.8100 641.000000 0.000000 305.000000 55.000000
1.2200 55.0800 76.1300 617.000000 0.000000 306.000000 54.000000
1.2300 54.5200 75.3200 510.000000 0.000000 309.000000 55.000000
1.2400 54.2500 75.1000 262.000000 0.000000 310.000000 54.000000
1.2500 54.2500 75.2300 1.000000 1.000000 310.000000 54.000000
1.2600 54.2500 75.2300 0.000000 0.000000 311.000000 54.000000
1.2700 55.0000 76.7800 0.000000 0.000000 313.000000 54.000000
1.2800 55.6100 78.1000 0.000000 0.000000 313.000000 54.000000
1.2900 56.2500 79.4300 0.000000 0.000000 313.000000 54.000000
1.3000 56.9000 80.4300 0.000000 0.000000 313.000000 54.000000
1.3100 57.4300 81.2200 0.000000 0.000000 313.000000 54.000000
1.3200 57.9500 81.8200 0.000000 0.000000 313.000000 54.000000
1.3300 58.4400 82.3600 0.000000 0.000000 313.000000 54.000000
1.3400 58.9600 82.8500 0.000000 0.000000 311.000000 54.000000
1.3500 59.3600 83.3800 0.000000 0.000000 313.000000 53.000000
1.3600 59.6800 83.9000 0.000000 0.000000 313.000000 53.000000
1.3700 59.8800 84.3500 0.000000 0.000000 314.000000 52.000000
1.3800 60.0500 84.7500 0.000000 0.000000 314.000000 52.000000
1.3900 60.1800 84.9800 0.000000 0.000000 316.000000 52.000000
1.4000 60.2800 85.1000 0.000000 0.000000 316.000000 52.000000
1.4100 60.3500 85.1600 0.000000 0.000000 315.000000 53.000000
1.4200 60.4000 85.2100 0.000000 0.000000 316.000000 54.000000
1.4300 60.4600 85.2900 0.000000 0.000000 316.000000 54.000000
1.4400 60.5300 85.4300 0.000000 0.000000 315.000000 53.000000
1.4500 60.5900 85.6500 0.000000 0.000000 315.000000 53.000000
1.4600 60.7100 85.9400 0.000000 0.000000 315.000000 53.000000
1.4700 60.8700 86.2900 0.000000 0.000000 314.000000 52.000000
1.4800 61.0400 86.5200 0.000000 0.000000 313.000000 53.000000
1.4900 61.2000 86.6800 0.000000 0.000000 313.000000 53.000000
1.5000 61.3300 86.8100 0.000000 0.000000 313.000000 53.000000
1.5100 61.4600 86.9500 0.000000 0.000000 313.000000 53.000000
1.5200 61.6300 87.1100 0.000000 0.000000 311.000000 52.000000
1.5300 61.8300 87.3600 0.000000 0.000000 311.000000 52.000000
1.5400 61.8300 87.6200 0.000000 0.000000 311.000000 52.000000
1.5500 61.8300 87.6200 222.000000 1.000000 311.000000 52.000000
1.5600 61.8300 87.6200 240.000000 0.000000 310.000000 52.000000
1.5700 61.8300 87.6200 244.000000 0.000000 310.000000 52.000000
1.5800 61.5100 87.3300 251.000000 0.000000 310.000000 52.000000
1.5900 61.1600 86.7800 267.000000 0.000000 311.000000 52.000000
1.6000 60.8100 86.0500 314.000000 0.000000 311.000000 52.000000
1.6100 60.4800 85.3300 325.000000 0.000000 311.000000 52.000000
1.6200 60.2500 84.7900 337.000000 0.000000 313.000000 53.000000
1.6300 60.0800 84.3600 315.000000 0.000000 313.000000 53.000000
1.6400 60.0800 84.2700 211.000000 0.000000 313.000000 53.000000
1.6500 60.2100 84.2700 44.000000 0.000000 313.000000 53.000000
1.6600 60.2100 84.2700 0.000000 1.000000 313.000000 53.000000
1.6700 60.8800 85.0100 0.000000 0.000000 313.000000 53.000000
1.6800 61.2500 85.6500 0.000000 0.000000 313.000000 53.000000
1.6900 61.5800 86.2100 0.000000 0.000000 311.000000 52.000000
1.7000 61.8500 86.7300 0.000000 0.000000 311.000000 52.000000
1.7100 62.0700 87.3000 0.000000 0.000000 311.000000 52.000000
1.7200 62.2800 87.8900 0.000000 0.000000 311.000000 52.000000
1.7300 62.4900 88.5200 0.000000 0.000000 310.000000 52.000000
1.7400 62.6900 89.1700 0.000000 0.000000 310.000000 52.000000
1.7500 62.8800 89.6600 0.000000 0.000000 310.000000 52.000000
1.7600 62.8800 89.6600 63.000000 1.000000 309.000000 51.000000
1.7700 63.3800 90.4100 60.000000 0.000000 309.000000 51.000000
1.7800 63.6400 90.7100 56.000000 0.000000 308.000000 52.000000
1.7900 63.9000 90.9700 60.000000 0.000000 308.000000 52.000000
1.8000 64.1600 91.3100 96.000000 0.000000 308.000000 53.000000
1.8100 64.4000 91.6300 139.000000 0.000000 307.000000 53.000000
1.8200 64.6000 91.9400 184.000000 0.000000 305.000000 54.000000
1.8300 64.6500 92.2400 212.000000 0.000000 304.000000 54.000000
1.8400 64.6000 92.2400 254.000000 0.000000 303.000000 55.000000
1.8500 64.4700 92.1400 279.000000 0.000000 303.000000 55.000000
1.8600 64.1100 91.5500 329.000000 0.000000 301.000000 55.000000
1.8700 63.5900 90.6700 394.000000 0.000000 301.000000 55.000000
1.8800 63.1800 89.6100 420.000000 0.000000 303.000000 55.000000
1.8900 62.7900 88.5100 456.000000 0.000000 304.000000 55.000000
1.9000 62.4000 87.4500 465.000000 0.000000 305.000000 55.000000
1.9100 62.1200 86.7200 467.000000 0.000000 306.000000 54.000000
1.9200 61.9600 86.1900 436.000000 0.000000 308.000000 54.000000
1.9300 61.8700 85.9000 338.000000 0.000000 309.000000 53.000000
1.9400 61.9200 85.8400 203.000000 0.000000 310.000000 53.000000
1.9500 62.2100 85.9400 6.000000 1.000000 310.000000 53.000000
1.9600 62.2100 85.9400 0.000000 0.000000 311.000000 52.000000
1.9700 63.1700 86.9800 0.000000 0.000000 311.000000 52.000000
1.9800 63.6400 87.7100 0.000000 0.000000 311.000000 52.000000
1.9900 63.6400 87.7100 41.000000 1.000000 310.000000 52.000000
2.0000 64.2500 88.5800 170.000000 0.000000 309.000000 52.000000
2.0100 64.3200 88.7800 282.000000 0.000000 309.000000 52.000000
2.0200 64.4400 88.7800 343.000000 0.000000 309.000000 52.000000
2.0300 64.4400 88.7800 371.000000 0.000000 307.000000 52.000000
2.0400 64.2500 88.6500 418.000000 0.000000 308.000000 53.000000
2.0500 63.9700 88.4400 436.000000 0.000000 308.000000 53.000000
2.0600 63.6300 88.1500 460.000000 0.000000 308.000000 53.000000
2.0700 63.2900 87.8000 469.000000 0.000000 309.000000 53.000000
2.0800 62.9800 87.4500 477.000000 0.000000 309.000000 53.000000
2.0900 62.7500 87.1200 489.000000 0.000000 309.000000 53.000000
2.1000 62.6300 86.8300 492.000000 0.000000 310.000000 53.000000
2.1100 62.5700 86.6100 505.000000 0.000000 310.000000 53.000000
2.1200 62.6600 86.4800 514.000000 0.000000 310.000000 53.000000
2.1300 62.8300 86.4800 501.000000 0.000000 311.000000 52.000000
2.1400 63.0400 86.4800 465.000000 0.000000 311.000000 52.000000
2.1500 63.5300 86.8500 448.000000 0.000000 311.000000 52.000000
2.1600 64.0000 87.3800 440.000000 0.000000 313.000000 52.000000
2.1700 64.4500 88.0200 435.000000 0.000000 311.000000 52.000000
2.1800 64.5700 88.5100 415.000000 0.000000 311.000000 52.000000
2.1900 64.6300 88.6500 412.000000 0.000000 311.000000 52.000000
2.2000 64.5800 88.6500 415.000000 0.000000 309.000000 52.000000
2.2100 64.4400 88.3900 438.000000 0.000000 309.000000 52.000000
2.2200 64.2400 88.0300 448.000000 0.000000 309.000000 52.000000
2.2300 64.0300 87.5700 460.000000 0.000000 309.000000 52.000000
2.2400 63.9000 87.1300 469.000000 0.000000 309.000000 52.000000
2.2500 63.8300 86.8400 471.000000 0.000000 309.000000 52.000000
2.2600 63.8300 86.6500 441.000000 0.000000 309.000000 52.000000
2.2700 63.9400 86.5900 339.000000 0.000000 309.000000 52.000000
2.2800 64.1100 86.5900 139.000000 0.000000 309.000000 52.000000
2.2900 64.1100 86.5900 0.000000 1.000000 310.000000 52.000000
2.3000 64.5400 86.6900 0.000000 0.000000 310.000000 52.000000
2.3100 64.5400 86.8100 0.000000 0.000000 310.000000 52.000000
2.3200 64.5400 86.8100 1.000000 0.000000 312.000000 51.000000
2.3300 64.4400 86.5000 142.000000 1.000000 312.000000 51.000000
2.3400 64.4400 86.3100 256.000000 0.000000 310.000000 52.000000
2.3500 64.5700 86.2600 305.000000 0.000000 310.000000 52.000000
2.3600 64.6500 86.2600 369.000000 0.000000 310.000000 52.000000
2.3700 64.8300 86.4000 402.000000 0.000000 309.000000 51.000000
2.3800 65.0700 86.7200 414.000000 0.000000 309.000000 51.000000
2.3900 65.3300 87.3700 422.000000 0.000000 309.000000 51.000000
2.4000 65.5500 88.0500 420.000000 0.000000 309.000000 51.000000
2.4100 65.7000 88.6000 410.000000 0.000000 309.000000 51.000000
2.4200 65.7800 89.0400 389.000000 0.000000 309.000000 51.000000
2.4300 65.8400 89.2100 386.000000 0.000000 309.000000 51.000000
2.4400 65.9100 89.3200 386.000000 0.000000 308.000000 52.000000
2.4500 66.0300 89.4000 389.000000 0.000000 308.000000 52.000000
2.4600 66.1800 89.4800 391.000000 0.000000 308.000000 52.000000
2.4700 66.4000 89.4800 393.000000 0.000000 308.000000 52.000000
2.4800 66.6100 89.5400 393.000000 0.000000 308.000000 52.000000
2.4900 66.8300 89.5400 361.000000 0.000000 308.000000 52.000000
2.5000 66.9300 89.5400 361.000000 0.000000 308.000000 52.000000
2.5100 66.9300 89.5400 337.000000 0.000000 307.000000 51.000000
2.5200 66.9800 89.4700 315.000000 0.000000 307.000000 51.000000
2.5300 66.9800 89.3900 314.000000 0.000000 307.000000 51.000000
2.5400 66.9800 89.3000 314.000000 0.000000 307.000000 51.000000
2.5500 67.1000 89.3000 314.000000 0.000000 308.000000 52.000000
2.5600 67.1000 89.3000 317.000000 0.000000 308.000000 52.000000
2.5700 67.1000 89.3000 289.000000 0.000000 309.000000 52.000000
2.5800 67.1000 89.3000 275.000000 0.000000 309.000000 52.000000
2.5900 67.6000 89.7200 259.000000 0.000000 309.000000 52.000000
2.6000 67.7000 90.0500 257.000000 0.000000 309.000000 52.000000
2.6100 67.7000 90.0500 242.000000 0.000000 309.000000 52.000000
2.6200 67.7000 90.0500 256.000000 0.000000 308.000000 53.000000
2.6300 67.7000 89.9500 247.000000 0.000000 308.000000 53.000000
2.6400 67.7000 89.8400 257.000000 0.000000 308.000000 53.000000
2.6500 67.6300 89.7200 270.000000 0.000000 305.000000 53.000000
2.6600 67.4900 89.4900 270.000000 0.000000 305.000000 53.000000
2.6700 67.2900 89.2000 272.000000 0.000000 305.000000 53.000000
2.6800 67.0600 88.8300 274.000000 0.000000 305.000000 53.000000
2.6900 66.9200 88.4600 275.000000 0.000000 307.000000 52.000000
2.7000 66.7800 88.0900 252.000000 0.000000 307.000000 52.000000
2.7100 66.7300 87.8900 179.000000 0.000000 307.000000 52.000000
2.7200 66.7300 87.8900 0.000000 1.000000 307.000000 52.000000
2.7300 66.7300 87.9800 0.000000 0.000000 307.000000 52.000000
2.7400 67.0200 88.1000 0.000000 0.000000 307.000000 52.000000
2.7500 67.4500 88.2400 0.000000 0.000000 308.000000 52.000000
2.7600 67.8600 88.4000 0.000000 0.000000 309.000000 52.000000
2.7700 68.3200 88.7300 0.000000 0.000000 309.000000 52.000000
2.7800 68.8200 89.1800 0.000000 0.000000 310.000000 52.000000
2.7900 69.2900 89.7800 0.000000 0.000000 310.000000 52.000000
2.8000 69.7600 90.4300 0.000000 0.000000 310.000000 52.000000
2.8100 69.7600 90.4300 215.000000 1.000000 310.000000 52.000000
2.8200 69.9400 91.0300 294.000000 0.000000 309.000000 51.000000
2.8300 69.9400 91.0900 289.000000 0.000000 308.000000 52.000000
2.8400 69.6300 91.0300 304.000000 0.000000 307.000000 52.000000
2.8500 69.1600 90.9000 342.000000 0.000000 304.000000 52.000000
2.8600 68.5300 90.4700 366.000000 0.000000 303.000000 52.000000
2.8700 68.0000 89.9900 381.000000 0.000000 302.000000 53.000000
2.8800 67.6200 89.4800 404.000000 0.000000 302.000000 53.000000
2.8900 67.3100 88.8900 433.000000 0.000000 302.000000 53.000000
2.9000 67.2200 88.3200 442.000000 0.000000 303.000000 52.000000
2.9100 67.2800 87.8900 486.000000 0.000000 303.000000 52.000000
2.9200 67.4500 87.5500 492.000000 0.000000 303.000000 51.000000
2.9300 67.8200 87.5500 493.000000 0.000000 303.000000 51.000000
2.9400 68.4200 87.8900 473.000000 0.000000 303.000000 51.000000
2.9500 69.1700 88.4800 466.000000 0.000000 305.000000 51.000000
2.9600 69.9700 89.3500 455.000000 0.000000 305.000000 51.000000
2.9700 70.2600 90.2200 415.000000 0.000000 303.000000 51.000000
2.9800 70.2600 90.6800 361.000000 0.000000 304.000000 52.000000
2.9900 69.8800 90.8700 223.000000 0.000000 304.000000 52.000000
3.0000 69.8800 90.8700 0.000000 1.000000 303.000000 52.000000
3.0100 68.3400 90.2200 0.000000 0.000000 304.000000 53.000000
3.0200 67.6200 89.5200 0.000000 0.000000 304.000000 53.000000
3.0300 67.1100 88.8400 0.000000 0.000000 305.000000 54.000000
3.0400 66.7300 88.2000 0.000000 0.000000 305.000000 54.000000
3.0500 66.4000 87.7300 0.000000 0.000000 307.000000 53.000000
3.0600 66.0600 87.3700 0.000000 0.000000 305.000000 53.000000
3.0700 65.7100 87.0900 0.000000 0.000000 307.000000 52.000000
3.0800 65.3700 86.8500 0.000000 0.000000 306.000000 51.000000
3.0900 64.9900 86.6200 0.000000 0.000000 306.000000 51.000000
3.1000 64.4800 86.3900 0.000000 0.000000 306.000000 50.000000
3.1100 63.8900 86.0700 0.000000 0.000000 306.000000 50.000000
3.1200 63.2300 85.7200 0.000000 0.000000 306.000000 50.000000
3.1300 62.5400 85.3500 0.000000 0.000000 306.000000 50.000000
3.1400 61.7900 84.9400 0.000000 0.000000 306.000000 50.000000
3.1500 60.9600 84.5400 0.000000 0.000000 308.000000 50.000000
3.1600 60.0500 84.1100 0.000000 0.000000 310.000000 51.000000
3.1700 59.1400 83.6500 0.000000 0.000000 312.000000 51.000000
3.1800 58.3400 83.3400 0.000000 0.000000 314.000000 51.000000
3.1900 57.6100 83.0900 0.000000 0.000000 314.000000 51.000000
3.2000 57.0500 82.9200 0.000000 0.000000 314.000000 51.000000
3.2100 56.5700 82.8100 0.000000 0.000000 315.000000 51.000000
3.2200 56.1300 82.8100 0.000000 0.000000 315.000000 51.000000
3.2300 55.7800 82.7600 0.000000 0.000000 315.000000 51.000000
3.2400 55.5000 82.7600 0.000000 0.000000 314.000000 50.000000
3.2500 55.2700 82.7600 0.000000 0.000000 314.000000 50.000000
3.2600 55.1300 82.7600 0.000000 0.000000 314.000000 50.000000
3.2700 54.9700 82.8300 0.000000 0.000000 314.000000 50.000000
3.2800 54.7900 82.8300 0.000000 0.000000 314.000000 50.000000
3.2900 54.6800 82.8300 0.000000 0.000000 314.000000 50.000000
3.3000 54.6000 82.8300 0.000000 0.000000 315.000000 51.000000
3.3100 54.6600 82.9100 0.000000 0.000000 315.000000 51.000000
3.3200 54.7100 82.9900 0.000000 0.000000 315.000000 51.000000
3.3300 54.7100 83.0800 0.000000 0.000000 314.000000 51.000000
3.3400 54.7600 83.1700 0.000000 0.000000 314.000000 51.000000
3.3500 54.8400 83.3600 0.000000 0.000000 314.000000 51.000000
3.3600 54.9500 83.6200 0.000000 0.000000 315.000000 52.000000
3.3700 55.0100 83.9800 0.000000 0.000000 315.000000 52.000000
3.3800 55.0800 84.3500 0.000000 0.000000 315.000000 52.000000
3.3900 55.1700 84.7600 0.000000 0.000000 315.000000 52.000000
3.4000 55.2600 85.2100 0.000000 0.000000 314.000000 52.000000
3.4100 55.3500 85.6400 0.000000 0.000000 315.000000 53.000000
3.4200 55.4800 85.8700 0.000000 0.000000 315.000000 53.000000
3.4300 55.6300 85.9700 0.000000 0.000000 315.000000 53.000000
3.4400 55.6300 85.9700 54.000000 1.000000 316.000000 54.000000
3.4500 55.8600 85.4300 188.000000 0.000000 315.000000 54.000000
3.4600 55.8600 84.8400 250.000000 0.000000 315.000000 54.000000
3.4700 55.7700 83.8800 314.000000 0.000000 315.000000 54.000000
3.4800 55.5300 82.7400 392.000000 0.000000 315.000000 55.000000
3.4900 55.1900 81.4900 486.000000 0.000000 315.000000 55.000000
3.5000 54.8700 80.4000 537.000000 0.000000 314.000000 56.000000
3.5100 54.5500 79.7900 546.000000 0.000000 314.000000 56.000000
3.5200 54.4500 79.5100 548.000000 0.000000 312.000000 57.000000
3.5300 54.4500 79.5100 550.000000 0.000000 311.000000 56.000000
3.5400 54.5800 79.7900 565.000000 0.000000 310.000000 56.000000
3.5500 54.8600 80.2600 561.000000 0.000000 310.000000 56.000000
3.5600 55.4200 81.1500 544.000000 0.000000 308.000000 57.000000
3.5700 56.1700 82.2000 504.000000 0.000000 308.000000 57.000000
3.5800 57.0700 83.3600 362.000000 0.000000 307.000000 56.000000
3.5900 58.2300 84.4400 195.000000 0.000000 309.000000 56.000000
3.6000 59.5700 85.3100 1.000000 1.000000 309.000000 56.000000
3.6100 59.5700 85.3100 0.000000 0.000000 309.000000 55.000000
3.6200 61.0300 86.2100 0.000000 0.000000 309.000000 55.000000
3.6300 61.1400 86.0100 0.000000 0.000000 310.000000 54.000000
3.6400 61.2000 85.5600 0.000000 0.000000 310.000000 54.000000
3.6500 61.0800 85.0500 0.000000 0.000000 310.000000 53.000000
3.6600 60.8300 84.5300 0.000000 0.000000 310.000000 53.000000
3.6700 60.7000 84.0000 0.000000 0.000000 311.000000 52.000000
3.6800 60.5700 83.6900 0.000000 0.000000 313.000000 53.000000
3.6900 60.4700 83.7700 0.000000 0.000000 314.000000 52.000000
3.7000 60.3900 84.1200 0.000000 0.000000 314.000000 52.000000
3.7100 60.3400 83.2600 0.000000 0.000000 316.000000 52.000000
3.7200 60.1800 82.9900 0.000000 0.000000 317.000000 53.000000
3.7300 60.2700 83.1200 0.000000 0.000000 319.000000 52.000000
3.7400 60.5600 83.0400 0.000000 0.000000 321.000000 52.000000
3.7500 60.5600 82.8700 0.000000 0.000000 321.000000 52.000000
3.7600 60.6200 82.6300 0.000000 0.000000 321.000000 52.000000
3.7700 60.6200 82.3400 0.000000 0.000000 322.000000 52.000000
3.7800 60.6700 82.0200 0.000000 0.000000 322.000000 52.000000
3.7900 60.7300 81.6700 0.000000 0.000000 322.000000 52.000000
3.8000 60.8000 81.3300 0.000000 0.000000 323.000000 51.000000
3.8100 60.8900 81.0200 0.000000 0.000000 322.000000 50.000000
3.8200 60.9800 80.8000 0.000000 0.000000 322.000000 50.000000
3.8300 61.0400 80.6600 0.000000 0.000000 322.000000 50.000000
3.8400 61.0400 80.6000 0.000000 0.000000 322.000000 50.000000
3.8500 61.0400 80.6000 0.000000 0.000000 320.000000 51.000000
3.8600 60.9500 80.6600 0.000000 0.000000 320.000000 51.000000
3.8700 60.8600 80.7700 0.000000 0.000000 320.000000 51.000000
3.8800 60.7700 80.9300 0.000000 0.000000 318.000000 51.000000
3.8900 60.7200 81.1100 0.000000 0.000000 318.000000 51.000000
3.9000 60.7200 81.2800 0.000000 0.000000 317.000000 52.000000
3.9100 60.6600 81.4400 0.000000 0.000000 317.000000 52.000000
3.9200 60.6600 81.6100 0.000000 0.000000 316.000000 52.000000
3.9300 60.6600 81.7300 0.000000 0.000000 316.000000 52.000000
3.9400 60.7300 81.8600 0.000000 0.000000 315.000000 53.000000
3.9500 60.7300 81.9800 0.000000 0.000000 315.000000 53.000000
3.9600 60.7300 82.0300 0.000000 0.000000 315.000000 53.000000
3.9700 60.5700 82.0300 0.000000 0.000000 315.000000 53.000000
3.9800 60.4000 81.9700 0.000000 0.000000 315.000000 53.000000
3.9900 60.1300 81.8500 0.000000 0.000000 315.000000 53.000000
4.0000 59.7800 81.7000 0.000000 0.000000 315.000000 53.000000
4.0100 59.4900 81.6300 0.000000 0.000000 314.000000 54.000000
4.0200 59.2700 81.6300 0.000000 0.000000 315.000000 54.000000
4.0300 59.1000 81.6300 0.000000 0.000000 315.000000 54.000000
4.0400 59.0100 81.6300 0.000000 0.000000 315.000000 54.000000
4.0500 59.0100 81.6300 0.000000 0.000000 316.000000 55.000000
4.0600 58.9600 81.6300 0.000000 0.000000 316.000000 55.000000
4.0700 58.9600 81.6300 0.000000 0.000000 316.000000 55.000000
4.0800 58.9600 81.6300 0.000000 0.000000 316.000000 55.000000
4.0900 58.9600 81.5700 0.000000 0.000000 316.000000 55.000000
4.1000 58.8800 81.5700 0.000000 0.000000 315.000000 55.000000
4.1100 58.7600 81.5700 0.000000 0.000000 315.000000 55.000000
4.1200 58.7600 81.5700 0.000000 0.000000 315.000000 55.000000
4.1300 58.8700 81.5700 0.000000 0.000000 315.000000 55.000000
4.1400 58.9200 81.6300 0.000000 0.000000 315.000000 55.000000
4.1500 59.0000 81.6300 0.000000 0.000000 314.000000 55.000000
4.1600 59.0900 81.6300 0.000000 0.000000 314.000000 55.000000
4.1700 59.1500 81.6300 0.000000 0.000000 314.000000 55.000000
4.1800 59.1500 81.6300 0.000000 0.000000 314.000000 55.000000
4.1900 59.1500 81.7000 0.000000 0.000000 314.000000 55.000000
4.2000 59.2200 81.7000 0.000000 0.000000 314.000000 55.000000
4.2100 59.2200 81.7800 0.000000 0.000000 312.000000 55.000000
4.2200 59.3800 81.8400 0.000000 0.000000 312.000000 55.000000
4.2300 59.5400 81.9600 0.000000 0.000000 312.000000 55.000000
4.2400 59.5400 81.9600 93.000000 1.000000 312.000000 55.000000
4.2500 59.9200 82.3000 233.000000 0.000000 312.000000 55.000000
4.2600 60.1000 82.4800 262.000000 0.000000 311.000000 56.000000
4.2700 60.1000 82.5400 302.000000 0.000000 310.000000 55.000000
4.2800 59.9900 82.5400 345.000000 0.000000 310.000000 55.000000
4.2900 59.8000 82.4700 386.000000 0.000000 310.000000 55.000000
4.3000 59.4400 82.2400 396.000000 0.000000 310.000000 55.000000
4.3100 58.9800 81.8900 423.000000 0.000000 307.000000 55.000000
4.3200 58.5400 81.4600 439.000000 0.000000 307.000000 55.000000
4.3300 58.2600 81.0400 448.000000 0.000000 307.000000 55.000000
4.3400 58.0800 80.6700 464.000000 0.000000 306.000000 56.000000
4.3500 58.0300 80.3800 490.000000 0.000000 306.000000 56.000000
4.3600 58.1300 80.1900 493.000000 0.000000 306.000000 56.000000
4.3700 58.3300 80.1200 488.000000 0.000000 306.000000 56.000000
4.3800 58.6600 80.1200 493.000000 0.000000 306.000000 56.000000
4.3900 59.1100 80.4200 478.000000 0.000000 306.000000 56.000000
4.4000 59.6300 80.8100 470.000000 0.000000 306.000000 56.000000
4.4100 59.8800 81.3100 452.000000 0.000000 306.000000 56.000000
4.4200 60.0800 81.7800 405.000000 0.000000 306.000000 56.000000
4.4300 60.0800 82.0600 366.000000 0.000000 306.000000 56.000000
4.4400 60.0800 82.0600 353.000000 0.000000 306.000000 56.000000
4.4500 59.6000 82.2100 304.000000 0.000000 306.000000 56.000000
4.4600 59.4000 82.1600 237.000000 0.000000 307.000000 55.000000
4.4700 59.2400 82.0700 190.000000 0.000000 309.000000 56.000000
4.4800 59.2400 82.0700 136.000000 0.000000 309.000000 56.000000
4.4900 59.3600 82.0700 101.000000 0.000000 309.000000 56.000000
4.5000 59.5300 82.1500 71.000000 0.000000 309.000000 56.000000
4.5100 59.8600 82.3500 85.000000 0.000000 309.000000 56.000000
4.5200 60.2200 82.6000 103.000000 0.000000 310.000000 55.000000
4.5300 60.6100 82.7400 191.000000 0.000000 310.000000 55.000000
4.5400 60.7500 82.6200 246.000000 0.000000 310.000000 55.000000
4.5500 60.8700 82.3500 317.000000 0.000000 310.000000 55.000000
4.5600 60.8700 82.0100 343.000000 0.000000 309.000000 55.000000
4.5700 60.6900 81.5800 389.000000 0.000000 309.000000 55.000000
4.5800 60.4900 81.1000 420.000000 0.000000 307.000000 55.000000
4.5900 60.2800 80.7300 452.000000 0.000000 307.000000 55.000000
4.6000 60.1700 80.5600 465.000000 0.000000 307.000000 55.000000
4.6100 60.1200 80.5600 465.000000 0.000000 305.000000 55.000000
4.6200 60.1200 80.6200 469.000000 0.000000 305.000000 55.000000
4.6300 60.2700 80.9600 461.000000 0.000000 304.000000 55.000000
4.6400 60.4900 81.4700 446.000000 0.000000 304.000000 55.000000
4.6500 60.8800 82.1100 440.000000 0.000000 304.000000 55.000000
4.6600 61.2600 82.5300 428.000000 0.000000 304.000000 55.000000
4.6700 61.5700 82.8100 441.000000 0.000000 305.000000 55.000000
4.6800 61.8300 82.8100 447.000000 0.000000 305.000000 55.000000
4.6900 61.9000 82.5300 474.000000 0.000000 306.000000 54.000000
4.7000 61.9000 82.1300 473.000000 0.000000 306.000000 54.000000
4.7100 61.8200 81.6300 472.000000 0.000000 306.000000 54.000000
4.7200 61.6200 81.1900 469.000000 0.000000 306.000000 54.000000
4.7300 61.5400 80.9400 372.000000 0.000000 306.000000 54.000000
4.7400 61.5400 80.8100 165.000000 0.000000 306.000000 54.000000
4.7500 61.5400 80.8100 0.000000 1.000000 305.000000 55.000000
4.7600 61.9100 81.5500 0.000000 0.000000 305.000000 55.000000
4.7700 62.3900 82.4000 0.000000 0.000000 305.000000 55.000000
4.7800 63.0300 83.3600 0.000000 0.000000 306.000000 54.000000
4.7900 63.7200 84.5600 0.000000 0.000000 305.000000 54.000000
4.8000 64.3700 85.9200 0.000000 0.000000 307.000000 53.000000
4.8100 64.8700 87.6700 0.000000 0.000000 308.000000 53.000000
4.8200 65.2700 89.5400 0.000000 0.000000 308.000000 53.000000
4.8300 65.5000 91.4800 0.000000 0.000000 307.000000 52.000000
4.8400 65.5000 91.4800 80.000000 1.000000 308.000000 53.000000
4.8500 65.9100 93.7300 56.000000 0.000000 308.000000 53.000000
4.8600 65.9100 93.7300 0.000000 1.000000 307.000000 53.000000
4.8700 66.0700 93.9800 0.000000 0.000000 306.000000 54.000000
4.8800 66.0200 93.3900 0.000000 0.000000 305.000000 55.000000
4.8900 66.0200 93.3900 36.000000 1.000000 306.000000 56.000000
4.9000 65.6800 91.3700 94.000000 0.000000 305.000000 56.000000
4.9100 65.4000 89.9900 134.000000 0.000000 305.000000 56.000000
4.9200 65.0500 88.4700 170.000000 0.000000 305.000000 56.000000
4.9300 64.7300 86.9500 185.000000 0.000000 306.000000 56.000000
4.9400 64.4700 85.6000 196.000000 0.000000 306.000000 54.000000
4.9500 64.2400 84.3700 175.000000 0.000000 308.000000 54.000000
4.9600 64.0500 83.1100 190.000000 0.000000 308.000000 54.000000
4.9700 63.8400 81.8600 214.000000 0.000000 309.000000 53.000000
4.9800 63.6900 81.0400 246.000000 0.000000 307.000000 53.000000
4.9900 63.5700 80.5000 235.000000 0.000000 307.000000 53.000000
5.0000 63.5700 80.4200 207.000000 0.000000 307.000000 53.000000
5.0100 63.5200 80.6000 214.000000 0.000000 305.000000 54.000000
5.0200 63.5200 80.9600 221.000000 0.000000 304.000000 54.000000
5.0300 63.5200 81.5400 223.000000 0.000000 304.000000 54.000000
5.0400 63.6700 82.4100 230.000000 0.000000 304.000000 54.000000
5.0500 63.8800 83.4700 215.000000 0.000000 304.000000 54.000000
5.0600 64.1100 84.2100 163.000000 0.000000 304.000000 54.000000
5.0700 64.3400 84.6000 170.000000 0.000000 305.000000 54.000000
5.0800 64.3900 84.7500 212.000000 0.000000 305.000000 54.000000
5.0900 64.3900 84.6800 239.000000 0.000000 307.000000 53.000000
5.1000 64.2400 84.5600 275.000000 0.000000 308.000000 53.000000
5.1100 64.0500 84.4200 315.000000 0.000000 308.000000 53.000000
5.1200 63.8400 84.4200 334.000000 0.000000 309.000000 52.000000
5.1300 63.6500 84.5300 339.000000 0.000000 309.000000 52.000000
5.1400 63.5200 84.7700 309.000000 0.000000 309.000000 52.000000
5.1500 63.4100 84.9700 235.000000 0.000000 309.000000 52.000000
5.1600 63.4100 85.1700 51.000000 0.000000 309.000000 52.000000
5.1700 63.4100 85.1700 0.000000 1.000000 309.000000 52.000000
5.1800 63.4900 85.4500 0.000000 0.000000 309.000000 52.000000
5.1900 63.6400 85.4000 0.000000 0.000000 309.000000 52.000000
5.2000 63.8100 85.1300 0.000000 0.000000 309.000000 52.000000
5.2100 63.9800 84.8300 0.000000 0.000000 309.000000 52.000000
5.2200 64.0400 84.5000 0.000000 0.000000 309.000000 52.000000
5.2300 64.0400 84.5000 125.000000 1.000000 309.000000 52.000000
5.2400 64.3000 84.3000 334.000000 0.000000 308.000000 52.000000
5.2500 64.5800 84.3000 349.000000 0.000000 308.000000 52.000000
5.2600 64.9100 84.2500 349.000000 0.000000 308.000000 52.000000
5.2700 65.2900 84.2500 371.000000 0.000000 308.000000 52.000000
5.2800 65.7300 84.1000 417.000000 0.000000 308.000000 52.000000
5.2900 66.1800 83.9300 425.000000 0.000000 308.000000 52.000000
5.3000 66.4500 83.7600 420.000000 0.000000 308.000000 52.000000
5.3100 66.6900 83.7100 415.000000 0.000000 307.000000 52.000000
5.3200 66.8500 83.7100 399.000000 0.000000 307.000000 52.000000
5.3300 66.9700 83.8700 391.000000 0.000000 306.000000 51.000000
5.3400 67.0700 84.1500 382.000000 0.000000 306.000000 51.000000
5.3500 67.0700 84.5200 379.000000 0.000000 306.000000 51.000000
5.3600 66.9100 84.8500 372.000000 0.000000 305.000000 51.000000
5.3700 66.5900 84.9700 384.000000 0.000000 305.000000 51.000000
5.3800 66.2300 84.9700 394.000000 0.000000 305.000000 51.000000
5.3900 65.8200 84.6300 423.000000 0.000000 305.000000 51.000000
5.4000 65.4700 84.1400 442.000000 0.000000 306.000000 51.000000
5.4100 65.1700 83.5200 485.000000 0.000000 306.000000 51.000000
5.4200 65.1000 82.9000 529.000000 0.000000 306.000000 51.000000
5.4300 65.1000 82.3300 565.000000 0.000000 304.000000 52.000000
5.4400 65.1000 81.8300 583.000000 0.000000 305.000000 53.000000
5.4500 65.3600 81.5600 588.000000 0.000000 305.000000 53.000000
5.4600 65.7300 81.4500 584.000000 0.000000 304.000000 53.000000
5.4700 66.2000 81.5700 561.000000 0.000000 304.000000 53.000000
5.4800 66.7800 81.9300 540.000000 0.000000 303.000000 53.000000
5.4900 67.3500 82.4600 530.000000 0.000000 303.000000 53.000000
5.5000 67.7300 83.1400 513.000000 0.000000 302.000000 53.000000
5.5100 67.9900 83.8400 497.000000 0.000000 302.000000 53.000000
5.5200 68.0900 84.3200 468.000000 0.000000 303.000000 52.000000
5.5300 68.0900 84.6500 467.000000 0.000000 302.000000 51.000000
5.5400 68.0900 84.6500 483.000000 0.000000 303.000000 51.000000
5.5500 68.0900 84.4500 510.000000 0.000000 303.000000 51.000000
5.5600 68.0900 84.0900 512.000000 0.000000 302.000000 50.000000
5.5700 68.0900 83.5700 522.000000 0.000000 304.000000 50.000000
5.5800 68.2000 83.0600 516.000000 0.000000 304.000000 50.000000
5.5900 68.2000 82.5600 512.000000 0.000000 302.000000 50.000000
5.6000 67.9900 82.2200 509.000000 0.000000 302.000000 50.000000
5.6100 67.5700 81.8900 448.000000 0.000000 302.000000 50.000000
5.6200 66.8200 81.5800 302.000000 0.000000 301.000000 51.000000
5.6300 66.8200 81.5800 0.000000 1.000000 302.000000 51.000000
5.6400 65.3200 81.4800 0.000000 0.000000 301.000000 52.000000
5.6500 64.7700 81.7000 0.000000 0.000000 301.000000 52.000000
5.6600 64.3300 82.1000 0.000000 0.000000 302.000000 53.000000
5.6700 64.2300 82.5400 0.000000 0.000000 302.000000 53.000000
5.6800 64.3000 83.1900 0.000000 0.000000 303.000000 52.000000
5.6900 64.4800 83.9800 0.000000 0.000000 304.000000 52.000000
5.7000 64.4800 85.0100 0.000000 0.000000 306.000000 51.000000
5.7100 64.2900 86.0800 0.000000 0.000000 306.000000 51.000000
5.7200 64.0400 87.4200 0.000000 0.000000 307.000000 51.000000
5.7300 63.8200 88.9300 0.000000 0.000000 307.000000 51.000000
5.7400 63.8200 88.9300 273.000000 1.000000 308.000000 52.000000
5.7500 63.5900 91.5000 275.000000 0.000000 308.000000 52.000000
5.7600 63.7100 92.1600 257.000000 0.000000 307.000000 52.000000
5.7700 63.8000 92.4000 338.000000 0.000000 307.000000 53.000000
5.7800 63.9400 92.0200 422.000000 0.000000 305.000000 54.000000
5.7900 64.1100 91.2200 502.000000 0.000000 304.000000 54.000000
5.8000 63.9400 89.3800 567.000000 0.000000 304.000000 54.000000
5.8100 63.4300 86.9200 603.000000 0.000000 303.000000 55.000000
5.8200 62.6800 84.0600 637.000000 0.000000 304.000000 55.000000
5.8300 61.8500 81.3200 760.000000 0.000000 304.000000 55.000000
5.8400 61.3300 79.3900 800.000000 0.000000 305.000000 55.000000
5.8500 61.0100 78.0100 819.000000 0.000000 305.000000 55.000000
5.8600 61.0100 77.7600 825.000000 0.000000 306.000000 54.000000
5.8700 61.3000 78.1700 854.000000 0.000000 306.000000 54.000000
5.8800 61.7700 79.0300 870.000000 0.000000 308.000000 54.000000
5.8900 63.1700 80.8500 903.000000 0.000000 308.000000 54.000000
5.9000 65.0500 83.2000 906.000000 0.000000 308.000000 54.000000
5.9100 67.2500 85.9100 861.000000 0.000000 307.000000 53.000000
5.9200 69.8600 88.7200 817.000000 0.000000 305.000000 54.000000
5.9300 72.3500 91.4200 728.000000 0.000000 305.000000 54.000000
5.9400 74.7700 93.2500 460.000000 0.000000 303.000000 53.000000
