0.0000 92.8500 37.5000 183.000000 1.000000 107.000000 61.000000
0.0100 92.8000 39.3500 319.000000 0.000000 108.000000 61.000000
0.0200 92.7200 39.4200 393.000000 0.000000 112.000000 60.000000
0.0300 92.7200 39.4200 499.000000 0.000000 113.000000 59.000000
0.0400 92.9100 38.8200 574.000000 0.000000 114.000000 59.000000
0.0500 93.1600 37.4400 631.000000 0.000000 116.000000 58.000000
0.0600 93.3500 35.1500 685.000000 0.000000 116.000000 58.000000
0.0700 93.4600 32.2500 748.000000 0.000000 116.000000 58.000000
0.0800 93.5200 29.4200 785.000000 0.000000 115.000000 58.000000
0.0900 93.3200 26.5900 818.000000 0.000000 113.000000 58.000000
0.1000 93.1300 24.4000 819.000000 0.000000 112.000000 58.000000
0.1100 92.9900 22.6300 817.000000 0.000000 109.000000 59.000000
0.1200 92.8800 21.3200 823.000000 0.000000 107.000000 59.000000
0.1300 92.8800 20.8400 817.000000 0.000000 104.000000 59.000000
0.1400 92.8300 20.9100 811.000000 0.000000 102.000000 59.000000
0.1500 92.2400 21.4900 796.000000 0.000000 102.000000 59.000000
0.1600 91.3100 22.9700 759.000000 0.000000 100.000000 60.000000
0.1700 89.1300 25.0600 790.000000 0.000000 99.000000 60.000000
0.1800 86.5800 26.8600 827.000000 0.000000 99.000000 60.000000
0.1900 83.7800 27.8900 879.000000 0.000000 99.000000 60.000000
0.2000 82.0500 28.4000 906.000000 0.000000 100.000000 59.000000
0.2100 81.2600 28.4000 905.000000 0.000000 100.000000 59.000000
0.2200 81.0900 28.4000 891.000000 0.000000 101.000000 58.000000
0.2300 81.4700 28.4000 896.000000 0.000000 103.000000 57.000000
0.2400 83.1400 28.6600 896.000000 0.000000 104.000000 57.000000
0.2500 85.6600 29.1300 941.000000 0.000000 105.000000 56.000000
0.2600 90.0800 30.3100 940.000000 0.000000 107.000000 57.000000
0.2700 95.3000 31.6200 962.000000 0.000000 109.000000 57.000000
0.2800 101.0500 33.0100 959.000000 0.000000 109.000000 57.000000
0.2900 106.6400 34.1200 938.000000 0.000000 110.000000 58.000000
0.3000 111.8100 34.8100 896.000000 0.000000 110.000000 58.000000
0.3100 116.7000 35.2200 731.000000 0.000000 111.000000 59.000000
0.3200 119.8000 35.3100 226.000000 0.000000 111.000000 59.000000
0.3300 119.8000 35.3100 0.000000 1.000000 110.000000 60.000000
0.3400 124.0700 35.8000 0.000000 0.000000 111.000000 61.000000
0.3500 124.1800 36.0700 0.000000 0.000000 111.000000 61.000000
0.3600 123.4700 36.1400 0.000000 0.000000 111.000000 61.000000
0.3700 122.2000 36.0700 0.000000 0.000000 111.000000 61.000000
0.3800 120.4800 35.9400 0.000000 0.000000 113.000000 61.000000
0.3900 118.7700 35.7800 0.000000 0.000000 112.000000 60.000000
0.4000 117.0600 35.5600 0.000000 0.000000 112.000000 60.000000
0.4100 115.6800 35.2900 0.000000 0.000000 112.000000 60.000000
0.4200 114.3000 34.9800 0.000000 0.000000 111.000000 59.000000
0.4300 112.6000 34.4600 0.000000 0.000000 110.000000 58.000000
0.4400 110.6800 33.8300 0.000000 0.000000 110.000000 58.000000
0.4500 108.8700 33.1800 0.000000 0.000000 109.000000 57.000000
0.4600 107.4800 32.5200 0.000000 0.000000 111.000000 57.000000
0.4700 106.3700 31.8600 0.000000 0.000000 114.000000 57.000000
0.4800 105.1900 31.2400 0.000000 0.000000 114.000000 57.000000
0.4900 103.5400 30.6000 0.000000 0.000000 112.000000 55.000000
0.5000 101.5700 29.6700 0.000000 0.000000 108.000000 54.000000
0.5100 99.4800 28.5600 0.000000 0.000000 103.000000 52.000000
0.5200 98.0100 27.5100 0.000000 0.000000 100.000000 52.000000
0.5300 96.9400 26.6700 0.000000 0.000000 99.000000 51.000000
0.5400 96.2500 25.9800 0.000000 0.000000 99.000000 51.000000
0.5500 95.8200 25.4000 0.000000 0.000000 99.000000 51.000000
0.5600 95.5700 25.0500 0.000000 0.000000 99.000000 51.000000
0.5700 95.3500 24.8500 0.000000 0.000000 97.000000 46.000000
0.5800 94.8400 24.4300 0.000000 0.000000 93.000000 41.000000
0.5900 94.1400 24.0000 0.000000 0.000000 90.000000 37.000000
0.6000 93.8700 23.5600 0.000000 0.000000 89.000000 34.000000
0.6100 93.8700 23.4300 0.000000 0.000000 86.000000 38.000000
0.6200 94.0500 24.2100 0.000000 0.000000 87.000000 43.000000
0.6300 94.5800 25.6000 0.000000 0.000000 89.000000 47.000000
0.6400 95.2200 28.2000 0.000000 0.000000 90.000000 51.000000
0.6500 95.9300 31.2200 0.000000 0.000000 93.000000 56.000000
0.6600 96.6300 34.5100 0.000000 0.000000 97.000000 59.000000
0.6700 97.2500 37.5300 0.000000 0.000000 101.000000 61.000000
0.6800 97.8100 39.9900 0.000000 0.000000 104.000000 62.000000
0.6900 98.4400 42.0800 0.000000 0.000000 107.000000 62.000000
0.7000 98.4400 42.0800 420.000000 1.000000 110.000000 63.000000
0.7100 99.9500 44.0400 441.000000 0.000000 112.000000 62.000000
0.7200 99.9500 44.3100 468.000000 0.000000 114.000000 62.000000
0.7300 99.9500 44.0700 606.000000 0.000000 115.000000 62.000000
0.7400 99.9500 42.9000 682.000000 0.000000 117.000000 61.000000
0.7500 99.7900 41.1000 722.000000 0.000000 119.000000 61.000000
0.7600 99.4300 37.0800 752.000000 0.000000 119.000000 61.000000
0.7700 98.9400 32.5900 768.000000 0.000000 119.000000 61.000000
0.7800 98.5300 27.7800 784.000000 0.000000 117.000000 61.000000
0.7900 98.1900 23.4400 760.000000 0.000000 115.000000 62.000000
0.8000 98.1900 20.4500 696.000000 0.000000 115.000000 63.000000
0.8100 98.3100 18.3600 396.000000 0.000000 111.000000 64.000000
0.8200 98.3100 18.3600 0.000000 1.000000 107.000000 64.000000
0.8300 98.8600 16.1600 0.000000 0.000000 103.000000 65.000000
0.8400 98.7100 15.7600 0.000000 0.000000 99.000000 66.000000
0.8500 98.2600 16.5900 0.000000 0.000000 97.000000 66.000000
0.8600 97.9200 18.3100 0.000000 0.000000 95.000000 67.000000
0.8700 97.6600 20.6300 0.000000 0.000000 92.000000 67.000000
0.8800 97.4400 23.3300 0.000000 0.000000 90.000000 67.000000
0.8900 97.3000 26.2000 0.000000 0.000000 90.000000 68.000000
0.9000 97.3900 29.1900 0.000000 0.000000 93.000000 69.000000
0.9100 97.6400 31.3500 0.000000 0.000000 95.000000 69.000000
0.9200 97.8300 33.0700 0.000000 0.000000 98.000000 70.000000
0.9300 97.5000 34.5100 0.000000 0.000000 104.000000 69.000000
0.9400 96.8200 35.5400 0.000000 0.000000 111.000000 69.000000
0.9500 95.5000 36.1300 0.000000 0.000000 115.000000 67.000000
0.9600 94.0500 36.4400 0.000000 0.000000 120.000000 65.000000
0.9700 92.5000 36.7400 0.000000 0.000000 123.000000 62.000000
0.9800 91.3000 36.7400 0.000000 0.000000 125.000000 60.000000
0.9900 90.6900 36.5900 0.000000 0.000000 124.000000 58.000000
1.0000 90.4700 35.8300 0.000000 0.000000 124.000000 57.000000
1.0100 90.4700 35.8300 731.000000 1.000000 122.000000 56.000000
1.0200 90.8400 34.1800 722.000000 0.000000 121.000000 55.000000
1.0300 90.9700 34.2400 705.000000 0.000000 119.000000 54.000000
1.0400 91.7100 34.2900 754.000000 0.000000 116.000000 55.000000
1.0500 93.3500 34.7900 759.000000 0.000000 115.000000 55.000000
1.0600 95.6000 35.5800 753.000000 0.000000 113.000000 57.000000
1.0700 97.5700 36.2700 722.000000 0.000000 112.000000 58.000000
1.0800 99.6500 36.9500 568.000000 0.000000 110.000000 58.000000
1.0900 99.6500 36.9500 0.000000 1.000000 109.000000 60.000000
1.1000 103.5800 37.2300 0.000000 0.000000 110.000000 60.000000
1.1100 104.7100 37.0500 0.000000 0.000000 110.000000 60.000000
1.1200 105.4000 36.6500 0.000000 0.000000 111.000000 61.000000
1.1300 105.4500 36.1200 0.000000 0.000000 111.000000 61.000000
1.1400 105.3500 35.5200 0.000000 0.000000 113.000000 61.000000
1.1500 105.1600 34.8800 0.000000 0.000000 114.000000 61.000000
1.1600 104.6000 34.1800 0.000000 0.000000 115.000000 60.000000
1.1700 103.8200 33.4700 0.000000 0.000000 117.000000 59.000000
1.1800 102.8800 32.2900 0.000000 0.000000 116.000000 57.000000
1.1900 102.4400 30.9300 0.000000 0.000000 114.000000 57.000000
1.2000 101.7500 29.4400 0.000000 0.000000 112.000000 54.000000
1.2100 100.8500 27.8100 0.000000 0.000000 108.000000 53.000000
1.2200 99.9000 26.3400 0.000000 0.000000 105.000000 50.000000
1.2300 99.2100 24.9900 0.000000 0.000000 103.000000 48.000000
1.2400 98.5700 24.1500 0.000000 0.000000 100.000000 47.000000
1.2500 97.9500 23.3000 0.000000 0.000000 99.000000 48.000000
1.2600 97.2900 22.4900 0.000000 0.000000 98.000000 49.000000
1.2700 96.8000 22.0800 0.000000 0.000000 99.000000 51.000000
1.2800 96.4200 21.9100 0.000000 0.000000 98.000000 54.000000
1.2900 96.0400 22.2900 0.000000 0.000000 99.000000 57.000000
1.3000 95.8900 22.9200 0.000000 0.000000 100.000000 60.000000
1.3100 95.8900 23.7100 0.000000 0.000000 102.000000 63.000000
1.3200 95.9500 24.6700 0.000000 0.000000 101.000000 65.000000
1.3300 96.0300 25.6000 0.000000 0.000000 101.000000 65.000000
1.3400 96.1000 26.5000 0.000000 0.000000 101.000000 65.000000
1.3500 96.0300 27.0400 0.000000 0.000000 101.000000 65.000000
1.3600 95.8800 27.1200 0.000000 0.000000 102.000000 63.000000
1.3700 95.8800 27.1200 0.000000 0.000000 102.000000 63.000000
1.3800 95.5200 26.2200 0.000000 0.000000 102.000000 63.000000
1.3900 95.3400 25.5500 0.000000 0.000000 104.000000 63.000000
1.4000 95.3400 24.9000 0.000000 0.000000 102.000000 63.000000
1.4100 95.4000 24.3900 0.000000 0.000000 102.000000 63.000000
1.4200 95.5800 24.0200 0.000000 0.000000 100.000000 63.000000
1.4300 95.9200 23.7500 0.000000 0.000000 100.000000 63.000000
1.4400 96.2800 23.7500 0.000000 0.000000 100.000000 63.000000
1.4500 96.6900 23.9400 0.000000 0.000000 100.000000 64.000000
1.4600 97.1300 24.3000 0.000000 0.000000 100.000000 64.000000
1.4700 97.5900 24.9300 0.000000 0.000000 101.000000 65.000000
1.4800 98.0900 25.7900 0.000000 0.000000 101.000000 66.000000
1.4900 98.5600 26.8100 0.000000 0.000000 102.000000 67.000000
1.5000 98.7200 27.7200 0.000000 0.000000 105.000000 67.000000
1.5100 98.7200 28.4800 0.000000 0.000000 105.000000 67.000000
1.5200 98.3200 29.1500 0.000000 0.000000 105.000000 68.000000
1.5300 97.9900 29.6700 0.000000 0.000000 105.000000 68.000000
1.5400 97.7200 29.9800 0.000000 0.000000 105.000000 68.000000
1.5500 97.5400 30.1400 0.000000 0.000000 105.000000 68.000000
1.5600 97.4100 30.2200 0.000000 0.000000 107.000000 67.000000
1.5700 97.2800 30.2700 0.000000 0.000000 107.000000 67.000000
1.5800 97.1300 30.0200 0.000000 0.000000 106.000000 66.000000
1.5900 96.9500 29.5900 0.000000 0.000000 105.000000 65.000000
1.6000 96.8200 28.6700 0.000000 0.000000 105.000000 64.000000
1.6100 96.8200 27.6100 0.000000 0.000000 105.000000 64.000000
1.6200 96.8200 26.4500 0.000000 0.000000 105.000000 64.000000
1.6300 96.9400 25.6100 0.000000 0.000000 103.000000 64.000000
1.6400 97.1400 25.1500 0.000000 0.000000 103.000000 64.000000
1.6500 97.4400 24.9400 0.000000 0.000000 103.000000 64.000000
1.6600 97.8300 25.1100 0.000000 0.000000 103.000000 65.000000
1.6700 98.3000 25.6600 0.000000 0.000000 104.000000 66.000000
1.6800 98.8600 26.4700 0.000000 0.000000 104.000000 66.000000
1.6900 99.4700 27.7000 0.000000 0.000000 105.000000 67.000000
1.7000 100.2400 29.1900 0.000000 0.000000 106.000000 66.000000
1.7100 101.1200 30.8500 0.000000 0.000000 106.000000 66.000000
1.7200 101.9500 32.4300 0.000000 0.000000 108.000000 65.000000
1.7300 102.5600 33.6100 0.000000 0.000000 109.000000 64.000000
1.7400 103.0200 34.5300 0.000000 0.000000 109.000000 62.000000
1.7500 103.2600 35.0600 0.000000 0.000000 111.000000 59.000000
1.7600 103.3200 35.2300 0.000000 0.000000 112.000000 58.000000
1.7700 103.2600 35.1600 0.000000 0.000000 113.000000 56.000000
1.7800 102.9900 34.7700 0.000000 0.000000 115.000000 55.000000
1.7900 102.7100 34.3500 0.000000 0.000000 116.000000 55.000000
1.8000 102.4100 33.8800 0.000000 0.000000 116.000000 55.000000
1.8100 101.6500 33.4100 0.000000 0.000000 116.000000 55.000000
1.8200 101.1000 32.9800 0.000000 0.000000 116.000000 56.000000
1.8300 100.6900 32.5700 0.000000 0.000000 115.000000 58.000000
1.8400 100.3500 32.1900 0.000000 0.000000 114.000000 59.000000
1.8500 100.0700 31.9600 0.000000 0.000000 113.000000 60.000000
1.8600 100.0200 31.8400 0.000000 0.000000 113.000000 61.000000
1.8700 100.0900 31.9800 0.000000 0.000000 112.000000 62.000000
1.8800 100.2200 32.1800 0.000000 0.000000 112.000000 62.000000
1.8900 100.3200 32.4100 0.000000 0.000000 112.000000 62.000000
1.9000 100.3200 32.6300 0.000000 0.000000 112.000000 62.000000
1.9100 100.3200 32.9000 0.000000 0.000000 112.000000 62.000000
1.9200 100.3800 33.2000 0.000000 0.000000 112.000000 62.000000
1.9300 100.4400 33.5500 0.000000 0.000000 112.000000 62.000000
1.9400 100.5300 34.0000 0.000000 0.000000 112.000000 62.000000
1.9500 100.7200 34.5100 0.000000 0.000000 112.000000 62.000000
1.9600 100.9800 35.0400 0.000000 0.000000 112.000000 62.000000
1.9700 101.2800 35.5500 0.000000 0.000000 112.000000 62.000000
1.9800 101.6000 35.8700 0.000000 0.000000 113.000000 63.000000
1.9900 101.6000 35.8700 417.000000 1.000000 113.000000 63.000000
2.0000 101.9300 36.0900 449.000000 0.000000 113.000000 63.000000
2.0100 101.7300 36.0900 537.000000 0.000000 111.000000 64.000000
2.0200 101.4400 35.7300 599.000000 0.000000 111.000000 64.000000
2.0300 101.0800 35.2300 640.000000 0.000000 111.000000 64.000000
2.0400 100.6800 34.4200 646.000000 0.000000 111.000000 64.000000
2.0500 100.2500 33.5300 634.000000 0.000000 111.000000 64.000000
2.0600 100.0500 32.5800 589.000000 0.000000 110.000000 63.000000
2.0700 100.0500 32.1800 431.000000 0.000000 110.000000 63.000000
2.0800 100.1600 32.1000 235.000000 0.000000 110.000000 63.000000
2.0900 100.1600 32.1000 0.000000 1.000000 109.000000 62.000000
2.1000 100.8000 32.9400 0.000000 0.000000 110.000000 63.000000
2.1100 101.2100 33.7700 0.000000 0.000000 112.000000 62.000000
2.1200 101.4300 34.6800 0.000000 0.000000 112.000000 62.000000
2.1300 101.4900 35.4900 0.000000 0.000000 112.000000 62.000000
2.1400 101.4400 36.3600 0.000000 0.000000 112.000000 62.000000
2.1500 101.2700 37.2700 0.000000 0.000000 113.000000 63.000000
2.1600 101.1000 38.1500 0.000000 0.000000 113.000000 63.000000
2.1700 101.1000 38.5800 0.000000 0.000000 115.000000 63.000000
2.1800 101.1000 38.5800 414.000000 1.000000 115.000000 63.000000
2.1900 101.1000 38.5800 530.000000 0.000000 115.000000 63.000000
2.2000 100.9500 38.0200 530.000000 0.000000 115.000000 63.000000
2.2100 100.6200 37.6900 553.000000 0.000000 115.000000 63.000000
2.2200 100.6200 37.0800 567.000000 0.000000 115.000000 63.000000
2.2300 100.7200 36.7300 512.000000 0.000000 114.000000 62.000000
2.2400 100.9200 36.5500 391.000000 0.000000 114.000000 62.000000
2.2500 101.3400 36.4700 94.000000 0.000000 114.000000 62.000000
2.2600 101.3400 36.4700 0.000000 1.000000 114.000000 62.000000
2.2700 102.3800 37.1200 0.000000 0.000000 114.000000 62.000000
2.2800 102.6900 37.5500 0.000000 0.000000 114.000000 62.000000
2.2900 102.8200 37.9600 0.000000 0.000000 114.000000 62.000000
2.3000 103.0500 38.3400 0.000000 0.000000 115.000000 63.000000
2.3100 103.3200 38.7200 0.000000 0.000000 115.000000 63.000000
2.3200 103.6900 39.1600 0.000000 0.000000 116.000000 64.000000
2.3300 104.1700 39.6400 0.000000 0.000000 116.000000 64.000000
2.3400 104.7100 40.1100 0.000000 0.000000 116.000000 64.000000
2.3500 105.1900 40.5200 0.000000 0.000000 116.000000 64.000000
2.3600 105.1900 40.5200 399.000000 1.000000 116.000000 64.000000
2.3700 105.6800 40.6600 439.000000 0.000000 116.000000 64.000000
2.3800 105.0800 40.5200 530.000000 0.000000 117.000000 63.000000
2.3900 104.7300 40.0800 631.000000 0.000000 119.000000 63.000000
2.4000 104.2500 39.4400 724.000000 0.000000 119.000000 63.000000
2.4100 103.6700 38.4800 740.000000 0.000000 119.000000 63.000000
2.4200 103.1500 37.3500 777.000000 0.000000 119.000000 63.000000
2.4300 102.6900 36.1100 783.000000 0.000000 119.000000 63.000000
2.4400 102.3300 35.0700 791.000000 0.000000 117.000000 63.000000
2.4500 102.1800 34.3500 793.000000 0.000000 116.000000 63.000000
2.4600 102.1800 33.8400 790.000000 0.000000 115.000000 63.000000
2.4700 102.2500 33.5300 740.000000 0.000000 115.000000 63.000000
2.4800 102.3700 33.3700 655.000000 0.000000 112.000000 62.000000
2.4900 102.5700 33.3000 522.000000 0.000000 112.000000 62.000000
2.5000 102.9500 33.3000 214.000000 0.000000 110.000000 63.000000
2.5100 102.9500 33.3000 0.000000 1.000000 110.000000 63.000000
2.5200 104.1400 34.0600 0.000000 0.000000 110.000000 63.000000
2.5300 104.7400 34.6000 0.000000 0.000000 110.000000 63.000000
2.5400 105.2800 35.1100 0.000000 0.000000 110.000000 63.000000
2.5500 105.7200 35.5600 0.000000 0.000000 112.000000 62.000000
2.5600 106.2600 35.8400 0.000000 0.000000 112.000000 62.000000
2.5700 106.3700 36.0100 0.000000 0.000000 114.000000 62.000000
2.5800 106.1700 35.9300 0.000000 0.000000 115.000000 62.000000
2.5900 106.0500 35.7900 0.000000 0.000000 115.000000 62.000000
2.6000 105.8100 35.5500 0.000000 0.000000 115.000000 62.000000
2.6100 105.5000 35.2400 0.000000 0.000000 117.000000 61.000000
2.6200 105.0400 34.8400 0.000000 0.000000 117.000000 61.000000
2.6300 104.5900 34.3700 0.000000 0.000000 115.000000 62.000000
2.6400 104.1500 33.9500 0.000000 0.000000 115.000000 62.000000
2.6500 103.9300 33.7700 0.000000 0.000000 115.000000 62.000000
2.6600 103.9800 33.7700 0.000000 0.000000 114.000000 62.000000
2.6700 104.2100 34.0000 0.000000 0.000000 114.000000 62.000000
2.6800 104.5500 34.4900 0.000000 0.000000 112.000000 62.000000
2.6900 104.9000 35.1400 0.000000 0.000000 112.000000 62.000000
2.7000 105.2900 35.6800 0.000000 0.000000 112.000000 62.000000
2.7100 105.6800 36.1700 0.000000 0.000000 112.000000 62.000000
2.7200 106.0700 36.5800 0.000000 0.000000 112.000000 62.000000
2.7300 106.4000 36.9200 0.000000 0.000000 112.000000 62.000000
2.7400 106.4000 36.9200 311.000000 1.000000 112.000000 62.000000
2.7500 106.6900 37.3500 344.000000 0.000000 113.000000 63.000000
2.7600 106.5900 37.4400 485.000000 0.000000 113.000000 63.000000
2.7700 106.3800 37.5000 577.000000 0.000000 115.000000 63.000000
2.7800 106.0500 37.4000 673.000000 0.000000 116.000000 64.000000
2.7900 105.5400 37.1900 699.000000 0.000000 116.000000 64.000000
2.8000 104.9000 36.7000 720.000000 0.000000 116.000000 64.000000
2.8100 104.2500 36.0200 749.000000 0.000000 116.000000 64.000000
2.8200 103.6400 35.2200 762.000000 0.000000 114.000000 64.000000
2.8300 103.4000 34.6100 763.000000 0.000000 114.000000 64.000000
2.8400 103.4000 34.2900 731.000000 0.000000 114.000000 64.000000
2.8500 103.5200 34.1700 730.000000 0.000000 113.000000 63.000000
2.8600 103.8400 34.1700 722.000000 0.000000 113.000000 63.000000
2.8700 104.2800 34.3400 724.000000 0.000000 111.000000 64.000000
2.8800 104.6800 34.6000 702.000000 0.000000 110.000000 63.000000
2.8900 105.0500 35.0500 676.000000 0.000000 111.000000 64.000000
2.9000 105.4000 35.5000 658.000000 0.000000 111.000000 64.000000
2.9100 105.7000 35.9500 655.000000 0.000000 111.000000 64.000000
2.9200 105.8700 36.2600 661.000000 0.000000 112.000000 64.000000
2.9300 105.9600 36.3100 666.000000 0.000000 112.000000 64.000000
2.9400 105.8700 36.2000 678.000000 0.000000 112.000000 64.000000
2.9500 105.6900 35.9400 681.000000 0.000000 112.000000 64.000000
2.9600 105.4500 35.4100 678.000000 0.000000 112.000000 64.000000
2.9700 105.1900 34.6900 655.000000 0.000000 112.000000 64.000000
2.9800 105.0100 34.1100 533.000000 0.000000 112.000000 64.000000
2.9900 105.0800 33.8000 273.000000 0.000000 112.000000 64.000000
3.0000 105.0800 33.8000 0.000000 1.000000 112.000000 64.000000
3.0100 105.6900 33.8700 0.000000 0.000000 112.000000 64.000000
3.0200 106.0200 34.3200 0.000000 0.000000 112.000000 64.000000
3.0300 106.3100 34.9300 0.000000 0.000000 112.000000 64.000000
3.0400 106.5700 35.4900 0.000000 0.000000 112.000000 64.000000
3.0500 106.7500 36.0000 0.000000 0.000000 114.000000 64.000000
3.0600 106.8700 36.3900 0.000000 0.000000 114.000000 64.000000
3.0700 106.9200 36.7700 0.000000 0.000000 116.000000 64.000000
3.0800 106.9700 37.1400 0.000000 0.000000 115.000000 63.000000
3.0900 107.0300 37.3900 0.000000 0.000000 116.000000 63.000000
3.1000 107.0300 37.3900 0.000000 0.000000 117.000000 63.000000
3.1100 107.0300 37.3900 314.000000 1.000000 117.000000 63.000000
3.1200 106.9000 36.8700 329.000000 0.000000 117.000000 63.000000
3.1300 106.7600 36.5200 334.000000 0.000000 117.000000 63.000000
3.1400 106.6700 36.1600 474.000000 0.000000 117.000000 63.000000
3.1500 106.6700 35.8100 519.000000 0.000000 116.000000 64.000000
3.1600 106.6700 35.5000 553.000000 0.000000 117.000000 65.000000
3.1700 106.6700 35.2300 586.000000 0.000000 115.000000 65.000000
3.1800 106.6700 35.0800 631.000000 0.000000 115.000000 65.000000
3.1900 106.6700 35.0200 666.000000 0.000000 113.000000 65.000000
3.2000 106.6700 35.0200 696.000000 0.000000 113.000000 65.000000
3.2100 106.6100 35.1500 708.000000 0.000000 113.000000 65.000000
3.2200 106.6100 35.4100 721.000000 0.000000 113.000000 65.000000
3.2300 106.7100 35.7600 719.000000 0.000000 113.000000 65.000000
3.2400 106.8600 36.0600 716.000000 0.000000 113.000000 65.000000
3.2500 107.0100 36.3500 716.000000 0.000000 113.000000 65.000000
3.2600 107.3300 36.6400 693.000000 0.000000 113.000000 65.000000
3.2700 107.7600 37.0000 691.000000 0.000000 113.000000 65.000000
3.2800 108.1200 37.1800 673.000000 0.000000 113.000000 65.000000
3.2900 108.4200 37.2500 641.000000 0.000000 115.000000 65.000000
3.3000 108.6700 37.2500 636.000000 0.000000 115.000000 65.000000
3.3100 108.8000 37.2500 636.000000 0.000000 116.000000 66.000000
3.3200 108.8600 37.1700 655.000000 0.000000 118.000000 65.000000
3.3300 108.8600 37.1000 664.000000 0.000000 118.000000 65.000000
3.3400 108.8600 37.0200 676.000000 0.000000 118.000000 65.000000
3.3500 108.6800 36.7900 693.000000 0.000000 118.000000 65.000000
3.3600 108.4700 36.5200 690.000000 0.000000 118.000000 65.000000
3.3700 108.1500 36.1600 688.000000 0.000000 118.000000 65.000000
3.3800 107.9700 35.7700 682.000000 0.000000 116.000000 66.000000
3.3900 107.8800 35.4800 673.000000 0.000000 116.000000 66.000000
3.4000 107.8100 35.1900 645.000000 0.000000 116.000000 66.000000
3.4100 107.7400 34.8900 540.000000 0.000000 114.000000 66.000000
3.4200 107.7400 34.7400 184.000000 0.000000 114.000000 66.000000
3.4300 107.7400 34.7400 0.000000 1.000000 113.000000 65.000000
3.4400 107.7400 34.8000 0.000000 0.000000 113.000000 65.000000
3.4500 107.6700 35.1800 0.000000 0.000000 113.000000 65.000000
3.4600 107.6700 35.7500 0.000000 0.000000 113.000000 65.000000
3.4700 108.0100 36.4000 0.000000 0.000000 113.000000 65.000000
3.4800 108.2500 37.2400 0.000000 0.000000 115.000000 65.000000
3.4900 108.4100 38.2100 0.000000 0.000000 116.000000 66.000000
3.5000 108.7200 38.9600 0.000000 0.000000 116.000000 66.000000
3.5100 108.8900 39.4200 0.000000 0.000000 117.000000 67.000000
3.5200 108.9600 39.6800 0.000000 0.000000 117.000000 67.000000
3.5300 108.9600 39.7600 0.000000 0.000000 120.000000 67.000000
3.5400 108.9600 39.7600 562.000000 1.000000 120.000000 67.000000
3.5500 108.9600 39.7600 564.000000 0.000000 120.000000 67.000000
3.5600 108.6500 39.9100 640.000000 0.000000 120.000000 67.000000
3.5700 108.5700 39.9100 697.000000 0.000000 120.000000 67.000000
3.5800 108.4900 39.6000 708.000000 0.000000 120.000000 67.000000
3.5900 108.4100 39.1200 685.000000 0.000000 121.000000 66.000000
3.6000 108.2600 38.3000 610.000000 0.000000 121.000000 66.000000
3.6100 108.0700 37.3500 334.000000 0.000000 121.000000 66.000000
3.6200 108.0700 37.3500 0.000000 1.000000 118.000000 65.000000
3.6300 107.9200 35.3500 0.000000 0.000000 118.000000 65.000000
3.6400 107.6900 34.6300 0.000000 0.000000 118.000000 65.000000
3.6500 107.3900 34.0900 0.000000 0.000000 116.000000 66.000000
3.6600 107.1100 33.6900 0.000000 0.000000 115.000000 65.000000
3.6700 107.0600 33.4000 0.000000 0.000000 115.000000 65.000000
3.6800 107.1600 33.1900 0.000000 0.000000 115.000000 65.000000
3.6900 107.4000 33.0900 0.000000 0.000000 115.000000 65.000000
3.7000 107.6400 33.0900 0.000000 0.000000 115.000000 65.000000
3.7100 107.8500 33.1600 0.000000 0.000000 115.000000 65.000000
3.7200 108.0300 33.4200 0.000000 0.000000 115.000000 65.000000
3.7300 108.2100 33.7500 0.000000 0.000000 118.000000 65.000000
3.7400 108.4000 34.1400 0.000000 0.000000 118.000000 65.000000
3.7500 108.6000 34.4400 0.000000 0.000000 118.000000 65.000000
3.7600 108.8100 34.7000 0.000000 0.000000 119.000000 66.000000
3.7700 109.0000 34.8600 0.000000 0.000000 119.000000 66.000000
3.7800 109.1700 35.0400 0.000000 0.000000 119.000000 66.000000
3.7900 109.3700 35.2500 0.000000 0.000000 120.000000 67.000000
3.8000 109.6100 35.5600 0.000000 0.000000 120.000000 67.000000
3.8100 109.8400 35.9200 0.000000 0.000000 122.000000 67.000000
3.8200 110.0600 36.3100 0.000000 0.000000 119.000000 66.000000
3.8300 110.1800 36.5600 0.000000 0.000000 118.000000 65.000000
3.8400 110.2600 36.7700 0.000000 0.000000 117.000000 65.000000
3.8500 110.2600 36.7700 34.000000 1.000000 113.000000 63.000000
3.8600 110.3200 37.0300 89.000000 0.000000 112.000000 62.000000
3.8700 110.2100 37.0300 160.000000 0.000000 111.000000 61.000000
3.8800 110.0100 36.8400 281.000000 0.000000 108.000000 61.000000
3.8900 109.7400 36.3100 396.000000 0.000000 108.000000 61.000000
3.9000 109.4800 35.7800 494.000000 0.000000 109.000000 62.000000
3.9100 109.4800 35.3000 535.000000 0.000000 110.000000 63.000000
3.9200 109.6000 35.0000 570.000000 0.000000 111.000000 64.000000
3.9300 109.9300 34.7900 606.000000 0.000000 111.000000 64.000000
3.9400 110.2700 34.7900 642.000000 0.000000 111.000000 64.000000
3.9500 110.5700 34.9300 673.000000 0.000000 112.000000 64.000000
3.9600 110.8400 35.2200 675.000000 0.000000 112.000000 64.000000
3.9700 110.9500 35.5700 700.000000 0.000000 112.000000 64.000000
3.9800 110.8900 35.9200 708.000000 0.000000 112.000000 64.000000
3.9900 110.7200 36.2500 697.000000 0.000000 111.000000 64.000000
4.0000 110.4800 36.5600 644.000000 0.000000 111.000000 64.000000
4.0100 110.0400 36.7500 543.000000 0.000000 111.000000 64.000000
4.0200 109.4700 36.5000 294.000000 0.000000 112.000000 64.000000
4.0300 109.4700 36.5000 0.000000 1.000000 112.000000 64.000000
4.0400 108.3600 35.1700 0.000000 0.000000 113.000000 65.000000
4.0500 107.8700 34.5200 0.000000 0.000000 113.000000 65.000000
4.0600 107.4300 33.9700 0.000000 0.000000 113.000000 65.000000
4.0700 107.0600 33.4200 0.000000 0.000000 113.000000 65.000000
4.0800 106.7100 32.8400 0.000000 0.000000 113.000000 65.000000
4.0900 106.3500 32.1800 0.000000 0.000000 113.000000 65.000000
4.1000 105.9700 31.4700 0.000000 0.000000 113.000000 65.000000
4.1100 105.6100 30.6000 0.000000 0.000000 113.000000 65.000000
4.1200 105.2600 29.8200 0.000000 0.000000 113.000000 65.000000
4.1300 104.0700 29.1000 0.000000 0.000000 110.000000 65.000000
4.1400 103.2900 28.3600 0.000000 0.000000 107.000000 64.000000
4.1500 102.7700 27.7700 0.000000 0.000000 102.000000 63.000000
4.1600 102.2700 27.2700 0.000000 0.000000 100.000000 63.000000
4.1700 101.7300 26.8100 0.000000 0.000000 99.000000 62.000000
4.1800 101.1600 26.4900 0.000000 0.000000 99.000000 60.000000
4.1900 100.4500 26.2700 0.000000 0.000000 100.000000 59.000000
4.2000 99.6500 25.9600 0.000000 0.000000 103.000000 57.000000
4.2100 98.8000 25.6200 0.000000 0.000000 104.000000 57.000000
4.2200 97.9700 25.2500 0.000000 0.000000 108.000000 58.000000
4.2300 97.2000 24.8700 0.000000 0.000000 110.000000 58.000000
4.2400 96.7400 24.7100 0.000000 0.000000 113.000000 59.000000
4.2500 96.4600 24.7100 0.000000 0.000000 115.000000 60.000000
4.2600 95.6700 24.7100 0.000000 0.000000 115.000000 62.000000
4.2700 95.2400 24.7100 0.000000 0.000000 115.000000 63.000000
4.2800 95.0600 24.8100 0.000000 0.000000 114.000000 64.000000
4.2900 94.8800 25.0200 0.000000 0.000000 114.000000 64.000000
4.3000 94.6600 25.1900 0.000000 0.000000 112.000000 64.000000
4.3100 94.4000 25.2700 0.000000 0.000000 111.000000 64.000000
4.3200 94.2100 25.3200 0.000000 0.000000 108.000000 63.000000
4.3300 94.0600 25.3200 0.000000 0.000000 108.000000 63.000000
4.3400 94.0600 25.4100 0.000000 0.000000 106.000000 63.000000
4.3500 94.0600 25.5400 0.000000 0.000000 105.000000 62.000000
4.3600 94.1800 25.7900 0.000000 0.000000 105.000000 62.000000
4.3700 94.3400 26.0900 0.000000 0.000000 105.000000 62.000000
4.3800 94.5700 26.4200 0.000000 0.000000 105.000000 62.000000
4.3900 94.8500 26.7800 0.000000 0.000000 105.000000 62.000000
4.4000 95.0200 27.1400 0.000000 0.000000 105.000000 62.000000
4.4100 95.1300 27.3800 0.000000 0.000000 105.000000 62.000000
4.4200 95.1300 27.5400 0.000000 0.000000 105.000000 62.000000
4.4300 95.2200 27.7600 0.000000 0.000000 105.000000 62.000000
4.4400 95.2200 27.9900 0.000000 0.000000 105.000000 62.000000
4.4500 95.1100 28.2400 0.000000 0.000000 105.000000 61.000000
4.4600 94.9200 28.5300 0.000000 0.000000 105.000000 61.000000
4.4700 94.7600 28.8900 0.000000 0.000000 105.000000 61.000000
4.4800 94.5100 29.3000 0.000000 0.000000 104.000000 60.000000
4.4900 94.1900 29.7900 0.000000 0.000000 104.000000 60.000000
4.5000 93.9700 30.2800 0.000000 0.000000 106.000000 60.000000
4.5100 93.7800 30.7700 0.000000 0.000000 108.000000 60.000000
4.5200 93.6500 31.1500 0.000000 0.000000 109.000000 60.000000
4.5300 93.5800 31.2200 0.000000 0.000000 111.000000 59.000000
4.5400 93.5800 31.2200 414.000000 1.000000 111.000000 59.000000
4.5500 93.2100 31.0800 435.000000 0.000000 113.000000 59.000000
4.5600 93.0100 31.0000 474.000000 0.000000 115.000000 60.000000
4.5700 93.0100 30.6500 545.000000 0.000000 115.000000 60.000000
4.5800 93.1500 30.1300 616.000000 0.000000 115.000000 60.000000
4.5900 93.5100 29.2800 638.000000 0.000000 118.000000 60.000000
4.6000 93.9000 28.5600 667.000000 0.000000 118.000000 60.000000
4.6100 94.3600 27.9200 690.000000 0.000000 116.000000 60.000000
4.6200 94.8800 27.6400 745.000000 0.000000 117.000000 61.000000
4.6300 95.4500 27.6400 808.000000 0.000000 117.000000 61.000000
4.6400 96.1000 27.8100 828.000000 0.000000 115.000000 62.000000
4.6500 96.8900 28.5500 845.000000 0.000000 116.000000 63.000000
4.6600 97.7600 29.4700 840.000000 0.000000 116.000000 63.000000
4.6700 98.6300 30.5000 794.000000 0.000000 116.000000 63.000000
4.6800 99.4500 31.3500 568.000000 0.000000 117.000000 63.000000
4.6900 99.4500 31.3500 0.000000 1.000000 117.000000 63.000000
4.7000 100.8800 32.4800 0.000000 0.000000 117.000000 63.000000
4.7100 101.2600 32.6500 0.000000 0.000000 117.000000 63.000000
4.7200 101.4700 32.8200 0.000000 0.000000 117.000000 63.000000
4.7300 101.5200 32.9300 0.000000 0.000000 117.000000 63.000000
4.7400 101.7200 32.9300 0.000000 0.000000 118.000000 62.000000
4.7500 102.0300 32.9800 0.000000 0.000000 116.000000 60.000000
4.7600 102.7000 33.0500 0.000000 0.000000 117.000000 59.000000
4.7700 103.1500 32.6400 0.000000 0.000000 116.000000 57.000000
4.7800 103.4400 32.2100 0.000000 0.000000 116.000000 56.000000
4.7900 103.7600 31.7800 0.000000 0.000000 114.000000 55.000000
4.8000 103.9200 31.2100 0.000000 0.000000 113.000000 54.000000
4.8100 103.9200 30.5300 0.000000 0.000000 113.000000 54.000000
4.8200 103.3000 29.7800 0.000000 0.000000 111.000000 53.000000
4.8300 102.7500 28.9700 0.000000 0.000000 109.000000 55.000000
4.8400 102.2700 28.1600 0.000000 0.000000 106.000000 55.000000
4.8500 101.5900 27.3500 0.000000 0.000000 105.000000 56.000000
4.8600 100.9300 26.4800 0.000000 0.000000 103.000000 57.000000
4.8700 100.2700 25.8100 0.000000 0.000000 102.000000 58.000000
4.8800 99.7300 25.2700 0.000000 0.000000 100.000000 60.000000
4.8900 99.2400 24.8700 0.000000 0.000000 101.000000 61.000000
4.9000 98.8600 24.5500 0.000000 0.000000 101.000000 62.000000
4.9100 98.6600 24.2900 0.000000 0.000000 104.000000 62.000000
4.9200 98.5700 24.1500 0.000000 0.000000 105.000000 64.000000
4.9300 98.5200 24.1500 0.000000 0.000000 108.000000 65.000000
4.9400 98.5200 24.1500 0.000000 0.000000 111.000000 67.000000
4.9500 98.5200 24.2100 0.000000 0.000000 112.000000 67.000000
4.9600 98.5900 24.2100 0.000000 0.000000 114.000000 68.000000
4.9700 98.5900 24.2100 0.000000 0.000000 114.000000 68.000000
4.9800 98.4600 24.1600 0.000000 0.000000 111.000000 69.000000
4.9900 98.3900 24.1000 0.000000 0.000000 111.000000 69.000000
5.0000 98.3900 24.1900 0.000000 0.000000 111.000000 69.000000
5.0100 98.5100 24.3700 0.000000 0.000000 111.000000 69.000000
5.0200 98.7600 24.7200 0.000000 0.000000 111.000000 69.000000
5.0300 99.1300 25.2200 0.000000 0.000000 111.000000 69.000000
5.0400 99.5100 25.8300 0.000000 0.000000 110.000000 68.000000
5.0500 99.8800 26.5700 0.000000 0.000000 110.000000 68.000000
5.0600 100.1100 27.2700 0.000000 0.000000 110.000000 68.000000
5.0700 100.2600 27.9400 0.000000 0.000000 109.000000 67.000000
5.0800 100.2600 27.9400 225.000000 1.000000 109.000000 67.000000
5.0900 100.1600 28.2400 257.000000 0.000000 111.000000 67.000000
5.1000 99.7700 28.0400 330.000000 0.000000 111.000000 67.000000
5.1100 99.3500 27.5700 425.000000 0.000000 111.000000 67.000000
5.1200 98.9100 26.8200 475.000000 0.000000 113.000000 65.000000
5.1300 98.4600 25.8800 548.000000 0.000000 110.000000 66.000000
5.1400 98.3500 24.9800 584.000000 0.000000 110.000000 66.000000
5.1500 98.5600 24.4100 588.000000 0.000000 110.000000 65.000000
5.1600 98.9700 24.0500 616.000000 0.000000 108.000000 65.000000
5.1700 99.6400 24.0500 645.000000 0.000000 105.000000 64.000000
5.1800 100.2500 24.3100 655.000000 0.000000 105.000000 64.000000
5.1900 100.8100 24.7800 671.000000 0.000000 103.000000 64.000000
5.2000 101.2700 25.4100 675.000000 0.000000 103.000000 64.000000
5.2100 101.4600 25.9400 676.000000 0.000000 103.000000 64.000000
5.2200 101.4600 26.4100 676.000000 0.000000 103.000000 64.000000
5.2300 101.2400 26.8500 679.000000 0.000000 103.000000 64.000000
5.2400 100.9200 27.2500 687.000000 0.000000 103.000000 64.000000
5.2500 100.5500 27.3300 685.000000 0.000000 103.000000 64.000000
5.2600 100.1200 27.2300 691.000000 0.000000 103.000000 64.000000
5.2700 99.7000 26.8100 702.000000 0.000000 105.000000 64.000000
5.2800 99.2800 26.3800 702.000000 0.000000 105.000000 64.000000
5.2900 99.0300 25.8300 702.000000 0.000000 105.000000 64.000000
5.3000 99.1400 25.2000 697.000000 0.000000 104.000000 63.000000
5.3100 99.4800 24.8100 696.000000 0.000000 104.000000 63.000000
5.3200 99.9200 24.6700 700.000000 0.000000 102.000000 63.000000
5.3300 100.4000 24.6700 702.000000 0.000000 102.000000 63.000000
5.3400 100.9600 24.8300 702.000000 0.000000 102.000000 63.000000
5.3500 101.5100 25.0400 700.000000 0.000000 100.000000 64.000000
5.3600 101.8800 25.2900 691.000000 0.000000 100.000000 64.000000
5.3700 102.1400 25.6700 702.000000 0.000000 100.000000 64.000000
5.3800 102.4900 26.1800 690.000000 0.000000 100.000000 64.000000
5.3900 102.8400 26.7700 702.000000 0.000000 101.000000 65.000000
5.4000 103.1700 27.3100 700.000000 0.000000 101.000000 65.000000
5.4100 103.4100 27.8400 694.000000 0.000000 103.000000 64.000000
5.4200 103.5900 28.0700 702.000000 0.000000 103.000000 64.000000
5.4300 103.5900 28.1200 691.000000 0.000000 105.000000 64.000000
5.4400 103.5300 28.0200 691.000000 0.000000 107.000000 64.000000
5.4500 103.3600 27.6600 696.000000 0.000000 108.000000 65.000000
5.4600 103.1300 27.1400 708.000000 0.000000 108.000000 65.000000
5.4700 102.9000 26.4800 725.000000 0.000000 110.000000 65.000000
5.4800 102.6700 25.8100 720.000000 0.000000 108.000000 65.000000
5.4900 102.6700 25.3600 720.000000 0.000000 108.000000 65.000000
5.5000 102.7300 25.0700 728.000000 0.000000 107.000000 64.000000
5.5100 102.9100 24.9500 727.000000 0.000000 105.000000 64.000000
5.5200 103.1700 24.9500 717.000000 0.000000 103.000000 64.000000
5.5300 103.4600 25.1400 714.000000 0.000000 103.000000 64.000000
5.5400 103.7600 25.3800 714.000000 0.000000 101.000000 65.000000
5.5500 104.1200 25.8300 710.000000 0.000000 101.000000 65.000000
5.5600 104.5000 26.4100 697.000000 0.000000 101.000000 65.000000
5.5700 104.8800 27.1900 690.000000 0.000000 101.000000 66.000000
5.5800 105.2800 28.0000 681.000000 0.000000 103.000000 65.000000
5.5900 105.6700 28.8300 668.000000 0.000000 103.000000 65.000000
5.6000 106.0000 29.5800 655.000000 0.000000 106.000000 66.000000
5.6100 106.2800 30.3200 650.000000 0.000000 108.000000 66.000000
5.6200 106.4400 30.8500 655.000000 0.000000 110.000000 66.000000
5.6300 106.5000 31.2300 664.000000 0.000000 114.000000 66.000000
5.6400 106.5000 31.3300 666.000000 0.000000 116.000000 66.000000
5.6500 106.4500 31.4200 673.000000 0.000000 116.000000 66.000000
5.6600 106.4500 31.5000 675.000000 0.000000 118.000000 65.000000
5.6700 106.4500 31.5900 670.000000 0.000000 118.000000 65.000000
5.6800 106.5000 31.8800 668.000000 0.000000 118.000000 65.000000
5.6900 106.7100 32.3100 646.000000 0.000000 120.000000 65.000000
5.7000 107.0200 32.8900 625.000000 0.000000 120.000000 65.000000
5.7100 107.3000 33.4000 608.000000 0.000000 121.000000 66.000000
5.7200 107.4300 33.7100 603.000000 0.000000 121.000000 66.000000
5.7300 107.4300 33.9100 605.000000 0.000000 121.000000 66.000000
5.7400 107.4300 33.9100 613.000000 0.000000 121.000000 66.000000
5.7500 107.4300 33.9100 613.000000 0.000000 121.000000 66.000000
5.7600 107.3500 33.7000 631.000000 0.000000 121.000000 66.000000
5.7700 107.2400 33.3600 655.000000 0.000000 121.000000 66.000000
5.7800 107.0800 32.6500 682.000000 0.000000 121.000000 66.000000
5.7900 106.9300 31.8800 690.000000 0.000000 121.000000 66.000000
5.8000 106.7000 31.0100 728.000000 0.000000 121.000000 66.000000
5.8100 106.4100 29.9400 743.000000 0.000000 121.000000 66.000000
5.8200 106.0600 28.7500 750.000000 0.000000 121.000000 66.000000
5.8300 105.6700 27.5900 765.000000 0.000000 118.000000 65.000000
5.8400 105.2600 26.5300 777.000000 0.000000 118.000000 65.000000
5.8500 104.9600 25.5500 779.000000 0.000000 116.000000 66.000000
5.8600 104.7200 25.0500 768.000000 0.000000 114.000000 66.000000
5.8700 104.6400 24.8400 759.000000 0.000000 111.000000 67.000000
5.8800 104.6400 24.8400 757.000000 0.000000 108.000000 66.000000
5.8900 104.6400 25.0300 739.000000 0.000000 106.000000 66.000000
5.9000 104.6400 25.7200 724.000000 0.000000 104.000000 66.000000
5.9100 104.6400 26.7400 722.000000 0.000000 104.000000 66.000000
5.9200 104.7500 27.5300 728.000000 0.000000 104.000000 66.000000
5.9300 105.0100 27.8400 734.000000 0.000000 104.000000 66.000000
5.9400 105.2300 27.8400 737.000000 0.000000 106.000000 66.000000
5.9500 105.5900 27.7900 740.000000 0.000000 106.000000 66.000000
5.9600 106.0500 27.6900 745.000000 0.000000 109.000000 67.000000
5.9700 106.7200 27.5400 743.000000 0.000000 111.000000 67.000000
5.9800 107.3900 27.3900 748.000000 0.000000 111.000000 67.000000
5.9900 108.0700 27.1900 763.000000 0.000000 111.000000 67.000000
6.0000 108.6900 27.0800 757.000000 0.000000 112.000000 67.000000
6.0100 109.2600 27.0300 760.000000 0.000000 112.000000 67.000000
6.0200 109.7200 26.9800 762.000000 0.000000 110.000000 68.000000
6.0300 110.0000 27.0300 763.000000 0.000000 110.000000 68.000000
6.0400 110.1500 27.1500 760.000000 0.000000 107.000000 67.000000
6.0500 110.2000 27.3000 760.000000 0.000000 106.000000 66.000000
6.0600 110.2000 27.6100 760.000000 0.000000 103.000000 65.000000
6.0700 110.2600 28.0400 757.000000 0.000000 103.000000 65.000000
6.0800 110.1500 28.3700 763.000000 0.000000 103.000000 64.000000
6.0900 110.0400 28.6800 757.000000 0.000000 102.000000 63.000000
6.1000 109.8600 28.9200 771.000000 0.000000 102.000000 63.000000
6.1100 109.6300 28.9200 774.000000 0.000000 104.000000 63.000000
6.1200 109.4000 28.8200 777.000000 0.000000 105.000000 64.000000
6.1300 109.1100 28.3400 787.000000 0.000000 108.000000 65.000000
6.1400 108.7800 27.6400 796.000000 0.000000 108.000000 66.000000
6.1500 108.5300 26.8000 796.000000 0.000000 111.000000 67.000000
6.1600 108.5300 26.3100 794.000000 0.000000 112.000000 67.000000
6.1700 108.7200 25.9600 797.000000 0.000000 114.000000 68.000000
6.1800 109.0400 25.7000 783.000000 0.000000 111.000000 69.000000
6.1900 109.3700 25.6200 796.000000 0.000000 111.000000 69.000000
6.2000 109.7100 25.6200 803.000000 0.000000 111.000000 69.000000
6.2100 109.9700 25.6200 811.000000 0.000000 109.000000 69.000000
6.2200 110.1700 25.6200 824.000000 0.000000 108.000000 68.000000
6.2300 110.2700 25.5500 822.000000 0.000000 107.000000 67.000000
6.2400 110.2700 25.4600 834.000000 0.000000 106.000000 66.000000
6.2500 110.2700 25.3800 854.000000 0.000000 105.000000 65.000000
6.2600 110.2700 25.2100 890.000000 0.000000 105.000000 64.000000
6.2700 110.1900 25.2100 906.000000 0.000000 104.000000 63.000000
6.2800 110.1900 25.2100 933.000000 0.000000 104.000000 62.000000
6.2900 110.1000 25.2100 915.000000 0.000000 104.000000 62.000000
6.3000 109.7800 25.2100 855.000000 0.000000 104.000000 62.000000
6.3100 109.2800 24.9400 760.000000 0.000000 102.000000 63.000000
6.3200 108.7200 24.5900 540.000000 0.000000 103.000000 64.000000
