0.0000 95.9000 55.2600 561.000000 1.000000 143.000000 70.000000
0.0100 96.4300 55.8800 643.000000 0.000000 143.000000 70.000000
0.0200 96.2800 55.6300 790.000000 0.000000 148.000000 70.000000
0.0300 96.4300 54.4200 909.000000 0.000000 148.000000 70.000000
0.0400 96.6300 52.5600 990.000000 0.000000 148.000000 70.000000
0.0500 96.9400 50.1800 1023.000000 0.000000 146.000000 71.000000
0.0600 97.3400 47.7600 1023.000000 0.000000 146.000000 71.000000
0.0700 97.7900 45.3100 1023.000000 0.000000 144.000000 72.000000
0.0800 98.3500 43.6400 1023.000000 0.000000 144.000000 72.000000
0.0900 98.9900 42.4300 1023.000000 0.000000 142.000000 72.000000
0.1000 99.4500 41.5300 1023.000000 0.000000 140.000000 73.000000
0.1100 99.5800 41.0900 1023.000000 0.000000 140.000000 73.000000
0.1200 99.4900 41.0300 1023.000000 0.000000 138.000000 74.000000
0.1300 99.2200 41.2300 1023.000000 0.000000 140.000000 75.000000
0.1400 98.4800 41.7200 1023.000000 0.000000 140.000000 75.000000
0.1500 97.4300 42.4700 1023.000000 0.000000 140.000000 75.000000
0.1600 95.8900 43.4000 982.000000 0.000000 140.000000 75.000000
0.1700 93.8000 44.1700 946.000000 0.000000 140.000000 75.000000
0.1800 91.3300 44.7200 929.000000 0.000000 138.000000 74.000000
0.1900 88.3900 45.1300 978.000000 0.000000 138.000000 74.000000
0.2000 85.5700 45.0100 1023.000000 0.000000 135.000000 73.000000
0.2100 82.8300 44.8800 1023.000000 0.000000 135.000000 73.000000
0.2200 81.4700 44.7200 1023.000000 0.000000 135.000000 73.000000
0.2300 81.0600 44.7200 1023.000000 0.000000 133.000000 73.000000
0.2400 81.2800 44.7200 1023.000000 0.000000 133.000000 73.000000
0.2500 82.5600 44.9400 1023.000000 0.000000 135.000000 73.000000
0.2600 85.0100 45.2500 1023.000000 0.000000 135.000000 73.000000
0.2700 88.2500 45.6400 1023.000000 0.000000 138.000000 74.000000
0.2800 92.2000 46.1500 1023.000000 0.000000 138.000000 74.000000
0.2900 96.4800 46.6700 1023.000000 0.000000 143.000000 74.000000
0.3000 100.9800 47.2100 1023.000000 0.000000 146.000000 74.000000
0.3100 104.6300 47.5400 1023.000000 0.000000 146.000000 74.000000
0.3200 107.7200 47.7000 1023.000000 0.000000 149.000000 75.000000
0.3300 110.4300 47.7000 1023.000000 0.000000 149.000000 75.000000
0.3400 112.2600 47.5800 1023.000000 0.000000 149.000000 75.000000
0.3500 113.6100 47.5800 1003.000000 0.000000 149.000000 75.000000
0.3600 114.6500 47.6500 938.000000 0.000000 149.000000 75.000000
0.3700 115.3700 47.8400 818.000000 0.000000 147.000000 76.000000
0.3800 115.6400 48.0900 580.000000 0.000000 147.000000 76.000000
0.3900 115.6400 48.3700 96.000000 0.000000 143.000000 75.000000
0.4000 115.6400 48.3700 0.000000 1.000000 144.000000 77.000000
0.4100 114.4300 48.6500 0.000000 0.000000 144.000000 77.000000
0.4200 113.5500 48.6500 0.000000 0.000000 144.000000 77.000000
0.4300 112.3900 48.6500 0.000000 0.000000 141.000000 77.000000
0.4400 110.9100 48.5000 0.000000 0.000000 145.000000 78.000000
0.4500 109.2100 48.3300 0.000000 0.000000 145.000000 78.000000
0.4600 107.5200 48.1400 0.000000 0.000000 145.000000 78.000000
0.4700 105.8900 47.9400 0.000000 0.000000 145.000000 78.000000
0.4800 104.3400 47.8900 0.000000 0.000000 144.000000 77.000000
0.4900 103.1800 47.8900 0.000000 0.000000 143.000000 75.000000
0.5000 102.2700 48.0300 0.000000 0.000000 145.000000 73.000000
0.5100 101.6900 48.1200 0.000000 0.000000 144.000000 72.000000
0.5200 101.1500 48.2200 0.000000 0.000000 142.000000 71.000000
0.5300 100.7100 48.3400 0.000000 0.000000 141.000000 70.000000
0.5400 100.2900 48.3400 0.000000 0.000000 137.000000 70.000000
0.5500 99.8700 48.2900 0.000000 0.000000 135.000000 69.000000
0.5600 99.4900 48.2100 0.000000 0.000000 133.000000 70.000000
0.5700 99.1400 48.0800 0.000000 0.000000 131.000000 71.000000
0.5800 98.8600 47.9800 0.000000 0.000000 130.000000 72.000000
0.5900 98.7500 47.9100 0.000000 0.000000 135.000000 72.000000
0.6000 98.7500 47.9100 0.000000 0.000000 140.000000 73.000000
0.6100 98.5800 48.0200 0.000000 0.000000 145.000000 73.000000
0.6200 98.3600 48.1100 0.000000 0.000000 149.000000 73.000000
0.6300 98.1100 48.2400 0.000000 0.000000 154.000000 72.000000
0.6400 97.8100 48.4300 0.000000 0.000000 157.000000 73.000000
0.6500 97.4900 48.6700 0.000000 0.000000 160.000000 73.000000
0.6600 97.1600 49.0400 0.000000 0.000000 157.000000 73.000000
0.6700 96.7500 49.3900 0.000000 0.000000 152.000000 73.000000
0.6800 96.3700 49.6600 0.000000 0.000000 148.000000 74.000000
0.6900 96.3700 49.6600 535.000000 1.000000 145.000000 73.000000
0.7000 96.1100 49.8900 682.000000 0.000000 142.000000 72.000000
0.7100 96.1700 49.8900 800.000000 0.000000 142.000000 72.000000
0.7200 96.1700 49.7900 903.000000 0.000000 142.000000 71.000000
0.7300 96.9100 49.6500 926.000000 0.000000 143.000000 70.000000
0.7400 97.9800 49.5200 918.000000 0.000000 146.000000 71.000000
0.7500 99.2900 49.5200 906.000000 0.000000 146.000000 71.000000
0.7600 100.6400 49.6200 827.000000 0.000000 148.000000 70.000000
0.7700 101.7200 49.7700 634.000000 0.000000 148.000000 70.000000
0.7800 102.6200 50.0300 39.000000 0.000000 148.000000 70.000000
0.7900 102.6200 50.0300 0.000000 1.000000 148.000000 70.000000
0.8000 103.3300 51.0000 0.000000 0.000000 148.000000 70.000000
0.8100 103.0200 51.7600 0.000000 0.000000 148.000000 70.000000
0.8200 102.6100 52.6100 0.000000 0.000000 148.000000 70.000000
0.8300 102.1300 53.4200 0.000000 0.000000 148.000000 70.000000
0.8400 102.1300 53.4200 480.000000 1.000000 148.000000 70.000000
0.8500 101.3200 53.9400 708.000000 0.000000 148.000000 70.000000
0.8600 101.2000 53.9400 830.000000 0.000000 148.000000 70.000000
0.8700 101.2000 53.3100 1015.000000 0.000000 149.000000 69.000000
0.8800 101.3900 52.2100 1023.000000 0.000000 147.000000 69.000000
0.8900 101.5900 50.6400 1023.000000 0.000000 147.000000 69.000000
0.9000 101.7700 48.8000 1023.000000 0.000000 145.000000 70.000000
0.9100 102.0900 46.7800 1023.000000 0.000000 143.000000 69.000000
0.9200 102.4500 45.1600 1023.000000 0.000000 141.000000 70.000000
0.9300 102.8600 43.9900 1023.000000 0.000000 139.000000 71.000000
0.9400 103.2400 43.1200 1023.000000 0.000000 139.000000 71.000000
0.9500 103.4900 42.4900 993.000000 0.000000 135.000000 71.000000
0.9600 103.6700 42.2000 851.000000 0.000000 133.000000 71.000000
0.9700 103.6700 42.1500 616.000000 0.000000 133.000000 71.000000
0.9800 103.5200 42.2100 18.000000 0.000000 133.000000 73.000000
0.9900 103.5200 42.2100 0.000000 1.000000 133.000000 73.000000
1.0000 102.8900 42.7300 0.000000 0.000000 133.000000 73.000000
1.0100 102.3800 43.0200 0.000000 0.000000 137.000000 73.000000
1.0200 101.8400 43.3600 0.000000 0.000000 137.000000 73.000000
1.0300 101.4100 43.7400 0.000000 0.000000 137.000000 73.000000
1.0400 100.9500 44.1300 0.000000 0.000000 137.000000 73.000000
1.0500 100.4800 44.5300 0.000000 0.000000 137.000000 71.000000
1.0600 100.0800 44.9500 0.000000 0.000000 137.000000 71.000000
1.0700 99.6900 45.2900 0.000000 0.000000 137.000000 70.000000
1.0800 99.3200 45.5900 0.000000 0.000000 137.000000 70.000000
1.0900 98.9700 45.8400 0.000000 0.000000 139.000000 69.000000
1.1000 98.6800 46.0600 0.000000 0.000000 139.000000 69.000000
1.1100 98.3900 46.2700 0.000000 0.000000 141.000000 70.000000
1.1200 98.0900 46.4200 0.000000 0.000000 143.000000 70.000000
1.1300 97.9500 46.5700 0.000000 0.000000 146.000000 71.000000
1.1400 97.9500 46.5700 71.000000 1.000000 148.000000 71.000000
1.1500 97.8600 46.8300 430.000000 0.000000 149.000000 73.000000
1.1600 97.9400 46.8900 589.000000 0.000000 149.000000 73.000000
1.1700 98.0400 46.8900 739.000000 0.000000 148.000000 74.000000
1.1800 98.1900 46.8000 860.000000 0.000000 145.000000 73.000000
1.1900 98.4100 46.5100 947.000000 0.000000 140.000000 73.000000
1.2000 98.7000 46.0900 961.000000 0.000000 137.000000 73.000000
1.2100 99.0900 45.5900 979.000000 0.000000 137.000000 73.000000
1.2200 99.5100 45.0900 986.000000 0.000000 135.000000 72.000000
1.2300 99.8700 44.6100 986.000000 0.000000 135.000000 72.000000
1.2400 100.2000 44.3800 985.000000 0.000000 135.000000 72.000000
1.2500 100.4600 44.3000 995.000000 0.000000 133.000000 71.000000
1.2600 100.5900 44.3000 1003.000000 0.000000 133.000000 71.000000
1.2700 100.5900 44.5000 1023.000000 0.000000 133.000000 71.000000
1.2800 100.7300 44.8200 1023.000000 0.000000 131.000000 71.000000
1.2900 100.8800 45.2500 1023.000000 0.000000 131.000000 71.000000
1.3000 101.0900 45.7100 1023.000000 0.000000 131.000000 71.000000
1.3100 101.2700 46.2000 1023.000000 0.000000 131.000000 71.000000
1.3200 101.4400 46.6700 1023.000000 0.000000 128.000000 71.000000
1.3300 101.7300 47.0700 970.000000 0.000000 128.000000 71.000000
1.3400 102.0500 47.4200 768.000000 0.000000 128.000000 71.000000
1.3500 102.4100 47.7600 184.000000 0.000000 128.000000 71.000000
1.3600 102.4100 47.7600 0.000000 1.000000 130.000000 72.000000
1.3700 102.8000 48.0200 0.000000 0.000000 133.000000 71.000000
1.3800 102.6600 48.0200 0.000000 0.000000 130.000000 72.000000
1.3900 102.6600 48.0700 0.000000 0.000000 133.000000 73.000000
1.4000 102.6600 48.1900 0.000000 0.000000 133.000000 73.000000
1.4100 102.6600 48.3400 0.000000 0.000000 133.000000 73.000000
1.4200 102.8200 48.5600 0.000000 0.000000 135.000000 73.000000
1.4300 102.9700 48.7500 0.000000 0.000000 135.000000 73.000000
1.4400 102.9700 48.7500 394.000000 1.000000 135.000000 73.000000
1.4500 102.9700 48.7500 560.000000 0.000000 135.000000 73.000000
1.4600 102.9700 48.7500 691.000000 0.000000 135.000000 73.000000
1.4700 102.9700 48.7500 760.000000 0.000000 135.000000 73.000000
1.4800 103.1800 48.4800 768.000000 0.000000 135.000000 73.000000
1.4900 103.1800 48.0900 728.000000 0.000000 137.000000 73.000000
1.5000 103.2600 47.8000 488.000000 0.000000 137.000000 73.000000
1.5100 103.2600 47.8000 0.000000 1.000000 137.000000 73.000000
1.5200 103.6600 47.5100 0.000000 0.000000 137.000000 73.000000
1.5300 103.6600 47.6500 0.000000 0.000000 135.000000 72.000000
1.5400 103.5800 47.9600 0.000000 0.000000 135.000000 72.000000
1.5500 103.5200 48.5100 0.000000 0.000000 135.000000 72.000000
1.5600 103.5200 49.2200 0.000000 0.000000 133.000000 71.000000
1.5700 103.6000 50.0700 0.000000 0.000000 133.000000 71.000000
1.5800 103.6500 50.8600 0.000000 0.000000 135.000000 72.000000
1.5900 103.7100 51.6000 0.000000 0.000000 137.000000 71.000000
1.6000 103.7100 51.6000 673.000000 1.000000 137.000000 71.000000
1.6100 103.7100 52.0800 751.000000 0.000000 140.000000 72.000000
1.6200 103.5300 52.3900 815.000000 0.000000 142.000000 71.000000
1.6300 103.4200 52.3900 814.000000 0.000000 142.000000 71.000000
1.6400 103.4200 52.3900 731.000000 0.000000 143.000000 70.000000
1.6500 103.4200 52.3900 345.000000 0.000000 141.000000 70.000000
1.6600 103.4200 52.3900 0.000000 1.000000 143.000000 69.000000
1.6700 103.9400 52.2100 0.000000 0.000000 143.000000 69.000000
1.6800 104.1700 52.3300 0.000000 0.000000 143.000000 69.000000
1.6900 104.3900 52.5500 0.000000 0.000000 143.000000 69.000000
1.7000 104.6000 52.8600 0.000000 0.000000 143.000000 69.000000
1.7100 104.6700 53.1200 0.000000 0.000000 143.000000 69.000000
1.7200 104.6700 53.2800 0.000000 0.000000 143.000000 69.000000
1.7300 104.6700 53.2800 468.000000 1.000000 143.000000 69.000000
1.7400 104.6700 53.2800 625.000000 0.000000 143.000000 69.000000
1.7500 104.6000 52.8500 796.000000 0.000000 143.000000 69.000000
1.7600 104.4800 52.2300 951.000000 0.000000 143.000000 69.000000
1.7700 104.3900 51.3800 1000.000000 0.000000 143.000000 69.000000
1.7800 104.3300 50.4900 1023.000000 0.000000 141.000000 70.000000
1.7900 104.3300 49.6200 1018.000000 0.000000 141.000000 70.000000
1.8000 104.4200 48.7700 959.000000 0.000000 141.000000 70.000000
1.8100 104.5800 48.0700 761.000000 0.000000 139.000000 71.000000
1.8200 104.5800 48.0700 0.000000 1.000000 139.000000 71.000000
1.8300 105.0300 47.4900 0.000000 0.000000 139.000000 71.000000
1.8400 105.1600 47.5600 0.000000 0.000000 137.000000 71.000000
1.8500 105.2100 47.7600 0.000000 0.000000 135.000000 71.000000
1.8600 105.5600 48.0600 0.000000 0.000000 133.000000 71.000000
1.8700 105.9500 48.5300 0.000000 0.000000 133.000000 71.000000
1.8800 106.3100 49.0000 0.000000 0.000000 135.000000 72.000000
1.8900 106.6400 49.4800 0.000000 0.000000 135.000000 72.000000
1.9000 106.7800 49.7700 0.000000 0.000000 135.000000 72.000000
1.9100 106.7800 49.7700 466.000000 1.000000 135.000000 72.000000
1.9200 106.5700 50.1300 707.000000 0.000000 137.000000 73.000000
1.9300 106.3000 50.2000 891.000000 0.000000 137.000000 73.000000
1.9400 105.9900 50.0800 1023.000000 0.000000 137.000000 73.000000
1.9500 105.6600 49.8400 1023.000000 0.000000 137.000000 73.000000
1.9600 105.5500 49.5500 1023.000000 0.000000 140.000000 72.000000
1.9700 105.5500 49.2200 1023.000000 0.000000 140.000000 72.000000
1.9800 105.7000 48.8500 1023.000000 0.000000 137.000000 71.000000
1.9900 105.9600 48.5100 1023.000000 0.000000 137.000000 71.000000
2.0000 106.2300 48.3700 1023.000000 0.000000 137.000000 71.000000
2.0100 106.5000 48.3700 1023.000000 0.000000 137.000000 71.000000
2.0200 106.8000 48.5200 1018.000000 0.000000 137.000000 71.000000
2.0300 107.1200 48.8200 996.000000 0.000000 135.000000 71.000000
2.0400 107.2500 49.2100 997.000000 0.000000 135.000000 71.000000
2.0500 107.2500 49.4500 1003.000000 0.000000 137.000000 71.000000
2.0600 107.1800 49.6400 1014.000000 0.000000 137.000000 71.000000
2.0700 107.1800 49.6400 1018.000000 0.000000 137.000000 71.000000
2.0800 107.1800 49.5500 1017.000000 0.000000 137.000000 71.000000
2.0900 107.1800 49.3500 991.000000 0.000000 137.000000 71.000000
2.1000 107.2900 49.0400 948.000000 0.000000 137.000000 71.000000
2.1100 107.4000 48.6700 780.000000 0.000000 137.000000 71.000000
2.1200 107.5700 48.4000 187.000000 0.000000 137.000000 71.000000
2.1300 107.5700 48.4000 0.000000 1.000000 137.000000 71.000000
2.1400 107.8700 48.4100 0.000000 0.000000 135.000000 72.000000
2.1500 107.8700 48.6200 0.000000 0.000000 135.000000 72.000000
2.1600 108.0100 48.8900 0.000000 0.000000 137.000000 73.000000
2.1700 108.1500 49.2000 0.000000 0.000000 137.000000 73.000000
2.1800 108.2400 49.3800 0.000000 0.000000 137.000000 73.000000
2.1900 108.2400 49.3800 274.000000 1.000000 137.000000 73.000000
2.2000 108.2400 49.3800 670.000000 0.000000 137.000000 73.000000
2.2100 108.3000 49.0400 785.000000 0.000000 137.000000 73.000000
2.2200 108.2300 48.7500 906.000000 0.000000 137.000000 73.000000
2.2300 108.2800 48.4900 992.000000 0.000000 137.000000 73.000000
2.2400 108.2800 48.2800 1008.000000 0.000000 137.000000 73.000000
2.2500 108.2800 48.2200 1006.000000 0.000000 137.000000 73.000000
2.2600 108.2800 48.3000 997.000000 0.000000 137.000000 73.000000
2.2700 108.3600 48.4800 982.000000 0.000000 137.000000 73.000000
2.2800 108.3600 48.9000 934.000000 0.000000 137.000000 73.000000
2.2900 108.5600 49.3900 935.000000 0.000000 137.000000 73.000000
2.3000 108.7500 49.9400 909.000000 0.000000 135.000000 72.000000
2.3100 109.0700 50.3700 900.000000 0.000000 135.000000 72.000000
2.3200 109.4500 50.6000 902.000000 0.000000 135.000000 72.000000
2.3300 109.7000 50.7000 891.000000 0.000000 137.000000 73.000000
2.3400 109.8600 50.5700 857.000000 0.000000 140.000000 72.000000
2.3500 109.9700 50.3900 787.000000 0.000000 140.000000 72.000000
2.3600 110.0200 50.0400 611.000000 0.000000 140.000000 72.000000
2.3700 110.0200 49.6100 202.000000 0.000000 140.000000 72.000000
2.3800 110.0200 49.6100 0.000000 1.000000 137.000000 73.000000
2.3900 110.0200 49.0700 0.000000 0.000000 137.000000 73.000000
2.4000 109.9300 48.9900 0.000000 0.000000 137.000000 73.000000
2.4100 109.9300 49.1000 0.000000 0.000000 133.000000 73.000000
2.4200 109.9300 49.3600 0.000000 0.000000 133.000000 73.000000
2.4300 109.9300 49.7100 0.000000 0.000000 133.000000 73.000000
2.4400 109.9300 50.2200 0.000000 0.000000 133.000000 73.000000
2.4500 109.8800 50.7300 0.000000 0.000000 130.000000 72.000000
2.4600 109.8800 51.2400 0.000000 0.000000 130.000000 72.000000
2.4700 109.9300 51.4600 0.000000 0.000000 130.000000 72.000000
2.4800 109.9800 51.5100 0.000000 0.000000 130.000000 72.000000
2.4900 109.9800 51.4400 0.000000 0.000000 133.000000 71.000000
2.5000 109.9800 51.4400 206.000000 1.000000 133.000000 71.000000
2.5100 109.9800 51.4400 210.000000 0.000000 135.000000 71.000000
2.5200 110.0300 51.1800 60.000000 0.000000 133.000000 70.000000
2.5300 110.0300 51.1800 0.000000 1.000000 133.000000 70.000000
2.5400 110.1500 51.1300 0.000000 0.000000 133.000000 70.000000
2.5500 110.1500 51.1300 0.000000 0.000000 131.000000 69.000000
2.5600 110.1500 51.0300 0.000000 0.000000 131.000000 69.000000
2.5700 110.2200 50.8800 0.000000 0.000000 131.000000 69.000000
2.5800 110.3400 50.6700 0.000000 0.000000 131.000000 69.000000
2.5900 110.5100 50.5000 0.000000 0.000000 129.000000 70.000000
2.6000 110.6800 50.3800 0.000000 0.000000 129.000000 70.000000
2.6100 110.8900 50.2900 0.000000 0.000000 129.000000 70.000000
2.6200 111.0100 50.1700 0.000000 0.000000 129.000000 70.000000
2.6300 111.0700 50.0100 0.000000 0.000000 129.000000 70.000000
2.6400 111.0700 49.7500 0.000000 0.000000 129.000000 70.000000
2.6500 111.0700 49.7500 467.000000 1.000000 127.000000 70.000000
2.6600 111.2400 49.1600 673.000000 0.000000 127.000000 70.000000
2.6700 111.4200 48.8300 863.000000 0.000000 128.000000 71.000000
2.6800 111.6200 48.5600 938.000000 0.000000 128.000000 71.000000
2.6900 111.8300 48.3400 979.000000 0.000000 128.000000 71.000000
2.7000 112.0800 48.3400 1006.000000 0.000000 130.000000 72.000000
2.7100 112.4000 48.5900 1023.000000 0.000000 130.000000 72.000000
2.7200 112.7500 49.0000 1023.000000 0.000000 133.000000 73.000000
2.7300 112.8800 49.4300 1023.000000 0.000000 133.000000 73.000000
2.7400 112.8800 49.8100 1023.000000 0.000000 135.000000 73.000000
2.7500 112.5600 50.1300 1023.000000 0.000000 135.000000 73.000000
2.7600 112.1100 50.2100 1023.000000 0.000000 135.000000 73.000000
2.7700 111.5400 50.1400 1023.000000 0.000000 135.000000 73.000000
2.7800 111.3600 49.9400 979.000000 0.000000 135.000000 73.000000
2.7900 111.3600 49.6900 824.000000 0.000000 135.000000 73.000000
2.8000 111.3600 49.3300 107.000000 0.000000 135.000000 73.000000
2.8100 111.3600 49.3300 0.000000 1.000000 137.000000 73.000000
2.8200 111.7200 48.4900 0.000000 0.000000 135.000000 73.000000
2.8300 111.7900 48.0400 0.000000 0.000000 135.000000 73.000000
2.8400 112.0200 47.5900 0.000000 0.000000 133.000000 73.000000
2.8500 112.1600 47.2000 0.000000 0.000000 135.000000 72.000000
2.8600 112.2300 46.8400 0.000000 0.000000 133.000000 71.000000
2.8700 112.1700 46.5200 0.000000 0.000000 133.000000 70.000000
2.8800 112.0900 46.1900 0.000000 0.000000 135.000000 69.000000
2.8900 111.9900 45.8400 0.000000 0.000000 135.000000 69.000000
2.9000 111.7100 45.5100 0.000000 0.000000 135.000000 68.000000
2.9100 111.1000 45.1400 0.000000 0.000000 139.000000 68.000000
2.9200 110.2700 44.7100 0.000000 0.000000 139.000000 68.000000
2.9300 109.3500 44.2800 0.000000 0.000000 142.000000 68.000000
2.9400 108.4200 43.8100 0.000000 0.000000 145.000000 68.000000
2.9500 107.4900 43.3400 0.000000 0.000000 145.000000 70.000000
2.9600 106.7100 42.9100 0.000000 0.000000 145.000000 70.000000
2.9700 106.1700 42.5100 0.000000 0.000000 148.000000 70.000000
2.9800 105.7800 42.3000 0.000000 0.000000 146.000000 71.000000
2.9900 105.4500 42.2300 0.000000 0.000000 146.000000 71.000000
3.0000 105.2900 42.2300 0.000000 0.000000 146.000000 71.000000
3.0100 105.2300 42.3900 0.000000 0.000000 146.000000 71.000000
3.0200 105.2800 42.6000 0.000000 0.000000 146.000000 71.000000
3.0300 105.3400 42.8500 0.000000 0.000000 143.000000 70.000000
3.0400 105.4200 43.1700 0.000000 0.000000 143.000000 70.000000
3.0500 105.4900 43.5500 0.000000 0.000000 141.000000 70.000000
3.0600 105.5600 43.9800 0.000000 0.000000 139.000000 71.000000
3.0700 105.5100 44.3300 0.000000 0.000000 139.000000 71.000000
3.0800 105.5100 44.3300 691.000000 1.000000 137.000000 70.000000
3.0900 105.0900 44.5700 845.000000 0.000000 137.000000 70.000000
3.1000 104.6100 44.3300 993.000000 0.000000 137.000000 70.000000
3.1100 104.0100 43.9400 1023.000000 0.000000 135.000000 69.000000
3.1200 103.6800 43.4500 1023.000000 0.000000 133.000000 70.000000
3.1300 103.5800 42.9300 1023.000000 0.000000 133.000000 70.000000
3.1400 103.5800 42.3800 1023.000000 0.000000 133.000000 70.000000
3.1500 103.8900 42.0600 1023.000000 0.000000 133.000000 70.000000
3.1600 104.3600 41.9100 1023.000000 0.000000 133.000000 70.000000
3.1700 104.9500 42.0000 1023.000000 0.000000 133.000000 70.000000
3.1800 105.4500 42.2900 1023.000000 0.000000 133.000000 70.000000
3.1900 105.7300 42.7100 1009.000000 0.000000 133.000000 70.000000
3.2000 105.8600 43.3200 994.000000 0.000000 133.000000 70.000000
3.2100 105.8600 43.7900 946.000000 0.000000 135.000000 71.000000
3.2200 105.5900 44.1600 929.000000 0.000000 135.000000 71.000000
3.2300 105.2300 44.3100 912.000000 0.000000 135.000000 71.000000
3.2400 105.0300 44.4100 912.000000 0.000000 135.000000 71.000000
3.2500 104.8600 44.2200 915.000000 0.000000 135.000000 71.000000
3.2600 104.7600 43.8500 926.000000 0.000000 135.000000 71.000000
3.2700 104.9600 43.4100 933.000000 0.000000 135.000000 71.000000
3.2800 105.3600 42.9700 926.000000 0.000000 135.000000 71.000000
3.2900 105.8600 42.7000 915.000000 0.000000 135.000000 71.000000
3.3000 106.2800 42.5500 911.000000 0.000000 135.000000 71.000000
3.3100 106.6200 42.5500 906.000000 0.000000 135.000000 71.000000
3.3200 106.9400 42.7400 905.000000 0.000000 135.000000 71.000000
3.3300 107.1500 43.0700 912.000000 0.000000 135.000000 71.000000
3.3400 107.3800 43.6200 941.000000 0.000000 135.000000 71.000000
3.3500 107.6200 44.1400 938.000000 0.000000 133.000000 71.000000
3.3600 107.7100 44.3800 977.000000 0.000000 133.000000 71.000000
3.3700 107.7100 44.4500 1018.000000 0.000000 133.000000 71.000000
3.3800 107.7100 44.3700 1023.000000 0.000000 133.000000 71.000000
3.3900 107.7100 44.1300 1023.000000 0.000000 133.000000 71.000000
3.4000 107.8500 43.7800 1023.000000 0.000000 133.000000 71.000000
3.4100 107.9800 43.4300 1018.000000 0.000000 133.000000 71.000000
3.4200 108.1200 43.2100 906.000000 0.000000 133.000000 71.000000
3.4300 108.2700 43.0800 749.000000 0.000000 133.000000 71.000000
3.4400 108.4000 43.1500 344.000000 0.000000 133.000000 71.000000
3.4500 108.4000 43.1500 0.000000 1.000000 133.000000 71.000000
3.4600 108.7200 44.1800 0.000000 0.000000 133.000000 71.000000
3.4700 108.8400 44.7500 0.000000 0.000000 133.000000 71.000000
3.4800 108.8400 44.7500 32.000000 1.000000 133.000000 71.000000
3.4900 109.1100 45.7700 504.000000 0.000000 133.000000 71.000000
3.5000 109.1100 45.9200 722.000000 0.000000 133.000000 71.000000
3.5100 108.8700 45.9200 823.000000 0.000000 133.000000 71.000000
3.5200 108.7000 45.6000 879.000000 0.000000 133.000000 71.000000
3.5300 108.6500 45.1100 917.000000 0.000000 133.000000 71.000000
3.5400 108.6500 44.4700 914.000000 0.000000 133.000000 71.000000
3.5500 108.8400 43.9100 875.000000 0.000000 133.000000 71.000000
3.5600 109.0800 43.4900 760.000000 0.000000 135.000000 72.000000
3.5700 109.2600 43.1700 324.000000 0.000000 135.000000 72.000000
3.5800 109.2600 43.1700 0.000000 1.000000 135.000000 72.000000
3.5900 109.4500 43.2100 0.000000 0.000000 135.000000 72.000000
3.6000 109.3700 43.5500 0.000000 0.000000 135.000000 72.000000
3.6100 109.1600 43.9900 0.000000 0.000000 135.000000 72.000000
3.6200 108.8600 44.4700 0.000000 0.000000 135.000000 72.000000
3.6300 108.5100 44.9900 0.000000 0.000000 135.000000 72.000000
3.6400 108.1900 45.2700 0.000000 0.000000 135.000000 72.000000
3.6500 108.0800 45.3600 0.000000 0.000000 137.000000 71.000000
3.6600 108.0800 45.3600 493.000000 1.000000 137.000000 71.000000
3.6700 108.0800 45.3600 595.000000 0.000000 137.000000 71.000000
3.6800 108.4400 45.1900 727.000000 0.000000 137.000000 71.000000
3.6900 108.8000 45.0600 823.000000 0.000000 137.000000 71.000000
3.7000 109.3400 44.9100 852.000000 0.000000 137.000000 71.000000
3.7100 109.9200 44.7200 854.000000 0.000000 135.000000 72.000000
3.7200 110.5500 44.5200 854.000000 0.000000 135.000000 72.000000
3.7300 111.0900 44.3900 849.000000 0.000000 135.000000 72.000000
3.7400 111.5700 44.2900 817.000000 0.000000 135.000000 72.000000
3.7500 111.7900 44.2900 803.000000 0.000000 135.000000 72.000000
3.7600 111.9100 44.2900 794.000000 0.000000 133.000000 73.000000
3.7700 111.9700 44.3600 794.000000 0.000000 133.000000 73.000000
3.7800 111.9700 44.4500 808.000000 0.000000 133.000000 73.000000
3.7900 111.9700 44.5800 815.000000 0.000000 133.000000 73.000000
3.8000 111.9700 44.7500 827.000000 0.000000 133.000000 73.000000
3.8100 111.9700 44.8400 825.000000 0.000000 133.000000 73.000000
3.8200 111.8600 44.8900 845.000000 0.000000 133.000000 73.000000
3.8300 111.6300 44.8300 858.000000 0.000000 133.000000 73.000000
3.8400 111.2600 44.6400 909.000000 0.000000 133.000000 73.000000
3.8500 110.9100 44.3600 935.000000 0.000000 133.000000 73.000000
3.8600 110.7700 44.0500 935.000000 0.000000 135.000000 72.000000
3.8700 110.7700 43.7900 930.000000 0.000000 135.000000 72.000000
3.8800 111.0000 43.5500 912.000000 0.000000 135.000000 72.000000
3.8900 111.2600 43.3900 899.000000 0.000000 135.000000 72.000000
3.9000 111.5900 43.3900 863.000000 0.000000 135.000000 72.000000
3.9100 111.9600 43.5200 809.000000 0.000000 135.000000 72.000000
3.9200 112.3400 43.7100 659.000000 0.000000 135.000000 72.000000
3.9300 112.7200 43.9400 93.000000 0.000000 135.000000 72.000000
3.9400 112.7200 43.9400 0.000000 1.000000 137.000000 73.000000
3.9500 113.2700 44.4400 0.000000 0.000000 137.000000 73.000000
3.9600 113.3600 44.6800 0.000000 0.000000 137.000000 73.000000
3.9700 113.4600 44.8700 0.000000 0.000000 137.000000 73.000000
3.9800 113.6000 45.0300 0.000000 0.000000 137.000000 73.000000
3.9900 113.7100 45.1300 0.000000 0.000000 135.000000 72.000000
4.0000 113.7800 45.1300 0.000000 0.000000 135.000000 72.000000
4.0100 113.7800 45.1300 562.000000 1.000000 137.000000 71.000000
4.0200 113.3900 44.7900 755.000000 0.000000 137.000000 71.000000
4.0300 113.1200 44.5900 863.000000 0.000000 137.000000 71.000000
4.0400 112.9200 44.3200 945.000000 0.000000 140.000000 72.000000
4.0500 112.7700 43.9400 982.000000 0.000000 137.000000 73.000000
4.0600 112.7700 43.5400 976.000000 0.000000 137.000000 73.000000
4.0700 112.8200 43.1800 958.000000 0.000000 137.000000 73.000000
4.0800 112.9600 42.7900 958.000000 0.000000 137.000000 73.000000
4.0900 113.0800 42.3600 947.000000 0.000000 137.000000 73.000000
4.1000 112.9800 42.1000 943.000000 0.000000 137.000000 73.000000
4.1100 112.7500 41.9400 958.000000 0.000000 137.000000 73.000000
4.1200 112.3300 41.8500 938.000000 0.000000 135.000000 72.000000
4.1300 111.9500 41.8500 924.000000 0.000000 135.000000 72.000000
4.1400 111.6800 41.9900 777.000000 0.000000 135.000000 72.000000
4.1500 111.5200 42.1800 205.000000 0.000000 135.000000 72.000000
4.1600 111.5200 42.1800 0.000000 1.000000 135.000000 72.000000
4.1700 111.4000 42.8200 0.000000 0.000000 135.000000 72.000000
4.1800 111.3300 43.2700 0.000000 0.000000 135.000000 72.000000
4.1900 111.0700 43.9200 0.000000 0.000000 133.000000 71.000000
4.2000 110.6900 44.7500 0.000000 0.000000 135.000000 71.000000
4.2100 109.9900 45.7000 0.000000 0.000000 135.000000 71.000000
4.2200 109.2000 47.1400 0.000000 0.000000 137.000000 70.000000
4.2300 108.3500 48.7400 0.000000 0.000000 139.000000 69.000000
4.2400 107.7900 50.4400 0.000000 0.000000 141.000000 70.000000
4.2500 107.2900 51.7400 0.000000 0.000000 143.000000 69.000000
4.2600 107.2900 51.7400 673.000000 1.000000 143.000000 69.000000
4.2700 106.7900 53.2500 808.000000 0.000000 147.000000 69.000000
4.2800 106.5700 53.3400 846.000000 0.000000 147.000000 69.000000
4.2900 106.4500 52.7800 967.000000 0.000000 147.000000 69.000000
4.3000 106.3800 51.8000 1023.000000 0.000000 147.000000 69.000000
4.3100 106.3000 50.1000 1023.000000 0.000000 147.000000 69.000000
4.3200 106.4300 47.7800 1023.000000 0.000000 145.000000 70.000000
4.3300 106.6000 45.0400 1023.000000 0.000000 143.000000 69.000000
4.3400 107.1400 43.0600 1023.000000 0.000000 141.000000 70.000000
4.3500 107.9100 41.7200 1023.000000 0.000000 139.000000 71.000000
4.3600 108.4500 40.8100 1023.000000 0.000000 135.000000 71.000000
4.3700 108.7100 40.5900 1023.000000 0.000000 133.000000 71.000000
4.3800 108.7800 40.8100 1023.000000 0.000000 133.000000 71.000000
4.3900 108.8300 41.3300 1023.000000 0.000000 130.000000 72.000000
4.4000 108.8300 42.4800 1023.000000 0.000000 130.000000 72.000000
4.4100 108.8300 44.2500 944.000000 0.000000 130.000000 72.000000
4.4200 109.0500 46.4300 875.000000 0.000000 130.000000 72.000000
4.4300 109.4300 49.1400 800.000000 0.000000 130.000000 72.000000
4.4400 110.0600 51.8300 800.000000 0.000000 133.000000 73.000000
4.4500 110.4100 53.3900 834.000000 0.000000 135.000000 72.000000
4.4600 110.5800 54.2200 930.000000 0.000000 137.000000 71.000000
4.4700 110.4100 54.3000 1015.000000 0.000000 140.000000 72.000000
4.4800 110.4100 53.9300 1023.000000 0.000000 142.000000 71.000000
4.4900 110.4600 53.2500 1023.000000 0.000000 143.000000 70.000000
4.5000 110.7000 52.2600 1023.000000 0.000000 143.000000 70.000000
4.5100 110.9600 51.4200 1023.000000 0.000000 143.000000 70.000000
4.5200 111.2500 50.6800 982.000000 0.000000 143.000000 70.000000
4.5300 111.4600 50.3300 869.000000 0.000000 143.000000 70.000000
4.5400 111.6400 50.4700 730.000000 0.000000 141.000000 70.000000
4.5500 111.8300 50.9500 638.000000 0.000000 141.000000 70.000000
4.5600 112.1400 51.6400 640.000000 0.000000 141.000000 70.000000
4.5700 112.4500 52.3400 750.000000 0.000000 141.000000 70.000000
4.5800 112.7600 53.0600 805.000000 0.000000 141.000000 70.000000
4.5900 112.8600 53.0600 808.000000 0.000000 141.000000 70.000000
4.6000 112.8600 52.9600 727.000000 0.000000 141.000000 70.000000
