0.0000 91.3300 84.0100 678.000000 1.000000 130.000000 65.000000
0.0100 92.0700 86.4800 761.000000 0.000000 130.000000 66.000000
0.0200 92.1600 86.8800 823.000000 0.000000 130.000000 67.000000
0.0300 92.1000 86.8800 924.000000 0.000000 131.000000 68.000000
0.0400 92.1000 86.5600 1023.000000 0.000000 135.000000 69.000000
0.0500 92.2900 85.3500 1023.000000 0.000000 139.000000 69.000000
0.0600 92.6100 83.5200 1023.000000 0.000000 139.000000 69.000000
0.0700 93.1500 80.8400 1023.000000 0.000000 141.000000 70.000000
0.0800 93.8500 78.1500 1023.000000 0.000000 141.000000 70.000000
0.0900 94.6600 75.4600 1023.000000 0.000000 139.000000 71.000000
0.1000 95.2500 73.4900 1023.000000 0.000000 139.000000 71.000000
0.1100 95.8400 72.1200 1023.000000 0.000000 139.000000 71.000000
0.1200 96.2000 71.1500 1023.000000 0.000000 139.000000 71.000000
0.1300 96.4100 70.5000 1023.000000 0.000000 137.000000 71.000000
0.1400 96.4600 70.2400 1023.000000 0.000000 140.000000 72.000000
0.1500 96.3800 70.2400 1023.000000 0.000000 140.000000 72.000000
0.1600 96.2100 70.6200 1023.000000 0.000000 140.000000 72.000000
0.1700 95.6000 71.5400 1023.000000 0.000000 140.000000 72.000000
0.1800 94.5100 72.8300 1023.000000 0.000000 140.000000 72.000000
0.1900 93.1000 74.4300 1014.000000 0.000000 140.000000 72.000000
0.2000 91.2900 75.7600 980.000000 0.000000 142.000000 71.000000
0.2100 89.1300 76.9100 950.000000 0.000000 142.000000 71.000000
0.2200 86.7400 77.6800 992.000000 0.000000 141.000000 70.000000
0.2300 84.7900 78.0400 1012.000000 0.000000 141.000000 70.000000
0.2400 83.4300 78.1400 1023.000000 0.000000 143.000000 69.000000
0.2500 82.4600 78.2000 1023.000000 0.000000 143.000000 69.000000
0.2600 82.2500 78.3000 1023.000000 0.000000 147.000000 69.000000
0.2700 82.8500 78.4300 1023.000000 0.000000 147.000000 69.000000
0.2800 83.9800 78.8100 1023.000000 0.000000 148.000000 68.000000
0.2900 86.0800 79.1900 1023.000000 0.000000 151.000000 68.000000
0.3000 88.8900 79.5500 1023.000000 0.000000 151.000000 68.000000
0.3100 92.1600 79.8800 1023.000000 0.000000 151.000000 68.000000
0.3200 95.9300 80.1900 1023.000000 0.000000 149.000000 69.000000
0.3300 99.7300 80.4500 1023.000000 0.000000 149.000000 69.000000
0.3400 103.5500 80.6700 1023.000000 0.000000 148.000000 70.000000
0.3500 106.9600 80.7900 1023.000000 0.000000 146.000000 71.000000
0.3600 109.8100 80.8500 1023.000000 0.000000 144.000000 72.000000
0.3700 112.2800 80.8500 1023.000000 0.000000 142.000000 72.000000
0.3800 114.0300 80.9400 1023.000000 0.000000 140.000000 72.000000
0.3900 115.1300 81.0700 986.000000 0.000000 135.000000 72.000000
0.4000 115.7900 81.2600 720.000000 0.000000 133.000000 73.000000
0.4100 115.7900 81.2600 0.000000 1.000000 130.000000 72.000000
0.4200 114.6300 81.6700 0.000000 0.000000 130.000000 72.000000
0.4300 112.9800 81.8300 0.000000 0.000000 128.000000 71.000000
0.4400 110.7700 81.9300 0.000000 0.000000 128.000000 71.000000
0.4500 108.4900 81.8800 0.000000 0.000000 128.000000 71.000000
0.4600 106.1500 81.7800 0.000000 0.000000 128.000000 71.000000
0.4700 103.7500 81.6700 0.000000 0.000000 128.000000 71.000000
0.4800 101.4700 81.5800 0.000000 0.000000 131.000000 71.000000
0.4900 99.2800 81.4900 0.000000 0.000000 131.000000 71.000000
0.5000 97.3600 81.4000 0.000000 0.000000 131.000000 71.000000
0.5100 96.0100 81.3300 0.000000 0.000000 131.000000 71.000000
0.5200 95.0300 81.2700 0.000000 0.000000 131.000000 71.000000
0.5300 94.6800 81.2700 0.000000 0.000000 131.000000 71.000000
0.5400 94.5300 81.4300 0.000000 0.000000 133.000000 70.000000
0.5500 94.5300 81.5600 0.000000 0.000000 133.000000 70.000000
0.5600 94.5300 81.7500 0.000000 0.000000 133.000000 70.000000
0.5700 94.5300 81.9800 0.000000 0.000000 133.000000 70.000000
0.5800 94.4500 82.2100 0.000000 0.000000 135.000000 69.000000
0.5900 94.2300 82.3900 0.000000 0.000000 135.000000 69.000000
0.6000 94.2300 82.3900 78.000000 1.000000 135.000000 69.000000
0.6100 93.4200 82.5800 556.000000 0.000000 137.000000 69.000000
0.6200 93.0600 82.7300 690.000000 0.000000 137.000000 69.000000
0.6300 92.8500 82.5600 869.000000 0.000000 139.000000 68.000000
0.6400 92.8500 82.4300 946.000000 0.000000 139.000000 68.000000
0.6500 93.0300 82.3400 1021.000000 0.000000 139.000000 68.000000
0.6600 93.6200 82.1000 1023.000000 0.000000 142.000000 68.000000
0.6700 94.5300 81.9500 1023.000000 0.000000 142.000000 68.000000
0.6800 95.6500 81.8700 1023.000000 0.000000 142.000000 68.000000
0.6900 96.6700 81.8700 973.000000 0.000000 142.000000 68.000000
0.7000 97.5700 82.0100 836.000000 0.000000 142.000000 68.000000
0.7100 98.3800 82.2200 343.000000 0.000000 143.000000 69.000000
0.7200 98.3800 82.2200 0.000000 1.000000 143.000000 69.000000
0.7300 98.8900 82.7800 0.000000 0.000000 143.000000 69.000000
0.7400 98.6900 83.1900 0.000000 0.000000 143.000000 69.000000
0.7500 98.3200 83.9000 0.000000 0.000000 143.000000 69.000000
0.7600 97.9600 84.5700 0.000000 0.000000 145.000000 70.000000
0.7700 97.6000 85.2200 0.000000 0.000000 145.000000 70.000000
0.7800 97.6000 85.2200 599.000000 1.000000 145.000000 70.000000
0.7900 97.3800 85.6300 757.000000 0.000000 145.000000 70.000000
0.8000 97.3300 85.5800 864.000000 0.000000 145.000000 70.000000
0.8100 97.4900 84.8600 1023.000000 0.000000 145.000000 70.000000
0.8200 97.7900 83.7300 1023.000000 0.000000 143.000000 69.000000
0.8300 98.0800 82.3200 1023.000000 0.000000 143.000000 69.000000
0.8400 98.4200 80.6100 1023.000000 0.000000 141.000000 70.000000
0.8500 98.8600 79.0100 1023.000000 0.000000 141.000000 70.000000
0.8600 99.2300 77.4900 1023.000000 0.000000 141.000000 70.000000
0.8700 99.5500 76.2600 1023.000000 0.000000 139.000000 71.000000
0.8800 99.8000 75.2300 1023.000000 0.000000 137.000000 70.000000
0.8900 99.8000 74.3300 1003.000000 0.000000 135.000000 71.000000
0.9000 99.7300 73.6400 819.000000 0.000000 135.000000 71.000000
0.9100 99.4900 73.2600 317.000000 0.000000 133.000000 70.000000
0.9200 99.4900 73.2600 0.000000 1.000000 133.000000 70.000000
0.9300 98.6600 73.2600 0.000000 0.000000 133.000000 70.000000
0.9400 98.1200 73.6200 0.000000 0.000000 135.000000 71.000000
0.9500 97.6000 74.1100 0.000000 0.000000 137.000000 70.000000
0.9600 97.1400 74.5900 0.000000 0.000000 139.000000 71.000000
0.9700 96.7300 75.0600 0.000000 0.000000 143.000000 70.000000
0.9800 96.2400 75.5200 0.000000 0.000000 143.000000 70.000000
0.9900 95.7100 75.9700 0.000000 0.000000 148.000000 70.000000
1.0000 95.2400 76.4300 0.000000 0.000000 149.000000 69.000000
1.0100 94.8100 76.8800 0.000000 0.000000 149.000000 69.000000
1.0200 94.4800 77.3800 0.000000 0.000000 147.000000 69.000000
1.0300 94.2400 77.9000 0.000000 0.000000 148.000000 68.000000
1.0400 94.2400 77.9000 474.000000 1.000000 148.000000 68.000000
1.0500 93.9500 78.8500 613.000000 0.000000 148.000000 68.000000
1.0600 93.8400 79.1900 793.000000 0.000000 145.000000 68.000000
1.0700 93.7700 79.2900 912.000000 0.000000 145.000000 68.000000
1.0800 93.7700 79.2100 997.000000 0.000000 143.000000 69.000000
1.0900 93.9800 79.0000 1023.000000 0.000000 141.000000 68.000000
1.1000 94.3800 78.5000 1023.000000 0.000000 139.000000 69.000000
1.1100 94.9400 77.9300 1023.000000 0.000000 139.000000 69.000000
1.1200 95.5100 77.3200 1023.000000 0.000000 137.000000 70.000000
1.1300 96.0000 76.8200 1023.000000 0.000000 137.000000 70.000000
1.1400 96.4300 76.5300 1023.000000 0.000000 135.000000 69.000000
1.1500 96.7800 76.3700 1023.000000 0.000000 135.000000 69.000000
1.1600 96.9600 76.3700 1023.000000 0.000000 135.000000 69.000000
1.1700 97.0200 76.6200 1023.000000 0.000000 135.000000 69.000000
1.1800 97.2000 76.9700 1023.000000 0.000000 135.000000 69.000000
1.1900 97.3900 77.5300 1023.000000 0.000000 135.000000 69.000000
1.2000 97.5900 78.0500 1023.000000 0.000000 135.000000 69.000000
1.2100 97.7900 78.4800 1023.000000 0.000000 137.000000 70.000000
1.2200 97.9800 79.0000 1023.000000 0.000000 137.000000 70.000000
1.2300 98.4300 79.5900 1023.000000 0.000000 137.000000 70.000000
1.2400 98.7700 80.0900 1023.000000 0.000000 137.000000 70.000000
1.2500 99.0400 80.4400 906.000000 0.000000 139.000000 71.000000
1.2600 99.3100 80.7000 562.000000 0.000000 139.000000 71.000000
1.2700 99.5100 80.8500 1.000000 1.000000 139.000000 71.000000
1.2800 99.5100 80.8500 0.000000 0.000000 139.000000 71.000000
1.2900 99.6600 80.9600 0.000000 0.000000 137.000000 71.000000
1.3000 99.7700 81.0100 0.000000 0.000000 137.000000 71.000000
1.3100 99.8600 81.0600 0.000000 0.000000 137.000000 71.000000
1.3200 99.9100 81.0600 0.000000 0.000000 137.000000 71.000000
1.3300 99.9100 81.0600 404.000000 1.000000 137.000000 71.000000
1.3400 99.9100 81.0600 491.000000 0.000000 137.000000 71.000000
1.3500 99.9100 81.0600 613.000000 0.000000 137.000000 71.000000
1.3600 100.1700 80.9600 622.000000 0.000000 137.000000 71.000000
1.3700 100.2200 80.8400 570.000000 0.000000 135.000000 71.000000
1.3800 100.3200 80.7000 216.000000 0.000000 135.000000 71.000000
1.3900 100.3200 80.7000 0.000000 1.000000 133.000000 70.000000
1.4000 100.5400 80.5800 0.000000 0.000000 133.000000 70.000000
1.4100 100.5900 80.5800 0.000000 0.000000 133.000000 70.000000
1.4200 100.5900 80.7900 0.000000 0.000000 133.000000 70.000000
1.4300 100.6600 81.2600 0.000000 0.000000 133.000000 70.000000
1.4400 100.7100 81.8900 0.000000 0.000000 133.000000 70.000000
1.4500 100.7600 82.5700 0.000000 0.000000 133.000000 70.000000
1.4600 100.7600 83.2300 0.000000 0.000000 133.000000 70.000000
1.4700 100.7600 83.5900 0.000000 0.000000 133.000000 70.000000
1.4800 100.7600 83.5900 676.000000 1.000000 133.000000 70.000000
1.4900 100.5900 84.2100 755.000000 0.000000 131.000000 69.000000
1.5000 100.4200 84.3300 791.000000 0.000000 133.000000 69.000000
1.5100 100.3700 84.2300 753.000000 0.000000 133.000000 69.000000
1.5200 100.3700 84.1800 620.000000 0.000000 133.000000 69.000000
1.5300 100.3700 84.1800 0.000000 1.000000 135.000000 68.000000
1.5400 100.5800 83.8800 0.000000 0.000000 135.000000 68.000000
1.5500 100.8400 83.7600 0.000000 0.000000 135.000000 68.000000
1.5600 101.0000 83.7000 0.000000 0.000000 135.000000 68.000000
1.5700 101.1600 83.9100 0.000000 0.000000 135.000000 68.000000
1.5800 101.3300 84.2900 0.000000 0.000000 137.000000 67.000000
1.5900 101.4900 84.7800 0.000000 0.000000 137.000000 67.000000
1.6000 101.6000 85.2900 0.000000 0.000000 137.000000 67.000000
1.6100 101.6800 85.6300 0.000000 0.000000 137.000000 67.000000
1.6200 101.6800 85.6300 504.000000 1.000000 137.000000 67.000000
1.6300 101.5700 86.1500 669.000000 0.000000 137.000000 67.000000
1.6400 101.4200 86.1500 790.000000 0.000000 135.000000 67.000000
1.6500 101.3200 85.9600 893.000000 0.000000 133.000000 67.000000
1.6600 101.2400 85.5900 920.000000 0.000000 133.000000 67.000000
1.6700 101.3300 84.9300 944.000000 0.000000 135.000000 68.000000
1.6800 101.5100 84.0800 935.000000 0.000000 135.000000 68.000000
1.6900 101.7800 83.3500 900.000000 0.000000 135.000000 68.000000
1.7000 102.0500 82.7200 806.000000 0.000000 135.000000 68.000000
1.7100 102.2400 82.1600 553.000000 0.000000 135.000000 68.000000
1.7200 102.2400 82.1600 0.000000 1.000000 135.000000 68.000000
1.7300 102.4800 81.5900 0.000000 0.000000 135.000000 68.000000
1.7400 102.3800 81.4400 0.000000 0.000000 137.000000 69.000000
1.7500 102.1400 81.4400 0.000000 0.000000 137.000000 69.000000
1.7600 101.9300 81.4400 0.000000 0.000000 135.000000 69.000000
1.7700 101.7700 81.5100 0.000000 0.000000 135.000000 69.000000
1.7800 101.7000 81.5100 0.000000 0.000000 135.000000 69.000000
1.7900 101.7000 81.6200 0.000000 0.000000 133.000000 70.000000
1.8000 101.7000 81.7400 0.000000 0.000000 133.000000 70.000000
1.8100 101.7000 81.8600 0.000000 0.000000 133.000000 70.000000
1.8200 101.6100 82.0000 0.000000 0.000000 131.000000 69.000000
1.8300 101.4700 82.1500 0.000000 0.000000 127.000000 69.000000
1.8400 101.3300 82.2100 0.000000 0.000000 127.000000 69.000000
1.8500 101.1900 82.2700 0.000000 0.000000 127.000000 69.000000
1.8600 101.0400 82.3200 0.000000 0.000000 125.000000 68.000000
1.8700 100.8900 82.3200 0.000000 0.000000 128.000000 68.000000
1.8800 100.7300 82.4000 0.000000 0.000000 128.000000 68.000000
1.8900 100.6600 82.4000 0.000000 0.000000 129.000000 68.000000
1.9000 100.5800 82.5000 0.000000 0.000000 129.000000 68.000000
1.9100 100.5800 82.5000 107.000000 1.000000 129.000000 68.000000
1.9200 100.5800 82.5000 619.000000 0.000000 133.000000 69.000000
1.9300 100.4200 82.7500 817.000000 0.000000 135.000000 69.000000
1.9400 100.2800 82.9600 915.000000 0.000000 135.000000 69.000000
1.9500 100.2800 82.8900 948.000000 0.000000 137.000000 69.000000
1.9600 100.2800 82.7900 941.000000 0.000000 137.000000 69.000000
1.9700 100.2800 82.4500 939.000000 0.000000 137.000000 69.000000
1.9800 100.3700 81.9700 878.000000 0.000000 139.000000 68.000000
1.9900 100.4600 81.5100 727.000000 0.000000 135.000000 68.000000
2.0000 100.5600 81.1700 345.000000 0.000000 135.000000 68.000000
2.0100 100.5600 81.1700 0.000000 1.000000 135.000000 68.000000
2.0200 100.7000 80.9100 0.000000 0.000000 135.000000 68.000000
2.0300 100.7600 80.9100 0.000000 0.000000 133.000000 69.000000
2.0400 100.8300 81.1200 0.000000 0.000000 135.000000 69.000000
2.0500 101.0300 81.3100 0.000000 0.000000 135.000000 69.000000
2.0600 101.3100 81.4800 0.000000 0.000000 133.000000 70.000000
2.0700 101.6900 81.7000 0.000000 0.000000 133.000000 70.000000
2.0800 102.0700 81.9500 0.000000 0.000000 133.000000 70.000000
2.0900 102.4500 82.0400 0.000000 0.000000 133.000000 70.000000
2.1000 102.8100 82.1100 0.000000 0.000000 131.000000 71.000000
2.1100 103.2000 82.1600 0.000000 0.000000 131.000000 71.000000
2.1200 103.5800 82.2800 0.000000 0.000000 129.000000 70.000000
2.1300 103.9400 82.4500 0.000000 0.000000 129.000000 70.000000
2.1400 104.1200 82.5700 0.000000 0.000000 129.000000 70.000000
2.1500 104.1200 82.5700 379.000000 1.000000 131.000000 71.000000
2.1600 104.1700 82.8500 645.000000 0.000000 133.000000 70.000000
2.1700 103.9500 83.1400 788.000000 0.000000 133.000000 70.000000
2.1800 103.6600 83.1400 906.000000 0.000000 135.000000 71.000000
2.1900 103.3000 83.0900 987.000000 0.000000 137.000000 70.000000
2.2000 103.0200 82.9600 1023.000000 0.000000 137.000000 70.000000
2.2100 102.9400 82.6400 1023.000000 0.000000 137.000000 70.000000
2.2200 102.9400 82.2100 1023.000000 0.000000 139.000000 69.000000
2.2300 103.2200 81.8700 1006.000000 0.000000 137.000000 69.000000
2.2400 103.5100 81.6300 994.000000 0.000000 137.000000 69.000000
2.2500 103.9100 81.4700 947.000000 0.000000 137.000000 69.000000
2.2600 104.3600 81.4700 926.000000 0.000000 135.000000 68.000000
2.2700 104.7600 81.7200 915.000000 0.000000 135.000000 68.000000
2.2800 104.9700 82.0500 914.000000 0.000000 133.000000 69.000000
2.2900 105.0800 82.4200 930.000000 0.000000 133.000000 69.000000
2.3000 105.0800 82.7800 938.000000 0.000000 133.000000 69.000000
2.3100 104.9400 83.1300 974.000000 0.000000 133.000000 69.000000
2.3200 104.7500 83.2300 982.000000 0.000000 133.000000 69.000000
2.3300 104.7500 83.2900 985.000000 0.000000 135.000000 69.000000
2.3400 104.6900 83.0900 982.000000 0.000000 137.000000 69.000000
2.3500 104.6900 82.7400 988.000000 0.000000 137.000000 69.000000
2.3600 104.8000 82.4200 909.000000 0.000000 137.000000 69.000000
2.3700 105.0500 82.0900 758.000000 0.000000 137.000000 69.000000
2.3800 105.4100 81.7900 137.000000 0.000000 137.000000 69.000000
2.3900 105.4100 81.7900 0.000000 1.000000 137.000000 69.000000
2.4000 105.9000 81.6500 0.000000 0.000000 135.000000 69.000000
2.4100 105.9600 81.7800 0.000000 0.000000 135.000000 69.000000
2.4200 106.1100 82.0300 0.000000 0.000000 135.000000 69.000000
2.4300 106.1900 82.3300 0.000000 0.000000 135.000000 69.000000
2.4400 106.1900 82.5100 0.000000 0.000000 135.000000 69.000000
2.4500 106.1900 82.5100 190.000000 1.000000 135.000000 69.000000
2.4600 106.1900 82.5100 694.000000 0.000000 135.000000 69.000000
2.4700 106.1900 82.5100 787.000000 0.000000 135.000000 69.000000
2.4800 106.1900 82.5100 935.000000 0.000000 135.000000 69.000000
2.4900 106.1400 82.1700 987.000000 0.000000 135.000000 69.000000
2.5000 106.1400 82.0100 1023.000000 0.000000 135.000000 69.000000
2.5100 106.2100 81.8500 1023.000000 0.000000 135.000000 69.000000
2.5200 106.2100 81.8000 1023.000000 0.000000 135.000000 69.000000
2.5300 106.2600 81.8000 1023.000000 0.000000 135.000000 69.000000
2.5400 106.2600 81.9500 994.000000 0.000000 135.000000 69.000000
2.5500 106.2000 82.2400 997.000000 0.000000 135.000000 69.000000
2.5600 106.2000 82.6500 984.000000 0.000000 135.000000 69.000000
2.5700 106.2600 83.0600 982.000000 0.000000 135.000000 69.000000
2.5800 106.3800 83.3000 984.000000 0.000000 135.000000 69.000000
2.5900 106.5300 83.4200 999.000000 0.000000 135.000000 69.000000
2.6000 106.7000 83.4200 1005.000000 0.000000 135.000000 69.000000
2.6100 106.9200 83.2600 1000.000000 0.000000 135.000000 69.000000
2.6200 107.2000 83.0700 995.000000 0.000000 135.000000 69.000000
2.6300 107.4600 82.6700 915.000000 0.000000 137.000000 70.000000
2.6400 107.6000 82.3700 806.000000 0.000000 137.000000 70.000000
2.6500 107.6700 82.1400 418.000000 0.000000 137.000000 70.000000
2.6600 107.6700 82.1400 0.000000 1.000000 137.000000 70.000000
2.6700 107.5000 82.1000 0.000000 0.000000 137.000000 70.000000
2.6800 107.2300 82.2600 0.000000 0.000000 135.000000 69.000000
2.6900 106.9400 82.7000 0.000000 0.000000 135.000000 69.000000
2.7000 106.6600 83.2700 0.000000 0.000000 133.000000 70.000000
2.7100 106.6100 83.9300 0.000000 0.000000 133.000000 70.000000
2.7200 106.7100 84.4600 0.000000 0.000000 133.000000 70.000000
2.7300 106.9300 84.8200 0.000000 0.000000 133.000000 70.000000
2.7400 106.9300 84.8200 30.000000 1.000000 135.000000 69.000000
2.7500 107.3300 85.1700 119.000000 0.000000 135.000000 69.000000
2.7600 107.4900 85.0700 130.000000 0.000000 135.000000 69.000000
2.7700 107.6100 84.8300 148.000000 0.000000 133.000000 69.000000
2.7800 107.7100 84.4300 206.000000 0.000000 133.000000 69.000000
2.7900 107.8300 84.0100 348.000000 0.000000 133.000000 69.000000
2.8000 107.9700 83.5400 544.000000 0.000000 133.000000 69.000000
2.8100 108.1200 83.0600 720.000000 0.000000 135.000000 69.000000
2.8200 108.2700 82.6800 840.000000 0.000000 133.000000 70.000000
2.8300 108.4200 82.3800 915.000000 0.000000 133.000000 70.000000
2.8400 108.5800 82.2100 940.000000 0.000000 133.000000 70.000000
2.8500 108.7100 82.2100 970.000000 0.000000 133.000000 70.000000
2.8600 108.8500 82.2900 974.000000 0.000000 133.000000 70.000000
2.8700 109.0200 82.6800 950.000000 0.000000 133.000000 70.000000
2.8800 109.1500 83.1300 955.000000 0.000000 135.000000 71.000000
2.8900 109.0800 83.6300 953.000000 0.000000 135.000000 71.000000
2.9000 108.8800 83.9000 947.000000 0.000000 135.000000 71.000000
2.9100 108.5500 83.9600 944.000000 0.000000 135.000000 71.000000
2.9200 108.3100 83.8800 876.000000 0.000000 135.000000 71.000000
2.9300 108.1400 83.4300 685.000000 0.000000 135.000000 71.000000
2.9400 108.1400 83.4300 0.000000 1.000000 135.000000 71.000000
2.9500 107.9700 82.4100 0.000000 0.000000 137.000000 70.000000
2.9600 108.0200 81.8400 0.000000 0.000000 137.000000 70.000000
2.9700 108.2000 81.3300 0.000000 0.000000 137.000000 71.000000
2.9800 108.4600 80.8700 0.000000 0.000000 137.000000 71.000000
2.9900 108.6900 80.4900 0.000000 0.000000 135.000000 72.000000
3.0000 108.9300 80.1000 0.000000 0.000000 135.000000 73.000000
3.0100 109.2000 79.6800 0.000000 0.000000 135.000000 75.000000
3.0200 109.1300 79.2200 0.000000 0.000000 135.000000 75.000000
3.0300 108.8300 78.6300 0.000000 0.000000 140.000000 75.000000
3.0400 108.3600 77.9800 0.000000 0.000000 143.000000 74.000000
3.0500 107.7300 77.3200 0.000000 0.000000 145.000000 73.000000
3.0600 106.9800 76.6600 0.000000 0.000000 148.000000 71.000000
3.0700 106.2000 76.0700 0.000000 0.000000 148.000000 70.000000
3.0800 105.4400 75.5400 0.000000 0.000000 148.000000 68.000000
3.0900 104.7200 75.1300 0.000000 0.000000 148.000000 67.000000
3.1000 104.0300 74.7700 0.000000 0.000000 147.000000 65.000000
3.1100 103.4800 74.4400 0.000000 0.000000 145.000000 65.000000
3.1200 103.0200 74.1900 0.000000 0.000000 142.000000 65.000000
3.1300 102.7800 74.1900 0.000000 0.000000 142.000000 65.000000
3.1400 102.6700 74.2500 0.000000 0.000000 140.000000 65.000000
3.1500 102.6700 74.4200 0.000000 0.000000 138.000000 65.000000
3.1600 102.5400 74.6500 0.000000 0.000000 138.000000 65.000000
3.1700 102.4200 74.9100 0.000000 0.000000 138.000000 65.000000
3.1800 102.2900 75.2000 0.000000 0.000000 138.000000 65.000000
3.1900 102.2900 75.2000 644.000000 1.000000 138.000000 65.000000
3.2000 101.9000 75.6600 791.000000 0.000000 137.000000 66.000000
3.2100 101.3200 75.5600 950.000000 0.000000 137.000000 66.000000
3.2200 100.9200 75.4400 1023.000000 0.000000 137.000000 66.000000
3.2300 100.5200 75.1100 1023.000000 0.000000 137.000000 66.000000
3.2400 100.3100 74.6600 1023.000000 0.000000 137.000000 66.000000
3.2500 100.2300 74.3000 1023.000000 0.000000 137.000000 66.000000
3.2600 100.5000 73.9500 1023.000000 0.000000 137.000000 66.000000
3.2700 100.8100 73.6400 1023.000000 0.000000 137.000000 66.000000
3.2800 101.1800 73.6400 1023.000000 0.000000 137.000000 66.000000
3.2900 101.5900 73.7000 1023.000000 0.000000 135.000000 65.000000
3.3000 101.8400 73.9600 1023.000000 0.000000 135.000000 65.000000
3.3100 101.9700 74.4000 1023.000000 0.000000 135.000000 65.000000
3.3200 101.9700 74.9500 1023.000000 0.000000 135.000000 65.000000
3.3300 101.8100 75.3900 1023.000000 0.000000 135.000000 65.000000
3.3400 101.6400 75.6400 1023.000000 0.000000 135.000000 65.000000
3.3500 101.4900 75.7600 1023.000000 0.000000 135.000000 65.000000
3.3600 101.3800 75.7600 1023.000000 0.000000 135.000000 65.000000
3.3700 101.3800 75.5200 1023.000000 0.000000 135.000000 65.000000
3.3800 101.5500 75.1700 1023.000000 0.000000 135.000000 65.000000
3.3900 101.8700 74.7500 1023.000000 0.000000 135.000000 65.000000
3.4000 102.3200 74.4300 979.000000 0.000000 135.000000 65.000000
3.4100 102.7700 74.3400 917.000000 0.000000 135.000000 65.000000
3.4200 103.2200 74.3900 885.000000 0.000000 135.000000 65.000000
3.4300 103.4800 74.6900 875.000000 0.000000 135.000000 65.000000
3.4400 103.5700 75.1800 890.000000 0.000000 137.000000 66.000000
3.4500 103.5700 75.8000 905.000000 0.000000 137.000000 66.000000
3.4600 103.4300 76.2600 955.000000 0.000000 135.000000 67.000000
3.4700 103.3200 76.4900 1020.000000 0.000000 135.000000 67.000000
3.4800 103.2200 76.5700 1023.000000 0.000000 135.000000 67.000000
3.4900 103.2200 76.5100 1023.000000 0.000000 135.000000 67.000000
3.5000 103.2200 76.2200 1023.000000 0.000000 135.000000 67.000000
3.5100 103.3800 75.7900 1023.000000 0.000000 135.000000 67.000000
3.5200 103.6800 75.3300 1023.000000 0.000000 137.000000 67.000000
3.5300 104.0800 75.0500 974.000000 0.000000 137.000000 67.000000
3.5400 104.5000 74.8800 878.000000 0.000000 137.000000 67.000000
3.5500 104.9100 74.8800 758.000000 0.000000 137.000000 67.000000
3.5600 105.3000 75.0800 610.000000 0.000000 137.000000 67.000000
3.5700 105.5800 75.4100 613.000000 0.000000 137.000000 67.000000
3.5800 105.7700 75.5200 637.000000 0.000000 135.000000 68.000000
3.5900 105.8200 75.5800 731.000000 0.000000 135.000000 68.000000
3.6000 105.8200 75.5800 787.000000 0.000000 135.000000 68.000000
3.6100 105.8200 75.5800 806.000000 0.000000 135.000000 68.000000
3.6200 105.8200 75.5300 794.000000 0.000000 135.000000 68.000000
3.6300 105.8200 75.5300 617.000000 0.000000 135.000000 68.000000
3.6400 105.8200 75.5300 44.000000 0.000000 135.000000 68.000000
3.6500 105.8200 75.5300 0.000000 1.000000 135.000000 68.000000
3.6600 105.8200 75.8600 0.000000 0.000000 135.000000 68.000000
3.6700 105.7500 76.3300 0.000000 0.000000 135.000000 68.000000
3.6800 105.8100 76.9600 0.000000 0.000000 137.000000 67.000000
3.6900 105.9800 77.7500 0.000000 0.000000 137.000000 67.000000
3.7000 106.2300 78.5400 0.000000 0.000000 135.000000 67.000000
3.7100 106.4500 79.0100 0.000000 0.000000 135.000000 67.000000
3.7200 106.4500 79.0100 620.000000 1.000000 137.000000 66.000000
3.7300 106.5200 79.2700 714.000000 0.000000 137.000000 66.000000
3.7400 106.4200 79.0300 830.000000 0.000000 137.000000 67.000000
3.7500 106.3600 78.5800 918.000000 0.000000 137.000000 67.000000
3.7600 106.3100 77.8900 948.000000 0.000000 137.000000 67.000000
3.7700 106.3100 77.2100 942.000000 0.000000 137.000000 69.000000
3.7800 106.3100 76.5300 905.000000 0.000000 135.000000 69.000000
3.7900 106.4300 76.0200 851.000000 0.000000 135.000000 69.000000
3.8000 106.5900 75.6600 585.000000 0.000000 135.000000 69.000000
3.8100 106.5900 75.6600 0.000000 1.000000 135.000000 69.000000
3.8200 106.5900 75.3900 0.000000 0.000000 135.000000 69.000000
3.8300 106.3500 75.5700 0.000000 0.000000 135.000000 69.000000
3.8400 106.0800 75.8300 0.000000 0.000000 137.000000 69.000000
3.8500 105.7600 76.2100 0.000000 0.000000 137.000000 69.000000
3.8600 105.5300 76.5500 0.000000 0.000000 137.000000 69.000000
3.8700 105.5300 76.5500 472.000000 1.000000 135.000000 68.000000
3.8800 105.5400 76.9500 599.000000 0.000000 135.000000 68.000000
3.8900 105.6800 77.0000 746.000000 0.000000 137.000000 67.000000
3.9000 106.0200 77.0000 836.000000 0.000000 137.000000 67.000000
3.9100 106.4900 77.0600 900.000000 0.000000 137.000000 67.000000
3.9200 107.0300 77.0600 902.000000 0.000000 137.000000 67.000000
3.9300 107.6000 76.9400 908.000000 0.000000 139.000000 68.000000
3.9400 108.2100 76.8600 908.000000 0.000000 137.000000 69.000000
3.9500 108.7900 76.8100 899.000000 0.000000 137.000000 69.000000
3.9600 109.2200 76.8100 896.000000 0.000000 137.000000 69.000000
3.9700 109.5600 76.8100 905.000000 0.000000 137.000000 69.000000
3.9800 109.6100 76.8900 909.000000 0.000000 137.000000 69.000000
3.9900 109.6100 76.9700 917.000000 0.000000 137.000000 69.000000
4.0000 109.4800 77.1100 923.000000 0.000000 139.000000 69.000000
4.0100 109.1800 77.2400 950.000000 0.000000 139.000000 69.000000
4.0200 108.7300 77.3200 976.000000 0.000000 139.000000 69.000000
4.0300 108.1800 77.3200 1005.000000 0.000000 139.000000 69.000000
4.0400 107.9000 77.1000 1023.000000 0.000000 139.000000 69.000000
4.0500 107.6700 76.7600 1023.000000 0.000000 139.000000 69.000000
4.0600 107.6700 76.4600 1006.000000 0.000000 139.000000 69.000000
4.0700 107.8100 76.1100 992.000000 0.000000 139.000000 69.000000
4.0800 108.1600 75.9300 944.000000 0.000000 139.000000 69.000000
4.0900 108.5700 75.9300 863.000000 0.000000 139.000000 69.000000
4.1000 109.0800 76.0100 641.000000 0.000000 137.000000 69.000000
4.1100 109.5200 76.2600 142.000000 0.000000 137.000000 69.000000
4.1200 109.5200 76.2600 0.000000 1.000000 137.000000 69.000000
4.1300 110.0000 76.7600 0.000000 0.000000 135.000000 68.000000
4.1400 110.0000 76.9300 0.000000 0.000000 135.000000 68.000000
4.1500 110.0000 77.0800 0.000000 0.000000 133.000000 67.000000
4.1600 110.0000 77.0800 359.000000 1.000000 131.000000 67.000000
4.1700 110.0000 77.0800 556.000000 0.000000 130.000000 66.000000
4.1800 110.0000 77.0800 644.000000 0.000000 128.000000 65.000000
4.1900 110.3500 76.7300 725.000000 0.000000 127.000000 64.000000
4.2000 110.6100 76.2700 797.000000 0.000000 127.000000 64.000000
4.2100 110.8600 75.7700 811.000000 0.000000 127.000000 64.000000
4.2200 111.0600 75.2500 821.000000 0.000000 127.000000 64.000000
4.2300 111.0600 74.8600 830.000000 0.000000 126.000000 66.000000
4.2400 111.0100 74.6500 818.000000 0.000000 126.000000 66.000000
4.2500 110.6700 74.5700 827.000000 0.000000 128.000000 66.000000
4.2600 110.1700 74.6400 818.000000 0.000000 128.000000 66.000000
4.2700 109.5600 74.7000 803.000000 0.000000 130.000000 67.000000
4.2800 108.9100 74.7000 748.000000 0.000000 133.000000 67.000000
4.2900 108.4500 74.7500 371.000000 0.000000 133.000000 67.000000
4.3000 108.4500 74.7500 0.000000 1.000000 135.000000 68.000000
4.3100 107.9700 74.4000 0.000000 0.000000 135.000000 68.000000
4.3200 107.8600 74.2400 0.000000 0.000000 137.000000 69.000000
4.3300 107.8600 74.2400 0.000000 0.000000 137.000000 69.000000
4.3400 107.8600 74.4400 0.000000 0.000000 137.000000 69.000000
4.3500 107.8600 74.8800 0.000000 0.000000 137.000000 69.000000
4.3600 107.7500 75.6200 0.000000 0.000000 139.000000 68.000000
4.3700 107.2300 76.5700 0.000000 0.000000 139.000000 68.000000
4.3800 106.4300 78.1600 0.000000 0.000000 140.000000 67.000000
4.3900 105.3900 80.1000 0.000000 0.000000 140.000000 67.000000
4.4000 104.6300 82.2700 0.000000 0.000000 140.000000 66.000000
4.4100 104.0600 84.3900 0.000000 0.000000 140.000000 66.000000
4.4200 103.6800 85.5000 0.000000 0.000000 138.000000 65.000000
4.4300 103.6800 85.5000 948.000000 1.000000 138.000000 65.000000
4.4400 103.0300 86.0400 908.000000 0.000000 137.000000 65.000000
4.4500 102.8400 85.2100 930.000000 0.000000 135.000000 65.000000
4.4600 102.7200 83.7700 1006.000000 0.000000 137.000000 66.000000
4.4700 102.5000 81.7300 1023.000000 0.000000 137.000000 66.000000
4.4800 102.2800 79.1300 1003.000000 0.000000 135.000000 67.000000
4.4900 102.5100 76.1500 1008.000000 0.000000 135.000000 67.000000
4.5000 103.0400 74.0400 1005.000000 0.000000 133.000000 67.000000
4.5100 103.8400 72.7500 1008.000000 0.000000 133.000000 67.000000
4.5200 104.4500 72.0200 1017.000000 0.000000 131.000000 68.000000
4.5300 104.9400 71.8800 1023.000000 0.000000 131.000000 68.000000
4.5400 105.0800 72.3600 1023.000000 0.000000 131.000000 68.000000
4.5500 105.2400 73.2600 1023.000000 0.000000 131.000000 69.000000
4.5600 105.4500 74.9600 982.000000 0.000000 131.000000 69.000000
4.5700 105.6700 77.4800 976.000000 0.000000 131.000000 69.000000
4.5800 105.9700 80.5400 932.000000 0.000000 133.000000 70.000000
4.5900 106.2100 83.1600 948.000000 0.000000 135.000000 69.000000
4.6000 106.2100 84.7500 976.000000 0.000000 135.000000 69.000000
4.6100 106.1300 85.6500 1023.000000 0.000000 135.000000 69.000000
4.6200 106.1300 85.7600 1023.000000 0.000000 135.000000 69.000000
4.6300 106.0800 85.6300 1023.000000 0.000000 137.000000 69.000000
4.6400 106.2200 85.3500 1023.000000 0.000000 137.000000 69.000000
4.6500 106.4400 84.7800 1023.000000 0.000000 137.000000 69.000000
4.6600 106.9400 84.2900 1023.000000 0.000000 137.000000 69.000000
4.6700 107.5300 83.8600 991.000000 0.000000 137.000000 69.000000
4.6800 108.1900 83.8600 965.000000 0.000000 137.000000 69.000000
4.6900 108.7100 84.3100 926.000000 0.000000 137.000000 69.000000
4.7000 109.1300 85.0500 930.000000 0.000000 137.000000 69.000000
4.7100 109.4700 85.8700 950.000000 0.000000 137.000000 69.000000
4.7200 109.4700 86.4000 1023.000000 0.000000 137.000000 69.000000
4.7300 109.4700 86.7300 1023.000000 0.000000 135.000000 69.000000
4.7400 109.3900 86.6800 1023.000000 0.000000 135.000000 69.000000
4.7500 109.3900 86.3700 1023.000000 0.000000 135.000000 69.000000
4.7600 109.4600 85.8900 979.000000 0.000000 135.000000 69.000000
4.7700 109.5800 85.3700 564.000000 0.000000 135.000000 69.000000
