0.0000 53.4800 66.3300 304.000000 1.000000 126.000000 61.000000
0.0100 53.6000 66.7200 371.000000 0.000000 127.000000 62.000000
0.0200 53.5400 66.7200 361.000000 0.000000 126.000000 62.000000
0.0300 53.4400 66.5900 344.000000 0.000000 126.000000 62.000000
0.0400 53.3400 66.1900 361.000000 0.000000 124.000000 63.000000
0.0500 53.2000 65.6200 392.000000 0.000000 124.000000 63.000000
0.0600 53.0200 64.7000 438.000000 0.000000 124.000000 63.000000
0.0700 52.9400 63.4200 496.000000 0.000000 124.000000 63.000000
0.0800 52.9900 61.9000 530.000000 0.000000 124.000000 63.000000
0.0900 53.1200 60.3800 557.000000 0.000000 124.000000 63.000000
0.1000 53.2900 59.0300 567.000000 0.000000 122.000000 63.000000
0.1100 53.4200 57.7900 575.000000 0.000000 122.000000 63.000000
0.1200 53.3300 57.1600 584.000000 0.000000 119.000000 63.000000
0.1300 53.1100 56.8100 591.000000 0.000000 117.000000 63.000000
0.1400 52.5400 56.6400 572.000000 0.000000 116.000000 64.000000
0.1500 51.6900 56.8800 566.000000 0.000000 114.000000 64.000000
0.1600 50.6500 57.4100 594.000000 0.000000 115.000000 65.000000
0.1700 49.7200 58.1400 574.000000 0.000000 115.000000 65.000000
0.1800 48.7900 58.9800 569.000000 0.000000 115.000000 65.000000
0.1900 47.8800 59.7600 588.000000 0.000000 115.000000 65.000000
0.2000 47.0000 60.5000 597.000000 0.000000 115.000000 65.000000
0.2100 46.5800 61.1900 597.000000 0.000000 117.000000 65.000000
0.2200 46.4600 61.8400 600.000000 0.000000 119.000000 64.000000
0.2300 46.7500 62.3500 605.000000 0.000000 120.000000 64.000000
0.2400 47.4400 62.8000 622.000000 0.000000 122.000000 63.000000
0.2500 48.4000 62.8000 641.000000 0.000000 124.000000 63.000000
0.2600 49.9300 62.6900 662.000000 0.000000 126.000000 62.000000
0.2700 52.0300 62.4200 700.000000 0.000000 126.000000 62.000000
0.2800 54.5100 61.9000 774.000000 0.000000 127.000000 62.000000
0.2900 57.3200 61.3800 827.000000 0.000000 129.000000 63.000000
0.3000 60.5900 61.0700 861.000000 0.000000 129.000000 63.000000
0.3100 64.1600 60.9200 855.000000 0.000000 129.000000 63.000000
0.3200 67.5600 60.9200 834.000000 0.000000 130.000000 63.000000
0.3300 70.5200 61.2000 773.000000 0.000000 129.000000 64.000000
0.3400 73.1800 61.6400 536.000000 0.000000 130.000000 65.000000
0.3500 73.1800 61.6400 0.000000 1.000000 132.000000 65.000000
0.3600 76.2300 62.5400 0.000000 0.000000 132.000000 65.000000
0.3700 76.5500 62.7200 0.000000 0.000000 133.000000 66.000000
0.3800 75.6900 62.7200 0.000000 0.000000 133.000000 66.000000
0.3900 74.4700 62.4400 0.000000 0.000000 133.000000 66.000000
0.4000 73.0100 62.1500 0.000000 0.000000 133.000000 66.000000
0.4100 71.5800 61.8800 0.000000 0.000000 133.000000 66.000000
0.4200 70.1900 61.6900 0.000000 0.000000 133.000000 66.000000
0.4300 68.9400 61.6200 0.000000 0.000000 133.000000 66.000000
0.4400 67.7500 61.6200 0.000000 0.000000 133.000000 66.000000
0.4500 67.0000 61.7400 0.000000 0.000000 130.000000 66.000000
0.4600 66.4900 61.9400 0.000000 0.000000 130.000000 66.000000
0.4700 66.1500 62.1300 0.000000 0.000000 130.000000 66.000000
0.4800 65.9100 62.2800 0.000000 0.000000 133.000000 67.000000
0.4900 65.8100 62.4700 0.000000 0.000000 137.000000 67.000000
0.5000 65.8100 62.6400 0.000000 0.000000 141.000000 68.000000
0.5100 65.7500 62.8300 0.000000 0.000000 143.000000 69.000000
0.5200 65.5500 62.9800 0.000000 0.000000 145.000000 68.000000
0.5300 65.2500 63.1500 0.000000 0.000000 145.000000 68.000000
0.5400 64.8300 63.3500 0.000000 0.000000 147.000000 69.000000
0.5500 64.1800 63.5600 0.000000 0.000000 146.000000 67.000000
0.5600 63.3800 63.7900 0.000000 0.000000 148.000000 67.000000
0.5700 62.7000 64.2800 0.000000 0.000000 147.000000 65.000000
0.5800 62.0500 64.3500 0.000000 0.000000 145.000000 65.000000
0.5900 61.4600 64.1500 0.000000 0.000000 143.000000 63.000000
0.6000 60.9800 64.5800 0.000000 0.000000 140.000000 62.000000
0.6100 60.5600 64.7800 0.000000 0.000000 138.000000 61.000000
0.6200 60.1800 64.8400 0.000000 0.000000 136.000000 61.000000
0.6300 59.8200 64.9000 0.000000 0.000000 135.000000 60.000000
0.6400 59.4400 64.9500 0.000000 0.000000 134.000000 60.000000
0.6500 59.1000 64.9500 0.000000 0.000000 134.000000 60.000000
0.6600 58.8300 64.9500 0.000000 0.000000 131.000000 60.000000
0.6700 58.6500 64.9000 0.000000 0.000000 131.000000 60.000000
0.6800 58.5400 64.8500 0.000000 0.000000 131.000000 60.000000
0.6900 58.4500 64.7500 0.000000 0.000000 131.000000 60.000000
0.7000 58.3700 64.6300 0.000000 0.000000 131.000000 60.000000
0.7100 58.3700 64.5200 0.000000 0.000000 131.000000 60.000000
0.7200 58.4200 64.4100 0.000000 0.000000 131.000000 60.000000
0.7300 58.5700 64.3000 0.000000 0.000000 131.000000 60.000000
0.7400 58.6500 64.3000 0.000000 0.000000 132.000000 60.000000
0.7500 58.7500 64.3000 0.000000 0.000000 132.000000 60.000000
0.7600 58.8600 64.3000 0.000000 0.000000 131.000000 61.000000
0.7700 58.9800 64.3900 0.000000 0.000000 132.000000 61.000000
0.7800 59.0500 64.4500 0.000000 0.000000 132.000000 61.000000
0.7900 59.0500 64.4500 0.000000 0.000000 133.000000 62.000000
0.8000 58.9700 64.4500 0.000000 0.000000 133.000000 62.000000
0.8100 58.7500 64.4500 0.000000 0.000000 133.000000 62.000000
0.8200 58.4500 64.3700 0.000000 0.000000 133.000000 62.000000
0.8300 58.2000 64.2900 0.000000 0.000000 133.000000 62.000000
0.8400 57.8500 64.1700 0.000000 0.000000 133.000000 62.000000
0.8500 57.4400 64.0400 0.000000 0.000000 135.000000 63.000000
0.8600 56.9800 63.9100 0.000000 0.000000 135.000000 63.000000
0.8700 56.4300 63.8300 0.000000 0.000000 135.000000 63.000000
0.8800 55.8200 63.7700 0.000000 0.000000 135.000000 63.000000
0.8900 55.2400 63.6900 0.000000 0.000000 135.000000 63.000000
0.9000 54.7000 63.6400 0.000000 0.000000 135.000000 63.000000
0.9100 54.2400 63.6400 0.000000 0.000000 135.000000 63.000000
0.9200 53.8300 63.5400 0.000000 0.000000 135.000000 63.000000
0.9300 53.5000 63.4500 0.000000 0.000000 137.000000 62.000000
0.9400 53.3400 63.4000 0.000000 0.000000 133.000000 62.000000
0.9500 53.2800 63.4000 0.000000 0.000000 132.000000 61.000000
0.9600 53.2800 63.4000 0.000000 0.000000 132.000000 61.000000
0.9700 53.3300 63.4900 0.000000 0.000000 131.000000 61.000000
0.9800 53.3300 63.5900 0.000000 0.000000 131.000000 61.000000
0.9900 53.4000 63.7300 0.000000 0.000000 131.000000 61.000000
1.0000 53.5100 63.8200 0.000000 0.000000 131.000000 61.000000
1.0100 53.6800 63.8200 0.000000 0.000000 131.000000 61.000000
1.0200 53.9200 63.8200 0.000000 0.000000 131.000000 61.000000
1.0300 54.2000 63.8900 0.000000 0.000000 131.000000 61.000000
1.0400 54.4700 63.9400 0.000000 0.000000 132.000000 61.000000
1.0500 54.5800 64.0000 0.000000 0.000000 130.000000 62.000000
1.0600 54.5800 64.0700 0.000000 0.000000 130.000000 62.000000
1.0700 54.4100 64.0700 0.000000 0.000000 130.000000 62.000000
1.0800 54.1700 64.0700 0.000000 0.000000 130.000000 62.000000
1.0900 53.9000 64.0700 0.000000 0.000000 130.000000 62.000000
1.1000 53.5900 64.0700 0.000000 0.000000 130.000000 62.000000
1.1100 53.2800 64.0700 0.000000 0.000000 130.000000 62.000000
1.1200 52.9900 64.0100 0.000000 0.000000 130.000000 62.000000
1.1300 52.6800 64.0100 0.000000 0.000000 132.000000 61.000000
1.1400 52.4000 64.0700 0.000000 0.000000 131.000000 61.000000
1.1500 52.1200 64.2400 0.000000 0.000000 129.000000 61.000000
1.1600 51.9000 64.5200 0.000000 0.000000 129.000000 61.000000
1.1700 51.6900 64.8100 0.000000 0.000000 129.000000 61.000000
1.1800 51.4800 65.1200 0.000000 0.000000 129.000000 61.000000
1.1900 51.2900 65.3300 0.000000 0.000000 129.000000 61.000000
1.2000 51.2900 65.3300 172.000000 1.000000 129.000000 61.000000
1.2100 50.9900 65.5800 312.000000 0.000000 129.000000 61.000000
1.2200 50.8800 65.5800 317.000000 0.000000 130.000000 62.000000
1.2300 50.8800 65.4900 373.000000 0.000000 130.000000 62.000000
1.2400 51.0700 65.2300 439.000000 0.000000 130.000000 62.000000
1.2500 51.4500 64.8500 496.000000 0.000000 130.000000 62.000000
1.2600 52.1500 64.4500 535.000000 0.000000 130.000000 62.000000
1.2700 53.1700 64.2300 592.000000 0.000000 130.000000 62.000000
1.2800 54.4000 64.1300 646.000000 0.000000 130.000000 62.000000
1.2900 55.6800 64.2000 659.000000 0.000000 130.000000 62.000000
1.3000 56.7900 64.3600 673.000000 0.000000 130.000000 62.000000
1.3100 57.7800 64.5900 673.000000 0.000000 130.000000 62.000000
1.3200 58.4500 64.8700 681.000000 0.000000 130.000000 63.000000
1.3300 58.8800 65.2100 693.000000 0.000000 130.000000 63.000000
1.3400 59.1400 65.6000 699.000000 0.000000 132.000000 64.000000
1.3500 59.2000 65.9900 697.000000 0.000000 130.000000 65.000000
1.3600 58.9900 66.3800 699.000000 0.000000 132.000000 65.000000
1.3700 58.5900 66.7700 690.000000 0.000000 130.000000 66.000000
1.3800 58.1500 66.9400 676.000000 0.000000 130.000000 66.000000
1.3900 57.6800 66.8500 662.000000 0.000000 128.000000 66.000000
1.4000 57.2000 66.5800 659.000000 0.000000 128.000000 66.000000
1.4100 56.8900 66.0500 646.000000 0.000000 128.000000 66.000000
1.4200 56.7500 65.1300 622.000000 0.000000 126.000000 66.000000
1.4300 56.7500 63.9600 619.000000 0.000000 125.000000 65.000000
1.4400 56.7500 62.5400 631.000000 0.000000 127.000000 64.000000
1.4500 56.8500 61.0600 638.000000 0.000000 127.000000 64.000000
1.4600 57.0000 59.3800 637.000000 0.000000 125.000000 64.000000
1.4700 57.2000 57.5900 655.000000 0.000000 125.000000 64.000000
1.4800 57.2900 56.2600 670.000000 0.000000 124.000000 64.000000
1.4900 57.2900 55.4200 666.000000 0.000000 124.000000 64.000000
1.5000 57.2900 54.9100 616.000000 0.000000 123.000000 65.000000
1.5100 57.3400 54.8500 449.000000 0.000000 121.000000 66.000000
1.5200 57.3400 54.8500 0.000000 1.000000 119.000000 66.000000
1.5300 57.2300 55.5200 0.000000 0.000000 117.000000 67.000000
1.5400 56.9600 55.9300 0.000000 0.000000 115.000000 67.000000
1.5500 56.7100 56.2500 0.000000 0.000000 116.000000 68.000000
1.5600 56.7100 56.5000 0.000000 0.000000 116.000000 68.000000
1.5700 56.7700 56.7300 0.000000 0.000000 118.000000 68.000000
1.5800 57.2100 57.0300 0.000000 0.000000 122.000000 68.000000
1.5900 57.6700 57.3700 0.000000 0.000000 126.000000 67.000000
1.6000 58.1500 57.7300 0.000000 0.000000 126.000000 66.000000
1.6100 58.6300 58.0000 0.000000 0.000000 129.000000 64.000000
1.6200 58.9600 58.2700 0.000000 0.000000 129.000000 63.000000
1.6300 59.2100 58.5000 0.000000 0.000000 129.000000 61.000000
1.6400 59.3000 58.6500 0.000000 0.000000 126.000000 60.000000
1.6500 59.2100 58.7100 0.000000 0.000000 125.000000 59.000000
1.6600 59.0000 58.7100 0.000000 0.000000 123.000000 59.000000
1.6700 58.5700 58.6300 0.000000 0.000000 120.000000 58.000000
1.6800 58.0100 58.4900 0.000000 0.000000 118.000000 59.000000
1.6900 57.3600 58.3200 0.000000 0.000000 116.000000 60.000000
1.7000 56.5500 58.1400 0.000000 0.000000 115.000000 62.000000
1.7100 55.8700 58.0400 0.000000 0.000000 116.000000 63.000000
1.7200 55.2700 57.9800 0.000000 0.000000 117.000000 63.000000
1.7300 54.7800 58.0700 0.000000 0.000000 119.000000 64.000000
1.7400 54.3500 58.2500 0.000000 0.000000 120.000000 64.000000
1.7500 54.1200 58.4900 0.000000 0.000000 124.000000 64.000000
1.7600 54.0000 58.6900 0.000000 0.000000 124.000000 64.000000
1.7700 53.9300 58.8500 0.000000 0.000000 124.000000 64.000000
1.7800 53.8800 58.9400 0.000000 0.000000 124.000000 64.000000
1.7900 53.8800 59.0100 0.000000 0.000000 124.000000 64.000000
1.8000 53.8200 59.0100 0.000000 0.000000 122.000000 63.000000
1.8100 53.7300 59.0800 0.000000 0.000000 120.000000 64.000000
1.8200 53.5800 59.0800 0.000000 0.000000 120.000000 64.000000
1.8300 53.5300 59.2000 0.000000 0.000000 119.000000 63.000000
1.8400 53.5300 59.3800 0.000000 0.000000 119.000000 63.000000
1.8500 53.5300 59.5300 0.000000 0.000000 121.000000 63.000000
1.8600 53.5300 59.5300 186.000000 1.000000 121.000000 63.000000
1.8700 53.5300 59.5300 306.000000 0.000000 121.000000 63.000000
1.8800 53.5300 59.5300 315.000000 0.000000 121.000000 63.000000
1.8900 53.5300 59.5300 391.000000 0.000000 123.000000 62.000000
1.9000 53.5300 59.5300 441.000000 0.000000 123.000000 62.000000
1.9100 53.5300 59.5300 464.000000 0.000000 123.000000 62.000000
1.9200 53.5300 59.5300 494.000000 0.000000 124.000000 62.000000
1.9300 53.5300 59.5300 543.000000 0.000000 126.000000 62.000000
1.9400 54.0000 58.8800 592.000000 0.000000 126.000000 62.000000
1.9500 54.3100 58.3100 627.000000 0.000000 126.000000 62.000000
1.9600 54.6500 57.7800 637.000000 0.000000 124.000000 63.000000
1.9700 55.0100 57.4700 646.000000 0.000000 124.000000 63.000000
1.9800 55.3800 57.3000 650.000000 0.000000 124.000000 63.000000
1.9900 55.7500 57.4600 647.000000 0.000000 122.000000 63.000000
2.0000 56.0500 57.9000 617.000000 0.000000 122.000000 63.000000
2.0100 56.3100 58.5200 543.000000 0.000000 124.000000 64.000000
2.0200 56.4800 59.1200 399.000000 0.000000 124.000000 64.000000
2.0300 56.4800 59.1200 0.000000 1.000000 124.000000 64.000000
2.0400 56.8700 60.1200 0.000000 0.000000 124.000000 64.000000
2.0500 57.0400 60.3700 0.000000 0.000000 127.000000 64.000000
2.0600 57.1800 60.4900 0.000000 0.000000 127.000000 64.000000
2.0700 57.4100 60.5800 0.000000 0.000000 127.000000 64.000000
2.0800 57.9000 60.7000 0.000000 0.000000 130.000000 65.000000
2.0900 58.5500 60.9200 0.000000 0.000000 130.000000 65.000000
2.1000 59.3900 61.1900 0.000000 0.000000 129.000000 64.000000
2.1100 60.2900 61.4900 0.000000 0.000000 129.000000 64.000000
2.1200 61.3000 61.8700 0.000000 0.000000 127.000000 63.000000
2.1300 62.3600 62.3100 0.000000 0.000000 127.000000 63.000000
2.1400 63.3700 62.6300 0.000000 0.000000 126.000000 62.000000
2.1500 64.0000 62.9100 0.000000 0.000000 126.000000 62.000000
2.1600 64.4100 63.1200 0.000000 0.000000 127.000000 62.000000
2.1700 64.5400 63.2900 0.000000 0.000000 127.000000 62.000000
2.1800 64.4000 63.3600 0.000000 0.000000 127.000000 62.000000
2.1900 64.0800 63.3600 0.000000 0.000000 129.000000 61.000000
2.2000 63.5500 63.3600 0.000000 0.000000 130.000000 62.000000
2.2100 62.9500 63.3600 0.000000 0.000000 130.000000 62.000000
2.2200 62.3100 63.3000 0.000000 0.000000 130.000000 62.000000
2.2300 61.7600 63.3500 0.000000 0.000000 132.000000 61.000000
2.2400 61.2600 63.4500 0.000000 0.000000 132.000000 61.000000
2.2500 60.9900 63.5900 0.000000 0.000000 132.000000 61.000000
2.2600 60.8400 63.7900 0.000000 0.000000 132.000000 61.000000
2.2700 60.8400 64.0400 0.000000 0.000000 132.000000 61.000000
2.2800 60.8400 64.2100 0.000000 0.000000 130.000000 62.000000
2.2900 60.9400 64.3200 0.000000 0.000000 132.000000 63.000000
2.3000 61.0200 64.3200 0.000000 0.000000 132.000000 63.000000
2.3100 61.0200 64.2100 0.000000 0.000000 132.000000 63.000000
2.3200 61.0200 64.0500 0.000000 0.000000 132.000000 63.000000
2.3300 60.9400 63.8200 0.000000 0.000000 132.000000 63.000000
2.3400 60.8700 63.6000 0.000000 0.000000 132.000000 63.000000
2.3500 60.7900 63.3800 0.000000 0.000000 132.000000 63.000000
2.3600 60.7900 63.2300 0.000000 0.000000 132.000000 63.000000
2.3700 60.7100 63.1200 0.000000 0.000000 132.000000 63.000000
2.3800 60.6600 63.0100 0.000000 0.000000 132.000000 63.000000
2.3900 60.6000 62.9400 0.000000 0.000000 132.000000 63.000000
2.4000 60.5500 62.9400 0.000000 0.000000 132.000000 63.000000
2.4100 60.4700 62.9400 0.000000 0.000000 132.000000 63.000000
2.4200 60.3800 62.9400 0.000000 0.000000 132.000000 63.000000
2.4300 60.3800 63.0700 0.000000 0.000000 133.000000 63.000000
2.4400 60.3800 63.1900 0.000000 0.000000 133.000000 63.000000
2.4500 60.3800 63.3400 0.000000 0.000000 133.000000 63.000000
2.4600 60.3800 63.3400 193.000000 1.000000 133.000000 63.000000
2.4700 60.4300 63.6100 270.000000 0.000000 135.000000 64.000000
2.4800 60.4300 63.7100 334.000000 0.000000 135.000000 64.000000
2.4900 60.3600 63.7100 449.000000 0.000000 135.000000 64.000000
2.5000 60.3600 63.7100 501.000000 0.000000 137.000000 65.000000
2.5100 60.2600 63.6000 532.000000 0.000000 137.000000 65.000000
2.5200 60.1900 63.3000 537.000000 0.000000 137.000000 65.000000
2.5300 60.1900 62.9000 529.000000 0.000000 137.000000 65.000000
2.5400 60.1400 62.4400 529.000000 0.000000 137.000000 65.000000
2.5500 60.1400 61.9900 518.000000 0.000000 137.000000 65.000000
2.5600 60.1400 61.7000 447.000000 0.000000 137.000000 65.000000
2.5700 60.2000 61.5000 193.000000 0.000000 137.000000 65.000000
2.5800 60.2000 61.5000 0.000000 1.000000 137.000000 65.000000
2.5900 60.2000 61.6300 0.000000 0.000000 137.000000 65.000000
2.6000 60.1000 61.9900 0.000000 0.000000 137.000000 65.000000
2.6100 60.1000 62.5400 0.000000 0.000000 135.000000 64.000000
2.6200 60.1900 63.2800 0.000000 0.000000 135.000000 64.000000
2.6300 60.3800 64.1400 0.000000 0.000000 135.000000 64.000000
2.6400 60.6400 65.0700 0.000000 0.000000 133.000000 63.000000
2.6500 60.9400 65.9600 0.000000 0.000000 133.000000 62.000000
2.6600 61.2400 66.5300 0.000000 0.000000 133.000000 62.000000
2.6700 61.4300 66.9200 0.000000 0.000000 133.000000 62.000000
2.6800 61.4300 66.9200 443.000000 1.000000 132.000000 61.000000
2.6900 61.4300 66.9200 369.000000 0.000000 132.000000 63.000000
2.7000 61.4300 66.9200 279.000000 0.000000 132.000000 63.000000
2.7100 61.4300 66.9200 269.000000 0.000000 132.000000 63.000000
2.7200 61.4300 66.9200 184.000000 0.000000 132.000000 64.000000
2.7300 61.4300 66.9200 0.000000 1.000000 132.000000 64.000000
2.7400 61.4700 66.5900 0.000000 0.000000 132.000000 65.000000
2.7500 61.6100 66.2800 0.000000 0.000000 132.000000 65.000000
2.7600 61.7800 66.0300 0.000000 0.000000 132.000000 65.000000
2.7700 62.0000 65.8200 0.000000 0.000000 132.000000 65.000000
2.7800 62.2300 65.8200 0.000000 0.000000 132.000000 65.000000
2.7900 62.4600 65.9200 0.000000 0.000000 133.000000 65.000000
2.8000 62.6800 66.1600 0.000000 0.000000 132.000000 64.000000
2.8100 62.9000 66.3900 0.000000 0.000000 132.000000 64.000000
2.8200 63.0500 66.6200 0.000000 0.000000 133.000000 63.000000
2.8300 63.0500 66.6200 218.000000 1.000000 133.000000 63.000000
2.8400 63.4700 66.9600 296.000000 0.000000 132.000000 64.000000
2.8500 63.3200 67.0400 324.000000 0.000000 132.000000 64.000000
2.8600 62.8500 66.9500 404.000000 0.000000 130.000000 63.000000
2.8700 62.7100 66.7500 433.000000 0.000000 129.000000 64.000000
2.8800 62.5900 66.3500 440.000000 0.000000 129.000000 64.000000
2.8900 62.5200 65.7300 458.000000 0.000000 129.000000 64.000000
2.9000 62.6100 64.9600 480.000000 0.000000 129.000000 64.000000
2.9100 62.8100 64.0700 486.000000 0.000000 129.000000 64.000000
2.9200 63.0200 63.1000 493.000000 0.000000 129.000000 64.000000
2.9300 63.2400 62.0800 477.000000 0.000000 129.000000 64.000000
2.9400 63.4900 61.3900 455.000000 0.000000 130.000000 63.000000
2.9500 63.7800 61.0100 414.000000 0.000000 129.000000 63.000000
2.9600 64.1400 60.8400 371.000000 0.000000 130.000000 63.000000
2.9700 64.5300 61.0700 344.000000 0.000000 130.000000 63.000000
2.9800 64.8700 61.4700 363.000000 0.000000 132.000000 63.000000
2.9900 65.1700 61.9800 362.000000 0.000000 132.000000 63.000000
3.0000 65.4400 62.3700 397.000000 0.000000 132.000000 63.000000
3.0100 65.6600 62.7300 443.000000 0.000000 133.000000 63.000000
3.0200 65.8400 63.0100 490.000000 0.000000 133.000000 63.000000
3.0300 65.9600 63.2100 516.000000 0.000000 133.000000 63.000000
3.0400 65.9600 63.3700 543.000000 0.000000 132.000000 64.000000
3.0500 65.9600 63.5100 567.000000 0.000000 132.000000 64.000000
3.0600 65.8800 63.7000 572.000000 0.000000 132.000000 64.000000
3.0700 65.7300 63.9000 616.000000 0.000000 132.000000 64.000000
3.0800 65.5300 64.0600 622.000000 0.000000 132.000000 64.000000
3.0900 65.3500 64.1800 641.000000 0.000000 132.000000 64.000000
3.1000 65.1800 64.2300 646.000000 0.000000 132.000000 64.000000
3.1100 65.0500 64.2300 644.000000 0.000000 132.000000 64.000000
3.1200 65.0500 64.2300 644.000000 0.000000 132.000000 64.000000
3.1300 64.7500 63.9400 634.000000 0.000000 132.000000 64.000000
3.1400 64.5400 63.6100 616.000000 0.000000 130.000000 63.000000
3.1500 64.3700 63.2600 611.000000 0.000000 130.000000 63.000000
3.1600 64.2400 62.8600 599.000000 0.000000 130.000000 63.000000
3.1700 64.2400 62.5000 602.000000 0.000000 130.000000 63.000000
3.1800 64.2400 62.1800 603.000000 0.000000 132.000000 64.000000
3.1900 64.4700 61.9700 619.000000 0.000000 133.000000 63.000000
3.2000 64.7500 61.8800 622.000000 0.000000 133.000000 63.000000
3.2100 65.1400 61.8800 638.000000 0.000000 133.000000 63.000000
3.2200 65.5000 62.0300 647.000000 0.000000 133.000000 63.000000
3.2300 65.8300 62.2700 643.000000 0.000000 135.000000 63.000000
3.2400 66.0500 62.5600 653.000000 0.000000 135.000000 63.000000
3.2500 66.1500 62.8600 650.000000 0.000000 135.000000 63.000000
3.2600 66.1500 63.1000 652.000000 0.000000 133.000000 63.000000
3.2700 66.0200 63.2300 659.000000 0.000000 133.000000 63.000000
3.2800 65.9000 63.2300 670.000000 0.000000 133.000000 63.000000
3.2900 65.8100 63.2300 671.000000 0.000000 133.000000 63.000000
3.3000 65.7600 63.1400 671.000000 0.000000 133.000000 63.000000
3.3100 65.7600 62.9800 664.000000 0.000000 133.000000 63.000000
3.3200 65.7600 62.7900 662.000000 0.000000 133.000000 63.000000
3.3300 65.8800 62.5900 638.000000 0.000000 133.000000 63.000000
3.3400 65.9700 62.3900 588.000000 0.000000 133.000000 63.000000
3.3500 66.0600 62.2200 458.000000 0.000000 133.000000 63.000000
3.3600 66.1400 62.1500 143.000000 0.000000 133.000000 63.000000
3.3700 66.1400 62.1500 0.000000 1.000000 133.000000 63.000000
3.3800 66.3600 62.2900 0.000000 0.000000 135.000000 63.000000
3.3900 66.4600 62.5200 0.000000 0.000000 135.000000 63.000000
3.4000 66.5600 62.8100 0.000000 0.000000 137.000000 63.000000
3.4100 66.7000 63.1100 0.000000 0.000000 137.000000 63.000000
3.4200 66.7000 63.1100 207.000000 1.000000 137.000000 63.000000
3.4300 66.9100 63.4900 338.000000 0.000000 135.000000 64.000000
3.4400 66.9100 63.5700 371.000000 0.000000 135.000000 64.000000
3.4500 66.9100 63.6300 472.000000 0.000000 135.000000 64.000000
3.4600 66.9100 63.6300 544.000000 0.000000 135.000000 64.000000
3.4700 66.9100 63.6800 562.000000 0.000000 135.000000 64.000000
3.4800 66.9800 63.6000 569.000000 0.000000 135.000000 64.000000
3.4900 67.0600 63.4600 592.000000 0.000000 135.000000 64.000000
3.5000 67.1800 63.2400 614.000000 0.000000 135.000000 64.000000
3.5100 67.3300 62.9600 614.000000 0.000000 135.000000 64.000000
3.5200 67.4700 62.6300 617.000000 0.000000 135.000000 64.000000
3.5300 67.5600 62.3100 613.000000 0.000000 135.000000 64.000000
3.5400 67.6400 62.1100 608.000000 0.000000 135.000000 64.000000
3.5500 67.7200 61.9800 599.000000 0.000000 137.000000 63.000000
3.5600 67.8100 61.9800 608.000000 0.000000 137.000000 63.000000
3.5700 67.9300 62.2100 611.000000 0.000000 137.000000 63.000000
3.5800 68.1100 62.5000 620.000000 0.000000 137.000000 63.000000
3.5900 68.3600 62.9500 619.000000 0.000000 137.000000 63.000000
3.6000 68.5900 63.3700 645.000000 0.000000 138.000000 64.000000
3.6100 68.7800 63.7100 659.000000 0.000000 138.000000 64.000000
3.6200 68.9100 63.9500 662.000000 0.000000 137.000000 65.000000
3.6300 68.9900 64.0900 662.000000 0.000000 137.000000 65.000000
3.6400 68.9900 64.0900 659.000000 0.000000 135.000000 64.000000
3.6500 68.9900 64.0000 661.000000 0.000000 137.000000 65.000000
3.6600 69.0500 63.8700 664.000000 0.000000 137.000000 65.000000
3.6700 69.1100 63.6200 659.000000 0.000000 137.000000 65.000000
3.6800 69.2100 63.2900 658.000000 0.000000 137.000000 65.000000
3.6900 69.3700 63.0300 636.000000 0.000000 138.000000 65.000000
3.7000 69.5600 62.8800 595.000000 0.000000 138.000000 65.000000
3.7100 69.7400 62.8000 435.000000 0.000000 140.000000 66.000000
3.7200 69.7400 62.8000 0.000000 1.000000 140.000000 66.000000
3.7300 69.8400 63.0800 0.000000 0.000000 140.000000 66.000000
3.7400 69.7400 63.4500 0.000000 0.000000 140.000000 66.000000
3.7500 69.5700 63.9100 0.000000 0.000000 140.000000 66.000000
3.7600 69.3800 64.4100 0.000000 0.000000 142.000000 65.000000
3.7700 69.3300 64.9300 0.000000 0.000000 142.000000 65.000000
3.7800 69.3300 65.4000 0.000000 0.000000 142.000000 65.000000
3.7900 69.3300 65.8500 0.000000 0.000000 140.000000 65.000000
3.8000 69.3300 66.2300 0.000000 0.000000 140.000000 65.000000
3.8100 69.4600 66.5100 0.000000 0.000000 140.000000 65.000000
3.8200 69.4600 66.5100 567.000000 1.000000 140.000000 65.000000
3.8300 69.4600 66.5100 592.000000 0.000000 140.000000 65.000000
3.8400 69.4600 66.5100 561.000000 0.000000 138.000000 65.000000
3.8500 69.4600 66.5100 559.000000 0.000000 140.000000 66.000000
3.8600 69.4600 66.5100 489.000000 0.000000 142.000000 66.000000
3.8700 69.7500 66.1000 148.000000 0.000000 140.000000 67.000000
3.8800 69.7500 66.1000 0.000000 1.000000 142.000000 68.000000
3.8900 70.2600 64.9600 0.000000 0.000000 141.000000 68.000000
3.9000 70.5400 64.4100 0.000000 0.000000 141.000000 68.000000
3.9100 70.8500 63.9700 0.000000 0.000000 141.000000 68.000000
3.9200 71.1800 63.5800 0.000000 0.000000 141.000000 68.000000
3.9300 71.5100 63.3800 0.000000 0.000000 142.000000 68.000000
3.9400 71.8300 63.3300 0.000000 0.000000 140.000000 67.000000
3.9500 71.8300 63.3300 447.000000 1.000000 140.000000 67.000000
3.9600 72.1900 63.5100 535.000000 0.000000 140.000000 67.000000
3.9700 72.1100 63.6900 586.000000 0.000000 139.000000 67.000000
3.9800 72.0300 63.9200 647.000000 0.000000 139.000000 67.000000
3.9900 71.8500 64.1300 708.000000 0.000000 139.000000 67.000000
4.0000 71.6100 64.2800 710.000000 0.000000 139.000000 67.000000
4.0100 71.3900 64.3600 721.000000 0.000000 139.000000 68.000000
4.0200 71.1700 64.4100 708.000000 0.000000 139.000000 68.000000
4.0300 70.9900 64.2800 699.000000 0.000000 139.000000 68.000000
4.0400 70.8400 64.1000 694.000000 0.000000 141.000000 68.000000
4.0500 70.7900 63.8300 690.000000 0.000000 141.000000 68.000000
4.0600 70.7900 63.5000 684.000000 0.000000 139.000000 68.000000
4.0700 70.9600 63.1900 684.000000 0.000000 139.000000 68.000000
4.0800 71.3200 62.9000 684.000000 0.000000 140.000000 67.000000
4.0900 71.7600 62.7500 691.000000 0.000000 139.000000 67.000000
4.1000 72.2000 62.6900 691.000000 0.000000 139.000000 67.000000
4.1100 72.5700 62.6900 702.000000 0.000000 137.000000 66.000000
4.1200 72.8800 63.0000 693.000000 0.000000 137.000000 66.000000
4.1300 73.0700 63.4300 705.000000 0.000000 137.000000 66.000000
4.1400 73.0200 63.8300 707.000000 0.000000 135.000000 65.000000
4.1500 72.8100 64.2200 710.000000 0.000000 135.000000 65.000000
4.1600 72.3800 64.4100 696.000000 0.000000 135.000000 65.000000
4.1700 71.8600 64.4600 570.000000 0.000000 133.000000 66.000000
4.1800 71.2700 64.4600 67.000000 0.000000 133.000000 66.000000
4.1900 71.2700 64.4600 0.000000 1.000000 133.000000 66.000000
4.2000 70.2400 63.8900 0.000000 0.000000 135.000000 67.000000
4.2100 69.6400 63.5300 0.000000 0.000000 135.000000 67.000000
4.2200 69.0300 63.1300 0.000000 0.000000 135.000000 67.000000
4.2300 68.2800 62.5500 0.000000 0.000000 137.000000 66.000000
4.2400 67.5300 61.8800 0.000000 0.000000 137.000000 66.000000
4.2500 66.7900 61.1900 0.000000 0.000000 139.000000 67.000000
4.2600 66.2200 60.5100 0.000000 0.000000 137.000000 67.000000
4.2700 65.6600 59.9400 0.000000 0.000000 137.000000 67.000000
4.2800 65.2000 59.4400 0.000000 0.000000 135.000000 68.000000
4.2900 64.8100 58.9800 0.000000 0.000000 133.000000 69.000000
4.3000 64.4200 58.5600 0.000000 0.000000 129.000000 68.000000
4.3100 64.0400 58.2800 0.000000 0.000000 129.000000 68.000000
4.3200 63.6500 58.0700 0.000000 0.000000 131.000000 68.000000
4.3300 63.1400 57.9900 0.000000 0.000000 130.000000 67.000000
4.3400 62.5600 57.9900 0.000000 0.000000 130.000000 66.000000
4.3500 62.0800 58.1300 0.000000 0.000000 130.000000 65.000000
4.3600 61.3400 58.2500 0.000000 0.000000 130.000000 63.000000
4.3700 60.7100 58.3400 0.000000 0.000000 130.000000 62.000000
4.3800 60.2400 58.4200 0.000000 0.000000 132.000000 61.000000
4.3900 59.8200 58.3300 0.000000 0.000000 132.000000 61.000000
4.4000 59.6100 58.2800 0.000000 0.000000 129.000000 61.000000
4.4100 59.5500 58.2800 0.000000 0.000000 129.000000 61.000000
4.4200 59.5500 58.3300 0.000000 0.000000 129.000000 63.000000
4.4300 59.6300 58.4500 0.000000 0.000000 129.000000 63.000000
4.4400 59.6900 58.6100 0.000000 0.000000 127.000000 63.000000
4.4500 59.8100 58.6100 0.000000 0.000000 125.000000 64.000000
4.4600 59.9200 58.6100 0.000000 0.000000 125.000000 64.000000
4.4700 60.0000 58.6100 0.000000 0.000000 124.000000 64.000000
4.4800 60.1000 58.4600 0.000000 0.000000 124.000000 64.000000
4.4900 60.2000 58.3600 0.000000 0.000000 122.000000 65.000000
4.5000 60.2000 58.2600 0.000000 0.000000 122.000000 65.000000
4.5100 60.2000 58.1600 0.000000 0.000000 122.000000 65.000000
4.5200 60.2000 58.0100 0.000000 0.000000 123.000000 65.000000
4.5300 60.0900 57.8700 0.000000 0.000000 125.000000 65.000000
4.5400 59.9800 57.7400 0.000000 0.000000 125.000000 65.000000
4.5500 59.9800 57.6000 0.000000 0.000000 125.000000 65.000000
4.5600 59.9800 57.4900 0.000000 0.000000 127.000000 64.000000
4.5700 59.9800 57.3900 0.000000 0.000000 127.000000 64.000000
4.5800 59.9200 57.2000 0.000000 0.000000 127.000000 64.000000
4.5900 59.8400 57.0100 0.000000 0.000000 127.000000 64.000000
4.6000 59.7600 56.8700 0.000000 0.000000 127.000000 64.000000
4.6100 59.7000 56.7700 0.000000 0.000000 126.000000 66.000000
4.6200 59.7000 56.7700 0.000000 0.000000 126.000000 66.000000
4.6300 59.7000 56.7100 0.000000 0.000000 126.000000 66.000000
4.6400 59.7900 56.6500 0.000000 0.000000 126.000000 66.000000
4.6500 59.9200 56.6500 0.000000 0.000000 126.000000 66.000000
4.6600 60.0500 56.7200 0.000000 0.000000 126.000000 67.000000
4.6700 60.1800 56.8500 0.000000 0.000000 126.000000 67.000000
4.6800 60.2500 56.9800 0.000000 0.000000 126.000000 67.000000
4.6900 60.2500 57.1100 0.000000 0.000000 126.000000 67.000000
4.7000 60.3200 57.2300 0.000000 0.000000 126.000000 67.000000
4.7100 60.3200 57.3000 0.000000 0.000000 126.000000 67.000000
4.7200 60.3200 57.3000 0.000000 0.000000 126.000000 67.000000
4.7300 60.2500 57.3000 0.000000 0.000000 126.000000 67.000000
4.7400 60.2000 57.1700 0.000000 0.000000 126.000000 67.000000
4.7500 60.2000 57.0600 0.000000 0.000000 126.000000 67.000000
4.7600 60.2000 57.0600 149.000000 1.000000 126.000000 67.000000
4.7700 60.2000 57.0600 250.000000 0.000000 126.000000 67.000000
4.7800 60.2000 57.0600 291.000000 0.000000 128.000000 68.000000
4.7900 60.2000 57.0600 405.000000 0.000000 128.000000 68.000000
4.8000 60.2000 57.0600 474.000000 0.000000 128.000000 68.000000
4.8100 60.2000 57.0600 492.000000 0.000000 128.000000 68.000000
4.8200 59.8600 57.1400 488.000000 0.000000 128.000000 68.000000
4.8300 59.5500 56.9200 492.000000 0.000000 128.000000 68.000000
4.8400 59.1900 56.5600 509.000000 0.000000 128.000000 68.000000
4.8500 58.9500 56.1800 516.000000 0.000000 125.000000 68.000000
4.8600 58.7700 55.7900 519.000000 0.000000 125.000000 68.000000
4.8700 58.7700 55.5100 519.000000 0.000000 125.000000 68.000000
4.8800 58.9600 55.3100 543.000000 0.000000 125.000000 68.000000
4.8900 59.3500 55.3100 551.000000 0.000000 124.000000 67.000000
4.9000 59.9900 55.5700 553.000000 0.000000 124.000000 67.000000
4.9100 60.8000 55.9800 556.000000 0.000000 124.000000 67.000000
4.9200 61.5000 56.5000 544.000000 0.000000 124.000000 67.000000
4.9300 61.9400 57.0000 510.000000 0.000000 124.000000 67.000000
4.9400 62.2100 57.2900 486.000000 0.000000 122.000000 67.000000
4.9500 62.1400 57.4400 396.000000 0.000000 124.000000 66.000000
4.9600 61.7600 57.4400 389.000000 0.000000 126.000000 67.000000
4.9700 61.1700 57.2500 384.000000 0.000000 126.000000 67.000000
4.9800 60.5800 56.9500 369.000000 0.000000 126.000000 67.000000
4.9900 60.0400 56.6200 391.000000 0.000000 126.000000 67.000000
5.0000 59.6300 56.4600 399.000000 0.000000 126.000000 67.000000
5.0100 59.5100 56.4100 402.000000 0.000000 124.000000 67.000000
5.0200 59.5800 56.5000 428.000000 0.000000 125.000000 68.000000
5.0300 59.8400 56.7300 472.000000 0.000000 125.000000 68.000000
5.0400 60.3100 57.0500 529.000000 0.000000 125.000000 68.000000
5.0500 60.9200 57.4800 570.000000 0.000000 125.000000 68.000000
5.0600 61.5200 57.8500 588.000000 0.000000 125.000000 68.000000
5.0700 61.9500 58.0400 613.000000 0.000000 128.000000 68.000000
5.0800 62.2700 58.1300 636.000000 0.000000 128.000000 68.000000
5.0900 62.4200 58.0000 641.000000 0.000000 128.000000 68.000000
5.1000 62.4800 57.8700 647.000000 0.000000 130.000000 67.000000
5.1100 62.4800 57.6100 641.000000 0.000000 128.000000 66.000000
5.1200 62.4800 57.2600 642.000000 0.000000 128.000000 66.000000
5.1300 62.5500 57.0500 641.000000 0.000000 128.000000 66.000000
5.1400 62.7200 56.8200 644.000000 0.000000 128.000000 66.000000
5.1500 62.9500 56.6700 640.000000 0.000000 128.000000 66.000000
5.1600 63.1700 56.5900 650.000000 0.000000 124.000000 66.000000
5.1700 63.3800 56.5200 664.000000 0.000000 124.000000 66.000000
5.1800 63.5900 56.5800 673.000000 0.000000 122.000000 67.000000
5.1900 63.7800 56.7300 673.000000 0.000000 122.000000 67.000000
5.2000 63.9600 56.9400 687.000000 0.000000 122.000000 67.000000
5.2100 64.1600 57.2500 702.000000 0.000000 122.000000 67.000000
5.2200 64.3500 57.6300 711.000000 0.000000 122.000000 67.000000
5.2300 64.5300 57.8800 724.000000 0.000000 122.000000 67.000000
5.2400 64.6000 58.1000 725.000000 0.000000 124.000000 66.000000
5.2500 64.6000 58.2300 725.000000 0.000000 124.000000 66.000000
5.2600 64.6000 58.2900 714.000000 0.000000 124.000000 66.000000
5.2700 64.6000 58.2900 697.000000 0.000000 126.000000 66.000000
5.2800 64.6000 58.2900 694.000000 0.000000 126.000000 66.000000
5.2900 64.6600 58.1600 700.000000 0.000000 128.000000 65.000000
5.3000 64.7200 58.0100 699.000000 0.000000 128.000000 65.000000
5.3100 64.8200 57.8000 702.000000 0.000000 128.000000 65.000000
5.3200 64.9000 57.4900 702.000000 0.000000 128.000000 65.000000
5.3300 65.0000 57.1200 693.000000 0.000000 128.000000 65.000000
5.3400 65.0800 56.8100 647.000000 0.000000 126.000000 66.000000
5.3500 65.2500 56.6500 456.000000 0.000000 126.000000 66.000000
5.3600 65.2500 56.6500 0.000000 1.000000 124.000000 66.000000
5.3700 65.6400 56.8400 0.000000 0.000000 124.000000 66.000000
5.3800 65.8000 57.3400 0.000000 0.000000 124.000000 66.000000
5.3900 65.9100 58.0100 0.000000 0.000000 126.000000 67.000000
5.4000 66.0500 58.6300 0.000000 0.000000 126.000000 67.000000
5.4100 66.2600 59.2400 0.000000 0.000000 126.000000 67.000000
5.4200 66.4600 59.6300 0.000000 0.000000 128.000000 68.000000
5.4300 66.5500 59.8800 0.000000 0.000000 130.000000 67.000000
5.4400 66.5500 60.0000 0.000000 0.000000 130.000000 67.000000
5.4500 66.5500 60.0000 369.000000 1.000000 131.000000 67.000000
5.4600 66.5500 60.0000 448.000000 0.000000 131.000000 67.000000
5.4700 66.5500 60.0000 491.000000 0.000000 133.000000 66.000000
5.4800 66.5500 60.0000 595.000000 0.000000 133.000000 66.000000
5.4900 66.2700 59.7300 622.000000 0.000000 133.000000 66.000000
5.5000 66.2700 59.3400 627.000000 0.000000 135.000000 65.000000
5.5100 66.2700 58.8300 622.000000 0.000000 135.000000 65.000000
5.5200 66.4000 58.1900 622.000000 0.000000 132.000000 65.000000
5.5300 66.6100 57.5900 627.000000 0.000000 132.000000 65.000000
5.5400 67.0000 57.0800 631.000000 0.000000 130.000000 66.000000
5.5500 67.4900 56.6300 647.000000 0.000000 130.000000 66.000000
5.5600 68.0400 56.4100 641.000000 0.000000 128.000000 66.000000
5.5700 68.5900 56.4100 653.000000 0.000000 126.000000 67.000000
5.5800 69.0900 56.5700 672.000000 0.000000 125.000000 68.000000
5.5900 69.4600 56.8600 699.000000 0.000000 125.000000 68.000000
5.6000 69.7700 57.2700 700.000000 0.000000 125.000000 68.000000
5.6100 69.9100 57.7600 725.000000 0.000000 127.000000 69.000000
5.6200 69.9100 58.0400 749.000000 0.000000 129.000000 70.000000
5.6300 69.7800 58.2700 773.000000 0.000000 129.000000 70.000000
5.6400 69.5700 58.3600 773.000000 0.000000 129.000000 70.000000
5.6500 69.3200 58.3600 776.000000 0.000000 129.000000 70.000000
5.6600 69.0300 58.2900 771.000000 0.000000 131.000000 69.000000
5.6700 68.8700 58.2300 751.000000 0.000000 131.000000 69.000000
5.6800 68.7100 58.2300 740.000000 0.000000 131.000000 69.000000
5.6900 68.5600 58.0900 730.000000 0.000000 131.000000 68.000000
5.7000 68.4300 57.9200 722.000000 0.000000 130.000000 67.000000
5.7100 68.3700 57.6300 716.000000 0.000000 128.000000 66.000000
5.7200 68.3700 57.2800 707.000000 0.000000 128.000000 66.000000
5.7300 68.5200 56.8800 697.000000 0.000000 124.000000 66.000000
5.7400 68.7900 56.6400 691.000000 0.000000 124.000000 66.000000
5.7500 69.2100 56.5000 670.000000 0.000000 124.000000 66.000000
5.7600 69.7700 56.5000 624.000000 0.000000 122.000000 67.000000
5.7700 70.4100 56.6400 586.000000 0.000000 122.000000 67.000000
5.7800 70.9300 56.8300 567.000000 0.000000 124.000000 67.000000
5.7900 71.3200 57.1200 585.000000 0.000000 125.000000 68.000000
5.8000 71.6300 57.4200 631.000000 0.000000 127.000000 69.000000
5.8100 71.7700 57.7200 697.000000 0.000000 129.000000 70.000000
5.8200 71.7700 57.9800 730.000000 0.000000 129.000000 70.000000
5.8300 71.5900 58.2200 767.000000 0.000000 131.000000 71.000000
5.8400 71.3400 58.3700 777.000000 0.000000 131.000000 71.000000
5.8500 71.1100 58.4200 784.000000 0.000000 133.000000 70.000000
5.8600 70.9500 58.4200 777.000000 0.000000 131.000000 69.000000
5.8700 70.8800 58.4200 768.000000 0.000000 131.000000 69.000000
5.8800 70.8800 58.3500 765.000000 0.000000 131.000000 69.000000
5.8900 70.9800 58.3000 757.000000 0.000000 131.000000 68.000000
5.9000 71.1400 58.1300 754.000000 0.000000 131.000000 68.000000
5.9100 71.3800 57.8800 751.000000 0.000000 131.000000 68.000000
5.9200 71.6600 57.6400 761.000000 0.000000 130.000000 67.000000
5.9300 71.8600 57.3500 760.000000 0.000000 130.000000 67.000000
5.9400 71.9800 57.0400 757.000000 0.000000 128.000000 68.000000
5.9500 72.0500 56.7200 745.000000 0.000000 128.000000 68.000000
5.9600 71.9600 56.4700 699.000000 0.000000 128.000000 68.000000
5.9700 71.7200 56.3000 644.000000 0.000000 125.000000 68.000000
5.9800 71.3800 56.1800 519.000000 0.000000 125.000000 68.000000
5.9900 70.9900 56.1800 264.000000 0.000000 123.000000 69.000000
6.0000 70.9900 56.1800 0.000000 1.000000 123.000000 69.000000
6.0100 69.9700 56.3800 0.000000 0.000000 125.000000 70.000000
6.0200 69.5600 56.6700 0.000000 0.000000 125.000000 70.000000
6.0300 69.1900 57.0600 0.000000 0.000000 127.000000 70.000000
6.0400 68.8500 57.5100 0.000000 0.000000 129.000000 70.000000
6.0500 68.5600 57.9700 0.000000 0.000000 129.000000 70.000000
6.0600 68.2300 58.4100 0.000000 0.000000 129.000000 70.000000
6.0700 67.8600 58.7100 0.000000 0.000000 131.000000 69.000000
6.0800 67.4500 58.9300 0.000000 0.000000 131.000000 69.000000
6.0900 67.0500 59.0900 0.000000 0.000000 131.000000 69.000000
6.1000 66.5300 59.2100 0.000000 0.000000 129.000000 68.000000
6.1100 65.9300 59.2800 0.000000 0.000000 129.000000 68.000000
6.1200 65.4000 59.2800 0.000000 0.000000 129.000000 68.000000
6.1300 65.0700 59.3400 0.000000 0.000000 128.000000 68.000000
6.1400 65.0700 59.3400 510.000000 1.000000 128.000000 68.000000
6.1500 65.0700 59.3400 634.000000 0.000000 126.000000 67.000000
6.1600 65.0700 59.3400 669.000000 0.000000 128.000000 66.000000
6.1700 65.6300 59.1500 790.000000 0.000000 126.000000 66.000000
6.1800 66.4300 59.2400 861.000000 0.000000 128.000000 65.000000
6.1900 67.3700 59.4200 854.000000 0.000000 128.000000 65.000000
6.2000 68.3900 59.6300 730.000000 0.000000 130.000000 65.000000
