0.0000 15.5300 80.0100 175.000000 1.000000 90.000000 72.000000
0.0100 15.5300 79.5900 218.000000 0.000000 90.000000 71.000000
0.0200 15.5300 79.5900 262.000000 0.000000 90.000000 71.000000
0.0300 15.5300 79.6800 274.000000 0.000000 90.000000 70.000000
0.0400 15.6200 79.7600 312.000000 0.000000 90.000000 70.000000
0.0500 15.7100 79.9600 330.000000 0.000000 90.000000 69.000000
0.0600 15.8000 80.2500 394.000000 0.000000 90.000000 68.000000
0.0700 15.9100 80.7800 405.000000 0.000000 90.000000 68.000000
0.0800 15.9100 81.3400 425.000000 0.000000 90.000000 67.000000
0.0900 15.9100 81.9300 443.000000 0.000000 90.000000 67.000000
0.1000 15.8300 82.6300 448.000000 0.000000 90.000000 67.000000
0.1100 15.7700 83.3200 442.000000 0.000000 92.000000 67.000000
0.1200 15.7100 84.0800 440.000000 0.000000 92.000000 67.000000
0.1300 15.6400 84.8900 442.000000 0.000000 92.000000 67.000000
0.1400 15.5700 85.1600 440.000000 0.000000 95.000000 67.000000
0.1500 15.5700 85.2700 447.000000 0.000000 95.000000 67.000000
0.1600 15.5700 85.2700 448.000000 0.000000 95.000000 67.000000
0.1700 15.5700 85.1400 466.000000 0.000000 95.000000 67.000000
0.1800 15.6300 84.7500 491.000000 0.000000 97.000000 67.000000
0.1900 15.6800 84.1800 515.000000 0.000000 97.000000 67.000000
0.2000 15.7800 83.4800 521.000000 0.000000 97.000000 67.000000
0.2100 15.9300 82.8200 529.000000 0.000000 97.000000 67.000000
0.2200 16.1400 82.4800 533.000000 0.000000 97.000000 67.000000
0.2300 16.4100 82.3400 530.000000 0.000000 97.000000 67.000000
0.2400 16.7100 82.3400 535.000000 0.000000 97.000000 67.000000
0.2500 16.9800 82.4900 537.000000 0.000000 97.000000 67.000000
0.2600 17.1500 82.8000 546.000000 0.000000 97.000000 67.000000
0.2700 17.2800 83.2200 543.000000 0.000000 97.000000 66.000000
0.2800 17.2800 83.6700 550.000000 0.000000 97.000000 67.000000
0.2900 17.2800 84.1500 551.000000 0.000000 97.000000 67.000000
0.3000 17.1500 84.6100 545.000000 0.000000 97.000000 67.000000
0.3100 17.0000 85.0500 536.000000 0.000000 97.000000 68.000000
0.3200 16.9000 85.2400 537.000000 0.000000 97.000000 68.000000
0.3300 16.9000 85.2400 537.000000 0.000000 97.000000 68.000000
0.3400 16.9000 85.1500 540.000000 0.000000 97.000000 68.000000
0.3500 16.9900 84.7700 542.000000 0.000000 97.000000 68.000000
0.3600 16.9900 84.2200 564.000000 0.000000 97.000000 68.000000
0.3700 17.0900 83.4400 572.000000 0.000000 97.000000 68.000000
0.3800 17.1600 82.6400 569.000000 0.000000 97.000000 68.000000
0.3900 17.2700 82.0100 540.000000 0.000000 100.000000 68.000000
0.4000 17.4100 81.4900 493.000000 0.000000 99.000000 67.000000
0.4100 17.5800 81.1900 341.000000 0.000000 97.000000 67.000000
0.4200 17.7600 81.1900 181.000000 0.000000 97.000000 67.000000
0.4300 17.7600 81.1900 0.000000 1.000000 97.000000 67.000000
0.4400 18.0600 81.5500 0.000000 0.000000 97.000000 67.000000
0.4500 18.0600 81.9700 0.000000 0.000000 97.000000 67.000000
0.4600 18.0600 82.5000 0.000000 0.000000 97.000000 67.000000
0.4700 18.0600 83.2700 0.000000 0.000000 97.000000 67.000000
0.4800 18.0600 84.1600 0.000000 0.000000 97.000000 68.000000
0.4900 18.0600 85.1300 0.000000 0.000000 97.000000 68.000000
0.5000 17.9700 85.9000 0.000000 0.000000 97.000000 68.000000
0.5100 17.9700 86.4000 0.000000 0.000000 97.000000 68.000000
0.5200 17.9700 86.4000 195.000000 1.000000 97.000000 68.000000
0.5300 17.8200 86.7100 294.000000 0.000000 100.000000 69.000000
0.5400 17.8200 86.6400 399.000000 0.000000 100.000000 69.000000
0.5500 17.8900 86.6400 458.000000 0.000000 100.000000 69.000000
0.5600 17.9400 86.3200 494.000000 0.000000 100.000000 69.000000
0.5700 18.0100 85.8500 505.000000 0.000000 100.000000 69.000000
0.5800 18.0700 85.2200 509.000000 0.000000 100.000000 69.000000
0.5900 18.1300 84.7400 509.000000 0.000000 100.000000 69.000000
0.6000 18.1300 84.3500 510.000000 0.000000 100.000000 69.000000
0.6100 18.2300 84.1300 494.000000 0.000000 100.000000 69.000000
0.6200 18.2300 84.0700 494.000000 0.000000 100.000000 69.000000
0.6300 18.2900 84.1300 502.000000 0.000000 100.000000 69.000000
0.6400 18.2900 84.3000 514.000000 0.000000 100.000000 68.000000
0.6500 18.2900 84.6600 519.000000 0.000000 100.000000 68.000000
0.6600 18.2000 85.1600 519.000000 0.000000 100.000000 68.000000
0.6700 18.1300 85.6800 520.000000 0.000000 100.000000 68.000000
0.6800 18.0800 86.1700 520.000000 0.000000 100.000000 69.000000
0.6900 18.0800 86.3800 512.000000 0.000000 100.000000 69.000000
0.7000 18.1300 86.3800 518.000000 0.000000 100.000000 69.000000
0.7100 18.2300 86.3800 529.000000 0.000000 100.000000 69.000000
0.7200 18.3600 86.1300 538.000000 0.000000 100.000000 69.000000
0.7300 18.5200 85.7700 545.000000 0.000000 100.000000 69.000000
0.7400 18.7100 85.3800 543.000000 0.000000 100.000000 69.000000
0.7500 18.9500 84.9800 539.000000 0.000000 100.000000 69.000000
0.7600 19.2800 84.7100 538.000000 0.000000 100.000000 69.000000
0.7700 19.4700 84.5300 518.000000 0.000000 100.000000 69.000000
0.7800 19.5700 84.3300 512.000000 0.000000 100.000000 69.000000
0.7900 19.5700 84.2200 526.000000 0.000000 100.000000 69.000000
0.8000 19.4900 84.1600 544.000000 0.000000 100.000000 69.000000
0.8100 19.3700 84.1600 566.000000 0.000000 100.000000 68.000000
0.8200 19.1200 84.0800 567.000000 0.000000 100.000000 68.000000
0.8300 18.8700 84.0100 570.000000 0.000000 100.000000 68.000000
0.8400 18.6700 83.9300 509.000000 0.000000 102.000000 68.000000
0.8500 18.5300 83.8700 245.000000 0.000000 102.000000 68.000000
0.8600 18.5300 83.8700 0.000000 1.000000 102.000000 67.000000
0.8700 18.6200 83.9700 0.000000 0.000000 102.000000 67.000000
0.8800 18.7700 84.0900 0.000000 0.000000 102.000000 67.000000
0.8900 18.9900 84.1900 0.000000 0.000000 102.000000 67.000000
0.9000 19.2700 84.1900 0.000000 0.000000 102.000000 67.000000
0.9100 19.5800 84.2700 0.000000 0.000000 102.000000 67.000000
0.9200 19.9000 84.3200 0.000000 0.000000 102.000000 67.000000
0.9300 20.2200 84.3800 0.000000 0.000000 101.000000 66.000000
0.9400 20.2900 84.4300 0.000000 0.000000 101.000000 66.000000
0.9500 20.1800 84.3500 0.000000 0.000000 102.000000 67.000000
0.9600 20.0200 84.2400 0.000000 0.000000 104.000000 66.000000
0.9700 20.0200 84.2400 317.000000 1.000000 104.000000 66.000000
0.9800 19.6700 84.0200 371.000000 0.000000 104.000000 66.000000
0.9900 19.4600 84.0200 452.000000 0.000000 104.000000 66.000000
1.0000 19.3700 83.9700 481.000000 0.000000 104.000000 66.000000
1.0100 19.3700 83.9200 492.000000 0.000000 106.000000 66.000000
1.0200 19.5300 83.7100 509.000000 0.000000 106.000000 66.000000
1.0300 19.6000 83.4000 535.000000 0.000000 106.000000 66.000000
1.0400 19.6700 83.0600 559.000000 0.000000 106.000000 66.000000
1.0500 19.6700 82.8000 581.000000 0.000000 106.000000 66.000000
1.0600 19.6700 82.6700 610.000000 0.000000 106.000000 66.000000
1.0700 19.5900 82.6000 646.000000 0.000000 106.000000 66.000000
1.0800 19.5900 82.6000 663.000000 0.000000 104.000000 66.000000
1.0900 19.4500 82.7100 676.000000 0.000000 104.000000 66.000000
1.1000 19.3000 82.8400 672.000000 0.000000 103.000000 65.000000
1.1100 19.1700 83.0900 664.000000 0.000000 103.000000 65.000000
1.1200 19.2200 83.5100 656.000000 0.000000 103.000000 65.000000
1.1300 19.4000 84.0500 641.000000 0.000000 103.000000 65.000000
1.1400 19.7200 84.6000 647.000000 0.000000 104.000000 66.000000
1.1500 20.0800 84.8500 641.000000 0.000000 104.000000 66.000000
1.1600 20.4800 84.9100 627.000000 0.000000 104.000000 66.000000
1.1700 20.8900 84.8600 625.000000 0.000000 104.000000 66.000000
1.1800 21.0600 84.5700 634.000000 0.000000 104.000000 66.000000
1.1900 21.1100 84.1200 653.000000 0.000000 104.000000 66.000000
1.2000 21.1100 83.5000 667.000000 0.000000 104.000000 66.000000
1.2100 20.9800 83.0000 676.000000 0.000000 105.000000 67.000000
1.2200 20.7700 82.5900 667.000000 0.000000 105.000000 67.000000
1.2300 20.5000 82.1900 649.000000 0.000000 105.000000 67.000000
1.2400 20.2400 81.9300 610.000000 0.000000 105.000000 67.000000
1.2500 20.0000 81.7700 542.000000 0.000000 104.000000 66.000000
1.2600 20.0000 81.7700 415.000000 0.000000 102.000000 67.000000
1.2700 20.0500 81.9300 247.000000 0.000000 102.000000 67.000000
1.2800 20.0500 81.9300 0.000000 1.000000 102.000000 67.000000
1.2900 20.4800 82.7600 0.000000 0.000000 102.000000 67.000000
1.3000 20.8100 83.2600 0.000000 0.000000 102.000000 67.000000
1.3100 21.1000 83.7200 0.000000 0.000000 101.000000 66.000000
1.3200 21.3900 84.1800 0.000000 0.000000 101.000000 66.000000
1.3300 21.6800 84.6300 0.000000 0.000000 101.000000 66.000000
1.3400 21.6800 84.6300 71.000000 1.000000 102.000000 67.000000
1.3500 21.7900 85.1300 327.000000 0.000000 104.000000 66.000000
1.3600 21.7000 85.1300 475.000000 0.000000 104.000000 66.000000
1.3700 21.6200 85.1300 578.000000 0.000000 104.000000 66.000000
1.3800 21.5500 85.0700 619.000000 0.000000 105.000000 67.000000
1.3900 21.4600 85.0100 637.000000 0.000000 105.000000 67.000000
1.4000 21.4100 84.6600 646.000000 0.000000 105.000000 67.000000
1.4100 21.4100 84.1400 643.000000 0.000000 105.000000 67.000000
1.4200 21.4600 83.8200 647.000000 0.000000 105.000000 67.000000
1.4300 21.6000 83.5600 627.000000 0.000000 105.000000 67.000000
1.4400 21.8100 83.3500 610.000000 0.000000 105.000000 67.000000
1.4500 22.0500 83.3500 611.000000 0.000000 105.000000 67.000000
1.4600 22.3400 83.4100 603.000000 0.000000 105.000000 67.000000
1.4700 22.5500 83.5600 580.000000 0.000000 105.000000 67.000000
1.4800 22.7100 83.7500 512.000000 0.000000 105.000000 68.000000
1.4900 22.7800 84.0200 413.000000 0.000000 105.000000 68.000000
1.5000 22.7800 84.3500 274.000000 0.000000 105.000000 68.000000
1.5100 22.7100 84.5200 132.000000 0.000000 105.000000 68.000000
1.5200 22.5700 84.6500 60.000000 0.000000 103.000000 69.000000
1.5300 22.3500 84.6500 22.000000 0.000000 103.000000 69.000000
1.5400 22.0700 84.6500 17.000000 0.000000 103.000000 69.000000
1.5500 21.7500 84.4400 88.000000 0.000000 103.000000 69.000000
1.5600 21.3900 84.2100 195.000000 0.000000 103.000000 69.000000
1.5700 20.9900 83.9300 315.000000 0.000000 102.000000 68.000000
1.5800 20.9100 83.8800 423.000000 0.000000 102.000000 68.000000
1.5900 20.9800 84.0000 480.000000 0.000000 102.000000 68.000000
1.6000 21.1500 84.1800 536.000000 0.000000 102.000000 67.000000
1.6100 21.5000 84.5100 557.000000 0.000000 102.000000 67.000000
1.6200 21.8000 84.9500 561.000000 0.000000 102.000000 67.000000
1.6300 22.0700 85.4900 546.000000 0.000000 102.000000 67.000000
1.6400 22.2100 85.7900 519.000000 0.000000 102.000000 67.000000
1.6500 22.3600 85.9300 483.000000 0.000000 102.000000 68.000000
1.6600 22.4100 86.0100 447.000000 0.000000 102.000000 68.000000
1.6700 22.4100 86.0700 438.000000 0.000000 102.000000 68.000000
1.6800 22.4100 86.0700 440.000000 0.000000 102.000000 68.000000
1.6900 22.4100 85.9300 468.000000 0.000000 102.000000 68.000000
1.7000 22.4100 85.9300 546.000000 0.000000 102.000000 68.000000
1.7100 22.5100 85.8600 592.000000 0.000000 103.000000 69.000000
1.7200 22.5900 85.8600 631.000000 0.000000 103.000000 69.000000
1.7300 22.5900 85.8600 636.000000 0.000000 103.000000 69.000000
1.7400 22.6500 85.8600 636.000000 0.000000 103.000000 69.000000
1.7500 22.6500 85.8600 585.000000 0.000000 103.000000 69.000000
1.7600 22.7300 86.0100 491.000000 0.000000 103.000000 69.000000
1.7700 22.7300 86.1700 304.000000 0.000000 103.000000 69.000000
1.7800 22.7900 86.3300 66.000000 0.000000 103.000000 69.000000
1.7900 22.7900 86.3300 0.000000 1.000000 103.000000 69.000000
1.8000 22.8400 86.4400 0.000000 0.000000 103.000000 69.000000
1.8100 22.8400 86.4400 93.000000 1.000000 103.000000 69.000000
1.8200 22.8500 86.1900 279.000000 0.000000 103.000000 69.000000
1.8300 22.7300 86.0900 464.000000 0.000000 102.000000 68.000000
1.8400 22.6400 85.9800 586.000000 0.000000 102.000000 68.000000
1.8500 22.5600 85.9100 645.000000 0.000000 102.000000 68.000000
1.8600 22.5600 85.9100 663.000000 0.000000 102.000000 68.000000
1.8700 22.5600 85.9100 678.000000 0.000000 103.000000 69.000000
1.8800 22.6100 85.9100 675.000000 0.000000 103.000000 69.000000
1.8900 22.6100 85.9100 684.000000 0.000000 103.000000 69.000000
1.9000 22.6900 85.7600 699.000000 0.000000 103.000000 69.000000
1.9100 22.7500 85.4600 719.000000 0.000000 100.000000 69.000000
1.9200 22.8100 85.0400 728.000000 0.000000 100.000000 69.000000
1.9300 22.8800 84.6900 733.000000 0.000000 100.000000 69.000000
1.9400 22.8800 84.4400 719.000000 0.000000 100.000000 69.000000
1.9500 22.8800 84.2600 705.000000 0.000000 100.000000 69.000000
1.9600 22.9900 84.2100 687.000000 0.000000 101.000000 70.000000
1.9700 23.1600 84.2100 685.000000 0.000000 101.000000 70.000000
1.9800 23.3200 84.2600 682.000000 0.000000 101.000000 70.000000
1.9900 23.4700 84.4100 679.000000 0.000000 101.000000 70.000000
2.0000 23.6700 84.5900 669.000000 0.000000 101.000000 70.000000
2.0100 23.7800 84.7900 647.000000 0.000000 101.000000 70.000000
2.0200 23.8400 84.9500 569.000000 0.000000 104.000000 69.000000
2.0300 23.8400 85.1100 292.000000 0.000000 103.000000 69.000000
2.0400 23.8400 85.1100 0.000000 1.000000 100.000000 69.000000
2.0500 23.7500 85.3600 0.000000 0.000000 100.000000 69.000000
2.0600 23.7500 85.3600 0.000000 0.000000 100.000000 69.000000
2.0700 23.8400 85.4300 0.000000 0.000000 100.000000 69.000000
2.0800 24.0200 85.5300 0.000000 0.000000 100.000000 69.000000
2.0900 24.2800 85.5800 0.000000 0.000000 103.000000 69.000000
2.1000 24.7700 85.5800 0.000000 0.000000 104.000000 69.000000
2.1100 25.1300 85.7300 0.000000 0.000000 104.000000 69.000000
2.1200 25.4000 85.8900 0.000000 0.000000 104.000000 69.000000
2.1300 25.6400 85.7200 0.000000 0.000000 107.000000 70.000000
2.1400 25.6400 85.7200 0.000000 0.000000 107.000000 70.000000
2.1500 25.4700 85.2700 0.000000 0.000000 108.000000 71.000000
2.1600 25.2000 84.9700 0.000000 0.000000 111.000000 71.000000
2.1700 24.9200 84.6000 0.000000 0.000000 111.000000 71.000000
2.1800 24.6400 84.1800 0.000000 0.000000 111.000000 71.000000
2.1900 24.3800 83.7600 0.000000 0.000000 111.000000 71.000000
2.2000 24.1700 83.3500 0.000000 0.000000 107.000000 70.000000
2.2100 24.1700 83.3500 18.000000 1.000000 106.000000 69.000000
2.2200 24.0400 82.9500 132.000000 0.000000 105.000000 68.000000
2.2300 24.1500 82.9500 273.000000 0.000000 103.000000 69.000000
2.2400 24.3300 83.0000 397.000000 0.000000 102.000000 68.000000
2.2500 24.4900 83.1000 504.000000 0.000000 102.000000 68.000000
2.2600 24.6400 83.3800 529.000000 0.000000 102.000000 68.000000
2.2700 24.7600 83.8400 550.000000 0.000000 102.000000 68.000000
2.2800 24.8800 84.4300 560.000000 0.000000 102.000000 68.000000
2.2900 24.9900 85.1900 583.000000 0.000000 100.000000 69.000000
2.3000 25.1100 86.0100 580.000000 0.000000 100.000000 69.000000
2.3100 25.1100 86.8800 580.000000 0.000000 100.000000 69.000000
2.3200 24.9800 87.8100 567.000000 0.000000 101.000000 70.000000
2.3300 24.8400 88.7100 564.000000 0.000000 101.000000 70.000000
2.3400 24.7300 89.1000 563.000000 0.000000 101.000000 70.000000
2.3500 24.7300 89.1600 569.000000 0.000000 104.000000 69.000000
2.3600 24.6600 89.1600 577.000000 0.000000 104.000000 69.000000
2.3700 24.6600 89.0300 581.000000 0.000000 106.000000 69.000000
2.3800 24.6600 88.8000 595.000000 0.000000 106.000000 69.000000
2.3900 24.6600 88.2700 616.000000 0.000000 108.000000 68.000000
2.4000 24.6600 87.7100 622.000000 0.000000 108.000000 68.000000
2.4100 24.7600 87.1300 630.000000 0.000000 108.000000 68.000000
2.4200 24.9100 86.5600 628.000000 0.000000 105.000000 68.000000
2.4300 25.1800 86.1200 611.000000 0.000000 105.000000 68.000000
2.4400 25.5100 86.0000 616.000000 0.000000 106.000000 69.000000
2.4500 25.8200 86.0900 606.000000 0.000000 104.000000 69.000000
2.4600 26.0200 86.3300 606.000000 0.000000 104.000000 69.000000
2.4700 26.1400 86.7200 606.000000 0.000000 101.000000 70.000000
2.4800 26.1900 87.2000 606.000000 0.000000 101.000000 70.000000
2.4900 26.1900 87.7300 609.000000 0.000000 101.000000 71.000000
2.5000 26.0600 88.2300 617.000000 0.000000 101.000000 71.000000
2.5100 25.9200 88.6800 619.000000 0.000000 101.000000 71.000000
2.5200 25.8100 88.9000 611.000000 0.000000 101.000000 71.000000
2.5300 25.7500 88.9700 613.000000 0.000000 104.000000 70.000000
2.5400 25.7500 88.8500 622.000000 0.000000 104.000000 70.000000
2.5500 25.8300 88.4600 634.000000 0.000000 107.000000 70.000000
2.5600 25.9600 87.9000 647.000000 0.000000 107.000000 70.000000
2.5700 26.0600 87.0700 647.000000 0.000000 107.000000 70.000000
2.5800 26.1500 86.3800 644.000000 0.000000 107.000000 70.000000
2.5900 26.3200 85.7900 625.000000 0.000000 107.000000 70.000000
2.6000 26.5500 85.4800 588.000000 0.000000 107.000000 70.000000
2.6100 26.7800 85.4000 515.000000 0.000000 104.000000 70.000000
2.6200 26.9200 85.4700 359.000000 0.000000 104.000000 69.000000
2.6300 27.0000 85.7900 80.000000 0.000000 103.000000 69.000000
2.6400 27.0000 85.7900 0.000000 1.000000 103.000000 69.000000
2.6500 27.0800 86.8400 0.000000 0.000000 102.000000 68.000000
2.6600 26.9800 87.3300 0.000000 0.000000 102.000000 67.000000
2.6700 26.9800 87.3300 146.000000 1.000000 102.000000 67.000000
2.6800 26.8500 88.2000 282.000000 0.000000 101.000000 66.000000
2.6900 26.8500 88.4500 428.000000 0.000000 101.000000 66.000000
2.7000 26.8500 88.6000 535.000000 0.000000 101.000000 66.000000
2.7100 26.9100 88.5400 594.000000 0.000000 101.000000 66.000000
2.7200 26.9100 88.4600 631.000000 0.000000 101.000000 66.000000
2.7300 26.9700 88.3500 653.000000 0.000000 103.000000 65.000000
2.7400 27.0400 88.1200 667.000000 0.000000 103.000000 65.000000
2.7500 27.1400 87.8000 684.000000 0.000000 103.000000 65.000000
2.7600 27.3000 87.2300 678.000000 0.000000 103.000000 65.000000
2.7700 27.3900 86.8200 676.000000 0.000000 103.000000 65.000000
2.7800 27.3900 86.5200 670.000000 0.000000 101.000000 66.000000
2.7900 27.5000 86.3300 668.000000 0.000000 101.000000 66.000000
2.8000 27.5000 86.2700 673.000000 0.000000 101.000000 66.000000
2.8100 27.5000 86.2700 666.000000 0.000000 102.000000 67.000000
2.8200 27.5000 86.3400 678.000000 0.000000 102.000000 67.000000
2.8300 27.4400 86.4900 678.000000 0.000000 102.000000 67.000000
2.8400 27.3800 86.7200 673.000000 0.000000 102.000000 67.000000
2.8500 27.2800 87.0900 667.000000 0.000000 102.000000 67.000000
2.8600 27.1400 87.5900 652.000000 0.000000 102.000000 67.000000
2.8700 27.0600 88.1700 638.000000 0.000000 102.000000 67.000000
2.8800 27.0000 88.5100 639.000000 0.000000 102.000000 67.000000
2.8900 27.0000 88.6600 636.000000 0.000000 102.000000 67.000000
2.9000 27.1800 88.6600 652.000000 0.000000 102.000000 67.000000
2.9100 27.4500 88.7200 673.000000 0.000000 102.000000 67.000000
2.9200 27.6600 88.5200 682.000000 0.000000 104.000000 66.000000
2.9300 27.8100 88.1600 691.000000 0.000000 104.000000 66.000000
2.9400 27.9300 87.8900 694.000000 0.000000 104.000000 66.000000
2.9500 28.0100 87.5900 694.000000 0.000000 105.000000 67.000000
2.9600 28.0700 87.4000 684.000000 0.000000 105.000000 67.000000
2.9700 28.1200 87.3000 678.000000 0.000000 102.000000 68.000000
2.9800 28.1200 87.2100 669.000000 0.000000 102.000000 68.000000
2.9900 28.1800 87.2100 667.000000 0.000000 103.000000 69.000000
3.0000 28.1800 87.2100 652.000000 0.000000 103.000000 69.000000
3.0100 28.0700 87.2100 611.000000 0.000000 103.000000 69.000000
3.0200 28.0200 87.2100 512.000000 0.000000 103.000000 69.000000
3.0300 28.0200 87.1300 305.000000 0.000000 103.000000 69.000000
3.0400 27.9600 87.1300 41.000000 0.000000 102.000000 68.000000
3.0500 27.9600 87.1300 0.000000 1.000000 102.000000 68.000000
3.0600 28.0400 87.2600 0.000000 0.000000 102.000000 68.000000
3.0700 28.1100 87.4100 0.000000 0.000000 102.000000 68.000000
3.0800 28.2000 87.6000 0.000000 0.000000 102.000000 68.000000
3.0900 28.3000 87.8100 0.000000 0.000000 102.000000 68.000000
3.1000 28.4100 88.0200 0.000000 0.000000 102.000000 68.000000
3.1100 28.5000 88.2200 0.000000 0.000000 102.000000 68.000000
3.1200 28.5600 88.4000 0.000000 0.000000 104.000000 66.000000
3.1300 28.5600 88.5600 0.000000 0.000000 104.000000 66.000000
3.1400 28.5600 88.5600 0.000000 0.000000 104.000000 66.000000
3.1500 28.5600 88.5100 0.000000 0.000000 105.000000 65.000000
3.1600 28.5100 88.3400 0.000000 0.000000 105.000000 65.000000
3.1700 28.3700 88.1500 0.000000 0.000000 105.000000 65.000000
3.1800 28.0800 87.9100 0.000000 0.000000 108.000000 65.000000
3.1900 27.7900 87.6300 0.000000 0.000000 108.000000 65.000000
3.2000 27.5100 87.3600 0.000000 0.000000 108.000000 65.000000
3.2100 27.5100 87.3600 143.000000 1.000000 106.000000 66.000000
3.2200 27.5100 87.3600 249.000000 0.000000 106.000000 66.000000
3.2300 27.5100 87.3600 361.000000 0.000000 106.000000 66.000000
3.2400 27.5100 87.3600 440.000000 0.000000 104.000000 66.000000
3.2500 27.5100 87.3600 514.000000 0.000000 104.000000 66.000000
3.2600 27.5100 87.3600 536.000000 0.000000 105.000000 67.000000
3.2700 27.7600 87.4600 554.000000 0.000000 105.000000 67.000000
3.2800 27.8600 87.6600 556.000000 0.000000 105.000000 67.000000
3.2900 27.9600 87.9400 539.000000 0.000000 105.000000 67.000000
3.3000 28.1300 88.2000 520.000000 0.000000 105.000000 67.000000
3.3100 28.3200 88.4400 473.000000 0.000000 105.000000 67.000000
3.3200 28.5300 88.6400 456.000000 0.000000 105.000000 68.000000
3.3300 28.6500 88.8300 458.000000 0.000000 105.000000 68.000000
3.3400 28.7200 88.9600 488.000000 0.000000 108.000000 68.000000
3.3500 28.7200 89.0500 548.000000 0.000000 108.000000 68.000000
3.3600 28.7200 89.0500 602.000000 0.000000 110.000000 68.000000
3.3700 28.7200 88.9900 617.000000 0.000000 109.000000 67.000000
3.3800 28.6600 88.8600 628.000000 0.000000 109.000000 67.000000
3.3900 28.6100 88.7100 636.000000 0.000000 111.000000 67.000000
3.4000 28.5600 88.4900 661.000000 0.000000 109.000000 67.000000
3.4100 28.7500 88.1500 669.000000 0.000000 109.000000 67.000000
3.4200 28.9500 87.7600 676.000000 0.000000 109.000000 67.000000
3.4300 29.0700 87.4000 679.000000 0.000000 107.000000 67.000000
3.4400 29.1300 87.1700 675.000000 0.000000 107.000000 67.000000
3.4500 29.2200 87.0200 676.000000 0.000000 105.000000 67.000000
3.4600 29.2200 87.0200 685.000000 0.000000 105.000000 67.000000
3.4700 29.2200 87.1200 691.000000 0.000000 105.000000 68.000000
3.4800 29.2200 87.2600 682.000000 0.000000 105.000000 68.000000
3.4900 29.1100 87.6800 685.000000 0.000000 105.000000 68.000000
3.5000 29.0300 88.0700 687.000000 0.000000 105.000000 68.000000
3.5100 29.1800 88.6000 685.000000 0.000000 105.000000 68.000000
3.5200 29.3700 89.2200 687.000000 0.000000 105.000000 68.000000
3.5300 29.6200 89.6500 693.000000 0.000000 105.000000 68.000000
3.5400 29.8600 89.8800 693.000000 0.000000 105.000000 67.000000
3.5500 30.0000 89.9800 711.000000 0.000000 107.000000 67.000000
3.5600 30.0800 89.8800 737.000000 0.000000 107.000000 67.000000
3.5700 30.0800 89.8300 776.000000 0.000000 107.000000 67.000000
3.5800 30.0800 89.8300 809.000000 0.000000 109.000000 67.000000
3.5900 30.0800 89.8300 817.000000 0.000000 110.000000 68.000000
3.6000 29.8600 89.8300 832.000000 0.000000 110.000000 68.000000
3.6100 29.5900 89.9400 814.000000 0.000000 110.000000 68.000000
3.6200 29.2600 90.0800 773.000000 0.000000 110.000000 68.000000
3.6300 28.6400 90.1700 727.000000 0.000000 111.000000 69.000000
3.6400 27.6400 89.7700 696.000000 0.000000 111.000000 69.000000
3.6500 26.3900 89.0700 697.000000 0.000000 111.000000 69.000000
3.6600 24.7000 88.0400 710.000000 0.000000 112.000000 70.000000
3.6700 23.0900 86.9200 742.000000 0.000000 112.000000 70.000000
3.6800 21.5400 85.7500 751.000000 0.000000 112.000000 70.000000
3.6900 20.6300 84.7800 759.000000 0.000000 113.000000 71.000000
3.7000 20.1100 84.0200 751.000000 0.000000 113.000000 71.000000
3.7100 19.8600 83.4000 731.000000 0.000000 113.000000 71.000000
3.7200 20.0700 83.1200 722.000000 0.000000 113.000000 71.000000
3.7300 20.7800 83.1200 725.000000 0.000000 113.000000 71.000000
3.7400 21.8100 83.2700 724.000000 0.000000 116.000000 70.000000
3.7500 23.2100 84.0000 724.000000 0.000000 115.000000 69.000000
3.7600 24.7000 84.8500 724.000000 0.000000 116.000000 70.000000
3.7700 26.2600 85.7700 719.000000 0.000000 116.000000 70.000000
3.7800 27.1400 86.4600 720.000000 0.000000 116.000000 70.000000
3.7900 27.3700 86.7000 771.000000 0.000000 116.000000 70.000000
3.8000 27.1700 86.6500 774.000000 0.000000 116.000000 70.000000
3.8100 26.4500 86.3600 762.000000 0.000000 116.000000 70.000000
3.8200 25.1700 85.6100 763.000000 0.000000 116.000000 70.000000
3.8300 23.5100 84.5500 739.000000 0.000000 117.000000 71.000000
3.8400 21.4800 83.1100 745.000000 0.000000 117.000000 71.000000
3.8500 19.3600 81.5800 743.000000 0.000000 117.000000 71.000000
3.8600 17.1800 79.9800 770.000000 0.000000 116.000000 70.000000
3.8700 16.0700 78.9000 749.000000 0.000000 120.000000 71.000000
3.8800 15.8400 78.4300 748.000000 0.000000 120.000000 71.000000
3.8900 16.1900 78.3700 751.000000 0.000000 120.000000 71.000000
3.9000 17.2400 78.7700 759.000000 0.000000 120.000000 71.000000
3.9100 18.9600 79.7500 788.000000 0.000000 120.000000 71.000000
3.9200 21.1300 81.1300 794.000000 0.000000 122.000000 70.000000
3.9300 23.8000 82.7300 805.000000 0.000000 121.000000 69.000000
3.9400 26.5300 84.3800 793.000000 0.000000 121.000000 69.000000
3.9500 29.3000 86.0700 771.000000 0.000000 121.000000 69.000000
3.9600 31.4500 87.3600 691.000000 0.000000 118.000000 70.000000
3.9700 32.9400 88.1500 504.000000 0.000000 118.000000 70.000000
3.9800 33.9800 88.6100 53.000000 0.000000 118.000000 70.000000
3.9900 33.9800 88.6100 0.000000 1.000000 118.000000 70.000000
4.0000 33.7000 88.2600 0.000000 0.000000 116.000000 70.000000
4.0100 32.7700 87.5700 0.000000 0.000000 115.000000 69.000000
4.0200 31.3400 86.6300 0.000000 0.000000 115.000000 69.000000
4.0300 29.7900 85.4700 0.000000 0.000000 115.000000 69.000000
4.0400 28.1600 84.1600 0.000000 0.000000 114.000000 68.000000
4.0500 26.5600 82.8500 0.000000 0.000000 116.000000 68.000000
4.0600 25.1000 81.7900 0.000000 0.000000 114.000000 68.000000
4.0700 24.0800 80.9000 0.000000 0.000000 114.000000 68.000000
4.0800 23.3100 80.2200 0.000000 0.000000 114.000000 68.000000
4.0900 22.8500 79.8600 0.000000 0.000000 111.000000 69.000000
4.1000 22.5400 79.7100 0.000000 0.000000 111.000000 69.000000
4.1100 22.3400 79.7100 0.000000 0.000000 108.000000 68.000000
4.1200 22.1300 79.8200 0.000000 0.000000 105.000000 68.000000
4.1300 21.9200 79.9500 0.000000 0.000000 105.000000 68.000000
4.1400 21.7600 80.1400 0.000000 0.000000 103.000000 69.000000
4.1500 21.6400 80.3300 0.000000 0.000000 102.000000 68.000000
4.1600 21.5600 80.5200 0.000000 0.000000 102.000000 68.000000
4.1700 21.5600 80.5200 292.000000 1.000000 105.000000 67.000000
4.1800 21.5600 80.5200 317.000000 0.000000 105.000000 67.000000
4.1900 21.5600 80.5200 427.000000 0.000000 107.000000 67.000000
4.2000 21.5600 80.5200 517.000000 0.000000 107.000000 67.000000
4.2100 21.7400 80.0800 553.000000 0.000000 108.000000 68.000000
4.2200 21.8100 79.6400 578.000000 0.000000 110.000000 68.000000
4.2300 21.8600 79.1400 589.000000 0.000000 110.000000 68.000000
4.2400 21.8600 78.7700 594.000000 0.000000 111.000000 69.000000
4.2500 21.9400 78.4800 592.000000 0.000000 111.000000 69.000000
4.2600 21.9400 78.3900 586.000000 0.000000 111.000000 69.000000
4.2700 21.9400 78.4500 589.000000 0.000000 111.000000 69.000000
4.2800 21.9400 78.6100 589.000000 0.000000 111.000000 69.000000
4.2900 21.9400 79.0200 583.000000 0.000000 111.000000 69.000000
4.3000 22.0300 79.6100 586.000000 0.000000 111.000000 69.000000
4.3100 22.1100 80.3300 583.000000 0.000000 111.000000 69.000000
4.3200 22.3500 81.0200 580.000000 0.000000 111.000000 69.000000
4.3300 22.6800 81.6800 567.000000 0.000000 114.000000 68.000000
4.3400 23.0700 82.0500 561.000000 0.000000 114.000000 68.000000
4.3500 23.2800 82.2300 561.000000 0.000000 114.000000 68.000000
4.3600 23.4100 82.2300 569.000000 0.000000 114.000000 68.000000
4.3700 23.4800 81.9700 575.000000 0.000000 115.000000 69.000000
4.3800 23.4800 81.6000 588.000000 0.000000 115.000000 69.000000
4.3900 23.3000 81.0600 589.000000 0.000000 115.000000 69.000000
4.4000 23.0300 80.6000 586.000000 0.000000 115.000000 69.000000
4.4100 22.8300 80.2000 570.000000 0.000000 115.000000 69.000000
4.4200 22.7800 80.0000 561.000000 0.000000 115.000000 69.000000
4.4300 22.7800 80.0000 557.000000 0.000000 112.000000 70.000000
4.4400 23.0300 80.0000 554.000000 0.000000 112.000000 70.000000
4.4500 23.3700 80.1200 556.000000 0.000000 112.000000 70.000000
4.4600 23.8200 80.2300 556.000000 0.000000 110.000000 70.000000
4.4700 24.2300 80.4300 556.000000 0.000000 110.000000 70.000000
4.4800 24.6600 80.6800 561.000000 0.000000 110.000000 70.000000
4.4900 24.9200 80.8000 570.000000 0.000000 110.000000 70.000000
4.5000 25.0700 80.9900 567.000000 0.000000 112.000000 70.000000
4.5100 25.0700 81.2400 586.000000 0.000000 112.000000 70.000000
4.5200 25.0700 81.4700 589.000000 0.000000 112.000000 70.000000
4.5300 25.0200 81.7300 588.000000 0.000000 112.000000 70.000000
4.5400 24.8300 82.0200 588.000000 0.000000 113.000000 71.000000
4.5500 24.6100 82.1000 578.000000 0.000000 113.000000 71.000000
4.5600 24.3800 82.0400 575.000000 0.000000 116.000000 70.000000
4.5700 24.1300 81.8900 581.000000 0.000000 116.000000 70.000000
4.5800 23.8900 81.6300 589.000000 0.000000 116.000000 70.000000
4.5900 23.8900 81.2900 586.000000 0.000000 116.000000 70.000000
4.6000 23.9600 80.9600 595.000000 0.000000 115.000000 69.000000
4.6100 24.1400 80.7500 594.000000 0.000000 115.000000 69.000000
4.6200 24.4300 80.6300 592.000000 0.000000 115.000000 69.000000
4.6300 24.7800 80.6300 595.000000 0.000000 115.000000 69.000000
4.6400 25.1200 80.7200 585.000000 0.000000 115.000000 69.000000
4.6500 25.3100 80.9300 585.000000 0.000000 115.000000 69.000000
4.6600 25.4100 81.2100 585.000000 0.000000 116.000000 70.000000
4.6700 25.3300 81.4800 586.000000 0.000000 116.000000 70.000000
4.6800 25.1400 81.7500 591.000000 0.000000 116.000000 70.000000
4.6900 24.8800 81.9100 578.000000 0.000000 116.000000 70.000000
4.7000 24.6900 82.0500 567.000000 0.000000 116.000000 70.000000
4.7100 24.5400 82.0500 512.000000 0.000000 116.000000 70.000000
4.7200 24.4700 81.9900 354.000000 0.000000 116.000000 70.000000
4.7300 24.5300 81.9900 81.000000 0.000000 116.000000 70.000000
4.7400 24.5300 81.9900 0.000000 1.000000 116.000000 70.000000
4.7500 24.8000 81.9900 0.000000 0.000000 116.000000 70.000000
4.7600 24.9400 82.0600 0.000000 0.000000 116.000000 70.000000
4.7700 25.1300 82.1600 0.000000 0.000000 115.000000 69.000000
4.7800 25.3800 82.3400 0.000000 0.000000 115.000000 69.000000
4.7900 25.3800 82.3400 131.000000 1.000000 115.000000 69.000000
4.8000 25.7700 82.5900 282.000000 0.000000 115.000000 69.000000
4.8100 25.8700 82.6400 410.000000 0.000000 115.000000 69.000000
4.8200 25.7200 82.6400 510.000000 0.000000 116.000000 70.000000
4.8300 25.7200 82.6400 570.000000 0.000000 118.000000 70.000000
4.8400 25.7200 82.4800 592.000000 0.000000 118.000000 70.000000
4.8500 25.8700 82.3000 594.000000 0.000000 118.000000 70.000000
4.8600 25.9500 82.1000 602.000000 0.000000 120.000000 71.000000
4.8700 26.0100 81.9200 597.000000 0.000000 120.000000 71.000000
4.8800 26.0600 81.7400 594.000000 0.000000 120.000000 71.000000
4.8900 26.0100 81.6400 594.000000 0.000000 120.000000 71.000000
4.9000 25.9600 81.5700 595.000000 0.000000 120.000000 71.000000
4.9100 25.8100 81.6200 581.000000 0.000000 120.000000 71.000000
4.9200 25.6000 81.7400 574.000000 0.000000 120.000000 71.000000
4.9300 25.4700 81.9200 570.000000 0.000000 120.000000 71.000000
4.9400 25.3600 82.1500 574.000000 0.000000 120.000000 71.000000
4.9500 25.3100 82.4200 577.000000 0.000000 120.000000 71.000000
4.9600 25.4200 82.7300 580.000000 0.000000 120.000000 71.000000
4.9700 25.6300 82.9700 583.000000 0.000000 120.000000 71.000000
4.9800 25.9800 83.1900 592.000000 0.000000 120.000000 71.000000
4.9900 26.3800 83.3700 592.000000 0.000000 120.000000 71.000000
5.0000 26.8300 83.4800 595.000000 0.000000 120.000000 71.000000
5.0100 27.2700 83.3500 585.000000 0.000000 120.000000 71.000000
5.0200 27.4900 83.0500 599.000000 0.000000 120.000000 71.000000
5.0300 27.5600 82.6800 606.000000 0.000000 118.000000 70.000000
5.0400 27.4600 82.2900 628.000000 0.000000 118.000000 70.000000
5.0500 27.2100 81.8900 641.000000 0.000000 118.000000 70.000000
5.0600 26.8600 81.6000 652.000000 0.000000 118.000000 70.000000
5.0700 26.5500 81.3900 646.000000 0.000000 118.000000 70.000000
5.0800 26.3000 81.3200 647.000000 0.000000 118.000000 70.000000
5.0900 26.2200 81.3700 585.000000 0.000000 118.000000 70.000000
5.1000 26.2200 81.4900 499.000000 0.000000 116.000000 70.000000
5.1100 26.2200 81.6700 305.000000 0.000000 116.000000 70.000000
5.1200 26.3400 81.9400 51.000000 0.000000 116.000000 70.000000
5.1300 26.3400 81.9400 0.000000 1.000000 116.000000 70.000000
5.1400 26.8400 82.5500 0.000000 0.000000 116.000000 70.000000
5.1500 27.1500 82.8200 0.000000 0.000000 116.000000 70.000000
5.1600 27.4600 83.1100 0.000000 0.000000 118.000000 70.000000
5.1700 27.4600 83.1100 101.000000 1.000000 118.000000 70.000000
5.1800 27.8900 83.6400 270.000000 0.000000 118.000000 70.000000
5.1900 27.9700 83.8300 433.000000 0.000000 118.000000 70.000000
5.2000 27.8400 83.9400 516.000000 0.000000 118.000000 70.000000
5.2100 27.8400 84.0100 563.000000 0.000000 118.000000 70.000000
5.2200 27.8400 84.0100 580.000000 0.000000 118.000000 70.000000
5.2300 27.8400 83.9100 584.000000 0.000000 121.000000 69.000000
5.2400 27.9100 83.7000 589.000000 0.000000 121.000000 69.000000
5.2500 27.9800 83.4100 591.000000 0.000000 121.000000 69.000000
5.2600 27.9800 83.0400 592.000000 0.000000 121.000000 69.000000
5.2700 27.8800 82.6200 589.000000 0.000000 121.000000 69.000000
5.2800 27.8200 82.3800 592.000000 0.000000 118.000000 70.000000
5.2900 27.7500 82.2700 591.000000 0.000000 118.000000 70.000000
5.3000 27.6800 82.2700 591.000000 0.000000 118.000000 70.000000
5.3100 27.6800 82.4900 588.000000 0.000000 118.000000 70.000000
5.3200 27.6200 82.7800 586.000000 0.000000 118.000000 70.000000
5.3300 27.6200 83.2400 586.000000 0.000000 118.000000 70.000000
5.3400 27.7100 83.7100 584.000000 0.000000 118.000000 70.000000
5.3500 27.8900 84.2000 581.000000 0.000000 118.000000 70.000000
5.3600 28.1000 84.6400 586.000000 0.000000 118.000000 70.000000
5.3700 28.3500 84.8800 580.000000 0.000000 118.000000 70.000000
5.3800 28.5800 84.9800 575.000000 0.000000 118.000000 70.000000
5.3900 28.7700 84.9000 581.000000 0.000000 121.000000 69.000000
5.4000 28.8600 84.6300 586.000000 0.000000 119.000000 68.000000
5.4100 28.8600 84.2300 588.000000 0.000000 119.000000 68.000000
5.4200 28.8600 83.7800 588.000000 0.000000 119.000000 68.000000
5.4300 28.6800 83.3400 589.000000 0.000000 119.000000 68.000000
5.4400 28.5700 83.0900 578.000000 0.000000 119.000000 68.000000
5.4500 28.4900 82.9600 578.000000 0.000000 121.000000 69.000000
5.4600 28.5900 82.8500 580.000000 0.000000 121.000000 69.000000
5.4700 28.7400 82.8500 580.000000 0.000000 121.000000 69.000000
5.4800 28.9800 82.8500 575.000000 0.000000 121.000000 69.000000
5.4900 29.3000 82.8500 546.000000 0.000000 121.000000 69.000000
5.5000 29.5900 83.0400 474.000000 0.000000 121.000000 69.000000
5.5100 29.8500 83.2400 325.000000 0.000000 121.000000 69.000000
5.5200 30.0000 83.4600 46.000000 0.000000 121.000000 69.000000
5.5300 30.0000 83.4600 0.000000 1.000000 117.000000 69.000000
5.5400 30.3400 84.3500 0.000000 0.000000 117.000000 69.000000
5.5500 30.4600 84.8800 0.000000 0.000000 117.000000 69.000000
5.5600 30.5100 85.3900 0.000000 0.000000 117.000000 69.000000
5.5700 30.5700 85.9000 0.000000 0.000000 117.000000 69.000000
5.5800 30.5700 85.9000 226.000000 1.000000 117.000000 69.000000
5.5900 30.6200 86.3300 315.000000 0.000000 116.000000 68.000000
5.6000 30.6200 86.3300 469.000000 0.000000 116.000000 68.000000
5.6100 30.4000 86.3800 537.000000 0.000000 116.000000 68.000000
5.6200 30.3100 86.3800 563.000000 0.000000 115.000000 67.000000
5.6300 30.3100 86.1900 592.000000 0.000000 115.000000 67.000000
5.6400 30.2400 85.9000 586.000000 0.000000 115.000000 67.000000
5.6500 30.2400 85.5200 594.000000 0.000000 115.000000 67.000000
5.6600 30.3000 84.9900 594.000000 0.000000 115.000000 67.000000
5.6700 30.3700 84.4300 577.000000 0.000000 115.000000 67.000000
5.6800 30.4600 84.0900 519.000000 0.000000 116.000000 68.000000
5.6900 30.5900 83.9000 397.000000 0.000000 116.000000 68.000000
5.7000 30.7800 83.8300 212.000000 0.000000 116.000000 68.000000
5.7100 30.7800 83.8300 0.000000 1.000000 116.000000 68.000000
5.7200 31.3100 84.2000 0.000000 0.000000 116.000000 68.000000
5.7300 31.7100 84.6500 0.000000 0.000000 116.000000 68.000000
5.7400 32.0500 85.1600 0.000000 0.000000 116.000000 68.000000
5.7500 32.3000 85.7000 0.000000 0.000000 116.000000 68.000000
5.7600 32.3000 85.7000 180.000000 1.000000 116.000000 68.000000
5.7700 32.6400 86.5300 317.000000 0.000000 116.000000 68.000000
5.7800 32.6400 86.8500 458.000000 0.000000 116.000000 68.000000
5.7900 32.4500 87.0100 565.000000 0.000000 116.000000 68.000000
5.8000 32.3500 87.0600 588.000000 0.000000 115.000000 67.000000
5.8100 32.2200 87.0000 613.000000 0.000000 115.000000 67.000000
5.8200 32.0100 86.9000 610.000000 0.000000 115.000000 67.000000
5.8300 31.7400 86.7300 620.000000 0.000000 115.000000 67.000000
5.8400 31.5400 86.4400 622.000000 0.000000 115.000000 67.000000
5.8500 31.3700 86.0700 631.000000 0.000000 115.000000 67.000000
5.8600 31.2900 85.6700 636.000000 0.000000 115.000000 67.000000
5.8700 31.2900 85.2300 634.000000 0.000000 115.000000 67.000000
5.8800 31.3800 84.9300 631.000000 0.000000 115.000000 67.000000
5.8900 31.5600 84.7200 620.000000 0.000000 115.000000 67.000000
5.9000 31.7900 84.6500 614.000000 0.000000 115.000000 67.000000
5.9100 32.0400 84.6500 603.000000 0.000000 115.000000 67.000000
5.9200 32.2700 84.8000 589.000000 0.000000 115.000000 67.000000
5.9300 32.5000 85.0900 538.000000 0.000000 115.000000 67.000000
5.9400 32.7400 85.4500 510.000000 0.000000 115.000000 67.000000
5.9500 32.8300 85.8600 470.000000 0.000000 115.000000 67.000000
5.9600 32.8300 86.2200 465.000000 0.000000 115.000000 67.000000
5.9700 32.7400 86.3700 467.000000 0.000000 115.000000 67.000000
5.9800 32.5600 86.3700 480.000000 0.000000 115.000000 67.000000
5.9900 32.3000 86.3700 488.000000 0.000000 115.000000 67.000000
6.0000 32.1400 86.3700 493.000000 0.000000 115.000000 67.000000
6.0100 32.1400 86.3700 493.000000 0.000000 115.000000 67.000000
6.0200 32.2600 86.4900 498.000000 0.000000 115.000000 67.000000
6.0300 32.5000 86.6500 493.000000 0.000000 115.000000 67.000000
6.0400 32.7900 86.8600 486.000000 0.000000 115.000000 67.000000
6.0500 33.0700 87.1600 486.000000 0.000000 115.000000 67.000000
6.0600 33.3300 87.5200 498.000000 0.000000 115.000000 67.000000
6.0700 33.4600 87.8300 533.000000 0.000000 115.000000 67.000000
6.0800 33.4600 87.8300 572.000000 0.000000 115.000000 67.000000
6.0900 33.4100 87.6800 592.000000 0.000000 115.000000 67.000000
6.1000 33.3100 87.5600 617.000000 0.000000 115.000000 67.000000
6.1100 33.2100 87.2100 642.000000 0.000000 112.000000 67.000000
6.1200 33.1100 86.7000 647.000000 0.000000 112.000000 67.000000
6.1300 33.1800 86.3300 652.000000 0.000000 112.000000 67.000000
6.1400 33.2600 86.0500 655.000000 0.000000 112.000000 67.000000
6.1500 33.4300 85.8400 650.000000 0.000000 112.000000 67.000000
6.1600 33.6500 85.7900 644.000000 0.000000 112.000000 67.000000
6.1700 33.7700 85.8700 640.000000 0.000000 112.000000 67.000000
6.1800 33.9100 86.0500 636.000000 0.000000 112.000000 67.000000
6.1900 34.1000 86.3400 611.000000 0.000000 114.000000 68.000000
6.2000 34.2900 86.6900 602.000000 0.000000 114.000000 68.000000
6.2100 34.3500 87.0800 595.000000 0.000000 114.000000 68.000000
6.2200 34.3500 87.3800 551.000000 0.000000 114.000000 68.000000
6.2300 34.2700 87.6700 538.000000 0.000000 114.000000 68.000000
6.2400 34.2200 87.9400 532.000000 0.000000 114.000000 68.000000
6.2500 34.2200 88.1700 532.000000 0.000000 114.000000 68.000000
6.2600 34.1700 88.3300 540.000000 0.000000 114.000000 68.000000
6.2700 34.1700 88.4400 560.000000 0.000000 114.000000 68.000000
6.2800 34.2200 88.5400 606.000000 0.000000 114.000000 68.000000
6.2900 34.2800 88.6300 642.000000 0.000000 116.000000 68.000000
6.3000 34.2800 88.6300 663.000000 0.000000 116.000000 68.000000
6.3100 34.3400 88.6300 696.000000 0.000000 116.000000 68.000000
6.3200 34.3400 88.5300 694.000000 0.000000 116.000000 68.000000
6.3300 34.3400 88.2200 703.000000 0.000000 116.000000 68.000000
6.3400 34.3400 87.7900 705.000000 0.000000 116.000000 68.000000
6.3500 34.3400 87.3100 700.000000 0.000000 116.000000 68.000000
6.3600 34.3400 86.8300 699.000000 0.000000 117.000000 69.000000
6.3700 34.4700 86.5300 694.000000 0.000000 117.000000 69.000000
6.3800 34.7300 86.3400 687.000000 0.000000 115.000000 69.000000
6.3900 34.8700 86.2700 685.000000 0.000000 116.000000 70.000000
6.4000 35.0200 86.3400 675.000000 0.000000 116.000000 70.000000
6.4100 35.2100 86.5100 656.000000 0.000000 116.000000 70.000000
6.4200 35.3800 86.8400 611.000000 0.000000 117.000000 71.000000
6.4300 35.5600 87.1800 515.000000 0.000000 117.000000 71.000000
6.4400 35.6400 87.5300 399.000000 0.000000 117.000000 71.000000
6.4500 35.6400 87.6600 193.000000 0.000000 117.000000 71.000000
6.4600 35.6400 87.7700 48.000000 0.000000 117.000000 71.000000
6.4700 35.6400 87.7700 0.000000 1.000000 117.000000 71.000000
6.4800 35.2900 87.6900 0.000000 0.000000 117.000000 71.000000
6.4900 34.9800 87.6900 0.000000 0.000000 117.000000 71.000000
6.5000 34.9800 87.6900 148.000000 1.000000 116.000000 70.000000
6.5100 34.3500 87.4900 336.000000 0.000000 116.000000 70.000000
6.5200 34.1800 87.4900 453.000000 0.000000 116.000000 70.000000
6.5300 34.1800 87.4900 535.000000 0.000000 115.000000 69.000000
6.5400 34.2700 87.5800 575.000000 0.000000 115.000000 69.000000
6.5500 34.4600 87.7200 600.000000 0.000000 115.000000 69.000000
6.5600 34.6900 87.9100 603.000000 0.000000 115.000000 69.000000
6.5700 34.9500 88.1700 594.000000 0.000000 114.000000 68.000000
6.5800 35.2100 88.4200 564.000000 0.000000 115.000000 69.000000
6.5900 35.3800 88.6700 512.000000 0.000000 115.000000 69.000000
6.6000 35.3800 88.8500 467.000000 0.000000 115.000000 69.000000
6.6100 35.2200 88.9600 443.000000 0.000000 115.000000 69.000000
6.6200 35.1000 88.9600 443.000000 0.000000 117.000000 69.000000
6.6300 35.0100 88.9600 450.000000 0.000000 117.000000 69.000000
6.6400 35.0100 88.9600 464.000000 0.000000 117.000000 69.000000
6.6500 35.0100 89.0400 502.000000 0.000000 119.000000 68.000000
6.6600 35.1200 89.1300 529.000000 0.000000 119.000000 68.000000
6.6700 35.2400 89.2500 554.000000 0.000000 119.000000 68.000000
6.6800 35.4100 89.3900 578.000000 0.000000 122.000000 68.000000
6.6900 35.6300 89.3900 595.000000 0.000000 123.000000 69.000000
6.7000 35.8400 89.4600 605.000000 0.000000 123.000000 69.000000
6.7100 36.0000 89.4600 611.000000 0.000000 123.000000 69.000000
6.7200 36.1500 89.4600 622.000000 0.000000 125.000000 70.000000
6.7300 36.3400 89.3300 628.000000 0.000000 125.000000 70.000000
6.7400 36.3400 89.3300 638.000000 0.000000 127.000000 70.000000
6.7500 36.5300 88.8100 642.000000 0.000000 127.000000 70.000000
6.7600 36.4800 88.4700 645.000000 0.000000 126.000000 72.000000
6.7700 36.4200 88.1600 647.000000 0.000000 126.000000 72.000000
6.7800 36.3500 87.9900 638.000000 0.000000 126.000000 72.000000
6.7900 36.3500 87.8900 628.000000 0.000000 123.000000 72.000000
6.8000 36.4700 87.8900 611.000000 0.000000 123.000000 72.000000
6.8100 36.6200 87.9500 603.000000 0.000000 123.000000 72.000000
6.8200 36.9100 88.0800 560.000000 0.000000 121.000000 73.000000
6.8300 37.2900 88.4000 502.000000 0.000000 121.000000 73.000000
6.8400 37.7100 88.7300 394.000000 0.000000 119.000000 72.000000
6.8500 38.0700 89.0700 354.000000 0.000000 119.000000 72.000000
6.8600 38.1600 89.1700 354.000000 0.000000 120.000000 71.000000
6.8700 38.1000 89.1700 367.000000 0.000000 120.000000 71.000000
6.8800 37.8500 89.0500 361.000000 0.000000 120.000000 71.000000
6.8900 37.5100 88.9400 307.000000 0.000000 121.000000 69.000000
6.9000 37.1200 88.8400 1.000000 1.000000 121.000000 69.000000
6.9100 37.1200 88.8400 0.000000 0.000000 121.000000 69.000000
6.9200 36.1000 88.5800 0.000000 0.000000 121.000000 69.000000
6.9300 35.8000 88.3100 0.000000 0.000000 121.000000 69.000000
6.9400 35.6300 88.0700 0.000000 0.000000 121.000000 69.000000
6.9500 35.5200 87.8400 0.000000 0.000000 120.000000 71.000000
6.9600 35.5200 87.8400 13.000000 0.000000 120.000000 71.000000
6.9700 35.2100 87.3200 101.000000 1.000000 120.000000 71.000000
6.9800 34.8600 86.9900 20.000000 0.000000 120.000000 71.000000
6.9900 34.8600 86.9900 0.000000 1.000000 120.000000 71.000000
7.0000 33.8200 86.1000 0.000000 0.000000 120.000000 71.000000
7.0100 32.9900 85.5300 0.000000 0.000000 120.000000 71.000000
7.0200 31.9300 84.8500 0.000000 0.000000 120.000000 71.000000
7.0300 30.7200 83.9800 0.000000 0.000000 118.000000 70.000000
7.0400 29.4700 82.9900 0.000000 0.000000 118.000000 70.000000
7.0500 28.3900 82.0300 0.000000 0.000000 117.000000 69.000000
7.0600 27.4100 81.1300 0.000000 0.000000 115.000000 69.000000
7.0700 26.5000 80.2600 0.000000 0.000000 115.000000 69.000000
7.0800 25.6200 79.4300 0.000000 0.000000 115.000000 69.000000
7.0900 25.0800 78.8100 0.000000 0.000000 115.000000 69.000000
7.1000 24.7400 78.3200 0.000000 0.000000 115.000000 69.000000
7.1100 24.7400 78.3200 389.000000 1.000000 116.000000 70.000000
7.1200 24.6300 78.0300 417.000000 0.000000 118.000000 70.000000
7.1300 24.6300 78.1000 495.000000 0.000000 120.000000 71.000000
7.1400 24.7300 78.1900 581.000000 0.000000 122.000000 71.000000
7.1500 25.0400 78.4600 636.000000 0.000000 122.000000 71.000000
7.1600 25.4700 78.8500 702.000000 0.000000 122.000000 71.000000
7.1700 26.3300 79.5600 763.000000 0.000000 124.000000 71.000000
7.1800 27.5000 80.4000 817.000000 0.000000 124.000000 71.000000
7.1900 28.8800 81.3300 861.000000 0.000000 124.000000 71.000000
7.2000 30.5500 82.4300 893.000000 0.000000 126.000000 72.000000
7.2100 32.5200 83.7000 899.000000 0.000000 126.000000 72.000000
7.2200 34.6900 85.0800 872.000000 0.000000 126.000000 72.000000
7.2300 36.6000 86.3400 823.000000 0.000000 128.000000 71.000000
7.2400 38.1900 87.3000 667.000000 0.000000 128.000000 71.000000
7.2500 39.5700 88.0700 269.000000 0.000000 128.000000 71.000000
