0.0000 52.8800 42.2100 44.000000 1.000000 96.000000 63.000000
0.0100 52.7300 41.7200 149.000000 0.000000 94.000000 63.000000
0.0200 52.6800 41.6200 198.000000 0.000000 94.000000 63.000000
0.0300 52.6800 41.6200 241.000000 0.000000 94.000000 64.000000
0.0400 52.6800 41.6800 282.000000 0.000000 94.000000 64.000000
0.0500 52.7300 41.8700 344.000000 0.000000 92.000000 64.000000
0.0600 52.8600 42.4700 358.000000 0.000000 92.000000 64.000000
0.0700 53.0900 43.3400 386.000000 0.000000 92.000000 65.000000
0.0800 53.3600 44.4200 404.000000 0.000000 92.000000 65.000000
0.0900 53.5800 45.5600 396.000000 0.000000 92.000000 65.000000
0.1000 53.6800 46.7400 396.000000 0.000000 92.000000 65.000000
0.1100 53.6800 47.8400 399.000000 0.000000 94.000000 65.000000
0.1200 53.6200 48.5300 415.000000 0.000000 94.000000 65.000000
0.1300 53.5500 48.9500 443.000000 0.000000 96.000000 65.000000
0.1400 53.5500 48.9500 470.000000 0.000000 99.000000 65.000000
0.1500 53.5500 48.9500 486.000000 0.000000 101.000000 65.000000
0.1600 53.5500 48.9500 489.000000 0.000000 103.000000 64.000000
0.1700 53.4900 48.5100 499.000000 0.000000 105.000000 64.000000
0.1800 53.4900 47.6900 510.000000 0.000000 104.000000 63.000000
0.1900 53.6000 46.8300 504.000000 0.000000 105.000000 64.000000
0.2000 53.7500 46.1900 497.000000 0.000000 105.000000 64.000000
0.2100 53.9900 45.7300 490.000000 0.000000 103.000000 64.000000
0.2200 54.3000 45.5900 475.000000 0.000000 101.000000 65.000000
0.2300 54.5600 45.6400 472.000000 0.000000 99.000000 65.000000
0.2400 54.7700 45.8300 466.000000 0.000000 96.000000 65.000000
0.2500 55.0000 46.3500 455.000000 0.000000 94.000000 65.000000
0.2600 55.2100 47.0900 423.000000 0.000000 94.000000 66.000000
0.2700 55.2600 47.9900 417.000000 0.000000 94.000000 66.000000
0.2800 55.2100 48.7600 422.000000 0.000000 97.000000 66.000000
0.2900 55.1100 49.2900 440.000000 0.000000 99.000000 66.000000
0.3000 55.0200 49.6600 458.000000 0.000000 101.000000 66.000000
0.3100 54.9600 49.7200 472.000000 0.000000 103.000000 65.000000
0.3200 54.9600 49.5100 490.000000 0.000000 105.000000 65.000000
0.3300 54.9600 49.1100 501.000000 0.000000 108.000000 65.000000
0.3400 55.0300 48.2500 529.000000 0.000000 108.000000 65.000000
0.3500 55.0800 47.2000 536.000000 0.000000 108.000000 65.000000
0.3600 55.0800 46.0300 551.000000 0.000000 108.000000 65.000000
0.3700 55.1600 45.0900 540.000000 0.000000 105.000000 65.000000
0.3800 55.2100 44.3800 520.000000 0.000000 103.000000 65.000000
0.3900 55.3100 43.8300 438.000000 0.000000 101.000000 66.000000
0.4000 55.4200 43.5900 225.000000 0.000000 99.000000 66.000000
0.4100 55.4200 43.5900 0.000000 1.000000 97.000000 67.000000
0.4200 55.7400 44.0200 0.000000 0.000000 97.000000 67.000000
0.4300 55.7400 44.6800 0.000000 0.000000 95.000000 67.000000
0.4400 55.7400 45.4400 0.000000 0.000000 95.000000 67.000000
0.4500 55.6900 46.2600 0.000000 0.000000 97.000000 67.000000
0.4600 55.6900 47.0800 0.000000 0.000000 97.000000 67.000000
0.4700 55.7500 47.8600 0.000000 0.000000 99.000000 67.000000
0.4800 55.8100 48.5400 0.000000 0.000000 102.000000 67.000000
0.4900 55.8700 49.1500 0.000000 0.000000 102.000000 67.000000
0.5000 55.9400 49.5900 0.000000 0.000000 104.000000 66.000000
0.5100 55.9400 49.5900 242.000000 1.000000 106.000000 66.000000
0.5200 56.0600 49.9900 260.000000 0.000000 108.000000 66.000000
0.5300 55.9100 49.9900 314.000000 0.000000 110.000000 66.000000
0.5400 55.9100 49.8600 361.000000 0.000000 113.000000 65.000000
0.5500 55.8600 49.6500 389.000000 0.000000 113.000000 65.000000
0.5600 55.7900 49.1200 402.000000 0.000000 113.000000 65.000000
0.5700 55.7900 48.3900 441.000000 0.000000 113.000000 65.000000
0.5800 55.6900 47.7400 449.000000 0.000000 113.000000 65.000000
0.5900 55.6900 47.2600 443.000000 0.000000 113.000000 65.000000
0.6000 55.6300 46.8900 420.000000 0.000000 110.000000 66.000000
0.6100 55.6300 46.7700 404.000000 0.000000 108.000000 66.000000
0.6200 55.7200 46.9000 389.000000 0.000000 106.000000 66.000000
0.6300 55.8000 47.1900 361.000000 0.000000 104.000000 66.000000
0.6400 55.8900 47.8400 340.000000 0.000000 104.000000 66.000000
0.6500 55.9800 48.5700 345.000000 0.000000 104.000000 66.000000
0.6600 55.9800 49.3600 339.000000 0.000000 104.000000 66.000000
0.6700 56.0500 49.9300 338.000000 0.000000 106.000000 66.000000
0.6800 56.0500 50.1800 366.000000 0.000000 106.000000 66.000000
0.6900 56.1600 50.1800 394.000000 0.000000 108.000000 66.000000
0.7000 56.2800 50.0800 418.000000 0.000000 110.000000 66.000000
0.7100 56.4300 49.7400 440.000000 0.000000 114.000000 66.000000
0.7200 56.5900 49.2600 447.000000 0.000000 114.000000 66.000000
0.7300 56.7500 48.7500 455.000000 0.000000 114.000000 66.000000
0.7400 56.8900 48.3200 456.000000 0.000000 114.000000 66.000000
0.7500 57.0200 47.9500 456.000000 0.000000 114.000000 66.000000
0.7600 57.1300 47.7400 447.000000 0.000000 111.000000 67.000000
0.7700 57.1900 47.6500 449.000000 0.000000 111.000000 67.000000
0.7800 57.1900 47.6500 446.000000 0.000000 109.000000 67.000000
0.7900 57.1900 47.6500 441.000000 0.000000 109.000000 67.000000
0.8000 57.0100 47.6500 415.000000 0.000000 107.000000 67.000000
0.8100 56.8100 47.6500 389.000000 0.000000 107.000000 67.000000
0.8200 56.5400 47.5200 334.000000 0.000000 107.000000 67.000000
0.8300 56.2900 47.3000 296.000000 0.000000 107.000000 67.000000
0.8400 56.1100 47.1200 112.000000 0.000000 107.000000 67.000000
0.8500 56.1100 47.1200 0.000000 1.000000 107.000000 67.000000
0.8600 56.2800 46.8900 0.000000 0.000000 105.000000 67.000000
0.8700 56.4700 46.9400 0.000000 0.000000 105.000000 67.000000
0.8800 56.7100 47.0900 0.000000 0.000000 105.000000 67.000000
0.8900 57.1100 47.1800 0.000000 0.000000 105.000000 68.000000
0.9000 57.6000 47.2400 0.000000 0.000000 105.000000 68.000000
0.9100 58.0100 47.2400 0.000000 0.000000 105.000000 68.000000
0.9200 58.2900 47.2400 0.000000 0.000000 108.000000 68.000000
0.9300 58.4700 47.1200 0.000000 0.000000 108.000000 68.000000
0.9400 58.5300 47.0500 0.000000 0.000000 107.000000 67.000000
0.9500 58.4600 46.9800 0.000000 0.000000 109.000000 67.000000
0.9600 58.3000 46.9100 0.000000 0.000000 109.000000 67.000000
0.9700 58.3000 46.9100 274.000000 1.000000 109.000000 67.000000
0.9800 57.9500 46.7800 279.000000 0.000000 109.000000 67.000000
0.9900 57.8200 46.7800 344.000000 0.000000 107.000000 67.000000
1.0000 57.7300 46.6800 389.000000 0.000000 107.000000 67.000000
1.0100 57.7300 46.5900 409.000000 0.000000 105.000000 67.000000
1.0200 57.8600 46.4400 417.000000 0.000000 105.000000 67.000000
1.0300 58.0300 46.2000 422.000000 0.000000 102.000000 68.000000
1.0400 58.2400 45.9500 428.000000 0.000000 102.000000 68.000000
1.0500 58.3100 45.7000 448.000000 0.000000 102.000000 68.000000
1.0600 58.3100 45.4900 463.000000 0.000000 102.000000 68.000000
1.0700 58.2300 45.3100 481.000000 0.000000 102.000000 68.000000
1.0800 58.0800 45.2100 494.000000 0.000000 102.000000 68.000000
1.0900 57.8600 45.2600 497.000000 0.000000 99.000000 67.000000
1.1000 57.7100 45.4100 496.000000 0.000000 99.000000 67.000000
1.1100 57.5900 45.7400 473.000000 0.000000 99.000000 67.000000
1.1200 57.5900 46.2100 474.000000 0.000000 100.000000 68.000000
1.1300 57.7000 46.7700 455.000000 0.000000 100.000000 68.000000
1.1400 57.9500 47.2600 458.000000 0.000000 100.000000 68.000000
1.1500 58.3100 47.5600 458.000000 0.000000 102.000000 68.000000
1.1600 58.6600 47.7400 460.000000 0.000000 102.000000 68.000000
1.1700 59.0100 47.6700 458.000000 0.000000 105.000000 67.000000
1.1800 59.2200 47.4300 464.000000 0.000000 105.000000 67.000000
1.1900 59.3400 47.0700 491.000000 0.000000 105.000000 67.000000
1.2000 59.3400 46.5900 491.000000 0.000000 107.000000 67.000000
1.2100 59.2200 46.1100 502.000000 0.000000 104.000000 66.000000
1.2200 59.0100 45.6300 502.000000 0.000000 104.000000 66.000000
1.2300 58.7900 45.3000 489.000000 0.000000 104.000000 66.000000
1.2400 58.5600 45.0600 464.000000 0.000000 102.000000 67.000000
1.2500 58.3300 44.9500 386.000000 0.000000 102.000000 67.000000
1.2600 58.2400 45.0300 216.000000 0.000000 99.000000 67.000000
1.2700 58.2900 45.2500 49.000000 0.000000 99.000000 67.000000
1.2800 58.2900 45.2500 0.000000 1.000000 99.000000 67.000000
1.2900 58.8200 46.2600 0.000000 0.000000 100.000000 68.000000
1.3000 59.1600 46.8000 0.000000 0.000000 100.000000 68.000000
1.3100 59.4700 47.2400 0.000000 0.000000 100.000000 68.000000
1.3200 59.7000 47.6400 0.000000 0.000000 100.000000 69.000000
1.3300 59.9300 47.9700 0.000000 0.000000 103.000000 69.000000
1.3400 59.9300 47.9700 232.000000 1.000000 104.000000 69.000000
1.3500 60.0500 48.3800 291.000000 0.000000 106.000000 69.000000
1.3600 59.9900 48.4600 399.000000 0.000000 109.000000 69.000000
1.3700 59.8900 48.4600 447.000000 0.000000 111.000000 69.000000
1.3800 59.7900 48.3800 470.000000 0.000000 111.000000 69.000000
1.3900 59.6600 48.0400 496.000000 0.000000 111.000000 69.000000
1.4000 59.5700 47.5100 512.000000 0.000000 111.000000 69.000000
1.4100 59.5100 47.0400 526.000000 0.000000 111.000000 69.000000
1.4200 59.6000 46.6600 518.000000 0.000000 110.000000 68.000000
1.4300 59.7700 46.3300 519.000000 0.000000 108.000000 68.000000
1.4400 60.0400 46.1700 502.000000 0.000000 105.000000 67.000000
1.4500 60.3200 46.1700 468.000000 0.000000 105.000000 67.000000
1.4600 60.6100 46.3500 391.000000 0.000000 102.000000 68.000000
1.4700 60.8000 46.6000 254.000000 0.000000 102.000000 68.000000
1.4800 60.8000 46.6000 0.000000 1.000000 100.000000 68.000000
1.4900 60.9500 47.3000 0.000000 0.000000 100.000000 68.000000
1.5000 60.8100 47.5800 0.000000 0.000000 103.000000 69.000000
1.5100 60.5300 47.6900 0.000000 0.000000 103.000000 69.000000
1.5200 60.1900 47.6900 0.000000 0.000000 106.000000 69.000000
1.5300 59.8600 47.5800 0.000000 0.000000 106.000000 69.000000
1.5400 59.8600 47.5800 67.000000 1.000000 106.000000 69.000000
1.5500 59.3300 47.4100 122.000000 0.000000 110.000000 70.000000
1.5600 59.2200 47.4100 220.000000 0.000000 110.000000 70.000000
1.5700 59.2200 47.4100 294.000000 0.000000 110.000000 70.000000
1.5800 59.3500 47.5000 345.000000 0.000000 112.000000 70.000000
1.5900 59.5600 47.6700 356.000000 0.000000 112.000000 70.000000
1.6000 59.7900 47.9200 363.000000 0.000000 112.000000 70.000000
1.6100 60.0600 48.1800 364.000000 0.000000 112.000000 70.000000
1.6200 60.3300 48.4900 342.000000 0.000000 112.000000 70.000000
1.6300 60.6100 48.8300 309.000000 0.000000 112.000000 70.000000
1.6400 60.8600 49.1100 279.000000 0.000000 112.000000 70.000000
1.6500 61.0200 49.3400 297.000000 0.000000 111.000000 69.000000
1.6600 61.1200 49.4400 343.000000 0.000000 114.000000 68.000000
1.6700 61.1900 49.4400 394.000000 0.000000 114.000000 68.000000
1.6800 61.2400 49.3600 452.000000 0.000000 114.000000 68.000000
1.6900 61.2400 49.2300 486.000000 0.000000 117.000000 69.000000
1.7000 61.2900 49.0500 504.000000 0.000000 117.000000 69.000000
1.7100 61.2900 48.8000 520.000000 0.000000 117.000000 69.000000
1.7200 61.2300 48.5000 512.000000 0.000000 117.000000 69.000000
1.7300 61.2300 48.1800 516.000000 0.000000 114.000000 68.000000
1.7400 61.2300 47.8500 520.000000 0.000000 114.000000 68.000000
1.7500 61.2800 47.5600 493.000000 0.000000 114.000000 68.000000
1.7600 61.3600 47.4200 452.000000 0.000000 111.000000 69.000000
1.7700 61.4900 47.3600 415.000000 0.000000 110.000000 68.000000
1.7800 61.7900 47.4700 292.000000 0.000000 108.000000 68.000000
1.7900 61.7900 47.4700 0.000000 1.000000 108.000000 68.000000
1.8000 62.6400 48.1900 0.000000 0.000000 108.000000 68.000000
1.8100 62.9700 48.5900 0.000000 0.000000 108.000000 68.000000
1.8200 63.2200 48.9600 0.000000 0.000000 108.000000 68.000000
1.8300 63.4300 49.2500 0.000000 0.000000 109.000000 69.000000
1.8400 63.6500 49.4500 0.000000 0.000000 111.000000 69.000000
1.8500 63.8700 49.5500 0.000000 0.000000 111.000000 69.000000
1.8600 63.9400 49.4700 0.000000 0.000000 111.000000 69.000000
1.8700 63.9400 49.2900 0.000000 0.000000 111.000000 69.000000
1.8800 63.8400 49.0000 0.000000 0.000000 111.000000 69.000000
1.8900 63.6300 48.5500 0.000000 0.000000 111.000000 69.000000
1.9000 63.3400 48.0000 0.000000 0.000000 108.000000 68.000000
1.9100 63.0900 47.4900 0.000000 0.000000 108.000000 68.000000
1.9200 63.0900 47.4900 134.000000 1.000000 108.000000 68.000000
1.9300 62.7500 46.6000 222.000000 0.000000 106.000000 69.000000
1.9400 62.6700 46.4600 226.000000 0.000000 106.000000 69.000000
1.9500 62.6700 46.3800 317.000000 0.000000 106.000000 69.000000
1.9600 62.6700 46.3800 367.000000 0.000000 104.000000 69.000000
1.9700 62.7200 46.3800 392.000000 0.000000 104.000000 69.000000
1.9800 62.7800 46.5800 417.000000 0.000000 101.000000 70.000000
1.9900 62.9200 46.8900 428.000000 0.000000 101.000000 70.000000
2.0000 63.0900 47.4000 446.000000 0.000000 101.000000 70.000000
2.0100 63.2600 48.1300 447.000000 0.000000 101.000000 70.000000
2.0200 63.4200 49.0000 466.000000 0.000000 104.000000 69.000000
2.0300 63.5200 50.0000 463.000000 0.000000 106.000000 69.000000
2.0400 63.5900 50.9900 445.000000 0.000000 109.000000 69.000000
2.0500 63.5900 51.9700 445.000000 0.000000 111.000000 69.000000
2.0600 63.4900 52.6800 448.000000 0.000000 114.000000 68.000000
2.0700 63.4200 53.0900 446.000000 0.000000 116.000000 68.000000
2.0800 63.3600 53.3100 443.000000 0.000000 118.000000 68.000000
2.0900 63.3000 53.3800 448.000000 0.000000 120.000000 67.000000
2.1000 63.3000 53.2900 446.000000 0.000000 120.000000 67.000000
2.1100 63.2500 53.1000 442.000000 0.000000 120.000000 67.000000
2.1200 63.2500 52.6000 458.000000 0.000000 122.000000 67.000000
2.1300 63.2500 51.8900 468.000000 0.000000 122.000000 67.000000
2.1400 63.3100 51.0400 468.000000 0.000000 122.000000 67.000000
2.1500 63.4600 50.2700 458.000000 0.000000 122.000000 67.000000
2.1600 63.7000 49.7800 449.000000 0.000000 122.000000 67.000000
2.1700 64.0000 49.4900 433.000000 0.000000 120.000000 67.000000
2.1800 64.2900 49.4400 415.000000 0.000000 120.000000 67.000000
2.1900 64.5500 49.6500 413.000000 0.000000 120.000000 67.000000
2.2000 64.7900 50.0400 387.000000 0.000000 122.000000 68.000000
2.2100 65.0000 50.7200 359.000000 0.000000 122.000000 68.000000
2.2200 65.1100 51.4700 356.000000 0.000000 122.000000 68.000000
2.2300 65.1100 52.2600 358.000000 0.000000 122.000000 68.000000
2.2400 64.9500 52.9900 368.000000 0.000000 122.000000 68.000000
2.2500 64.7700 53.4900 372.000000 0.000000 122.000000 68.000000
2.2600 64.6500 53.8500 397.000000 0.000000 122.000000 68.000000
2.2700 64.6500 53.8500 425.000000 0.000000 122.000000 68.000000
2.2800 64.6500 53.6000 442.000000 0.000000 124.000000 67.000000
2.2900 64.6500 53.1600 473.000000 0.000000 124.000000 67.000000
2.3000 64.8100 52.5300 478.000000 0.000000 124.000000 67.000000
2.3100 64.8900 51.7900 486.000000 0.000000 124.000000 67.000000
2.3200 65.0000 50.9900 464.000000 0.000000 124.000000 67.000000
2.3300 65.1700 50.4200 443.000000 0.000000 124.000000 67.000000
2.3400 65.3600 50.0400 389.000000 0.000000 122.000000 68.000000
2.3500 65.5600 49.7900 284.000000 0.000000 123.000000 69.000000
2.3600 65.7500 49.7900 70.000000 0.000000 123.000000 69.000000
2.3700 65.7500 49.7900 0.000000 1.000000 123.000000 69.000000
2.3800 66.0100 50.2400 0.000000 0.000000 123.000000 69.000000
2.3900 66.0100 50.6900 0.000000 0.000000 123.000000 69.000000
2.4000 66.0100 51.1900 0.000000 0.000000 123.000000 69.000000
2.4100 66.0100 51.7200 0.000000 0.000000 123.000000 69.000000
2.4200 66.1000 52.1600 0.000000 0.000000 123.000000 69.000000
2.4300 66.1000 52.1600 73.000000 1.000000 123.000000 69.000000
2.4400 66.2100 52.6800 280.000000 0.000000 123.000000 69.000000
2.4500 66.2100 52.6800 339.000000 0.000000 123.000000 69.000000
2.4600 66.1300 52.6800 430.000000 0.000000 125.000000 68.000000
2.4700 66.1300 52.4500 483.000000 0.000000 125.000000 68.000000
2.4800 66.0600 52.1700 519.000000 0.000000 125.000000 68.000000
2.4900 66.0600 51.6700 521.000000 0.000000 125.000000 68.000000
2.5000 66.1600 51.1700 538.000000 0.000000 125.000000 68.000000
2.5100 66.2300 50.7100 546.000000 0.000000 125.000000 68.000000
2.5200 66.2300 50.2700 537.000000 0.000000 125.000000 68.000000
2.5300 66.2900 49.9600 545.000000 0.000000 125.000000 68.000000
2.5400 66.2900 49.8600 540.000000 0.000000 123.000000 69.000000
2.5500 66.2900 49.8600 539.000000 0.000000 123.000000 69.000000
2.5600 66.2900 50.0300 537.000000 0.000000 123.000000 69.000000
2.5700 66.2900 50.3900 512.000000 0.000000 123.000000 69.000000
2.5800 66.2900 50.8900 488.000000 0.000000 123.000000 69.000000
2.5900 66.2900 51.4400 490.000000 0.000000 123.000000 69.000000
2.6000 66.2900 51.9500 486.000000 0.000000 123.000000 69.000000
2.6100 66.2900 52.3700 488.000000 0.000000 123.000000 69.000000
2.6200 66.3400 52.5300 514.000000 0.000000 123.000000 69.000000
2.6300 66.3400 52.5300 524.000000 0.000000 123.000000 69.000000
2.6400 66.4200 52.4500 542.000000 0.000000 125.000000 68.000000
2.6500 66.4200 52.2100 557.000000 0.000000 127.000000 69.000000
2.6600 66.5700 51.8600 561.000000 0.000000 127.000000 69.000000
2.6700 66.7000 51.4700 561.000000 0.000000 127.000000 69.000000
2.6800 66.8700 51.0900 560.000000 0.000000 127.000000 69.000000
2.6900 67.0900 50.8500 562.000000 0.000000 127.000000 69.000000
2.7000 67.3000 50.7100 546.000000 0.000000 127.000000 69.000000
2.7100 67.5100 50.5800 529.000000 0.000000 127.000000 69.000000
2.7200 67.5600 50.5200 522.000000 0.000000 127.000000 69.000000
2.7300 67.5600 50.5200 522.000000 0.000000 125.000000 70.000000
2.7400 67.5600 50.5200 516.000000 0.000000 125.000000 70.000000
2.7500 67.2500 50.5200 504.000000 0.000000 125.000000 70.000000
2.7600 66.9900 50.5900 488.000000 0.000000 125.000000 70.000000
2.7700 66.7100 50.5900 485.000000 0.000000 125.000000 70.000000
2.7800 66.4600 50.5200 449.000000 0.000000 125.000000 70.000000
2.7900 66.2800 50.4700 387.000000 0.000000 125.000000 70.000000
2.8000 66.2800 50.4700 146.000000 0.000000 125.000000 70.000000
2.8100 66.2800 50.4700 0.000000 1.000000 125.000000 70.000000
2.8200 66.5200 50.6300 0.000000 0.000000 125.000000 70.000000
2.8300 66.7000 50.8700 0.000000 0.000000 125.000000 70.000000
2.8400 66.8600 51.1900 0.000000 0.000000 125.000000 70.000000
2.8500 67.1000 51.5100 0.000000 0.000000 125.000000 70.000000
2.8600 67.3400 51.8600 0.000000 0.000000 127.000000 70.000000
2.8700 67.5700 52.2200 0.000000 0.000000 127.000000 70.000000
2.8800 67.7000 52.4700 0.000000 0.000000 127.000000 70.000000
2.8900 67.7000 52.4700 233.000000 1.000000 129.000000 70.000000
2.9000 67.8600 52.8300 315.000000 0.000000 129.000000 70.000000
2.9100 67.7900 52.8900 371.000000 0.000000 129.000000 70.000000
2.9200 67.6300 52.8900 445.000000 0.000000 129.000000 70.000000
2.9300 67.5700 52.8300 465.000000 0.000000 129.000000 70.000000
2.9400 67.5100 52.6700 486.000000 0.000000 131.000000 69.000000
2.9500 67.5100 52.3000 495.000000 0.000000 131.000000 69.000000
2.9600 67.5100 51.8000 489.000000 0.000000 131.000000 69.000000
2.9700 67.5100 51.4500 494.000000 0.000000 129.000000 70.000000
2.9800 67.6100 51.1900 488.000000 0.000000 129.000000 70.000000
2.9900 67.6900 51.0000 491.000000 0.000000 129.000000 70.000000
3.0000 67.7700 50.9500 491.000000 0.000000 129.000000 70.000000
3.0100 67.8300 51.0200 493.000000 0.000000 129.000000 70.000000
3.0200 67.8900 51.1800 491.000000 0.000000 129.000000 70.000000
3.0300 68.0800 51.4900 493.000000 0.000000 129.000000 70.000000
3.0400 68.3300 51.8100 493.000000 0.000000 129.000000 70.000000
3.0500 68.6700 52.1500 499.000000 0.000000 129.000000 70.000000
3.0600 69.0700 52.4500 513.000000 0.000000 129.000000 70.000000
3.0700 69.4700 52.7300 540.000000 0.000000 127.000000 69.000000
3.0800 69.7000 52.9400 560.000000 0.000000 127.000000 69.000000
3.0900 69.8300 53.1100 592.000000 0.000000 127.000000 69.000000
3.1000 69.8300 53.3000 620.000000 0.000000 127.000000 69.000000
3.1100 69.6600 53.5500 617.000000 0.000000 127.000000 69.000000
3.1200 69.4700 53.8300 606.000000 0.000000 127.000000 69.000000
3.1300 69.1100 54.0800 574.000000 0.000000 125.000000 68.000000
3.1400 68.5400 54.2800 504.000000 0.000000 125.000000 68.000000
3.1500 67.8200 54.2200 488.000000 0.000000 125.000000 68.000000
3.1600 66.7500 53.9900 470.000000 0.000000 125.000000 68.000000
3.1700 65.3500 53.2500 493.000000 0.000000 125.000000 68.000000
3.1800 63.7200 52.2700 491.000000 0.000000 127.000000 69.000000
3.1900 61.8700 51.1400 512.000000 0.000000 127.000000 69.000000
3.2000 60.4200 50.0000 543.000000 0.000000 127.000000 69.000000
3.2100 59.2300 48.9200 556.000000 0.000000 127.000000 69.000000
3.2200 58.5000 48.0800 546.000000 0.000000 127.000000 69.000000
3.2300 58.2800 47.3900 542.000000 0.000000 125.000000 68.000000
3.2400 58.3900 47.0800 538.000000 0.000000 123.000000 69.000000
3.2500 59.0000 47.1400 533.000000 0.000000 123.000000 69.000000
3.2600 60.0200 47.4400 514.000000 0.000000 119.000000 68.000000
3.2700 61.3000 48.1300 468.000000 0.000000 119.000000 68.000000
3.2800 62.6300 48.7800 455.000000 0.000000 119.000000 68.000000
3.2900 63.5700 49.4100 447.000000 0.000000 119.000000 68.000000
3.3000 64.2500 49.7000 450.000000 0.000000 121.000000 69.000000
3.3100 64.1500 49.5900 483.000000 0.000000 121.000000 69.000000
3.3200 63.3200 49.2100 475.000000 0.000000 121.000000 69.000000
3.3300 62.0000 48.4400 497.000000 0.000000 121.000000 69.000000
3.3400 60.3300 47.4000 509.000000 0.000000 121.000000 69.000000
3.3500 58.3600 46.1800 535.000000 0.000000 121.000000 69.000000
3.3600 56.1900 44.7300 566.000000 0.000000 118.000000 70.000000
3.3700 54.3500 43.3700 585.000000 0.000000 118.000000 70.000000
3.3800 53.1000 42.0700 603.000000 0.000000 118.000000 70.000000
3.3900 52.2500 41.3600 602.000000 0.000000 116.000000 70.000000
3.4000 52.2500 41.1300 597.000000 0.000000 116.000000 70.000000
3.4100 53.0800 41.2200 603.000000 0.000000 116.000000 70.000000
3.4200 54.3900 41.7600 617.000000 0.000000 115.000000 69.000000
3.4300 56.2800 42.8000 617.000000 0.000000 115.000000 69.000000
3.4400 58.6700 44.1800 614.000000 0.000000 115.000000 69.000000
3.4500 61.4000 45.6400 566.000000 0.000000 116.000000 70.000000
3.4600 64.4200 47.1700 494.000000 0.000000 116.000000 70.000000
3.4700 67.1100 48.7500 399.000000 0.000000 116.000000 70.000000
3.4800 69.5800 50.0600 173.000000 0.000000 117.000000 71.000000
3.4900 69.5800 50.0600 0.000000 1.000000 117.000000 71.000000
3.5000 72.3800 51.5400 0.000000 0.000000 122.000000 71.000000
3.5100 72.8700 51.8100 0.000000 0.000000 124.000000 71.000000
3.5200 72.7300 51.8100 0.000000 0.000000 126.000000 72.000000
3.5300 72.0800 51.5700 0.000000 0.000000 128.000000 71.000000
3.5400 71.0900 51.0400 0.000000 0.000000 128.000000 71.000000
3.5500 70.0400 50.3500 0.000000 0.000000 131.000000 71.000000
3.5600 69.0100 49.5600 0.000000 0.000000 127.000000 70.000000
3.5700 68.0000 48.6200 0.000000 0.000000 127.000000 70.000000
3.5800 67.2100 47.6800 0.000000 0.000000 124.000000 71.000000
3.5900 66.5600 46.8100 0.000000 0.000000 122.000000 70.000000
3.6000 66.1000 46.0000 0.000000 0.000000 120.000000 71.000000
3.6100 65.6400 45.2000 0.000000 0.000000 120.000000 71.000000
3.6200 65.1800 44.4600 0.000000 0.000000 117.000000 71.000000
3.6300 64.6000 43.7500 0.000000 0.000000 116.000000 70.000000
3.6400 63.9300 43.1100 0.000000 0.000000 116.000000 70.000000
3.6500 63.1900 42.5400 0.000000 0.000000 116.000000 70.000000
3.6600 62.4400 42.0200 0.000000 0.000000 112.000000 70.000000
3.6700 61.6800 41.6400 0.000000 0.000000 111.000000 69.000000
3.6800 61.0300 41.3800 0.000000 0.000000 111.000000 69.000000
3.6900 60.4200 41.2100 0.000000 0.000000 110.000000 68.000000
3.7000 60.0200 41.1500 0.000000 0.000000 110.000000 68.000000
3.7100 59.7400 41.2700 0.000000 0.000000 110.000000 68.000000
3.7200 59.6800 41.5000 0.000000 0.000000 110.000000 68.000000
3.7300 59.6800 41.8300 0.000000 0.000000 112.000000 67.000000
3.7400 59.6800 42.1400 0.000000 0.000000 114.000000 68.000000
3.7500 59.6800 42.1400 83.000000 1.000000 114.000000 68.000000
3.7600 59.6300 42.6100 156.000000 0.000000 114.000000 68.000000
3.7700 59.5100 42.7300 213.000000 0.000000 114.000000 68.000000
3.7800 59.4100 42.7300 274.000000 0.000000 114.000000 68.000000
3.7900 59.4100 42.6800 324.000000 0.000000 114.000000 68.000000
3.8000 59.5100 42.5400 367.000000 0.000000 114.000000 68.000000
3.8100 59.6400 42.2000 386.000000 0.000000 114.000000 68.000000
3.8200 59.8100 41.7400 391.000000 0.000000 114.000000 68.000000
3.8300 59.9300 41.3400 402.000000 0.000000 112.000000 67.000000
3.8400 60.0300 40.9400 407.000000 0.000000 112.000000 67.000000
3.8500 60.0300 40.7200 397.000000 0.000000 112.000000 67.000000
3.8600 60.0800 40.6100 398.000000 0.000000 111.000000 67.000000
3.8700 60.0800 40.7000 371.000000 0.000000 112.000000 67.000000
3.8800 60.0800 40.9700 371.000000 0.000000 112.000000 67.000000
3.8900 60.0800 41.3500 367.000000 0.000000 112.000000 67.000000
3.9000 60.1300 41.9300 364.000000 0.000000 112.000000 67.000000
3.9100 60.2200 42.6300 369.000000 0.000000 110.000000 68.000000
3.9200 60.4700 43.4200 371.000000 0.000000 110.000000 68.000000
3.9300 60.8200 44.0500 361.000000 0.000000 110.000000 68.000000
3.9400 61.2100 44.3800 359.000000 0.000000 110.000000 68.000000
3.9500 61.5500 44.5200 359.000000 0.000000 110.000000 68.000000
3.9600 61.7400 44.4100 368.000000 0.000000 110.000000 68.000000
3.9700 61.8500 44.0800 381.000000 0.000000 110.000000 68.000000
3.9800 61.8000 43.6100 398.000000 0.000000 110.000000 68.000000
3.9900 61.6100 43.1000 397.000000 0.000000 110.000000 68.000000
4.0000 61.3300 42.5800 404.000000 0.000000 110.000000 68.000000
4.0100 61.0900 42.1900 410.000000 0.000000 110.000000 68.000000
4.0200 60.9000 41.8800 410.000000 0.000000 110.000000 68.000000
4.0300 60.9000 41.7200 399.000000 0.000000 112.000000 67.000000
4.0400 61.0100 41.6400 398.000000 0.000000 112.000000 67.000000
4.0500 61.3100 41.6400 389.000000 0.000000 112.000000 67.000000
4.0600 61.7500 41.7200 373.000000 0.000000 112.000000 67.000000
4.0700 62.2900 41.9900 376.000000 0.000000 112.000000 67.000000
4.0800 62.7100 42.3600 376.000000 0.000000 112.000000 67.000000
4.0900 63.0100 42.7500 399.000000 0.000000 114.000000 68.000000
4.1000 63.2200 43.1400 405.000000 0.000000 114.000000 68.000000
4.1100 63.2900 43.5000 433.000000 0.000000 114.000000 68.000000
4.1200 63.2900 43.8300 468.000000 0.000000 114.000000 68.000000
4.1300 63.2900 44.0900 496.000000 0.000000 115.000000 69.000000
4.1400 63.2900 44.0900 492.000000 0.000000 115.000000 69.000000
4.1500 62.8900 44.1600 494.000000 0.000000 115.000000 69.000000
4.1600 62.5300 43.9400 515.000000 0.000000 115.000000 69.000000
4.1700 62.1300 43.6000 512.000000 0.000000 115.000000 69.000000
4.1800 61.8000 43.1500 517.000000 0.000000 115.000000 69.000000
4.1900 61.6800 42.8000 519.000000 0.000000 114.000000 68.000000
4.2000 61.6800 42.5600 504.000000 0.000000 114.000000 68.000000
4.2100 61.8700 42.3900 494.000000 0.000000 114.000000 68.000000
4.2200 62.2200 42.3300 495.000000 0.000000 114.000000 68.000000
4.2300 62.6800 42.4600 448.000000 0.000000 114.000000 68.000000
4.2400 63.1000 42.7300 402.000000 0.000000 114.000000 68.000000
4.2500 63.3400 42.9900 396.000000 0.000000 114.000000 68.000000
4.2600 63.4500 43.2300 371.000000 0.000000 114.000000 68.000000
4.2700 63.3700 43.4300 373.000000 0.000000 114.000000 68.000000
4.2800 63.2200 43.6000 317.000000 0.000000 114.000000 68.000000
4.2900 63.0200 43.7300 219.000000 0.000000 114.000000 68.000000
4.3000 62.8900 43.8300 93.000000 0.000000 115.000000 69.000000
4.3100 62.8900 43.8300 0.000000 1.000000 115.000000 69.000000
4.3200 63.0200 43.9900 0.000000 0.000000 115.000000 69.000000
4.3300 63.1600 44.1000 0.000000 0.000000 115.000000 69.000000
4.3400 63.3500 44.2200 0.000000 0.000000 115.000000 69.000000
4.3500 63.6300 44.4200 0.000000 0.000000 115.000000 69.000000
4.3600 63.9300 44.6700 0.000000 0.000000 114.000000 68.000000
4.3700 63.9300 44.6700 13.000000 0.000000 114.000000 68.000000
4.3800 64.3800 45.0300 94.000000 1.000000 114.000000 68.000000
4.3900 64.4600 45.1000 216.000000 0.000000 115.000000 69.000000
4.4000 64.4100 45.0300 315.000000 0.000000 115.000000 69.000000
4.4100 64.3600 44.8800 379.000000 0.000000 115.000000 69.000000
4.4200 64.3600 44.6000 423.000000 0.000000 115.000000 69.000000
4.4300 64.2900 44.3100 452.000000 0.000000 115.000000 69.000000
4.4400 64.2400 44.0300 465.000000 0.000000 115.000000 69.000000
4.4500 64.2400 43.7900 469.000000 0.000000 115.000000 69.000000
4.4600 64.2400 43.5900 464.000000 0.000000 115.000000 69.000000
4.4700 64.2400 43.4700 464.000000 0.000000 115.000000 69.000000
4.4800 64.2400 43.4700 465.000000 0.000000 115.000000 69.000000
4.4900 64.2400 43.5200 445.000000 0.000000 115.000000 69.000000
4.5000 64.1100 43.6800 423.000000 0.000000 116.000000 70.000000
4.5100 63.9300 43.9400 389.000000 0.000000 116.000000 70.000000
4.5200 63.8300 44.2700 361.000000 0.000000 116.000000 70.000000
4.5300 63.7800 44.5900 368.000000 0.000000 116.000000 70.000000
4.5400 63.7800 44.9100 361.000000 0.000000 116.000000 70.000000
4.5500 63.9400 45.2400 371.000000 0.000000 116.000000 70.000000
4.5600 64.1500 45.4600 391.000000 0.000000 116.000000 70.000000
4.5700 64.4500 45.6700 399.000000 0.000000 116.000000 70.000000
4.5800 64.7300 45.6700 397.000000 0.000000 116.000000 70.000000
4.5900 64.9900 45.6700 414.000000 0.000000 116.000000 70.000000
4.6000 65.1400 45.3600 448.000000 0.000000 116.000000 70.000000
4.6100 65.1400 45.0500 468.000000 0.000000 116.000000 70.000000
4.6200 65.1400 44.6800 492.000000 0.000000 116.000000 70.000000
4.6300 64.9300 44.2900 541.000000 0.000000 116.000000 70.000000
4.6400 64.7000 43.9100 542.000000 0.000000 116.000000 70.000000
4.6500 64.4400 43.6100 540.000000 0.000000 116.000000 70.000000
4.6600 64.2000 43.4000 540.000000 0.000000 116.000000 70.000000
4.6700 64.1000 43.2500 489.000000 0.000000 116.000000 70.000000
4.6800 64.1000 43.2500 394.000000 0.000000 116.000000 70.000000
4.6900 64.1600 43.3600 220.000000 0.000000 116.000000 70.000000
4.7000 64.1600 43.3600 0.000000 1.000000 116.000000 70.000000
4.7100 64.5400 43.8900 0.000000 0.000000 116.000000 70.000000
4.7200 64.8700 44.3100 0.000000 0.000000 116.000000 70.000000
4.7300 65.1400 44.7700 0.000000 0.000000 116.000000 70.000000
4.7400 65.4200 45.1400 0.000000 0.000000 116.000000 70.000000
4.7500 65.7000 45.4900 0.000000 0.000000 116.000000 70.000000
4.7600 65.9900 45.7900 0.000000 0.000000 116.000000 70.000000
4.7700 65.9900 45.7900 71.000000 1.000000 116.000000 70.000000
4.7800 66.4200 46.0600 353.000000 0.000000 116.000000 70.000000
4.7900 66.4200 46.1300 368.000000 0.000000 117.000000 71.000000
4.8000 66.3700 46.1300 447.000000 0.000000 117.000000 71.000000
4.8100 66.3700 46.1300 491.000000 0.000000 117.000000 71.000000
4.8200 66.2500 46.0800 502.000000 0.000000 117.000000 71.000000
4.8300 66.1200 45.9500 514.000000 0.000000 117.000000 71.000000
4.8400 65.9700 45.6700 515.000000 0.000000 115.000000 71.000000
4.8500 65.8000 45.3000 509.000000 0.000000 115.000000 71.000000
4.8600 65.6200 44.9400 501.000000 0.000000 115.000000 71.000000
4.8700 65.4400 44.7300 486.000000 0.000000 115.000000 71.000000
4.8800 65.4400 44.6100 483.000000 0.000000 115.000000 71.000000
4.8900 65.4400 44.7100 477.000000 0.000000 117.000000 71.000000
4.9000 65.5700 44.9700 483.000000 0.000000 116.000000 70.000000
4.9100 65.7500 45.3400 478.000000 0.000000 116.000000 70.000000
4.9200 65.9900 45.7800 483.000000 0.000000 116.000000 70.000000
4.9300 66.2300 46.2100 483.000000 0.000000 116.000000 70.000000
4.9400 66.4700 46.5100 486.000000 0.000000 116.000000 70.000000
4.9500 66.7000 46.7300 493.000000 0.000000 116.000000 70.000000
4.9600 66.8400 46.8100 494.000000 0.000000 117.000000 71.000000
4.9700 66.9200 46.8100 514.000000 0.000000 117.000000 71.000000
4.9800 66.9800 46.7500 513.000000 0.000000 117.000000 71.000000
4.9900 66.9800 46.6200 516.000000 0.000000 117.000000 71.000000
5.0000 66.9800 46.4200 522.000000 0.000000 117.000000 71.000000
5.0100 66.8300 46.1700 512.000000 0.000000 117.000000 71.000000
5.0200 66.7400 45.9300 514.000000 0.000000 117.000000 71.000000
5.0300 66.7400 45.7600 502.000000 0.000000 117.000000 71.000000
5.0400 66.7400 45.6300 501.000000 0.000000 117.000000 71.000000
5.0500 66.7400 45.5600 501.000000 0.000000 115.000000 71.000000
5.0600 66.9100 45.4900 501.000000 0.000000 115.000000 71.000000
5.0700 67.0800 45.4300 504.000000 0.000000 115.000000 71.000000
5.0800 67.2700 45.4300 502.000000 0.000000 115.000000 71.000000
5.0900 67.5400 45.4300 494.000000 0.000000 115.000000 71.000000
5.1000 67.8300 45.5400 463.000000 0.000000 115.000000 71.000000
5.1100 68.1400 45.7400 329.000000 0.000000 115.000000 71.000000
5.1200 68.4800 45.9900 1.000000 1.000000 115.000000 71.000000
5.1300 68.4800 45.9900 0.000000 0.000000 116.000000 72.000000
5.1400 68.7700 46.6000 0.000000 0.000000 116.000000 72.000000
5.1500 68.6400 46.9300 0.000000 0.000000 116.000000 72.000000
5.1600 68.5000 47.2300 0.000000 0.000000 116.000000 72.000000
5.1700 68.3500 47.5000 0.000000 0.000000 119.000000 72.000000
5.1800 68.4000 47.7200 0.000000 0.000000 119.000000 72.000000
5.1900 68.4900 47.8200 0.000000 0.000000 123.000000 72.000000
5.2000 68.4900 47.8200 324.000000 1.000000 123.000000 72.000000
5.2100 68.4900 47.8200 330.000000 0.000000 126.000000 72.000000
5.2200 68.4900 47.8200 372.000000 0.000000 126.000000 72.000000
5.2300 68.4900 47.8200 439.000000 0.000000 126.000000 72.000000
5.2400 68.4900 47.8200 477.000000 0.000000 128.000000 71.000000
5.2500 68.4900 47.8200 496.000000 0.000000 127.000000 70.000000
5.2600 68.4900 47.8200 494.000000 0.000000 127.000000 70.000000
5.2700 68.4900 47.8200 522.000000 0.000000 127.000000 70.000000
5.2800 68.3400 47.4300 529.000000 0.000000 125.000000 70.000000
5.2900 68.3400 47.0200 537.000000 0.000000 122.000000 70.000000
5.3000 68.3400 46.6700 536.000000 0.000000 122.000000 70.000000
5.3100 68.5000 46.4500 541.000000 0.000000 122.000000 70.000000
5.3200 68.6800 46.3200 540.000000 0.000000 118.000000 70.000000
5.3300 68.8800 46.2500 535.000000 0.000000 118.000000 70.000000
5.3400 69.0700 46.3100 532.000000 0.000000 118.000000 70.000000
5.3500 69.2300 46.4600 516.000000 0.000000 116.000000 70.000000
5.3600 69.3800 46.7000 488.000000 0.000000 116.000000 70.000000
5.3700 69.4400 46.9800 430.000000 0.000000 112.000000 70.000000
5.3800 69.4400 47.2900 344.000000 0.000000 112.000000 70.000000
5.3900 69.4400 47.5400 12.000000 1.000000 115.000000 69.000000
5.4000 69.4400 47.5400 0.000000 0.000000 116.000000 70.000000
5.4100 69.3700 47.8700 0.000000 0.000000 120.000000 71.000000
5.4200 69.3700 47.8700 0.000000 0.000000 122.000000 71.000000
5.4300 69.3700 47.8200 0.000000 0.000000 124.000000 71.000000
5.4400 69.4700 47.8200 0.000000 0.000000 126.000000 72.000000
5.4500 69.7100 47.8900 0.000000 0.000000 128.000000 72.000000
5.4600 69.9700 48.0100 0.000000 0.000000 130.000000 72.000000
5.4700 70.2000 48.1800 0.000000 0.000000 130.000000 72.000000
5.4800 70.3400 48.4000 0.000000 0.000000 130.000000 72.000000
5.4900 70.4300 48.6600 0.000000 0.000000 130.000000 72.000000
5.5000 70.4300 48.9300 0.000000 0.000000 128.000000 71.000000
5.5100 70.3800 49.2000 0.000000 0.000000 128.000000 71.000000
5.5200 70.3800 49.4400 0.000000 0.000000 128.000000 71.000000
5.5300 70.4500 49.6100 0.000000 0.000000 127.000000 70.000000
5.5400 70.5400 49.7200 0.000000 0.000000 128.000000 71.000000
5.5500 70.5900 49.7700 0.000000 0.000000 128.000000 71.000000
5.5600 70.5900 49.7700 130.000000 1.000000 131.000000 71.000000
5.5700 70.5900 49.7700 184.000000 0.000000 133.000000 71.000000
5.5800 70.5400 49.6900 219.000000 0.000000 133.000000 71.000000
5.5900 70.5400 49.6400 255.000000 0.000000 135.000000 71.000000
5.6000 70.4800 49.6400 262.000000 0.000000 135.000000 71.000000
5.6100 70.4800 49.5500 259.000000 0.000000 135.000000 71.000000
5.6200 70.4800 49.5500 260.000000 0.000000 135.000000 71.000000
5.6300 70.4800 49.5500 280.000000 0.000000 137.000000 70.000000
5.6400 70.4800 49.5500 320.000000 0.000000 137.000000 70.000000
5.6500 70.4100 49.5500 393.000000 0.000000 137.000000 70.000000
5.6600 70.3500 49.5000 441.000000 0.000000 137.000000 70.000000
5.6700 70.2100 49.4200 466.000000 0.000000 135.000000 71.000000
5.6800 70.1000 49.2500 492.000000 0.000000 135.000000 71.000000
5.6900 69.9200 48.9800 522.000000 0.000000 135.000000 71.000000
5.7000 69.6900 48.6300 542.000000 0.000000 133.000000 70.000000
5.7100 69.6000 48.2900 565.000000 0.000000 131.000000 71.000000
5.7200 69.6000 47.9600 569.000000 0.000000 129.000000 70.000000
5.7300 69.7500 47.7000 577.000000 0.000000 129.000000 70.000000
5.7400 69.8800 47.5300 577.000000 0.000000 125.000000 70.000000
5.7500 69.8800 47.5300 575.000000 0.000000 125.000000 70.000000
5.7600 70.2500 47.3700 575.000000 0.000000 121.000000 69.000000
5.7700 70.4400 47.4400 567.000000 0.000000 121.000000 69.000000
5.7800 70.6900 47.5900 565.000000 0.000000 121.000000 69.000000
5.7900 70.9200 47.9100 554.000000 0.000000 119.000000 68.000000
5.8000 71.0800 48.2400 551.000000 0.000000 121.000000 69.000000
5.8100 71.1800 48.5900 542.000000 0.000000 121.000000 69.000000
5.8200 71.1300 48.8700 540.000000 0.000000 121.000000 69.000000
5.8300 70.9900 49.1000 538.000000 0.000000 122.000000 70.000000
5.8400 70.7900 49.1000 538.000000 0.000000 122.000000 70.000000
5.8500 70.5400 49.1000 519.000000 0.000000 125.000000 70.000000
5.8600 70.2700 48.8100 518.000000 0.000000 125.000000 70.000000
5.8700 69.9800 48.5600 519.000000 0.000000 125.000000 70.000000
5.8800 69.9800 48.3200 519.000000 0.000000 125.000000 70.000000
5.8900 69.9800 48.2200 522.000000 0.000000 125.000000 70.000000
5.9000 70.1400 48.2200 527.000000 0.000000 125.000000 70.000000
5.9100 70.3800 48.2200 527.000000 0.000000 125.000000 70.000000
5.9200 70.7200 48.4300 526.000000 0.000000 125.000000 70.000000
5.9300 71.1300 48.7400 522.000000 0.000000 125.000000 70.000000
5.9400 71.4300 49.1200 515.000000 0.000000 125.000000 70.000000
5.9500 71.6000 49.5000 510.000000 0.000000 125.000000 70.000000
5.9600 71.6700 49.8100 520.000000 0.000000 125.000000 70.000000
5.9700 71.6700 50.0800 516.000000 0.000000 125.000000 70.000000
5.9800 71.7200 50.3400 519.000000 0.000000 125.000000 70.000000
5.9900 71.7200 50.4800 521.000000 0.000000 127.000000 69.000000
6.0000 71.7200 50.5800 530.000000 0.000000 127.000000 69.000000
6.0100 71.7200 50.5800 538.000000 0.000000 127.000000 69.000000
6.0200 71.6500 50.4800 539.000000 0.000000 129.000000 68.000000
6.0300 71.6500 50.2400 572.000000 0.000000 129.000000 68.000000
6.0400 71.5600 49.9100 585.000000 0.000000 131.000000 69.000000
6.0500 71.5600 49.5700 594.000000 0.000000 131.000000 69.000000
6.0600 71.5600 49.2800 611.000000 0.000000 131.000000 69.000000
6.0700 71.6300 49.0800 611.000000 0.000000 131.000000 69.000000
6.0800 71.7900 48.9200 605.000000 0.000000 129.000000 70.000000
6.0900 71.9800 48.9200 605.000000 0.000000 129.000000 70.000000
6.1000 72.2200 48.9700 594.000000 0.000000 129.000000 70.000000
6.1100 72.4600 49.1400 594.000000 0.000000 129.000000 70.000000
6.1200 72.7000 49.4400 578.000000 0.000000 129.000000 70.000000
6.1300 72.8500 49.8000 578.000000 0.000000 129.000000 70.000000
6.1400 72.9500 50.2100 570.000000 0.000000 129.000000 70.000000
6.1500 72.9500 50.5800 570.000000 0.000000 129.000000 70.000000
6.1600 72.8600 50.9100 546.000000 0.000000 129.000000 70.000000
6.1700 72.7400 51.1600 545.000000 0.000000 129.000000 70.000000
6.1800 72.7400 51.2900 535.000000 0.000000 129.000000 70.000000
6.1900 72.7400 51.3400 480.000000 0.000000 131.000000 69.000000
6.2000 72.7400 51.3400 413.000000 0.000000 131.000000 69.000000
6.2100 72.7400 51.2500 343.000000 0.000000 131.000000 69.000000
6.2200 72.8600 51.1800 277.000000 0.000000 135.000000 69.000000
6.2300 73.0100 51.1000 279.000000 0.000000 135.000000 69.000000
6.2400 73.1400 51.1000 297.000000 0.000000 135.000000 69.000000
6.2500 73.2100 51.1000 386.000000 0.000000 135.000000 69.000000
6.2600 73.2100 51.1000 504.000000 0.000000 135.000000 69.000000
6.2700 73.2100 51.1000 591.000000 0.000000 135.000000 69.000000
6.2800 73.1500 51.1000 636.000000 0.000000 135.000000 69.000000
6.2900 73.0800 50.9900 668.000000 0.000000 133.000000 70.000000
6.3000 73.0800 50.8600 667.000000 0.000000 133.000000 70.000000
6.3100 73.0000 50.5800 669.000000 0.000000 133.000000 70.000000
6.3200 73.0000 50.2200 673.000000 0.000000 133.000000 70.000000
6.3300 73.0800 49.9500 670.000000 0.000000 133.000000 70.000000
6.3400 73.2100 49.7800 646.000000 0.000000 133.000000 70.000000
6.3500 73.4100 49.6700 637.000000 0.000000 133.000000 70.000000
6.3600 73.6600 49.6700 639.000000 0.000000 133.000000 70.000000
6.3700 73.9100 49.8200 628.000000 0.000000 131.000000 71.000000
6.3800 74.1600 50.0600 589.000000 0.000000 131.000000 71.000000
6.3900 74.4000 50.3300 537.000000 0.000000 133.000000 71.000000
6.4000 74.5100 50.5800 480.000000 0.000000 133.000000 71.000000
6.4100 74.5100 50.7600 344.000000 0.000000 133.000000 71.000000
6.4200 74.5100 50.7600 0.000000 1.000000 135.000000 71.000000
6.4300 74.3100 50.9700 0.000000 0.000000 135.000000 71.000000
6.4400 74.0200 50.9700 0.000000 0.000000 135.000000 71.000000
6.4500 73.6200 50.9700 0.000000 0.000000 135.000000 71.000000
6.4600 73.2600 50.8800 0.000000 0.000000 135.000000 71.000000
6.4700 73.2600 50.8800 193.000000 1.000000 135.000000 71.000000
6.4800 72.8300 50.7200 249.000000 0.000000 135.000000 71.000000
6.4900 72.7500 50.7200 369.000000 0.000000 135.000000 71.000000
6.5000 72.7500 50.7200 488.000000 0.000000 135.000000 71.000000
6.5100 72.9200 50.7800 541.000000 0.000000 135.000000 71.000000
6.5200 73.1100 50.9200 543.000000 0.000000 133.000000 70.000000
6.5300 73.4200 51.1300 554.000000 0.000000 135.000000 71.000000
6.5400 73.7300 51.3900 551.000000 0.000000 137.000000 70.000000
6.5500 74.0400 51.6900 546.000000 0.000000 137.000000 70.000000
6.5600 74.3100 52.0200 537.000000 0.000000 137.000000 70.000000
6.5700 74.5400 52.3000 537.000000 0.000000 137.000000 70.000000
6.5800 74.7600 52.5600 516.000000 0.000000 137.000000 70.000000
6.5900 75.0000 52.7600 516.000000 0.000000 137.000000 70.000000
6.6000 75.1000 52.8600 521.000000 0.000000 139.000000 71.000000
6.6100 75.1000 52.8600 537.000000 0.000000 139.000000 71.000000
6.6200 75.1000 52.8600 540.000000 0.000000 139.000000 71.000000
6.6300 75.1000 52.7400 556.000000 0.000000 139.000000 71.000000
6.6400 75.1000 52.5900 570.000000 0.000000 139.000000 71.000000
6.6500 75.1000 52.3600 580.000000 0.000000 139.000000 71.000000
6.6600 75.0300 52.0700 588.000000 0.000000 139.000000 71.000000
6.6700 75.0300 51.7500 592.000000 0.000000 139.000000 71.000000
6.6800 75.0300 51.5500 605.000000 0.000000 139.000000 71.000000
6.6900 75.1000 51.4300 611.000000 0.000000 137.000000 70.000000
6.7000 75.3500 51.3800 620.000000 0.000000 139.000000 71.000000
6.7100 75.6900 51.4800 610.000000 0.000000 139.000000 71.000000
6.7200 76.1500 51.6800 586.000000 0.000000 139.000000 71.000000
6.7300 76.6100 51.9700 469.000000 0.000000 139.000000 71.000000
6.7400 77.0300 52.2300 137.000000 0.000000 139.000000 71.000000
6.7500 77.0300 52.2300 0.000000 1.000000 139.000000 71.000000
6.7600 77.2000 52.5600 0.000000 0.000000 139.000000 71.000000
6.7700 76.8400 52.5600 0.000000 0.000000 139.000000 71.000000
6.7800 76.3700 52.4000 0.000000 0.000000 139.000000 71.000000
6.7900 75.8300 52.2400 0.000000 0.000000 139.000000 71.000000
6.8000 75.2600 52.0300 0.000000 0.000000 139.000000 71.000000
6.8100 74.8200 51.7500 0.000000 0.000000 139.000000 71.000000
6.8200 74.8200 51.7500 184.000000 1.000000 137.000000 70.000000
6.8300 74.5700 51.3900 324.000000 0.000000 137.000000 70.000000
6.8400 74.7000 51.3900 369.000000 0.000000 137.000000 70.000000
6.8500 74.9200 51.4800 439.000000 0.000000 137.000000 70.000000
6.8600 75.2700 51.6300 433.000000 0.000000 137.000000 70.000000
6.8700 75.7100 51.8100 285.000000 0.000000 137.000000 70.000000
6.8800 75.7100 51.8100 0.000000 1.000000 137.000000 70.000000
6.8900 76.1200 52.0500 0.000000 0.000000 137.000000 70.000000
6.9000 76.1200 52.0500 0.000000 0.000000 137.000000 70.000000
6.9100 75.7500 51.8800 0.000000 0.000000 137.000000 70.000000
6.9200 75.3300 51.5700 0.000000 0.000000 137.000000 70.000000
6.9300 74.8400 51.1000 0.000000 0.000000 135.000000 71.000000
6.9400 74.1300 50.5900 0.000000 0.000000 135.000000 71.000000
6.9500 73.1100 49.8400 0.000000 0.000000 135.000000 71.000000
6.9600 71.8800 48.9400 0.000000 0.000000 133.000000 71.000000
6.9700 70.5000 47.7900 0.000000 0.000000 133.000000 71.000000
6.9800 69.0300 46.6100 0.000000 0.000000 131.000000 71.000000
6.9900 67.5100 45.3700 0.000000 0.000000 128.000000 71.000000
7.0000 65.9700 44.1400 0.000000 0.000000 128.000000 71.000000
7.0100 64.6700 42.9900 0.000000 0.000000 127.000000 70.000000
7.0200 63.5300 41.9000 0.000000 0.000000 124.000000 71.000000
7.0300 62.4700 40.9300 0.000000 0.000000 122.000000 70.000000
7.0400 61.7000 40.1500 0.000000 0.000000 120.000000 71.000000
7.0500 61.1100 39.4900 0.000000 0.000000 120.000000 71.000000
7.0600 61.1100 39.4900 410.000000 1.000000 120.000000 71.000000
7.0700 60.4800 38.8000 422.000000 0.000000 117.000000 71.000000
7.0800 60.3700 38.8000 418.000000 0.000000 117.000000 71.000000
7.0900 60.5100 38.9100 483.000000 0.000000 113.000000 71.000000
7.1000 60.9400 39.3100 595.000000 0.000000 113.000000 71.000000
7.1100 61.5700 39.8900 655.000000 0.000000 113.000000 71.000000
7.1200 62.7700 40.7600 750.000000 0.000000 115.000000 71.000000
7.1300 64.5600 42.0200 805.000000 0.000000 115.000000 71.000000
7.1400 66.7400 43.5400 830.000000 0.000000 115.000000 71.000000
7.1500 69.5500 45.2300 797.000000 0.000000 119.000000 72.000000
7.1600 72.4000 47.0400 737.000000 0.000000 119.000000 72.000000
7.1700 75.2800 48.9300 664.000000 0.000000 121.000000 73.000000
7.1800 77.8300 50.5200 417.000000 0.000000 125.000000 73.000000
