0.0000 16.1500 26.8800 6.000000 1.000000 88.000000 65.000000
0.0100 16.2200 26.4700 312.000000 1.000000 88.000000 65.000000
0.0200 16.0800 26.3400 363.000000 0.000000 88.000000 65.000000
0.0300 16.0800 26.3400 420.000000 0.000000 88.000000 64.000000
0.0400 16.1300 26.4700 453.000000 0.000000 88.000000 64.000000
0.0500 16.1300 26.6600 465.000000 0.000000 88.000000 64.000000
0.0600 16.1300 27.3400 469.000000 0.000000 88.000000 64.000000
0.0700 16.2600 28.3400 447.000000 0.000000 90.000000 64.000000
0.0800 16.4700 29.5900 447.000000 0.000000 90.000000 64.000000
0.0900 16.5500 30.9400 440.000000 0.000000 90.000000 64.000000
0.1000 16.5500 32.3600 442.000000 0.000000 90.000000 64.000000
0.1100 16.4200 33.5100 445.000000 0.000000 92.000000 63.000000
0.1200 16.2900 34.1000 466.000000 0.000000 92.000000 63.000000
0.1300 16.1600 34.3100 477.000000 0.000000 92.000000 62.000000
0.1400 16.1100 34.2400 491.000000 0.000000 94.000000 62.000000
0.1500 16.0600 34.1300 502.000000 0.000000 94.000000 62.000000
0.1600 16.0600 33.6400 512.000000 0.000000 94.000000 62.000000
0.1700 16.0600 32.9200 522.000000 0.000000 96.000000 62.000000
0.1800 16.1300 32.1100 519.000000 0.000000 96.000000 62.000000
0.1900 16.2600 31.3400 516.000000 0.000000 96.000000 62.000000
0.2000 16.5000 30.8600 510.000000 0.000000 96.000000 63.000000
0.2100 16.7800 30.5600 481.000000 0.000000 96.000000 63.000000
0.2200 17.0000 30.5600 464.000000 0.000000 96.000000 63.000000
0.2300 17.2300 30.6600 456.000000 0.000000 96.000000 62.000000
0.2400 17.4100 30.9200 450.000000 0.000000 96.000000 62.000000
0.2500 17.5400 31.5500 446.000000 0.000000 96.000000 62.000000
0.2600 17.6200 32.3300 414.000000 0.000000 95.000000 61.000000
0.2700 17.6200 33.2200 425.000000 0.000000 95.000000 61.000000
0.2800 17.6200 33.9900 423.000000 0.000000 95.000000 61.000000
0.2900 17.5600 34.4600 423.000000 0.000000 95.000000 61.000000
0.3000 17.5600 34.7300 417.000000 0.000000 95.000000 61.000000
0.3100 17.5600 34.7300 431.000000 0.000000 95.000000 61.000000
0.3200 17.5600 34.4500 441.000000 0.000000 95.000000 61.000000
0.3300 17.6100 34.0500 456.000000 0.000000 95.000000 61.000000
0.3400 17.6900 33.3000 488.000000 0.000000 95.000000 61.000000
0.3500 17.8100 32.4300 497.000000 0.000000 95.000000 61.000000
0.3600 17.9700 31.4900 489.000000 0.000000 96.000000 62.000000
0.3700 18.1500 30.8500 458.000000 0.000000 96.000000 62.000000
0.3800 18.3300 30.4900 381.000000 0.000000 96.000000 62.000000
0.3900 18.5200 30.3300 284.000000 0.000000 96.000000 62.000000
0.4000 18.6700 30.4100 110.000000 0.000000 96.000000 62.000000
0.4100 18.6700 30.4100 0.000000 1.000000 96.000000 62.000000
0.4200 18.8100 31.2900 0.000000 0.000000 96.000000 62.000000
0.4300 18.8100 32.0100 0.000000 0.000000 96.000000 62.000000
0.4400 18.8100 32.8300 0.000000 0.000000 96.000000 62.000000
0.4500 18.7100 33.7300 0.000000 0.000000 96.000000 62.000000
0.4600 18.5900 34.5500 0.000000 0.000000 96.000000 62.000000
0.4700 18.4700 35.1600 0.000000 0.000000 96.000000 62.000000
0.4800 18.3700 35.6400 0.000000 0.000000 96.000000 62.000000
0.4900 18.3700 35.6400 213.000000 1.000000 96.000000 62.000000
0.5000 18.3600 35.9500 309.000000 0.000000 96.000000 62.000000
0.5100 18.4200 35.8800 407.000000 0.000000 96.000000 62.000000
0.5200 18.4800 35.7800 460.000000 0.000000 96.000000 62.000000
0.5300 18.5400 35.6400 510.000000 0.000000 96.000000 62.000000
0.5400 18.5900 35.2600 516.000000 0.000000 97.000000 62.000000
0.5500 18.6500 34.7300 540.000000 0.000000 96.000000 62.000000
0.5600 18.6500 34.0600 538.000000 0.000000 95.000000 61.000000
0.5700 18.7000 33.5300 530.000000 0.000000 96.000000 62.000000
0.5800 18.7000 33.0900 522.000000 0.000000 96.000000 62.000000
0.5900 18.7800 32.9200 501.000000 0.000000 96.000000 62.000000
0.6000 18.7800 32.9200 491.000000 0.000000 96.000000 62.000000
0.6100 18.8300 32.9200 491.000000 0.000000 96.000000 62.000000
0.6200 18.8300 33.1500 494.000000 0.000000 96.000000 62.000000
0.6300 18.8300 33.5800 492.000000 0.000000 96.000000 62.000000
0.6400 18.7800 34.1600 492.000000 0.000000 96.000000 62.000000
0.6500 18.7000 34.7200 494.000000 0.000000 96.000000 62.000000
0.6600 18.6300 35.0700 499.000000 0.000000 96.000000 62.000000
0.6700 18.6300 35.2900 499.000000 0.000000 96.000000 62.000000
0.6800 18.6300 35.2900 509.000000 0.000000 96.000000 62.000000
0.6900 18.7100 35.1800 515.000000 0.000000 96.000000 62.000000
0.7000 18.9300 34.9400 518.000000 0.000000 96.000000 62.000000
0.7100 19.2500 34.5900 516.000000 0.000000 96.000000 62.000000
0.7200 19.4400 34.2000 518.000000 0.000000 96.000000 62.000000
0.7300 19.6300 33.8000 515.000000 0.000000 96.000000 62.000000
0.7400 19.7400 33.5000 516.000000 0.000000 96.000000 63.000000
0.7500 19.7400 33.2600 519.000000 0.000000 96.000000 63.000000
0.7600 19.7400 33.0900 526.000000 0.000000 96.000000 63.000000
0.7700 19.7400 33.0900 527.000000 0.000000 96.000000 63.000000
0.7800 19.7400 33.0900 520.000000 0.000000 96.000000 63.000000
0.7900 19.4600 33.0200 465.000000 0.000000 96.000000 63.000000
0.8000 19.3500 33.1000 253.000000 0.000000 96.000000 63.000000
0.8100 19.3500 33.1000 0.000000 1.000000 96.000000 63.000000
0.8200 19.3000 33.1700 0.000000 0.000000 96.000000 63.000000
0.8300 19.3500 33.0400 0.000000 0.000000 96.000000 63.000000
0.8400 19.5200 32.8300 0.000000 0.000000 96.000000 63.000000
0.8500 19.7700 32.5700 0.000000 0.000000 96.000000 63.000000
0.8600 20.1000 32.2900 0.000000 0.000000 96.000000 63.000000
0.8700 20.3600 32.0000 0.000000 0.000000 98.000000 63.000000
0.8800 20.5700 31.7800 0.000000 0.000000 98.000000 63.000000
0.8900 20.6500 31.5800 0.000000 0.000000 97.000000 62.000000
0.9000 20.6500 31.4600 0.000000 0.000000 97.000000 62.000000
0.9100 20.5100 31.4600 0.000000 0.000000 99.000000 62.000000
0.9200 20.3900 31.4600 0.000000 0.000000 99.000000 62.000000
0.9300 20.3900 31.4600 241.000000 1.000000 99.000000 62.000000
0.9400 19.9900 31.5200 292.000000 0.000000 99.000000 62.000000
0.9500 19.8200 31.4200 376.000000 0.000000 99.000000 62.000000
0.9600 19.6800 31.2800 431.000000 0.000000 100.000000 63.000000
0.9700 19.6800 31.1400 453.000000 0.000000 100.000000 63.000000
0.9800 19.7500 31.0000 472.000000 0.000000 100.000000 63.000000
0.9900 19.8300 30.9100 515.000000 0.000000 100.000000 63.000000
1.0000 19.8900 30.8600 542.000000 0.000000 100.000000 63.000000
1.0100 19.8900 30.8600 560.000000 0.000000 100.000000 63.000000
1.0200 19.8900 30.8600 569.000000 0.000000 100.000000 63.000000
1.0300 19.8900 30.9300 574.000000 0.000000 102.000000 63.000000
1.0400 19.8100 31.1000 572.000000 0.000000 102.000000 63.000000
1.0500 19.8100 31.3100 575.000000 0.000000 102.000000 63.000000
1.0600 19.8100 31.5400 574.000000 0.000000 102.000000 63.000000
1.0700 19.8600 31.7500 574.000000 0.000000 102.000000 63.000000
1.0800 20.0700 31.9300 575.000000 0.000000 102.000000 63.000000
1.0900 20.3600 32.0500 580.000000 0.000000 100.000000 63.000000
1.1000 20.7600 32.0500 583.000000 0.000000 100.000000 63.000000
1.1100 21.0800 31.9500 581.000000 0.000000 100.000000 63.000000
1.1200 21.3400 31.7900 592.000000 0.000000 100.000000 64.000000
1.1300 21.4900 31.6000 619.000000 0.000000 100.000000 64.000000
1.1400 21.4900 31.3600 625.000000 0.000000 100.000000 64.000000
1.1500 21.4900 31.1400 631.000000 0.000000 100.000000 64.000000
1.1600 21.3900 30.9400 633.000000 0.000000 101.000000 65.000000
1.1700 21.2700 30.8000 619.000000 0.000000 101.000000 65.000000
1.1800 21.1600 30.6900 602.000000 0.000000 101.000000 65.000000
1.1900 21.0400 30.6100 557.000000 0.000000 101.000000 65.000000
1.2000 20.9000 30.6100 495.000000 0.000000 101.000000 65.000000
1.2100 20.7500 30.6100 431.000000 0.000000 101.000000 65.000000
1.2200 20.7500 30.6800 387.000000 0.000000 101.000000 65.000000
1.2300 20.7500 30.7800 361.000000 0.000000 101.000000 65.000000
1.2400 20.8900 30.9500 348.000000 0.000000 101.000000 65.000000
1.2500 21.1200 31.1600 330.000000 0.000000 100.000000 64.000000
1.2600 21.3900 31.3700 291.000000 0.000000 100.000000 64.000000
1.2700 21.5600 31.5600 202.000000 0.000000 100.000000 64.000000
1.2800 21.5600 31.5600 46.000000 0.000000 100.000000 64.000000
1.2900 21.5600 31.5600 0.000000 1.000000 98.000000 64.000000
1.3000 21.5600 31.5600 0.000000 0.000000 98.000000 64.000000
1.3100 21.5600 31.5600 0.000000 0.000000 98.000000 64.000000
1.3200 21.5600 31.5600 0.000000 0.000000 98.000000 64.000000
1.3300 21.8500 31.9000 0.000000 0.000000 98.000000 64.000000
1.3400 22.0300 32.1600 0.000000 0.000000 98.000000 64.000000
1.3500 22.2500 32.4800 0.000000 0.000000 98.000000 64.000000
1.3600 22.4500 32.7900 0.000000 0.000000 98.000000 64.000000
1.3700 22.5100 32.9400 0.000000 0.000000 98.000000 63.000000
1.3800 22.5100 32.9400 0.000000 0.000000 98.000000 63.000000
1.3900 22.4400 32.9400 0.000000 0.000000 100.000000 63.000000
1.4000 22.3700 32.8800 0.000000 0.000000 100.000000 63.000000
1.4100 22.2800 32.7800 0.000000 0.000000 100.000000 63.000000
1.4200 22.2800 32.6900 0.000000 0.000000 100.000000 63.000000
1.4300 22.2800 32.6000 0.000000 0.000000 100.000000 63.000000
1.4400 22.2800 32.6000 0.000000 0.000000 100.000000 63.000000
1.4500 22.3400 32.6000 0.000000 0.000000 100.000000 63.000000
1.4600 22.3400 32.7100 0.000000 0.000000 100.000000 63.000000
1.4700 22.4200 32.7900 0.000000 0.000000 100.000000 63.000000
1.4800 22.4200 32.8400 0.000000 0.000000 100.000000 63.000000
1.4900 22.4200 32.8400 203.000000 1.000000 98.000000 64.000000
1.5000 22.4200 32.8400 272.000000 0.000000 98.000000 64.000000
1.5100 22.4200 32.8400 351.000000 0.000000 98.000000 64.000000
1.5200 22.1300 32.6900 407.000000 0.000000 99.000000 65.000000
1.5300 22.0600 32.5300 442.000000 0.000000 99.000000 65.000000
1.5400 22.0600 32.2900 474.000000 0.000000 99.000000 65.000000
1.5500 22.0600 31.9800 494.000000 0.000000 99.000000 65.000000
1.5600 22.1700 31.6700 509.000000 0.000000 99.000000 65.000000
1.5700 22.3000 31.3900 509.000000 0.000000 99.000000 65.000000
1.5800 22.4800 31.2600 509.000000 0.000000 99.000000 65.000000
1.5900 22.6800 31.2600 504.000000 0.000000 99.000000 65.000000
1.6000 22.9000 31.3200 497.000000 0.000000 99.000000 65.000000
1.6100 23.1100 31.4900 465.000000 0.000000 99.000000 65.000000
1.6200 23.3000 31.7200 377.000000 0.000000 99.000000 65.000000
1.6300 23.4400 32.0100 221.000000 0.000000 99.000000 65.000000
1.6400 23.5500 32.2700 42.000000 0.000000 99.000000 65.000000
1.6500 23.5500 32.2700 0.000000 1.000000 96.000000 65.000000
1.6600 23.4500 32.5500 0.000000 0.000000 96.000000 65.000000
1.6700 23.2800 32.5500 0.000000 0.000000 96.000000 65.000000
1.6800 23.0000 32.5500 0.000000 0.000000 96.000000 65.000000
1.6900 22.6400 32.4300 0.000000 0.000000 96.000000 65.000000
1.7000 22.6400 32.4300 17.000000 1.000000 96.000000 65.000000
1.7100 21.8600 31.9200 185.000000 0.000000 96.000000 65.000000
1.7200 21.7100 31.7700 223.000000 0.000000 96.000000 65.000000
1.7300 21.7100 31.7700 247.000000 0.000000 96.000000 65.000000
1.7400 21.8200 31.7700 296.000000 0.000000 99.000000 65.000000
1.7500 22.0900 32.0300 316.000000 0.000000 99.000000 65.000000
1.7600 22.4600 32.3800 307.000000 0.000000 99.000000 65.000000
1.7700 22.7700 32.8000 301.000000 0.000000 99.000000 65.000000
1.7800 22.9200 33.0800 301.000000 0.000000 99.000000 65.000000
1.7900 22.9200 33.3200 304.000000 0.000000 99.000000 65.000000
1.8000 22.8700 33.4600 311.000000 0.000000 99.000000 65.000000
1.8100 22.7600 33.5300 314.000000 0.000000 99.000000 65.000000
1.8200 22.6400 33.5300 311.000000 0.000000 99.000000 65.000000
1.8300 22.7100 33.6000 306.000000 0.000000 99.000000 65.000000
1.8400 22.8300 33.7200 304.000000 0.000000 99.000000 65.000000
1.8500 23.1300 33.9000 312.000000 0.000000 99.000000 65.000000
1.8600 23.5300 34.0200 346.000000 0.000000 96.000000 65.000000
1.8700 23.8100 34.1000 414.000000 0.000000 96.000000 65.000000
1.8800 23.9600 34.0100 504.000000 0.000000 96.000000 65.000000
1.8900 24.0100 33.8400 562.000000 0.000000 97.000000 66.000000
1.9000 24.0100 33.5700 606.000000 0.000000 97.000000 66.000000
1.9100 24.0100 33.2600 628.000000 0.000000 97.000000 66.000000
1.9200 23.9400 32.9000 617.000000 0.000000 97.000000 66.000000
1.9300 23.9400 32.6500 594.000000 0.000000 97.000000 66.000000
1.9400 23.9400 32.4800 519.000000 0.000000 97.000000 66.000000
1.9500 24.1000 32.4800 447.000000 0.000000 97.000000 66.000000
1.9600 24.2400 32.5500 420.000000 0.000000 97.000000 66.000000
1.9700 24.4100 32.7500 336.000000 0.000000 97.000000 66.000000
1.9800 24.6000 33.0700 119.000000 0.000000 97.000000 66.000000
1.9900 24.6000 33.0700 0.000000 1.000000 97.000000 66.000000
2.0000 24.9400 33.7900 0.000000 0.000000 97.000000 66.000000
2.0100 25.2500 34.1200 0.000000 0.000000 97.000000 67.000000
2.0200 25.6400 34.4500 0.000000 0.000000 97.000000 67.000000
2.0300 25.9000 34.7400 0.000000 0.000000 97.000000 67.000000
2.0400 26.2800 34.8700 0.000000 0.000000 99.000000 67.000000
2.0500 26.7300 34.8700 0.000000 0.000000 99.000000 67.000000
2.0600 27.0800 34.7300 0.000000 0.000000 102.000000 67.000000
2.0700 27.1600 34.5300 0.000000 0.000000 101.000000 66.000000
2.0800 27.0700 34.2300 0.000000 0.000000 101.000000 65.000000
2.0900 26.8900 33.8600 0.000000 0.000000 103.000000 64.000000
2.1000 26.6900 33.4500 0.000000 0.000000 102.000000 63.000000
2.1100 26.6900 33.4500 346.000000 1.000000 102.000000 63.000000
2.1200 26.1500 32.6100 404.000000 0.000000 100.000000 63.000000
2.1300 25.8500 32.4000 430.000000 0.000000 100.000000 63.000000
2.1400 25.7100 32.3300 488.000000 0.000000 100.000000 64.000000
2.1500 25.7100 32.3300 538.000000 0.000000 99.000000 65.000000
2.1600 25.7100 32.5100 539.000000 0.000000 99.000000 66.000000
2.1700 25.8100 32.7300 543.000000 0.000000 99.000000 67.000000
2.1800 25.9900 33.1900 539.000000 0.000000 97.000000 67.000000
2.1900 26.1700 33.8500 533.000000 0.000000 97.000000 68.000000
2.2000 26.2800 34.6400 497.000000 0.000000 97.000000 68.000000
2.2100 26.3400 35.5900 485.000000 0.000000 97.000000 68.000000
2.2200 26.2100 36.5800 464.000000 0.000000 97.000000 67.000000
2.2300 26.0100 37.6100 469.000000 0.000000 97.000000 67.000000
2.2400 25.7500 38.2700 473.000000 0.000000 99.000000 67.000000
2.2500 25.6700 38.5400 467.000000 0.000000 99.000000 67.000000
2.2600 25.5900 38.5400 485.000000 0.000000 102.000000 67.000000
2.2700 25.5900 38.4400 491.000000 0.000000 103.000000 65.000000
2.2800 25.5200 38.0700 522.000000 0.000000 103.000000 65.000000
2.2900 25.6000 37.5200 536.000000 0.000000 103.000000 65.000000
2.3000 25.7500 36.7100 553.000000 0.000000 105.000000 65.000000
2.3100 25.9200 35.8800 564.000000 0.000000 103.000000 65.000000
2.3200 26.1200 35.2700 563.000000 0.000000 103.000000 65.000000
2.3300 26.3600 34.8300 553.000000 0.000000 101.000000 66.000000
2.3400 26.6000 34.7000 546.000000 0.000000 101.000000 66.000000
2.3500 26.8300 34.7000 536.000000 0.000000 99.000000 66.000000
2.3600 27.0700 34.8800 509.000000 0.000000 99.000000 66.000000
2.3700 27.2700 35.3500 472.000000 0.000000 96.000000 65.000000
2.3800 27.4000 35.9500 443.000000 0.000000 96.000000 65.000000
2.3900 27.4800 36.6500 438.000000 0.000000 96.000000 64.000000
2.4000 27.3800 37.2600 443.000000 0.000000 96.000000 64.000000
2.4100 27.2800 37.6300 472.000000 0.000000 96.000000 63.000000
2.4200 27.1800 37.8500 501.000000 0.000000 98.000000 63.000000
2.4300 27.1800 37.7800 518.000000 0.000000 98.000000 63.000000
2.4400 27.1800 37.4700 533.000000 0.000000 100.000000 63.000000
2.4500 27.1800 37.0000 536.000000 0.000000 100.000000 63.000000
2.4600 27.2800 36.2700 537.000000 0.000000 100.000000 63.000000
2.4700 27.3700 35.6900 543.000000 0.000000 100.000000 63.000000
2.4800 27.5000 35.2100 520.000000 0.000000 100.000000 63.000000
2.4900 27.7100 34.9100 447.000000 0.000000 98.000000 63.000000
2.5000 27.9200 34.7900 337.000000 0.000000 98.000000 63.000000
2.5100 28.0700 34.7900 136.000000 0.000000 96.000000 63.000000
2.5200 28.0700 34.7900 0.000000 1.000000 96.000000 63.000000
2.5300 28.2400 35.3700 0.000000 0.000000 96.000000 63.000000
2.5400 28.2400 35.8100 0.000000 0.000000 96.000000 63.000000
2.5500 28.1800 36.3000 0.000000 0.000000 96.000000 63.000000
2.5600 28.1800 36.7500 0.000000 0.000000 96.000000 63.000000
2.5700 28.1800 36.7500 142.000000 1.000000 96.000000 63.000000
2.5800 28.1300 37.3600 208.000000 0.000000 98.000000 63.000000
2.5900 28.1300 37.3600 322.000000 0.000000 98.000000 63.000000
2.6000 28.1300 37.2600 404.000000 0.000000 98.000000 63.000000
2.6100 28.1300 37.1100 440.000000 0.000000 100.000000 63.000000
2.6200 28.1300 36.8000 483.000000 0.000000 100.000000 63.000000
2.6300 28.1300 36.3800 498.000000 0.000000 100.000000 63.000000
2.6400 28.1900 35.8800 492.000000 0.000000 100.000000 63.000000
2.6500 28.1900 35.3700 494.000000 0.000000 100.000000 63.000000
2.6600 28.2400 34.9600 493.000000 0.000000 100.000000 63.000000
2.6700 28.3000 34.6300 483.000000 0.000000 98.000000 64.000000
2.6800 28.3000 34.5000 483.000000 0.000000 98.000000 64.000000
2.6900 28.3000 34.5000 488.000000 0.000000 96.000000 64.000000
2.7000 28.3000 34.6500 486.000000 0.000000 96.000000 64.000000
2.7100 28.3000 35.0200 488.000000 0.000000 96.000000 64.000000
2.7200 28.2200 35.5400 488.000000 0.000000 96.000000 64.000000
2.7300 28.2200 36.1500 486.000000 0.000000 96.000000 64.000000
2.7400 28.2200 36.8100 485.000000 0.000000 96.000000 64.000000
2.7500 28.2200 37.4200 493.000000 0.000000 96.000000 64.000000
2.7600 28.4000 37.6700 489.000000 0.000000 98.000000 64.000000
2.7700 28.5300 37.6700 519.000000 0.000000 98.000000 64.000000
2.7800 28.6200 37.5200 540.000000 0.000000 98.000000 64.000000
2.7900 28.7900 37.1900 545.000000 0.000000 100.000000 64.000000
2.8000 28.9400 36.7600 554.000000 0.000000 100.000000 64.000000
2.8100 29.0600 36.2800 554.000000 0.000000 100.000000 64.000000
2.8200 29.1500 35.9500 556.000000 0.000000 101.000000 65.000000
2.8300 29.2200 35.7300 562.000000 0.000000 99.000000 65.000000
2.8400 29.2200 35.5200 561.000000 0.000000 99.000000 65.000000
2.8500 29.2200 35.4400 554.000000 0.000000 99.000000 65.000000
2.8600 29.2200 35.4400 545.000000 0.000000 99.000000 65.000000
2.8700 29.2200 35.5100 527.000000 0.000000 96.000000 64.000000
2.8800 29.1400 35.5800 502.000000 0.000000 96.000000 64.000000
2.8900 29.0800 35.6600 444.000000 0.000000 96.000000 64.000000
2.9000 29.0300 35.6600 344.000000 0.000000 96.000000 64.000000
2.9100 28.9800 35.6600 141.000000 0.000000 96.000000 64.000000
2.9200 28.9800 35.6600 0.000000 1.000000 96.000000 64.000000
2.9300 28.7900 35.5700 0.000000 0.000000 96.000000 64.000000
2.9400 28.6600 35.4900 0.000000 0.000000 96.000000 64.000000
2.9500 28.4500 35.4900 0.000000 0.000000 96.000000 64.000000
2.9600 28.2500 35.4900 0.000000 0.000000 96.000000 64.000000
2.9700 28.2500 35.4900 139.000000 1.000000 96.000000 64.000000
2.9800 27.9100 35.6200 289.000000 0.000000 96.000000 64.000000
2.9900 27.9100 35.7000 368.000000 0.000000 96.000000 64.000000
3.0000 27.9100 35.7800 415.000000 0.000000 96.000000 64.000000
3.0100 28.0400 35.8900 458.000000 0.000000 96.000000 64.000000
3.0200 28.1600 36.0900 468.000000 0.000000 96.000000 64.000000
3.0300 28.3500 36.3600 471.000000 0.000000 96.000000 64.000000
3.0400 28.6100 36.6200 466.000000 0.000000 96.000000 64.000000
3.0500 28.8900 36.9500 455.000000 0.000000 98.000000 64.000000
3.0600 29.1800 37.3300 446.000000 0.000000 98.000000 64.000000
3.0700 29.4300 37.5400 430.000000 0.000000 100.000000 64.000000
3.0800 29.6600 37.7300 427.000000 0.000000 100.000000 64.000000
3.0900 29.7300 37.8400 431.000000 0.000000 100.000000 64.000000
3.1000 29.7300 37.8900 442.000000 0.000000 103.000000 64.000000
3.1100 29.7300 37.8900 472.000000 0.000000 103.000000 64.000000
3.1200 29.7300 37.8900 504.000000 0.000000 103.000000 64.000000
3.1300 29.7300 37.8900 519.000000 0.000000 105.000000 64.000000
3.1400 29.7300 37.8900 541.000000 0.000000 105.000000 64.000000
3.1500 29.7300 37.4200 542.000000 0.000000 105.000000 64.000000
3.1600 29.7300 36.9700 545.000000 0.000000 103.000000 64.000000
3.1700 29.7300 36.5600 556.000000 0.000000 103.000000 64.000000
3.1800 29.7300 36.2200 564.000000 0.000000 103.000000 64.000000
3.1900 29.7300 35.9300 563.000000 0.000000 101.000000 65.000000
3.2000 29.7300 35.7600 564.000000 0.000000 101.000000 65.000000
3.2100 29.7300 35.7600 561.000000 0.000000 101.000000 65.000000
3.2200 29.7300 35.7600 557.000000 0.000000 99.000000 65.000000
3.2300 29.8100 35.9600 543.000000 0.000000 99.000000 65.000000
3.2400 29.9200 36.4100 539.000000 0.000000 99.000000 65.000000
3.2500 30.1000 37.0300 539.000000 0.000000 99.000000 65.000000
3.2600 30.3100 37.6900 542.000000 0.000000 99.000000 65.000000
3.2700 30.4600 38.2600 565.000000 0.000000 101.000000 65.000000
3.2800 30.5800 38.5500 595.000000 0.000000 101.000000 66.000000
3.2900 30.5800 38.6900 643.000000 0.000000 103.000000 65.000000
3.3000 30.5100 38.6900 670.000000 0.000000 103.000000 65.000000
3.3100 30.4100 38.7800 688.000000 0.000000 105.000000 65.000000
3.3200 30.2900 38.8400 673.000000 0.000000 105.000000 65.000000
3.3300 30.0500 38.8400 646.000000 0.000000 106.000000 66.000000
3.3400 29.7300 38.8400 551.000000 0.000000 108.000000 66.000000
3.3500 29.0200 38.3700 448.000000 0.000000 108.000000 66.000000
3.3600 27.8700 37.6100 396.000000 0.000000 108.000000 66.000000
3.3700 26.4200 36.4200 371.000000 0.000000 108.000000 66.000000
3.3800 24.7200 35.2300 420.000000 0.000000 108.000000 66.000000
3.3900 23.3800 34.0300 510.000000 0.000000 109.000000 67.000000
3.4000 22.2800 33.2200 524.000000 0.000000 109.000000 67.000000
3.4100 21.9900 32.6700 541.000000 0.000000 109.000000 67.000000
3.4200 22.1200 32.4500 570.000000 0.000000 110.000000 68.000000
3.4300 22.5200 32.4500 594.000000 0.000000 110.000000 68.000000
3.4400 23.3800 32.5700 605.000000 0.000000 110.000000 68.000000
3.4500 24.5000 33.0300 592.000000 0.000000 110.000000 68.000000
3.4600 25.7900 33.5200 564.000000 0.000000 110.000000 68.000000
3.4700 26.8000 34.0300 537.000000 0.000000 110.000000 68.000000
3.4800 27.2900 34.3000 539.000000 0.000000 108.000000 68.000000
3.4900 27.4400 34.3900 554.000000 0.000000 108.000000 68.000000
3.5000 27.1500 34.3900 551.000000 0.000000 108.000000 68.000000
3.5100 26.2700 34.1000 559.000000 0.000000 107.000000 67.000000
3.5200 25.0000 33.3500 567.000000 0.000000 107.000000 67.000000
3.5300 23.3200 32.2700 568.000000 0.000000 107.000000 67.000000
3.5400 21.4200 30.8700 589.000000 0.000000 107.000000 67.000000
3.5500 19.3600 29.4600 585.000000 0.000000 107.000000 67.000000
3.5600 17.9300 28.0900 588.000000 0.000000 107.000000 67.000000
3.5700 17.1900 27.1500 586.000000 0.000000 108.000000 68.000000
3.5800 16.9100 26.4700 591.000000 0.000000 108.000000 68.000000
3.5900 17.2400 26.3100 589.000000 0.000000 108.000000 68.000000
3.6000 18.2300 26.6900 611.000000 0.000000 105.000000 68.000000
3.6100 19.6700 27.4400 628.000000 0.000000 105.000000 68.000000
3.6200 21.7300 28.7300 641.000000 0.000000 105.000000 67.000000
3.6300 24.1200 30.3000 647.000000 0.000000 105.000000 67.000000
3.6400 26.7400 32.0700 639.000000 0.000000 105.000000 67.000000
3.6500 29.1800 33.7700 610.000000 0.000000 105.000000 67.000000
3.6600 31.2900 35.1500 550.000000 0.000000 105.000000 67.000000
3.6700 33.1700 36.3100 368.000000 0.000000 105.000000 67.000000
3.6800 33.1700 36.3100 0.000000 1.000000 105.000000 67.000000
3.6900 34.2700 37.1100 0.000000 0.000000 105.000000 67.000000
3.7000 33.9500 36.8900 0.000000 0.000000 105.000000 67.000000
3.7100 32.9600 36.3000 0.000000 0.000000 105.000000 67.000000
3.7200 31.6500 35.4800 0.000000 0.000000 105.000000 67.000000
3.7300 30.1200 34.5000 0.000000 0.000000 104.000000 66.000000
3.7400 28.6700 33.4100 0.000000 0.000000 104.000000 66.000000
3.7500 27.2300 32.2100 0.000000 0.000000 104.000000 66.000000
3.7600 25.8300 30.9500 0.000000 0.000000 106.000000 66.000000
3.7700 24.4500 29.8400 0.000000 0.000000 106.000000 66.000000
3.7800 23.5000 28.9800 0.000000 0.000000 104.000000 66.000000
3.7900 22.9800 28.2800 0.000000 0.000000 104.000000 66.000000
3.8000 22.7500 27.8400 0.000000 0.000000 104.000000 66.000000
3.8100 22.7500 27.6900 0.000000 0.000000 102.000000 67.000000
3.8200 22.7500 27.6900 0.000000 0.000000 102.000000 67.000000
3.8300 22.8700 27.9300 0.000000 0.000000 102.000000 67.000000
3.8400 22.8700 28.1400 0.000000 0.000000 99.000000 67.000000
3.8500 22.9300 28.3600 0.000000 0.000000 99.000000 67.000000
3.8600 22.9300 28.3600 343.000000 1.000000 99.000000 66.000000
3.8700 22.9300 28.3600 402.000000 0.000000 99.000000 67.000000
3.8800 22.9300 28.3600 417.000000 0.000000 99.000000 67.000000
3.8900 22.9300 28.3600 460.000000 0.000000 102.000000 67.000000
3.9000 22.9500 28.0200 498.000000 0.000000 102.000000 68.000000
3.9100 23.0200 27.7100 497.000000 0.000000 102.000000 68.000000
3.9200 23.0900 27.3200 501.000000 0.000000 102.000000 68.000000
3.9300 23.1400 27.0400 504.000000 0.000000 103.000000 69.000000
3.9400 23.1400 26.8300 512.000000 0.000000 103.000000 69.000000
3.9500 23.1400 26.6600 522.000000 0.000000 100.000000 69.000000
3.9600 23.0800 26.6600 526.000000 0.000000 100.000000 69.000000
3.9700 22.9900 26.8900 543.000000 0.000000 100.000000 69.000000
3.9800 22.8700 27.2400 539.000000 0.000000 100.000000 69.000000
3.9900 22.9600 27.8600 542.000000 0.000000 100.000000 69.000000
4.0000 23.0900 28.5800 550.000000 0.000000 100.000000 69.000000
4.0100 23.4300 29.3800 559.000000 0.000000 100.000000 69.000000
4.0200 23.9000 30.1200 562.000000 0.000000 100.000000 69.000000
4.0300 24.4900 30.6300 553.000000 0.000000 103.000000 69.000000
4.0400 24.9900 31.0000 543.000000 0.000000 103.000000 69.000000
4.0500 25.4300 31.1600 522.000000 0.000000 105.000000 68.000000
4.0600 25.6000 31.0600 522.000000 0.000000 105.000000 68.000000
4.0700 25.5500 30.8000 515.000000 0.000000 108.000000 68.000000
4.0800 25.3400 30.3000 515.000000 0.000000 108.000000 68.000000
4.0900 24.9300 29.7200 513.000000 0.000000 108.000000 68.000000
4.1000 24.4300 29.1000 512.000000 0.000000 108.000000 68.000000
4.1100 23.8700 28.5600 529.000000 0.000000 105.000000 68.000000
4.1200 23.5200 28.2500 529.000000 0.000000 105.000000 68.000000
4.1300 23.4200 28.1000 526.000000 0.000000 105.000000 68.000000
4.1400 23.4900 28.1000 530.000000 0.000000 105.000000 68.000000
4.1500 23.7000 28.1000 540.000000 0.000000 105.000000 68.000000
4.1600 24.0600 28.1000 546.000000 0.000000 103.000000 69.000000
4.1700 24.5300 28.1500 537.000000 0.000000 103.000000 69.000000
4.1800 25.0700 28.3000 541.000000 0.000000 103.000000 69.000000
4.1900 25.6400 28.5000 519.000000 0.000000 103.000000 69.000000
4.2000 26.0900 28.7200 522.000000 0.000000 104.000000 69.000000
4.2100 26.4600 28.9600 512.000000 0.000000 104.000000 69.000000
4.2200 26.8100 29.3300 520.000000 0.000000 104.000000 69.000000
4.2300 27.1500 29.7200 519.000000 0.000000 104.000000 69.000000
4.2400 27.4300 30.1300 517.000000 0.000000 103.000000 69.000000
4.2500 27.4300 30.4500 507.000000 0.000000 103.000000 69.000000
4.2600 27.3300 30.7100 512.000000 0.000000 102.000000 68.000000
4.2700 27.1100 30.8500 514.000000 0.000000 105.000000 67.000000
4.2800 26.8100 30.8500 513.000000 0.000000 104.000000 66.000000
4.2900 26.4500 30.7200 527.000000 0.000000 104.000000 66.000000
4.3000 26.0700 30.5700 532.000000 0.000000 104.000000 66.000000
4.3100 25.7400 30.3200 536.000000 0.000000 106.000000 66.000000
4.3200 25.4800 30.0100 543.000000 0.000000 107.000000 67.000000
4.3300 25.4100 29.7200 542.000000 0.000000 107.000000 67.000000
4.3400 25.4700 29.4600 540.000000 0.000000 108.000000 68.000000
4.3500 25.6300 29.2100 544.000000 0.000000 105.000000 68.000000
4.3600 25.8200 29.0700 533.000000 0.000000 106.000000 69.000000
4.3700 26.1000 29.0700 522.000000 0.000000 106.000000 69.000000
4.3800 26.4600 29.1500 496.000000 0.000000 106.000000 69.000000
4.3900 26.8700 29.4200 413.000000 0.000000 106.000000 69.000000
4.4000 27.2400 29.7600 361.000000 0.000000 106.000000 69.000000
4.4100 27.3700 30.1400 252.000000 0.000000 105.000000 68.000000
4.4200 27.3700 30.4000 103.000000 0.000000 105.000000 68.000000
4.4300 27.3700 30.4000 0.000000 1.000000 105.000000 67.000000
4.4400 26.8800 30.7300 0.000000 0.000000 105.000000 67.000000
4.4500 26.6000 30.8100 0.000000 0.000000 105.000000 67.000000
4.4600 26.5000 30.8900 0.000000 0.000000 105.000000 67.000000
4.4700 26.5000 30.9900 0.000000 0.000000 105.000000 67.000000
4.4800 26.6300 31.1400 0.000000 0.000000 105.000000 67.000000
4.4900 26.9200 31.3100 0.000000 0.000000 105.000000 67.000000
4.5000 27.3000 31.4700 0.000000 0.000000 105.000000 67.000000
4.5100 27.3000 31.4700 143.000000 1.000000 107.000000 67.000000
4.5200 27.8000 31.7100 222.000000 0.000000 107.000000 67.000000
4.5300 27.8000 31.7100 344.000000 0.000000 107.000000 67.000000
4.5400 27.7500 31.7100 394.000000 0.000000 107.000000 67.000000
4.5500 27.7500 31.6100 460.000000 0.000000 106.000000 66.000000
4.5600 27.6700 31.4500 496.000000 0.000000 106.000000 66.000000
4.5700 27.6700 31.2600 501.000000 0.000000 106.000000 66.000000
4.5800 27.7600 30.9500 505.000000 0.000000 106.000000 66.000000
4.5900 27.8700 30.5600 509.000000 0.000000 106.000000 66.000000
4.6000 27.9500 30.2800 507.000000 0.000000 106.000000 66.000000
4.6100 28.0100 30.1200 510.000000 0.000000 106.000000 66.000000
4.6200 28.0100 30.0300 512.000000 0.000000 106.000000 66.000000
4.6300 27.8700 30.0300 515.000000 0.000000 104.000000 66.000000
4.6400 27.7400 30.1100 510.000000 0.000000 104.000000 66.000000
4.6500 27.4400 30.2400 510.000000 0.000000 104.000000 66.000000
4.6600 27.2500 30.4400 504.000000 0.000000 104.000000 66.000000
4.6700 27.1300 30.7900 496.000000 0.000000 104.000000 66.000000
4.6800 27.1300 31.2300 494.000000 0.000000 104.000000 66.000000
4.6900 27.3200 31.5900 494.000000 0.000000 104.000000 66.000000
4.7000 27.5700 31.9300 494.000000 0.000000 105.000000 65.000000
4.7100 27.9200 32.2000 499.000000 0.000000 105.000000 65.000000
4.7200 28.2700 32.3500 502.000000 0.000000 105.000000 65.000000
4.7300 28.6000 32.3500 512.000000 0.000000 105.000000 65.000000
4.7400 28.8200 32.2000 524.000000 0.000000 105.000000 65.000000
4.7500 28.9600 31.8500 537.000000 0.000000 105.000000 65.000000
4.7600 28.9600 31.4700 565.000000 0.000000 106.000000 66.000000
4.7700 28.7900 31.0600 581.000000 0.000000 104.000000 66.000000
4.7800 28.5300 30.6800 570.000000 0.000000 104.000000 66.000000
4.7900 28.2400 30.3500 567.000000 0.000000 104.000000 66.000000
4.8000 27.9600 30.0600 541.000000 0.000000 104.000000 66.000000
4.8100 27.6900 29.9400 465.000000 0.000000 104.000000 66.000000
4.8200 27.6100 29.9400 337.000000 0.000000 104.000000 66.000000
4.8300 27.6100 30.0900 117.000000 0.000000 104.000000 66.000000
4.8400 27.6100 30.0900 0.000000 1.000000 104.000000 66.000000
4.8500 27.8500 30.8400 0.000000 0.000000 104.000000 66.000000
4.8600 28.2500 31.3600 0.000000 0.000000 104.000000 66.000000
4.8700 28.5900 31.8000 0.000000 0.000000 104.000000 66.000000
4.8800 28.8900 32.2200 0.000000 0.000000 104.000000 66.000000
4.8900 29.1600 32.5800 0.000000 0.000000 104.000000 66.000000
4.9000 29.1600 32.5800 190.000000 1.000000 104.000000 66.000000
4.9100 29.3800 33.0500 312.000000 0.000000 104.000000 66.000000
4.9200 29.3800 33.1800 348.000000 0.000000 104.000000 66.000000
4.9300 29.3800 33.2700 433.000000 0.000000 104.000000 66.000000
4.9400 29.3300 33.2700 465.000000 0.000000 104.000000 66.000000
4.9500 29.3300 33.2000 481.000000 0.000000 104.000000 66.000000
4.9600 29.3300 32.9600 488.000000 0.000000 104.000000 66.000000
4.9700 29.3300 32.6100 493.000000 0.000000 104.000000 66.000000
4.9800 29.3300 32.0800 491.000000 0.000000 104.000000 66.000000
4.9900 29.2200 31.6500 490.000000 0.000000 104.000000 66.000000
5.0000 29.1700 31.2800 488.000000 0.000000 104.000000 66.000000
5.0100 29.1200 31.0800 494.000000 0.000000 104.000000 66.000000
5.0200 29.1200 31.0800 529.000000 0.000000 104.000000 66.000000
5.0300 29.1200 31.0800 540.000000 0.000000 104.000000 66.000000
5.0400 29.1200 31.0800 548.000000 0.000000 104.000000 66.000000
5.0500 29.1400 31.7700 545.000000 0.000000 104.000000 66.000000
5.0600 29.2600 32.3700 538.000000 0.000000 104.000000 66.000000
5.0700 29.4300 33.1400 537.000000 0.000000 104.000000 66.000000
5.0800 29.6200 33.6100 533.000000 0.000000 104.000000 66.000000
5.0900 29.8000 33.8900 527.000000 0.000000 104.000000 66.000000
5.1000 29.8900 33.9900 530.000000 0.000000 104.000000 66.000000
5.1100 29.9400 33.9900 533.000000 0.000000 103.000000 65.000000
5.1200 29.9400 33.8400 530.000000 0.000000 103.000000 65.000000
5.1300 29.9400 33.5600 526.000000 0.000000 103.000000 65.000000
5.1400 29.8700 33.2500 521.000000 0.000000 103.000000 65.000000
5.1500 29.7500 32.9000 520.000000 0.000000 103.000000 65.000000
5.1600 29.6600 32.5600 519.000000 0.000000 103.000000 65.000000
5.1700 29.6000 32.3200 512.000000 0.000000 103.000000 65.000000
5.1800 29.6600 32.1400 512.000000 0.000000 103.000000 65.000000
5.1900 29.7500 32.0600 520.000000 0.000000 104.000000 66.000000
5.2000 29.9100 32.0600 519.000000 0.000000 104.000000 66.000000
5.2100 30.1300 32.0600 521.000000 0.000000 104.000000 66.000000
5.2200 30.3800 32.1500 513.000000 0.000000 104.000000 66.000000
5.2300 30.6400 32.3000 468.000000 0.000000 104.000000 66.000000
5.2400 30.8300 32.5000 259.000000 0.000000 104.000000 66.000000
5.2500 30.8300 32.5000 0.000000 1.000000 104.000000 66.000000
5.2600 31.0600 33.1200 0.000000 0.000000 104.000000 66.000000
5.2700 31.0600 33.4600 0.000000 0.000000 104.000000 66.000000
5.2800 31.0600 33.8200 0.000000 0.000000 104.000000 66.000000
5.2900 31.0600 34.2200 0.000000 0.000000 104.000000 66.000000
5.3000 31.1500 34.5800 0.000000 0.000000 104.000000 66.000000
5.3100 31.2100 34.9100 0.000000 0.000000 103.000000 65.000000
5.3200 31.2100 34.9100 269.000000 1.000000 103.000000 65.000000
5.3300 31.2100 34.9100 468.000000 0.000000 103.000000 65.000000
5.3400 31.2100 34.9100 493.000000 0.000000 103.000000 65.000000
5.3500 31.2100 34.9100 565.000000 0.000000 103.000000 65.000000
5.3600 31.2100 34.9100 620.000000 0.000000 103.000000 65.000000
5.3700 31.2100 34.9100 645.000000 0.000000 103.000000 65.000000
5.3800 30.9600 34.4100 638.000000 0.000000 104.000000 66.000000
5.3900 30.9600 34.0500 641.000000 0.000000 104.000000 66.000000
5.4000 30.9600 33.5400 639.000000 0.000000 104.000000 66.000000
5.4100 31.0300 33.1300 592.000000 0.000000 104.000000 66.000000
5.4200 31.1400 32.8000 526.000000 0.000000 104.000000 66.000000
5.4300 31.3100 32.5800 415.000000 0.000000 104.000000 66.000000
5.4400 31.5100 32.5800 255.000000 0.000000 102.000000 67.000000
5.4500 31.5100 32.5800 0.000000 1.000000 102.000000 67.000000
5.4600 31.9900 33.1900 0.000000 0.000000 102.000000 67.000000
5.4700 32.3200 33.6600 0.000000 0.000000 102.000000 68.000000
5.4800 32.5200 34.1900 0.000000 0.000000 102.000000 68.000000
5.4900 32.6500 34.6900 0.000000 0.000000 102.000000 68.000000
5.5000 32.6500 34.6900 209.000000 1.000000 102.000000 68.000000
5.5100 32.7400 35.4800 279.000000 0.000000 103.000000 69.000000
5.5200 32.6600 35.7400 417.000000 0.000000 103.000000 69.000000
5.5300 32.6600 35.9100 488.000000 0.000000 103.000000 69.000000
5.5400 32.6100 35.9100 542.000000 0.000000 103.000000 69.000000
5.5500 32.5300 35.8400 570.000000 0.000000 103.000000 69.000000
5.5600 32.4300 35.7200 589.000000 0.000000 103.000000 69.000000
5.5700 32.2700 35.4300 616.000000 0.000000 103.000000 69.000000
5.5800 32.0600 35.0400 636.000000 0.000000 103.000000 69.000000
5.5900 31.8600 34.6400 658.000000 0.000000 103.000000 69.000000
5.6000 31.8600 34.2400 662.000000 0.000000 103.000000 69.000000
5.6100 31.9200 33.9700 661.000000 0.000000 103.000000 69.000000
5.6200 32.1000 33.8000 646.000000 0.000000 102.000000 68.000000
5.6300 32.3100 33.6900 644.000000 0.000000 102.000000 68.000000
5.6400 32.5600 33.6900 620.000000 0.000000 102.000000 68.000000
5.6500 32.8300 33.8100 585.000000 0.000000 102.000000 68.000000
5.6600 33.0900 34.0600 537.000000 0.000000 103.000000 69.000000
5.6700 33.2700 34.3800 512.000000 0.000000 103.000000 69.000000
5.6800 33.2700 34.7500 489.000000 0.000000 103.000000 69.000000
5.6900 33.2700 35.0600 481.000000 0.000000 103.000000 69.000000
5.7000 33.0400 35.3200 467.000000 0.000000 103.000000 69.000000
5.7100 32.8600 35.4700 467.000000 0.000000 103.000000 69.000000
5.7200 32.6800 35.5300 465.000000 0.000000 103.000000 69.000000
5.7300 32.5000 35.5300 465.000000 0.000000 103.000000 69.000000
5.7400 32.5000 35.5300 471.000000 0.000000 103.000000 69.000000
5.7500 32.6100 35.5300 468.000000 0.000000 103.000000 69.000000
5.7600 32.7900 35.6100 465.000000 0.000000 103.000000 69.000000
5.7700 33.0500 35.7200 461.000000 0.000000 102.000000 68.000000
5.7800 33.2600 35.8800 458.000000 0.000000 102.000000 68.000000
5.7900 33.4300 36.0200 460.000000 0.000000 102.000000 68.000000
5.8000 33.5100 36.1600 467.000000 0.000000 102.000000 68.000000
5.8100 33.5100 36.2600 492.000000 0.000000 102.000000 68.000000
5.8200 33.5100 36.2600 520.000000 0.000000 102.000000 68.000000
5.8300 33.5100 36.2600 538.000000 0.000000 102.000000 68.000000
5.8400 33.5100 36.2600 562.000000 0.000000 102.000000 68.000000
5.8500 33.5100 35.7800 566.000000 0.000000 102.000000 68.000000
5.8600 33.6100 35.4600 570.000000 0.000000 102.000000 68.000000
5.8700 33.7300 35.1300 575.000000 0.000000 100.000000 68.000000
5.8800 33.8800 34.9200 564.000000 0.000000 100.000000 68.000000
5.8900 34.0600 34.7800 570.000000 0.000000 100.000000 68.000000
5.9000 34.2000 34.7800 560.000000 0.000000 100.000000 69.000000
5.9100 34.3300 34.8500 564.000000 0.000000 100.000000 69.000000
5.9200 34.4100 34.9900 562.000000 0.000000 100.000000 69.000000
5.9300 34.4100 35.3200 562.000000 0.000000 100.000000 69.000000
5.9400 34.4100 35.7100 561.000000 0.000000 100.000000 69.000000
5.9500 34.4100 36.1300 561.000000 0.000000 100.000000 69.000000
5.9600 34.3500 36.5400 557.000000 0.000000 100.000000 69.000000
5.9700 34.3000 36.9300 556.000000 0.000000 100.000000 69.000000
5.9800 34.2500 37.2700 556.000000 0.000000 103.000000 69.000000
5.9900 34.2500 37.5000 556.000000 0.000000 103.000000 69.000000
6.0000 34.2500 37.5000 540.000000 0.000000 103.000000 69.000000
6.0100 34.2500 37.5000 485.000000 0.000000 105.000000 68.000000
6.0200 34.2500 37.5000 396.000000 0.000000 105.000000 68.000000
6.0300 34.3600 37.2400 245.000000 0.000000 105.000000 68.000000
6.0400 34.4100 37.0500 56.000000 0.000000 105.000000 68.000000
6.0500 34.4100 37.0500 0.000000 1.000000 108.000000 68.000000
6.0600 34.6200 36.9700 0.000000 0.000000 108.000000 68.000000
6.0700 34.7700 37.0400 0.000000 0.000000 108.000000 68.000000
6.0800 34.9500 37.1600 0.000000 0.000000 108.000000 68.000000
6.0900 34.9500 37.1600 172.000000 1.000000 108.000000 68.000000
6.1000 35.1500 37.4200 309.000000 0.000000 108.000000 68.000000
6.1100 35.1500 37.4800 471.000000 0.000000 109.000000 69.000000
6.1200 35.1500 37.4800 566.000000 0.000000 109.000000 69.000000
6.1300 35.1500 37.3900 620.000000 0.000000 109.000000 69.000000
6.1400 35.1500 37.2600 638.000000 0.000000 109.000000 69.000000
6.1500 35.0100 37.0200 644.000000 0.000000 109.000000 69.000000
6.1600 34.8900 36.6500 637.000000 0.000000 106.000000 69.000000
6.1700 34.8200 36.2000 647.000000 0.000000 106.000000 69.000000
6.1800 34.8200 35.8800 638.000000 0.000000 106.000000 69.000000
6.1900 34.9500 35.7100 636.000000 0.000000 103.000000 69.000000
6.2000 35.1200 35.6400 627.000000 0.000000 103.000000 69.000000
6.2100 35.3400 35.6900 611.000000 0.000000 103.000000 69.000000
6.2200 35.6000 35.8600 560.000000 0.000000 100.000000 69.000000
6.2300 35.9100 36.1000 445.000000 0.000000 100.000000 69.000000
6.2400 36.2100 36.4500 245.000000 0.000000 101.000000 70.000000
6.2500 36.2100 36.4500 0.000000 1.000000 101.000000 70.000000
6.2600 36.4700 37.0400 0.000000 0.000000 101.000000 70.000000
6.2700 36.3200 37.1700 0.000000 0.000000 104.000000 69.000000
6.2800 36.0300 37.2300 0.000000 0.000000 104.000000 69.000000
6.2900 35.6500 37.2300 0.000000 0.000000 104.000000 69.000000
6.3000 35.2800 37.1400 0.000000 0.000000 106.000000 69.000000
6.3100 35.2800 37.1400 297.000000 1.000000 106.000000 69.000000
6.3200 34.6000 36.9800 345.000000 0.000000 106.000000 69.000000
6.3300 34.4900 36.9800 474.000000 0.000000 109.000000 69.000000
6.3400 34.4100 36.9800 550.000000 0.000000 109.000000 69.000000
6.3500 34.4100 36.9800 567.000000 0.000000 108.000000 68.000000
6.3600 34.4100 37.0300 577.000000 0.000000 108.000000 68.000000
6.3700 34.6100 37.1700 577.000000 0.000000 108.000000 68.000000
6.3800 34.8600 37.4500 572.000000 0.000000 108.000000 68.000000
6.3900 35.1800 37.8300 560.000000 0.000000 108.000000 68.000000
6.4000 35.5000 38.1900 546.000000 0.000000 108.000000 68.000000
6.4100 35.8300 38.5500 537.000000 0.000000 108.000000 68.000000
6.4200 36.1000 38.8900 538.000000 0.000000 109.000000 69.000000
6.4300 36.3300 39.1000 540.000000 0.000000 111.000000 69.000000
6.4400 36.5200 39.2300 540.000000 0.000000 111.000000 69.000000
6.4500 36.6500 39.2800 545.000000 0.000000 111.000000 69.000000
6.4600 36.7400 39.2100 557.000000 0.000000 111.000000 69.000000
6.4700 36.7400 39.0600 567.000000 0.000000 115.000000 69.000000
6.4800 36.6300 38.7800 581.000000 0.000000 115.000000 69.000000
6.4900 36.5500 38.4600 592.000000 0.000000 115.000000 69.000000
6.5000 36.4700 38.0800 605.000000 0.000000 115.000000 69.000000
6.5100 36.4700 37.8200 605.000000 0.000000 112.000000 70.000000
6.5200 36.5300 37.6300 605.000000 0.000000 112.000000 70.000000
6.5300 36.7700 37.5500 603.000000 0.000000 112.000000 70.000000
6.5400 37.1100 37.6200 585.000000 0.000000 110.000000 70.000000
6.5500 37.5500 37.7900 537.000000 0.000000 110.000000 70.000000
6.5600 37.9300 38.0300 468.000000 0.000000 110.000000 70.000000
6.5700 38.2600 38.2900 291.000000 0.000000 109.000000 69.000000
6.5800 38.3600 38.5600 70.000000 0.000000 109.000000 69.000000
6.5900 38.3600 38.5600 0.000000 1.000000 108.000000 68.000000
6.6000 38.1000 38.7300 0.000000 0.000000 108.000000 68.000000
6.6100 37.7400 38.6500 0.000000 0.000000 107.000000 67.000000
6.6200 37.2600 38.4400 0.000000 0.000000 107.000000 67.000000
6.6300 36.7100 38.1200 0.000000 0.000000 107.000000 67.000000
6.6400 36.7100 38.1200 182.000000 1.000000 107.000000 67.000000
6.6500 36.0400 37.4800 203.000000 0.000000 107.000000 67.000000
6.6600 36.0400 37.3600 262.000000 0.000000 108.000000 68.000000
6.6700 36.2300 37.3600 315.000000 0.000000 108.000000 68.000000
6.6800 36.4700 37.4300 344.000000 0.000000 109.000000 69.000000
6.6900 36.9000 37.6600 279.000000 0.000000 109.000000 69.000000
6.7000 37.4400 37.9700 46.000000 0.000000 110.000000 70.000000
6.7100 37.4400 37.9700 0.000000 1.000000 109.000000 69.000000
6.7200 37.9100 38.3600 0.000000 0.000000 109.000000 69.000000
6.7300 37.9100 38.3600 0.000000 0.000000 108.000000 68.000000
6.7400 37.4800 38.0100 0.000000 0.000000 108.000000 68.000000
6.7500 36.9000 37.5200 0.000000 0.000000 108.000000 68.000000
6.7600 36.1900 36.8700 0.000000 0.000000 107.000000 67.000000
6.7700 35.2600 36.0100 0.000000 0.000000 107.000000 67.000000
6.7800 34.1100 35.1000 0.000000 0.000000 107.000000 67.000000
6.7900 32.8100 33.9200 0.000000 0.000000 106.000000 66.000000
6.8000 31.3800 32.5700 0.000000 0.000000 106.000000 66.000000
6.8100 29.9500 31.1400 0.000000 0.000000 106.000000 66.000000
6.8200 28.6900 29.7300 0.000000 0.000000 104.000000 66.000000
6.8300 27.5400 28.5200 0.000000 0.000000 104.000000 66.000000
6.8400 26.5700 27.4300 0.000000 0.000000 104.000000 66.000000
6.8500 26.5700 27.4300 137.000000 1.000000 102.000000 68.000000
6.8600 25.6600 26.4000 485.000000 0.000000 100.000000 68.000000
6.8700 25.7500 26.3100 491.000000 0.000000 100.000000 69.000000
6.8800 25.9600 26.4200 545.000000 0.000000 98.000000 70.000000
6.8900 26.2500 26.9300 645.000000 0.000000 98.000000 70.000000
6.9000 27.1500 27.7000 690.000000 0.000000 99.000000 71.000000
6.9100 28.5200 28.8300 719.000000 0.000000 99.000000 71.000000
6.9200 30.2000 30.2700 722.000000 0.000000 99.000000 72.000000
6.9300 32.5700 31.9300 710.000000 0.000000 102.000000 72.000000
6.9400 34.9300 33.7300 634.000000 0.000000 105.000000 71.000000
6.9500 37.3000 35.4700 460.000000 0.000000 104.000000 70.000000
