0.0000 86.7900 30.2600 163.000000 1.000000 158.000000 51.000000
0.0100 86.7900 30.2600 220.000000 0.000000 158.000000 51.000000
0.0200 86.7900 30.2600 302.000000 0.000000 158.000000 51.000000
0.0300 86.7900 29.9600 422.000000 0.000000 158.000000 51.000000
0.0400 86.8800 29.9000 522.000000 0.000000 158.000000 51.000000
0.0500 86.9400 29.9000 603.000000 0.000000 158.000000 51.000000
0.0600 86.9400 29.9000 685.000000 0.000000 157.000000 52.000000
0.0700 87.0100 29.9000 762.000000 0.000000 157.000000 52.000000
0.0800 87.0100 29.9000 823.000000 0.000000 156.000000 51.000000
0.0900 87.1100 30.0300 832.000000 0.000000 156.000000 51.000000
0.1000 87.2200 30.4000 846.000000 0.000000 157.000000 52.000000
0.1100 87.3700 30.7600 846.000000 0.000000 157.000000 52.000000
0.1200 87.5400 31.2900 845.000000 0.000000 157.000000 52.000000
0.1300 87.6000 31.9300 836.000000 0.000000 157.000000 52.000000
0.1400 87.6000 32.6600 827.000000 0.000000 157.000000 52.000000
0.1500 87.5500 33.3800 823.000000 0.000000 157.000000 52.000000
0.1600 87.4200 34.0700 808.000000 0.000000 158.000000 52.000000
0.1700 87.2200 34.7400 809.000000 0.000000 158.000000 52.000000
0.1800 87.0600 35.0200 815.000000 0.000000 158.000000 52.000000
0.1900 87.0100 35.0900 796.000000 0.000000 158.000000 52.000000
0.2000 87.0100 35.0100 787.000000 0.000000 158.000000 53.000000
0.2100 87.0600 34.7800 787.000000 0.000000 158.000000 53.000000
0.2200 87.0600 34.3400 790.000000 0.000000 158.000000 53.000000
0.2300 87.2000 33.7700 790.000000 0.000000 158.000000 53.000000
0.2400 87.3500 33.2400 800.000000 0.000000 158.000000 53.000000
0.2500 87.6100 32.7100 805.000000 0.000000 158.000000 53.000000
0.2600 87.7600 32.3500 811.000000 0.000000 158.000000 52.000000
0.2700 87.8300 32.1000 817.000000 0.000000 158.000000 52.000000
0.2800 88.0300 31.9500 823.000000 0.000000 158.000000 52.000000
0.2900 88.1900 31.9000 832.000000 0.000000 159.000000 51.000000
0.3000 88.1900 31.9000 819.000000 0.000000 159.000000 51.000000
0.3100 88.1900 31.9000 828.000000 0.000000 159.000000 51.000000
0.3200 88.4900 32.3300 827.000000 0.000000 159.000000 51.000000
0.3300 88.5900 32.7800 831.000000 0.000000 159.000000 51.000000
0.3400 88.7200 33.4400 817.000000 0.000000 160.000000 51.000000
0.3500 88.7700 34.1100 819.000000 0.000000 160.000000 51.000000
0.3600 88.7700 34.7800 817.000000 0.000000 160.000000 52.000000
0.3700 88.7700 35.2400 817.000000 0.000000 160.000000 52.000000
0.3800 88.7700 35.4300 830.000000 0.000000 160.000000 52.000000
0.3900 88.7700 35.4300 823.000000 0.000000 159.000000 53.000000
0.4000 88.7700 35.2800 817.000000 0.000000 159.000000 53.000000
0.4100 88.8500 34.8300 814.000000 0.000000 159.000000 53.000000
0.4200 88.8500 34.2000 826.000000 0.000000 159.000000 53.000000
0.4300 89.0400 33.5300 827.000000 0.000000 159.000000 53.000000
0.4400 89.2600 32.9100 818.000000 0.000000 159.000000 53.000000
0.4500 89.4200 32.4700 834.000000 0.000000 159.000000 53.000000
0.4600 89.5800 32.1200 834.000000 0.000000 160.000000 52.000000
0.4700 89.7500 31.8500 821.000000 0.000000 158.000000 52.000000
0.4800 89.9600 31.7000 819.000000 0.000000 158.000000 52.000000
0.4900 90.1800 31.6300 818.000000 0.000000 159.000000 51.000000
0.5000 90.3900 31.6300 830.000000 0.000000 158.000000 51.000000
0.5100 90.5200 31.7600 821.000000 0.000000 158.000000 51.000000
0.5200 90.6000 31.9100 826.000000 0.000000 158.000000 51.000000
0.5300 90.6600 32.0100 824.000000 0.000000 157.000000 51.000000
0.5400 90.6600 32.1100 827.000000 0.000000 157.000000 51.000000
0.5500 90.6600 32.1900 827.000000 0.000000 157.000000 51.000000
0.5600 90.6600 32.2500 818.000000 0.000000 158.000000 51.000000
0.5700 90.6100 32.2500 827.000000 0.000000 158.000000 51.000000
0.5800 90.6100 32.3000 833.000000 0.000000 158.000000 51.000000
0.5900 90.6100 32.3000 842.000000 0.000000 158.000000 51.000000
0.6000 90.6100 32.3000 846.000000 0.000000 159.000000 50.000000
0.6100 90.6100 32.3000 855.000000 0.000000 159.000000 50.000000
0.6200 90.6100 32.3000 869.000000 0.000000 159.000000 50.000000
0.6300 90.6100 32.3600 867.000000 0.000000 158.000000 51.000000
0.6400 90.6100 32.4200 873.000000 0.000000 158.000000 51.000000
0.6500 90.5500 32.5600 873.000000 0.000000 158.000000 51.000000
0.6600 90.5500 32.8300 876.000000 0.000000 158.000000 51.000000
0.6700 90.4500 33.1900 873.000000 0.000000 157.000000 51.000000
0.6800 90.3800 33.5000 866.000000 0.000000 157.000000 51.000000
0.6900 90.2900 33.8400 869.000000 0.000000 157.000000 51.000000
0.7000 90.2300 34.1900 881.000000 0.000000 156.000000 51.000000
0.7100 90.2300 34.3900 881.000000 0.000000 156.000000 51.000000
0.7200 90.2300 34.5100 882.000000 0.000000 155.000000 51.000000
0.7300 90.2900 34.5900 884.000000 0.000000 155.000000 51.000000
0.7400 90.2900 34.6400 882.000000 0.000000 155.000000 51.000000
0.7500 90.2900 34.6400 884.000000 0.000000 154.000000 52.000000
0.7600 90.2900 34.6400 881.000000 0.000000 153.000000 52.000000
0.7700 90.3600 34.6400 879.000000 0.000000 153.000000 52.000000
0.7800 90.4500 34.5900 879.000000 0.000000 154.000000 52.000000
0.7900 90.6000 34.4800 879.000000 0.000000 154.000000 52.000000
0.8000 90.8100 34.2600 884.000000 0.000000 154.000000 52.000000
0.8100 91.0200 33.9800 882.000000 0.000000 154.000000 52.000000
0.8200 91.2200 33.7300 878.000000 0.000000 154.000000 52.000000
0.8300 91.3400 33.5500 872.000000 0.000000 154.000000 52.000000
0.8400 91.4000 33.4100 869.000000 0.000000 155.000000 51.000000
0.8500 91.4000 33.3500 860.000000 0.000000 156.000000 51.000000
0.8600 91.4000 33.3500 861.000000 0.000000 156.000000 51.000000
0.8700 91.4000 33.3500 842.000000 0.000000 156.000000 51.000000
0.8800 91.4000 33.3500 824.000000 0.000000 156.000000 51.000000
0.8900 91.4000 33.3500 817.000000 0.000000 156.000000 51.000000
0.9000 91.4000 33.4200 793.000000 0.000000 156.000000 51.000000
0.9100 91.2800 33.5700 788.000000 0.000000 156.000000 51.000000
0.9200 91.2000 33.7100 760.000000 0.000000 156.000000 51.000000
0.9300 91.0700 33.8400 757.000000 0.000000 156.000000 51.000000
0.9400 90.9100 33.9300 754.000000 0.000000 156.000000 51.000000
0.9500 90.7400 33.9300 755.000000 0.000000 156.000000 51.000000
0.9600 90.5100 33.9300 758.000000 0.000000 156.000000 51.000000
0.9700 90.2300 33.9300 761.000000 0.000000 156.000000 51.000000
0.9800 90.1500 33.8800 753.000000 0.000000 155.000000 51.000000
0.9900 90.1500 33.8800 770.000000 0.000000 155.000000 51.000000
1.0000 90.1500 33.8800 790.000000 0.000000 155.000000 51.000000
1.0100 90.1500 33.8800 787.000000 0.000000 155.000000 51.000000
1.0200 90.2200 33.9500 768.000000 0.000000 155.000000 51.000000
1.0300 90.3000 33.9500 751.000000 0.000000 153.000000 51.000000
1.0400 90.3600 33.9500 699.000000 0.000000 153.000000 51.000000
1.0500 90.6100 34.0400 440.000000 0.000000 153.000000 51.000000
1.0600 90.6100 34.0400 0.000000 1.000000 153.000000 51.000000
1.0700 91.0600 33.9900 0.000000 0.000000 153.000000 51.000000
1.0800 91.0600 33.9300 0.000000 0.000000 155.000000 51.000000
1.0900 91.0000 33.9300 0.000000 0.000000 155.000000 51.000000
1.1000 91.0000 33.8300 0.000000 0.000000 156.000000 51.000000
1.1100 91.0700 33.7600 0.000000 0.000000 157.000000 52.000000
1.1200 91.1200 33.7100 0.000000 0.000000 159.000000 51.000000
1.1300 91.2300 33.6200 0.000000 0.000000 159.000000 51.000000
1.1400 91.3900 33.5300 0.000000 0.000000 161.000000 50.000000
1.1500 91.5600 33.4200 0.000000 0.000000 162.000000 51.000000
1.1600 91.6500 33.3300 0.000000 0.000000 163.000000 50.000000
1.1700 91.7000 33.2300 0.000000 0.000000 164.000000 50.000000
1.1800 91.7000 33.1400 0.000000 0.000000 164.000000 50.000000
1.1900 91.7000 33.0600 0.000000 0.000000 163.000000 50.000000
1.2000 91.7000 32.9400 0.000000 0.000000 163.000000 50.000000
1.2100 91.6400 32.8600 0.000000 0.000000 163.000000 50.000000
1.2200 91.6400 32.8600 0.000000 0.000000 162.000000 50.000000
1.2300 91.5900 32.8000 0.000000 0.000000 162.000000 50.000000
1.2400 91.5900 32.8000 0.000000 0.000000 162.000000 50.000000
1.2500 91.5900 32.8500 0.000000 0.000000 162.000000 50.000000
1.2600 91.5300 32.8500 0.000000 0.000000 162.000000 50.000000
1.2700 91.5300 32.8500 244.000000 1.000000 161.000000 50.000000
1.2800 91.5900 32.5900 399.000000 0.000000 160.000000 50.000000
1.2900 91.5900 32.5300 407.000000 0.000000 160.000000 50.000000
1.3000 91.5900 32.5300 465.000000 0.000000 160.000000 50.000000
1.3100 91.7100 32.3400 518.000000 0.000000 159.000000 51.000000
1.3200 91.7800 32.1500 551.000000 0.000000 159.000000 51.000000
1.3300 91.7800 31.9500 548.000000 0.000000 159.000000 51.000000
1.3400 91.8300 31.8000 539.000000 0.000000 159.000000 51.000000
1.3500 91.8300 31.6900 512.000000 0.000000 159.000000 51.000000
1.3600 91.8300 31.5800 423.000000 0.000000 158.000000 51.000000
1.3700 91.8300 31.5800 312.000000 0.000000 158.000000 51.000000
1.3800 91.8300 31.5800 206.000000 0.000000 158.000000 51.000000
1.3900 91.7800 31.5800 110.000000 0.000000 158.000000 51.000000
1.4000 91.6900 31.7400 91.000000 0.000000 158.000000 51.000000
1.4100 91.5400 31.9300 106.000000 0.000000 158.000000 51.000000
1.4200 91.4000 32.1900 167.000000 0.000000 158.000000 51.000000
1.4300 91.2900 32.4800 311.000000 0.000000 158.000000 51.000000
1.4400 91.2400 32.8000 366.000000 0.000000 158.000000 51.000000
1.4500 91.2400 33.0400 423.000000 0.000000 158.000000 51.000000
1.4600 91.4000 33.1500 480.000000 0.000000 158.000000 51.000000
1.4700 91.5700 33.1500 510.000000 0.000000 158.000000 51.000000
1.4800 91.8000 33.1000 517.000000 0.000000 158.000000 51.000000
1.4900 92.0500 32.9900 527.000000 0.000000 158.000000 51.000000
1.5000 92.0500 32.9900 566.000000 0.000000 158.000000 51.000000
1.5100 92.5100 32.6400 583.000000 0.000000 158.000000 51.000000
1.5200 92.6400 32.4600 592.000000 0.000000 158.000000 51.000000
1.5300 92.7200 32.2600 605.000000 0.000000 159.000000 51.000000
1.5400 92.7200 32.0600 620.000000 0.000000 159.000000 51.000000
1.5500 92.7200 31.8800 641.000000 0.000000 159.000000 51.000000
1.5600 92.5600 31.7000 662.000000 0.000000 159.000000 51.000000
1.5700 92.3300 31.5100 675.000000 0.000000 159.000000 51.000000
1.5800 92.1100 31.3700 682.000000 0.000000 159.000000 51.000000
1.5900 91.9200 31.2700 687.000000 0.000000 159.000000 51.000000
1.6000 91.7600 31.2000 673.000000 0.000000 159.000000 51.000000
1.6100 91.6900 31.2000 645.000000 0.000000 159.000000 51.000000
1.6200 91.6900 31.2000 566.000000 0.000000 159.000000 51.000000
1.6300 91.6900 31.2000 447.000000 0.000000 157.000000 52.000000
1.6400 91.6900 31.3500 314.000000 0.000000 157.000000 52.000000
1.6500 91.7600 31.5900 141.000000 0.000000 157.000000 52.000000
1.6600 91.7600 31.5900 0.000000 1.000000 157.000000 52.000000
1.6700 92.1400 32.0700 0.000000 0.000000 158.000000 51.000000
1.6800 92.3400 32.3200 0.000000 0.000000 158.000000 51.000000
1.6900 92.3400 32.3200 83.000000 1.000000 158.000000 51.000000
1.7000 92.7500 32.7600 185.000000 0.000000 159.000000 51.000000
1.7100 92.8800 32.9100 324.000000 0.000000 159.000000 51.000000
1.7200 93.0100 33.0000 417.000000 0.000000 159.000000 51.000000
1.7300 93.0800 33.0000 491.000000 0.000000 159.000000 51.000000
1.7400 93.0800 32.9000 543.000000 0.000000 159.000000 51.000000
1.7500 93.1900 32.7100 605.000000 0.000000 159.000000 51.000000
1.7600 93.2600 32.4600 672.000000 0.000000 159.000000 51.000000
1.7700 93.3500 32.1600 696.000000 0.000000 159.000000 51.000000
1.7800 93.4500 31.9600 721.000000 0.000000 159.000000 51.000000
1.7900 93.5900 31.8300 742.000000 0.000000 160.000000 51.000000
1.8000 93.8200 31.7700 750.000000 0.000000 160.000000 51.000000
1.8100 94.1100 31.7100 767.000000 0.000000 160.000000 51.000000
1.8200 94.4200 31.7100 773.000000 0.000000 162.000000 52.000000
1.8300 94.7600 31.8300 779.000000 0.000000 162.000000 52.000000
1.8400 94.9600 31.9100 780.000000 0.000000 162.000000 52.000000
1.8500 95.0700 31.9800 779.000000 0.000000 162.000000 52.000000
1.8600 95.1600 32.0600 760.000000 0.000000 162.000000 52.000000
1.8700 95.1600 32.1500 724.000000 0.000000 162.000000 52.000000
1.8800 95.1600 32.1500 581.000000 0.000000 161.000000 52.000000
1.8900 95.1600 32.1500 267.000000 0.000000 161.000000 52.000000
1.9000 95.1600 32.1500 0.000000 1.000000 161.000000 52.000000
1.9100 94.7300 31.9800 0.000000 0.000000 161.000000 52.000000
1.9200 94.4900 31.9800 0.000000 0.000000 161.000000 52.000000
1.9300 94.2500 31.9800 0.000000 0.000000 161.000000 52.000000
1.9400 94.0200 32.0800 0.000000 0.000000 162.000000 52.000000
1.9500 93.7700 32.0800 0.000000 0.000000 162.000000 52.000000
1.9600 93.5700 32.1900 0.000000 0.000000 162.000000 52.000000
1.9700 93.4000 32.3000 0.000000 0.000000 162.000000 52.000000
1.9800 93.2200 32.3000 0.000000 0.000000 160.000000 51.000000
1.9900 93.2200 32.3000 309.000000 1.000000 160.000000 51.000000
2.0000 92.9600 32.3000 364.000000 0.000000 160.000000 51.000000
2.0100 92.9600 32.3800 486.000000 0.000000 160.000000 51.000000
2.0200 92.9600 32.3800 619.000000 0.000000 159.000000 51.000000
2.0300 93.0200 32.3800 665.000000 0.000000 159.000000 51.000000
2.0400 93.1100 32.3800 687.000000 0.000000 159.000000 51.000000
2.0500 93.3700 32.3800 702.000000 0.000000 159.000000 51.000000
2.0600 93.7100 32.3800 697.000000 0.000000 160.000000 51.000000
2.0700 94.1300 32.4300 631.000000 0.000000 160.000000 51.000000
2.0800 94.5300 32.4800 494.000000 0.000000 160.000000 51.000000
2.0900 94.7200 32.5600 307.000000 0.000000 160.000000 51.000000
2.1000 94.7700 32.5600 146.000000 0.000000 162.000000 52.000000
2.1100 94.7700 32.5600 0.000000 1.000000 162.000000 52.000000
2.1200 94.5600 32.6700 0.000000 0.000000 162.000000 52.000000
2.1300 94.3500 32.7700 0.000000 0.000000 162.000000 52.000000
2.1400 94.3500 32.7700 34.000000 1.000000 162.000000 52.000000
2.1500 93.7900 33.0000 146.000000 0.000000 162.000000 52.000000
2.1600 93.5000 33.1600 274.000000 0.000000 162.000000 52.000000
2.1700 93.3400 33.2700 402.000000 0.000000 161.000000 52.000000
2.1800 93.3400 33.3600 501.000000 0.000000 161.000000 52.000000
2.1900 93.3400 33.4200 570.000000 0.000000 160.000000 52.000000
2.2000 93.4900 33.4200 616.000000 0.000000 160.000000 52.000000
2.2100 93.6300 33.5000 646.000000 0.000000 160.000000 52.000000
2.2200 93.8100 33.5000 663.000000 0.000000 158.000000 52.000000
2.2300 94.1100 33.5000 684.000000 0.000000 158.000000 52.000000
2.2400 94.4800 33.5000 694.000000 0.000000 158.000000 52.000000
2.2500 94.7400 33.3100 700.000000 0.000000 158.000000 52.000000
2.2600 94.8800 33.1600 708.000000 0.000000 158.000000 52.000000
2.2700 94.9400 32.8900 713.000000 0.000000 160.000000 52.000000
2.2800 95.0000 32.6500 722.000000 0.000000 160.000000 52.000000
2.2900 95.0000 32.4600 728.000000 0.000000 160.000000 52.000000
2.3000 95.0500 32.3000 737.000000 0.000000 161.000000 52.000000
2.3100 95.1200 32.1200 755.000000 0.000000 161.000000 52.000000
2.3200 95.2100 32.0400 753.000000 0.000000 161.000000 52.000000
2.3300 95.3800 32.0400 757.000000 0.000000 161.000000 52.000000
2.3400 95.6200 32.0400 746.000000 0.000000 161.000000 52.000000
2.3500 95.9300 32.1200 702.000000 0.000000 162.000000 53.000000
2.3600 96.2700 32.2200 553.000000 0.000000 162.000000 53.000000
2.3700 96.4800 32.3600 187.000000 0.000000 162.000000 53.000000
2.3800 96.4800 32.3600 0.000000 1.000000 162.000000 53.000000
2.3900 96.6700 32.4800 0.000000 0.000000 162.000000 53.000000
2.4000 96.6700 32.4800 0.000000 0.000000 162.000000 53.000000
2.4100 96.5600 32.5600 0.000000 0.000000 162.000000 53.000000
2.4200 96.5600 32.5600 0.000000 0.000000 162.000000 53.000000
2.4300 96.5600 32.5600 0.000000 0.000000 162.000000 53.000000
2.4400 96.5600 32.5600 0.000000 0.000000 162.000000 53.000000
2.4500 96.7500 32.8400 0.000000 0.000000 161.000000 52.000000
2.4600 96.8800 32.9500 0.000000 0.000000 162.000000 52.000000
2.4700 97.0000 33.0800 0.000000 0.000000 162.000000 52.000000
2.4800 97.0800 33.1600 0.000000 0.000000 162.000000 52.000000
2.4900 97.1700 33.2300 0.000000 0.000000 163.000000 52.000000
2.5000 97.2600 33.3200 0.000000 0.000000 163.000000 52.000000
2.5100 97.3200 33.3200 0.000000 0.000000 164.000000 52.000000
2.5200 97.4100 33.4000 0.000000 0.000000 165.000000 51.000000
2.5300 97.5100 33.4000 0.000000 0.000000 166.000000 51.000000
2.5400 97.5900 33.4800 0.000000 0.000000 166.000000 51.000000
2.5500 97.6600 33.4800 0.000000 0.000000 166.000000 51.000000
2.5600 97.7900 33.4800 0.000000 0.000000 166.000000 51.000000
2.5700 97.8800 33.4200 0.000000 0.000000 166.000000 51.000000
2.5800 97.8800 33.3400 0.000000 0.000000 166.000000 51.000000
2.5900 97.8800 33.1100 0.000000 0.000000 166.000000 52.000000
2.6000 97.9500 32.7800 0.000000 0.000000 166.000000 52.000000
2.6100 97.9500 32.7800 285.000000 1.000000 166.000000 52.000000
2.6200 97.9500 32.2900 353.000000 0.000000 165.000000 53.000000
2.6300 97.9500 32.2900 491.000000 0.000000 165.000000 53.000000
2.6400 97.9500 32.2000 646.000000 0.000000 165.000000 53.000000
2.6500 97.9500 32.2000 763.000000 0.000000 165.000000 53.000000
2.6600 97.9500 32.2000 845.000000 0.000000 165.000000 53.000000
2.6700 98.0100 32.3300 894.000000 0.000000 165.000000 53.000000
2.6800 98.0600 32.4200 923.000000 0.000000 165.000000 53.000000
2.6900 98.1300 32.6600 932.000000 0.000000 165.000000 53.000000
2.7000 98.2500 33.0000 932.000000 0.000000 164.000000 54.000000
2.7100 98.2500 33.3700 921.000000 0.000000 163.000000 54.000000
2.7200 98.2500 33.8100 914.000000 0.000000 163.000000 54.000000
2.7300 98.2500 34.3000 902.000000 0.000000 163.000000 54.000000
2.7400 98.2500 34.7800 878.000000 0.000000 161.000000 55.000000
2.7500 98.1500 35.2900 861.000000 0.000000 161.000000 55.000000
2.7600 98.1500 35.8200 857.000000 0.000000 160.000000 54.000000
2.7700 98.0300 36.2600 853.000000 0.000000 160.000000 54.000000
2.7800 97.9300 36.4800 855.000000 0.000000 160.000000 54.000000
2.7900 97.8800 36.5600 855.000000 0.000000 158.000000 54.000000
2.8000 97.8800 36.5100 869.000000 0.000000 158.000000 54.000000
2.8100 97.8800 36.4200 863.000000 0.000000 158.000000 54.000000
2.8200 97.9800 36.0200 870.000000 0.000000 158.000000 54.000000
2.8300 98.1100 35.4400 881.000000 0.000000 159.000000 53.000000
2.8400 98.2200 34.9200 891.000000 0.000000 160.000000 53.000000
2.8500 98.3100 34.5200 891.000000 0.000000 160.000000 54.000000
2.8600 98.4700 34.2000 888.000000 0.000000 160.000000 54.000000
2.8700 98.6100 34.0600 888.000000 0.000000 160.000000 54.000000
2.8800 98.7200 34.0600 893.000000 0.000000 160.000000 54.000000
2.8900 98.8600 34.0600 890.000000 0.000000 161.000000 55.000000
2.9000 98.9800 34.0600 879.000000 0.000000 161.000000 55.000000
2.9100 99.0900 34.3300 878.000000 0.000000 161.000000 55.000000
2.9200 99.2400 34.7300 857.000000 0.000000 161.000000 55.000000
2.9300 99.2900 35.1400 867.000000 0.000000 161.000000 55.000000
2.9400 99.2900 35.5800 846.000000 0.000000 161.000000 55.000000
2.9500 99.2900 36.0500 843.000000 0.000000 161.000000 55.000000
2.9600 99.2000 36.4200 825.000000 0.000000 161.000000 55.000000
2.9700 99.1000 36.7700 842.000000 0.000000 161.000000 55.000000
2.9800 99.0500 36.8800 840.000000 0.000000 161.000000 55.000000
2.9900 99.0500 36.8800 837.000000 0.000000 161.000000 55.000000
3.0000 99.0500 36.7600 864.000000 0.000000 163.000000 55.000000
3.0100 99.1100 36.4500 860.000000 0.000000 163.000000 54.000000
3.0200 99.2600 35.9900 875.000000 0.000000 163.000000 54.000000
3.0300 99.3500 35.5300 905.000000 0.000000 163.000000 54.000000
3.0400 99.3500 35.1300 899.000000 0.000000 163.000000 54.000000
3.0500 99.4800 34.7600 903.000000 0.000000 162.000000 54.000000
3.0600 99.6200 34.3900 896.000000 0.000000 161.000000 55.000000
3.0700 99.7700 34.0600 893.000000 0.000000 161.000000 55.000000
3.0800 99.9300 33.8400 858.000000 0.000000 160.000000 54.000000
3.0900 100.0400 33.6900 776.000000 0.000000 158.000000 54.000000
3.1000 100.1200 33.5600 636.000000 0.000000 158.000000 54.000000
3.1100 100.2000 33.5600 413.000000 0.000000 158.000000 54.000000
3.1200 100.2000 33.5600 0.000000 1.000000 157.000000 54.000000
3.1300 100.3700 33.6700 0.000000 0.000000 158.000000 53.000000
3.1400 100.3700 33.9000 0.000000 0.000000 158.000000 53.000000
3.1500 100.2500 34.2100 0.000000 0.000000 156.000000 53.000000
3.1600 100.2500 34.5500 0.000000 0.000000 156.000000 53.000000
3.1700 100.2500 34.8700 0.000000 0.000000 156.000000 53.000000
3.1800 100.3000 34.9300 0.000000 0.000000 158.000000 53.000000
3.1900 100.3000 34.9300 310.000000 1.000000 158.000000 53.000000
3.2000 100.3000 34.9300 343.000000 0.000000 158.000000 53.000000
3.2100 100.5400 34.5400 425.000000 0.000000 158.000000 53.000000
3.2200 100.7000 34.1700 560.000000 0.000000 159.000000 53.000000
3.2300 100.8200 33.8000 653.000000 0.000000 158.000000 54.000000
3.2400 100.9000 33.4800 702.000000 0.000000 158.000000 54.000000
3.2500 100.9000 33.2000 733.000000 0.000000 158.000000 54.000000
3.2600 100.9000 33.0000 743.000000 0.000000 158.000000 54.000000
3.2700 100.9500 33.0000 771.000000 0.000000 158.000000 54.000000
3.2800 100.9500 33.0000 794.000000 0.000000 159.000000 53.000000
3.2900 100.9500 33.2000 785.000000 0.000000 159.000000 53.000000
3.3000 100.9500 33.5000 790.000000 0.000000 159.000000 53.000000
3.3100 100.9000 33.8900 790.000000 0.000000 159.000000 53.000000
3.3200 100.9000 34.2900 797.000000 0.000000 159.000000 53.000000
3.3300 100.9000 34.6900 790.000000 0.000000 158.000000 54.000000
3.3400 100.9000 35.0800 797.000000 0.000000 158.000000 54.000000
3.3500 100.9700 35.2700 784.000000 0.000000 160.000000 54.000000
3.3600 101.0300 35.2700 783.000000 0.000000 160.000000 54.000000
3.3700 101.1000 35.2700 796.000000 0.000000 160.000000 54.000000
3.3800 101.2300 35.0400 797.000000 0.000000 161.000000 55.000000
3.3900 101.3900 34.7300 799.000000 0.000000 161.000000 55.000000
3.4000 101.5500 34.3300 818.000000 0.000000 161.000000 55.000000
3.4100 101.6900 34.0300 842.000000 0.000000 161.000000 55.000000
3.4200 101.8200 33.7300 837.000000 0.000000 161.000000 55.000000
3.4300 101.9100 33.4600 830.000000 0.000000 161.000000 55.000000
3.4400 102.0100 33.2300 806.000000 0.000000 161.000000 55.000000
3.4500 102.0100 33.1100 748.000000 0.000000 161.000000 55.000000
3.4600 102.0100 33.1100 638.000000 0.000000 161.000000 55.000000
3.4700 102.0100 33.1100 509.000000 0.000000 161.000000 55.000000
3.4800 101.8600 33.1100 282.000000 0.000000 160.000000 53.000000
3.4900 101.7000 33.1700 83.000000 0.000000 160.000000 53.000000
3.5000 101.7000 33.1700 0.000000 1.000000 160.000000 53.000000
3.5100 101.1900 33.5000 0.000000 0.000000 160.000000 53.000000
3.5200 101.1900 33.5000 75.000000 1.000000 160.000000 53.000000
3.5300 100.7600 34.0300 247.000000 0.000000 160.000000 53.000000
3.5400 100.6600 34.1500 438.000000 0.000000 159.000000 53.000000
3.5500 100.6600 34.2400 578.000000 0.000000 159.000000 53.000000
3.5600 100.6600 34.2400 663.000000 0.000000 159.000000 53.000000
3.5700 100.7600 34.2400 730.000000 0.000000 159.000000 53.000000
3.5800 100.9000 34.2400 739.000000 0.000000 157.000000 54.000000
3.5900 100.9000 34.2400 750.000000 0.000000 158.000000 54.000000
3.6000 101.3500 34.1900 750.000000 0.000000 158.000000 54.000000
3.6100 101.6700 34.2600 755.000000 0.000000 158.000000 54.000000
3.6200 102.0200 34.4100 736.000000 0.000000 160.000000 54.000000
3.6300 102.2800 34.5300 717.000000 0.000000 160.000000 54.000000
3.6400 102.4200 34.6300 696.000000 0.000000 161.000000 55.000000
3.6500 102.4700 34.7000 673.000000 0.000000 161.000000 55.000000
3.6600 102.4700 34.7000 664.000000 0.000000 163.000000 55.000000
3.6700 102.5200 34.7000 667.000000 0.000000 163.000000 55.000000
3.6800 102.5200 34.5000 684.000000 0.000000 163.000000 55.000000
3.6900 102.5900 34.2200 705.000000 0.000000 163.000000 55.000000
3.7000 102.5900 33.9100 725.000000 0.000000 163.000000 55.000000
3.7100 102.5900 33.6100 750.000000 0.000000 163.000000 55.000000
3.7200 102.5900 33.4300 771.000000 0.000000 163.000000 55.000000
3.7300 102.6500 33.3200 784.000000 0.000000 163.000000 55.000000
3.7400 102.6500 33.3800 806.000000 0.000000 163.000000 55.000000
3.7500 102.6500 33.5100 805.000000 0.000000 163.000000 55.000000
3.7600 102.6500 33.6800 803.000000 0.000000 163.000000 55.000000
3.7700 102.5800 33.9700 808.000000 0.000000 163.000000 55.000000
3.7800 102.5800 34.2600 803.000000 0.000000 163.000000 55.000000
3.7900 102.4800 34.5800 805.000000 0.000000 163.000000 55.000000
3.8000 102.4800 34.9200 794.000000 0.000000 163.000000 55.000000
3.8100 102.4800 35.2500 796.000000 0.000000 163.000000 55.000000
3.8200 102.4800 35.4800 793.000000 0.000000 162.000000 56.000000
3.8300 102.6500 35.6400 788.000000 0.000000 162.000000 56.000000
3.8400 102.8200 35.7800 787.000000 0.000000 162.000000 56.000000
3.8500 102.9900 35.7200 797.000000 0.000000 163.000000 56.000000
3.8600 103.1600 35.6100 791.000000 0.000000 163.000000 56.000000
3.8700 103.2900 35.4100 785.000000 0.000000 163.000000 56.000000
3.8800 103.3800 35.2100 787.000000 0.000000 163.000000 56.000000
3.8900 103.3800 35.0000 785.000000 0.000000 163.000000 56.000000
3.9000 103.2700 34.8400 788.000000 0.000000 163.000000 56.000000
3.9100 103.1200 34.7100 794.000000 0.000000 163.000000 56.000000
3.9200 102.9700 34.6100 797.000000 0.000000 163.000000 56.000000
3.9300 102.8300 34.4700 785.000000 0.000000 163.000000 56.000000
3.9400 102.7300 34.4000 787.000000 0.000000 163.000000 56.000000
3.9500 102.7300 34.4000 790.000000 0.000000 163.000000 56.000000
3.9600 102.7300 34.3400 800.000000 0.000000 163.000000 56.000000
3.9700 102.8100 34.2700 808.000000 0.000000 163.000000 56.000000
3.9800 103.0100 34.1500 809.000000 0.000000 164.000000 55.000000
3.9900 103.3000 34.1000 808.000000 0.000000 163.000000 55.000000
4.0000 103.6000 34.1000 787.000000 0.000000 163.000000 55.000000
4.0100 103.8900 34.0500 736.000000 0.000000 163.000000 55.000000
4.0200 104.0100 33.9800 527.000000 0.000000 163.000000 55.000000
4.0300 104.0100 33.9800 0.000000 1.000000 163.000000 55.000000
4.0400 104.0100 33.7300 0.000000 0.000000 163.000000 55.000000
4.0500 103.9000 33.7300 0.000000 0.000000 163.000000 55.000000
4.0600 103.8000 33.8900 0.000000 0.000000 163.000000 55.000000
4.0700 103.8000 34.1000 0.000000 0.000000 163.000000 55.000000
4.0800 103.6800 34.3500 0.000000 0.000000 161.000000 55.000000
4.0900 103.5500 34.6300 0.000000 0.000000 162.000000 54.000000
4.1000 103.2500 34.4600 0.000000 0.000000 161.000000 52.000000
4.1100 103.0400 34.4600 0.000000 0.000000 160.000000 51.000000
4.1200 102.9000 34.6200 0.000000 0.000000 161.000000 49.000000
4.1300 102.6600 34.6200 0.000000 0.000000 161.000000 48.000000
4.1400 102.5600 34.5400 0.000000 0.000000 161.000000 46.000000
4.1500 102.5600 34.4300 0.000000 0.000000 163.000000 44.000000
4.1600 102.5600 34.2800 0.000000 0.000000 164.000000 42.000000
4.1700 102.5600 34.1000 0.000000 0.000000 166.000000 39.000000
4.1800 102.7100 33.8600 0.000000 0.000000 167.000000 37.000000
4.1900 102.7100 33.6000 0.000000 0.000000 167.000000 36.000000
4.2000 102.7100 33.3600 0.000000 0.000000 168.000000 34.000000
4.2100 102.7100 33.0500 0.000000 0.000000 168.000000 34.000000
4.2200 102.6500 32.6000 0.000000 0.000000 168.000000 33.000000
4.2300 102.3300 32.0500 0.000000 0.000000 166.000000 34.000000
4.2400 101.8500 31.6400 0.000000 0.000000 163.000000 35.000000
4.2500 101.2100 31.2300 0.000000 0.000000 160.000000 35.000000
4.2600 100.4900 30.8300 0.000000 0.000000 156.000000 36.000000
4.2700 99.7200 30.4500 0.000000 0.000000 154.000000 38.000000
4.2800 98.9800 30.1000 0.000000 0.000000 154.000000 40.000000
4.2900 98.2500 29.7500 0.000000 0.000000 153.000000 42.000000
4.3000 97.5100 29.4000 0.000000 0.000000 153.000000 44.000000
4.3100 96.7400 29.0600 0.000000 0.000000 151.000000 46.000000
4.3200 95.9600 28.7600 0.000000 0.000000 148.000000 48.000000
4.3300 95.2600 28.5000 0.000000 0.000000 146.000000 50.000000
4.3400 94.5400 28.2200 0.000000 0.000000 153.000000 54.000000
4.3500 93.7500 28.0000 0.000000 0.000000 163.000000 57.000000
4.3600 93.3400 27.8100 0.000000 0.000000 170.000000 58.000000
4.3700 93.2100 27.9200 0.000000 0.000000 180.000000 59.000000
4.3800 93.0900 27.9200 0.000000 0.000000 175.000000 59.000000
4.3900 92.9700 27.7600 0.000000 0.000000 170.000000 59.000000
4.4000 92.8600 27.8400 0.000000 0.000000 167.000000 58.000000
4.4100 92.7700 27.7800 0.000000 0.000000 163.000000 57.000000
4.4200 92.7000 27.6200 0.000000 0.000000 160.000000 55.000000
4.4300 92.6300 27.5500 0.000000 0.000000 159.000000 55.000000
4.4400 92.6300 27.4700 0.000000 0.000000 160.000000 54.000000
4.4500 92.4800 27.4700 0.000000 0.000000 160.000000 53.000000
4.4600 92.1300 27.4700 0.000000 0.000000 162.000000 53.000000
4.4700 91.9400 27.4700 0.000000 0.000000 162.000000 53.000000
4.4800 91.7700 27.5300 0.000000 0.000000 162.000000 53.000000
4.4900 91.6300 27.6000 0.000000 0.000000 162.000000 53.000000
4.5000 91.6300 27.6000 0.000000 0.000000 162.000000 54.000000
4.5100 91.6300 27.6000 0.000000 0.000000 162.000000 54.000000
4.5200 91.5700 28.0300 0.000000 0.000000 162.000000 54.000000
4.5300 91.6400 28.2400 0.000000 0.000000 162.000000 54.000000
4.5400 91.7700 28.4400 0.000000 0.000000 162.000000 54.000000
4.5500 92.0800 28.7100 0.000000 0.000000 161.000000 55.000000
4.5600 92.5100 29.0200 0.000000 0.000000 160.000000 54.000000
4.5700 93.0600 29.3700 0.000000 0.000000 160.000000 54.000000
4.5800 93.8600 29.8300 0.000000 0.000000 160.000000 54.000000
4.5900 94.8200 30.3600 0.000000 0.000000 159.000000 53.000000
4.6000 96.0000 30.9300 0.000000 0.000000 160.000000 53.000000
4.6100 97.1000 31.4600 0.000000 0.000000 161.000000 52.000000
4.6200 98.1400 31.8800 0.000000 0.000000 161.000000 52.000000
4.6300 99.0700 32.1800 0.000000 0.000000 163.000000 52.000000
4.6400 99.7600 32.3700 0.000000 0.000000 164.000000 52.000000
4.6500 100.2900 32.5000 0.000000 0.000000 166.000000 51.000000
4.6600 100.7000 32.6300 0.000000 0.000000 166.000000 51.000000
4.6700 101.0700 32.7700 0.000000 0.000000 167.000000 51.000000
4.6800 101.4000 32.9200 0.000000 0.000000 168.000000 50.000000
4.6900 101.7100 33.0800 0.000000 0.000000 168.000000 50.000000
4.7000 102.0200 33.2400 0.000000 0.000000 168.000000 50.000000
4.7100 102.3400 33.3900 0.000000 0.000000 168.000000 50.000000
4.7200 102.6600 33.5200 0.000000 0.000000 168.000000 50.000000
4.7300 102.9500 33.6400 0.000000 0.000000 167.000000 50.000000
4.7400 103.2200 33.7600 0.000000 0.000000 167.000000 50.000000
4.7500 103.5300 33.8800 0.000000 0.000000 167.000000 50.000000
4.7600 103.7500 34.0100 0.000000 0.000000 167.000000 50.000000
4.7700 103.9100 34.1200 0.000000 0.000000 166.000000 51.000000
4.7800 103.9700 34.2400 0.000000 0.000000 166.000000 51.000000
4.7900 103.9700 34.3200 0.000000 0.000000 166.000000 51.000000
4.8000 103.9200 34.3900 0.000000 0.000000 166.000000 51.000000
4.8100 103.8600 34.4600 0.000000 0.000000 166.000000 51.000000
4.8200 103.8100 34.5300 0.000000 0.000000 166.000000 51.000000
4.8300 103.8100 34.6200 0.000000 0.000000 166.000000 51.000000
4.8400 103.8600 34.7200 0.000000 0.000000 166.000000 51.000000
4.8500 103.9600 34.8400 0.000000 0.000000 166.000000 51.000000
4.8600 104.0700 34.9600 0.000000 0.000000 166.000000 51.000000
4.8700 104.1500 35.0400 0.000000 0.000000 166.000000 51.000000
4.8800 104.2100 35.1000 0.000000 0.000000 166.000000 51.000000
4.8900 104.1600 35.1000 0.000000 0.000000 166.000000 51.000000
4.9000 104.0600 35.1600 0.000000 0.000000 166.000000 51.000000
4.9100 103.9300 35.1600 0.000000 0.000000 166.000000 51.000000
4.9200 103.8400 35.1100 0.000000 0.000000 166.000000 51.000000
4.9300 103.8400 35.1100 0.000000 0.000000 167.000000 50.000000
4.9400 103.9500 34.9100 0.000000 0.000000 167.000000 50.000000
4.9500 104.0900 34.6800 0.000000 0.000000 167.000000 49.000000
4.9600 104.2000 34.9900 0.000000 0.000000 167.000000 49.000000
4.9700 104.2000 34.9900 0.000000 0.000000 167.000000 49.000000
4.9800 104.2000 34.9900 0.000000 0.000000 166.000000 48.000000
4.9900 104.3300 34.7000 0.000000 0.000000 166.000000 48.000000
5.0000 104.2200 34.5900 0.000000 0.000000 166.000000 48.000000
5.0100 104.1400 34.4600 0.000000 0.000000 167.000000 48.000000
5.0200 104.0600 34.3400 0.000000 0.000000 167.000000 49.000000
5.0300 103.9800 34.1200 0.000000 0.000000 167.000000 49.000000
5.0400 103.9100 33.8100 0.000000 0.000000 167.000000 49.000000
5.0500 103.8500 34.2600 0.000000 0.000000 167.000000 50.000000
5.0600 103.8000 34.3800 0.000000 0.000000 168.000000 50.000000
5.0700 103.8000 34.2800 0.000000 0.000000 167.000000 51.000000
5.0800 103.7500 34.2800 0.000000 0.000000 167.000000 51.000000
5.0900 103.7500 34.2800 0.000000 0.000000 167.000000 52.000000
5.1000 103.6900 34.2800 0.000000 0.000000 167.000000 52.000000
5.1100 103.6900 34.2800 0.000000 0.000000 167.000000 52.000000
5.1200 103.6900 34.2000 0.000000 0.000000 167.000000 52.000000
5.1300 103.6900 34.2000 0.000000 0.000000 167.000000 52.000000
5.1400 103.7400 34.2000 0.000000 0.000000 167.000000 52.000000
5.1500 103.7400 34.2000 0.000000 0.000000 166.000000 53.000000
5.1600 103.7400 34.2000 0.000000 0.000000 166.000000 53.000000
5.1700 103.6900 34.2000 0.000000 0.000000 166.000000 53.000000
5.1800 103.6200 34.2000 0.000000 0.000000 166.000000 53.000000
5.1900 103.5600 34.1300 0.000000 0.000000 165.000000 53.000000
5.2000 103.5000 34.1300 0.000000 0.000000 165.000000 53.000000
5.2100 103.5000 34.0500 0.000000 0.000000 165.000000 53.000000
5.2200 103.5000 34.0500 44.000000 1.000000 165.000000 53.000000
5.2300 103.5000 34.0500 109.000000 0.000000 165.000000 53.000000
5.2400 103.5000 34.0500 163.000000 0.000000 165.000000 53.000000
5.2500 103.5000 34.0500 223.000000 0.000000 164.000000 54.000000
5.2600 103.5000 34.0500 277.000000 0.000000 166.000000 54.000000
5.2700 103.5000 34.0500 348.000000 0.000000 166.000000 54.000000
5.2800 103.5000 34.0500 415.000000 0.000000 166.000000 54.000000
5.2900 103.2100 34.1600 474.000000 0.000000 166.000000 54.000000
5.3000 103.1400 34.2200 509.000000 0.000000 166.000000 54.000000
5.3100 103.0700 34.3300 527.000000 0.000000 166.000000 54.000000
5.3200 102.9700 34.4600 567.000000 0.000000 166.000000 54.000000
5.3300 102.8500 34.6000 620.000000 0.000000 166.000000 54.000000
5.3400 102.7500 34.7300 673.000000 0.000000 164.000000 54.000000
5.3500 102.7500 34.8600 691.000000 0.000000 164.000000 54.000000
5.3600 102.7000 35.0100 703.000000 0.000000 164.000000 54.000000
5.3700 102.7000 35.2000 722.000000 0.000000 164.000000 54.000000
5.3800 102.7600 35.3800 731.000000 0.000000 164.000000 54.000000
5.3900 102.8400 35.5600 737.000000 0.000000 164.000000 54.000000
5.4000 102.9200 35.7300 746.000000 0.000000 164.000000 54.000000
5.4100 103.0200 35.8300 758.000000 0.000000 164.000000 54.000000
5.4200 103.1500 35.9300 751.000000 0.000000 166.000000 54.000000
5.4300 103.2800 35.9900 751.000000 0.000000 166.000000 54.000000
5.4400 103.4500 36.0500 753.000000 0.000000 166.000000 54.000000
5.4500 103.6400 36.1200 753.000000 0.000000 166.000000 54.000000
5.4600 103.8000 36.1200 753.000000 0.000000 166.000000 54.000000
5.4700 103.9000 36.2000 757.000000 0.000000 166.000000 54.000000
5.4800 103.9700 36.2000 754.000000 0.000000 166.000000 54.000000
5.4900 103.9700 36.2000 750.000000 0.000000 166.000000 54.000000
5.5000 103.9700 36.2000 757.000000 0.000000 166.000000 54.000000
5.5100 103.9700 36.2000 757.000000 0.000000 166.000000 53.000000
5.5200 103.9700 36.2000 757.000000 0.000000 166.000000 53.000000
5.5300 103.9700 36.2000 760.000000 0.000000 166.000000 53.000000
5.5400 103.9200 36.2000 758.000000 0.000000 166.000000 53.000000
5.5500 103.9200 36.2000 761.000000 0.000000 166.000000 53.000000
5.5600 103.9200 36.2000 751.000000 0.000000 166.000000 53.000000
5.5700 103.9200 36.2000 757.000000 0.000000 166.000000 53.000000
5.5800 103.9200 36.2000 762.000000 0.000000 166.000000 53.000000
5.5900 103.9200 36.2000 767.000000 0.000000 166.000000 53.000000
5.6000 103.9200 36.2000 768.000000 0.000000 165.000000 53.000000
5.6100 103.9200 36.2000 771.000000 0.000000 165.000000 53.000000
5.6200 103.9200 36.2000 771.000000 0.000000 165.000000 53.000000
5.6300 103.9200 36.2000 773.000000 0.000000 165.000000 53.000000
5.6400 103.9200 36.2000 773.000000 0.000000 165.000000 53.000000
5.6500 103.9200 36.2000 771.000000 0.000000 165.000000 53.000000
5.6600 103.9200 36.2000 773.000000 0.000000 165.000000 53.000000
5.6700 103.9200 36.2000 774.000000 0.000000 165.000000 53.000000
5.6800 103.9200 36.2000 773.000000 0.000000 165.000000 53.000000
5.6900 103.9200 36.2000 776.000000 0.000000 165.000000 53.000000
5.7000 103.9200 36.2000 771.000000 0.000000 165.000000 53.000000
5.7100 103.9200 36.2000 771.000000 0.000000 165.000000 53.000000
5.7200 103.9200 36.2000 773.000000 0.000000 165.000000 53.000000
5.7300 103.9200 36.2000 776.000000 0.000000 165.000000 53.000000
5.7400 103.9200 36.2000 776.000000 0.000000 166.000000 53.000000
5.7500 103.9200 36.2000 776.000000 0.000000 166.000000 53.000000
5.7600 103.9200 36.2000 776.000000 0.000000 166.000000 53.000000
5.7700 103.9200 36.2000 774.000000 0.000000 166.000000 53.000000
5.7800 103.9200 36.2000 773.000000 0.000000 166.000000 53.000000
5.7900 103.9200 36.2000 771.000000 0.000000 166.000000 53.000000
5.8000 103.9200 36.2000 770.000000 0.000000 166.000000 53.000000
5.8100 103.9200 36.2000 771.000000 0.000000 166.000000 53.000000
5.8200 103.9200 36.2000 771.000000 0.000000 166.000000 53.000000
5.8300 103.9200 36.2000 771.000000 0.000000 165.000000 53.000000
5.8400 103.9200 36.2000 771.000000 0.000000 165.000000 53.000000
5.8500 103.9200 36.2000 774.000000 0.000000 166.000000 53.000000
5.8600 103.9200 36.2000 776.000000 0.000000 166.000000 53.000000
5.8700 103.9200 36.2000 776.000000 0.000000 166.000000 53.000000
5.8800 103.9200 36.2000 776.000000 0.000000 166.000000 53.000000
5.8900 103.9200 36.2000 776.000000 0.000000 166.000000 53.000000
5.9000 103.9200 36.2000 779.000000 0.000000 166.000000 53.000000
5.9100 103.9200 36.2000 779.000000 0.000000 166.000000 53.000000
5.9200 103.9200 36.2000 784.000000 0.000000 166.000000 53.000000
5.9300 103.9200 36.2000 787.000000 0.000000 166.000000 53.000000
5.9400 103.9200 36.2000 796.000000 0.000000 166.000000 53.000000
5.9500 103.9200 36.2000 794.000000 0.000000 166.000000 53.000000
5.9600 103.9200 36.2000 796.000000 0.000000 166.000000 53.000000
5.9700 103.9200 36.2000 783.000000 0.000000 166.000000 53.000000
5.9800 103.9200 36.2000 783.000000 0.000000 166.000000 53.000000
5.9900 103.9200 36.2000 784.000000 0.000000 166.000000 53.000000
6.0000 103.9200 36.2000 784.000000 0.000000 166.000000 53.000000
6.0100 103.9200 36.2000 787.000000 0.000000 166.000000 53.000000
6.0200 103.9200 36.2000 793.000000 0.000000 166.000000 53.000000
6.0300 103.9200 36.2000 797.000000 0.000000 166.000000 53.000000
6.0400 103.9200 36.2000 799.000000 0.000000 166.000000 53.000000
6.0500 103.9200 36.2000 797.000000 0.000000 166.000000 53.000000
6.0600 103.9200 36.2000 808.000000 0.000000 166.000000 53.000000
6.0700 103.9200 36.2000 809.000000 0.000000 166.000000 53.000000
6.0800 103.8400 36.2000 808.000000 0.000000 166.000000 53.000000
6.0900 103.7900 36.2000 806.000000 0.000000 166.000000 53.000000
6.1000 103.7900 36.2000 808.000000 0.000000 166.000000 53.000000
6.1100 103.7000 36.2700 794.000000 0.000000 166.000000 53.000000
6.1200 103.4900 36.3200 787.000000 0.000000 166.000000 53.000000
6.1300 103.1600 36.3700 776.000000 0.000000 166.000000 53.000000
6.1400 102.6100 36.4200 770.000000 0.000000 166.000000 53.000000
6.1500 101.9500 36.4200 758.000000 0.000000 166.000000 53.000000
6.1600 101.2200 36.4200 722.000000 0.000000 165.000000 53.000000
6.1700 100.1800 36.2900 691.000000 0.000000 165.000000 53.000000
6.1800 98.7500 36.1300 691.000000 0.000000 165.000000 53.000000
6.1900 97.0600 35.9000 691.000000 0.000000 164.000000 53.000000
6.2000 95.6800 35.6200 687.000000 0.000000 164.000000 53.000000
6.2100 94.3100 35.2700 664.000000 0.000000 162.000000 53.000000
6.2200 92.9500 34.7900 664.000000 0.000000 162.000000 53.000000
6.2300 91.6200 34.2200 652.000000 0.000000 161.000000 52.000000
6.2400 90.4800 33.6600 665.000000 0.000000 160.000000 52.000000
6.2500 89.4600 33.1200 668.000000 0.000000 160.000000 52.000000
6.2600 88.6600 32.7000 668.000000 0.000000 158.000000 52.000000
6.2700 88.1800 32.3400 670.000000 0.000000 158.000000 52.000000
6.2800 87.9100 32.0200 662.000000 0.000000 159.000000 51.000000
6.2900 87.9800 31.8800 668.000000 0.000000 158.000000 51.000000
6.3000 88.4500 31.8300 667.000000 0.000000 158.000000 51.000000
6.3100 89.1900 31.8300 672.000000 0.000000 160.000000 50.000000
6.3200 90.6500 32.1700 673.000000 0.000000 160.000000 50.000000
6.3300 92.3800 32.6600 673.000000 0.000000 160.000000 50.000000
6.3400 94.2800 33.2600 664.000000 0.000000 161.000000 50.000000
6.3500 96.0100 33.7900 669.000000 0.000000 160.000000 51.000000
6.3600 97.4500 34.2800 670.000000 0.000000 160.000000 51.000000
6.3700 98.7000 34.6800 668.000000 0.000000 162.000000 52.000000
6.3800 99.5100 34.8800 655.000000 0.000000 161.000000 52.000000
6.3900 99.7200 34.9400 637.000000 0.000000 161.000000 52.000000
6.4000 99.5200 34.9400 595.000000 0.000000 162.000000 54.000000
6.4100 98.7900 34.7200 550.000000 0.000000 162.000000 54.000000
6.4200 97.6300 34.3500 553.000000 0.000000 162.000000 54.000000
6.4300 96.1700 33.9500 522.000000 0.000000 162.000000 54.000000
6.4400 94.6000 33.3100 515.000000 0.000000 162.000000 54.000000
6.4500 92.7300 32.5000 516.000000 0.000000 160.000000 53.000000
6.4600 90.6600 31.6200 533.000000 0.000000 161.000000 52.000000
6.4700 88.6400 30.7200 536.000000 0.000000 160.000000 52.000000
6.4800 86.7200 29.8000 545.000000 0.000000 160.000000 52.000000
6.4900 85.5000 28.9800 543.000000 0.000000 159.000000 51.000000
6.5000 84.7200 28.2300 540.000000 0.000000 159.000000 51.000000
6.5100 84.7200 27.9400 577.000000 0.000000 158.000000 51.000000
6.5200 85.9100 28.1500 580.000000 0.000000 157.000000 52.000000
6.5300 87.8500 28.7000 567.000000 0.000000 157.000000 52.000000
6.5400 90.8900 29.6600 578.000000 0.000000 157.000000 52.000000
6.5500 94.2600 30.7500 569.000000 0.000000 157.000000 52.000000
6.5600 97.8500 31.9300 572.000000 0.000000 158.000000 52.000000
6.5700 101.3700 32.9300 556.000000 0.000000 160.000000 52.000000
6.5800 104.4200 33.9000 522.000000 0.000000 161.000000 52.000000
6.5900 107.1500 34.6300 415.000000 0.000000 162.000000 54.000000
6.6000 109.3100 35.2100 96.000000 0.000000 163.000000 54.000000
6.6100 109.3100 35.2100 0.000000 1.000000 163.000000 54.000000
6.6200 112.2600 36.0300 0.000000 0.000000 164.000000 55.000000
6.6300 113.0300 36.4100 0.000000 0.000000 165.000000 55.000000
6.6400 113.1600 36.7300 0.000000 0.000000 165.000000 55.000000
6.6500 112.8700 36.9700 0.000000 0.000000 167.000000 55.000000
6.6600 112.3600 37.1500 0.000000 0.000000 167.000000 55.000000
6.6700 111.7700 37.2100 0.000000 0.000000 166.000000 53.000000
6.6800 111.1300 37.2600 0.000000 0.000000 167.000000 51.000000
6.6900 110.6200 37.3200 0.000000 0.000000 167.000000 49.000000
6.7000 110.2600 37.3800 0.000000 0.000000 166.000000 46.000000
6.7100 110.0000 37.3800 0.000000 0.000000 165.000000 43.000000
6.7200 109.7500 37.3800 0.000000 0.000000 164.000000 42.000000
6.7300 109.5000 37.3800 0.000000 0.000000 165.000000 38.000000
6.7400 109.1300 37.3800 0.000000 0.000000 167.000000 35.000000
6.7500 108.6800 37.1500 0.000000 0.000000 169.000000 31.000000
6.7600 107.8700 36.7900 0.000000 0.000000 168.000000 29.000000
6.7700 106.9200 36.4200 0.000000 0.000000 166.000000 29.000000
6.7800 105.8800 35.9900 0.000000 0.000000 164.000000 29.000000
6.7900 104.5700 35.3900 0.000000 0.000000 164.000000 29.000000
6.8000 102.8400 34.7000 0.000000 0.000000 165.000000 29.000000
6.8100 100.8400 33.8500 0.000000 0.000000 166.000000 29.000000
6.8200 98.4700 32.9700 0.000000 0.000000 166.000000 29.000000
6.8300 96.4900 32.0700 0.000000 0.000000 166.000000 29.000000
6.8400 94.7800 31.4000 0.000000 0.000000 165.000000 29.000000
6.8500 93.4400 30.7300 0.000000 0.000000 164.000000 29.000000
6.8600 92.3300 30.1100 0.000000 0.000000 163.000000 29.000000
6.8700 91.3800 29.5300 0.000000 0.000000 160.000000 30.000000
6.8800 90.5400 28.9600 0.000000 0.000000 159.000000 30.000000
6.8900 89.8300 28.4400 0.000000 0.000000 159.000000 30.000000
6.9000 89.2000 27.9600 0.000000 0.000000 159.000000 30.000000
6.9100 88.8500 27.5300 0.000000 0.000000 154.000000 35.000000
6.9200 88.6700 27.2300 0.000000 0.000000 151.000000 40.000000
6.9300 88.6000 27.0200 0.000000 0.000000 147.000000 45.000000
6.9400 88.6600 27.0200 0.000000 0.000000 144.000000 50.000000
6.9500 88.7200 27.1100 0.000000 0.000000 149.000000 51.000000
6.9600 88.7900 27.2500 0.000000 0.000000 152.000000 51.000000
6.9700 88.8500 27.3300 0.000000 0.000000 156.000000 51.000000
6.9800 88.8500 27.3800 0.000000 0.000000 159.000000 51.000000
6.9900 88.8500 27.3300 0.000000 0.000000 164.000000 51.000000
7.0000 88.8000 27.2000 0.000000 0.000000 166.000000 51.000000
7.0100 88.7000 27.0400 0.000000 0.000000 167.000000 51.000000
7.0200 88.5600 26.8700 0.000000 0.000000 169.000000 51.000000
7.0300 88.4900 26.7700 0.000000 0.000000 169.000000 51.000000
7.0400 88.4200 26.7100 0.000000 0.000000 168.000000 52.000000
7.0500 88.3300 26.6600 0.000000 0.000000 167.000000 52.000000
7.0600 88.2400 26.6000 0.000000 0.000000 166.000000 53.000000
7.0700 88.1500 26.5400 0.000000 0.000000 165.000000 53.000000
7.0800 88.0600 26.4700 0.000000 0.000000 164.000000 54.000000
7.0900 87.9800 26.4700 0.000000 0.000000 164.000000 54.000000
7.1000 87.9800 26.4000 0.000000 0.000000 163.000000 54.000000
7.1100 87.9800 26.4000 0.000000 0.000000 163.000000 54.000000
7.1200 87.9200 26.4000 0.000000 0.000000 163.000000 54.000000
7.1300 87.9200 26.4500 0.000000 0.000000 163.000000 55.000000
7.1400 87.9200 26.4500 0.000000 0.000000 161.000000 55.000000
7.1500 87.9200 26.5600 0.000000 0.000000 161.000000 55.000000
7.1600 87.8200 26.6500 0.000000 0.000000 161.000000 55.000000
7.1700 87.8200 26.7300 0.000000 0.000000 161.000000 55.000000
7.1800 87.8700 26.8100 0.000000 0.000000 160.000000 54.000000
7.1900 87.8700 26.8700 0.000000 0.000000 159.000000 55.000000
7.2000 87.9200 26.9600 0.000000 0.000000 159.000000 55.000000
7.2100 87.9200 26.9600 0.000000 0.000000 159.000000 55.000000
7.2200 87.9200 26.9600 0.000000 0.000000 159.000000 55.000000
7.2300 88.2100 27.2500 0.000000 0.000000 159.000000 55.000000
7.2400 88.3700 27.2500 0.000000 0.000000 160.000000 54.000000
7.2500 88.3700 27.2500 129.000000 1.000000 160.000000 54.000000
7.2600 88.3700 27.2500 143.000000 0.000000 160.000000 54.000000
7.2700 88.6400 27.1900 191.000000 0.000000 160.000000 54.000000
7.2800 88.6400 27.0500 274.000000 0.000000 160.000000 54.000000
7.2900 88.7400 26.8500 341.000000 0.000000 160.000000 54.000000
7.3000 88.8400 26.5300 389.000000 0.000000 160.000000 54.000000
7.3100 88.9800 26.2100 415.000000 0.000000 159.000000 55.000000
7.3200 89.1200 25.8900 418.000000 0.000000 159.000000 55.000000
7.3300 89.2300 25.5500 430.000000 0.000000 159.000000 55.000000
7.3400 89.3300 25.2500 435.000000 0.000000 158.000000 56.000000
7.3500 89.3900 24.9800 423.000000 0.000000 158.000000 56.000000
7.3600 89.3900 24.7900 404.000000 0.000000 157.000000 56.000000
7.3700 89.3900 24.6000 327.000000 0.000000 157.000000 56.000000
7.3800 89.3900 24.4000 212.000000 0.000000 154.000000 56.000000
7.3900 89.3900 24.6700 83.000000 0.000000 154.000000 56.000000
7.4000 89.3900 24.8600 15.000000 0.000000 153.000000 56.000000
7.4100 89.3900 24.8600 0.000000 1.000000 153.000000 56.000000
7.4200 89.3900 25.2600 0.000000 0.000000 153.000000 56.000000
7.4300 89.2100 25.5300 0.000000 0.000000 153.000000 56.000000
7.4400 89.0100 25.8300 0.000000 0.000000 153.000000 56.000000
7.4500 89.0100 25.8300 53.000000 1.000000 153.000000 56.000000
7.4600 88.5900 26.5800 130.000000 0.000000 154.000000 56.000000
7.4700 88.5900 26.9600 186.000000 0.000000 155.000000 55.000000
7.4800 88.6800 27.3200 249.000000 0.000000 157.000000 56.000000
7.4900 88.9600 27.6200 312.000000 0.000000 157.000000 56.000000
7.5000 89.2700 27.8200 366.000000 0.000000 158.000000 55.000000
7.5100 89.6300 27.9500 399.000000 0.000000 158.000000 55.000000
7.5200 89.9900 27.9500 413.000000 0.000000 158.000000 54.000000
7.5300 90.2400 27.9500 407.000000 0.000000 158.000000 54.000000
7.5400 90.4100 27.7200 405.000000 0.000000 157.000000 54.000000
7.5500 90.4100 27.3900 407.000000 0.000000 158.000000 53.000000
7.5600 90.3000 27.1000 409.000000 0.000000 156.000000 53.000000
7.5700 90.0900 26.7800 415.000000 0.000000 156.000000 53.000000
7.5800 89.8200 26.5300 417.000000 0.000000 154.000000 53.000000
7.5900 89.4800 26.3400 425.000000 0.000000 154.000000 53.000000
7.6000 89.1000 26.2300 440.000000 0.000000 154.000000 53.000000
7.6100 88.8600 26.2300 466.000000 0.000000 154.000000 53.000000
7.6200 88.7100 26.2300 475.000000 0.000000 153.000000 54.000000
7.6300 88.6300 26.2300 512.000000 0.000000 155.000000 54.000000
7.6400 88.6300 26.2300 529.000000 0.000000 155.000000 54.000000
7.6500 88.7100 26.2300 546.000000 0.000000 156.000000 55.000000
7.6600 88.9900 26.1600 564.000000 0.000000 156.000000 55.000000
7.6700 89.4200 26.0700 570.000000 0.000000 158.000000 55.000000
7.6800 89.8000 25.9900 561.000000 0.000000 157.000000 56.000000
7.6900 90.1300 25.9300 550.000000 0.000000 157.000000 56.000000
7.7000 90.4200 25.8400 521.000000 0.000000 157.000000 56.000000
7.7100 90.6300 25.7700 465.000000 0.000000 157.000000 56.000000
7.7200 90.7700 25.7100 335.000000 0.000000 155.000000 55.000000
7.7300 90.8700 25.7100 151.000000 0.000000 154.000000 56.000000
7.7400 90.8700 25.7100 0.000000 1.000000 154.000000 56.000000
7.7500 90.9500 25.7900 0.000000 0.000000 153.000000 56.000000
7.7600 91.0100 26.0000 0.000000 0.000000 154.000000 56.000000
7.7700 91.0800 26.2700 0.000000 0.000000 154.000000 56.000000
7.7800 91.0800 26.5700 0.000000 0.000000 156.000000 57.000000
7.7900 91.0800 26.8000 0.000000 0.000000 157.000000 57.000000
7.8000 91.0800 26.8000 211.000000 1.000000 158.000000 56.000000
7.8100 91.0800 26.8000 309.000000 0.000000 160.000000 56.000000
7.8200 91.0800 26.8000 335.000000 0.000000 158.000000 56.000000
7.8300 91.0800 26.8000 391.000000 0.000000 159.000000 55.000000
7.8400 91.0800 26.8000 460.000000 0.000000 159.000000 55.000000
7.8500 91.0400 26.4600 546.000000 0.000000 159.000000 55.000000
7.8600 91.1200 26.2200 603.000000 0.000000 158.000000 55.000000
7.8700 91.2500 26.0400 643.000000 0.000000 156.000000 55.000000
7.8800 91.3900 25.8900 662.000000 0.000000 156.000000 55.000000
7.8900 91.5600 25.7800 670.000000 0.000000 155.000000 55.000000
7.9000 91.7700 25.7800 667.000000 0.000000 155.000000 55.000000
7.9100 91.9800 25.9200 673.000000 0.000000 155.000000 55.000000
7.9200 92.1600 26.1200 708.000000 0.000000 155.000000 55.000000
7.9300 92.2100 26.3200 719.000000 0.000000 155.000000 55.000000
7.9400 92.2100 26.5500 722.000000 0.000000 155.000000 55.000000
7.9500 92.0100 26.8000 727.000000 0.000000 155.000000 55.000000
7.9600 91.7200 27.0600 716.000000 0.000000 155.000000 55.000000
7.9700 91.3400 27.2700 707.000000 0.000000 155.000000 55.000000
7.9800 90.9800 27.3400 694.000000 0.000000 156.000000 55.000000
7.9900 90.6400 27.3400 627.000000 0.000000 155.000000 54.000000
8.0000 90.4700 27.1900 521.000000 0.000000 155.000000 54.000000
8.0100 90.4100 27.0400 453.000000 0.000000 156.000000 53.000000
8.0200 90.4700 26.8700 399.000000 0.000000 154.000000 53.000000
8.0300 90.7000 26.7900 302.000000 0.000000 154.000000 53.000000
8.0400 91.0300 26.7900 275.000000 0.000000 154.000000 53.000000
8.0500 91.3800 26.7900 267.000000 0.000000 154.000000 53.000000
8.0600 91.7200 26.8600 274.000000 0.000000 154.000000 53.000000
8.0700 92.0000 26.8600 316.000000 0.000000 154.000000 53.000000
8.0800 92.2300 26.8000 354.000000 0.000000 155.000000 54.000000
8.0900 92.3800 26.6700 377.000000 0.000000 155.000000 54.000000
8.1000 92.5000 26.5500 412.000000 0.000000 156.000000 55.000000
8.1100 92.5900 26.3900 448.000000 0.000000 156.000000 55.000000
8.1200 92.6600 26.2300 473.000000 0.000000 158.000000 55.000000
8.1300 92.6600 26.1000 489.000000 0.000000 158.000000 55.000000
8.1400 92.7300 25.9800 496.000000 0.000000 157.000000 56.000000
8.1500 92.7300 25.9300 501.000000 0.000000 157.000000 56.000000
8.1600 92.7300 25.9300 515.000000 0.000000 157.000000 56.000000
8.1700 92.6800 25.9300 530.000000 0.000000 157.000000 56.000000
8.1800 92.6200 26.0500 553.000000 0.000000 157.000000 56.000000
8.1900 92.5300 26.2800 567.000000 0.000000 157.000000 56.000000
8.2000 92.4000 26.6000 569.000000 0.000000 157.000000 56.000000
8.2100 92.2600 26.8800 589.000000 0.000000 157.000000 56.000000
8.2200 92.1200 27.2000 586.000000 0.000000 157.000000 56.000000
8.2300 92.1700 27.5600 592.000000 0.000000 157.000000 56.000000
8.2400 92.2400 27.8900 591.000000 0.000000 158.000000 55.000000
8.2500 92.3600 28.1100 589.000000 0.000000 158.000000 55.000000
8.2600 92.6200 28.2500 588.000000 0.000000 158.000000 54.000000
8.2700 92.9600 28.3000 586.000000 0.000000 158.000000 54.000000
8.2800 93.2800 28.2100 591.000000 0.000000 158.000000 54.000000
8.2900 93.5500 28.0400 592.000000 0.000000 160.000000 53.000000
8.3000 93.7800 27.7800 588.000000 0.000000 160.000000 53.000000
8.3100 93.8700 27.4700 605.000000 0.000000 160.000000 53.000000
8.3200 93.8700 27.2100 619.000000 0.000000 160.000000 53.000000
8.3300 93.7700 27.0100 644.000000 0.000000 160.000000 54.000000
8.3400 93.6200 26.7800 659.000000 0.000000 160.000000 54.000000
8.3500 93.4600 26.6600 664.000000 0.000000 160.000000 54.000000
8.3600 93.3200 26.6600 673.000000 0.000000 159.000000 55.000000
8.3700 93.2100 26.5700 663.000000 0.000000 159.000000 55.000000
8.3800 93.2100 26.5700 664.000000 0.000000 159.000000 55.000000
8.3900 93.2100 26.5700 671.000000 0.000000 159.000000 55.000000
8.4000 93.1300 26.5700 661.000000 0.000000 158.000000 55.000000
8.4100 93.1300 26.5700 647.000000 0.000000 158.000000 55.000000
8.4200 92.9800 26.5700 638.000000 0.000000 158.000000 55.000000
8.4300 92.8300 26.5200 638.000000 0.000000 158.000000 55.000000
8.4400 92.6400 26.4300 638.000000 0.000000 157.000000 56.000000
8.4500 92.5100 26.3600 636.000000 0.000000 157.000000 56.000000
8.4600 92.5100 26.3600 610.000000 0.000000 157.000000 56.000000
8.4700 92.5100 26.3600 569.000000 0.000000 157.000000 56.000000
8.4800 92.5100 26.3600 509.000000 0.000000 157.000000 56.000000
8.4900 92.5100 26.3600 409.000000 0.000000 157.000000 56.000000
8.5000 92.6200 26.3600 274.000000 0.000000 157.000000 56.000000
8.5100 92.6200 26.3600 0.000000 1.000000 157.000000 56.000000
8.5200 92.9300 26.5500 0.000000 0.000000 157.000000 56.000000
8.5300 93.0500 26.6700 0.000000 0.000000 157.000000 56.000000
8.5400 93.1400 26.8300 0.000000 0.000000 158.000000 56.000000
8.5500 93.2400 27.0500 0.000000 0.000000 158.000000 56.000000
8.5600 93.3600 27.2800 0.000000 0.000000 158.000000 56.000000
8.5700 93.4900 27.5300 0.000000 0.000000 160.000000 56.000000
8.5800 93.6200 27.9300 0.000000 0.000000 160.000000 55.000000
8.5900 93.7900 28.1300 0.000000 0.000000 160.000000 55.000000
8.6000 93.7900 28.1300 91.000000 1.000000 161.000000 55.000000
8.6100 94.1500 28.2100 171.000000 0.000000 163.000000 55.000000
8.6200 94.2800 28.2600 173.000000 0.000000 163.000000 55.000000
8.6300 94.3700 28.2600 200.000000 0.000000 163.000000 54.000000
8.6400 94.5400 28.0700 255.000000 0.000000 163.000000 54.000000
8.6500 94.6700 27.8400 351.000000 0.000000 163.000000 54.000000
8.6600 94.7600 27.5800 405.000000 0.000000 163.000000 54.000000
8.6700 94.8400 27.3300 435.000000 0.000000 163.000000 54.000000
8.6800 94.8400 27.0800 465.000000 0.000000 163.000000 54.000000
8.6900 94.8400 26.8300 465.000000 0.000000 163.000000 55.000000
8.7000 94.8400 26.7000 473.000000 0.000000 163.000000 55.000000
8.7100 94.8400 26.7000 470.000000 0.000000 163.000000 55.000000
8.7200 94.8400 26.7000 472.000000 0.000000 162.000000 56.000000
8.7300 94.5500 26.6400 477.000000 0.000000 160.000000 55.000000
8.7400 94.4700 26.8100 492.000000 0.000000 160.000000 55.000000
8.7500 94.3800 27.0400 496.000000 0.000000 160.000000 55.000000
8.7600 94.3000 27.2900 499.000000 0.000000 160.000000 55.000000
8.7700 94.3000 27.7000 496.000000 0.000000 159.000000 55.000000
8.7800 94.3000 28.2200 499.000000 0.000000 159.000000 55.000000
8.7900 94.3700 28.5500 492.000000 0.000000 161.000000 55.000000
8.8000 94.5400 28.8300 492.000000 0.000000 161.000000 55.000000
8.8100 94.7500 28.9500 492.000000 0.000000 161.000000 55.000000
8.8200 94.9600 28.9500 491.000000 0.000000 162.000000 54.000000
8.8300 95.1800 28.9500 488.000000 0.000000 163.000000 54.000000
8.8400 95.3400 28.9500 496.000000 0.000000 163.000000 54.000000
8.8500 95.4700 28.7900 493.000000 0.000000 163.000000 54.000000
8.8600 95.5300 28.6300 493.000000 0.000000 164.000000 53.000000
8.8700 95.5300 28.4700 491.000000 0.000000 164.000000 53.000000
8.8800 95.5300 28.2900 488.000000 0.000000 164.000000 53.000000
8.8900 95.3400 28.0900 491.000000 0.000000 164.000000 53.000000
8.9000 95.1200 27.8700 505.000000 0.000000 164.000000 53.000000
8.9100 94.8600 27.7100 517.000000 0.000000 163.000000 54.000000
8.9200 94.6500 27.5800 527.000000 0.000000 163.000000 54.000000
8.9300 94.4800 27.5800 550.000000 0.000000 163.000000 54.000000
8.9400 94.4800 27.5800 551.000000 0.000000 163.000000 54.000000
8.9500 94.4800 27.5200 561.000000 0.000000 163.000000 54.000000
8.9600 94.6500 27.4400 562.000000 0.000000 163.000000 55.000000
8.9700 94.8000 27.3400 564.000000 0.000000 163.000000 55.000000
8.9800 94.9900 27.2500 565.000000 0.000000 163.000000 55.000000
8.9900 95.2100 27.1600 568.000000 0.000000 161.000000 55.000000
9.0000 95.4800 27.1000 556.000000 0.000000 161.000000 55.000000
9.0100 95.7800 27.1800 550.000000 0.000000 161.000000 55.000000
9.0200 96.0200 27.2600 538.000000 0.000000 161.000000 55.000000
9.0300 96.2200 27.4600 535.000000 0.000000 161.000000 55.000000
9.0400 96.4400 27.7400 527.000000 0.000000 161.000000 55.000000
9.0500 96.5600 28.0200 519.000000 0.000000 163.000000 55.000000
9.0600 96.6100 28.3400 519.000000 0.000000 163.000000 55.000000
9.0700 96.6100 28.6800 512.000000 0.000000 163.000000 55.000000
9.0800 96.5500 28.9000 519.000000 0.000000 164.000000 55.000000
9.0900 96.4300 29.0900 521.000000 0.000000 164.000000 54.000000
9.1000 96.3500 29.1700 526.000000 0.000000 164.000000 54.000000
9.1100 96.2800 29.1700 530.000000 0.000000 164.000000 54.000000
9.1200 96.2800 29.0400 554.000000 0.000000 165.000000 53.000000
9.1300 96.2800 28.7900 562.000000 0.000000 165.000000 53.000000
9.1400 96.2800 28.4600 581.000000 0.000000 165.000000 53.000000
9.1500 96.4100 28.0800 609.000000 0.000000 165.000000 53.000000
9.1600 96.5200 27.7000 609.000000 0.000000 165.000000 53.000000
9.1700 96.6300 27.4700 597.000000 0.000000 165.000000 53.000000
9.1800 96.7500 27.3300 539.000000 0.000000 164.000000 54.000000
9.1900 96.9000 27.2400 495.000000 0.000000 164.000000 54.000000
9.2000 97.0500 27.2400 398.000000 0.000000 164.000000 54.000000
9.2100 97.2100 27.2400 265.000000 0.000000 164.000000 55.000000
9.2200 97.2100 27.2400 180.000000 0.000000 164.000000 55.000000
9.2300 97.2900 27.7000 98.000000 0.000000 164.000000 55.000000
9.2400 97.2900 28.0400 107.000000 0.000000 164.000000 55.000000
9.2500 97.1400 28.3900 148.000000 0.000000 164.000000 55.000000
9.2600 96.9200 28.7400 212.000000 0.000000 164.000000 55.000000
9.2700 96.6500 29.1100 265.000000 0.000000 164.000000 55.000000
9.2800 96.4000 29.4900 361.000000 0.000000 164.000000 54.000000
9.2900 96.2200 29.7100 413.000000 0.000000 166.000000 54.000000
9.3000 96.1100 29.8800 468.000000 0.000000 166.000000 54.000000
9.3100 96.1100 29.9600 470.000000 0.000000 166.000000 53.000000
9.3200 96.1100 29.9600 473.000000 0.000000 166.000000 53.000000
9.3300 96.1100 29.9600 439.000000 0.000000 165.000000 53.000000
9.3400 96.2200 29.9100 420.000000 0.000000 165.000000 53.000000
9.3500 96.4000 29.9100 425.000000 0.000000 165.000000 53.000000
9.3600 96.5900 29.9100 423.000000 0.000000 166.000000 52.000000
9.3700 96.8000 29.9100 425.000000 0.000000 166.000000 52.000000
9.3800 97.0400 29.9100 422.000000 0.000000 167.000000 52.000000
9.3900 97.2100 29.7600 469.000000 0.000000 167.000000 52.000000
9.4000 97.3300 29.5700 499.000000 0.000000 166.000000 53.000000
9.4100 97.4000 29.2900 537.000000 0.000000 166.000000 53.000000
9.4200 97.4000 28.9500 570.000000 0.000000 166.000000 53.000000
9.4300 97.4000 28.5600 581.000000 0.000000 166.000000 53.000000
9.4400 97.4900 28.2000 588.000000 0.000000 166.000000 53.000000
9.4500 97.5900 27.9700 605.000000 0.000000 166.000000 53.000000
9.4600 97.7700 27.7900 614.000000 0.000000 166.000000 53.000000
9.4700 98.0200 27.7900 611.000000 0.000000 166.000000 54.000000
9.4800 98.3100 27.7900 624.000000 0.000000 166.000000 54.000000
9.4900 98.5900 27.9800 639.000000 0.000000 166.000000 54.000000
9.5000 98.8700 28.2000 640.000000 0.000000 166.000000 54.000000
9.5100 98.9900 28.4500 653.000000 0.000000 166.000000 54.000000
9.5200 98.9900 28.7200 671.000000 0.000000 167.000000 54.000000
9.5300 98.8400 28.9200 668.000000 0.000000 167.000000 54.000000
9.5400 98.6000 29.1000 647.000000 0.000000 167.000000 54.000000
9.5500 98.2900 29.2200 628.000000 0.000000 167.000000 54.000000
9.5600 97.9400 29.2700 588.000000 0.000000 167.000000 54.000000
9.5700 97.6300 29.2000 481.000000 0.000000 167.000000 54.000000
9.5800 97.3900 29.0700 354.000000 0.000000 166.000000 53.000000
9.5900 97.3200 28.9300 185.000000 0.000000 166.000000 53.000000
9.6000 97.3200 28.8400 1.000000 1.000000 166.000000 53.000000
9.6100 97.3200 28.8400 0.000000 0.000000 166.000000 53.000000
9.6200 97.7500 28.9000 0.000000 0.000000 166.000000 53.000000
9.6300 98.0100 29.0600 0.000000 0.000000 166.000000 53.000000
9.6400 98.2700 29.2200 0.000000 0.000000 166.000000 53.000000
9.6500 98.5200 29.3700 0.000000 0.000000 166.000000 53.000000
9.6600 98.7200 29.4300 0.000000 0.000000 166.000000 53.000000
9.6700 98.7200 29.4300 217.000000 1.000000 168.000000 53.000000
9.6800 98.7200 29.4300 267.000000 0.000000 168.000000 53.000000
9.6900 98.7200 29.4300 274.000000 0.000000 168.000000 53.000000
9.7000 98.7200 29.4300 344.000000 0.000000 168.000000 53.000000
9.7100 98.7200 29.4300 428.000000 0.000000 168.000000 53.000000
9.7200 98.8200 29.0400 499.000000 0.000000 168.000000 53.000000
9.7300 98.9000 28.7800 540.000000 0.000000 168.000000 53.000000
9.7400 98.9900 28.5900 546.000000 0.000000 168.000000 53.000000
9.7500 99.1300 28.4400 570.000000 0.000000 168.000000 53.000000
9.7600 99.3100 28.3200 570.000000 0.000000 167.000000 54.000000
9.7700 99.6000 28.3200 561.000000 0.000000 167.000000 54.000000
9.7800 99.9400 28.3800 567.000000 0.000000 167.000000 54.000000
9.7900 100.2800 28.5200 562.000000 0.000000 166.000000 54.000000
9.8000 100.4900 28.7200 565.000000 0.000000 166.000000 54.000000
9.8100 100.6400 28.9700 561.000000 0.000000 164.000000 54.000000
9.8200 100.6400 29.1900 566.000000 0.000000 163.000000 54.000000
9.8300 100.5700 29.4500 569.000000 0.000000 163.000000 54.000000
9.8400 100.4200 29.7300 567.000000 0.000000 162.000000 54.000000
9.8500 100.1600 29.9100 556.000000 0.000000 160.000000 53.000000
9.8600 99.9100 30.0700 526.000000 0.000000 160.000000 53.000000
9.8700 99.7100 30.1500 442.000000 0.000000 160.000000 53.000000
9.8800 99.6600 30.1500 317.000000 0.000000 160.000000 53.000000
9.8900 99.6600 30.1500 259.000000 0.000000 160.000000 53.000000
9.9000 99.8000 30.1500 223.000000 0.000000 160.000000 53.000000
9.9100 99.8000 30.1500 195.000000 0.000000 161.000000 52.000000
9.9200 100.1300 30.1500 200.000000 0.000000 161.000000 52.000000
9.9300 100.3200 30.1500 237.000000 0.000000 161.000000 52.000000
9.9400 100.4900 30.1500 281.000000 0.000000 161.000000 52.000000
9.9500 100.5600 30.1500 377.000000 0.000000 161.000000 52.000000
9.9600 100.5600 30.0500 453.000000 0.000000 161.000000 52.000000
9.9700 100.5600 29.9400 516.000000 0.000000 161.000000 52.000000
9.9800 100.6200 29.7300 567.000000 0.000000 160.000000 52.000000
9.9900 100.6200 29.4500 611.000000 0.000000 160.000000 53.000000
10.0000 100.7300 29.2100 634.000000 0.000000 160.000000 53.000000
10.0100 100.8900 29.0500 646.000000 0.000000 160.000000 53.000000
10.0200 101.1200 28.9400 652.000000 0.000000 162.000000 54.000000
10.0300 101.4900 28.9400 644.000000 0.000000 162.000000 54.000000
10.0400 101.9500 29.0200 637.000000 0.000000 162.000000 54.000000
10.0500 102.2900 29.1200 639.000000 0.000000 163.000000 54.000000
10.0600 102.5500 29.2500 613.000000 0.000000 163.000000 54.000000
10.0700 102.7500 29.3600 585.000000 0.000000 163.000000 54.000000
10.0800 102.7500 29.4400 464.000000 0.000000 164.000000 54.000000
10.0900 102.6700 29.5400 249.000000 0.000000 164.000000 54.000000
10.1000 102.6700 29.5400 0.000000 1.000000 164.000000 54.000000
10.1100 102.0800 29.7200 0.000000 0.000000 164.000000 54.000000
10.1200 101.7300 29.8800 0.000000 0.000000 164.000000 54.000000
10.1300 101.4500 30.1000 0.000000 0.000000 164.000000 54.000000
10.1400 101.2500 30.2500 0.000000 0.000000 166.000000 54.000000
10.1500 101.1100 30.3600 0.000000 0.000000 166.000000 54.000000
10.1600 101.0400 30.2600 0.000000 0.000000 167.000000 54.000000
10.1700 100.9900 30.0500 0.000000 0.000000 168.000000 53.000000
10.1800 100.9900 30.0500 260.000000 1.000000 168.000000 53.000000
10.1900 100.9400 29.7100 285.000000 0.000000 168.000000 53.000000
10.2000 100.9400 29.7100 340.000000 0.000000 166.000000 53.000000
10.2100 101.0100 29.7100 449.000000 0.000000 166.000000 53.000000
10.2200 101.1400 29.7100 498.000000 0.000000 164.000000 54.000000
10.2300 101.3400 29.7100 489.000000 0.000000 163.000000 54.000000
10.2400 101.6600 29.8700 471.000000 0.000000 162.000000 54.000000
10.2500 102.0600 30.0000 363.000000 0.000000 162.000000 54.000000
10.2600 102.3400 30.1200 96.000000 0.000000 162.000000 54.000000
10.2700 102.3400 30.1200 0.000000 1.000000 162.000000 54.000000
10.2800 102.5700 30.3000 0.000000 0.000000 163.000000 54.000000
10.2900 102.4300 30.3600 0.000000 0.000000 163.000000 54.000000
10.3000 102.3000 30.4300 0.000000 0.000000 164.000000 54.000000
10.3100 102.0300 30.4300 0.000000 0.000000 166.000000 54.000000
10.3200 101.6700 30.4900 0.000000 0.000000 166.000000 53.000000
10.3300 101.2400 30.4900 0.000000 0.000000 168.000000 53.000000
10.3400 100.8400 30.4900 0.000000 0.000000 168.000000 53.000000
10.3500 100.5200 30.5500 0.000000 0.000000 168.000000 53.000000
10.3600 100.5200 30.5500 32.000000 1.000000 168.000000 53.000000
10.3700 100.5200 30.5500 210.000000 0.000000 166.000000 53.000000
10.3800 100.5200 30.5500 247.000000 0.000000 166.000000 53.000000
10.3900 100.8700 30.7700 307.000000 0.000000 165.000000 53.000000
10.4000 101.1500 30.8300 344.000000 0.000000 164.000000 53.000000
10.4100 101.4200 30.8300 366.000000 0.000000 162.000000 53.000000
10.4200 101.6800 30.9100 371.000000 0.000000 161.000000 52.000000
10.4300 101.9700 30.9100 369.000000 0.000000 161.000000 52.000000
10.4400 102.1300 30.9100 241.000000 0.000000 161.000000 52.000000
10.4500 102.1300 30.9100 0.000000 1.000000 161.000000 52.000000
10.4600 102.2900 30.9100 0.000000 0.000000 162.000000 53.000000
10.4700 102.2900 30.9100 0.000000 0.000000 162.000000 53.000000
10.4800 102.2900 31.0700 0.000000 0.000000 162.000000 53.000000
10.4900 102.3500 31.1800 0.000000 0.000000 164.000000 53.000000
10.5000 102.4000 31.2800 0.000000 0.000000 165.000000 53.000000
10.5100 102.4000 31.2800 0.000000 0.000000 166.000000 53.000000
10.5200 102.4000 31.2800 0.000000 0.000000 166.000000 53.000000
10.5300 102.4000 31.2800 0.000000 0.000000 168.000000 53.000000
10.5400 102.6700 31.4800 0.000000 0.000000 169.000000 53.000000
10.5500 102.6700 31.4800 0.000000 0.000000 171.000000 53.000000
10.5600 102.6700 31.4800 0.000000 0.000000 171.000000 53.000000
10.5700 102.6700 31.4800 0.000000 0.000000 171.000000 53.000000
10.5800 102.6700 31.4800 0.000000 0.000000 171.000000 53.000000
10.5900 102.6700 31.4800 0.000000 0.000000 171.000000 53.000000
10.6000 102.6200 31.4100 0.000000 0.000000 171.000000 53.000000
10.6100 102.6200 31.4100 0.000000 0.000000 171.000000 53.000000
10.6200 102.6200 31.4100 0.000000 0.000000 171.000000 53.000000
10.6300 102.5700 31.3400 0.000000 0.000000 171.000000 53.000000
10.6400 102.5700 31.3400 0.000000 0.000000 171.000000 53.000000
10.6500 102.5700 31.2800 0.000000 0.000000 171.000000 53.000000
10.6600 102.5700 31.2800 0.000000 0.000000 171.000000 53.000000
10.6700 102.5100 31.2800 0.000000 0.000000 171.000000 52.000000
10.6800 102.5100 31.2800 0.000000 0.000000 171.000000 53.000000
10.6900 102.4500 31.2800 0.000000 0.000000 171.000000 53.000000
10.7000 102.3800 31.2800 0.000000 0.000000 171.000000 53.000000
10.7100 102.2800 31.2100 0.000000 0.000000 171.000000 53.000000
10.7200 102.1400 31.1600 0.000000 0.000000 171.000000 53.000000
10.7300 102.0000 31.1000 0.000000 0.000000 171.000000 53.000000
10.7400 101.8900 31.0200 0.000000 0.000000 171.000000 53.000000
10.7500 101.7500 30.9100 0.000000 0.000000 171.000000 53.000000
10.7600 101.7500 30.9100 134.000000 1.000000 169.000000 53.000000
10.7700 101.7500 30.9100 210.000000 0.000000 168.000000 53.000000
10.7800 101.4700 30.7200 252.000000 0.000000 166.000000 53.000000
10.7900 101.5800 30.8400 329.000000 0.000000 166.000000 53.000000
10.8000 101.8000 30.9400 363.000000 0.000000 165.000000 53.000000
10.8100 102.1500 31.0500 392.000000 0.000000 164.000000 53.000000
10.8200 102.5100 31.1800 422.000000 0.000000 164.000000 53.000000
10.8300 102.8900 31.2300 446.000000 0.000000 162.000000 53.000000
10.8400 103.2800 31.2300 448.000000 0.000000 164.000000 53.000000
10.8500 103.5200 31.1700 481.000000 0.000000 164.000000 53.000000
10.8600 103.6600 31.0700 502.000000 0.000000 164.000000 53.000000
10.8700 103.7300 30.9300 518.000000 0.000000 165.000000 53.000000
10.8800 103.7300 30.7400 535.000000 0.000000 165.000000 53.000000
10.8900 103.6200 30.5100 548.000000 0.000000 165.000000 53.000000
10.9000 103.5000 30.2800 561.000000 0.000000 165.000000 53.000000
10.9100 103.4400 30.1200 560.000000 0.000000 165.000000 53.000000
10.9200 103.5000 30.0000 583.000000 0.000000 165.000000 53.000000
10.9300 103.6700 29.8600 595.000000 0.000000 165.000000 53.000000
10.9400 104.0200 29.8600 586.000000 0.000000 165.000000 53.000000
10.9500 104.4800 29.8600 588.000000 0.000000 166.000000 54.000000
10.9600 105.0400 29.9300 589.000000 0.000000 166.000000 54.000000
10.9700 105.5600 30.0600 591.000000 0.000000 166.000000 54.000000
10.9800 105.9300 30.2200 584.000000 0.000000 166.000000 54.000000
10.9900 106.2000 30.3000 540.000000 0.000000 167.000000 54.000000
11.0000 106.2900 30.3600 418.000000 0.000000 167.000000 54.000000
11.0100 106.2900 30.3600 137.000000 0.000000 167.000000 54.000000
11.0200 106.2900 30.3600 0.000000 1.000000 167.000000 54.000000
11.0300 105.7900 30.4200 0.000000 0.000000 167.000000 54.000000
11.0400 105.4500 30.4200 0.000000 0.000000 167.000000 54.000000
11.0500 105.0900 30.4200 0.000000 0.000000 169.000000 54.000000
11.0600 104.8600 30.4200 0.000000 0.000000 169.000000 54.000000
11.0700 104.6300 30.4200 0.000000 0.000000 169.000000 54.000000
11.0800 104.4200 30.3500 0.000000 0.000000 169.000000 54.000000
11.0900 104.2100 30.2900 0.000000 0.000000 169.000000 54.000000
11.1000 103.9800 30.2100 0.000000 0.000000 169.000000 54.000000
11.1100 103.7200 30.1300 0.000000 0.000000 169.000000 54.000000
11.1200 103.4400 30.0500 0.000000 0.000000 169.000000 54.000000
11.1300 103.0800 29.9600 0.000000 0.000000 169.000000 54.000000
11.1400 102.7300 29.9100 0.000000 0.000000 169.000000 54.000000
11.1500 102.7300 29.9100 286.000000 1.000000 169.000000 54.000000
11.1600 102.7300 29.9100 344.000000 0.000000 167.000000 54.000000
11.1700 102.7300 29.9100 387.000000 0.000000 167.000000 54.000000
11.1800 103.3100 30.2400 425.000000 0.000000 166.000000 54.000000
11.1900 103.8500 30.3900 449.000000 0.000000 166.000000 53.000000
11.2000 104.3500 30.5100 409.000000 0.000000 166.000000 54.000000
11.2100 104.9400 30.5900 206.000000 0.000000 164.000000 54.000000
11.2200 104.9400 30.5900 0.000000 1.000000 166.000000 54.000000
11.2300 105.9300 30.7400 0.000000 0.000000 166.000000 54.000000
11.2400 105.9300 30.8600 0.000000 0.000000 166.000000 54.000000
11.2500 105.7700 31.0000 0.000000 0.000000 167.000000 54.000000
11.2600 105.5400 31.1200 0.000000 0.000000 167.000000 54.000000
11.2700 105.3200 31.2200 0.000000 0.000000 167.000000 54.000000
11.2800 104.9900 31.2200 0.000000 0.000000 167.000000 54.000000
11.2900 104.5800 31.1400 0.000000 0.000000 167.000000 54.000000
11.3000 103.9800 30.8300 0.000000 0.000000 168.000000 53.000000
11.3100 103.2900 30.4700 0.000000 0.000000 168.000000 53.000000
11.3200 102.5400 30.0500 0.000000 0.000000 166.000000 54.000000
11.3300 101.9100 29.6200 0.000000 0.000000 166.000000 54.000000
11.3400 101.2900 28.9900 0.000000 0.000000 164.000000 55.000000
11.3500 100.8300 28.5800 0.000000 0.000000 160.000000 55.000000
11.3600 100.4700 28.3300 0.000000 0.000000 158.000000 56.000000
11.3700 100.0800 27.9700 0.000000 0.000000 157.000000 56.000000
11.3800 99.6300 27.5900 0.000000 0.000000 155.000000 55.000000
11.3900 99.1400 27.2100 0.000000 0.000000 157.000000 56.000000
11.4000 98.6600 26.8100 0.000000 0.000000 159.000000 55.000000
11.4100 98.2000 26.4900 0.000000 0.000000 162.000000 54.000000
11.4200 97.7900 26.2200 0.000000 0.000000 165.000000 53.000000
11.4300 97.4200 25.9900 0.000000 0.000000 167.000000 52.000000
11.4400 97.0600 25.8300 0.000000 0.000000 169.000000 50.000000
11.4500 96.6900 25.7300 0.000000 0.000000 172.000000 50.000000
11.4600 96.3200 25.5700 0.000000 0.000000 173.000000 50.000000
11.4700 95.9300 25.4400 0.000000 0.000000 173.000000 50.000000
11.4800 95.5900 25.3400 0.000000 0.000000 173.000000 51.000000
11.4900 95.2500 25.2300 0.000000 0.000000 171.000000 51.000000
11.5000 94.8900 25.1000 0.000000 0.000000 170.000000 52.000000
11.5100 94.5200 24.9700 0.000000 0.000000 169.000000 51.000000
11.5200 94.1800 24.8600 0.000000 0.000000 167.000000 51.000000
11.5300 93.8300 24.7400 0.000000 0.000000 167.000000 52.000000
11.5400 93.4700 24.6400 0.000000 0.000000 166.000000 52.000000
11.5500 93.1000 24.4900 0.000000 0.000000 166.000000 52.000000
11.5600 92.7300 24.3400 0.000000 0.000000 165.000000 53.000000
11.5700 92.3400 24.1700 0.000000 0.000000 164.000000 53.000000
11.5800 91.9600 23.9900 0.000000 0.000000 164.000000 53.000000
11.5900 91.6100 23.8000 0.000000 0.000000 164.000000 53.000000
11.6000 91.2900 23.6500 0.000000 0.000000 163.000000 54.000000
11.6100 91.1800 23.5600 0.000000 0.000000 163.000000 54.000000
11.6200 91.1800 23.5600 66.000000 1.000000 163.000000 54.000000
11.6300 91.5500 23.6500 73.000000 0.000000 163.000000 55.000000
11.6400 92.5200 23.9800 55.000000 0.000000 162.000000 56.000000
11.6500 93.9000 24.4300 66.000000 0.000000 160.000000 55.000000
11.6600 95.8700 25.0300 104.000000 0.000000 160.000000 56.000000
11.6700 98.2200 25.7200 217.000000 0.000000 160.000000 56.000000
11.6800 100.8200 26.4600 341.000000 0.000000 159.000000 57.000000
11.6900 103.6500 27.3300 377.000000 0.000000 161.000000 57.000000
11.7000 106.7000 28.1800 353.000000 0.000000 161.000000 57.000000
11.7100 109.9000 28.8600 325.000000 0.000000 162.000000 58.000000
11.7200 112.8700 29.4400 218.000000 0.000000 164.000000 58.000000
