0.0000 48.3100 42.5000 207.000000 1.000000 109.000000 55.000000
0.0100 48.1100 42.7900 245.000000 0.000000 109.000000 55.000000
0.0200 48.2300 43.2500 265.000000 0.000000 108.000000 54.000000
0.0300 48.5000 44.0700 292.000000 0.000000 108.000000 54.000000
0.0400 48.9800 45.1200 306.000000 0.000000 108.000000 53.000000
0.0500 49.7800 46.3100 330.000000 0.000000 108.000000 53.000000
0.0600 50.8000 47.5100 339.000000 0.000000 108.000000 53.000000
0.0700 51.1900 48.7000 366.000000 0.000000 107.000000 52.000000
0.0800 51.9900 49.7100 396.000000 0.000000 109.000000 52.000000
0.0900 53.0500 50.5900 394.000000 0.000000 110.000000 52.000000
0.1000 53.8900 51.2600 367.000000 0.000000 112.000000 52.000000
0.1100 54.6000 51.6300 371.000000 0.000000 114.000000 53.000000
0.1200 55.2100 51.7900 362.000000 0.000000 115.000000 52.000000
0.1300 55.6200 51.6200 376.000000 0.000000 117.000000 53.000000
0.1400 55.8000 51.2100 398.000000 0.000000 118.000000 53.000000
0.1500 55.8000 50.6400 399.000000 0.000000 118.000000 53.000000
0.1600 55.6100 49.8200 379.000000 0.000000 118.000000 53.000000
0.1700 55.1800 48.7600 359.000000 0.000000 118.000000 53.000000
0.1800 54.6100 47.5300 336.000000 0.000000 117.000000 53.000000
0.1900 53.8100 46.4100 335.000000 0.000000 116.000000 53.000000
0.2000 52.9200 45.2600 344.000000 0.000000 114.000000 53.000000
0.2100 51.9700 44.3400 367.000000 0.000000 113.000000 54.000000
0.2200 51.1900 43.5900 397.000000 0.000000 113.000000 54.000000
0.2300 50.7900 43.3400 422.000000 0.000000 112.000000 54.000000
0.2400 50.6400 43.5600 420.000000 0.000000 110.000000 54.000000
0.2500 50.7600 44.1000 438.000000 0.000000 110.000000 53.000000
0.2600 51.2900 45.1400 464.000000 0.000000 108.000000 54.000000
0.2700 52.1000 46.4500 493.000000 0.000000 108.000000 54.000000
0.2800 53.0600 47.9400 507.000000 0.000000 109.000000 52.000000
0.2900 54.0300 49.3100 520.000000 0.000000 110.000000 53.000000
0.3000 55.0200 50.3100 510.000000 0.000000 111.000000 53.000000
0.3100 55.8600 51.0600 493.000000 0.000000 112.000000 53.000000
0.3200 56.6000 51.4100 465.000000 0.000000 114.000000 53.000000
0.3300 57.0000 51.3300 461.000000 0.000000 116.000000 53.000000
0.3400 57.1400 50.9700 466.000000 0.000000 118.000000 54.000000
0.3500 57.1400 50.2200 468.000000 0.000000 119.000000 53.000000
0.3600 56.7900 49.2000 474.000000 0.000000 119.000000 53.000000
0.3700 56.2600 48.0000 465.000000 0.000000 119.000000 53.000000
0.3800 55.5900 46.8000 448.000000 0.000000 119.000000 53.000000
0.3900 54.9300 45.8100 474.000000 0.000000 118.000000 54.000000
0.4000 54.5000 44.9500 477.000000 0.000000 117.000000 54.000000
0.4100 54.2100 44.6200 481.000000 0.000000 115.000000 54.000000
0.4200 54.2600 44.6800 480.000000 0.000000 114.000000 55.000000
0.4300 54.6300 45.0000 495.000000 0.000000 112.000000 55.000000
0.4400 55.2100 45.6600 485.000000 0.000000 112.000000 54.000000
0.4500 56.0200 46.3900 465.000000 0.000000 112.000000 54.000000
0.4600 56.8900 47.1600 464.000000 0.000000 112.000000 55.000000
0.4700 57.8600 47.8000 464.000000 0.000000 112.000000 55.000000
0.4800 58.5600 48.1700 455.000000 0.000000 112.000000 55.000000
0.4900 59.0600 48.3600 441.000000 0.000000 114.000000 55.000000
0.5000 59.4100 48.2000 433.000000 0.000000 113.000000 54.000000
0.5100 59.5900 47.7500 420.000000 0.000000 113.000000 54.000000
0.5200 59.6500 47.1000 392.000000 0.000000 114.000000 53.000000
0.5300 59.5800 46.1900 381.000000 0.000000 114.000000 53.000000
0.5400 59.4800 45.2700 396.000000 0.000000 112.000000 53.000000
0.5500 59.3700 44.3400 396.000000 0.000000 112.000000 53.000000
0.5600 59.3700 43.7200 388.000000 0.000000 112.000000 53.000000
0.5700 59.5800 43.2700 417.000000 0.000000 112.000000 52.000000
0.5800 59.9100 43.2700 445.000000 0.000000 112.000000 53.000000
0.5900 60.5000 43.7000 473.000000 0.000000 112.000000 53.000000
0.6000 61.1300 44.4400 492.000000 0.000000 112.000000 53.000000
0.6100 61.9200 45.3700 519.000000 0.000000 112.000000 53.000000
0.6200 62.8000 46.4400 530.000000 0.000000 113.000000 54.000000
0.6300 63.5200 47.6000 537.000000 0.000000 113.000000 54.000000
0.6400 63.9700 48.7600 538.000000 0.000000 114.000000 53.000000
0.6500 64.2400 49.5100 518.000000 0.000000 115.000000 54.000000
0.6600 64.2400 49.9800 488.000000 0.000000 117.000000 54.000000
0.6700 63.8500 50.0500 442.000000 0.000000 119.000000 54.000000
0.6800 63.1800 49.6400 431.000000 0.000000 119.000000 54.000000
0.6900 62.2700 48.9100 448.000000 0.000000 120.000000 54.000000
0.7000 61.3000 47.6100 439.000000 0.000000 120.000000 54.000000
0.7100 60.3000 46.2600 448.000000 0.000000 120.000000 54.000000
0.7200 59.5400 44.8300 440.000000 0.000000 119.000000 54.000000
0.7300 59.0700 43.4000 430.000000 0.000000 118.000000 54.000000
0.7400 58.8000 42.3000 431.000000 0.000000 117.000000 54.000000
0.7500 58.8800 41.4200 436.000000 0.000000 116.000000 53.000000
0.7600 59.3500 41.1700 439.000000 0.000000 114.000000 53.000000
0.7700 60.0700 41.4700 475.000000 0.000000 114.000000 53.000000
0.7800 61.1500 42.1400 526.000000 0.000000 114.000000 53.000000
0.7900 62.4600 43.6000 563.000000 0.000000 114.000000 53.000000
0.8000 63.9300 45.3800 586.000000 0.000000 114.000000 53.000000
0.8100 65.2100 47.3700 602.000000 0.000000 116.000000 53.000000
0.8200 66.2400 49.4600 599.000000 0.000000 116.000000 53.000000
0.8300 67.1000 51.1200 563.000000 0.000000 117.000000 54.000000
0.8400 67.6500 52.5000 548.000000 0.000000 119.000000 54.000000
0.8500 67.7700 53.4100 518.000000 0.000000 119.000000 54.000000
0.8600 67.6100 53.7800 496.000000 0.000000 120.000000 54.000000
0.8700 67.0600 53.7800 477.000000 0.000000 121.000000 55.000000
0.8800 66.3300 53.1700 473.000000 0.000000 123.000000 55.000000
0.8900 65.4700 52.1400 465.000000 0.000000 123.000000 55.000000
0.9000 64.6300 50.8500 481.000000 0.000000 123.000000 55.000000
0.9100 63.9600 49.4200 478.000000 0.000000 123.000000 55.000000
0.9200 63.4100 47.9900 465.000000 0.000000 123.000000 55.000000
0.9300 63.1500 46.5600 472.000000 0.000000 122.000000 54.000000
0.9400 63.2500 45.5600 485.000000 0.000000 120.000000 54.000000
0.9500 63.5900 45.0600 498.000000 0.000000 120.000000 54.000000
0.9600 64.3400 44.8900 535.000000 0.000000 119.000000 54.000000
0.9700 65.3600 45.4000 562.000000 0.000000 117.000000 55.000000
0.9800 66.5600 46.4500 586.000000 0.000000 116.000000 55.000000
0.9900 68.0300 47.8600 588.000000 0.000000 116.000000 55.000000
1.0000 69.1700 49.3600 586.000000 0.000000 116.000000 55.000000
1.0100 70.0800 50.4200 574.000000 0.000000 117.000000 55.000000
1.0200 70.5900 51.1800 561.000000 0.000000 117.000000 55.000000
1.0300 70.7300 51.4000 561.000000 0.000000 119.000000 54.000000
1.0400 70.6300 51.1200 537.000000 0.000000 120.000000 54.000000
1.0500 70.1800 50.5100 539.000000 0.000000 123.000000 55.000000
1.0600 69.5000 49.3600 553.000000 0.000000 123.000000 55.000000
1.0700 68.6700 47.9400 553.000000 0.000000 123.000000 55.000000
1.0800 67.8000 46.3300 542.000000 0.000000 123.000000 55.000000
1.0900 66.9700 44.7900 543.000000 0.000000 120.000000 54.000000
1.1000 66.5400 43.5100 535.000000 0.000000 120.000000 54.000000
1.1100 66.3700 42.4100 518.000000 0.000000 119.000000 54.000000
1.1200 66.4800 41.9000 522.000000 0.000000 119.000000 54.000000
1.1300 66.8800 41.9000 537.000000 0.000000 119.000000 54.000000
1.1400 67.4800 42.1600 548.000000 0.000000 119.000000 54.000000
1.1500 68.2700 42.8400 545.000000 0.000000 119.000000 54.000000
1.1600 69.0100 43.6400 540.000000 0.000000 119.000000 54.000000
1.1700 69.7200 44.5100 538.000000 0.000000 119.000000 54.000000
1.1800 70.4000 45.2000 535.000000 0.000000 119.000000 54.000000
1.1900 71.0500 45.8300 530.000000 0.000000 117.000000 55.000000
1.2000 71.6900 46.3300 541.000000 0.000000 117.000000 55.000000
1.2100 72.4000 46.7500 543.000000 0.000000 117.000000 55.000000
1.2200 73.2300 47.1400 543.000000 0.000000 117.000000 55.000000
1.2300 74.1400 47.5000 509.000000 0.000000 117.000000 55.000000
1.2400 75.1700 47.8300 339.000000 0.000000 118.000000 56.000000
