0.0000 13.3600 82.1200 570.000000 1.000000 102.000000 63.000000
0.0100 13.2600 83.2900 546.000000 0.000000 103.000000 64.000000
0.0200 12.9900 83.7700 522.000000 0.000000 105.000000 65.000000
0.0300 13.0700 84.1500 561.000000 0.000000 108.000000 65.000000
0.0400 13.4000 84.7900 572.000000 0.000000 110.000000 65.000000
0.0500 14.1900 85.6300 570.000000 0.000000 109.000000 64.000000
0.0600 15.4900 86.2300 569.000000 0.000000 111.000000 64.000000
0.0700 17.1200 86.8000 563.000000 0.000000 110.000000 63.000000
0.0800 18.5800 87.0000 570.000000 0.000000 111.000000 64.000000
0.0900 19.4400 87.0000 586.000000 0.000000 113.000000 63.000000
0.1000 19.9100 86.5500 619.000000 0.000000 114.000000 64.000000
0.1100 19.8600 85.7300 645.000000 0.000000 114.000000 64.000000
0.1200 19.4100 84.6500 668.000000 0.000000 114.000000 64.000000
0.1300 18.6800 83.3100 694.000000 0.000000 114.000000 64.000000
0.1400 17.6700 81.9200 700.000000 0.000000 114.000000 64.000000
0.1500 16.5600 80.5500 728.000000 0.000000 116.000000 64.000000
0.1600 15.3700 79.2000 734.000000 0.000000 116.000000 64.000000
0.1700 14.4400 78.0700 749.000000 0.000000 113.000000 63.000000
0.1800 13.9400 77.4800 753.000000 0.000000 113.000000 63.000000
0.1900 13.7200 77.2500 751.000000 0.000000 112.000000 62.000000
0.2000 13.7800 77.3300 758.000000 0.000000 110.000000 63.000000
0.2100 13.8900 77.7300 757.000000 0.000000 109.000000 62.000000
0.2200 14.3900 78.3400 758.000000 0.000000 107.000000 62.000000
0.2300 15.1300 79.9900 757.000000 0.000000 107.000000 62.000000
0.2400 16.3600 81.6200 763.000000 0.000000 107.000000 62.000000
0.2500 17.4600 83.2300 753.000000 0.000000 109.000000 62.000000
0.2600 18.4800 84.3700 753.000000 0.000000 109.000000 62.000000
0.2700 19.1500 85.0300 760.000000 0.000000 112.000000 62.000000
0.2800 19.4900 85.3800 768.000000 0.000000 112.000000 62.000000
0.2900 19.6200 85.4300 787.000000 0.000000 115.000000 63.000000
0.3000 19.6200 85.4300 791.000000 0.000000 115.000000 63.000000
0.3100 19.6200 85.4300 814.000000 0.000000 117.000000 63.000000
0.3200 19.4500 85.3700 815.000000 0.000000 117.000000 63.000000
0.3300 19.1500 85.2300 817.000000 0.000000 119.000000 64.000000
0.3400 18.6500 84.6600 817.000000 0.000000 119.000000 64.000000
0.3500 18.0200 83.8100 800.000000 0.000000 119.000000 64.000000
0.3600 17.2600 82.7800 803.000000 0.000000 119.000000 64.000000
0.3700 16.8700 81.8400 791.000000 0.000000 117.000000 63.000000
0.3800 16.7200 80.9700 783.000000 0.000000 117.000000 63.000000
0.3900 16.9400 80.1700 794.000000 0.000000 116.000000 63.000000
0.4000 17.4700 79.5700 787.000000 0.000000 115.000000 62.000000
0.4100 18.2100 79.1100 793.000000 0.000000 115.000000 62.000000
0.4200 19.3300 79.1100 799.000000 0.000000 113.000000 61.000000
0.4300 20.7200 79.4000 808.000000 0.000000 113.000000 61.000000
0.4400 22.2900 79.8700 824.000000 0.000000 113.000000 61.000000
0.4500 23.7000 80.8200 830.000000 0.000000 113.000000 61.000000
0.4600 25.0400 81.9900 818.000000 0.000000 113.000000 61.000000
0.4700 26.3400 83.3200 824.000000 0.000000 114.000000 62.000000
0.4800 27.3100 84.5000 827.000000 0.000000 114.000000 62.000000
0.4900 27.7500 85.4300 837.000000 0.000000 115.000000 63.000000
0.5000 27.8400 86.2000 860.000000 0.000000 115.000000 63.000000
0.5100 27.6800 86.5300 887.000000 0.000000 116.000000 63.000000
0.5200 27.1500 86.6400 902.000000 0.000000 116.000000 63.000000
0.5300 26.3800 86.6400 908.000000 0.000000 116.000000 63.000000
0.5400 25.1600 86.0500 909.000000 0.000000 116.000000 63.000000
0.5500 23.8700 85.0100 903.000000 0.000000 116.000000 63.000000
0.5600 22.5200 83.6500 897.000000 0.000000 116.000000 63.000000
0.5700 21.3400 82.3200 896.000000 0.000000 116.000000 63.000000
0.5800 20.4700 80.8700 881.000000 0.000000 116.000000 63.000000
0.5900 19.8100 79.3400 872.000000 0.000000 116.000000 63.000000
0.6000 19.8800 78.4000 870.000000 0.000000 116.000000 63.000000
0.6100 20.5500 77.9200 870.000000 0.000000 116.000000 63.000000
0.6200 21.6100 77.7600 873.000000 0.000000 114.000000 62.000000
0.6300 23.0600 78.1000 878.000000 0.000000 114.000000 62.000000
0.6400 24.6600 78.9500 879.000000 0.000000 114.000000 62.000000
0.6500 26.3600 80.1400 882.000000 0.000000 115.000000 63.000000
0.6600 27.8800 81.3500 879.000000 0.000000 115.000000 63.000000
0.6700 29.0900 82.5400 879.000000 0.000000 115.000000 63.000000
0.6800 30.0900 83.6800 884.000000 0.000000 116.000000 64.000000
0.6900 30.8100 84.8200 882.000000 0.000000 117.000000 63.000000
0.7000 31.2200 85.8100 891.000000 0.000000 117.000000 63.000000
0.7100 31.4100 86.7000 894.000000 0.000000 117.000000 63.000000
0.7200 31.3000 87.3600 908.000000 0.000000 119.000000 63.000000
0.7300 30.9700 87.6900 909.000000 0.000000 117.000000 63.000000
0.7400 30.4900 87.8100 906.000000 0.000000 117.000000 63.000000
0.7500 29.6800 87.5300 906.000000 0.000000 117.000000 63.000000
0.7600 28.5200 86.6300 900.000000 0.000000 117.000000 63.000000
0.7700 27.1200 85.3100 894.000000 0.000000 117.000000 63.000000
0.7800 25.5800 83.5300 894.000000 0.000000 117.000000 63.000000
0.7900 24.5400 81.8200 905.000000 0.000000 117.000000 63.000000
0.8000 23.8400 80.1500 899.000000 0.000000 117.000000 63.000000
0.8100 23.6300 78.8400 888.000000 0.000000 117.000000 63.000000
0.8200 24.0000 78.1700 881.000000 0.000000 117.000000 63.000000
0.8300 24.7500 77.9200 879.000000 0.000000 117.000000 63.000000
0.8400 25.8800 78.1400 884.000000 0.000000 116.000000 64.000000
0.8500 27.1500 78.8800 882.000000 0.000000 116.000000 64.000000
0.8600 28.5200 79.9700 876.000000 0.000000 116.000000 64.000000
0.8700 30.1100 81.7000 863.000000 0.000000 116.000000 64.000000
0.8800 31.7300 83.4300 860.000000 0.000000 116.000000 64.000000
0.8900 32.9000 85.1600 854.000000 0.000000 116.000000 64.000000
0.9000 33.7700 86.3100 891.000000 0.000000 116.000000 64.000000
0.9100 33.8500 87.0500 906.000000 0.000000 116.000000 64.000000
0.9200 33.3900 87.1200 921.000000 0.000000 117.000000 63.000000
0.9300 32.5600 86.3500 950.000000 0.000000 117.000000 63.000000
0.9400 30.9700 85.0100 974.000000 0.000000 117.000000 63.000000
0.9500 29.2800 82.5500 1020.000000 0.000000 117.000000 63.000000
0.9600 27.5300 80.0900 1023.000000 0.000000 117.000000 63.000000
0.9700 27.2500 78.3000 1023.000000 0.000000 116.000000 64.000000
0.9800 29.1400 76.9700 987.000000 0.000000 116.000000 64.000000
0.9900 32.4700 77.4200 710.000000 0.000000 117.000000 65.000000
