0.0000 57.7700 87.0800 6.000000 1.000000 115.000000 60.000000
0.0100 57.7700 87.0800 34.000000 1.000000 115.000000 60.000000
0.0200 57.6200 87.4300 54.000000 0.000000 115.000000 60.000000
0.0300 57.7100 87.7200 76.000000 0.000000 115.000000 60.000000
0.0400 57.9100 88.2500 148.000000 0.000000 115.000000 60.000000
0.0500 58.2600 88.7900 173.000000 0.000000 115.000000 60.000000
0.0600 58.7000 89.2900 219.000000 0.000000 118.000000 60.000000
0.0700 59.2500 89.7100 250.000000 0.000000 119.000000 60.000000
0.0800 59.8100 89.8500 287.000000 0.000000 121.000000 59.000000
0.0900 60.3900 89.8500 304.000000 0.000000 123.000000 59.000000
0.1000 60.9400 89.5000 346.000000 0.000000 124.000000 58.000000
0.1100 61.4500 88.8100 418.000000 0.000000 124.000000 58.000000
0.1200 61.7200 87.8900 458.000000 0.000000 126.000000 58.000000
0.1300 61.8500 86.7700 492.000000 0.000000 124.000000 57.000000
0.1400 61.6300 85.6100 519.000000 0.000000 123.000000 58.000000
0.1500 61.1800 84.2900 543.000000 0.000000 122.000000 57.000000
0.1600 60.5800 82.8900 567.000000 0.000000 120.000000 57.000000
0.1700 59.9300 81.7000 561.000000 0.000000 118.000000 57.000000
0.1800 59.5100 81.0900 570.000000 0.000000 118.000000 57.000000
0.1900 59.2400 80.8600 568.000000 0.000000 118.000000 57.000000
0.2000 59.1000 80.9200 540.000000 0.000000 118.000000 57.000000
0.2100 58.9600 81.4400 491.000000 0.000000 118.000000 57.000000
0.2200 58.8700 82.2700 415.000000 0.000000 118.000000 57.000000
0.2300 58.8100 83.5400 362.000000 0.000000 118.000000 57.000000
0.2400 59.0600 84.8200 377.000000 0.000000 118.000000 57.000000
0.2500 59.5000 86.1100 396.000000 0.000000 116.000000 57.000000
0.2600 60.0600 86.7700 415.000000 0.000000 116.000000 57.000000
0.2700 60.5300 86.9800 423.000000 0.000000 116.000000 57.000000
0.2800 60.9400 86.8800 448.000000 0.000000 115.000000 58.000000
0.2900 61.3100 86.5800 475.000000 0.000000 115.000000 58.000000
0.3000 61.6000 86.2100 491.000000 0.000000 113.000000 58.000000
0.3100 61.9000 85.7300 504.000000 0.000000 113.000000 58.000000
0.3200 62.1800 85.2200 509.000000 0.000000 113.000000 58.000000
0.3300 62.4600 84.8100 509.000000 0.000000 114.000000 59.000000
0.3400 62.7400 84.4700 501.000000 0.000000 114.000000 59.000000
0.3500 62.9400 84.2900 496.000000 0.000000 116.000000 58.000000
0.3600 63.0700 84.2100 478.000000 0.000000 116.000000 58.000000
0.3700 63.1400 84.2100 472.000000 0.000000 116.000000 58.000000
0.3800 63.1900 84.2100 464.000000 0.000000 118.000000 59.000000
0.3900 63.2900 84.4100 466.000000 0.000000 118.000000 59.000000
0.4000 63.4800 84.6700 465.000000 0.000000 118.000000 59.000000
0.4100 63.7500 84.9100 468.000000 0.000000 118.000000 59.000000
0.4200 64.0100 85.0000 467.000000 0.000000 118.000000 59.000000
0.4300 64.2600 85.0000 483.000000 0.000000 119.000000 60.000000
0.4400 64.5500 84.9000 491.000000 0.000000 118.000000 60.000000
0.4500 64.8500 84.8100 493.000000 0.000000 118.000000 60.000000
0.4600 65.1500 84.7300 493.000000 0.000000 118.000000 60.000000
0.4700 65.4800 84.8000 493.000000 0.000000 118.000000 60.000000
0.4800 65.8800 84.9700 491.000000 0.000000 118.000000 60.000000
0.4900 66.2300 85.3400 483.000000 0.000000 118.000000 60.000000
0.5000 66.5400 85.8100 477.000000 0.000000 118.000000 60.000000
0.5100 66.6900 86.3400 475.000000 0.000000 116.000000 60.000000
0.5200 66.7900 86.8500 485.000000 0.000000 117.000000 61.000000
0.5300 66.8500 87.0600 485.000000 0.000000 117.000000 61.000000
0.5400 66.9000 87.0600 496.000000 0.000000 115.000000 62.000000
0.5500 67.0000 86.9200 512.000000 0.000000 115.000000 62.000000
0.5600 67.1700 86.5500 544.000000 0.000000 115.000000 62.000000
0.5700 67.4200 86.0200 567.000000 0.000000 115.000000 62.000000
0.5800 67.7000 85.2500 578.000000 0.000000 115.000000 62.000000
0.5900 68.0400 84.5500 580.000000 0.000000 115.000000 62.000000
0.6000 68.3300 83.9100 574.000000 0.000000 117.000000 61.000000
0.6100 68.5800 83.4400 556.000000 0.000000 117.000000 61.000000
0.6200 68.8200 83.1800 530.000000 0.000000 117.000000 61.000000
0.6300 68.9600 83.0500 512.000000 0.000000 119.000000 61.000000
0.6400 69.0400 83.1100 517.000000 0.000000 119.000000 61.000000
0.6500 69.1000 83.3100 509.000000 0.000000 119.000000 61.000000
0.6600 69.1800 83.6100 512.000000 0.000000 120.000000 60.000000
0.6700 69.2900 83.9500 520.000000 0.000000 120.000000 60.000000
0.6800 69.4300 84.0300 515.000000 0.000000 119.000000 60.000000
0.6900 69.5600 83.9300 537.000000 0.000000 118.000000 60.000000
0.7000 69.7400 83.7500 542.000000 0.000000 118.000000 60.000000
0.7100 70.0100 83.4500 545.000000 0.000000 118.000000 60.000000
0.7200 70.2800 83.0600 548.000000 0.000000 118.000000 60.000000
0.7300 70.5300 82.7600 546.000000 0.000000 119.000000 61.000000
0.7400 70.7800 82.6000 540.000000 0.000000 119.000000 61.000000
0.7500 70.9700 82.5400 540.000000 0.000000 119.000000 61.000000
0.7600 71.1200 82.5400 544.000000 0.000000 119.000000 61.000000
0.7700 71.1200 82.7800 536.000000 0.000000 119.000000 61.000000
0.7800 71.1200 83.1000 536.000000 0.000000 119.000000 61.000000
0.7900 71.1200 83.6700 544.000000 0.000000 119.000000 61.000000
0.8000 71.1200 84.5600 540.000000 0.000000 117.000000 61.000000
0.8100 71.0600 85.6600 568.000000 0.000000 117.000000 61.000000
0.8200 71.3600 86.6900 584.000000 0.000000 117.000000 61.000000
0.8300 71.8800 87.6600 614.000000 0.000000 115.000000 62.000000
0.8400 72.9800 88.2800 636.000000 0.000000 115.000000 62.000000
0.8500 74.3200 88.6800 620.000000 0.000000 115.000000 62.000000
0.8600 75.8300 88.5700 585.000000 0.000000 115.000000 62.000000
0.8700 77.0400 88.3100 494.000000 0.000000 116.000000 63.000000
