0.0000 48.9000 81.7500 93.000000 1.000000 151.000000 54.000000
0.0100 48.9000 81.7500 141.000000 0.000000 151.000000 54.000000
0.0200 48.9000 81.7500 141.000000 0.000000 151.000000 54.000000
0.0300 48.5800 81.4900 148.000000 0.000000 150.000000 54.000000
0.0400 48.5800 81.4900 153.000000 0.000000 150.000000 54.000000
0.0500 48.5800 81.4400 170.000000 0.000000 150.000000 54.000000
0.0600 48.5800 81.4400 230.000000 0.000000 150.000000 54.000000
0.0700 48.5300 81.3800 274.000000 0.000000 150.000000 54.000000
0.0800 48.5300 81.3800 344.000000 0.000000 148.000000 54.000000
0.0900 48.4800 81.3800 389.000000 0.000000 148.000000 54.000000
0.1000 48.4800 81.4300 447.000000 0.000000 148.000000 54.000000
0.1100 48.4800 81.5000 489.000000 0.000000 148.000000 54.000000
0.1200 48.4800 81.6100 530.000000 0.000000 148.000000 54.000000
0.1300 48.4800 81.6700 537.000000 0.000000 148.000000 54.000000
0.1400 48.5600 81.8800 543.000000 0.000000 148.000000 54.000000
0.1500 48.7400 82.2000 551.000000 0.000000 148.000000 54.000000
0.1600 49.0000 82.6000 553.000000 0.000000 148.000000 54.000000
0.1700 49.3500 83.0100 553.000000 0.000000 149.000000 53.000000
0.1800 49.7400 83.4300 556.000000 0.000000 149.000000 53.000000
0.1900 50.1700 83.9800 559.000000 0.000000 150.000000 54.000000
0.2000 50.6400 84.5300 565.000000 0.000000 150.000000 54.000000
0.2100 51.1400 85.0800 570.000000 0.000000 150.000000 54.000000
0.2200 51.6800 85.6700 566.000000 0.000000 150.000000 54.000000
0.2300 52.2900 86.1900 570.000000 0.000000 149.000000 55.000000
0.2400 52.9200 86.6800 572.000000 0.000000 147.000000 55.000000
0.2500 53.6000 87.1700 570.000000 0.000000 147.000000 55.000000
0.2600 54.2600 87.6100 574.000000 0.000000 146.000000 55.000000
0.2700 54.9300 88.0300 574.000000 0.000000 146.000000 55.000000
0.2800 55.5400 88.3300 569.000000 0.000000 145.000000 55.000000
0.2900 56.1000 88.5800 563.000000 0.000000 145.000000 55.000000
0.3000 56.5900 88.6300 566.000000 0.000000 145.000000 55.000000
0.3100 56.9700 88.6300 567.000000 0.000000 145.000000 55.000000
0.3200 57.2700 88.6300 567.000000 0.000000 145.000000 55.000000
0.3300 57.6100 88.5600 563.000000 0.000000 145.000000 55.000000
0.3400 57.9000 88.4000 560.000000 0.000000 146.000000 54.000000
0.3500 58.1600 88.2200 565.000000 0.000000 147.000000 55.000000
0.3600 58.4000 88.0300 553.000000 0.000000 147.000000 55.000000
0.3700 58.5100 87.8000 556.000000 0.000000 147.000000 55.000000
0.3800 58.5100 87.4200 562.000000 0.000000 148.000000 56.000000
0.3900 58.4100 86.9400 565.000000 0.000000 148.000000 56.000000
0.4000 58.2400 86.4100 568.000000 0.000000 148.000000 56.000000
0.4100 58.0400 85.8700 561.000000 0.000000 148.000000 56.000000
0.4200 57.9600 85.2800 560.000000 0.000000 148.000000 56.000000
0.4300 57.7900 84.6600 570.000000 0.000000 148.000000 56.000000
0.4400 57.5600 83.9600 560.000000 0.000000 148.000000 56.000000
0.4500 57.3900 83.3400 560.000000 0.000000 148.000000 56.000000
0.4600 57.1400 82.7500 561.000000 0.000000 149.000000 55.000000
0.4700 56.7400 81.8900 561.000000 0.000000 149.000000 55.000000
0.4800 56.2600 81.0300 563.000000 0.000000 149.000000 55.000000
0.4900 55.9100 80.1900 560.000000 0.000000 150.000000 54.000000
0.5000 55.5100 79.3300 563.000000 0.000000 150.000000 54.000000
0.5100 55.0800 78.4300 567.000000 0.000000 148.000000 54.000000
0.5200 54.6900 77.6000 570.000000 0.000000 147.000000 55.000000
0.5300 54.3000 76.7800 570.000000 0.000000 147.000000 55.000000
0.5400 53.9000 76.0300 578.000000 0.000000 147.000000 55.000000
0.5500 53.4800 75.3200 578.000000 0.000000 146.000000 54.000000
0.5600 53.0400 74.6600 578.000000 0.000000 146.000000 54.000000
0.5700 52.5900 73.9900 586.000000 0.000000 146.000000 54.000000
0.5800 52.1200 73.4900 586.000000 0.000000 146.000000 54.000000
0.5900 51.8000 73.1100 586.000000 0.000000 146.000000 54.000000
0.6000 51.5100 72.8400 584.000000 0.000000 146.000000 54.000000
0.6100 51.2800 72.6600 595.000000 0.000000 146.000000 54.000000
0.6200 51.1100 72.5400 592.000000 0.000000 146.000000 54.000000
0.6300 51.0000 72.5400 589.000000 0.000000 147.000000 53.000000
0.6400 50.8800 72.6300 592.000000 0.000000 147.000000 53.000000
0.6500 50.7300 72.7100 585.000000 0.000000 147.000000 53.000000
0.6600 50.5800 72.9100 592.000000 0.000000 147.000000 53.000000
0.6700 50.4500 73.1100 594.000000 0.000000 147.000000 53.000000
0.6800 50.3500 73.4600 602.000000 0.000000 148.000000 54.000000
0.6900 50.3500 73.9200 605.000000 0.000000 148.000000 54.000000
0.7000 50.3500 74.4400 606.000000 0.000000 148.000000 54.000000
0.7100 50.4600 75.0100 613.000000 0.000000 148.000000 54.000000
0.7200 50.6400 75.6100 616.000000 0.000000 147.000000 55.000000
0.7300 50.8900 76.2600 613.000000 0.000000 147.000000 55.000000
0.7400 51.2000 77.0000 617.000000 0.000000 147.000000 55.000000
0.7500 51.5400 77.8000 627.000000 0.000000 147.000000 55.000000
0.7600 51.9000 78.6800 634.000000 0.000000 147.000000 55.000000
0.7700 52.3900 79.5600 636.000000 0.000000 146.000000 54.000000
0.7800 52.9600 80.5200 645.000000 0.000000 146.000000 54.000000
0.7900 53.4700 81.5300 644.000000 0.000000 146.000000 54.000000
0.8000 54.0200 82.2200 652.000000 0.000000 146.000000 54.000000
0.8100 54.5600 82.9100 661.000000 0.000000 146.000000 54.000000
0.8200 55.0700 83.6100 671.000000 0.000000 146.000000 53.000000
0.8300 55.6200 84.1800 669.000000 0.000000 146.000000 53.000000
0.8400 56.1900 84.8000 678.000000 0.000000 146.000000 53.000000
0.8500 56.8300 85.4600 681.000000 0.000000 146.000000 53.000000
0.8600 57.5400 86.1500 700.000000 0.000000 147.000000 53.000000
0.8700 58.2700 86.7500 702.000000 0.000000 146.000000 54.000000
0.8800 58.9300 87.2000 690.000000 0.000000 147.000000 55.000000
0.8900 59.5900 87.5800 690.000000 0.000000 147.000000 55.000000
0.9000 60.2500 87.9300 696.000000 0.000000 149.000000 55.000000
0.9100 60.8700 88.1600 690.000000 0.000000 149.000000 56.000000
0.9200 61.4900 88.3100 691.000000 0.000000 149.000000 56.000000
0.9300 62.0900 88.4000 691.000000 0.000000 151.000000 56.000000
0.9400 62.6100 88.4000 702.000000 0.000000 151.000000 56.000000
0.9500 63.0600 88.2300 700.000000 0.000000 152.000000 56.000000
0.9600 63.4000 88.1000 690.000000 0.000000 152.000000 56.000000
0.9700 63.7500 87.9500 702.000000 0.000000 152.000000 56.000000
0.9800 64.0900 87.7400 696.000000 0.000000 151.000000 56.000000
0.9900 64.3000 87.4900 681.000000 0.000000 151.000000 56.000000
1.0000 64.4300 87.2000 681.000000 0.000000 149.000000 56.000000
1.0100 64.5500 86.8800 682.000000 0.000000 149.000000 56.000000
1.0200 64.5500 86.5000 688.000000 0.000000 149.000000 56.000000
1.0300 64.3700 85.9600 687.000000 0.000000 149.000000 56.000000
1.0400 64.2600 85.3500 688.000000 0.000000 149.000000 56.000000
1.0500 63.9900 84.5600 685.000000 0.000000 149.000000 56.000000
1.0600 63.6000 83.8900 687.000000 0.000000 149.000000 56.000000
1.0700 63.3300 83.3000 687.000000 0.000000 150.000000 55.000000
1.0800 62.9400 82.5800 687.000000 0.000000 150.000000 55.000000
1.0900 62.4800 81.8600 691.000000 0.000000 150.000000 55.000000
1.1000 62.0800 81.1400 687.000000 0.000000 151.000000 54.000000
1.1100 61.7600 80.4400 687.000000 0.000000 153.000000 55.000000
1.1200 61.4500 79.7700 691.000000 0.000000 153.000000 55.000000
1.1300 61.1100 79.1100 691.000000 0.000000 153.000000 55.000000
1.1400 60.8600 78.5600 691.000000 0.000000 153.000000 55.000000
1.1500 60.6300 78.0800 693.000000 0.000000 154.000000 55.000000
1.1600 60.3400 77.6500 693.000000 0.000000 153.000000 56.000000
1.1700 60.0100 77.2500 694.000000 0.000000 153.000000 56.000000
1.1800 59.7300 76.8300 694.000000 0.000000 154.000000 56.000000
1.1900 59.4600 76.4000 694.000000 0.000000 154.000000 56.000000
1.2000 59.2000 75.9700 693.000000 0.000000 154.000000 56.000000
1.2100 58.8800 75.5900 693.000000 0.000000 154.000000 56.000000
1.2200 58.6600 75.2400 694.000000 0.000000 154.000000 56.000000
1.2300 58.5000 74.9300 694.000000 0.000000 154.000000 56.000000
1.2400 58.4500 74.6800 694.000000 0.000000 153.000000 56.000000
1.2500 58.3300 74.4800 693.000000 0.000000 153.000000 56.000000
1.2600 58.1600 74.2900 693.000000 0.000000 152.000000 56.000000
1.2700 58.0700 74.1300 693.000000 0.000000 152.000000 56.000000
1.2800 57.9400 74.0000 691.000000 0.000000 152.000000 56.000000
1.2900 57.7800 73.8600 693.000000 0.000000 151.000000 54.000000
1.3000 57.7100 73.7500 696.000000 0.000000 151.000000 54.000000
1.3100 57.6200 73.6600 690.000000 0.000000 151.000000 54.000000
1.3200 57.5100 73.5400 691.000000 0.000000 151.000000 54.000000
1.3300 57.3900 73.4500 691.000000 0.000000 150.000000 54.000000
1.3400 57.3000 73.3800 691.000000 0.000000 151.000000 54.000000
1.3500 57.3000 73.3800 687.000000 0.000000 152.000000 54.000000
1.3600 57.3000 73.3800 685.000000 0.000000 152.000000 54.000000
1.3700 57.3000 73.3800 682.000000 0.000000 152.000000 54.000000
1.3800 57.2400 73.3800 681.000000 0.000000 152.000000 54.000000
1.3900 57.2400 73.3800 678.000000 0.000000 152.000000 54.000000
1.4000 57.2400 73.3800 673.000000 0.000000 152.000000 54.000000
1.4100 57.2400 73.3800 667.000000 0.000000 152.000000 54.000000
1.4200 57.2400 73.3800 664.000000 0.000000 152.000000 54.000000
1.4300 57.2400 73.3800 671.000000 0.000000 152.000000 54.000000
1.4400 57.2400 73.3300 670.000000 0.000000 152.000000 54.000000
1.4500 57.2400 73.3300 670.000000 0.000000 152.000000 54.000000
1.4600 57.2400 73.3300 670.000000 0.000000 152.000000 54.000000
1.4700 57.2400 73.3300 667.000000 0.000000 152.000000 54.000000
1.4800 57.2400 73.3300 665.000000 0.000000 152.000000 54.000000
1.4900 57.2400 73.3300 664.000000 0.000000 152.000000 54.000000
1.5000 57.2400 73.3300 659.000000 0.000000 152.000000 54.000000
1.5100 57.2400 73.3300 653.000000 0.000000 152.000000 54.000000
1.5200 57.2400 73.3300 653.000000 0.000000 152.000000 54.000000
1.5300 57.2400 73.3300 653.000000 0.000000 152.000000 54.000000
1.5400 57.1900 73.3300 653.000000 0.000000 152.000000 54.000000
1.5500 57.1900 73.3300 655.000000 0.000000 152.000000 54.000000
1.5600 57.1100 73.3300 656.000000 0.000000 152.000000 54.000000
1.5700 57.0500 73.3800 656.000000 0.000000 152.000000 54.000000
1.5800 57.0500 73.3800 658.000000 0.000000 152.000000 54.000000
1.5900 56.9900 73.4300 658.000000 0.000000 152.000000 54.000000
1.6000 56.9900 73.4300 656.000000 0.000000 151.000000 53.000000
1.6100 56.9900 73.4300 656.000000 0.000000 151.000000 53.000000
1.6200 56.9400 73.4800 656.000000 0.000000 151.000000 53.000000
1.6300 56.9400 73.4800 655.000000 0.000000 151.000000 53.000000
1.6400 56.9400 73.5700 656.000000 0.000000 150.000000 54.000000
1.6500 56.9400 73.5700 661.000000 0.000000 150.000000 54.000000
1.6600 56.8800 73.6500 662.000000 0.000000 150.000000 54.000000
1.6700 56.8800 73.6500 655.000000 0.000000 150.000000 54.000000
1.6800 56.8300 73.7800 656.000000 0.000000 150.000000 54.000000
1.6900 56.8300 73.9100 655.000000 0.000000 150.000000 54.000000
1.7000 56.7800 74.0600 661.000000 0.000000 150.000000 54.000000
1.7100 56.7800 74.2000 661.000000 0.000000 148.000000 54.000000
1.7200 56.7800 74.3300 661.000000 0.000000 148.000000 54.000000
1.7300 56.7800 74.5200 659.000000 0.000000 148.000000 54.000000
1.7400 56.7800 74.7700 658.000000 0.000000 148.000000 54.000000
1.7500 56.8300 74.9700 658.000000 0.000000 148.000000 54.000000
1.7600 56.8300 75.1700 661.000000 0.000000 148.000000 54.000000
1.7700 56.9200 75.3600 658.000000 0.000000 146.000000 54.000000
1.7800 56.9900 75.5000 659.000000 0.000000 146.000000 54.000000
1.7900 56.9900 75.6200 661.000000 0.000000 146.000000 54.000000
1.8000 57.0900 75.7700 662.000000 0.000000 146.000000 54.000000
1.8100 57.0900 75.9400 661.000000 0.000000 146.000000 54.000000
1.8200 57.1800 76.1700 661.000000 0.000000 146.000000 54.000000
1.8300 57.2300 76.3700 662.000000 0.000000 145.000000 55.000000
1.8400 57.2900 76.5400 661.000000 0.000000 145.000000 55.000000
1.8500 57.3500 76.6400 659.000000 0.000000 145.000000 55.000000
1.8600 57.3500 76.7300 659.000000 0.000000 145.000000 55.000000
1.8700 57.3500 76.8000 655.000000 0.000000 145.000000 55.000000
1.8800 57.4500 76.8700 659.000000 0.000000 145.000000 55.000000
1.8900 57.4500 76.9400 661.000000 0.000000 144.000000 56.000000
1.9000 57.4500 77.0100 662.000000 0.000000 144.000000 56.000000
1.9100 57.5100 77.0700 662.000000 0.000000 144.000000 56.000000
1.9200 57.5100 77.1300 662.000000 0.000000 144.000000 56.000000
1.9300 57.6000 77.1300 662.000000 0.000000 144.000000 56.000000
1.9400 57.6000 77.2100 662.000000 0.000000 144.000000 56.000000
1.9500 57.6600 77.2100 661.000000 0.000000 144.000000 56.000000
1.9600 57.6600 77.2100 661.000000 0.000000 144.000000 56.000000
1.9700 57.6600 77.2700 661.000000 0.000000 144.000000 56.000000
1.9800 57.6600 77.2700 662.000000 0.000000 144.000000 56.000000
1.9900 57.7300 77.3700 661.000000 0.000000 144.000000 56.000000
2.0000 57.7300 77.4900 662.000000 0.000000 145.000000 55.000000
2.0100 57.7900 77.4900 662.000000 0.000000 145.000000 55.000000
2.0200 57.8400 77.5700 662.000000 0.000000 145.000000 55.000000
2.0300 57.9100 77.6500 661.000000 0.000000 145.000000 55.000000
2.0400 57.9800 77.7400 662.000000 0.000000 146.000000 55.000000
2.0500 58.0400 77.8500 661.000000 0.000000 146.000000 55.000000
2.0600 58.1200 77.9300 661.000000 0.000000 146.000000 55.000000
2.0700 58.1200 78.0000 661.000000 0.000000 146.000000 55.000000
2.0800 58.1200 78.0000 662.000000 0.000000 147.000000 55.000000
2.0900 58.1200 78.0000 662.000000 0.000000 147.000000 55.000000
2.1000 58.1200 78.0000 662.000000 0.000000 147.000000 55.000000
2.1100 58.1200 78.0000 661.000000 0.000000 147.000000 55.000000
2.1200 58.1200 78.0000 662.000000 0.000000 147.000000 55.000000
2.1300 58.1200 78.0000 661.000000 0.000000 147.000000 55.000000
2.1400 58.1200 78.0000 662.000000 0.000000 150.000000 54.000000
2.1500 58.1200 78.0000 662.000000 0.000000 150.000000 54.000000
2.1600 58.1800 78.0700 661.000000 0.000000 150.000000 54.000000
2.1700 58.1800 78.1200 661.000000 0.000000 150.000000 54.000000
2.1800 58.2800 78.1200 661.000000 0.000000 150.000000 54.000000
2.1900 58.2800 78.1800 662.000000 0.000000 150.000000 54.000000
2.2000 58.3800 78.2400 662.000000 0.000000 150.000000 54.000000
2.2100 58.4600 78.3200 662.000000 0.000000 150.000000 54.000000
2.2200 58.5100 78.3200 661.000000 0.000000 150.000000 54.000000
2.2300 58.5100 78.3800 662.000000 0.000000 150.000000 54.000000
2.2400 58.6200 78.4300 661.000000 0.000000 151.000000 54.000000
2.2500 58.6700 78.4900 661.000000 0.000000 151.000000 54.000000
2.2600 58.6700 78.4900 662.000000 0.000000 151.000000 54.000000
2.2700 58.6700 78.4900 662.000000 0.000000 151.000000 54.000000
2.2800 58.7200 78.4900 662.000000 0.000000 151.000000 54.000000
2.2900 58.7200 78.4900 664.000000 0.000000 151.000000 54.000000
2.3000 58.7200 78.4900 667.000000 0.000000 151.000000 54.000000
2.3100 58.7200 78.4900 670.000000 0.000000 151.000000 54.000000
2.3200 58.7200 78.5400 668.000000 0.000000 151.000000 54.000000
2.3300 58.7800 78.5400 670.000000 0.000000 153.000000 55.000000
2.3400 58.7800 78.5400 670.000000 0.000000 153.000000 55.000000
2.3500 58.8600 78.6000 671.000000 0.000000 153.000000 55.000000
2.3600 58.9700 78.6600 671.000000 0.000000 153.000000 55.000000
2.3700 59.0600 78.6600 670.000000 0.000000 153.000000 55.000000
2.3800 59.1300 78.7300 671.000000 0.000000 153.000000 55.000000
2.3900 59.1900 78.7300 671.000000 0.000000 153.000000 55.000000
2.4000 59.1900 78.7900 670.000000 0.000000 153.000000 55.000000
2.4100 59.2400 78.7900 671.000000 0.000000 154.000000 55.000000
2.4200 59.2400 78.8700 673.000000 0.000000 154.000000 55.000000
2.4300 59.3000 78.8700 670.000000 0.000000 155.000000 54.000000
2.4400 59.3000 78.9500 671.000000 0.000000 155.000000 54.000000
2.4500 59.3500 78.9500 670.000000 0.000000 155.000000 54.000000
2.4600 59.3500 78.9500 671.000000 0.000000 155.000000 54.000000
2.4700 59.4200 78.9500 673.000000 0.000000 155.000000 54.000000
2.4800 59.4900 79.0200 673.000000 0.000000 155.000000 54.000000
2.4900 59.5500 79.0900 673.000000 0.000000 156.000000 55.000000
2.5000 59.5500 79.0900 662.000000 0.000000 156.000000 55.000000
2.5100 59.6300 79.0900 664.000000 0.000000 156.000000 55.000000
2.5200 59.6300 79.0900 664.000000 0.000000 156.000000 55.000000
2.5300 59.6300 79.0900 663.000000 0.000000 156.000000 55.000000
2.5400 59.6800 79.1400 663.000000 0.000000 156.000000 55.000000
2.5500 59.6800 79.1400 663.000000 0.000000 156.000000 55.000000
2.5600 59.6800 79.1400 663.000000 0.000000 156.000000 55.000000
2.5700 59.7400 79.1900 666.000000 0.000000 156.000000 55.000000
2.5800 59.7400 79.1900 664.000000 0.000000 156.000000 55.000000
2.5900 59.8200 79.2700 667.000000 0.000000 156.000000 55.000000
2.6000 59.9000 79.3300 675.000000 0.000000 156.000000 55.000000
2.6100 59.9900 79.3300 675.000000 0.000000 156.000000 55.000000
2.6200 60.1100 79.3800 678.000000 0.000000 156.000000 55.000000
2.6300 60.2100 79.3800 678.000000 0.000000 155.000000 55.000000
2.6400 60.3000 79.3800 676.000000 0.000000 155.000000 55.000000
2.6500 60.4200 79.3800 678.000000 0.000000 155.000000 55.000000
2.6600 60.5400 79.4400 676.000000 0.000000 154.000000 56.000000
2.6700 60.6100 79.4400 682.000000 0.000000 154.000000 56.000000
2.6800 60.6100 79.5000 684.000000 0.000000 154.000000 57.000000
2.6900 60.7400 79.5000 685.000000 0.000000 152.000000 57.000000
2.7000 60.8100 79.5700 685.000000 0.000000 152.000000 57.000000
2.7100 60.8600 79.5700 691.000000 0.000000 152.000000 57.000000
2.7200 60.8600 79.6400 697.000000 0.000000 152.000000 57.000000
2.7300 61.0000 79.6400 693.000000 0.000000 152.000000 57.000000
2.7400 61.1100 79.6400 696.000000 0.000000 152.000000 57.000000
2.7500 61.2500 79.7500 697.000000 0.000000 152.000000 57.000000
2.7600 61.3900 79.8600 696.000000 0.000000 152.000000 57.000000
2.7700 61.5300 79.9200 697.000000 0.000000 152.000000 57.000000
2.7800 61.6300 80.0000 697.000000 0.000000 152.000000 57.000000
2.7900 61.7500 80.1200 696.000000 0.000000 152.000000 57.000000
2.8000 61.8500 80.1700 699.000000 0.000000 151.000000 56.000000
2.8100 61.9500 80.2400 705.000000 0.000000 152.000000 56.000000
2.8200 62.0400 80.3300 705.000000 0.000000 152.000000 56.000000
2.8300 62.1400 80.3300 705.000000 0.000000 152.000000 56.000000
2.8400 62.2400 80.3300 705.000000 0.000000 152.000000 56.000000
2.8500 62.3400 80.4200 705.000000 0.000000 152.000000 56.000000
2.8600 62.4400 80.4200 707.000000 0.000000 152.000000 56.000000
2.8700 62.5600 80.4700 707.000000 0.000000 152.000000 56.000000
2.8800 62.7100 80.5200 708.000000 0.000000 152.000000 56.000000
2.8900 62.8500 80.5900 708.000000 0.000000 152.000000 56.000000
2.9000 63.0000 80.5900 710.000000 0.000000 152.000000 56.000000
2.9100 63.1500 80.6800 713.000000 0.000000 150.000000 55.000000
2.9200 63.3600 80.8300 716.000000 0.000000 150.000000 55.000000
2.9300 63.5900 80.9300 716.000000 0.000000 150.000000 55.000000
2.9400 63.8300 81.0400 714.000000 0.000000 150.000000 55.000000
2.9500 64.0800 81.1500 716.000000 0.000000 150.000000 55.000000
2.9600 64.3000 81.2600 717.000000 0.000000 150.000000 55.000000
2.9700 64.5100 81.5400 719.000000 0.000000 150.000000 55.000000
2.9800 64.7300 81.6800 725.000000 0.000000 150.000000 55.000000
2.9900 64.9700 81.6800 725.000000 0.000000 151.000000 54.000000
3.0000 65.2200 81.9100 720.000000 0.000000 151.000000 54.000000
3.0100 65.4500 82.0500 725.000000 0.000000 151.000000 54.000000
3.0200 65.6800 82.1800 730.000000 0.000000 151.000000 54.000000
3.0300 65.9300 82.3300 731.000000 0.000000 151.000000 54.000000
3.0400 66.2400 82.5900 734.000000 0.000000 151.000000 54.000000
3.0500 66.5300 82.8200 737.000000 0.000000 151.000000 54.000000
3.0600 66.7900 83.0100 740.000000 0.000000 151.000000 54.000000
3.0700 67.0300 83.2300 745.000000 0.000000 151.000000 54.000000
3.0800 67.2900 83.4900 743.000000 0.000000 151.000000 54.000000
3.0900 67.6000 83.8000 745.000000 0.000000 153.000000 55.000000
3.1000 67.9200 84.1600 743.000000 0.000000 153.000000 55.000000
3.1100 68.2000 84.4700 746.000000 0.000000 153.000000 55.000000
3.1200 68.4500 84.8400 749.000000 0.000000 153.000000 55.000000
3.1300 68.7100 85.2400 746.000000 0.000000 152.000000 56.000000
3.1400 68.9200 85.6500 751.000000 0.000000 152.000000 56.000000
3.1500 69.1000 86.0200 749.000000 0.000000 152.000000 56.000000
3.1600 69.3000 86.3900 751.000000 0.000000 152.000000 57.000000
3.1700 69.4800 86.7400 754.000000 0.000000 152.000000 57.000000
3.1800 69.5700 86.9900 754.000000 0.000000 153.000000 58.000000
3.1900 69.5700 87.2600 755.000000 0.000000 153.000000 58.000000
3.2000 69.5700 87.5600 757.000000 0.000000 154.000000 58.000000
3.2100 69.5700 87.7800 763.000000 0.000000 154.000000 58.000000
3.2200 69.5700 88.0000 761.000000 0.000000 156.000000 59.000000
3.2300 69.5700 88.2000 751.000000 0.000000 157.000000 59.000000
3.2400 69.5700 88.3900 757.000000 0.000000 157.000000 59.000000
3.2500 69.5700 88.5600 758.000000 0.000000 157.000000 59.000000
3.2600 69.5100 88.7000 758.000000 0.000000 157.000000 59.000000
3.2700 69.4400 88.7900 757.000000 0.000000 157.000000 59.000000
3.2800 69.3500 88.8800 754.000000 0.000000 158.000000 58.000000
3.2900 69.2200 88.9400 754.000000 0.000000 158.000000 58.000000
3.3000 69.0700 88.9400 748.000000 0.000000 158.000000 58.000000
3.3100 68.9200 89.0100 745.000000 0.000000 159.000000 57.000000
3.3200 68.7200 89.0100 740.000000 0.000000 159.000000 57.000000
3.3300 68.4900 88.9500 740.000000 0.000000 157.000000 57.000000
3.3400 68.2700 88.8700 733.000000 0.000000 157.000000 57.000000
3.3500 68.0400 88.7400 728.000000 0.000000 156.000000 57.000000
3.3600 67.7800 88.5700 728.000000 0.000000 154.000000 56.000000
3.3700 67.5100 88.3600 728.000000 0.000000 154.000000 56.000000
3.3800 67.1200 88.1200 724.000000 0.000000 153.000000 56.000000
3.3900 66.8300 87.8200 725.000000 0.000000 151.000000 56.000000
3.4000 66.6100 87.4800 724.000000 0.000000 151.000000 56.000000
3.4100 66.4400 87.1300 724.000000 0.000000 151.000000 56.000000
3.4200 66.1600 86.7500 722.000000 0.000000 149.000000 56.000000
3.4300 65.8100 86.2400 724.000000 0.000000 149.000000 56.000000
3.4400 65.6200 85.7200 725.000000 0.000000 149.000000 56.000000
3.4500 65.3800 85.1900 724.000000 0.000000 148.000000 56.000000
3.4600 65.1100 84.5500 724.000000 0.000000 148.000000 56.000000
3.4700 64.8500 83.9500 725.000000 0.000000 148.000000 56.000000
3.4800 64.6500 83.3900 725.000000 0.000000 148.000000 56.000000
3.4900 64.4800 82.8400 727.000000 0.000000 149.000000 55.000000
3.5000 64.3100 82.3900 728.000000 0.000000 149.000000 55.000000
3.5100 63.9500 81.7700 731.000000 0.000000 149.000000 55.000000
3.5200 63.7000 81.0400 733.000000 0.000000 150.000000 54.000000
3.5300 63.5300 80.4500 733.000000 0.000000 150.000000 54.000000
3.5400 63.3600 79.8400 721.000000 0.000000 150.000000 54.000000
3.5500 63.1900 79.2100 724.000000 0.000000 150.000000 54.000000
3.5600 63.0800 78.6500 727.000000 0.000000 150.000000 55.000000
3.5700 63.0800 78.1800 728.000000 0.000000 150.000000 55.000000
3.5800 63.0200 77.7800 727.000000 0.000000 150.000000 55.000000
3.5900 62.9700 77.3000 727.000000 0.000000 149.000000 56.000000
3.6000 63.0700 76.8900 728.000000 0.000000 149.000000 56.000000
3.6100 63.0700 76.5200 728.000000 0.000000 149.000000 56.000000
3.6200 63.0700 75.9900 730.000000 0.000000 149.000000 56.000000
3.6300 63.2100 75.5900 736.000000 0.000000 149.000000 56.000000
3.6400 63.3300 75.2800 733.000000 0.000000 149.000000 56.000000
3.6500 63.4200 74.9500 733.000000 0.000000 149.000000 56.000000
3.6600 63.5500 74.6200 730.000000 0.000000 149.000000 56.000000
3.6700 63.7000 74.3500 730.000000 0.000000 149.000000 56.000000
3.6800 63.8900 74.1100 728.000000 0.000000 149.000000 56.000000
3.6900 64.1200 73.9500 731.000000 0.000000 149.000000 56.000000
3.7000 64.3500 73.7700 733.000000 0.000000 149.000000 56.000000
3.7100 64.5900 73.7100 739.000000 0.000000 150.000000 55.000000
3.7200 64.8900 73.7100 746.000000 0.000000 150.000000 55.000000
3.7300 65.2000 73.8400 745.000000 0.000000 150.000000 55.000000
3.7400 65.5300 74.0000 746.000000 0.000000 150.000000 55.000000
3.7500 65.8900 74.1900 755.000000 0.000000 150.000000 55.000000
3.7600 66.2000 74.3700 758.000000 0.000000 152.000000 56.000000
3.7700 66.5600 74.6600 751.000000 0.000000 152.000000 56.000000
3.7800 66.9300 75.0300 753.000000 0.000000 151.000000 56.000000
3.7900 67.3000 75.2800 759.000000 0.000000 151.000000 56.000000
3.8000 67.7100 75.5700 767.000000 0.000000 151.000000 56.000000
3.8100 68.1300 75.9500 777.000000 0.000000 152.000000 57.000000
3.8200 68.5500 76.3800 779.000000 0.000000 151.000000 58.000000
3.8300 68.9800 76.7300 787.000000 0.000000 151.000000 58.000000
3.8400 69.4200 77.1800 797.000000 0.000000 153.000000 58.000000
3.8500 69.8400 77.7100 784.000000 0.000000 154.000000 58.000000
3.8600 70.2700 78.0900 783.000000 0.000000 156.000000 59.000000
3.8700 70.7200 78.5800 787.000000 0.000000 157.000000 59.000000
3.8800 71.1800 79.1500 788.000000 0.000000 159.000000 59.000000
3.8900 71.6100 79.7900 793.000000 0.000000 159.000000 59.000000
3.9000 72.0200 80.4100 800.000000 0.000000 159.000000 59.000000
3.9100 72.5100 80.9800 809.000000 0.000000 159.000000 59.000000
3.9200 73.0000 81.5700 814.000000 0.000000 157.000000 59.000000
3.9300 73.4900 82.1700 817.000000 0.000000 158.000000 58.000000
3.9400 73.9300 82.7500 824.000000 0.000000 157.000000 58.000000
3.9500 74.2600 83.2900 818.000000 0.000000 155.000000 58.000000
3.9600 74.5100 83.7800 824.000000 0.000000 155.000000 58.000000
3.9700 74.7600 84.2500 825.000000 0.000000 155.000000 58.000000
3.9800 74.9400 84.9000 828.000000 0.000000 155.000000 58.000000
3.9900 75.0800 85.5000 837.000000 0.000000 155.000000 58.000000
4.0000 75.1400 86.0800 842.000000 0.000000 155.000000 58.000000
4.0100 75.1400 86.5000 848.000000 0.000000 154.000000 58.000000
4.0200 75.1400 86.9200 851.000000 0.000000 154.000000 58.000000
4.0300 75.1400 87.3300 846.000000 0.000000 154.000000 58.000000
4.0400 74.9900 87.6500 846.000000 0.000000 153.000000 59.000000
4.0500 74.8200 87.9100 851.000000 0.000000 152.000000 59.000000
4.0600 74.6600 88.1200 851.000000 0.000000 152.000000 59.000000
4.0700 74.4900 88.2200 843.000000 0.000000 152.000000 59.000000
4.0800 74.3000 88.2200 834.000000 0.000000 152.000000 59.000000
4.0900 74.0500 88.3600 825.000000 0.000000 152.000000 59.000000
4.1000 73.7500 88.3600 819.000000 0.000000 152.000000 59.000000
4.1100 73.4100 88.3600 819.000000 0.000000 152.000000 59.000000
4.1200 72.8900 87.9700 830.000000 0.000000 152.000000 59.000000
4.1300 72.4500 87.6400 827.000000 0.000000 153.000000 58.000000
4.1400 72.0700 87.3300 821.000000 0.000000 153.000000 58.000000
4.1500 71.6200 86.8100 812.000000 0.000000 153.000000 58.000000
4.1600 71.1600 86.2700 809.000000 0.000000 151.000000 58.000000
4.1700 70.6800 85.6700 800.000000 0.000000 151.000000 58.000000
4.1800 70.2200 84.9600 805.000000 0.000000 151.000000 58.000000
4.1900 69.7800 84.2000 800.000000 0.000000 150.000000 57.000000
4.2000 69.4000 83.4400 797.000000 0.000000 150.000000 57.000000
4.2100 69.0200 82.7000 797.000000 0.000000 151.000000 56.000000
4.2200 68.6300 81.9100 796.000000 0.000000 151.000000 56.000000
4.2300 68.3600 81.1800 797.000000 0.000000 149.000000 56.000000
4.2400 68.0700 80.4900 797.000000 0.000000 150.000000 55.000000
4.2500 67.9300 79.6500 796.000000 0.000000 150.000000 55.000000
4.2600 67.8800 78.9000 790.000000 0.000000 150.000000 55.000000
4.2700 67.8000 78.2000 791.000000 0.000000 151.000000 56.000000
4.2800 67.8000 77.6300 787.000000 0.000000 151.000000 56.000000
4.2900 67.8800 77.1200 793.000000 0.000000 151.000000 56.000000
4.3000 67.9800 76.6500 791.000000 0.000000 150.000000 57.000000
4.3100 68.1800 76.3400 788.000000 0.000000 150.000000 57.000000
4.3200 68.4000 76.0700 790.000000 0.000000 150.000000 57.000000
4.3300 68.6600 75.8300 793.000000 0.000000 151.000000 58.000000
4.3400 68.9500 75.7200 799.000000 0.000000 151.000000 58.000000
4.3500 69.2300 75.7200 808.000000 0.000000 151.000000 58.000000
4.3600 69.5600 75.8000 815.000000 0.000000 151.000000 58.000000
4.3700 70.0300 76.1500 827.000000 0.000000 153.000000 58.000000
4.3800 70.5800 76.6100 825.000000 0.000000 153.000000 58.000000
4.3900 71.0800 77.1400 828.000000 0.000000 153.000000 58.000000
4.4000 71.6000 77.7400 831.000000 0.000000 154.000000 58.000000
4.4100 72.1300 78.4800 830.000000 0.000000 156.000000 59.000000
4.4200 72.6400 79.3200 831.000000 0.000000 156.000000 59.000000
4.4300 73.1000 80.3900 825.000000 0.000000 156.000000 59.000000
4.4400 73.5500 81.4700 827.000000 0.000000 156.000000 59.000000
4.4500 73.9200 82.5600 825.000000 0.000000 156.000000 59.000000
4.4600 74.3100 83.7200 827.000000 0.000000 156.000000 59.000000
4.4700 74.7200 84.5600 818.000000 0.000000 156.000000 59.000000
4.4800 75.0300 85.2100 818.000000 0.000000 155.000000 58.000000
4.4900 75.2700 86.0100 821.000000 0.000000 155.000000 58.000000
4.5000 75.3300 86.4600 824.000000 0.000000 154.000000 58.000000
4.5100 75.5000 86.6800 827.000000 0.000000 153.000000 58.000000
4.5200 75.7300 87.0400 825.000000 0.000000 153.000000 58.000000
4.5300 75.8600 87.3000 827.000000 0.000000 152.000000 59.000000
4.5400 76.0400 87.3900 822.000000 0.000000 152.000000 59.000000
4.5500 76.2500 87.4700 821.000000 0.000000 151.000000 60.000000
4.5600 76.4600 87.5400 826.000000 0.000000 151.000000 60.000000
4.5700 76.6500 87.5400 815.000000 0.000000 151.000000 60.000000
4.5800 76.7800 87.3700 814.000000 0.000000 151.000000 60.000000
4.5900 76.8700 87.1100 814.000000 0.000000 151.000000 60.000000
4.6000 77.0100 86.8100 815.000000 0.000000 151.000000 60.000000
4.6100 77.0100 86.3800 808.000000 0.000000 151.000000 60.000000
4.6200 77.0100 85.8600 808.000000 0.000000 151.000000 60.000000
4.6300 77.0100 85.2300 791.000000 0.000000 152.000000 60.000000
4.6400 76.7900 84.4600 790.000000 0.000000 153.000000 59.000000
4.6500 76.3800 83.6000 790.000000 0.000000 153.000000 59.000000
4.6600 75.9600 82.7500 793.000000 0.000000 154.000000 58.000000
4.6700 75.4600 81.8700 791.000000 0.000000 154.000000 58.000000
4.6800 74.9100 80.9300 793.000000 0.000000 154.000000 58.000000
4.6900 74.3800 79.9800 796.000000 0.000000 155.000000 58.000000
4.7000 73.8500 78.9800 796.000000 0.000000 157.000000 58.000000
4.7100 73.3900 78.1400 799.000000 0.000000 156.000000 59.000000
4.7200 72.9800 77.4100 800.000000 0.000000 156.000000 59.000000
4.7300 72.8800 76.9000 809.000000 0.000000 156.000000 59.000000
4.7400 72.6400 76.3400 818.000000 0.000000 156.000000 59.000000
4.7500 72.3000 75.7600 821.000000 0.000000 156.000000 59.000000
4.7600 72.2400 75.3000 823.000000 0.000000 154.000000 58.000000
4.7700 72.1900 74.9100 824.000000 0.000000 154.000000 58.000000
4.7800 72.1900 74.5700 827.000000 0.000000 153.000000 58.000000
4.7900 72.2600 74.4300 826.000000 0.000000 153.000000 58.000000
4.8000 72.3300 74.2800 829.000000 0.000000 153.000000 58.000000
4.8100 72.3300 74.2100 827.000000 0.000000 151.000000 58.000000
4.8200 72.3900 74.2100 832.000000 0.000000 151.000000 58.000000
4.8300 72.3900 74.2100 828.000000 0.000000 151.000000 58.000000
4.8400 72.3900 74.2100 843.000000 0.000000 152.000000 57.000000
4.8500 72.3900 74.2700 851.000000 0.000000 152.000000 57.000000
4.8600 72.4400 74.3600 852.000000 0.000000 152.000000 57.000000
4.8700 72.4400 74.4700 857.000000 0.000000 152.000000 57.000000
4.8800 72.4400 74.6100 861.000000 0.000000 152.000000 57.000000
4.8900 72.4400 74.7600 866.000000 0.000000 152.000000 57.000000
4.9000 72.4400 74.8600 861.000000 0.000000 152.000000 57.000000
4.9100 72.4400 74.9400 872.000000 0.000000 152.000000 57.000000
4.9200 72.4400 74.9900 887.000000 0.000000 152.000000 57.000000
4.9300 72.4400 74.9900 897.000000 0.000000 150.000000 57.000000
4.9400 72.4400 75.0400 899.000000 0.000000 150.000000 57.000000
4.9500 72.4900 75.0400 908.000000 0.000000 150.000000 57.000000
4.9600 72.8100 75.3700 894.000000 0.000000 150.000000 57.000000
4.9700 73.3300 75.9100 921.000000 0.000000 150.000000 57.000000
4.9800 74.0400 76.4600 932.000000 0.000000 150.000000 57.000000
4.9900 74.9700 77.2700 930.000000 0.000000 150.000000 58.000000
5.0000 76.0500 78.2600 933.000000 0.000000 150.000000 58.000000
5.0100 77.2500 79.5000 926.000000 0.000000 150.000000 58.000000
5.0200 78.4700 80.4500 914.000000 0.000000 152.000000 59.000000
5.0300 79.5000 81.2100 879.000000 0.000000 152.000000 59.000000
5.0400 80.4000 81.6200 670.000000 0.000000 152.000000 59.000000
