0.0000 12.7300 63.6300 73.000000 1.000000 113.000000 60.000000
0.0100 12.0600 63.6800 527.000000 0.000000 114.000000 62.000000
0.0200 11.7800 64.0100 522.000000 0.000000 112.000000 62.000000
0.0300 11.5000 64.5500 546.000000 0.000000 110.000000 63.000000
0.0400 11.8200 65.1800 597.000000 0.000000 109.000000 62.000000
0.0500 12.5800 66.1100 638.000000 0.000000 108.000000 61.000000
0.0600 13.6400 67.2500 650.000000 0.000000 108.000000 60.000000
0.0700 14.9600 68.0400 656.000000 0.000000 108.000000 60.000000
0.0800 16.2500 68.4900 664.000000 0.000000 107.000000 59.000000
0.0900 17.5300 68.7100 676.000000 0.000000 108.000000 60.000000
0.1000 18.5100 68.3300 693.000000 0.000000 109.000000 60.000000
0.1100 19.0200 67.5400 725.000000 0.000000 110.000000 60.000000
0.1200 19.2200 66.4900 748.000000 0.000000 113.000000 61.000000
0.1300 18.9700 64.9600 763.000000 0.000000 113.000000 61.000000
0.1400 18.4600 63.3300 787.000000 0.000000 113.000000 61.000000
0.1500 17.7800 61.6400 808.000000 0.000000 113.000000 61.000000
0.1600 17.1500 60.4700 827.000000 0.000000 113.000000 61.000000
0.1700 16.5600 59.7200 836.000000 0.000000 110.000000 60.000000
0.1800 15.9900 59.2600 855.000000 0.000000 110.000000 60.000000
0.1900 15.5500 59.1800 866.000000 0.000000 110.000000 60.000000
0.2000 15.1100 59.4300 867.000000 0.000000 109.000000 60.000000
0.2100 14.6500 59.9000 863.000000 0.000000 109.000000 60.000000
0.2200 14.4800 60.4800 860.000000 0.000000 109.000000 60.000000
0.2300 14.4800 61.4100 864.000000 0.000000 110.000000 60.000000
0.2400 14.7700 62.5700 864.000000 0.000000 110.000000 60.000000
0.2500 15.4400 63.9500 861.000000 0.000000 110.000000 60.000000
0.2600 16.3700 65.2300 854.000000 0.000000 110.000000 60.000000
0.2700 17.4300 66.3300 867.000000 0.000000 110.000000 60.000000
0.2800 18.4100 67.0000 863.000000 0.000000 110.000000 60.000000
0.2900 19.3300 67.3800 860.000000 0.000000 110.000000 60.000000
0.3000 19.8700 67.3200 861.000000 0.000000 110.000000 60.000000
0.3100 20.2400 66.9200 860.000000 0.000000 108.000000 61.000000
0.3200 20.5000 66.2900 872.000000 0.000000 108.000000 61.000000
0.3300 20.5000 65.4200 891.000000 0.000000 108.000000 61.000000
0.3400 20.3700 64.1800 896.000000 0.000000 108.000000 61.000000
0.3500 20.0900 62.6900 894.000000 0.000000 108.000000 61.000000
0.3600 19.8600 61.5400 891.000000 0.000000 110.000000 60.000000
0.3700 19.9900 60.8800 888.000000 0.000000 110.000000 60.000000
0.3800 20.3600 60.5500 890.000000 0.000000 110.000000 60.000000
0.3900 21.1600 60.4400 902.000000 0.000000 110.000000 60.000000
0.4000 21.9900 60.7800 894.000000 0.000000 110.000000 60.000000
0.4100 23.0100 61.4200 905.000000 0.000000 110.000000 60.000000
0.4200 24.1400 62.7000 906.000000 0.000000 110.000000 60.000000
0.4300 25.3300 64.1400 905.000000 0.000000 111.000000 61.000000
0.4400 26.4600 65.6800 905.000000 0.000000 111.000000 61.000000
0.4500 27.3500 67.0500 902.000000 0.000000 112.000000 62.000000
0.4600 28.0900 68.5300 912.000000 0.000000 113.000000 63.000000
0.4700 28.3800 69.5500 930.000000 0.000000 113.000000 63.000000
0.4800 28.3200 70.2300 955.000000 0.000000 115.000000 63.000000
0.4900 28.0300 70.4000 965.000000 0.000000 116.000000 63.000000
0.5000 27.2900 69.9500 962.000000 0.000000 118.000000 62.000000
0.5100 26.1000 69.0900 974.000000 0.000000 120.000000 62.000000
0.5200 24.6200 67.6200 973.000000 0.000000 120.000000 62.000000
0.5300 23.3800 65.9700 959.000000 0.000000 119.000000 61.000000
0.5400 22.7300 64.2000 956.000000 0.000000 119.000000 61.000000
0.5500 22.4600 62.6900 949.000000 0.000000 119.000000 61.000000
0.5600 22.7800 61.5800 944.000000 0.000000 116.000000 60.000000
0.5700 23.4600 60.7500 950.000000 0.000000 114.000000 61.000000
0.5800 24.3700 60.4000 953.000000 0.000000 114.000000 62.000000
0.5900 25.6800 60.4000 958.000000 0.000000 112.000000 62.000000
0.6000 27.0400 60.5600 964.000000 0.000000 112.000000 62.000000
0.6100 28.4400 61.1700 959.000000 0.000000 110.000000 63.000000
0.6200 29.7400 62.2200 956.000000 0.000000 109.000000 62.000000
0.6300 30.9200 63.5700 950.000000 0.000000 109.000000 62.000000
0.6400 32.0100 65.0300 949.000000 0.000000 109.000000 62.000000
0.6500 32.6300 66.3200 950.000000 0.000000 109.000000 62.000000
0.6600 32.8800 67.5000 964.000000 0.000000 109.000000 62.000000
0.6700 32.8800 68.1900 983.000000 0.000000 109.000000 62.000000
0.6800 32.7000 68.6500 991.000000 0.000000 111.000000 61.000000
0.6900 32.2800 68.9500 981.000000 0.000000 112.000000 62.000000
0.7000 31.7000 68.8800 977.000000 0.000000 114.000000 62.000000
0.7100 30.7500 68.2800 978.000000 0.000000 115.000000 62.000000
0.7200 29.7400 67.3200 979.000000 0.000000 115.000000 62.000000
0.7300 28.6800 65.8600 978.000000 0.000000 115.000000 62.000000
0.7400 27.9000 64.1300 977.000000 0.000000 116.000000 60.000000
0.7500 27.5500 62.2100 982.000000 0.000000 114.000000 61.000000
0.7600 27.4900 60.8000 981.000000 0.000000 114.000000 61.000000
0.7700 27.7800 59.9300 982.000000 0.000000 112.000000 60.000000
0.7800 28.4800 59.4100 988.000000 0.000000 112.000000 60.000000
0.7900 29.4600 59.2200 993.000000 0.000000 110.000000 60.000000
0.8000 30.5300 59.5800 990.000000 0.000000 109.000000 60.000000
0.8100 31.7700 60.3000 988.000000 0.000000 108.000000 61.000000
0.8200 33.1300 61.5100 994.000000 0.000000 108.000000 61.000000
0.8300 34.3700 63.1700 989.000000 0.000000 108.000000 61.000000
0.8400 35.2700 65.1400 985.000000 0.000000 109.000000 62.000000
0.8500 35.9300 66.7200 991.000000 0.000000 110.000000 63.000000
0.8600 36.3200 67.6100 990.000000 0.000000 110.000000 63.000000
0.8700 36.3700 68.0400 1018.000000 0.000000 113.000000 63.000000
0.8800 36.1900 68.2800 1023.000000 0.000000 116.000000 64.000000
0.8900 36.0000 68.2800 1023.000000 0.000000 116.000000 64.000000
0.9000 35.7200 68.1900 1023.000000 0.000000 116.000000 64.000000
0.9100 35.3800 67.7600 1023.000000 0.000000 117.000000 63.000000
0.9200 34.8800 66.7300 1023.000000 0.000000 117.000000 63.000000
0.9300 34.2200 65.3000 1023.000000 0.000000 117.000000 63.000000
0.9400 33.4600 63.1400 1023.000000 0.000000 117.000000 63.000000
0.9500 32.8200 61.1600 1023.000000 0.000000 117.000000 63.000000
0.9600 33.0400 59.3000 1023.000000 0.000000 116.000000 64.000000
0.9700 33.8300 58.4000 1023.000000 0.000000 114.000000 64.000000
0.9800 36.3000 58.5000 1014.000000 0.000000 111.000000 64.000000
