0.0000 49.2400 77.6500 46.000000 1.000000 121.000000 56.000000
0.0100 48.5300 77.3700 130.000000 0.000000 121.000000 56.000000
0.0200 48.2800 77.5100 170.000000 0.000000 121.000000 56.000000
0.0300 48.1900 77.9200 206.000000 0.000000 121.000000 56.000000
0.0400 48.1900 78.5000 250.000000 0.000000 121.000000 56.000000
0.0500 48.5400 79.4500 341.000000 0.000000 120.000000 55.000000
0.0600 49.1400 80.6200 394.000000 0.000000 120.000000 55.000000
0.0700 49.9200 81.9400 414.000000 0.000000 121.000000 55.000000
0.0800 50.8000 83.0700 428.000000 0.000000 120.000000 54.000000
0.0900 51.8400 84.1800 443.000000 0.000000 120.000000 54.000000
0.1000 52.9900 85.2500 453.000000 0.000000 120.000000 54.000000
0.1100 53.9900 86.1100 456.000000 0.000000 120.000000 54.000000
0.1200 54.8700 86.8300 442.000000 0.000000 119.000000 53.000000
0.1300 55.6700 87.1600 443.000000 0.000000 118.000000 54.000000
0.1400 56.2000 87.0000 461.000000 0.000000 118.000000 54.000000
0.1500 56.4800 86.5200 465.000000 0.000000 117.000000 55.000000
0.1600 56.5900 85.5200 467.000000 0.000000 117.000000 55.000000
0.1700 56.3600 84.1400 440.000000 0.000000 117.000000 55.000000
0.1800 55.8400 82.5200 443.000000 0.000000 117.000000 55.000000
0.1900 55.1200 80.9600 440.000000 0.000000 117.000000 55.000000
0.2000 54.2800 79.4900 450.000000 0.000000 119.000000 54.000000
0.2100 53.3200 78.0800 477.000000 0.000000 119.000000 54.000000
0.2200 52.2700 77.0800 488.000000 0.000000 119.000000 54.000000
0.2300 51.3200 76.5900 522.000000 0.000000 120.000000 54.000000
0.2400 50.7200 76.4300 535.000000 0.000000 119.000000 53.000000
0.2500 50.3600 76.7000 538.000000 0.000000 119.000000 53.000000
0.2600 50.2400 77.3100 564.000000 0.000000 118.000000 53.000000
0.2700 50.4700 78.1400 564.000000 0.000000 118.000000 53.000000
0.2800 50.9400 79.1800 577.000000 0.000000 118.000000 53.000000
0.2900 51.8500 80.4100 578.000000 0.000000 117.000000 52.000000
0.3000 52.9300 81.7700 577.000000 0.000000 120.000000 52.000000
0.3100 54.1100 82.8800 581.000000 0.000000 120.000000 52.000000
0.3200 55.3100 83.9600 581.000000 0.000000 120.000000 52.000000
0.3300 56.5200 84.9700 584.000000 0.000000 122.000000 53.000000
0.3400 57.7500 85.5500 584.000000 0.000000 122.000000 53.000000
0.3500 58.6300 85.8500 581.000000 0.000000 121.000000 53.000000
0.3600 59.2800 85.7700 570.000000 0.000000 121.000000 53.000000
0.3700 59.6200 85.5000 569.000000 0.000000 121.000000 53.000000
0.3800 59.7600 85.1000 564.000000 0.000000 121.000000 53.000000
0.3900 59.7600 84.4000 554.000000 0.000000 121.000000 53.000000
0.4000 59.3900 83.3500 533.000000 0.000000 120.000000 52.000000
0.4100 58.7800 82.0800 509.000000 0.000000 120.000000 52.000000
0.4200 58.0200 80.6900 512.000000 0.000000 120.000000 52.000000
0.4300 57.2800 79.3000 517.000000 0.000000 121.000000 52.000000
0.4400 56.6500 78.2400 516.000000 0.000000 121.000000 52.000000
0.4500 56.3300 77.4100 536.000000 0.000000 122.000000 53.000000
0.4600 56.1900 77.0600 542.000000 0.000000 123.000000 52.000000
0.4700 56.3300 77.0600 567.000000 0.000000 123.000000 52.000000
0.4800 56.9100 77.4100 580.000000 0.000000 124.000000 53.000000
0.4900 57.7800 78.1500 592.000000 0.000000 124.000000 53.000000
0.5000 58.8400 79.2100 586.000000 0.000000 124.000000 53.000000
0.5100 59.9000 80.4800 591.000000 0.000000 124.000000 53.000000
0.5200 60.8600 81.5100 588.000000 0.000000 124.000000 53.000000
0.5300 61.7500 82.2400 581.000000 0.000000 124.000000 53.000000
0.5400 62.3700 82.7600 577.000000 0.000000 123.000000 52.000000
0.5500 62.6700 82.9800 569.000000 0.000000 124.000000 52.000000
0.5600 62.7600 82.9800 572.000000 0.000000 124.000000 52.000000
0.5700 62.7600 82.7300 563.000000 0.000000 124.000000 52.000000
0.5800 62.4300 82.2100 556.000000 0.000000 124.000000 52.000000
0.5900 61.9800 81.5100 553.000000 0.000000 125.000000 53.000000
0.6000 61.5600 80.6800 551.000000 0.000000 124.000000 53.000000
0.6100 61.1800 79.8100 550.000000 0.000000 124.000000 53.000000
0.6200 61.0700 78.9700 529.000000 0.000000 124.000000 53.000000
0.6300 61.1200 78.4500 499.000000 0.000000 123.000000 52.000000
0.6400 61.5300 78.1400 499.000000 0.000000 123.000000 52.000000
0.6500 62.3000 78.0900 515.000000 0.000000 124.000000 52.000000
0.6600 63.3200 78.4100 542.000000 0.000000 125.000000 53.000000
0.6700 64.4800 78.9900 572.000000 0.000000 125.000000 53.000000
0.6800 65.6500 79.9700 602.000000 0.000000 125.000000 53.000000
0.6900 66.7000 81.0500 630.000000 0.000000 125.000000 53.000000
0.7000 67.6700 82.2100 641.000000 0.000000 127.000000 53.000000
0.7100 68.3400 83.2300 647.000000 0.000000 127.000000 53.000000
0.7200 68.6900 84.2000 664.000000 0.000000 127.000000 53.000000
0.7300 68.8300 84.9300 658.000000 0.000000 125.000000 54.000000
0.7400 68.6900 85.5100 641.000000 0.000000 125.000000 54.000000
0.7500 68.3500 85.8400 611.000000 0.000000 123.000000 53.000000
0.7600 67.8700 85.8400 614.000000 0.000000 123.000000 53.000000
0.7700 67.0800 85.6600 595.000000 0.000000 122.000000 54.000000
0.7800 66.2300 84.9900 586.000000 0.000000 122.000000 54.000000
0.7900 65.3500 84.0100 591.000000 0.000000 122.000000 54.000000
0.8000 64.6000 82.8300 585.000000 0.000000 122.000000 54.000000
0.8100 63.8900 81.5300 581.000000 0.000000 124.000000 54.000000
0.8200 63.5400 80.2300 550.000000 0.000000 124.000000 54.000000
0.8300 63.4100 78.9600 538.000000 0.000000 125.000000 54.000000
0.8400 63.6700 78.2900 536.000000 0.000000 125.000000 54.000000
0.8500 64.2800 77.9900 561.000000 0.000000 125.000000 54.000000
0.8600 65.1300 78.1300 605.000000 0.000000 127.000000 53.000000
0.8700 66.1800 78.7900 652.000000 0.000000 127.000000 53.000000
0.8800 67.3600 79.7900 681.000000 0.000000 127.000000 53.000000
0.8900 68.6200 81.2100 724.000000 0.000000 127.000000 53.000000
0.9000 69.5500 82.6300 746.000000 0.000000 127.000000 53.000000
0.9100 70.2800 84.0200 748.000000 0.000000 125.000000 54.000000
0.9200 70.8700 85.3800 721.000000 0.000000 125.000000 54.000000
0.9300 71.1000 86.3900 690.000000 0.000000 125.000000 54.000000
0.9400 70.9900 86.8100 625.000000 0.000000 124.000000 54.000000
0.9500 70.6400 86.8100 603.000000 0.000000 123.000000 55.000000
0.9600 69.9900 86.3800 613.000000 0.000000 123.000000 55.000000
0.9700 69.3100 85.4300 627.000000 0.000000 123.000000 55.000000
0.9800 68.6000 84.1500 638.000000 0.000000 123.000000 55.000000
0.9900 68.0300 82.8600 631.000000 0.000000 122.000000 54.000000
1.0000 67.5100 81.5800 628.000000 0.000000 123.000000 55.000000
1.0100 67.4600 80.5000 610.000000 0.000000 123.000000 55.000000
1.0200 67.7100 79.5600 610.000000 0.000000 124.000000 54.000000
1.0300 68.3200 79.0500 631.000000 0.000000 125.000000 54.000000
1.0400 69.1400 78.9600 646.000000 0.000000 127.000000 53.000000
1.0500 70.1100 79.1500 673.000000 0.000000 127.000000 53.000000
1.0600 71.2300 79.7500 694.000000 0.000000 128.000000 53.000000
1.0700 72.2500 80.5400 700.000000 0.000000 128.000000 53.000000
1.0800 73.2000 81.4500 696.000000 0.000000 128.000000 53.000000
1.0900 73.7800 82.1800 676.000000 0.000000 128.000000 53.000000
1.1000 73.8700 82.5000 646.000000 0.000000 129.000000 53.000000
1.1100 73.6300 82.5000 614.000000 0.000000 129.000000 53.000000
1.1200 72.9700 82.1400 616.000000 0.000000 128.000000 54.000000
1.1300 72.0700 81.1200 616.000000 0.000000 129.000000 55.000000
1.1400 71.0000 79.6900 627.000000 0.000000 129.000000 55.000000
1.1500 70.0200 78.1800 619.000000 0.000000 129.000000 55.000000
1.1600 69.3600 76.9700 628.000000 0.000000 126.000000 54.000000
1.1700 68.9200 75.9600 631.000000 0.000000 126.000000 54.000000
1.1800 68.9200 75.6300 647.000000 0.000000 125.000000 54.000000
1.1900 69.4100 75.9400 699.000000 0.000000 125.000000 54.000000
1.2000 70.1900 76.6700 707.000000 0.000000 124.000000 53.000000
1.2100 71.6000 78.1300 736.000000 0.000000 124.000000 53.000000
1.2200 73.4100 79.9400 740.000000 0.000000 124.000000 53.000000
1.2300 75.4800 81.9900 728.000000 0.000000 124.000000 53.000000
1.2400 77.3000 83.4300 703.000000 0.000000 125.000000 54.000000
1.2500 78.8500 84.4400 634.000000 0.000000 125.000000 54.000000
1.2600 80.2100 85.1600 468.000000 0.000000 126.000000 54.000000
1.2700 81.0700 85.2600 60.000000 0.000000 127.000000 55.000000
