0.0000 55.0200 35.1100 47.000000 1.000000 120.000000 57.000000
0.0100 55.6900 36.2700 108.000000 0.000000 120.000000 57.000000
0.0200 56.3500 36.9500 117.000000 0.000000 119.000000 56.000000
0.0300 57.1800 37.6200 175.000000 0.000000 119.000000 56.000000
0.0400 58.3500 38.2800 253.000000 0.000000 122.000000 57.000000
0.0500 59.4300 38.4500 315.000000 0.000000 122.000000 57.000000
0.0600 60.4600 38.0500 387.000000 0.000000 123.000000 56.000000
0.0700 61.3600 37.2800 423.000000 0.000000 123.000000 56.000000
0.0800 61.9000 36.2200 464.000000 0.000000 123.000000 56.000000
0.0900 62.2000 34.9300 520.000000 0.000000 125.000000 56.000000
0.1000 62.2000 33.5000 546.000000 0.000000 125.000000 56.000000
0.1100 61.8700 32.0700 561.000000 0.000000 123.000000 56.000000
0.1200 61.4000 30.8000 586.000000 0.000000 123.000000 56.000000
0.1300 60.8500 29.6400 591.000000 0.000000 123.000000 56.000000
0.1400 60.3200 28.8100 599.000000 0.000000 122.000000 57.000000
0.1500 59.8000 28.4200 613.000000 0.000000 122.000000 57.000000
0.1600 59.5000 28.3200 586.000000 0.000000 122.000000 57.000000
0.1700 59.2000 28.5800 557.000000 0.000000 122.000000 57.000000
0.1800 58.9200 29.3500 538.000000 0.000000 120.000000 57.000000
0.1900 58.8600 30.4700 526.000000 0.000000 120.000000 57.000000
0.2000 58.9400 31.7100 512.000000 0.000000 119.000000 56.000000
0.2100 59.3200 32.9000 501.000000 0.000000 119.000000 56.000000
0.2200 59.8400 33.9700 499.000000 0.000000 119.000000 56.000000
0.2300 60.4400 34.9500 501.000000 0.000000 119.000000 56.000000
0.2400 61.1300 35.8500 507.000000 0.000000 119.000000 56.000000
0.2500 61.8300 36.4800 510.000000 0.000000 120.000000 57.000000
0.2600 62.5400 36.9300 509.000000 0.000000 120.000000 57.000000
0.2700 63.1000 37.1700 510.000000 0.000000 120.000000 57.000000
0.2800 63.5600 37.1700 517.000000 0.000000 121.000000 58.000000
0.2900 63.9400 37.1700 529.000000 0.000000 123.000000 58.000000
0.3000 64.3400 36.7200 544.000000 0.000000 124.000000 58.000000
0.3100 64.5900 36.0200 554.000000 0.000000 124.000000 58.000000
0.3200 64.7400 35.1200 565.000000 0.000000 126.000000 58.000000
0.3300 64.8100 34.1100 560.000000 0.000000 126.000000 58.000000
0.3400 64.8700 33.2000 561.000000 0.000000 127.000000 59.000000
0.3500 64.8700 32.3700 570.000000 0.000000 125.000000 59.000000
0.3600 65.0600 31.8000 562.000000 0.000000 125.000000 59.000000
0.3700 65.2300 31.4800 543.000000 0.000000 125.000000 59.000000
0.3800 65.4500 31.3200 540.000000 0.000000 125.000000 59.000000
0.3900 65.7100 31.4500 529.000000 0.000000 125.000000 59.000000
0.4000 66.0600 31.8600 516.000000 0.000000 125.000000 59.000000
0.4100 66.4600 32.4700 510.000000 0.000000 125.000000 59.000000
0.4200 66.9000 33.3700 509.000000 0.000000 124.000000 60.000000
0.4300 67.2500 34.2800 491.000000 0.000000 124.000000 60.000000
0.4400 67.5400 35.1900 467.000000 0.000000 125.000000 60.000000
0.4500 67.6000 36.0500 468.000000 0.000000 125.000000 60.000000
0.4600 67.4600 36.8800 450.000000 0.000000 125.000000 60.000000
0.4700 67.1900 37.6400 447.000000 0.000000 125.000000 60.000000
0.4800 66.8200 38.0300 466.000000 0.000000 125.000000 60.000000
0.4900 66.4500 38.1800 464.000000 0.000000 125.000000 60.000000
0.5000 66.1000 37.8600 491.000000 0.000000 126.000000 60.000000
0.5100 65.8000 37.0200 502.000000 0.000000 126.000000 60.000000
0.5200 65.6800 35.8300 521.000000 0.000000 126.000000 60.000000
0.5300 65.6800 34.4900 538.000000 0.000000 126.000000 60.000000
0.5400 65.8500 33.2600 533.000000 0.000000 126.000000 60.000000
0.5500 66.1000 32.1000 526.000000 0.000000 125.000000 59.000000
0.5600 66.4900 31.3200 520.000000 0.000000 125.000000 59.000000
0.5700 66.9700 30.8900 497.000000 0.000000 125.000000 59.000000
0.5800 67.5900 30.6900 475.000000 0.000000 125.000000 59.000000
0.5900 68.1700 30.8800 448.000000 0.000000 126.000000 60.000000
0.6000 68.7100 31.3600 396.000000 0.000000 126.000000 60.000000
0.6100 69.1100 32.0400 399.000000 0.000000 126.000000 60.000000
0.6200 69.4400 32.9500 418.000000 0.000000 126.000000 60.000000
0.6300 69.7300 33.4600 473.000000 0.000000 126.000000 60.000000
0.6400 69.8400 33.7100 520.000000 0.000000 125.000000 59.000000
0.6500 69.8400 33.5700 540.000000 0.000000 125.000000 59.000000
0.6600 69.7700 33.1600 565.000000 0.000000 125.000000 59.000000
0.6700 69.8300 32.5700 567.000000 0.000000 125.000000 59.000000
0.6800 69.9300 31.8000 574.000000 0.000000 125.000000 59.000000
0.6900 70.0500 31.0300 575.000000 0.000000 125.000000 59.000000
0.7000 70.1700 30.4400 563.000000 0.000000 126.000000 60.000000
0.7100 70.4000 29.9700 545.000000 0.000000 126.000000 60.000000
0.7200 70.6300 29.7300 520.000000 0.000000 126.000000 60.000000
0.7300 70.8600 29.6800 483.000000 0.000000 126.000000 60.000000
0.7400 71.0900 29.7600 469.000000 0.000000 126.000000 60.000000
0.7500 71.3100 30.1300 443.000000 0.000000 128.000000 61.000000
0.7600 71.6300 30.6800 442.000000 0.000000 128.000000 61.000000
0.7700 71.9900 31.3600 465.000000 0.000000 128.000000 61.000000
0.7800 72.3900 31.9000 491.000000 0.000000 128.000000 61.000000
0.7900 72.6900 32.2400 518.000000 0.000000 128.000000 61.000000
0.8000 72.9400 32.4400 535.000000 0.000000 129.000000 61.000000
0.8100 73.2200 32.5700 540.000000 0.000000 129.000000 61.000000
0.8200 73.5600 32.8000 540.000000 0.000000 129.000000 61.000000
0.8300 74.0200 33.1000 537.000000 0.000000 129.000000 61.000000
0.8400 74.5400 33.3100 522.000000 0.000000 129.000000 61.000000
0.8500 75.0400 33.3100 516.000000 0.000000 129.000000 61.000000
0.8600 75.3800 33.1800 516.000000 0.000000 132.000000 61.000000
0.8700 75.6200 32.6900 515.000000 0.000000 132.000000 61.000000
0.8800 75.6200 31.9200 518.000000 0.000000 132.000000 61.000000
0.8900 75.4200 30.9600 532.000000 0.000000 133.000000 62.000000
0.9000 75.1200 30.0300 538.000000 0.000000 133.000000 62.000000
0.9100 74.8700 29.2200 546.000000 0.000000 133.000000 62.000000
0.9200 74.6200 28.4800 562.000000 0.000000 133.000000 62.000000
0.9300 74.3800 28.1900 594.000000 0.000000 133.000000 63.000000
0.9400 74.3000 28.1900 610.000000 0.000000 133.000000 63.000000
0.9500 74.2200 28.3100 611.000000 0.000000 133.000000 63.000000
0.9600 74.1400 28.8900 642.000000 0.000000 132.000000 64.000000
0.9700 74.0500 29.8200 617.000000 0.000000 132.000000 64.000000
0.9800 74.0500 30.9800 638.000000 0.000000 130.000000 63.000000
0.9900 74.0500 32.4900 636.000000 0.000000 130.000000 63.000000
1.0000 74.3300 33.9700 636.000000 0.000000 130.000000 63.000000
1.0100 74.7400 35.0700 650.000000 0.000000 130.000000 63.000000
1.0200 75.4300 35.9300 662.000000 0.000000 130.000000 63.000000
1.0300 76.1700 36.4900 653.000000 0.000000 130.000000 63.000000
1.0400 76.9600 36.8600 606.000000 0.000000 130.000000 63.000000
1.0500 78.1000 37.1000 363.000000 0.000000 132.000000 63.000000
