0.0000 85.3800 7.2800 210.000000 1.000000 121.000000 59.000000
0.0100 85.2200 6.6300 275.000000 0.000000 121.000000 59.000000
0.0200 85.0600 6.4900 285.000000 0.000000 121.000000 59.000000
0.0300 84.8500 6.4900 284.000000 0.000000 121.000000 59.000000
0.0400 84.8500 6.7600 314.000000 0.000000 119.000000 60.000000
0.0500 84.8500 7.1300 339.000000 0.000000 119.000000 60.000000
0.0600 85.1300 7.8200 388.000000 0.000000 119.000000 60.000000
0.0700 85.5400 8.6300 420.000000 0.000000 119.000000 60.000000
0.0800 86.1800 9.5200 439.000000 0.000000 119.000000 60.000000
0.0900 86.8700 10.4800 472.000000 0.000000 119.000000 60.000000
0.1000 87.6400 11.4800 496.000000 0.000000 119.000000 60.000000
0.1100 88.4700 12.5000 514.000000 0.000000 119.000000 60.000000
0.1200 89.3200 13.4300 530.000000 0.000000 119.000000 60.000000
0.1300 90.1600 14.0900 542.000000 0.000000 118.000000 60.000000
0.1400 90.8800 14.5800 546.000000 0.000000 117.000000 59.000000
0.1500 91.5300 14.8000 556.000000 0.000000 117.000000 59.000000
0.1600 91.9800 14.8000 556.000000 0.000000 117.000000 59.000000
0.1700 92.2900 14.6000 554.000000 0.000000 116.000000 58.000000
0.1800 92.5100 14.0900 546.000000 0.000000 117.000000 58.000000
0.1900 92.5100 13.0700 544.000000 0.000000 117.000000 58.000000
0.2000 92.1300 11.7200 535.000000 0.000000 117.000000 58.000000
0.2100 91.5800 10.2500 512.000000 0.000000 120.000000 58.000000
0.2200 90.9300 8.9100 526.000000 0.000000 120.000000 58.000000
0.2300 90.0900 7.6500 526.000000 0.000000 121.000000 59.000000
0.2400 89.1100 6.6100 529.000000 0.000000 123.000000 59.000000
0.2500 88.2000 5.9400 537.000000 0.000000 122.000000 60.000000
0.2600 87.5000 5.5200 551.000000 0.000000 122.000000 60.000000
0.2700 86.9500 5.5200 554.000000 0.000000 123.000000 61.000000
0.2800 86.6900 6.1200 561.000000 0.000000 123.000000 61.000000
0.2900 86.7700 7.0200 564.000000 0.000000 123.000000 61.000000
0.3000 87.0700 8.0800 574.000000 0.000000 123.000000 61.000000
0.3100 87.6500 9.1900 577.000000 0.000000 123.000000 61.000000
0.3200 88.4700 10.3400 580.000000 0.000000 123.000000 61.000000
0.3300 89.4500 11.5200 572.000000 0.000000 122.000000 60.000000
0.3400 90.4100 12.6500 572.000000 0.000000 122.000000 60.000000
0.3500 91.3200 13.7500 574.000000 0.000000 122.000000 60.000000
0.3600 92.1900 14.3800 577.000000 0.000000 124.000000 60.000000
0.3700 92.9300 14.6300 580.000000 0.000000 123.000000 59.000000
0.3800 93.4600 14.6300 581.000000 0.000000 123.000000 59.000000
0.3900 93.8600 14.3200 581.000000 0.000000 123.000000 59.000000
0.4000 93.9700 13.6800 584.000000 0.000000 121.000000 58.000000
0.4100 93.8100 12.8100 570.000000 0.000000 121.000000 58.000000
0.4200 93.4800 11.6200 567.000000 0.000000 123.000000 58.000000
0.4300 92.9900 10.5300 563.000000 0.000000 123.000000 58.000000
0.4400 92.4600 9.5000 564.000000 0.000000 124.000000 58.000000
0.4500 91.9000 8.6800 556.000000 0.000000 126.000000 58.000000
0.4600 91.5400 8.1200 543.000000 0.000000 127.000000 59.000000
0.4700 91.2000 7.7300 568.000000 0.000000 129.000000 59.000000
0.4800 91.1200 7.7300 564.000000 0.000000 131.000000 58.000000
0.4900 91.2000 7.9600 564.000000 0.000000 134.000000 58.000000
0.5000 91.4400 8.3700 563.000000 0.000000 135.000000 59.000000
0.5100 91.9400 8.9800 570.000000 0.000000 135.000000 59.000000
0.5200 92.6000 9.7300 580.000000 0.000000 135.000000 59.000000
0.5300 93.5000 10.5700 595.000000 0.000000 135.000000 59.000000
0.5400 94.4100 11.2400 595.000000 0.000000 135.000000 59.000000
0.5500 95.1700 11.9000 591.000000 0.000000 134.000000 60.000000
0.5600 95.8200 12.3500 588.000000 0.000000 131.000000 60.000000
0.5700 96.3000 12.6600 570.000000 0.000000 129.000000 60.000000
0.5800 96.5700 12.6600 569.000000 0.000000 129.000000 60.000000
0.5900 96.7000 12.3400 563.000000 0.000000 129.000000 60.000000
0.6000 96.6400 11.7500 561.000000 0.000000 129.000000 60.000000
0.6100 96.3500 10.7800 536.000000 0.000000 129.000000 60.000000
0.6200 95.9000 9.7700 543.000000 0.000000 129.000000 60.000000
0.6300 95.3600 8.7200 550.000000 0.000000 131.000000 60.000000
0.6400 95.0100 7.8500 561.000000 0.000000 131.000000 60.000000
0.6500 94.7900 7.0900 564.000000 0.000000 132.000000 59.000000
0.6600 94.9000 6.6000 562.000000 0.000000 134.000000 58.000000
0.6700 95.3500 6.4800 570.000000 0.000000 135.000000 58.000000
0.6800 96.0200 6.6000 570.000000 0.000000 135.000000 58.000000
0.6900 97.0000 7.0300 561.000000 0.000000 136.000000 57.000000
0.7000 98.1800 7.7600 580.000000 0.000000 136.000000 57.000000
0.7100 99.4800 8.6800 595.000000 0.000000 138.000000 57.000000
0.7200 100.6700 9.7000 620.000000 0.000000 138.000000 57.000000
0.7300 101.7000 10.8200 631.000000 0.000000 138.000000 57.000000
0.7400 102.6100 12.0100 637.000000 0.000000 138.000000 57.000000
0.7500 103.3800 13.1000 638.000000 0.000000 138.000000 57.000000
0.7600 103.8200 13.8900 634.000000 0.000000 138.000000 57.000000
0.7700 104.0500 14.4700 630.000000 0.000000 138.000000 57.000000
0.7800 103.9000 14.6600 605.000000 0.000000 139.000000 56.000000
0.7900 103.3600 14.5200 577.000000 0.000000 139.000000 56.000000
0.8000 102.5700 14.1600 572.000000 0.000000 138.000000 55.000000
0.8100 101.6100 13.2800 570.000000 0.000000 138.000000 55.000000
0.8200 100.5700 12.1000 581.000000 0.000000 138.000000 55.000000
0.8300 99.4700 10.7200 588.000000 0.000000 136.000000 56.000000
0.8400 98.5400 9.5300 586.000000 0.000000 138.000000 57.000000
0.8500 97.9400 8.4900 577.000000 0.000000 136.000000 57.000000
0.8600 97.5500 7.5600 563.000000 0.000000 136.000000 57.000000
0.8700 97.5500 6.9300 548.000000 0.000000 138.000000 58.000000
0.8800 97.9700 6.6400 545.000000 0.000000 138.000000 58.000000
0.8900 98.6600 6.5900 553.000000 0.000000 138.000000 58.000000
0.9000 99.8000 7.0100 581.000000 0.000000 139.000000 58.000000
0.9100 100.9800 7.8600 614.000000 0.000000 140.000000 58.000000
0.9200 102.2300 8.9900 620.000000 0.000000 140.000000 58.000000
0.9300 103.5600 10.3700 638.000000 0.000000 142.000000 57.000000
0.9400 104.9700 12.0200 637.000000 0.000000 142.000000 57.000000
0.9500 106.0600 13.8600 641.000000 0.000000 142.000000 57.000000
0.9600 106.9400 15.2400 633.000000 0.000000 143.000000 56.000000
0.9700 107.4000 16.2500 628.000000 0.000000 144.000000 56.000000
0.9800 107.4700 17.0200 613.000000 0.000000 144.000000 56.000000
0.9900 107.2900 17.3400 585.000000 0.000000 143.000000 56.000000
1.0000 106.7000 17.2300 561.000000 0.000000 142.000000 57.000000
1.0100 105.8200 16.8300 577.000000 0.000000 142.000000 57.000000
1.0200 104.7400 15.9500 580.000000 0.000000 142.000000 57.000000
1.0300 103.5400 14.7400 589.000000 0.000000 140.000000 58.000000
1.0400 102.5500 13.3100 591.000000 0.000000 139.000000 57.000000
1.0500 101.6900 11.6200 572.000000 0.000000 138.000000 58.000000
1.0600 101.1300 10.2400 566.000000 0.000000 138.000000 58.000000
1.0700 100.9600 9.0600 565.000000 0.000000 138.000000 58.000000
1.0800 101.0500 8.2600 542.000000 0.000000 139.000000 57.000000
1.0900 101.4800 7.8800 554.000000 0.000000 139.000000 57.000000
1.1000 102.3200 7.7900 580.000000 0.000000 140.000000 56.000000
1.1100 103.4300 8.1500 619.000000 0.000000 140.000000 56.000000
1.1200 104.7300 8.9300 641.000000 0.000000 142.000000 57.000000
1.1300 106.0300 9.9900 668.000000 0.000000 143.000000 56.000000
1.1400 107.3500 11.4200 667.000000 0.000000 144.000000 56.000000
1.1500 108.5100 13.0300 653.000000 0.000000 144.000000 56.000000
1.1600 109.5800 14.7600 631.000000 0.000000 144.000000 54.000000
1.1700 110.3300 15.9700 611.000000 0.000000 142.000000 54.000000
1.1800 110.6600 16.5900 620.000000 0.000000 141.000000 53.000000
1.1900 110.7100 16.8200 614.000000 0.000000 140.000000 52.000000
1.2000 110.4800 16.6200 620.000000 0.000000 138.000000 51.000000
1.2100 109.9600 15.9100 610.000000 0.000000 138.000000 50.000000
1.2200 109.2400 14.8600 610.000000 0.000000 138.000000 49.000000
1.2300 108.5200 13.4800 624.000000 0.000000 138.000000 49.000000
1.2400 107.8100 11.9400 616.000000 0.000000 140.000000 50.000000
1.2500 107.2800 10.2900 622.000000 0.000000 141.000000 51.000000
1.2600 106.8700 9.0100 614.000000 0.000000 142.000000 52.000000
1.2700 106.7000 8.0700 595.000000 0.000000 146.000000 53.000000
1.2800 106.8200 7.3700 581.000000 0.000000 148.000000 54.000000
1.2900 107.1300 7.0100 588.000000 0.000000 150.000000 54.000000
1.3000 107.6200 7.0100 595.000000 0.000000 151.000000 54.000000
1.3100 108.1700 7.1800 591.000000 0.000000 151.000000 54.000000
1.3200 108.8100 7.6600 595.000000 0.000000 151.000000 54.000000
1.3300 109.5200 8.4400 603.000000 0.000000 151.000000 53.000000
1.3400 110.2700 9.4300 606.000000 0.000000 149.000000 53.000000
1.3500 111.0300 10.5100 613.000000 0.000000 147.000000 52.000000
1.3600 111.7000 11.5600 614.000000 0.000000 143.000000 51.000000
1.3700 112.3100 12.2400 611.000000 0.000000 141.000000 50.000000
1.3800 112.7800 12.6900 603.000000 0.000000 137.000000 50.000000
1.3900 113.1800 12.6900 605.000000 0.000000 134.000000 48.000000
1.4000 113.5300 12.4200 602.000000 0.000000 132.000000 47.000000
1.4100 113.9300 11.9500 597.000000 0.000000 131.000000 46.000000
1.4200 114.3700 11.3100 589.000000 0.000000 130.000000 46.000000
1.4300 114.8600 10.7500 543.000000 0.000000 130.000000 46.000000
1.4400 115.4800 10.2400 343.000000 0.000000 131.000000 45.000000
