0.0000 17.0200 13.5100 220.000000 1.000000 141.000000 53.000000
0.0100 16.8200 12.7200 246.000000 0.000000 140.000000 54.000000
0.0200 16.8200 12.6700 239.000000 0.000000 140.000000 55.000000
0.0300 17.0100 12.4500 246.000000 0.000000 139.000000 56.000000
0.0400 17.3500 12.2300 262.000000 0.000000 136.000000 57.000000
0.0500 17.7800 12.0300 289.000000 0.000000 135.000000 58.000000
0.0600 18.2600 12.0300 322.000000 0.000000 132.000000 59.000000
0.0700 18.9500 12.1200 351.000000 0.000000 131.000000 60.000000
0.0800 19.7700 12.4700 366.000000 0.000000 129.000000 60.000000
0.0900 20.8500 13.1700 366.000000 0.000000 129.000000 61.000000
0.1000 21.9400 14.1000 363.000000 0.000000 129.000000 61.000000
0.1100 23.0200 15.2900 317.000000 0.000000 127.000000 62.000000
0.1200 23.8700 16.6700 304.000000 0.000000 127.000000 62.000000
0.1300 24.5900 18.1800 276.000000 0.000000 126.000000 62.000000
0.1400 24.8800 19.5200 287.000000 0.000000 126.000000 62.000000
0.1500 24.6900 20.5600 275.000000 0.000000 126.000000 62.000000
0.1600 24.1900 21.4000 297.000000 0.000000 126.000000 62.000000
0.1700 23.4000 21.8200 346.000000 0.000000 124.000000 63.000000
0.1800 22.5100 21.6900 410.000000 0.000000 124.000000 63.000000
0.1900 21.5500 21.1900 481.000000 0.000000 124.000000 63.000000
0.2000 20.7000 20.2000 522.000000 0.000000 124.000000 63.000000
0.2100 20.1200 18.7100 551.000000 0.000000 124.000000 63.000000
0.2200 19.7100 16.8800 570.000000 0.000000 123.000000 62.000000
0.2300 19.7100 14.9000 585.000000 0.000000 124.000000 62.000000
0.2400 19.9300 13.0300 594.000000 0.000000 126.000000 62.000000
0.2500 20.4000 11.6100 585.000000 0.000000 127.000000 62.000000
0.2600 21.2000 10.4400 589.000000 0.000000 127.000000 62.000000
0.2700 22.0200 9.7500 586.000000 0.000000 127.000000 63.000000
0.2800 23.0100 9.4000 588.000000 0.000000 127.000000 63.000000
0.2900 24.1000 9.2700 586.000000 0.000000 129.000000 64.000000
0.3000 25.1000 9.4700 580.000000 0.000000 127.000000 64.000000
0.3100 26.0300 9.9600 565.000000 0.000000 126.000000 66.000000
0.3200 26.9100 10.6500 529.000000 0.000000 124.000000 66.000000
0.3300 27.5500 11.7100 483.000000 0.000000 122.000000 67.000000
0.3400 27.9500 12.8800 418.000000 0.000000 121.000000 66.000000
0.3500 28.2000 14.1300 417.000000 0.000000 119.000000 66.000000
0.3600 28.3200 15.0600 418.000000 0.000000 118.000000 65.000000
0.3700 28.3200 15.7900 407.000000 0.000000 117.000000 65.000000
0.3800 28.1800 16.3900 413.000000 0.000000 117.000000 65.000000
0.3900 28.0100 16.7200 418.000000 0.000000 116.000000 64.000000
0.4000 27.7500 16.8600 418.000000 0.000000 117.000000 63.000000
0.4100 27.4300 16.8600 420.000000 0.000000 116.000000 63.000000
0.4200 27.0600 16.7800 440.000000 0.000000 118.000000 62.000000
0.4300 26.7300 16.5000 446.000000 0.000000 120.000000 62.000000
0.4400 26.4200 16.0900 439.000000 0.000000 123.000000 62.000000
0.4500 26.3300 15.4900 445.000000 0.000000 123.000000 62.000000
0.4600 26.4500 14.8400 458.000000 0.000000 124.000000 63.000000
0.4700 26.7000 14.0700 464.000000 0.000000 124.000000 63.000000
0.4800 27.0300 13.2500 498.000000 0.000000 124.000000 63.000000
0.4900 27.4200 12.4700 519.000000 0.000000 122.000000 63.000000
0.5000 27.9000 11.8500 522.000000 0.000000 124.000000 64.000000
0.5100 28.4100 11.3400 518.000000 0.000000 122.000000 65.000000
0.5200 28.9400 11.0900 526.000000 0.000000 118.000000 65.000000
0.5300 29.4800 11.0900 521.000000 0.000000 115.000000 65.000000
0.5400 29.9600 11.1500 513.000000 0.000000 113.000000 65.000000
0.5500 30.4200 11.4300 502.000000 0.000000 110.000000 66.000000
0.5600 30.8000 12.0100 465.000000 0.000000 108.000000 66.000000
0.5700 31.0300 12.7900 417.000000 0.000000 108.000000 66.000000
0.5800 31.1700 13.7800 351.000000 0.000000 108.000000 66.000000
0.5900 30.9700 14.8000 286.000000 0.000000 108.000000 66.000000
0.6000 30.6200 15.8400 311.000000 0.000000 110.000000 66.000000
0.6100 30.1600 16.3100 341.000000 0.000000 113.000000 65.000000
0.6200 29.7600 16.2500 388.000000 0.000000 115.000000 65.000000
0.6300 29.3900 15.8500 425.000000 0.000000 117.000000 65.000000
0.6400 29.1000 15.1200 443.000000 0.000000 119.000000 64.000000
0.6500 28.8900 14.3100 469.000000 0.000000 119.000000 63.000000
0.6600 28.8900 13.4400 481.000000 0.000000 119.000000 63.000000
0.6700 29.0300 12.8100 493.000000 0.000000 119.000000 63.000000
0.6800 29.4000 12.3100 493.000000 0.000000 117.000000 63.000000
0.6900 29.8300 11.9000 486.000000 0.000000 117.000000 65.000000
0.7000 30.3600 11.7700 464.000000 0.000000 115.000000 65.000000
0.7100 30.8400 11.8900 443.000000 0.000000 110.000000 66.000000
0.7200 31.2900 12.1900 381.000000 0.000000 108.000000 66.000000
0.7300 31.6700 12.6900 306.000000 0.000000 109.000000 67.000000
0.7400 31.8600 13.3100 218.000000 0.000000 109.000000 67.000000
0.7500 31.9300 14.0200 213.000000 0.000000 109.000000 67.000000
0.7600 31.8700 14.4700 285.000000 0.000000 109.000000 67.000000
0.7700 31.8200 14.5400 329.000000 0.000000 109.000000 67.000000
0.7800 31.7100 14.3500 356.000000 0.000000 109.000000 67.000000
0.7900 31.5400 13.9700 397.000000 0.000000 109.000000 67.000000
0.8000 31.4700 13.3700 423.000000 0.000000 111.000000 67.000000
0.8100 31.4700 12.6200 431.000000 0.000000 111.000000 67.000000
0.8200 31.5700 12.0000 433.000000 0.000000 111.000000 67.000000
0.8300 31.7900 11.6000 431.000000 0.000000 109.000000 67.000000
0.8400 32.0800 11.3600 422.000000 0.000000 110.000000 68.000000
0.8500 32.3900 11.3600 396.000000 0.000000 110.000000 68.000000
0.8600 32.6900 11.5000 386.000000 0.000000 108.000000 68.000000
0.8700 32.9600 11.7600 387.000000 0.000000 109.000000 69.000000
0.8800 33.2200 11.8800 387.000000 0.000000 106.000000 69.000000
0.8900 33.4000 11.9700 387.000000 0.000000 106.000000 69.000000
0.9000 33.5500 11.9700 394.000000 0.000000 104.000000 69.000000
0.9100 33.7300 11.9700 399.000000 0.000000 104.000000 69.000000
0.9200 33.9200 11.9700 404.000000 0.000000 104.000000 69.000000
0.9300 34.1500 12.0400 415.000000 0.000000 104.000000 70.000000
0.9400 34.4300 12.2200 415.000000 0.000000 101.000000 71.000000
0.9500 34.7400 12.6200 405.000000 0.000000 101.000000 71.000000
0.9600 35.1000 13.3000 361.000000 0.000000 101.000000 71.000000
0.9700 35.4300 14.1700 311.000000 0.000000 101.000000 71.000000
0.9800 35.6100 15.4300 249.000000 0.000000 104.000000 70.000000
0.9900 35.7000 16.9300 242.000000 0.000000 107.000000 70.000000
1.0000 35.6000 18.5800 249.000000 0.000000 107.000000 70.000000
1.0100 35.2500 19.6800 345.000000 0.000000 110.000000 70.000000
1.0200 34.7400 19.9200 431.000000 0.000000 112.000000 70.000000
1.0300 34.2000 19.5800 467.000000 0.000000 114.000000 68.000000
1.0400 33.7000 18.7700 505.000000 0.000000 116.000000 68.000000
1.0500 33.2200 17.3700 543.000000 0.000000 118.000000 68.000000
1.0600 33.0700 15.5900 561.000000 0.000000 118.000000 68.000000
1.0700 33.1400 13.9100 581.000000 0.000000 118.000000 68.000000
1.0800 33.3600 12.5600 581.000000 0.000000 118.000000 68.000000
1.0900 33.7900 11.4400 572.000000 0.000000 116.000000 68.000000
1.1000 34.2700 10.8400 561.000000 0.000000 117.000000 69.000000
1.1100 34.8200 10.5400 512.000000 0.000000 115.000000 69.000000
1.1200 35.3700 10.4500 452.000000 0.000000 112.000000 70.000000
1.1300 35.7900 10.6800 367.000000 0.000000 111.000000 71.000000
1.1400 36.1200 11.2500 218.000000 0.000000 108.000000 71.000000
1.1500 36.2700 12.0500 53.000000 0.000000 108.000000 71.000000
1.1600 36.2700 13.0000 68.000000 0.000000 108.000000 71.000000
1.1700 36.2200 13.4400 183.000000 0.000000 108.000000 71.000000
1.1800 36.2200 13.5500 255.000000 0.000000 108.000000 71.000000
1.1900 36.1400 13.4300 285.000000 0.000000 109.000000 72.000000
1.2000 36.1400 13.1200 314.000000 0.000000 109.000000 72.000000
1.2100 36.1400 12.6900 324.000000 0.000000 109.000000 72.000000
1.2200 36.2400 12.1500 333.000000 0.000000 109.000000 72.000000
1.2300 36.3400 11.6500 368.000000 0.000000 109.000000 72.000000
1.2400 36.5600 11.3600 371.000000 0.000000 109.000000 72.000000
1.2500 36.8200 11.2000 379.000000 0.000000 106.000000 72.000000
1.2600 37.1500 11.2000 374.000000 0.000000 106.000000 72.000000
1.2700 37.4900 11.3000 374.000000 0.000000 105.000000 71.000000
1.2800 37.8300 11.4900 366.000000 0.000000 101.000000 71.000000
1.2900 38.0900 11.7800 366.000000 0.000000 101.000000 70.000000
1.3000 38.3600 12.0300 364.000000 0.000000 100.000000 69.000000
1.3100 38.5600 12.2000 362.000000 0.000000 100.000000 69.000000
1.3200 38.7200 12.3100 362.000000 0.000000 100.000000 68.000000
1.3300 38.8500 12.3900 367.000000 0.000000 99.000000 67.000000
1.3400 38.9900 12.3900 371.000000 0.000000 97.000000 66.000000
1.3500 39.1200 12.4400 371.000000 0.000000 97.000000 66.000000
1.3600 39.2300 12.4400 366.000000 0.000000 97.000000 66.000000
1.3700 39.2800 12.5300 366.000000 0.000000 97.000000 66.000000
1.3800 39.3600 12.6500 373.000000 0.000000 97.000000 66.000000
1.3900 39.5000 12.9300 364.000000 0.000000 97.000000 66.000000
1.4000 39.6900 13.3600 349.000000 0.000000 97.000000 66.000000
1.4100 39.8600 13.9000 344.000000 0.000000 99.000000 66.000000
1.4200 39.9200 14.5400 361.000000 0.000000 99.000000 66.000000
1.4300 39.9200 15.2200 376.000000 0.000000 99.000000 66.000000
1.4400 39.9200 15.9400 392.000000 0.000000 101.000000 66.000000
1.4500 39.7700 16.7700 430.000000 0.000000 103.000000 65.000000
1.4600 39.5900 17.6900 453.000000 0.000000 105.000000 65.000000
1.4700 39.1400 18.6700 455.000000 0.000000 108.000000 65.000000
1.4800 38.3600 19.6000 472.000000 0.000000 110.000000 65.000000
1.4900 37.3600 20.2900 510.000000 0.000000 113.000000 65.000000
1.5000 35.8500 20.8200 546.000000 0.000000 115.000000 65.000000
1.5100 34.1700 20.8800 537.000000 0.000000 117.000000 65.000000
1.5200 32.3700 20.4100 591.000000 0.000000 118.000000 65.000000
1.5300 30.3300 19.5800 661.000000 0.000000 118.000000 65.000000
1.5400 28.3400 18.0700 717.000000 0.000000 121.000000 66.000000
1.5500 26.8200 16.2800 743.000000 0.000000 121.000000 66.000000
1.5600 25.5900 14.3000 748.000000 0.000000 121.000000 66.000000
1.5700 25.3800 12.8700 749.000000 0.000000 122.000000 67.000000
1.5800 25.7000 11.4900 760.000000 0.000000 124.000000 67.000000
1.5900 26.3800 10.1400 768.000000 0.000000 124.000000 67.000000
1.6000 27.3200 9.0700 788.000000 0.000000 124.000000 67.000000
1.6100 28.8700 8.3300 834.000000 0.000000 125.000000 68.000000
1.6200 30.8300 7.8200 825.000000 0.000000 125.000000 68.000000
1.6300 33.8300 8.0100 737.000000 0.000000 125.000000 70.000000
1.6400 36.9700 8.8000 546.000000 0.000000 125.000000 70.000000
