0.0000 9.0600 3.0700 727.000000 1.000000 160.000000 66.000000
0.0100 10.3100 1.4100 818.000000 0.000000 158.000000 67.000000
0.0200 10.0500 1.4100 783.000000 0.000000 156.000000 68.000000
0.0300 10.4500 1.4100 791.000000 0.000000 154.000000 70.000000
0.0400 11.2900 1.4600 776.000000 0.000000 151.000000 72.000000
0.0500 12.8200 1.9500 776.000000 0.000000 148.000000 74.000000
0.0600 14.4000 3.3400 753.000000 0.000000 143.000000 75.000000
0.0700 16.2800 5.3400 761.000000 0.000000 138.000000 75.000000
0.0800 18.3400 7.8700 751.000000 0.000000 130.000000 75.000000
0.0900 20.0900 10.5900 751.000000 0.000000 127.000000 74.000000
0.1000 21.3700 13.4500 754.000000 0.000000 123.000000 72.000000
0.1100 22.3400 16.2300 777.000000 0.000000 120.000000 71.000000
0.1200 22.4100 18.6200 829.000000 0.000000 117.000000 69.000000
0.1300 21.8800 20.7500 861.000000 0.000000 115.000000 67.000000
0.1400 20.9400 21.7500 906.000000 0.000000 111.000000 67.000000
0.1500 19.7400 21.8900 902.000000 0.000000 110.000000 66.000000
0.1600 18.2900 21.4500 906.000000 0.000000 110.000000 65.000000
0.1700 16.6800 20.3300 915.000000 0.000000 107.000000 64.000000
0.1800 15.1000 18.4200 915.000000 0.000000 109.000000 64.000000
0.1900 13.9700 15.9800 935.000000 0.000000 109.000000 64.000000
0.2000 13.1300 13.5900 944.000000 0.000000 112.000000 64.000000
0.2100 12.8100 11.8200 948.000000 0.000000 115.000000 65.000000
0.2200 13.1900 10.4700 939.000000 0.000000 116.000000 66.000000
0.2300 14.0300 9.5500 923.000000 0.000000 119.000000 66.000000
0.2400 15.4900 9.0200 914.000000 0.000000 122.000000 67.000000
0.2500 17.1400 8.7400 906.000000 0.000000 124.000000 67.000000
0.2600 18.9100 8.9200 899.000000 0.000000 124.000000 67.000000
0.2700 20.5100 9.5500 908.000000 0.000000 124.000000 67.000000
0.2800 21.6200 10.4900 915.000000 0.000000 120.000000 67.000000
0.2900 22.3900 11.6200 924.000000 0.000000 117.000000 67.000000
0.3000 22.6100 12.4000 942.000000 0.000000 111.000000 67.000000
0.3100 22.4300 12.9400 949.000000 0.000000 109.000000 67.000000
0.3200 21.9900 13.0600 970.000000 0.000000 106.000000 66.000000
0.3300 21.3900 12.6400 994.000000 0.000000 105.000000 65.000000
0.3400 20.7000 11.8500 994.000000 0.000000 103.000000 65.000000
0.3500 19.9400 10.3100 1005.000000 0.000000 103.000000 65.000000
0.3600 19.5300 9.3000 996.000000 0.000000 103.000000 64.000000
0.3700 19.6900 8.6400 979.000000 0.000000 105.000000 65.000000
0.3800 20.2200 8.5100 974.000000 0.000000 108.000000 65.000000
0.3900 21.6000 8.6900 946.000000 0.000000 108.000000 65.000000
0.4000 22.8900 9.0700 935.000000 0.000000 110.000000 65.000000
0.4100 24.1100 10.2500 908.000000 0.000000 110.000000 66.000000
0.4200 25.0400 11.5600 912.000000 0.000000 108.000000 66.000000
0.4300 25.4000 12.9500 930.000000 0.000000 108.000000 66.000000
0.4400 25.4000 13.4100 977.000000 0.000000 109.000000 67.000000
0.4500 25.2200 13.5600 991.000000 0.000000 107.000000 67.000000
0.4600 24.9800 13.5100 990.000000 0.000000 105.000000 67.000000
0.4700 24.6900 12.9600 999.000000 0.000000 105.000000 67.000000
0.4800 24.2600 11.8100 1023.000000 0.000000 102.000000 68.000000
0.4900 23.8700 10.2700 1023.000000 0.000000 102.000000 68.000000
0.5000 23.5100 9.2200 1023.000000 0.000000 102.000000 68.000000
0.5100 23.5100 8.8800 1023.000000 0.000000 102.000000 67.000000
0.5200 23.8600 9.0200 1020.000000 0.000000 104.000000 66.000000
0.5300 24.4100 8.9600 990.000000 0.000000 104.000000 66.000000
0.5400 25.0200 9.3700 985.000000 0.000000 105.000000 67.000000
0.5500 25.7800 10.1000 961.000000 0.000000 105.000000 67.000000
0.5600 26.4600 11.5200 944.000000 0.000000 105.000000 67.000000
0.5700 27.0300 13.2000 951.000000 0.000000 105.000000 67.000000
0.5800 27.4200 15.0500 950.000000 0.000000 105.000000 67.000000
0.5900 27.7500 17.3400 951.000000 0.000000 102.000000 67.000000
0.6000 28.0400 19.1900 934.000000 0.000000 101.000000 66.000000
0.6100 28.3900 20.7600 935.000000 0.000000 101.000000 66.000000
0.6200 28.6500 21.7000 934.000000 0.000000 101.000000 65.000000
0.6300 28.8500 22.1800 938.000000 0.000000 102.000000 63.000000
0.6400 28.9500 22.3600 949.000000 0.000000 102.000000 63.000000
0.6500 28.9500 22.3000 955.000000 0.000000 102.000000 63.000000
0.6600 28.8100 21.6400 959.000000 0.000000 104.000000 62.000000
0.6700 28.5900 20.5700 965.000000 0.000000 104.000000 62.000000
0.6800 28.2100 18.9600 964.000000 0.000000 104.000000 63.000000
0.6900 27.7100 16.8500 968.000000 0.000000 104.000000 63.000000
0.7000 27.2000 14.4200 958.000000 0.000000 102.000000 63.000000
0.7100 26.6700 12.0100 977.000000 0.000000 103.000000 64.000000
0.7200 26.3000 10.3700 968.000000 0.000000 103.000000 64.000000
0.7300 26.0300 9.2400 961.000000 0.000000 103.000000 65.000000
0.7400 26.0900 8.8900 949.000000 0.000000 103.000000 65.000000
0.7500 26.3100 8.7800 951.000000 0.000000 104.000000 66.000000
0.7600 26.6400 8.8300 933.000000 0.000000 105.000000 67.000000
0.7700 26.9300 9.1800 951.000000 0.000000 102.000000 68.000000
0.7800 27.3300 10.3200 948.000000 0.000000 102.000000 68.000000
0.7900 27.9100 12.0000 933.000000 0.000000 102.000000 68.000000
0.8000 28.5000 13.6300 923.000000 0.000000 102.000000 68.000000
0.8100 29.1100 14.4800 921.000000 0.000000 99.000000 67.000000
0.8200 29.3300 14.8100 924.000000 0.000000 99.000000 67.000000
0.8300 29.3800 14.8100 933.000000 0.000000 99.000000 66.000000
0.8400 29.3200 14.3500 944.000000 0.000000 99.000000 66.000000
0.8500 29.2400 13.6200 967.000000 0.000000 99.000000 65.000000
0.8600 29.1800 12.1600 983.000000 0.000000 99.000000 65.000000
0.8700 29.1800 10.6600 992.000000 0.000000 99.000000 65.000000
0.8800 29.4700 9.8600 992.000000 0.000000 99.000000 65.000000
0.8900 29.9700 9.5400 988.000000 0.000000 97.000000 66.000000
0.9000 30.9500 9.5400 983.000000 0.000000 97.000000 66.000000
0.9100 31.9900 9.8300 968.000000 0.000000 97.000000 66.000000
0.9200 33.0700 10.2800 950.000000 0.000000 95.000000 67.000000
0.9300 33.8800 11.4800 933.000000 0.000000 95.000000 68.000000
0.9400 34.4000 12.8600 951.000000 0.000000 95.000000 68.000000
0.9500 34.7300 14.3500 933.000000 0.000000 95.000000 69.000000
0.9600 34.3300 15.5300 991.000000 0.000000 95.000000 69.000000
0.9700 33.6700 16.1200 997.000000 0.000000 98.000000 70.000000
0.9800 32.8400 16.3100 1023.000000 0.000000 98.000000 70.000000
0.9900 31.8700 15.6900 1023.000000 0.000000 101.000000 70.000000
1.0000 30.9700 14.5000 1023.000000 0.000000 100.000000 69.000000
1.0100 30.1200 12.9400 1023.000000 0.000000 103.000000 69.000000
1.0200 29.8600 11.3600 1023.000000 0.000000 102.000000 68.000000
1.0300 30.0700 10.4100 1023.000000 0.000000 102.000000 68.000000
1.0400 30.6000 9.8800 1018.000000 0.000000 99.000000 67.000000
1.0500 31.5600 9.6200 999.000000 0.000000 99.000000 67.000000
1.0600 32.5800 9.9700 983.000000 0.000000 97.000000 67.000000
1.0700 33.6400 10.7400 970.000000 0.000000 95.000000 68.000000
1.0800 34.5200 11.9900 980.000000 0.000000 95.000000 68.000000
1.0900 34.7000 12.9700 994.000000 0.000000 95.000000 68.000000
1.1000 34.4100 13.7700 990.000000 0.000000 95.000000 69.000000
1.1100 33.4800 14.5600 1023.000000 0.000000 95.000000 69.000000
1.1200 32.4800 14.7800 1023.000000 0.000000 95.000000 69.000000
1.1300 31.4300 14.6100 1023.000000 0.000000 95.000000 69.000000
1.1400 30.3500 13.7400 1023.000000 0.000000 95.000000 69.000000
1.1500 29.4700 12.4900 1023.000000 0.000000 95.000000 68.000000
1.1600 29.0600 10.9800 1023.000000 0.000000 95.000000 68.000000
1.1700 28.8800 9.8600 1023.000000 0.000000 97.000000 68.000000
1.1800 29.2900 8.9500 1023.000000 0.000000 97.000000 67.000000
1.1900 30.2300 8.1800 1023.000000 0.000000 99.000000 67.000000
1.2000 31.5300 7.5000 1023.000000 0.000000 99.000000 67.000000
1.2100 33.3800 7.2700 1023.000000 0.000000 100.000000 68.000000
1.2200 35.2800 7.3400 1023.000000 0.000000 102.000000 68.000000
1.2300 37.2500 7.7500 1023.000000 0.000000 103.000000 69.000000
1.2400 38.9600 8.4500 1023.000000 0.000000 103.000000 69.000000
1.2500 40.4700 9.3400 1023.000000 0.000000 100.000000 69.000000
1.2600 41.5300 11.0000 1023.000000 0.000000 100.000000 69.000000
1.2700 41.8400 12.8200 1023.000000 0.000000 98.000000 69.000000
1.2800 41.6400 14.7500 1023.000000 0.000000 95.000000 69.000000
1.2900 39.7900 17.0300 1017.000000 0.000000 93.000000 69.000000
1.3000 36.2300 18.6400 1023.000000 0.000000 92.000000 68.000000
1.3100 31.5400 19.8100 1023.000000 0.000000 92.000000 68.000000
1.3200 26.7200 19.6000 1023.000000 0.000000 92.000000 68.000000
1.3300 21.4500 17.9500 1023.000000 0.000000 97.000000 68.000000
1.3400 15.8700 15.3400 1023.000000 0.000000 100.000000 68.000000
1.3500 11.7000 11.9500 1023.000000 0.000000 108.000000 68.000000
1.3600 8.8200 9.0200 1023.000000 0.000000 117.000000 69.000000
1.3700 6.8100 6.3900 1023.000000 0.000000 123.000000 69.000000
1.3800 6.9100 4.2800 1023.000000 0.000000 133.000000 69.000000
1.3900 8.9600 2.8900 1023.000000 0.000000 141.000000 70.000000
1.4000 12.3200 1.9800 1023.000000 0.000000 148.000000 70.000000
1.4100 16.7100 2.0800 1023.000000 0.000000 150.000000 71.000000
1.4200 21.5800 3.1100 1023.000000 0.000000 151.000000 72.000000
1.4300 26.7700 4.7500 1023.000000 0.000000 145.000000 73.000000
1.4400 31.0000 6.5500 1023.000000 0.000000 138.000000 74.000000
1.4500 34.2900 7.9700 1023.000000 0.000000 127.000000 75.000000
1.4600 36.9600 9.1500 1023.000000 0.000000 113.000000 75.000000
1.4700 38.4300 10.0300 1023.000000 0.000000 104.000000 74.000000
1.4800 39.0000 10.3700 1023.000000 0.000000 96.000000 72.000000
1.4900 39.0000 10.3700 1023.000000 0.000000 93.000000 70.000000
1.5000 38.8400 10.3700 1023.000000 0.000000 90.000000 69.000000
1.5100 38.6200 10.2900 1023.000000 0.000000 90.000000 69.000000
1.5200 38.3300 10.2300 1023.000000 0.000000 88.000000 68.000000
1.5300 37.6000 10.2300 758.000000 0.000000 88.000000 68.000000
