0.0000 89.3700 79.4900 96.000000 1.000000 116.000000 52.000000
0.0100 89.0900 79.4900 149.000000 0.000000 115.000000 51.000000
0.0200 88.9600 79.4400 217.000000 0.000000 117.000000 51.000000
0.0300 88.8500 79.3900 260.000000 0.000000 118.000000 51.000000
0.0400 88.6300 79.3400 315.000000 0.000000 119.000000 50.000000
0.0500 88.5400 79.2800 336.000000 0.000000 119.000000 50.000000
0.0600 88.5400 79.2800 346.000000 0.000000 120.000000 50.000000
0.0700 88.5400 79.2800 353.000000 0.000000 121.000000 51.000000
0.0800 88.6400 79.1900 361.000000 0.000000 122.000000 50.000000
0.0900 88.8000 79.1300 396.000000 0.000000 122.000000 50.000000
0.1000 89.0600 79.0400 417.000000 0.000000 122.000000 50.000000
0.1100 89.6200 79.1400 464.000000 0.000000 122.000000 50.000000
0.1200 90.3700 79.3500 499.000000 0.000000 122.000000 50.000000
0.1300 91.3900 79.8600 537.000000 0.000000 122.000000 50.000000
0.1400 92.7400 80.5500 548.000000 0.000000 122.000000 50.000000
0.1500 94.3000 81.3500 561.000000 0.000000 122.000000 50.000000
0.1600 95.9300 82.3300 560.000000 0.000000 122.000000 50.000000
0.1700 97.4400 83.4800 570.000000 0.000000 122.000000 50.000000
0.1800 98.8700 84.7500 565.000000 0.000000 122.000000 50.000000
0.1900 100.1200 86.1400 553.000000 0.000000 122.000000 50.000000
0.2000 100.9400 87.5100 545.000000 0.000000 122.000000 50.000000
0.2100 101.4600 88.8200 535.000000 0.000000 120.000000 50.000000
0.2200 101.5400 89.8200 537.000000 0.000000 119.000000 50.000000
0.2300 101.3000 90.6300 541.000000 0.000000 118.000000 51.000000
0.2400 100.8400 90.9500 540.000000 0.000000 116.000000 50.000000
0.2500 100.1200 90.8700 546.000000 0.000000 113.000000 51.000000
0.2600 98.8800 90.5300 535.000000 0.000000 112.000000 51.000000
0.2700 97.2900 89.4500 544.000000 0.000000 111.000000 51.000000
0.2800 95.2800 87.8100 545.000000 0.000000 111.000000 51.000000
0.2900 93.2000 85.8000 616.000000 0.000000 111.000000 51.000000
0.3000 91.0700 83.7300 646.000000 0.000000 112.000000 51.000000
0.3100 90.0100 82.0900 636.000000 0.000000 113.000000 51.000000
0.3200 89.6600 80.7400 639.000000 0.000000 116.000000 50.000000
0.3300 89.7800 79.5400 622.000000 0.000000 117.000000 50.000000
0.3400 90.1500 78.5600 613.000000 0.000000 119.000000 49.000000
0.3500 90.8500 77.7400 614.000000 0.000000 121.000000 49.000000
0.3600 91.7700 77.2200 603.000000 0.000000 121.000000 49.000000
0.3700 92.9700 77.0000 588.000000 0.000000 121.000000 49.000000
0.3800 94.2800 77.0000 578.000000 0.000000 121.000000 49.000000
0.3900 95.6600 77.4000 574.000000 0.000000 121.000000 49.000000
0.4000 96.9100 78.1700 569.000000 0.000000 119.000000 49.000000
0.4100 98.0400 79.1600 577.000000 0.000000 119.000000 49.000000
0.4200 99.1000 80.2000 577.000000 0.000000 120.000000 50.000000
0.4300 99.8500 80.9100 577.000000 0.000000 120.000000 50.000000
0.4400 100.1600 81.4000 580.000000 0.000000 119.000000 50.000000
0.4500 100.1600 81.5600 588.000000 0.000000 119.000000 50.000000
0.4600 100.1000 81.6800 594.000000 0.000000 119.000000 50.000000
0.4700 100.0200 81.7300 594.000000 0.000000 118.000000 49.000000
0.4800 99.9400 81.7300 592.000000 0.000000 118.000000 49.000000
0.4900 99.9400 81.7300 591.000000 0.000000 118.000000 49.000000
0.5000 99.9400 81.7300 560.000000 0.000000 118.000000 49.000000
0.5100 99.9400 81.7300 535.000000 0.000000 117.000000 49.000000
0.5200 99.9400 81.7300 496.000000 0.000000 117.000000 49.000000
0.5300 99.9400 81.7300 472.000000 0.000000 117.000000 49.000000
0.5400 99.9400 81.6800 465.000000 0.000000 117.000000 49.000000
0.5500 99.9900 81.6800 465.000000 0.000000 117.000000 49.000000
0.5600 99.9900 81.6300 467.000000 0.000000 117.000000 49.000000
0.5700 99.9900 81.6900 491.000000 0.000000 117.000000 49.000000
0.5800 99.9000 81.8200 488.000000 0.000000 117.000000 49.000000
0.5900 99.7800 82.0100 494.000000 0.000000 117.000000 49.000000
0.6000 99.5300 82.2400 494.000000 0.000000 117.000000 49.000000
0.6100 99.1800 82.4400 499.000000 0.000000 117.000000 49.000000
0.6200 98.7200 82.5700 510.000000 0.000000 117.000000 49.000000
0.6300 98.0500 82.3400 522.000000 0.000000 118.000000 49.000000
0.6400 97.2400 81.8900 543.000000 0.000000 118.000000 49.000000
0.6500 96.3500 81.0300 577.000000 0.000000 119.000000 50.000000
0.6600 95.4900 79.8700 616.000000 0.000000 119.000000 50.000000
0.6700 94.9500 78.5000 616.000000 0.000000 120.000000 51.000000
0.6800 94.6000 77.7300 610.000000 0.000000 121.000000 51.000000
0.6900 94.8000 77.2000 594.000000 0.000000 121.000000 51.000000
0.7000 95.4100 76.8200 592.000000 0.000000 121.000000 51.000000
0.7100 96.2900 76.7200 577.000000 0.000000 120.000000 51.000000
0.7200 97.4500 77.0600 561.000000 0.000000 120.000000 51.000000
0.7300 98.6800 77.6900 529.000000 0.000000 119.000000 50.000000
0.7400 99.9500 78.5000 496.000000 0.000000 119.000000 50.000000
0.7500 100.7500 79.3000 473.000000 0.000000 119.000000 50.000000
0.7600 101.1900 80.1000 472.000000 0.000000 119.000000 50.000000
0.7700 101.4000 80.6300 478.000000 0.000000 118.000000 49.000000
0.7800 101.4000 80.9100 491.000000 0.000000 118.000000 49.000000
0.7900 101.4000 81.0200 517.000000 0.000000 117.000000 50.000000
0.8000 101.4000 81.0200 509.000000 0.000000 117.000000 50.000000
0.8100 101.4500 80.9600 501.000000 0.000000 117.000000 50.000000
0.8200 101.5200 80.8400 499.000000 0.000000 117.000000 50.000000
0.8300 101.6800 80.5600 492.000000 0.000000 116.000000 49.000000
0.8400 101.9100 80.1900 489.000000 0.000000 116.000000 49.000000
0.8500 102.1300 79.6600 491.000000 0.000000 115.000000 49.000000
0.8600 102.3400 79.1200 480.000000 0.000000 115.000000 49.000000
0.8700 102.4800 78.6500 467.000000 0.000000 115.000000 49.000000
0.8800 102.5500 78.2400 464.000000 0.000000 115.000000 49.000000
0.8900 102.5500 78.0100 472.000000 0.000000 116.000000 49.000000
0.9000 102.5500 77.9200 491.000000 0.000000 116.000000 49.000000
0.9100 102.3900 77.9200 522.000000 0.000000 116.000000 49.000000
0.9200 102.2400 78.0200 516.000000 0.000000 116.000000 49.000000
0.9300 102.1300 78.3900 519.000000 0.000000 116.000000 49.000000
0.9400 102.0700 78.9300 519.000000 0.000000 116.000000 49.000000
0.9500 102.0700 79.7800 516.000000 0.000000 117.000000 49.000000
0.9600 102.3300 80.6200 513.000000 0.000000 116.000000 49.000000
0.9700 102.6900 81.4600 519.000000 0.000000 116.000000 49.000000
0.9800 103.0400 81.9500 510.000000 0.000000 117.000000 50.000000
0.9900 103.3200 82.1800 491.000000 0.000000 117.000000 50.000000
1.0000 103.5600 82.2300 436.000000 0.000000 117.000000 50.000000
1.0100 103.8400 82.2300 334.000000 0.000000 116.000000 50.000000
1.0200 104.1200 82.0400 158.000000 0.000000 116.000000 50.000000
1.0300 104.1200 82.0400 0.000000 1.000000 116.000000 50.000000
1.0400 104.4100 81.5400 0.000000 0.000000 116.000000 50.000000
1.0500 104.5200 81.4100 0.000000 0.000000 116.000000 50.000000
1.0600 104.5700 81.3500 0.000000 0.000000 116.000000 50.000000
1.0700 104.5700 81.3500 0.000000 0.000000 116.000000 50.000000
1.0800 104.6200 81.4400 0.000000 0.000000 116.000000 50.000000
1.0900 104.6200 81.4400 129.000000 1.000000 116.000000 50.000000
1.1000 104.6200 81.7100 223.000000 0.000000 116.000000 50.000000
1.1100 104.6200 81.7800 329.000000 0.000000 116.000000 50.000000
1.1200 104.4500 81.7800 386.000000 0.000000 116.000000 50.000000
1.1300 104.2600 81.6300 431.000000 0.000000 116.000000 50.000000
1.1400 103.8900 81.2600 448.000000 0.000000 116.000000 50.000000
1.1500 103.5400 80.7200 472.000000 0.000000 117.000000 50.000000
1.1600 103.2100 80.0400 477.000000 0.000000 117.000000 50.000000
1.1700 103.1100 79.3900 473.000000 0.000000 117.000000 50.000000
1.1800 103.1800 78.7600 471.000000 0.000000 118.000000 49.000000
1.1900 103.3600 78.3000 465.000000 0.000000 118.000000 49.000000
1.2000 103.7000 77.9800 452.000000 0.000000 118.000000 49.000000
1.2100 104.1700 77.7600 438.000000 0.000000 118.000000 49.000000
1.2200 104.7300 77.7600 440.000000 0.000000 118.000000 49.000000
1.2300 105.2400 77.9600 446.000000 0.000000 118.000000 49.000000
1.2400 105.7100 78.3600 445.000000 0.000000 118.000000 49.000000
1.2500 106.1400 79.1800 464.000000 0.000000 118.000000 49.000000
1.2600 106.6100 80.3500 496.000000 0.000000 119.000000 50.000000
1.2700 107.0600 81.7600 521.000000 0.000000 119.000000 50.000000
1.2800 107.5200 83.2300 538.000000 0.000000 118.000000 51.000000
1.2900 107.8800 84.9200 518.000000 0.000000 118.000000 51.000000
1.3000 108.1600 86.7700 502.000000 0.000000 118.000000 51.000000
1.3100 108.3100 87.9900 489.000000 0.000000 118.000000 51.000000
1.3200 108.3100 88.4300 488.000000 0.000000 119.000000 50.000000
1.3300 108.1900 88.3500 465.000000 0.000000 119.000000 50.000000
1.3400 107.9700 88.0000 470.000000 0.000000 120.000000 50.000000
1.3500 107.7200 87.3000 477.000000 0.000000 120.000000 50.000000
1.3600 107.4400 86.3800 483.000000 0.000000 120.000000 50.000000
1.3700 107.2300 85.1600 483.000000 0.000000 122.000000 50.000000
1.3800 107.0500 83.7900 467.000000 0.000000 120.000000 50.000000
1.3900 106.9400 82.3100 420.000000 0.000000 120.000000 50.000000
1.4000 106.8800 81.0000 339.000000 0.000000 120.000000 50.000000
1.4100 106.8800 79.8400 242.000000 0.000000 119.000000 50.000000
1.4200 106.8800 78.7700 210.000000 0.000000 118.000000 51.000000
1.4300 107.0100 78.2100 173.000000 0.000000 118.000000 51.000000
1.4400 107.2100 77.9900 186.000000 0.000000 118.000000 51.000000
1.4500 107.4400 77.9900 181.000000 0.000000 118.000000 51.000000
1.4600 107.6700 78.1600 200.000000 0.000000 118.000000 51.000000
1.4700 107.9000 78.3500 217.000000 0.000000 118.000000 51.000000
1.4800 108.0500 78.5500 241.000000 0.000000 118.000000 51.000000
1.4900 108.1600 78.5500 289.000000 0.000000 118.000000 51.000000
1.5000 108.2400 78.5500 315.000000 0.000000 118.000000 51.000000
1.5100 108.3300 78.5500 325.000000 0.000000 119.000000 50.000000
1.5200 108.4700 78.4700 324.000000 0.000000 120.000000 51.000000
1.5300 108.7000 78.4200 315.000000 0.000000 120.000000 51.000000
1.5400 109.1500 78.4800 305.000000 0.000000 120.000000 51.000000
1.5500 109.7400 78.6000 334.000000 0.000000 120.000000 51.000000
1.5600 110.4800 78.8100 349.000000 0.000000 119.000000 50.000000
1.5700 111.2300 79.2800 361.000000 0.000000 118.000000 49.000000
1.5800 111.7500 79.9200 374.000000 0.000000 116.000000 49.000000
1.5900 112.1100 80.6600 379.000000 0.000000 114.000000 48.000000
1.6000 112.1700 81.6700 377.000000 0.000000 112.000000 48.000000
1.6100 111.9100 82.8600 371.000000 0.000000 110.000000 47.000000
1.6200 111.4400 84.3800 393.000000 0.000000 110.000000 46.000000
1.6300 110.6100 85.8700 418.000000 0.000000 109.000000 46.000000
1.6400 109.3000 87.3000 448.000000 0.000000 109.000000 46.000000
1.6500 107.6600 88.2400 477.000000 0.000000 110.000000 47.000000
1.6600 105.7900 88.8800 481.000000 0.000000 112.000000 48.000000
1.6700 103.5900 88.8800 461.000000 0.000000 115.000000 47.000000
1.6800 101.1700 88.2800 448.000000 0.000000 117.000000 48.000000
1.6900 98.6000 87.3400 455.000000 0.000000 119.000000 48.000000
1.7000 95.6100 85.9400 445.000000 0.000000 121.000000 49.000000
1.7100 92.3500 84.1900 493.000000 0.000000 123.000000 49.000000
1.7200 89.7900 82.2200 543.000000 0.000000 124.000000 50.000000
1.7300 88.4000 80.7800 519.000000 0.000000 126.000000 50.000000
1.7400 87.7800 79.7500 486.000000 0.000000 125.000000 51.000000
1.7500 89.1600 78.9900 483.000000 0.000000 125.000000 51.000000
1.7600 91.7600 78.4600 514.000000 0.000000 125.000000 51.000000
1.7700 95.1800 78.6100 543.000000 0.000000 125.000000 51.000000
1.7800 99.6900 79.2200 570.000000 0.000000 124.000000 52.000000
1.7900 104.2600 79.9300 561.000000 0.000000 124.000000 52.000000
1.8000 108.9900 80.5500 507.000000 0.000000 124.000000 52.000000
1.8100 113.8100 81.1000 394.000000 0.000000 123.000000 52.000000
1.8200 117.3400 81.5300 239.000000 0.000000 121.000000 52.000000
1.8300 120.0100 81.8900 1.000000 1.000000 118.000000 53.000000
