0.0000 19.0600 80.7600 24.000000 1.000000 117.000000 59.000000
0.0100 19.2600 80.4100 68.000000 0.000000 117.000000 59.000000
0.0200 19.2600 80.3000 109.000000 0.000000 117.000000 59.000000
0.0300 19.5300 80.2300 146.000000 0.000000 118.000000 59.000000
0.0400 19.8700 80.0900 185.000000 0.000000 118.000000 59.000000
0.0500 20.2700 80.0400 253.000000 0.000000 118.000000 59.000000
0.0600 20.6900 80.0400 301.000000 0.000000 118.000000 59.000000
0.0700 21.2000 80.2200 369.000000 0.000000 118.000000 59.000000
0.0800 21.7900 80.5500 389.000000 0.000000 118.000000 59.000000
0.0900 22.4900 81.0000 398.000000 0.000000 118.000000 59.000000
0.1000 23.2800 81.8400 391.000000 0.000000 118.000000 59.000000
0.1100 24.1100 82.8500 398.000000 0.000000 119.000000 60.000000
0.1200 24.9200 83.9700 369.000000 0.000000 119.000000 60.000000
0.1300 25.5800 85.3200 361.000000 0.000000 121.000000 59.000000
0.1400 26.1500 86.6400 340.000000 0.000000 122.000000 60.000000
0.1500 26.2700 87.8800 304.000000 0.000000 122.000000 60.000000
0.1600 25.9100 89.0000 291.000000 0.000000 123.000000 61.000000
0.1700 25.2200 90.0200 286.000000 0.000000 123.000000 61.000000
0.1800 24.2800 90.5700 314.000000 0.000000 125.000000 60.000000
0.1900 23.2900 90.8200 329.000000 0.000000 125.000000 60.000000
0.2000 22.2600 90.4400 362.000000 0.000000 126.000000 60.000000
0.2100 21.0900 89.5300 397.000000 0.000000 126.000000 60.000000
0.2200 20.1500 88.2600 423.000000 0.000000 126.000000 60.000000
0.2300 19.3700 86.5800 440.000000 0.000000 128.000000 59.000000
0.2400 18.8600 84.7000 469.000000 0.000000 126.000000 60.000000
0.2500 18.6700 82.6900 488.000000 0.000000 125.000000 59.000000
0.2600 18.6700 80.8500 499.000000 0.000000 124.000000 60.000000
0.2700 19.0900 79.3100 514.000000 0.000000 123.000000 59.000000
0.2800 19.7800 77.9600 515.000000 0.000000 121.000000 59.000000
0.2900 20.6500 77.1900 514.000000 0.000000 119.000000 60.000000
0.3000 21.7200 76.8800 510.000000 0.000000 118.000000 59.000000
0.3100 22.7000 76.8800 498.000000 0.000000 117.000000 59.000000
0.3200 23.6300 77.2200 478.000000 0.000000 118.000000 60.000000
0.3300 24.4000 77.9100 450.000000 0.000000 118.000000 60.000000
0.3400 24.9700 78.8400 402.000000 0.000000 118.000000 60.000000
0.3500 25.4000 80.1200 371.000000 0.000000 119.000000 61.000000
0.3600 25.7000 81.3900 339.000000 0.000000 119.000000 61.000000
0.3700 25.8800 82.6500 345.000000 0.000000 119.000000 61.000000
0.3800 25.9700 83.4400 353.000000 0.000000 122.000000 61.000000
0.3900 26.0300 83.6200 371.000000 0.000000 122.000000 61.000000
0.4000 26.0300 83.3900 399.000000 0.000000 123.000000 61.000000
0.4100 25.9500 83.0200 428.000000 0.000000 123.000000 61.000000
0.4200 25.9500 82.3700 453.000000 0.000000 123.000000 61.000000
0.4300 25.9500 81.5400 467.000000 0.000000 125.000000 60.000000
0.4400 26.1200 80.8200 472.000000 0.000000 125.000000 60.000000
0.4500 26.4200 80.3100 467.000000 0.000000 125.000000 60.000000
0.4600 26.8400 79.9500 474.000000 0.000000 123.000000 61.000000
0.4700 27.3200 79.9500 465.000000 0.000000 123.000000 61.000000
0.4800 27.8600 80.2700 448.000000 0.000000 122.000000 60.000000
0.4900 28.3800 80.8400 388.000000 0.000000 122.000000 60.000000
0.5000 28.8100 81.7000 344.000000 0.000000 122.000000 60.000000
0.5100 29.2000 82.6900 286.000000 0.000000 121.000000 59.000000
0.5200 29.3400 83.7600 267.000000 0.000000 121.000000 59.000000
0.5300 29.3400 84.6300 299.000000 0.000000 121.000000 59.000000
0.5400 29.1400 84.9500 329.000000 0.000000 120.000000 58.000000
0.5500 28.9500 84.9000 366.000000 0.000000 120.000000 58.000000
0.5600 28.7700 84.5100 404.000000 0.000000 120.000000 58.000000
0.5700 28.6000 83.7900 443.000000 0.000000 120.000000 58.000000
0.5800 28.5000 82.8500 466.000000 0.000000 121.000000 58.000000
0.5900 28.4400 81.9300 491.000000 0.000000 121.000000 58.000000
0.6000 28.5500 81.2800 493.000000 0.000000 121.000000 58.000000
0.6100 28.7600 80.8100 485.000000 0.000000 120.000000 58.000000
0.6200 29.0600 80.5700 465.000000 0.000000 121.000000 59.000000
0.6300 29.3700 80.5700 417.000000 0.000000 121.000000 59.000000
0.6400 29.7100 80.7700 339.000000 0.000000 121.000000 59.000000
0.6500 30.0900 81.3400 249.000000 0.000000 121.000000 59.000000
0.6600 30.4600 82.0700 185.000000 0.000000 121.000000 59.000000
0.6700 30.6100 82.9100 156.000000 0.000000 121.000000 59.000000
0.6800 30.6100 83.5500 228.000000 0.000000 121.000000 59.000000
0.6900 30.6100 83.6900 255.000000 0.000000 121.000000 59.000000
0.7000 30.6100 83.4900 310.000000 0.000000 121.000000 59.000000
0.7100 30.6100 83.0200 366.000000 0.000000 121.000000 59.000000
0.7200 30.6100 82.3100 392.000000 0.000000 123.000000 59.000000
0.7300 30.7300 81.4500 412.000000 0.000000 124.000000 60.000000
0.7400 30.9800 80.8000 420.000000 0.000000 124.000000 60.000000
0.7500 31.3100 80.4200 410.000000 0.000000 122.000000 60.000000
0.7600 31.7200 80.2300 394.000000 0.000000 122.000000 60.000000
0.7700 32.1000 80.3300 371.000000 0.000000 122.000000 60.000000
0.7800 32.4500 80.7400 294.000000 0.000000 122.000000 60.000000
0.7900 32.8200 81.3700 210.000000 0.000000 122.000000 60.000000
0.8000 33.0300 82.0700 173.000000 0.000000 123.000000 61.000000
0.8100 33.1200 82.7100 180.000000 0.000000 123.000000 61.000000
0.8200 33.1200 83.3200 255.000000 0.000000 123.000000 61.000000
0.8300 33.1700 83.4400 309.000000 0.000000 123.000000 61.000000
0.8400 33.1700 83.3400 358.000000 0.000000 123.000000 61.000000
0.8500 33.1700 83.1000 389.000000 0.000000 124.000000 62.000000
0.8600 33.1700 82.6400 402.000000 0.000000 126.000000 61.000000
0.8700 33.2200 82.1300 407.000000 0.000000 126.000000 61.000000
0.8800 33.3100 81.8100 388.000000 0.000000 126.000000 61.000000
0.8900 33.4100 81.6400 356.000000 0.000000 126.000000 61.000000
0.9000 33.5500 81.5900 315.000000 0.000000 126.000000 61.000000
0.9100 33.7100 81.7400 274.000000 0.000000 126.000000 61.000000
0.9200 33.8700 82.0200 218.000000 0.000000 126.000000 61.000000
0.9300 34.0300 82.4700 181.000000 0.000000 126.000000 61.000000
0.9400 34.1200 82.9000 195.000000 0.000000 126.000000 61.000000
0.9500 34.1200 83.0900 257.000000 0.000000 126.000000 61.000000
0.9600 34.2000 83.0900 332.000000 0.000000 126.000000 61.000000
0.9700 34.2000 82.8600 399.000000 0.000000 126.000000 61.000000
0.9800 34.3100 82.3800 414.000000 0.000000 126.000000 61.000000
0.9900 34.4100 81.7600 440.000000 0.000000 127.000000 62.000000
1.0000 34.5200 81.2800 460.000000 0.000000 127.000000 62.000000
1.0100 34.6600 80.9800 471.000000 0.000000 127.000000 62.000000
1.0200 34.8800 80.8000 473.000000 0.000000 126.000000 62.000000
1.0300 35.1200 80.8000 474.000000 0.000000 126.000000 62.000000
1.0400 35.3700 80.9900 456.000000 0.000000 126.000000 62.000000
1.0500 35.6300 81.2900 448.000000 0.000000 126.000000 62.000000
1.0600 35.8100 81.7100 413.000000 0.000000 126.000000 62.000000
1.0700 35.9300 82.1100 407.000000 0.000000 126.000000 62.000000
1.0800 35.9300 82.2700 415.000000 0.000000 126.000000 62.000000
1.0900 36.0100 82.2700 420.000000 0.000000 126.000000 62.000000
1.1000 36.0900 82.0700 439.000000 0.000000 126.000000 62.000000
1.1100 36.2100 81.8000 448.000000 0.000000 127.000000 63.000000
1.1200 36.3900 81.4500 458.000000 0.000000 127.000000 63.000000
1.1300 36.5900 81.1400 466.000000 0.000000 127.000000 63.000000
1.1400 36.8400 81.0600 464.000000 0.000000 129.000000 63.000000
1.1500 37.1700 81.1100 485.000000 0.000000 127.000000 63.000000
1.1600 37.6300 81.3900 491.000000 0.000000 126.000000 62.000000
1.1700 38.1700 82.0300 499.000000 0.000000 124.000000 62.000000
1.1800 38.6400 82.9000 493.000000 0.000000 124.000000 62.000000
1.1900 39.0500 84.1700 447.000000 0.000000 124.000000 62.000000
1.2000 39.4100 85.8900 381.000000 0.000000 123.000000 61.000000
1.2100 39.3200 87.9100 397.000000 0.000000 123.000000 61.000000
1.2200 38.8800 89.9200 422.000000 0.000000 123.000000 61.000000
1.2300 38.2100 91.3100 414.000000 0.000000 125.000000 60.000000
1.2400 37.2300 92.3000 430.000000 0.000000 129.000000 60.000000
1.2500 36.1000 92.7100 493.000000 0.000000 131.000000 60.000000
1.2600 34.8600 92.3800 542.000000 0.000000 134.000000 60.000000
1.2700 33.7900 91.5600 578.000000 0.000000 135.000000 59.000000
1.2800 32.7700 90.0500 591.000000 0.000000 136.000000 58.000000
1.2900 31.9700 88.2400 620.000000 0.000000 136.000000 58.000000
1.3000 31.3000 86.2400 638.000000 0.000000 136.000000 58.000000
1.3100 30.9900 84.3800 644.000000 0.000000 135.000000 59.000000
1.3200 30.9900 82.9500 636.000000 0.000000 132.000000 59.000000
1.3300 31.2200 81.8100 647.000000 0.000000 131.000000 60.000000
1.3400 31.7700 80.9900 645.000000 0.000000 129.000000 60.000000
1.3500 32.3600 80.4300 641.000000 0.000000 128.000000 61.000000
1.3600 33.0300 80.0500 630.000000 0.000000 126.000000 61.000000
1.3700 33.7100 80.0500 616.000000 0.000000 126.000000 61.000000
1.3800 34.3500 80.2400 613.000000 0.000000 126.000000 61.000000
1.3900 34.9600 80.6100 602.000000 0.000000 127.000000 62.000000
1.4000 35.5900 80.9900 603.000000 0.000000 127.000000 62.000000
1.4100 36.0700 81.1800 606.000000 0.000000 127.000000 62.000000
1.4200 36.4400 81.2400 620.000000 0.000000 127.000000 62.000000
1.4300 36.6400 81.3400 628.000000 0.000000 129.000000 63.000000
1.4400 36.8100 81.5600 641.000000 0.000000 129.000000 63.000000
1.4500 36.9600 81.8500 636.000000 0.000000 129.000000 63.000000
1.4600 37.1500 82.3500 619.000000 0.000000 129.000000 63.000000
1.4700 37.3500 83.1500 600.000000 0.000000 127.000000 62.000000
1.4800 37.3500 84.1500 561.000000 0.000000 129.000000 61.000000
1.4900 37.3500 85.5700 560.000000 0.000000 126.000000 61.000000
1.5000 36.9300 87.1400 570.000000 0.000000 126.000000 61.000000
1.5100 36.0800 88.8100 591.000000 0.000000 126.000000 60.000000
1.5200 34.9400 90.2200 617.000000 0.000000 126.000000 60.000000
1.5300 33.5000 90.9600 671.000000 0.000000 128.000000 59.000000
1.5400 31.6700 91.2600 710.000000 0.000000 128.000000 59.000000
1.5500 29.5700 90.6300 788.000000 0.000000 131.000000 60.000000
1.5600 27.4600 89.4600 827.000000 0.000000 131.000000 60.000000
1.5700 25.6700 87.9300 828.000000 0.000000 134.000000 60.000000
1.5800 24.1000 86.2800 832.000000 0.000000 134.000000 60.000000
1.5900 23.3800 84.6900 817.000000 0.000000 132.000000 60.000000
1.6000 23.3100 83.1300 826.000000 0.000000 132.000000 60.000000
1.6100 23.6700 81.5500 818.000000 0.000000 132.000000 60.000000
1.6200 24.9300 80.1900 836.000000 0.000000 131.000000 61.000000
1.6300 27.0600 78.9900 819.000000 0.000000 128.000000 61.000000
1.6400 29.7600 78.2700 788.000000 0.000000 128.000000 61.000000
1.6500 32.9300 78.1100 614.000000 0.000000 128.000000 61.000000
1.6600 35.6800 78.3200 58.000000 0.000000 129.000000 61.000000
