0.0000 50.3500 82.4700 499.000000 1.000000 172.000000 54.000000
0.0100 48.5300 82.4000 495.000000 0.000000 172.000000 54.000000
0.0200 48.1800 82.9300 468.000000 0.000000 172.000000 53.000000
0.0300 48.1100 82.9300 467.000000 0.000000 172.000000 53.000000
0.0400 48.2100 82.9300 515.000000 0.000000 172.000000 53.000000
0.0500 48.7300 82.9300 560.000000 0.000000 173.000000 53.000000
0.0600 49.5200 83.0300 636.000000 0.000000 173.000000 53.000000
0.0700 51.2700 83.1900 647.000000 0.000000 173.000000 53.000000
0.0800 53.6800 83.4700 678.000000 0.000000 173.000000 53.000000
0.0900 56.5300 83.7800 696.000000 0.000000 173.000000 53.000000
0.1000 59.9500 84.1100 693.000000 0.000000 174.000000 52.000000
0.1100 63.4300 84.4700 690.000000 0.000000 175.000000 52.000000
0.1200 66.9600 84.6300 684.000000 0.000000 175.000000 53.000000
0.1300 70.2000 84.6300 682.000000 0.000000 176.000000 53.000000
0.1400 72.7500 84.6300 668.000000 0.000000 177.000000 53.000000
0.1500 74.8300 84.5800 649.000000 0.000000 179.000000 53.000000
0.1600 76.1600 84.5100 638.000000 0.000000 180.000000 53.000000
0.1700 76.6200 84.4500 643.000000 0.000000 180.000000 54.000000
0.1800 76.5000 84.3900 666.000000 0.000000 180.000000 54.000000
0.1900 75.6700 84.3200 664.000000 0.000000 181.000000 54.000000
0.2000 73.7500 84.2400 681.000000 0.000000 181.000000 54.000000
0.2100 71.1100 83.8900 696.000000 0.000000 180.000000 54.000000
0.2200 67.3500 83.1800 714.000000 0.000000 180.000000 54.000000
0.2300 63.0400 82.2300 727.000000 0.000000 180.000000 53.000000
0.2400 58.3600 80.7300 719.000000 0.000000 179.000000 53.000000
0.2500 54.1900 78.9400 691.000000 0.000000 177.000000 53.000000
0.2600 50.6400 76.9500 730.000000 0.000000 176.000000 54.000000
0.2700 47.5000 75.3700 748.000000 0.000000 173.000000 54.000000
0.2800 45.5800 74.3100 757.000000 0.000000 170.000000 54.000000
0.2900 44.6500 73.6100 767.000000 0.000000 169.000000 53.000000
0.3000 44.3700 73.2700 771.000000 0.000000 167.000000 54.000000
0.3100 44.4800 73.1400 794.000000 0.000000 166.000000 54.000000
0.3200 45.1000 73.1400 808.000000 0.000000 164.000000 54.000000
0.3300 46.0600 73.8200 799.000000 0.000000 163.000000 54.000000
0.3400 48.2600 75.1300 799.000000 0.000000 163.000000 54.000000
0.3500 50.9400 76.8800 797.000000 0.000000 162.000000 54.000000
0.3600 53.9400 78.8400 757.000000 0.000000 163.000000 55.000000
0.3700 56.9900 81.1400 722.000000 0.000000 163.000000 55.000000
0.3800 60.0400 83.6700 700.000000 0.000000 164.000000 55.000000
0.3900 62.4300 86.0300 685.000000 0.000000 165.000000 55.000000
0.4000 64.3800 87.4700 700.000000 0.000000 168.000000 55.000000
0.4100 64.9900 88.3000 710.000000 0.000000 170.000000 55.000000
0.4200 64.8800 88.4400 717.000000 0.000000 171.000000 55.000000
0.4300 64.3000 88.1700 739.000000 0.000000 171.000000 55.000000
0.4400 63.1700 87.6300 763.000000 0.000000 173.000000 55.000000
0.4500 61.9600 86.3600 753.000000 0.000000 174.000000 55.000000
0.4600 60.6900 84.6900 760.000000 0.000000 174.000000 55.000000
0.4700 59.2400 82.7500 777.000000 0.000000 174.000000 55.000000
0.4800 58.1300 81.1200 794.000000 0.000000 174.000000 55.000000
0.4900 57.2400 79.9900 796.000000 0.000000 173.000000 55.000000
0.5000 57.0600 79.1900 818.000000 0.000000 173.000000 55.000000
0.5100 57.5000 78.7600 817.000000 0.000000 171.000000 55.000000
0.5200 58.3600 78.9000 825.000000 0.000000 171.000000 55.000000
0.5300 59.7300 79.4100 833.000000 0.000000 171.000000 55.000000
0.5400 61.4100 80.4500 846.000000 0.000000 170.000000 55.000000
0.5500 63.2900 81.5200 863.000000 0.000000 170.000000 55.000000
0.5600 64.3100 82.6200 914.000000 0.000000 170.000000 55.000000
0.5700 64.6500 82.9000 936.000000 0.000000 170.000000 55.000000
0.5800 64.5400 82.9000 924.000000 0.000000 170.000000 55.000000
0.5900 64.5400 82.7100 912.000000 0.000000 171.000000 55.000000
0.6000 64.3400 82.2000 887.000000 0.000000 171.000000 55.000000
0.6100 64.1000 81.4500 783.000000 0.000000 171.000000 56.000000
0.6200 64.3500 80.5300 622.000000 0.000000 171.000000 56.000000
