0.0000 46.7200 9.6900 156.000000 1.000000 153.000000 58.000000
0.0100 46.4000 9.6900 311.000000 0.000000 153.000000 59.000000
0.0200 46.3400 9.8100 309.000000 0.000000 154.000000 60.000000
0.0300 46.3400 9.8100 310.000000 0.000000 155.000000 62.000000
0.0400 46.4100 9.8700 359.000000 0.000000 155.000000 63.000000
0.0500 46.5400 9.9600 423.000000 0.000000 154.000000 64.000000
0.0600 46.9100 10.0800 486.000000 0.000000 153.000000 65.000000
0.0700 47.4400 10.3200 518.000000 0.000000 152.000000 65.000000
0.0800 48.4100 10.7100 577.000000 0.000000 152.000000 65.000000
0.0900 49.8500 11.2100 589.000000 0.000000 149.000000 66.000000
0.1000 51.6000 11.9900 636.000000 0.000000 149.000000 66.000000
0.1100 53.8000 12.8500 668.000000 0.000000 147.000000 65.000000
0.1200 56.2500 13.7600 688.000000 0.000000 147.000000 65.000000
0.1300 58.8700 14.5800 696.000000 0.000000 147.000000 65.000000
0.1400 61.3600 15.4100 691.000000 0.000000 147.000000 65.000000
0.1500 64.0000 16.2100 707.000000 0.000000 150.000000 65.000000
0.1600 66.7500 16.9600 696.000000 0.000000 151.000000 64.000000
0.1700 69.3500 17.5600 691.000000 0.000000 154.000000 64.000000
0.1800 71.4400 18.0600 700.000000 0.000000 155.000000 63.000000
0.1900 73.1900 18.3400 697.000000 0.000000 158.000000 62.000000
0.2000 74.3800 18.4100 679.000000 0.000000 158.000000 62.000000
0.2100 74.8100 18.3300 662.000000 0.000000 161.000000 62.000000
0.2200 74.7200 18.1500 666.000000 0.000000 163.000000 62.000000
0.2300 74.0200 17.6100 658.000000 0.000000 163.000000 61.000000
0.2400 72.2700 16.8400 673.000000 0.000000 163.000000 61.000000
0.2500 69.8300 15.6100 694.000000 0.000000 163.000000 61.000000
0.2600 66.6800 14.0200 724.000000 0.000000 162.000000 61.000000
0.2700 63.1900 12.1900 721.000000 0.000000 162.000000 61.000000
0.2800 59.4600 10.2200 716.000000 0.000000 159.000000 61.000000
0.2900 55.6500 8.2500 721.000000 0.000000 156.000000 62.000000
0.3000 51.9800 6.2900 728.000000 0.000000 155.000000 62.000000
0.3100 49.2100 4.3000 703.000000 0.000000 152.000000 62.000000
0.3200 46.9900 2.8600 707.000000 0.000000 150.000000 64.000000
0.3300 45.5800 1.8000 708.000000 0.000000 146.000000 64.000000
0.3400 45.0200 1.1700 703.000000 0.000000 144.000000 66.000000
0.3500 45.0200 1.1700 703.000000 0.000000 142.000000 66.000000
0.3600 45.4700 1.5500 703.000000 0.000000 140.000000 67.000000
0.3700 46.6300 2.7500 707.000000 0.000000 139.000000 68.000000
0.3800 48.2700 4.4400 700.000000 0.000000 137.000000 69.000000
0.3900 49.9600 6.4700 691.000000 0.000000 137.000000 69.000000
0.4000 51.7700 8.4500 665.000000 0.000000 135.000000 68.000000
0.4100 53.6700 10.5000 622.000000 0.000000 137.000000 67.000000
0.4200 55.3800 13.0100 584.000000 0.000000 137.000000 67.000000
0.4300 56.9300 15.7900 537.000000 0.000000 137.000000 66.000000
0.4400 58.3800 17.9900 533.000000 0.000000 140.000000 65.000000
0.4500 59.0200 19.1300 565.000000 0.000000 141.000000 64.000000
0.4600 59.0700 19.5700 603.000000 0.000000 141.000000 63.000000
0.4700 58.7200 19.5700 645.000000 0.000000 143.000000 62.000000
0.4800 58.1200 18.9600 696.000000 0.000000 144.000000 61.000000
0.4900 57.2100 17.8600 699.000000 0.000000 144.000000 60.000000
0.5000 56.0800 15.5500 716.000000 0.000000 144.000000 60.000000
0.5100 55.1100 13.1000 714.000000 0.000000 144.000000 60.000000
0.5200 54.5900 10.5500 733.000000 0.000000 142.000000 61.000000
0.5300 54.3700 9.2500 742.000000 0.000000 141.000000 61.000000
0.5400 54.4600 8.5800 750.000000 0.000000 141.000000 63.000000
0.5500 54.8800 8.3200 768.000000 0.000000 140.000000 63.000000
0.5600 55.5100 8.3200 770.000000 0.000000 138.000000 64.000000
0.5700 56.5100 8.9300 751.000000 0.000000 137.000000 65.000000
0.5800 57.7500 9.8800 748.000000 0.000000 135.000000 65.000000
0.5900 59.1400 11.1200 730.000000 0.000000 133.000000 66.000000
0.6000 60.3900 12.5400 739.000000 0.000000 133.000000 66.000000
0.6100 61.4100 14.0800 761.000000 0.000000 133.000000 66.000000
0.6200 62.2800 14.7100 777.000000 0.000000 133.000000 66.000000
0.6300 62.6200 14.7100 797.000000 0.000000 133.000000 66.000000
0.6400 62.6800 14.4000 833.000000 0.000000 133.000000 66.000000
0.6500 62.5400 13.4000 843.000000 0.000000 132.000000 65.000000
0.6600 62.3500 12.2000 843.000000 0.000000 132.000000 65.000000
0.6700 62.3500 10.8800 845.000000 0.000000 132.000000 65.000000
0.6800 62.4300 10.4000 836.000000 0.000000 130.000000 66.000000
0.6900 62.7800 10.2300 806.000000 0.000000 130.000000 66.000000
0.7000 63.6000 10.2300 720.000000 0.000000 128.000000 66.000000
0.7100 64.7200 10.7000 492.000000 0.000000 128.000000 66.000000
