0.0000 56.5100 83.7300 285.000000 1.000000 137.000000 52.000000
0.0100 56.1300 83.6700 276.000000 0.000000 137.000000 52.000000
0.0200 56.1300 83.6700 275.000000 0.000000 137.000000 52.000000
0.0300 56.3000 83.6700 285.000000 0.000000 137.000000 52.000000
0.0400 56.7400 83.8300 314.000000 0.000000 137.000000 52.000000
0.0500 57.3700 84.0000 373.000000 0.000000 135.000000 52.000000
0.0600 58.3000 84.1600 425.000000 0.000000 135.000000 52.000000
0.0700 59.2900 84.3500 473.000000 0.000000 135.000000 52.000000
0.0800 60.5500 84.6200 519.000000 0.000000 134.000000 51.000000
0.0900 61.9600 84.9500 536.000000 0.000000 134.000000 51.000000
0.1000 63.5200 85.3000 554.000000 0.000000 133.000000 52.000000
0.1100 64.9400 85.6000 567.000000 0.000000 133.000000 52.000000
0.1200 66.2100 85.8800 568.000000 0.000000 133.000000 52.000000
0.1300 67.4300 86.2000 560.000000 0.000000 131.000000 52.000000
0.1400 68.5700 86.4500 560.000000 0.000000 131.000000 52.000000
0.1500 69.2800 86.6200 560.000000 0.000000 130.000000 53.000000
0.1600 69.7100 86.6200 561.000000 0.000000 130.000000 53.000000
0.1700 69.8400 86.5300 595.000000 0.000000 129.000000 53.000000
0.1800 69.7600 86.4100 602.000000 0.000000 129.000000 53.000000
0.1900 69.5300 86.0100 614.000000 0.000000 129.000000 53.000000
0.2000 68.8300 85.4300 610.000000 0.000000 129.000000 53.000000
0.2100 67.6100 84.5100 616.000000 0.000000 129.000000 53.000000
0.2200 66.0500 83.5500 622.000000 0.000000 128.000000 53.000000
0.2300 64.1500 82.4200 631.000000 0.000000 129.000000 52.000000
0.2400 62.0300 81.1900 638.000000 0.000000 129.000000 52.000000
0.2500 59.7500 79.9300 641.000000 0.000000 129.000000 52.000000
0.2600 57.7900 78.6800 661.000000 0.000000 130.000000 52.000000
0.2700 56.2500 77.8300 667.000000 0.000000 130.000000 52.000000
0.2800 54.9800 77.2500 668.000000 0.000000 130.000000 52.000000
0.2900 54.5100 77.0500 670.000000 0.000000 130.000000 52.000000
0.3000 54.3700 77.0500 666.000000 0.000000 130.000000 52.000000
0.3100 54.4400 77.2500 652.000000 0.000000 130.000000 52.000000
0.3200 54.6500 77.7100 641.000000 0.000000 130.000000 52.000000
0.3300 55.2100 78.5400 620.000000 0.000000 130.000000 52.000000
0.3400 55.9900 79.6100 595.000000 0.000000 131.000000 52.000000
0.3500 57.0300 81.0800 561.000000 0.000000 131.000000 52.000000
0.3600 58.2900 82.7000 567.000000 0.000000 131.000000 52.000000
0.3700 59.7000 84.4200 577.000000 0.000000 133.000000 52.000000
0.3800 61.1700 86.2100 560.000000 0.000000 133.000000 52.000000
0.3900 62.6300 87.9200 563.000000 0.000000 132.000000 51.000000
0.4000 64.0900 89.2400 557.000000 0.000000 132.000000 51.000000
0.4100 65.0400 90.3300 548.000000 0.000000 132.000000 51.000000
0.4200 65.4800 90.9500 551.000000 0.000000 133.000000 51.000000
0.4300 65.5900 91.1200 567.000000 0.000000 134.000000 50.000000
0.4400 64.8900 91.0000 595.000000 0.000000 136.000000 50.000000
0.4500 64.2000 90.4800 602.000000 0.000000 136.000000 50.000000
0.4600 63.2400 89.5000 633.000000 0.000000 137.000000 50.000000
0.4700 62.1100 88.2100 652.000000 0.000000 136.000000 50.000000
0.4800 60.9600 86.6900 693.000000 0.000000 135.000000 51.000000
0.4900 59.9500 85.0200 700.000000 0.000000 134.000000 50.000000
0.5000 59.0400 83.2400 693.000000 0.000000 133.000000 51.000000
0.5100 58.2800 81.8200 690.000000 0.000000 130.000000 51.000000
0.5200 57.7300 80.6500 690.000000 0.000000 129.000000 51.000000
0.5300 57.3200 79.6400 696.000000 0.000000 129.000000 51.000000
0.5400 57.3200 79.2000 675.000000 0.000000 129.000000 51.000000
0.5500 57.5400 79.0600 667.000000 0.000000 129.000000 51.000000
0.5600 57.9100 79.1200 666.000000 0.000000 129.000000 51.000000
0.5700 58.6100 79.6900 659.000000 0.000000 130.000000 51.000000
0.5800 59.7400 80.8500 638.000000 0.000000 130.000000 51.000000
0.5900 61.1600 82.4000 641.000000 0.000000 130.000000 51.000000
0.6000 62.6200 83.6300 636.000000 0.000000 130.000000 51.000000
0.6100 63.5500 84.4000 637.000000 0.000000 129.000000 51.000000
0.6200 64.1300 84.8700 643.000000 0.000000 129.000000 51.000000
0.6300 64.2900 84.9800 664.000000 0.000000 129.000000 51.000000
0.6400 64.2900 84.8400 691.000000 0.000000 128.000000 52.000000
0.6500 64.1500 84.5300 702.000000 0.000000 129.000000 52.000000
0.6600 63.9500 84.0400 722.000000 0.000000 129.000000 52.000000
0.6700 63.7700 83.5400 740.000000 0.000000 129.000000 52.000000
0.6800 63.6600 83.0500 754.000000 0.000000 129.000000 52.000000
0.6900 63.7300 82.7200 746.000000 0.000000 129.000000 52.000000
0.7000 63.9100 82.4800 728.000000 0.000000 129.000000 52.000000
0.7100 64.2800 82.2900 673.000000 0.000000 130.000000 52.000000
0.7200 64.8600 82.2900 521.000000 0.000000 130.000000 52.000000
