0.0000 18.3900 13.9500 146.000000 1.000000 136.000000 54.000000
0.0100 18.4400 14.2900 252.000000 0.000000 135.000000 54.000000
0.0200 18.5200 14.3600 368.000000 0.000000 135.000000 54.000000
0.0300 18.5200 14.3600 474.000000 0.000000 134.000000 55.000000
0.0400 18.5200 14.3600 535.000000 0.000000 133.000000 54.000000
0.0500 18.5200 14.2900 586.000000 0.000000 131.000000 55.000000
0.0600 18.5200 14.1700 611.000000 0.000000 131.000000 55.000000
0.0700 18.4700 13.8900 636.000000 0.000000 131.000000 55.000000
0.0800 18.3800 13.5000 650.000000 0.000000 130.000000 55.000000
0.0900 18.2800 13.0800 667.000000 0.000000 130.000000 55.000000
0.1000 18.1900 12.6600 666.000000 0.000000 130.000000 55.000000
0.1100 18.1100 12.2300 662.000000 0.000000 130.000000 55.000000
0.1200 17.9600 11.7900 630.000000 0.000000 129.000000 56.000000
0.1300 17.7700 11.3500 567.000000 0.000000 130.000000 56.000000
0.1400 17.6700 11.1800 418.000000 0.000000 130.000000 56.000000
0.1500 17.6100 11.1800 101.000000 0.000000 130.000000 56.000000
0.1600 17.6100 11.1800 0.000000 1.000000 130.000000 56.000000
0.1700 17.6100 11.8200 0.000000 0.000000 130.000000 56.000000
0.1800 17.7100 12.5000 0.000000 0.000000 130.000000 56.000000
0.1900 17.7600 13.1200 0.000000 0.000000 132.000000 57.000000
0.2000 17.7600 13.7600 0.000000 0.000000 132.000000 57.000000
0.2100 17.7600 14.2300 0.000000 0.000000 134.000000 56.000000
0.2200 17.7600 14.5800 0.000000 0.000000 136.000000 55.000000
0.2300 17.5100 14.7200 0.000000 0.000000 137.000000 54.000000
0.2400 17.1700 14.8000 0.000000 0.000000 139.000000 54.000000
0.2500 16.7800 14.8000 0.000000 0.000000 141.000000 52.000000
0.2600 16.3200 14.8000 0.000000 0.000000 142.000000 52.000000
0.2700 15.8200 14.8000 0.000000 0.000000 144.000000 51.000000
0.2800 15.4200 14.9200 0.000000 0.000000 146.000000 52.000000
0.2900 15.0200 15.0800 0.000000 0.000000 147.000000 52.000000
0.3000 14.6700 15.2500 0.000000 0.000000 149.000000 52.000000
0.3100 14.6700 15.2500 161.000000 1.000000 150.000000 52.000000
0.3200 14.2200 15.2500 247.000000 0.000000 152.000000 53.000000
0.3300 14.1500 15.2500 260.000000 0.000000 152.000000 54.000000
0.3400 14.1500 15.3100 282.000000 0.000000 153.000000 54.000000
0.3500 14.1500 15.3100 292.000000 0.000000 153.000000 54.000000
0.3600 14.3300 15.3900 305.000000 0.000000 153.000000 54.000000
0.3700 14.9100 15.5100 340.000000 0.000000 153.000000 54.000000
0.3800 15.7700 15.8400 387.000000 0.000000 152.000000 54.000000
0.3900 17.1300 16.3000 435.000000 0.000000 150.000000 54.000000
0.4000 18.8200 16.6700 473.000000 0.000000 148.000000 54.000000
0.4100 20.7200 17.0000 519.000000 0.000000 145.000000 55.000000
0.4200 22.7500 17.1300 530.000000 0.000000 143.000000 55.000000
0.4300 24.6600 17.1300 516.000000 0.000000 139.000000 56.000000
0.4400 26.2700 16.7700 519.000000 0.000000 136.000000 56.000000
0.4500 27.7100 16.2500 499.000000 0.000000 132.000000 57.000000
0.4600 28.7600 15.6500 477.000000 0.000000 131.000000 57.000000
0.4700 29.6000 14.9600 455.000000 0.000000 130.000000 58.000000
0.4800 30.2900 14.2300 448.000000 0.000000 128.000000 58.000000
0.4900 30.6600 13.4100 443.000000 0.000000 127.000000 59.000000
0.5000 30.5600 12.5600 442.000000 0.000000 125.000000 59.000000
0.5100 30.1400 11.6100 473.000000 0.000000 125.000000 59.000000
0.5200 29.1700 10.6000 468.000000 0.000000 124.000000 60.000000
0.5300 27.6600 9.7100 465.000000 0.000000 125.000000 60.000000
0.5400 25.8000 8.7700 460.000000 0.000000 125.000000 60.000000
0.5500 23.3700 7.8000 469.000000 0.000000 126.000000 60.000000
0.5600 20.7300 6.8200 448.000000 0.000000 129.000000 60.000000
0.5700 17.9500 5.8900 472.000000 0.000000 134.000000 60.000000
0.5800 15.0500 5.1200 567.000000 0.000000 139.000000 60.000000
0.5900 13.0500 4.4500 586.000000 0.000000 145.000000 59.000000
0.6000 11.6500 4.4500 561.000000 0.000000 150.000000 58.000000
0.6100 10.6600 4.7800 554.000000 0.000000 155.000000 58.000000
0.6200 10.4600 5.2700 536.000000 0.000000 159.000000 57.000000
0.6300 10.7800 5.9600 519.000000 0.000000 163.000000 56.000000
0.6400 11.8500 6.6500 499.000000 0.000000 166.000000 56.000000
0.6500 13.2500 7.3300 504.000000 0.000000 168.000000 55.000000
0.6600 14.8800 7.8500 521.000000 0.000000 168.000000 55.000000
0.6700 17.2400 8.3400 542.000000 0.000000 167.000000 55.000000
0.6800 19.9800 8.8000 561.000000 0.000000 165.000000 55.000000
0.6900 22.9600 9.2500 580.000000 0.000000 162.000000 56.000000
0.7000 26.4100 9.7400 594.000000 0.000000 157.000000 57.000000
0.7100 30.1600 10.2400 592.000000 0.000000 154.000000 58.000000
0.7200 34.1000 10.6900 595.000000 0.000000 148.000000 60.000000
0.7300 38.4200 11.1000 581.000000 0.000000 142.000000 61.000000
0.7400 42.5800 11.5200 559.000000 0.000000 137.000000 62.000000
0.7500 46.6300 11.9600 527.000000 0.000000 130.000000 63.000000
0.7600 50.5300 12.4100 397.000000 0.000000 127.000000 64.000000
0.7700 53.9500 12.8200 1.000000 1.000000 123.000000 65.000000
0.7800 53.9500 12.8200 0.000000 0.000000 121.000000 66.000000
0.7900 59.3100 13.2600 0.000000 0.000000 119.000000 66.000000
0.8000 60.5100 13.5300 0.000000 0.000000 119.000000 66.000000
0.8100 61.0100 13.7800 0.000000 0.000000 118.000000 65.000000
0.8200 60.7200 13.9700 0.000000 0.000000 120.000000 65.000000
0.8300 59.9200 14.1000 0.000000 0.000000 121.000000 63.000000
0.8400 58.7800 13.9600 0.000000 0.000000 123.000000 61.000000
0.8500 57.1900 13.6500 0.000000 0.000000 125.000000 59.000000
0.8600 55.4000 13.2000 0.000000 0.000000 127.000000 57.000000
0.8700 53.4800 12.7300 0.000000 0.000000 130.000000 56.000000
0.8800 51.6000 12.2300 0.000000 0.000000 131.000000 55.000000
0.8900 49.2400 11.6800 0.000000 0.000000 133.000000 53.000000
0.9000 46.5500 11.1900 0.000000 0.000000 133.000000 52.000000
0.9100 44.3200 10.7300 0.000000 0.000000 133.000000 51.000000
0.9200 41.8100 10.2500 0.000000 0.000000 134.000000 50.000000
0.9300 39.1200 9.7400 0.000000 0.000000 132.000000 49.000000
0.9400 36.1400 9.1900 0.000000 0.000000 132.000000 48.000000
0.9500 33.7700 8.6100 0.000000 0.000000 131.000000 47.000000
0.9600 31.8100 8.1400 0.000000 0.000000 131.000000 47.000000
0.9700 30.6500 7.7700 0.000000 0.000000 132.000000 47.000000
0.9800 29.5600 7.6500 0.000000 0.000000 132.000000 47.000000
0.9900 28.5200 7.7500 0.000000 0.000000 132.000000 47.000000
1.0000 28.1700 8.0000 0.000000 0.000000 132.000000 47.000000
1.0100 28.0400 8.3800 0.000000 0.000000 131.000000 47.000000
1.0200 28.0400 8.8600 0.000000 0.000000 131.000000 47.000000
1.0300 27.9600 9.4000 0.000000 0.000000 131.000000 47.000000
1.0400 28.1300 9.8700 0.000000 0.000000 128.000000 47.000000
1.0500 28.4700 10.3200 0.000000 0.000000 128.000000 47.000000
1.0600 28.8800 10.7200 0.000000 0.000000 127.000000 48.000000
1.0700 29.2200 10.9700 0.000000 0.000000 126.000000 48.000000
1.0800 29.5100 11.1300 0.000000 0.000000 125.000000 48.000000
1.0900 29.6500 11.2300 0.000000 0.000000 125.000000 50.000000
1.1000 29.7000 11.3400 0.000000 0.000000 122.000000 50.000000
1.1100 29.7000 11.4500 0.000000 0.000000 122.000000 51.000000
1.1200 29.5600 11.5600 0.000000 0.000000 121.000000 53.000000
1.1300 29.5600 11.5600 0.000000 0.000000 120.000000 54.000000
1.1400 29.5600 11.5600 0.000000 0.000000 119.000000 54.000000
1.1500 29.6000 11.2300 0.000000 0.000000 118.000000 56.000000
1.1600 29.7300 11.1200 0.000000 0.000000 117.000000 56.000000
1.1700 29.8500 11.1200 0.000000 0.000000 117.000000 56.000000
1.1800 30.0100 11.0700 0.000000 0.000000 117.000000 56.000000
1.1900 30.1800 11.1500 0.000000 0.000000 117.000000 56.000000
1.2000 30.3700 11.2600 0.000000 0.000000 118.000000 57.000000
1.2100 30.5100 11.4000 0.000000 0.000000 118.000000 57.000000
1.2200 30.6200 11.6100 0.000000 0.000000 118.000000 57.000000
1.2300 30.7600 11.7900 0.000000 0.000000 118.000000 57.000000
1.2400 30.8700 11.9200 0.000000 0.000000 118.000000 57.000000
1.2500 30.9500 11.9900 0.000000 0.000000 118.000000 57.000000
1.2600 31.0500 12.0700 0.000000 0.000000 118.000000 57.000000
1.2700 31.1400 12.1500 0.000000 0.000000 116.000000 57.000000
1.2800 31.2000 12.2100 0.000000 0.000000 116.000000 57.000000
1.2900 31.2000 12.2600 0.000000 0.000000 116.000000 57.000000
1.3000 31.3000 12.2600 0.000000 0.000000 115.000000 58.000000
1.3100 31.3000 12.3500 0.000000 0.000000 116.000000 58.000000
1.3200 31.3600 12.4000 0.000000 0.000000 116.000000 58.000000
1.3300 31.3600 12.4000 0.000000 0.000000 114.000000 59.000000
1.3400 31.3600 12.4000 13.000000 0.000000 114.000000 59.000000
1.3500 31.3600 12.4000 66.000000 1.000000 114.000000 59.000000
1.3600 31.3600 12.4000 132.000000 0.000000 114.000000 59.000000
1.3700 31.3600 12.4000 186.000000 0.000000 114.000000 59.000000
1.3800 31.3600 12.4000 241.000000 0.000000 114.000000 59.000000
1.3900 31.3600 12.4000 297.000000 0.000000 114.000000 59.000000
1.4000 31.3600 12.4000 344.000000 0.000000 114.000000 59.000000
1.4100 31.3600 12.4000 364.000000 0.000000 115.000000 60.000000
1.4200 31.3600 12.4000 376.000000 0.000000 115.000000 60.000000
1.4300 31.3600 12.4000 397.000000 0.000000 115.000000 60.000000
1.4400 31.3600 12.4000 412.000000 0.000000 115.000000 60.000000
1.4500 31.0300 12.6700 440.000000 0.000000 115.000000 60.000000
1.4600 30.8700 12.7500 464.000000 0.000000 115.000000 60.000000
1.4700 30.6500 12.7500 492.000000 0.000000 115.000000 60.000000
1.4800 30.4000 12.7500 538.000000 0.000000 115.000000 60.000000
1.4900 30.0600 12.5500 550.000000 0.000000 115.000000 60.000000
1.5000 29.6500 12.2600 564.000000 0.000000 115.000000 60.000000
1.5100 29.1900 11.8000 578.000000 0.000000 115.000000 60.000000
1.5200 28.7600 11.3200 597.000000 0.000000 114.000000 59.000000
1.5300 28.4300 11.0100 606.000000 0.000000 114.000000 59.000000
1.5400 28.3300 10.8300 594.000000 0.000000 116.000000 58.000000
1.5500 28.3300 10.6700 581.000000 0.000000 116.000000 58.000000
1.5600 28.5000 10.6100 570.000000 0.000000 116.000000 58.000000
1.5700 28.7200 10.6100 569.000000 0.000000 116.000000 58.000000
1.5800 29.1200 10.7900 560.000000 0.000000 117.000000 58.000000
1.5900 29.6300 11.1400 564.000000 0.000000 117.000000 58.000000
1.6000 30.1400 11.6000 553.000000 0.000000 116.000000 58.000000
1.6100 30.5400 12.0500 551.000000 0.000000 116.000000 58.000000
1.6200 30.8600 12.3200 557.000000 0.000000 116.000000 58.000000
1.6300 30.9900 12.4800 569.000000 0.000000 114.000000 59.000000
1.6400 30.9900 12.4800 589.000000 0.000000 114.000000 59.000000
1.6500 30.9900 12.4800 614.000000 0.000000 115.000000 60.000000
1.6600 30.8800 12.3900 613.000000 0.000000 115.000000 60.000000
1.6700 30.7300 12.2300 611.000000 0.000000 115.000000 60.000000
1.6800 30.5400 11.9600 617.000000 0.000000 115.000000 60.000000
1.6900 30.4100 11.7100 620.000000 0.000000 115.000000 60.000000
1.7000 30.3000 11.4900 614.000000 0.000000 115.000000 60.000000
1.7100 30.3000 11.4900 616.000000 0.000000 115.000000 60.000000
1.7200 30.3700 11.1700 592.000000 0.000000 115.000000 60.000000
1.7300 30.4900 11.0900 591.000000 0.000000 115.000000 60.000000
1.7400 30.6200 11.0900 588.000000 0.000000 115.000000 60.000000
1.7500 30.9100 11.3600 574.000000 0.000000 115.000000 60.000000
1.7600 31.3100 11.7200 570.000000 0.000000 115.000000 60.000000
1.7700 31.7400 12.1300 570.000000 0.000000 115.000000 60.000000
1.7800 32.0900 12.4800 569.000000 0.000000 115.000000 60.000000
1.7900 32.2500 12.6600 574.000000 0.000000 114.000000 61.000000
1.8000 32.3000 12.7500 592.000000 0.000000 114.000000 61.000000
1.8100 32.3000 12.7500 599.000000 0.000000 114.000000 61.000000
1.8200 32.2100 12.6600 620.000000 0.000000 115.000000 62.000000
1.8300 32.0800 12.4900 614.000000 0.000000 115.000000 62.000000
1.8400 31.9600 12.2600 619.000000 0.000000 115.000000 62.000000
1.8500 31.8200 11.9800 620.000000 0.000000 115.000000 62.000000
1.8600 31.6700 11.7600 622.000000 0.000000 115.000000 62.000000
1.8700 31.6700 11.5900 619.000000 0.000000 115.000000 62.000000
1.8800 31.7300 11.4400 614.000000 0.000000 114.000000 61.000000
1.8900 31.7300 11.4400 594.000000 0.000000 114.000000 61.000000
1.9000 31.9300 11.4400 594.000000 0.000000 114.000000 61.000000
1.9100 32.1100 11.5300 589.000000 0.000000 114.000000 61.000000
1.9200 32.3100 11.7500 588.000000 0.000000 114.000000 61.000000
1.9300 32.5300 12.0200 588.000000 0.000000 114.000000 61.000000
1.9400 32.7600 12.2900 584.000000 0.000000 114.000000 61.000000
1.9500 32.9300 12.5500 581.000000 0.000000 113.000000 61.000000
1.9600 33.0500 12.6600 580.000000 0.000000 114.000000 62.000000
1.9700 33.1000 12.7300 580.000000 0.000000 114.000000 62.000000
1.9800 33.1000 12.7300 589.000000 0.000000 114.000000 62.000000
1.9900 33.1000 12.6500 591.000000 0.000000 114.000000 62.000000
2.0000 33.1000 12.5800 595.000000 0.000000 114.000000 62.000000
2.0100 33.0100 12.4100 586.000000 0.000000 114.000000 62.000000
2.0200 32.9300 12.1800 586.000000 0.000000 114.000000 62.000000
2.0300 32.9300 11.9600 588.000000 0.000000 114.000000 62.000000
2.0400 32.9800 11.8400 568.000000 0.000000 114.000000 62.000000
2.0500 33.0700 11.8400 551.000000 0.000000 114.000000 62.000000
2.0600 33.2100 11.8400 542.000000 0.000000 114.000000 62.000000
2.0700 33.3700 11.8400 536.000000 0.000000 114.000000 62.000000
2.0800 33.5700 12.0100 540.000000 0.000000 112.000000 62.000000
2.0900 33.7400 12.1700 537.000000 0.000000 112.000000 62.000000
2.1000 33.8900 12.3000 540.000000 0.000000 112.000000 62.000000
2.1100 33.8900 12.3500 542.000000 0.000000 112.000000 62.000000
2.1200 33.9500 12.3500 542.000000 0.000000 112.000000 62.000000
2.1300 33.9500 12.4000 540.000000 0.000000 112.000000 62.000000
2.1400 34.0000 12.4000 539.000000 0.000000 112.000000 62.000000
2.1500 34.0600 12.4800 541.000000 0.000000 112.000000 62.000000
2.1600 34.0600 12.4800 537.000000 0.000000 112.000000 62.000000
2.1700 34.0600 12.3800 537.000000 0.000000 112.000000 62.000000
2.1800 34.0600 12.3100 527.000000 0.000000 112.000000 62.000000
2.1900 34.0600 12.2200 493.000000 0.000000 112.000000 62.000000
2.2000 34.0000 12.1200 333.000000 0.000000 112.000000 62.000000
2.2100 34.0000 12.0000 71.000000 0.000000 112.000000 62.000000
2.2200 34.0000 12.0000 0.000000 1.000000 112.000000 62.000000
2.2300 34.1600 11.9500 0.000000 0.000000 112.000000 62.000000
2.2400 34.2400 12.0900 0.000000 0.000000 112.000000 62.000000
2.2500 34.3300 12.1700 0.000000 0.000000 112.000000 62.000000
2.2600 34.4800 12.2400 0.000000 0.000000 112.000000 62.000000
2.2700 34.6000 12.2400 0.000000 0.000000 114.000000 62.000000
2.2800 34.6800 12.2400 0.000000 0.000000 114.000000 62.000000
2.2900 34.7300 12.2400 0.000000 0.000000 114.000000 62.000000
2.3000 34.7300 12.1100 0.000000 0.000000 115.000000 62.000000
2.3100 34.6200 11.9400 0.000000 0.000000 115.000000 62.000000
2.3200 34.5100 11.7800 0.000000 0.000000 115.000000 62.000000
2.3300 34.5100 11.6300 0.000000 0.000000 115.000000 62.000000
2.3400 34.4300 11.5700 0.000000 0.000000 115.000000 62.000000
2.3500 34.4300 11.5700 0.000000 0.000000 115.000000 62.000000
2.3600 34.5300 11.5700 0.000000 0.000000 115.000000 62.000000
2.3700 34.7100 11.5700 0.000000 0.000000 115.000000 62.000000
2.3800 34.9600 11.6300 0.000000 0.000000 115.000000 62.000000
2.3900 35.3100 11.7600 0.000000 0.000000 116.000000 63.000000
2.4000 35.7300 12.0000 0.000000 0.000000 116.000000 63.000000
2.4100 36.2100 12.3100 0.000000 0.000000 116.000000 63.000000
2.4200 36.7400 12.6800 0.000000 0.000000 116.000000 63.000000
2.4300 37.3400 13.2000 0.000000 0.000000 116.000000 63.000000
2.4400 38.0000 13.7200 0.000000 0.000000 116.000000 63.000000
2.4500 38.6800 14.1000 0.000000 0.000000 118.000000 62.000000
2.4600 39.3300 14.3800 0.000000 0.000000 117.000000 61.000000
2.4700 39.8900 14.6100 0.000000 0.000000 117.000000 61.000000
2.4800 40.4100 14.8400 0.000000 0.000000 116.000000 60.000000
2.4900 40.8900 15.0600 0.000000 0.000000 115.000000 60.000000
2.5000 41.3000 15.2700 0.000000 0.000000 116.000000 58.000000
2.5100 41.6600 15.5400 0.000000 0.000000 116.000000 58.000000
2.5200 41.8900 15.8600 0.000000 0.000000 116.000000 57.000000
2.5300 41.8900 15.8600 44.000000 1.000000 116.000000 57.000000
2.5400 41.9700 16.4800 139.000000 0.000000 118.000000 57.000000
2.5500 41.5600 16.7700 254.000000 0.000000 118.000000 57.000000
2.5600 41.0500 16.8400 427.000000 0.000000 119.000000 58.000000
2.5700 40.4400 16.6900 512.000000 0.000000 119.000000 58.000000
2.5800 39.7000 16.4000 564.000000 0.000000 119.000000 58.000000
2.5900 38.7300 15.8500 589.000000 0.000000 119.000000 58.000000
2.6000 37.6000 15.1300 605.000000 0.000000 119.000000 58.000000
2.6100 36.1500 14.2900 617.000000 0.000000 118.000000 59.000000
2.6200 34.8400 13.3000 664.000000 0.000000 118.000000 59.000000
2.6300 33.6300 12.4600 653.000000 0.000000 118.000000 59.000000
2.6400 33.3100 11.7300 610.000000 0.000000 118.000000 60.000000
2.6500 33.4500 11.3000 589.000000 0.000000 118.000000 60.000000
2.6600 33.9000 11.0800 556.000000 0.000000 119.000000 61.000000
2.6700 34.8200 11.0100 518.000000 0.000000 117.000000 61.000000
2.6800 36.1600 11.2800 449.000000 0.000000 118.000000 62.000000
2.6900 37.7800 11.8600 392.000000 0.000000 116.000000 63.000000
2.7000 39.1600 12.6600 373.000000 0.000000 116.000000 63.000000
2.7100 40.1300 13.2800 367.000000 0.000000 114.000000 62.000000
2.7200 40.8300 13.6100 423.000000 0.000000 114.000000 62.000000
2.7300 40.9100 13.7600 514.000000 0.000000 111.000000 61.000000
2.7400 40.6500 13.6800 565.000000 0.000000 110.000000 60.000000
2.7500 40.1600 13.5500 613.000000 0.000000 110.000000 60.000000
2.7600 39.5300 13.3200 620.000000 0.000000 109.000000 60.000000
2.7700 38.7800 12.9800 625.000000 0.000000 109.000000 60.000000
2.7800 37.9400 12.5800 611.000000 0.000000 109.000000 60.000000
2.7900 37.3400 12.3400 602.000000 0.000000 109.000000 60.000000
2.8000 37.0000 12.1000 566.000000 0.000000 109.000000 60.000000
2.8100 36.8200 11.9500 496.000000 0.000000 111.000000 59.000000
2.8200 37.0000 11.8700 468.000000 0.000000 112.000000 60.000000
2.8300 37.4400 11.7800 475.000000 0.000000 112.000000 60.000000
2.8400 38.0400 11.8700 480.000000 0.000000 112.000000 60.000000
2.8500 38.7400 12.0900 488.000000 0.000000 112.000000 60.000000
2.8600 39.4400 12.3500 493.000000 0.000000 111.000000 59.000000
2.8700 40.1600 12.5700 492.000000 0.000000 109.000000 60.000000
2.8800 40.6400 12.7700 504.000000 0.000000 109.000000 60.000000
2.8900 40.9600 12.8300 522.000000 0.000000 109.000000 60.000000
2.9000 41.2100 12.7500 532.000000 0.000000 108.000000 60.000000
2.9100 41.3300 12.5900 541.000000 0.000000 107.000000 59.000000
2.9200 41.3300 12.4700 546.000000 0.000000 107.000000 59.000000
2.9300 41.4600 12.3500 536.000000 0.000000 108.000000 60.000000
2.9400 41.5700 12.2300 540.000000 0.000000 108.000000 60.000000
2.9500 41.8400 12.2300 521.000000 0.000000 108.000000 60.000000
2.9600 42.2100 12.2300 469.000000 0.000000 108.000000 61.000000
2.9700 42.6400 12.2300 256.000000 0.000000 108.000000 61.000000
2.9800 42.6400 12.2300 0.000000 1.000000 108.000000 61.000000
2.9900 43.4800 12.4800 0.000000 0.000000 109.000000 62.000000
3.0000 43.7200 12.5800 0.000000 0.000000 109.000000 62.000000
3.0100 43.8600 12.6700 0.000000 0.000000 109.000000 62.000000
3.0200 43.8100 12.6700 0.000000 0.000000 110.000000 63.000000
3.0300 43.6700 12.6000 0.000000 0.000000 110.000000 63.000000
3.0400 43.4600 12.5000 0.000000 0.000000 112.000000 62.000000
3.0500 43.2200 12.4000 0.000000 0.000000 112.000000 62.000000
3.0600 42.9700 12.4000 0.000000 0.000000 113.000000 61.000000
3.0700 42.7100 12.3500 0.000000 0.000000 114.000000 61.000000
3.0800 42.2900 12.3500 0.000000 0.000000 114.000000 61.000000
3.0900 41.7800 12.4200 0.000000 0.000000 115.000000 60.000000
3.1000 41.2500 12.4900 0.000000 0.000000 115.000000 60.000000
3.1100 40.7400 12.4900 0.000000 0.000000 116.000000 58.000000
3.1200 40.2600 12.4900 0.000000 0.000000 116.000000 58.000000
3.1300 39.8100 12.3800 0.000000 0.000000 116.000000 58.000000
3.1400 39.5300 12.3100 0.000000 0.000000 115.000000 58.000000
3.1500 39.3600 12.2400 0.000000 0.000000 116.000000 57.000000
3.1600 39.2300 12.2900 0.000000 0.000000 116.000000 57.000000
3.1700 39.1200 12.4100 0.000000 0.000000 116.000000 57.000000
3.1800 39.0400 12.6000 0.000000 0.000000 116.000000 57.000000
3.1900 39.0400 12.7900 0.000000 0.000000 116.000000 58.000000
3.2000 39.2000 12.9700 0.000000 0.000000 116.000000 58.000000
3.2100 39.4400 13.0700 0.000000 0.000000 116.000000 58.000000
3.2200 39.7100 13.1200 0.000000 0.000000 116.000000 58.000000
3.2300 40.0700 13.1800 0.000000 0.000000 116.000000 58.000000
3.2400 40.4900 13.2600 0.000000 0.000000 117.000000 59.000000
3.2500 40.9500 13.4300 0.000000 0.000000 115.000000 60.000000
3.2600 41.4300 13.6000 0.000000 0.000000 115.000000 60.000000
3.2700 41.4300 13.6000 67.000000 1.000000 115.000000 60.000000
3.2800 42.0600 14.1000 172.000000 0.000000 115.000000 60.000000
3.2900 42.2100 14.3200 289.000000 0.000000 115.000000 60.000000
3.3000 42.1200 14.5600 369.000000 0.000000 115.000000 60.000000
3.3100 41.8700 14.8400 396.000000 0.000000 115.000000 60.000000
3.3200 41.1400 15.1300 377.000000 0.000000 115.000000 60.000000
3.3300 39.9000 15.4100 412.000000 0.000000 117.000000 59.000000
3.3400 38.3200 15.4800 483.000000 0.000000 117.000000 59.000000
3.3500 36.1700 15.4200 510.000000 0.000000 118.000000 59.000000
3.3600 33.5000 15.0500 550.000000 0.000000 121.000000 59.000000
3.3700 30.4700 14.4300 577.000000 0.000000 121.000000 59.000000
3.3800 27.3300 13.6500 585.000000 0.000000 124.000000 60.000000
3.3900 24.1800 12.7900 599.000000 0.000000 125.000000 59.000000
3.4000 21.0200 11.9200 670.000000 0.000000 128.000000 59.000000
3.4100 18.6700 11.2300 708.000000 0.000000 128.000000 59.000000
3.4200 17.5600 10.6600 696.000000 0.000000 131.000000 60.000000
3.4300 17.2800 10.5700 652.000000 0.000000 132.000000 59.000000
3.4400 17.7600 10.4600 611.000000 0.000000 134.000000 58.000000
3.4500 19.1000 10.3600 589.000000 0.000000 135.000000 58.000000
3.4600 21.0000 10.3000 588.000000 0.000000 136.000000 58.000000
3.4700 23.4600 10.4600 574.000000 0.000000 136.000000 58.000000
3.4800 26.2100 10.7400 577.000000 0.000000 136.000000 58.000000
3.4900 29.1500 11.1600 589.000000 0.000000 135.000000 59.000000
3.5000 32.2800 11.7100 581.000000 0.000000 134.000000 60.000000
3.5100 35.2600 12.3500 567.000000 0.000000 131.000000 61.000000
3.5200 38.1400 12.9200 570.000000 0.000000 127.000000 62.000000
3.5300 40.0900 13.4600 567.000000 0.000000 126.000000 62.000000
3.5400 41.3600 13.8000 553.000000 0.000000 121.000000 63.000000
3.5500 42.1800 14.0100 551.000000 0.000000 119.000000 63.000000
3.5600 41.9800 14.1700 512.000000 0.000000 116.000000 63.000000
3.5700 40.7200 14.3200 519.000000 0.000000 116.000000 63.000000
3.5800 38.7600 14.2500 491.000000 0.000000 115.000000 62.000000
3.5900 36.0000 14.0400 440.000000 0.000000 115.000000 62.000000
3.6000 32.3900 13.7400 281.000000 0.000000 115.000000 62.000000
3.6100 28.2000 13.0500 294.000000 0.000000 117.000000 61.000000
3.6200 23.7700 12.1100 400.000000 0.000000 120.000000 62.000000
3.6300 19.3900 10.6900 519.000000 0.000000 122.000000 61.000000
3.6400 16.2100 9.6000 560.000000 0.000000 127.000000 62.000000
3.6500 13.8100 8.7300 561.000000 0.000000 133.000000 62.000000
3.6600 12.6300 8.1200 536.000000 0.000000 143.000000 62.000000
3.6700 12.6300 7.8400 544.000000 0.000000 148.000000 61.000000
3.6800 13.4800 7.7700 530.000000 0.000000 156.000000 61.000000
3.6900 15.4500 7.7700 535.000000 0.000000 159.000000 59.000000
3.7000 18.6500 8.1000 544.000000 0.000000 162.000000 58.000000
3.7100 22.6600 8.6300 564.000000 0.000000 162.000000 58.000000
3.7200 27.4300 9.3900 551.000000 0.000000 161.000000 59.000000
3.7300 32.4900 10.1600 507.000000 0.000000 157.000000 59.000000
3.7400 37.7500 10.9500 272.000000 0.000000 151.000000 61.000000
