0.0000 88.9700 46.3800 155.000000 1.000000 339.000000 61.000000
0.0100 89.7100 47.7300 282.000000 0.000000 339.000000 61.000000
0.0200 89.9900 48.0200 310.000000 0.000000 339.000000 61.000000
0.0300 90.2000 48.0200 377.000000 0.000000 339.000000 61.000000
0.0400 90.3800 48.1300 502.000000 0.000000 336.000000 62.000000
0.0500 90.4900 48.0400 588.000000 0.000000 336.000000 62.000000
0.0600 90.4900 47.8500 595.000000 0.000000 336.000000 62.000000
0.0700 90.4000 47.2100 606.000000 0.000000 336.000000 62.000000
0.0800 89.9300 46.2500 597.000000 0.000000 336.000000 62.000000
0.0900 89.2000 45.0900 592.000000 0.000000 337.000000 61.000000
0.1000 88.3200 44.0500 564.000000 0.000000 337.000000 61.000000
0.1100 87.4300 43.1500 514.000000 0.000000 337.000000 61.000000
0.1200 86.5100 42.3500 334.000000 0.000000 337.000000 61.000000
0.1300 86.5100 42.3500 0.000000 1.000000 340.000000 60.000000
0.1400 85.3200 42.1500 0.000000 0.000000 340.000000 60.000000
0.1500 85.2000 42.5000 0.000000 0.000000 342.000000 60.000000
0.1600 85.4000 43.0900 0.000000 0.000000 342.000000 60.000000
0.1700 85.8200 43.8600 0.000000 0.000000 342.000000 60.000000
0.1800 86.2900 44.7500 0.000000 0.000000 343.000000 59.000000
0.1900 86.8000 46.0800 0.000000 0.000000 342.000000 60.000000
0.2000 87.3400 47.1700 0.000000 0.000000 342.000000 60.000000
0.2100 87.7700 48.0900 0.000000 0.000000 341.000000 60.000000
0.2200 88.1700 48.7900 0.000000 0.000000 341.000000 60.000000
0.2300 88.5300 49.3300 0.000000 0.000000 339.000000 59.000000
0.2400 88.8900 49.7700 0.000000 0.000000 339.000000 59.000000
0.2500 88.8900 49.7700 622.000000 1.000000 337.000000 60.000000
0.2600 89.6000 50.4300 675.000000 0.000000 337.000000 60.000000
0.2700 89.8800 49.9400 684.000000 0.000000 337.000000 60.000000
0.2800 90.4000 49.8800 727.000000 0.000000 334.000000 60.000000
0.2900 91.0900 49.8800 745.000000 0.000000 334.000000 60.000000
0.3000 91.9200 49.9900 755.000000 0.000000 333.000000 61.000000
0.3100 93.1300 50.2300 755.000000 0.000000 333.000000 61.000000
0.3200 94.5800 50.4400 740.000000 0.000000 332.000000 62.000000
0.3300 96.5300 50.6800 722.000000 0.000000 330.000000 62.000000
0.3400 98.6400 50.6800 719.000000 0.000000 330.000000 62.000000
0.3500 100.8600 50.5200 727.000000 0.000000 328.000000 61.000000
0.3600 102.4400 49.9900 733.000000 0.000000 325.000000 60.000000
0.3700 102.9800 49.1700 727.000000 0.000000 324.000000 60.000000
0.3800 102.8300 48.1700 716.000000 0.000000 322.000000 59.000000
0.3900 102.1800 46.9500 696.000000 0.000000 321.000000 59.000000
0.4000 100.4000 45.5800 687.000000 0.000000 322.000000 58.000000
0.4100 97.8700 44.1200 667.000000 0.000000 320.000000 58.000000
0.4200 94.1500 42.8100 659.000000 0.000000 323.000000 57.000000
0.4300 90.9900 41.8600 673.000000 0.000000 323.000000 57.000000
0.4400 88.1900 41.1600 670.000000 0.000000 326.000000 57.000000
0.4500 86.5100 40.8500 668.000000 0.000000 329.000000 58.000000
0.4600 85.4700 40.8500 669.000000 0.000000 333.000000 58.000000
0.4700 84.8500 40.9400 696.000000 0.000000 334.000000 58.000000
0.4800 84.6300 41.1200 711.000000 0.000000 337.000000 59.000000
0.4900 84.8100 41.3500 759.000000 0.000000 340.000000 58.000000
0.5000 85.2600 41.8100 821.000000 0.000000 341.000000 59.000000
0.5100 86.5600 42.4100 846.000000 0.000000 343.000000 59.000000
0.5200 88.7500 43.2500 881.000000 0.000000 343.000000 59.000000
0.5300 91.5200 44.3400 891.000000 0.000000 343.000000 59.000000
0.5400 95.6100 45.6000 878.000000 0.000000 341.000000 59.000000
0.5500 100.6100 47.0100 852.000000 0.000000 340.000000 58.000000
0.5600 106.2100 48.3100 803.000000 0.000000 336.000000 59.000000
0.5700 111.5100 49.5500 751.000000 0.000000 333.000000 58.000000
0.5800 114.5700 50.4800 644.000000 0.000000 328.000000 57.000000
0.5900 116.1400 51.1000 287.000000 0.000000 323.000000 56.000000
0.6000 116.1400 51.1000 0.000000 1.000000 320.000000 55.000000
0.6100 117.9100 51.5100 0.000000 0.000000 316.000000 55.000000
0.6200 117.5600 51.0200 0.000000 0.000000 314.000000 54.000000
0.6300 116.8200 50.2400 0.000000 0.000000 313.000000 53.000000
0.6400 115.6900 49.5400 0.000000 0.000000 313.000000 53.000000
0.6500 114.3100 48.8500 0.000000 0.000000 313.000000 53.000000
0.6600 112.6900 48.1700 0.000000 0.000000 314.000000 54.000000
0.6700 110.8300 47.4400 0.000000 0.000000 316.000000 54.000000
0.6800 108.8200 47.0500 0.000000 0.000000 319.000000 54.000000
0.6900 107.1200 46.9200 0.000000 0.000000 320.000000 53.000000
0.7000 105.7100 46.7500 0.000000 0.000000 322.000000 52.000000
0.7100 104.4900 46.7500 0.000000 0.000000 324.000000 50.000000
0.7200 103.5400 46.8600 0.000000 0.000000 325.000000 48.000000
0.7300 102.7300 46.8600 0.000000 0.000000 328.000000 47.000000
0.7400 102.0200 46.7500 0.000000 0.000000 329.000000 47.000000
0.7500 101.5100 46.7500 0.000000 0.000000 330.000000 47.000000
0.7600 101.0900 46.6900 0.000000 0.000000 330.000000 48.000000
0.7700 100.7300 46.6900 0.000000 0.000000 331.000000 49.000000
0.7800 100.4400 46.7400 0.000000 0.000000 331.000000 51.000000
0.7900 100.1800 46.8100 0.000000 0.000000 331.000000 53.000000
0.8000 99.9400 46.9100 0.000000 0.000000 330.000000 55.000000
0.8100 99.9400 47.0200 0.000000 0.000000 329.000000 56.000000
0.8200 100.0800 47.1400 0.000000 0.000000 327.000000 58.000000
0.8300 100.2700 47.1400 0.000000 0.000000 327.000000 58.000000
0.8400 100.3800 47.1400 0.000000 0.000000 327.000000 58.000000
0.8500 100.4800 47.2600 0.000000 0.000000 327.000000 56.000000
0.8600 100.6000 47.3800 0.000000 0.000000 327.000000 56.000000
0.8700 100.7300 47.5700 0.000000 0.000000 328.000000 56.000000
0.8800 100.8500 47.7600 0.000000 0.000000 328.000000 56.000000
0.8900 101.0100 47.8900 0.000000 0.000000 328.000000 56.000000
0.9000 101.1300 48.0000 0.000000 0.000000 327.000000 56.000000
0.9100 101.5300 48.1600 0.000000 0.000000 327.000000 56.000000
0.9200 102.1300 48.3300 0.000000 0.000000 324.000000 57.000000
0.9300 102.6700 48.4800 0.000000 0.000000 323.000000 56.000000
0.9400 102.6700 48.4800 218.000000 1.000000 323.000000 56.000000
0.9500 103.4300 48.5500 265.000000 0.000000 321.000000 56.000000
0.9600 103.6000 48.6100 279.000000 0.000000 319.000000 56.000000
0.9700 103.7700 48.7000 339.000000 0.000000 318.000000 55.000000
0.9800 103.7700 48.8100 399.000000 0.000000 318.000000 55.000000
0.9900 103.6300 48.9200 443.000000 0.000000 318.000000 55.000000
1.0000 103.3600 49.0000 469.000000 0.000000 318.000000 55.000000
1.0100 102.8500 48.8800 489.000000 0.000000 318.000000 55.000000
1.0200 102.1700 48.6300 537.000000 0.000000 318.000000 55.000000
1.0300 101.5300 48.2200 562.000000 0.000000 319.000000 56.000000
1.0400 101.0000 47.7200 591.000000 0.000000 319.000000 56.000000
1.0500 100.5300 47.1600 620.000000 0.000000 319.000000 56.000000
1.0600 100.1900 46.4800 622.000000 0.000000 320.000000 56.000000
1.0700 100.1100 46.1400 619.000000 0.000000 321.000000 56.000000
1.0800 100.1900 46.0400 591.000000 0.000000 323.000000 56.000000
1.0900 100.4000 46.1300 567.000000 0.000000 323.000000 56.000000
1.1000 100.9400 46.5000 526.000000 0.000000 324.000000 56.000000
1.1100 101.6900 47.0700 497.000000 0.000000 324.000000 56.000000
1.1200 102.3100 47.8600 473.000000 0.000000 324.000000 56.000000
1.1300 102.8900 48.4200 464.000000 0.000000 324.000000 56.000000
1.1400 103.2300 48.8400 464.000000 0.000000 323.000000 56.000000
1.1500 103.4200 49.0100 486.000000 0.000000 321.000000 56.000000
1.1600 103.4200 49.0100 517.000000 0.000000 321.000000 56.000000
1.1700 103.4200 48.8700 515.000000 0.000000 320.000000 56.000000
1.1800 103.2200 48.6000 517.000000 0.000000 319.000000 56.000000
1.1900 102.8400 48.2600 521.000000 0.000000 319.000000 56.000000
1.2000 102.4700 47.8700 530.000000 0.000000 319.000000 56.000000
1.2100 102.1800 47.5700 535.000000 0.000000 319.000000 56.000000
1.2200 101.9500 47.2800 521.000000 0.000000 319.000000 56.000000
1.2300 101.9000 47.2800 493.000000 0.000000 320.000000 55.000000
1.2400 102.0300 47.4300 465.000000 0.000000 320.000000 55.000000
1.2500 102.2800 47.7800 460.000000 0.000000 320.000000 55.000000
1.2600 102.6800 48.1400 440.000000 0.000000 321.000000 55.000000
1.2700 103.0700 48.5300 431.000000 0.000000 321.000000 55.000000
1.2800 103.4100 48.7300 430.000000 0.000000 320.000000 55.000000
1.2900 103.6600 48.8300 440.000000 0.000000 320.000000 55.000000
1.3000 103.7700 48.8300 461.000000 0.000000 320.000000 55.000000
1.3100 103.7700 48.6700 491.000000 0.000000 319.000000 56.000000
1.3200 103.7700 48.4900 492.000000 0.000000 319.000000 56.000000
1.3300 103.6500 48.2300 515.000000 0.000000 319.000000 56.000000
1.3400 103.5200 48.0100 517.000000 0.000000 319.000000 56.000000
1.3500 103.3900 47.8200 520.000000 0.000000 319.000000 56.000000
1.3600 103.2500 47.7500 510.000000 0.000000 319.000000 56.000000
1.3700 103.1900 47.7500 489.000000 0.000000 320.000000 55.000000
1.3800 103.1900 47.8700 492.000000 0.000000 320.000000 55.000000
1.3900 103.2600 48.0000 492.000000 0.000000 320.000000 55.000000
1.4000 103.5200 48.1900 501.000000 0.000000 320.000000 55.000000
1.4100 103.8900 48.4600 502.000000 0.000000 320.000000 55.000000
1.4200 104.2100 48.7100 504.000000 0.000000 320.000000 55.000000
1.4300 104.4800 48.8400 502.000000 0.000000 320.000000 55.000000
1.4400 104.6000 48.9000 510.000000 0.000000 320.000000 55.000000
1.4500 104.6000 48.8400 513.000000 0.000000 319.000000 56.000000
1.4600 104.6000 48.7800 518.000000 0.000000 319.000000 56.000000
1.4700 104.5500 48.6700 527.000000 0.000000 318.000000 55.000000
1.4800 104.4200 48.5300 527.000000 0.000000 318.000000 55.000000
1.4900 104.2600 48.3600 533.000000 0.000000 318.000000 55.000000
1.5000 104.1200 48.1900 533.000000 0.000000 318.000000 55.000000
1.5100 104.0500 48.0400 530.000000 0.000000 318.000000 55.000000
1.5200 104.0500 47.9100 510.000000 0.000000 319.000000 55.000000
1.5300 104.1000 47.9100 472.000000 0.000000 319.000000 55.000000
1.5400 104.3300 48.0900 460.000000 0.000000 319.000000 55.000000
1.5500 104.6700 48.3700 453.000000 0.000000 319.000000 55.000000
1.5600 105.0900 48.6700 440.000000 0.000000 319.000000 55.000000
1.5700 105.4600 48.8900 442.000000 0.000000 319.000000 55.000000
1.5800 105.6500 49.0500 461.000000 0.000000 319.000000 55.000000
1.5900 105.7200 49.1100 470.000000 0.000000 318.000000 55.000000
1.6000 105.6500 49.0300 473.000000 0.000000 318.000000 55.000000
1.6100 105.3700 48.8500 483.000000 0.000000 318.000000 55.000000
1.6200 104.9500 48.6100 501.000000 0.000000 316.000000 55.000000
1.6300 104.6300 48.3700 518.000000 0.000000 316.000000 55.000000
1.6400 104.4400 48.1400 562.000000 0.000000 316.000000 55.000000
1.6500 104.3400 47.9200 594.000000 0.000000 316.000000 55.000000
1.6600 104.4000 47.8100 599.000000 0.000000 318.000000 55.000000
1.6700 104.6900 47.7500 609.000000 0.000000 318.000000 55.000000
1.6800 105.1200 47.7500 605.000000 0.000000 319.000000 55.000000
1.6900 105.8100 48.0800 595.000000 0.000000 319.000000 55.000000
1.7000 106.8100 48.5500 570.000000 0.000000 319.000000 55.000000
1.7100 108.0200 49.1900 535.000000 0.000000 317.000000 54.000000
1.7200 109.5500 50.0500 499.000000 0.000000 317.000000 54.000000
1.7300 111.1500 51.0500 510.000000 0.000000 316.000000 54.000000
1.7400 112.8000 52.2800 510.000000 0.000000 316.000000 54.000000
1.7500 113.2100 52.9500 507.000000 0.000000 315.000000 53.000000
1.7600 113.1500 53.2400 538.000000 0.000000 314.000000 52.000000
1.7700 112.7800 53.1500 539.000000 0.000000 314.000000 52.000000
1.7800 111.6400 52.5500 551.000000 0.000000 314.000000 52.000000
1.7900 110.1400 51.6000 561.000000 0.000000 313.000000 52.000000
1.8000 108.4000 50.6300 591.000000 0.000000 314.000000 52.000000
1.8100 106.8400 49.6600 600.000000 0.000000 314.000000 52.000000
1.8200 105.5700 48.7100 620.000000 0.000000 314.000000 52.000000
1.8300 104.4900 47.8300 616.000000 0.000000 315.000000 53.000000
1.8400 103.7900 47.1600 592.000000 0.000000 316.000000 54.000000
1.8500 103.4200 46.6100 546.000000 0.000000 317.000000 54.000000
1.8600 103.2800 46.4300 388.000000 0.000000 319.000000 55.000000
1.8700 103.4300 46.4900 153.000000 0.000000 319.000000 55.000000
1.8800 103.4300 46.4900 0.000000 1.000000 320.000000 55.000000
1.8900 105.0700 47.1100 0.000000 0.000000 321.000000 55.000000
1.9000 106.0500 47.6300 0.000000 0.000000 321.000000 55.000000
1.9100 107.1600 48.2500 0.000000 0.000000 321.000000 55.000000
1.9200 108.3600 48.9700 0.000000 0.000000 320.000000 54.000000
1.9300 109.5500 49.7400 0.000000 0.000000 320.000000 54.000000
1.9400 110.7800 50.7200 0.000000 0.000000 320.000000 54.000000
1.9500 112.0300 51.8300 0.000000 0.000000 319.000000 55.000000
1.9600 112.0300 51.8300 280.000000 1.000000 317.000000 54.000000
1.9700 114.5000 54.1900 379.000000 0.000000 316.000000 54.000000
1.9800 115.8300 55.0300 409.000000 0.000000 315.000000 53.000000
1.9900 117.2100 55.7500 486.000000 0.000000 314.000000 52.000000
2.0000 118.4200 56.4100 504.000000 0.000000 313.000000 52.000000
2.0100 119.0700 56.7500 544.000000 0.000000 312.000000 51.000000
2.0200 119.4100 56.8800 548.000000 0.000000 309.000000 51.000000
2.0300 119.3500 56.7800 561.000000 0.000000 308.000000 50.000000
2.0400 118.5500 56.3600 561.000000 0.000000 308.000000 50.000000
2.0500 117.2500 55.7300 565.000000 0.000000 307.000000 50.000000
2.0600 115.2200 54.8100 564.000000 0.000000 307.000000 50.000000
2.0700 113.4900 53.8900 580.000000 0.000000 308.000000 50.000000
2.0800 111.9700 52.9700 586.000000 0.000000 308.000000 50.000000
2.0900 110.4000 51.9300 640.000000 0.000000 309.000000 51.000000
2.1000 109.1900 50.8300 659.000000 0.000000 309.000000 51.000000
2.1100 108.2200 49.9100 676.000000 0.000000 312.000000 51.000000
2.1200 107.5500 49.2000 676.000000 0.000000 313.000000 52.000000
2.1300 107.1500 48.6400 676.000000 0.000000 314.000000 52.000000
2.1400 106.9200 48.4100 664.000000 0.000000 315.000000 53.000000
2.1500 106.9800 48.4100 645.000000 0.000000 316.000000 54.000000
2.1600 107.5200 48.5500 591.000000 0.000000 316.000000 54.000000
2.1700 108.3900 48.8800 543.000000 0.000000 316.000000 54.000000
2.1800 109.5900 49.4500 493.000000 0.000000 316.000000 54.000000
2.1900 111.0000 50.1700 446.000000 0.000000 315.000000 53.000000
2.2000 112.5500 50.9800 415.000000 0.000000 315.000000 53.000000
2.2100 113.2300 51.6900 389.000000 0.000000 315.000000 53.000000
2.2200 113.5200 52.0200 396.000000 0.000000 314.000000 52.000000
2.2300 113.5200 52.1400 425.000000 0.000000 313.000000 52.000000
2.2400 113.4400 52.0500 458.000000 0.000000 313.000000 52.000000
2.2500 113.0800 51.8100 475.000000 0.000000 312.000000 51.000000
2.2600 112.5600 51.4700 491.000000 0.000000 312.000000 51.000000
2.2700 111.9600 51.0800 507.000000 0.000000 312.000000 51.000000
2.2800 111.5700 50.7600 514.000000 0.000000 312.000000 51.000000
2.2900 111.3300 50.5400 522.000000 0.000000 312.000000 51.000000
2.3000 111.2600 50.3600 533.000000 0.000000 313.000000 52.000000
2.3100 111.3100 50.2400 537.000000 0.000000 314.000000 52.000000
2.3200 111.4300 50.1600 537.000000 0.000000 313.000000 53.000000
2.3300 111.8200 50.1600 522.000000 0.000000 314.000000 54.000000
2.3400 112.3600 50.1600 507.000000 0.000000 314.000000 54.000000
2.3500 113.0000 50.4700 491.000000 0.000000 314.000000 54.000000
2.3600 113.5900 50.8900 477.000000 0.000000 313.000000 53.000000
2.3700 113.9800 51.3800 468.000000 0.000000 313.000000 53.000000
2.3800 114.2400 51.8200 468.000000 0.000000 311.000000 52.000000
2.3900 114.2400 52.0300 477.000000 0.000000 310.000000 52.000000
2.4000 114.1300 52.1100 496.000000 0.000000 309.000000 51.000000
2.4100 113.8600 52.0100 496.000000 0.000000 309.000000 50.000000
2.4200 113.4700 51.7600 507.000000 0.000000 309.000000 50.000000
2.4300 113.1000 51.4000 522.000000 0.000000 309.000000 50.000000
2.4400 112.6500 50.9900 545.000000 0.000000 309.000000 50.000000
2.4500 112.1500 50.5400 564.000000 0.000000 309.000000 50.000000
2.4600 111.7400 50.0700 560.000000 0.000000 310.000000 51.000000
2.4700 111.4400 49.6000 577.000000 0.000000 310.000000 52.000000
2.4800 111.2000 49.3300 575.000000 0.000000 311.000000 52.000000
2.4900 111.1500 49.1900 560.000000 0.000000 313.000000 53.000000
2.5000 111.2400 49.1900 561.000000 0.000000 313.000000 53.000000
2.5100 111.4100 49.4400 543.000000 0.000000 314.000000 54.000000
2.5200 111.9400 49.7900 522.000000 0.000000 314.000000 54.000000
2.5300 112.4300 50.1800 507.000000 0.000000 314.000000 54.000000
2.5400 112.8600 50.5400 499.000000 0.000000 314.000000 54.000000
2.5500 113.1300 50.6900 494.000000 0.000000 313.000000 53.000000
2.5600 113.2900 50.6900 522.000000 0.000000 311.000000 52.000000
2.5700 113.2900 50.6900 526.000000 0.000000 311.000000 52.000000
2.5800 113.3400 50.6000 537.000000 0.000000 310.000000 52.000000
2.5900 113.3400 50.4800 543.000000 0.000000 309.000000 51.000000
2.6000 113.2700 50.3600 536.000000 0.000000 309.000000 51.000000
2.6100 113.1900 50.2600 546.000000 0.000000 309.000000 51.000000
2.6200 113.0800 50.1100 537.000000 0.000000 308.000000 50.000000
2.6300 112.9400 49.9200 537.000000 0.000000 308.000000 50.000000
2.6400 112.8300 49.8500 536.000000 0.000000 308.000000 50.000000
2.6500 112.8300 49.8500 540.000000 0.000000 308.000000 52.000000
2.6600 112.8300 49.8500 538.000000 0.000000 308.000000 52.000000
2.6700 113.0100 50.0200 535.000000 0.000000 308.000000 52.000000
2.6800 113.3100 50.3200 522.000000 0.000000 308.000000 52.000000
2.6900 113.6800 50.6700 520.000000 0.000000 308.000000 52.000000
2.7000 114.1900 51.0300 510.000000 0.000000 309.000000 51.000000
2.7100 114.6700 51.2900 504.000000 0.000000 308.000000 50.000000
2.7200 114.9500 51.4900 509.000000 0.000000 308.000000 50.000000
2.7300 115.1000 51.5400 514.000000 0.000000 308.000000 50.000000
2.7400 115.1600 51.5400 512.000000 0.000000 308.000000 50.000000
2.7500 115.1600 51.4100 526.000000 0.000000 308.000000 49.000000
2.7600 115.0500 51.1600 544.000000 0.000000 308.000000 49.000000
2.7700 114.9000 50.9100 536.000000 0.000000 308.000000 49.000000
2.7800 114.7400 50.7000 556.000000 0.000000 308.000000 49.000000
2.7900 114.6600 50.5100 556.000000 0.000000 307.000000 49.000000
2.8000 114.6600 50.5100 540.000000 0.000000 307.000000 49.000000
2.8100 114.6600 50.5800 519.000000 0.000000 307.000000 49.000000
2.8200 114.8600 50.7600 519.000000 0.000000 307.000000 49.000000
2.8300 115.0900 51.0800 510.000000 0.000000 307.000000 49.000000
2.8400 115.4500 51.4900 509.000000 0.000000 307.000000 49.000000
2.8500 115.8600 51.7900 509.000000 0.000000 307.000000 49.000000
2.8600 116.3100 51.9600 520.000000 0.000000 307.000000 49.000000
2.8700 116.5200 52.0400 529.000000 0.000000 307.000000 49.000000
2.8800 116.6900 52.0400 529.000000 0.000000 307.000000 49.000000
2.8900 116.7900 51.9400 529.000000 0.000000 307.000000 49.000000
2.9000 116.8600 51.8400 532.000000 0.000000 307.000000 49.000000
2.9100 116.9100 51.7500 537.000000 0.000000 307.000000 49.000000
2.9200 116.9100 51.7000 541.000000 0.000000 307.000000 49.000000
2.9300 116.9900 51.7000 543.000000 0.000000 307.000000 49.000000
2.9400 116.9900 51.7000 561.000000 0.000000 307.000000 49.000000
2.9500 117.1800 51.7600 564.000000 0.000000 307.000000 49.000000
2.9600 117.4000 51.8400 578.000000 0.000000 307.000000 49.000000
2.9700 117.7400 51.9400 603.000000 0.000000 307.000000 49.000000
2.9800 118.1000 52.0700 622.000000 0.000000 308.000000 48.000000
2.9900 118.4700 52.2100 644.000000 0.000000 309.000000 49.000000
3.0000 118.7400 52.3300 646.000000 0.000000 309.000000 49.000000
3.0100 119.0500 52.4400 649.000000 0.000000 309.000000 49.000000
3.0200 119.4400 52.5400 652.000000 0.000000 309.000000 49.000000
3.0300 119.7900 52.6400 662.000000 0.000000 309.000000 49.000000
3.0400 119.8500 52.6400 670.000000 0.000000 310.000000 50.000000
3.0500 119.7000 52.5900 691.000000 0.000000 310.000000 50.000000
3.0600 118.6500 52.1600 688.000000 0.000000 310.000000 50.000000
3.0700 115.9200 50.9400 662.000000 0.000000 310.000000 50.000000
3.0800 112.0600 49.1900 637.000000 0.000000 312.000000 50.000000
3.0900 107.9800 47.3600 641.000000 0.000000 312.000000 50.000000
3.1000 104.6000 45.9200 638.000000 0.000000 313.000000 51.000000
3.1100 101.6900 44.7400 641.000000 0.000000 316.000000 51.000000
3.1200 99.8700 44.4100 627.000000 0.000000 319.000000 52.000000
3.1300 98.9300 44.5500 611.000000 0.000000 320.000000 53.000000
3.1400 98.5800 45.0100 613.000000 0.000000 323.000000 53.000000
3.1500 98.6500 45.5000 614.000000 0.000000 326.000000 54.000000
3.1600 99.4600 46.0400 638.000000 0.000000 327.000000 55.000000
3.1700 100.7600 46.8000 631.000000 0.000000 330.000000 54.000000
3.1800 102.8100 47.6800 625.000000 0.000000 330.000000 54.000000
3.1900 105.5100 48.4800 578.000000 0.000000 329.000000 55.000000
3.2000 108.6400 49.2600 556.000000 0.000000 329.000000 55.000000
3.2100 111.8900 50.0400 605.000000 0.000000 326.000000 55.000000
3.2200 113.0800 50.3500 624.000000 0.000000 324.000000 54.000000
3.2300 112.9000 50.0400 620.000000 0.000000 321.000000 55.000000
3.2400 110.9400 49.3300 620.000000 0.000000 320.000000 54.000000
3.2500 107.3000 48.2100 614.000000 0.000000 317.000000 54.000000
3.2600 102.5500 46.9400 610.000000 0.000000 317.000000 54.000000
3.2700 98.0500 45.5700 650.000000 0.000000 317.000000 54.000000
3.2800 94.8900 44.3800 693.000000 0.000000 321.000000 55.000000
3.2900 92.6100 43.6500 684.000000 0.000000 323.000000 55.000000
3.3000 91.4600 43.2200 630.000000 0.000000 328.000000 56.000000
3.3100 90.9900 43.4000 591.000000 0.000000 332.000000 56.000000
3.3200 90.9900 43.8900 586.000000 0.000000 334.000000 56.000000
3.3300 92.0400 44.5900 597.000000 0.000000 338.000000 56.000000
3.3400 94.0100 45.4100 613.000000 0.000000 340.000000 56.000000
3.3500 96.5900 46.2400 616.000000 0.000000 341.000000 57.000000
3.3600 100.0500 47.1000 628.000000 0.000000 341.000000 57.000000
3.3700 104.4900 47.9600 597.000000 0.000000 340.000000 56.000000
3.3800 109.5900 48.9000 563.000000 0.000000 336.000000 57.000000
3.3900 114.4700 49.9100 414.000000 0.000000 333.000000 56.000000
