0.0000 16.1500 48.3800 143.000000 1.000000 116.000000 56.000000
0.0100 16.1500 48.3800 237.000000 0.000000 113.000000 56.000000
0.0200 16.1500 48.3800 310.000000 0.000000 112.000000 54.000000
0.0300 16.1500 48.3800 418.000000 0.000000 111.000000 53.000000
0.0400 16.3200 48.0000 485.000000 0.000000 111.000000 53.000000
0.0500 16.3200 47.7000 541.000000 0.000000 112.000000 53.000000
0.0600 16.3200 47.3300 562.000000 0.000000 112.000000 53.000000
0.0700 16.3200 46.9200 564.000000 0.000000 112.000000 53.000000
0.0800 16.2100 46.5200 540.000000 0.000000 112.000000 53.000000
0.0900 16.1300 46.3100 468.000000 0.000000 112.000000 53.000000
0.1000 16.0800 46.2200 338.000000 0.000000 112.000000 54.000000
0.1100 16.0800 46.2200 95.000000 0.000000 112.000000 54.000000
0.1200 16.0800 46.2200 0.000000 1.000000 112.000000 54.000000
0.1300 15.9300 46.7600 0.000000 0.000000 112.000000 55.000000
0.1400 15.6900 47.2800 0.000000 0.000000 112.000000 55.000000
0.1500 15.4300 47.8100 0.000000 0.000000 113.000000 56.000000
0.1600 15.1000 48.3500 0.000000 0.000000 113.000000 56.000000
0.1700 14.7200 48.7500 0.000000 0.000000 116.000000 56.000000
0.1800 14.3300 48.9800 0.000000 0.000000 116.000000 56.000000
0.1900 13.9700 49.1100 0.000000 0.000000 117.000000 56.000000
0.2000 13.9700 49.1100 8.000000 0.000000 117.000000 56.000000
0.2100 13.3400 48.9900 75.000000 1.000000 117.000000 56.000000
0.2200 13.0900 49.0800 167.000000 0.000000 118.000000 56.000000
0.2300 12.9000 49.1800 253.000000 0.000000 118.000000 56.000000
0.2400 12.8100 49.2800 269.000000 0.000000 117.000000 55.000000
0.2500 12.8100 49.3800 282.000000 0.000000 117.000000 55.000000
0.2600 12.9500 49.4800 285.000000 0.000000 118.000000 54.000000
0.2700 13.2100 49.6100 281.000000 0.000000 118.000000 54.000000
0.2800 13.7400 49.7500 307.000000 0.000000 117.000000 53.000000
0.2900 14.5200 49.9500 368.000000 0.000000 118.000000 54.000000
0.3000 15.4600 50.2000 397.000000 0.000000 118.000000 54.000000
0.3100 16.6800 50.4800 420.000000 0.000000 118.000000 54.000000
0.3200 18.0700 50.7700 440.000000 0.000000 118.000000 54.000000
0.3300 19.5700 51.0300 448.000000 0.000000 119.000000 53.000000
0.3400 21.2100 51.2300 449.000000 0.000000 120.000000 54.000000
0.3500 22.7200 51.2300 420.000000 0.000000 120.000000 54.000000
0.3600 23.9300 51.0800 414.000000 0.000000 122.000000 54.000000
0.3700 24.9900 50.7500 412.000000 0.000000 122.000000 54.000000
0.3800 25.9200 50.4000 389.000000 0.000000 122.000000 54.000000
0.3900 26.6000 50.0300 381.000000 0.000000 122.000000 54.000000
0.4000 27.1100 49.5900 377.000000 0.000000 122.000000 54.000000
0.4100 27.1900 49.0700 386.000000 0.000000 122.000000 54.000000
0.4200 26.8200 48.4900 398.000000 0.000000 122.000000 54.000000
0.4300 26.1500 47.8100 412.000000 0.000000 120.000000 54.000000
0.4400 24.9300 47.0600 410.000000 0.000000 119.000000 54.000000
0.4500 23.1700 46.1600 373.000000 0.000000 119.000000 54.000000
0.4600 21.0500 45.0300 349.000000 0.000000 117.000000 55.000000
0.4700 18.3800 43.7400 369.000000 0.000000 116.000000 55.000000
0.4800 15.7600 42.4200 379.000000 0.000000 117.000000 56.000000
0.4900 13.1600 41.3200 477.000000 0.000000 116.000000 56.000000
0.5000 10.6700 40.3700 529.000000 0.000000 116.000000 56.000000
0.5100 8.8000 39.9700 538.000000 0.000000 116.000000 56.000000
0.5200 7.3500 39.9000 541.000000 0.000000 117.000000 56.000000
0.5300 7.1000 40.0400 526.000000 0.000000 117.000000 56.000000
0.5400 7.7100 40.4800 512.000000 0.000000 117.000000 56.000000
0.5500 8.8800 41.1900 515.000000 0.000000 117.000000 56.000000
0.5600 11.1000 42.0700 512.000000 0.000000 117.000000 55.000000
0.5700 13.6800 43.3000 518.000000 0.000000 118.000000 56.000000
0.5800 16.4900 44.7500 529.000000 0.000000 117.000000 56.000000
0.5900 20.1000 46.3500 548.000000 0.000000 117.000000 56.000000
0.6000 24.0900 47.8900 566.000000 0.000000 117.000000 56.000000
0.6100 28.3400 49.3600 595.000000 0.000000 118.000000 57.000000
0.6200 31.9300 50.2300 591.000000 0.000000 119.000000 56.000000
0.6300 35.0700 50.7300 563.000000 0.000000 119.000000 56.000000
0.6400 37.9200 50.9300 541.000000 0.000000 122.000000 57.000000
0.6500 39.7200 51.0800 415.000000 0.000000 123.000000 56.000000
0.6600 41.1900 51.2100 284.000000 0.000000 126.000000 57.000000
0.6700 42.4500 51.3600 53.000000 0.000000 126.000000 57.000000
0.6800 42.4500 51.3600 0.000000 1.000000 127.000000 56.000000
0.6900 44.0400 52.0200 0.000000 0.000000 127.000000 56.000000
0.7000 44.4200 52.4500 0.000000 0.000000 129.000000 56.000000
0.7100 44.3200 52.7300 0.000000 0.000000 129.000000 56.000000
0.7200 43.8400 52.8500 0.000000 0.000000 129.000000 56.000000
0.7300 43.1100 52.8500 0.000000 0.000000 129.000000 56.000000
0.7400 42.1400 52.7900 0.000000 0.000000 127.000000 55.000000
0.7500 41.2300 52.6200 0.000000 0.000000 127.000000 55.000000
0.7600 40.3700 52.3800 0.000000 0.000000 128.000000 54.000000
0.7700 39.2200 52.6700 0.000000 0.000000 125.000000 53.000000
0.7800 38.5300 52.5600 0.000000 0.000000 123.000000 51.000000
0.7900 38.1400 52.1800 0.000000 0.000000 122.000000 50.000000
0.8000 37.5100 51.7600 0.000000 0.000000 121.000000 49.000000
0.8100 36.6600 51.1100 0.000000 0.000000 118.000000 48.000000
0.8200 35.6600 50.3200 0.000000 0.000000 117.000000 47.000000
0.8300 34.4700 49.3700 0.000000 0.000000 116.000000 47.000000
0.8400 32.8600 48.1700 0.000000 0.000000 114.000000 46.000000
0.8500 30.9800 46.8000 0.000000 0.000000 113.000000 47.000000
0.8600 28.7500 45.7100 0.000000 0.000000 112.000000 46.000000
0.8700 27.0600 44.9200 0.000000 0.000000 113.000000 46.000000
0.8800 25.7200 44.3200 0.000000 0.000000 113.000000 46.000000
0.8900 25.0600 44.4100 0.000000 0.000000 114.000000 46.000000
0.9000 24.8500 44.4700 0.000000 0.000000 115.000000 47.000000
0.9100 24.9300 44.4700 0.000000 0.000000 117.000000 48.000000
0.9200 24.4800 44.5700 0.000000 0.000000 117.000000 49.000000
0.9300 24.2300 44.6600 0.000000 0.000000 118.000000 49.000000
0.9400 24.1200 44.7700 0.000000 0.000000 119.000000 51.000000
0.9500 24.2000 45.1000 0.000000 0.000000 120.000000 54.000000
0.9600 24.5800 45.6300 0.000000 0.000000 121.000000 56.000000
0.9700 25.1700 46.2900 0.000000 0.000000 122.000000 57.000000
0.9800 25.7700 46.8700 0.000000 0.000000 120.000000 57.000000
0.9900 26.1600 47.2100 0.000000 0.000000 120.000000 57.000000
1.0000 26.4200 47.3900 0.000000 0.000000 119.000000 56.000000
1.0100 26.5300 47.5200 0.000000 0.000000 117.000000 56.000000
1.0200 26.5300 47.6700 0.000000 0.000000 116.000000 55.000000
1.0300 26.5300 47.8800 0.000000 0.000000 116.000000 55.000000
1.0400 26.7300 48.1200 0.000000 0.000000 115.000000 54.000000
1.0500 26.9500 48.5000 0.000000 0.000000 114.000000 55.000000
1.0600 27.2200 48.8400 0.000000 0.000000 114.000000 55.000000
1.0700 27.4900 49.1500 0.000000 0.000000 113.000000 54.000000
1.0800 27.7800 49.3500 0.000000 0.000000 113.000000 54.000000
1.0900 27.9800 49.5100 0.000000 0.000000 114.000000 55.000000
1.1000 28.1100 49.6200 0.000000 0.000000 114.000000 55.000000
1.1100 28.2100 49.7300 0.000000 0.000000 114.000000 55.000000
1.1200 28.3000 49.8400 0.000000 0.000000 115.000000 54.000000
1.1300 28.3900 49.9800 0.000000 0.000000 115.000000 54.000000
1.1400 28.5600 50.1500 0.000000 0.000000 115.000000 54.000000
1.1500 28.7100 50.3300 0.000000 0.000000 117.000000 54.000000
1.1600 28.8500 50.4000 0.000000 0.000000 117.000000 55.000000
1.1700 28.9400 50.4000 0.000000 0.000000 117.000000 55.000000
1.1800 28.9400 50.4000 0.000000 0.000000 119.000000 54.000000
1.1900 29.0000 50.3100 0.000000 0.000000 119.000000 54.000000
1.2000 29.0000 50.1700 0.000000 0.000000 120.000000 55.000000
1.2100 29.0900 50.2400 0.000000 0.000000 121.000000 55.000000
1.2200 29.1800 50.4600 0.000000 0.000000 121.000000 55.000000
1.2300 29.2900 50.5400 0.000000 0.000000 121.000000 55.000000
1.2400 29.2900 50.5400 56.000000 1.000000 121.000000 55.000000
1.2500 29.2900 50.5400 149.000000 0.000000 121.000000 55.000000
1.2600 29.2900 50.5400 237.000000 0.000000 121.000000 55.000000
1.2700 29.3500 50.8200 327.000000 0.000000 120.000000 54.000000
1.2800 29.3500 50.9100 398.000000 0.000000 120.000000 54.000000
1.2900 29.2700 50.9800 443.000000 0.000000 120.000000 54.000000
1.3000 29.1900 51.0600 515.000000 0.000000 119.000000 53.000000
1.3100 29.0900 51.1300 565.000000 0.000000 119.000000 53.000000
1.3200 28.8800 51.1300 595.000000 0.000000 119.000000 53.000000
1.3300 28.5600 51.0000 619.000000 0.000000 121.000000 53.000000
1.3400 28.1700 50.6800 655.000000 0.000000 121.000000 53.000000
1.3500 27.7100 50.2300 675.000000 0.000000 121.000000 53.000000
1.3600 27.1900 49.6900 696.000000 0.000000 121.000000 53.000000
1.3700 26.6200 49.1100 699.000000 0.000000 118.000000 53.000000
1.3800 26.2700 48.5900 694.000000 0.000000 119.000000 53.000000
1.3900 26.1400 48.1200 664.000000 0.000000 119.000000 53.000000
1.4000 26.1400 47.8500 641.000000 0.000000 118.000000 54.000000
1.4100 26.4200 47.7700 639.000000 0.000000 118.000000 54.000000
1.4200 26.8800 47.8200 625.000000 0.000000 117.000000 54.000000
1.4300 27.4600 48.2300 611.000000 0.000000 117.000000 54.000000
1.4400 28.0200 48.8600 592.000000 0.000000 117.000000 54.000000
1.4500 28.5800 49.6400 561.000000 0.000000 117.000000 54.000000
1.4600 29.0100 50.2000 546.000000 0.000000 117.000000 54.000000
1.4700 29.3600 50.7200 556.000000 0.000000 117.000000 54.000000
1.4800 29.5000 50.9700 567.000000 0.000000 117.000000 54.000000
1.4900 29.5000 50.9700 608.000000 0.000000 118.000000 54.000000
1.5000 29.5000 50.9700 617.000000 0.000000 118.000000 54.000000
1.5100 29.5000 50.9700 647.000000 0.000000 119.000000 53.000000
1.5200 29.1100 50.5700 649.000000 0.000000 119.000000 53.000000
1.5300 28.7800 50.1500 668.000000 0.000000 119.000000 53.000000
1.5400 28.5100 49.6000 670.000000 0.000000 119.000000 53.000000
1.5500 28.2800 49.1900 664.000000 0.000000 119.000000 53.000000
1.5600 28.2800 48.8800 636.000000 0.000000 119.000000 53.000000
1.5700 28.2800 48.7100 617.000000 0.000000 118.000000 54.000000
1.5800 28.4000 48.6600 611.000000 0.000000 118.000000 54.000000
1.5900 28.6600 48.6600 602.000000 0.000000 118.000000 54.000000
1.6000 29.0300 48.9700 594.000000 0.000000 118.000000 54.000000
1.6100 29.4100 49.4000 591.000000 0.000000 118.000000 54.000000
1.6200 29.7700 49.9300 595.000000 0.000000 118.000000 54.000000
1.6300 30.0700 50.2900 586.000000 0.000000 118.000000 54.000000
1.6400 30.3300 50.6100 597.000000 0.000000 118.000000 54.000000
1.6500 30.4000 50.7300 613.000000 0.000000 118.000000 54.000000
1.6600 30.4000 50.7300 620.000000 0.000000 118.000000 54.000000
1.6700 30.4000 50.6500 620.000000 0.000000 118.000000 54.000000
1.6800 30.2800 50.4600 619.000000 0.000000 120.000000 54.000000
1.6900 30.1900 50.1900 619.000000 0.000000 120.000000 54.000000
1.7000 30.1400 49.8800 616.000000 0.000000 120.000000 54.000000
1.7100 30.1400 49.6300 620.000000 0.000000 122.000000 54.000000
1.7200 30.2300 49.5100 595.000000 0.000000 122.000000 54.000000
1.7300 30.3800 49.5100 586.000000 0.000000 122.000000 54.000000
1.7400 30.6000 49.5100 600.000000 0.000000 122.000000 54.000000
1.7500 30.8900 49.6700 605.000000 0.000000 122.000000 54.000000
1.7600 31.2600 49.9600 606.000000 0.000000 122.000000 54.000000
1.7700 31.6600 50.2600 606.000000 0.000000 122.000000 54.000000
1.7800 31.9300 50.5100 597.000000 0.000000 122.000000 54.000000
1.7900 32.1100 50.6700 588.000000 0.000000 123.000000 55.000000
1.8000 32.2700 50.7600 577.000000 0.000000 123.000000 55.000000
1.8100 32.3800 50.7600 570.000000 0.000000 123.000000 55.000000
1.8200 32.4500 50.8100 561.000000 0.000000 123.000000 55.000000
1.8300 32.5000 50.8100 562.000000 0.000000 123.000000 55.000000
1.8400 32.5500 50.7100 565.000000 0.000000 123.000000 55.000000
1.8500 32.5500 50.7100 568.000000 0.000000 124.000000 54.000000
1.8600 32.5500 50.7100 570.000000 0.000000 124.000000 54.000000
1.8700 32.8500 50.5500 562.000000 0.000000 124.000000 54.000000
1.8800 33.1200 50.5500 536.000000 0.000000 124.000000 54.000000
1.8900 33.4500 50.6100 522.000000 0.000000 124.000000 54.000000
1.9000 33.7800 50.6900 481.000000 0.000000 123.000000 55.000000
1.9100 34.0700 50.7900 466.000000 0.000000 123.000000 55.000000
1.9200 34.3400 50.8700 440.000000 0.000000 123.000000 55.000000
1.9300 34.4800 50.9500 417.000000 0.000000 123.000000 55.000000
1.9400 34.5900 51.0400 394.000000 0.000000 123.000000 55.000000
1.9500 34.6900 51.1100 369.000000 0.000000 123.000000 55.000000
1.9600 34.6900 51.1700 354.000000 0.000000 123.000000 55.000000
1.9700 34.6900 51.1700 304.000000 0.000000 124.000000 55.000000
1.9800 34.6900 51.1700 250.000000 0.000000 124.000000 55.000000
1.9900 34.6300 51.1100 191.000000 0.000000 124.000000 55.000000
2.0000 34.5400 50.9900 1.000000 1.000000 124.000000 55.000000
2.0100 34.5400 50.9900 0.000000 0.000000 124.000000 55.000000
2.0200 34.4600 50.8900 0.000000 0.000000 124.000000 55.000000
2.0300 34.4100 50.8400 0.000000 0.000000 124.000000 55.000000
2.0400 34.4100 50.8400 0.000000 0.000000 124.000000 55.000000
2.0500 34.6400 50.9900 0.000000 0.000000 124.000000 55.000000
2.0600 34.9500 51.1500 0.000000 0.000000 123.000000 55.000000
2.0700 35.2900 51.3300 0.000000 0.000000 123.000000 55.000000
2.0800 35.6400 51.5000 0.000000 0.000000 123.000000 55.000000
2.0900 35.9100 51.6500 0.000000 0.000000 123.000000 55.000000
2.1000 36.1200 51.7700 0.000000 0.000000 124.000000 55.000000
2.1100 36.2000 51.7700 0.000000 0.000000 124.000000 55.000000
2.1200 36.1200 51.7700 0.000000 0.000000 124.000000 55.000000
2.1300 35.9400 51.5900 0.000000 0.000000 125.000000 56.000000
2.1400 35.6900 51.3700 0.000000 0.000000 125.000000 56.000000
2.1500 35.3400 51.0600 0.000000 0.000000 125.000000 56.000000
2.1600 34.9300 50.7000 0.000000 0.000000 125.000000 56.000000
2.1700 34.9300 50.7000 285.000000 1.000000 125.000000 56.000000
2.1800 34.0800 50.0400 376.000000 0.000000 125.000000 56.000000
2.1900 33.8400 49.9200 422.000000 0.000000 124.000000 55.000000
2.2000 33.7200 49.8100 442.000000 0.000000 124.000000 55.000000
2.2100 33.8200 49.8100 466.000000 0.000000 124.000000 55.000000
2.2200 33.9700 49.8100 475.000000 0.000000 124.000000 55.000000
2.2300 34.4500 49.9200 499.000000 0.000000 124.000000 55.000000
2.2400 35.1200 50.2400 533.000000 0.000000 124.000000 55.000000
2.2500 36.0200 50.7000 546.000000 0.000000 125.000000 55.000000
2.2600 36.9300 51.2400 564.000000 0.000000 125.000000 55.000000
2.2700 37.8300 51.9000 554.000000 0.000000 125.000000 55.000000
2.2800 38.6700 52.6400 524.000000 0.000000 125.000000 55.000000
2.2900 39.4700 53.3200 493.000000 0.000000 124.000000 54.000000
2.3000 40.0600 53.9500 452.000000 0.000000 124.000000 54.000000
2.3100 40.3400 54.3100 415.000000 0.000000 124.000000 54.000000
2.3200 40.4000 54.5000 394.000000 0.000000 123.000000 53.000000
2.3300 40.0600 54.5000 405.000000 0.000000 122.000000 54.000000
2.3400 39.4400 54.5000 446.000000 0.000000 122.000000 54.000000
2.3500 38.6300 54.2800 463.000000 0.000000 121.000000 53.000000
2.3600 37.4800 53.9300 465.000000 0.000000 121.000000 53.000000
2.3700 35.8500 53.3600 474.000000 0.000000 121.000000 53.000000
2.3800 33.9000 52.5500 448.000000 0.000000 121.000000 53.000000
2.3900 31.7800 51.5900 447.000000 0.000000 121.000000 53.000000
2.4000 29.6900 50.4200 529.000000 0.000000 121.000000 53.000000
2.4100 27.6100 49.2200 589.000000 0.000000 121.000000 53.000000
2.4200 26.5900 48.5000 567.000000 0.000000 121.000000 53.000000
2.4300 26.4400 48.1200 554.000000 0.000000 120.000000 54.000000
2.4400 26.8800 47.9400 562.000000 0.000000 120.000000 54.000000
2.4500 27.7900 47.9400 543.000000 0.000000 120.000000 54.000000
2.4600 29.1700 48.1600 537.000000 0.000000 119.000000 54.000000
2.4700 30.8500 48.6500 538.000000 0.000000 118.000000 54.000000
2.4800 33.0100 49.2600 509.000000 0.000000 119.000000 54.000000
2.4900 35.1300 49.9400 418.000000 0.000000 119.000000 54.000000
2.5000 37.2200 50.6200 353.000000 0.000000 119.000000 54.000000
2.5100 38.8400 51.1600 310.000000 0.000000 119.000000 54.000000
2.5200 40.1700 51.6100 285.000000 0.000000 121.000000 55.000000
2.5300 41.3000 51.8800 247.000000 0.000000 123.000000 55.000000
2.5400 41.7300 51.8800 239.000000 0.000000 124.000000 54.000000
2.5500 41.5300 51.8200 270.000000 0.000000 124.000000 54.000000
2.5600 40.9100 51.6000 332.000000 0.000000 124.000000 54.000000
2.5700 40.0300 51.3500 384.000000 0.000000 125.000000 54.000000
2.5800 39.0300 51.0200 440.000000 0.000000 125.000000 54.000000
2.5900 37.9400 50.6800 481.000000 0.000000 125.000000 54.000000
2.6000 37.1100 50.4600 491.000000 0.000000 125.000000 54.000000
2.6100 36.8500 50.3300 474.000000 0.000000 125.000000 54.000000
2.6200 36.9600 50.3800 441.000000 0.000000 124.000000 54.000000
2.6300 37.2900 50.4900 418.000000 0.000000 124.000000 54.000000
2.6400 37.8900 50.6500 374.000000 0.000000 124.000000 54.000000
2.6500 38.6600 50.8500 364.000000 0.000000 124.000000 54.000000
2.6600 39.4800 51.0500 363.000000 0.000000 124.000000 54.000000
2.6700 40.3000 51.2500 361.000000 0.000000 124.000000 54.000000
2.6800 41.0300 51.4300 371.000000 0.000000 124.000000 54.000000
2.6900 41.6800 51.5700 364.000000 0.000000 124.000000 54.000000
2.7000 42.1800 51.6500 391.000000 0.000000 125.000000 55.000000
2.7100 42.4900 51.7000 415.000000 0.000000 125.000000 55.000000
2.7200 42.6600 51.7000 447.000000 0.000000 125.000000 55.000000
2.7300 42.8000 51.6400 465.000000 0.000000 127.000000 55.000000
2.7400 42.9400 51.5600 465.000000 0.000000 127.000000 55.000000
2.7500 43.0700 51.4800 455.000000 0.000000 129.000000 56.000000
2.7600 43.2900 51.4800 402.000000 0.000000 129.000000 56.000000
2.7700 43.5400 51.4200 307.000000 0.000000 129.000000 56.000000
2.7800 43.8400 51.4700 208.000000 0.000000 129.000000 56.000000
2.7900 44.1500 51.5900 58.000000 0.000000 129.000000 56.000000
2.8000 44.1500 51.5900 0.000000 1.000000 129.000000 56.000000
2.8100 44.5900 51.8700 0.000000 0.000000 129.000000 56.000000
2.8200 44.5900 51.8700 0.000000 0.000000 129.000000 56.000000
2.8300 44.3400 52.0300 0.000000 0.000000 129.000000 56.000000
2.8400 44.1400 52.0300 0.000000 0.000000 129.000000 56.000000
2.8500 43.9200 52.1400 0.000000 0.000000 129.000000 56.000000
2.8600 43.7100 52.2200 0.000000 0.000000 129.000000 56.000000
2.8700 43.4500 52.3100 0.000000 0.000000 127.000000 55.000000
2.8800 43.1500 52.4700 0.000000 0.000000 127.000000 55.000000
2.8900 43.1500 52.4700 48.000000 1.000000 129.000000 55.000000
2.9000 42.3300 52.9000 109.000000 0.000000 129.000000 55.000000
2.9100 41.7900 53.1900 149.000000 0.000000 127.000000 55.000000
2.9200 40.9000 53.5400 181.000000 0.000000 127.000000 55.000000
2.9300 39.6700 53.8400 205.000000 0.000000 127.000000 55.000000
2.9400 38.2100 53.9200 244.000000 0.000000 127.000000 55.000000
2.9500 36.1400 53.8500 280.000000 0.000000 127.000000 55.000000
2.9600 33.4400 53.6100 359.000000 0.000000 126.000000 54.000000
2.9700 30.3200 53.0800 417.000000 0.000000 126.000000 54.000000
2.9800 27.1500 52.3700 450.000000 0.000000 126.000000 54.000000
2.9900 23.6400 51.3400 526.000000 0.000000 125.000000 54.000000
3.0000 19.8900 50.1000 538.000000 0.000000 125.000000 54.000000
3.0100 16.8500 48.7300 492.000000 0.000000 124.000000 54.000000
3.0200 14.8300 47.3700 512.000000 0.000000 124.000000 54.000000
3.0300 13.4800 46.6900 480.000000 0.000000 123.000000 55.000000
3.0400 13.4800 46.4600 470.000000 0.000000 123.000000 55.000000
3.0500 14.6900 46.4600 470.000000 0.000000 121.000000 55.000000
3.0600 16.7900 46.7300 481.000000 0.000000 121.000000 55.000000
3.0700 19.6800 47.2600 491.000000 0.000000 120.000000 55.000000
3.0800 23.4600 48.1900 516.000000 0.000000 121.000000 56.000000
3.0900 27.8300 49.2700 509.000000 0.000000 121.000000 56.000000
3.1000 32.2000 50.4500 467.000000 0.000000 121.000000 56.000000
3.1100 36.7100 51.7100 456.000000 0.000000 123.000000 56.000000
3.1200 40.5100 52.7700 456.000000 0.000000 123.000000 56.000000
3.1300 43.7900 53.7100 440.000000 0.000000 126.000000 57.000000
3.1400 45.3600 54.0900 431.000000 0.000000 127.000000 56.000000
3.1500 45.5800 54.0000 475.000000 0.000000 130.000000 56.000000
3.1600 44.9100 53.6000 515.000000 0.000000 130.000000 56.000000
3.1700 43.4800 52.8600 557.000000 0.000000 131.000000 56.000000
3.1800 42.2400 52.3000 564.000000 0.000000 131.000000 56.000000
3.1900 41.1200 51.8700 465.000000 0.000000 132.000000 57.000000
3.2000 41.3500 51.8700 93.000000 0.000000 134.000000 56.000000
