0.0000 58.1800 13.8500 32.000000 1.000000 121.000000 63.000000
0.0100 57.9900 14.6300 91.000000 0.000000 121.000000 63.000000
0.0200 57.8400 14.9500 122.000000 0.000000 121.000000 63.000000
0.0300 57.7400 15.0700 179.000000 0.000000 121.000000 63.000000
0.0400 57.7400 15.0700 202.000000 0.000000 121.000000 63.000000
0.0500 57.7400 14.9300 245.000000 0.000000 123.000000 62.000000
0.0600 57.9000 14.4700 312.000000 0.000000 123.000000 62.000000
0.0700 58.1500 13.7900 336.000000 0.000000 123.000000 62.000000
0.0800 58.4200 12.9000 371.000000 0.000000 121.000000 63.000000
0.0900 58.6900 12.0100 417.000000 0.000000 121.000000 63.000000
0.1000 58.9500 11.1400 463.000000 0.000000 121.000000 63.000000
0.1100 59.1500 10.4700 465.000000 0.000000 119.000000 63.000000
0.1200 59.2900 9.9300 464.000000 0.000000 119.000000 63.000000
0.1300 59.4200 9.5500 440.000000 0.000000 119.000000 63.000000
0.1400 59.5000 9.3400 362.000000 0.000000 119.000000 63.000000
0.1500 59.5500 9.2500 219.000000 0.000000 119.000000 63.000000
0.1600 59.5500 9.2500 0.000000 1.000000 119.000000 63.000000
0.1700 59.5500 9.7900 0.000000 0.000000 119.000000 63.000000
0.1800 59.4600 10.5100 0.000000 0.000000 120.000000 64.000000
0.1900 59.3200 11.5400 0.000000 0.000000 120.000000 64.000000
0.2000 59.2000 12.4900 0.000000 0.000000 120.000000 64.000000
0.2100 59.1200 13.3800 0.000000 0.000000 122.000000 63.000000
0.2200 59.0500 13.9000 0.000000 0.000000 122.000000 63.000000
0.2300 59.0500 14.3000 0.000000 0.000000 124.000000 63.000000
0.2400 58.9800 14.6100 0.000000 0.000000 126.000000 62.000000
0.2500 58.9800 14.9600 0.000000 0.000000 127.000000 62.000000
0.2600 58.8800 15.3200 0.000000 0.000000 131.000000 61.000000
0.2700 58.7500 15.7000 0.000000 0.000000 132.000000 60.000000
0.2800 58.5400 16.0400 0.000000 0.000000 134.000000 58.000000
0.2900 58.3500 16.3600 0.000000 0.000000 135.000000 58.000000
0.3000 58.1800 16.5900 0.000000 0.000000 136.000000 57.000000
0.3100 58.3300 16.7300 0.000000 0.000000 139.000000 57.000000
0.3200 58.6500 16.7300 0.000000 0.000000 139.000000 57.000000
0.3300 59.0900 16.7300 0.000000 0.000000 139.000000 57.000000
0.3400 59.0900 16.7300 80.000000 1.000000 140.000000 56.000000
0.3500 60.0000 16.6600 107.000000 0.000000 140.000000 56.000000
0.3600 60.6500 16.3800 149.000000 0.000000 139.000000 57.000000
0.3700 61.4400 15.9300 212.000000 0.000000 139.000000 57.000000
0.3800 62.2000 15.2300 274.000000 0.000000 138.000000 58.000000
0.3900 62.7200 14.4700 327.000000 0.000000 135.000000 59.000000
0.4000 63.0900 13.6100 351.000000 0.000000 134.000000 60.000000
0.4100 63.1700 12.6900 364.000000 0.000000 131.000000 61.000000
0.4200 62.9500 11.7500 398.000000 0.000000 129.000000 63.000000
0.4300 62.5400 10.7800 412.000000 0.000000 127.000000 63.000000
0.4400 61.9600 9.9300 418.000000 0.000000 124.000000 64.000000
0.4500 61.2300 9.1600 465.000000 0.000000 122.000000 65.000000
0.4600 60.3900 8.3600 467.000000 0.000000 123.000000 65.000000
0.4700 59.6200 7.7300 456.000000 0.000000 123.000000 65.000000
0.4800 59.0700 7.2100 447.000000 0.000000 123.000000 65.000000
0.4900 58.6600 6.8900 438.000000 0.000000 125.000000 65.000000
0.5000 58.5100 6.8000 418.000000 0.000000 128.000000 65.000000
0.5100 58.5100 6.8600 405.000000 0.000000 128.000000 65.000000
0.5200 58.6500 6.9700 394.000000 0.000000 130.000000 65.000000
0.5300 59.0500 7.2400 392.000000 0.000000 130.000000 65.000000
0.5400 59.7900 7.6100 402.000000 0.000000 130.000000 65.000000
0.5500 60.7600 8.2200 428.000000 0.000000 130.000000 65.000000
0.5600 62.2900 8.9900 443.000000 0.000000 130.000000 65.000000
0.5700 64.0900 9.8800 473.000000 0.000000 128.000000 65.000000
0.5800 66.0700 10.7200 505.000000 0.000000 128.000000 65.000000
0.5900 68.0000 11.6000 512.000000 0.000000 126.000000 66.000000
0.6000 69.8600 12.4900 522.000000 0.000000 124.000000 66.000000
0.6100 71.3500 13.3800 464.000000 0.000000 124.000000 66.000000
0.6200 72.6200 14.0400 379.000000 0.000000 122.000000 67.000000
0.6300 73.3200 14.3100 122.000000 0.000000 122.000000 67.000000
0.6400 73.3200 14.3100 0.000000 1.000000 124.000000 67.000000
0.6500 72.8700 14.2500 0.000000 0.000000 126.000000 67.000000
0.6600 71.7600 13.9900 0.000000 0.000000 126.000000 67.000000
0.6700 70.4000 13.6000 0.000000 0.000000 128.000000 66.000000
0.6800 68.8600 13.2800 0.000000 0.000000 130.000000 66.000000
0.6900 67.3500 12.9500 0.000000 0.000000 133.000000 65.000000
0.7000 66.2600 12.4900 0.000000 0.000000 137.000000 65.000000
0.7100 65.4400 11.9500 0.000000 0.000000 140.000000 63.000000
0.7200 65.0100 11.5400 0.000000 0.000000 141.000000 63.000000
0.7300 64.6100 11.2900 0.000000 0.000000 143.000000 62.000000
0.7400 64.3100 11.1500 0.000000 0.000000 141.000000 61.000000
0.7500 64.0700 10.9900 0.000000 0.000000 142.000000 61.000000
0.7600 63.6600 10.7700 0.000000 0.000000 139.000000 61.000000
0.7700 63.1500 10.5500 0.000000 0.000000 138.000000 61.000000
0.7800 62.5600 10.3400 0.000000 0.000000 135.000000 62.000000
0.7900 62.0200 10.2300 0.000000 0.000000 132.000000 61.000000
0.8000 61.7800 10.2300 0.000000 0.000000 129.000000 61.000000
0.8100 61.7300 10.2300 0.000000 0.000000 127.000000 62.000000
0.8200 61.7800 10.4100 0.000000 0.000000 126.000000 62.000000
0.8300 61.8800 10.5900 0.000000 0.000000 123.000000 62.000000
0.8400 62.0500 10.7300 0.000000 0.000000 123.000000 62.000000
0.8500 62.2600 10.8600 0.000000 0.000000 123.000000 62.000000
0.8600 62.5100 10.9800 0.000000 0.000000 123.000000 62.000000
0.8700 62.7100 11.0800 0.000000 0.000000 123.000000 62.000000
0.8800 62.8700 11.2000 0.000000 0.000000 123.000000 62.000000
0.8900 63.0700 11.3200 0.000000 0.000000 123.000000 62.000000
0.9000 63.2900 11.4100 0.000000 0.000000 123.000000 62.000000
0.9100 63.5100 11.4700 0.000000 0.000000 124.000000 63.000000
0.9200 63.7000 11.4700 0.000000 0.000000 124.000000 63.000000
0.9300 63.8700 11.3600 0.000000 0.000000 124.000000 63.000000
0.9400 64.0500 11.2200 0.000000 0.000000 122.000000 63.000000
0.9500 64.2700 11.0800 0.000000 0.000000 122.000000 63.000000
0.9600 64.4000 10.9400 0.000000 0.000000 122.000000 63.000000
0.9700 64.4000 10.9400 12.000000 0.000000 122.000000 65.000000
0.9800 64.4000 10.9400 22.000000 1.000000 122.000000 65.000000
0.9900 64.4000 10.9400 0.000000 1.000000 120.000000 65.000000
1.0000 64.4000 10.9400 6.000000 0.000000 118.000000 65.000000
1.0100 64.3300 11.8700 63.000000 1.000000 118.000000 65.000000
1.0200 64.0600 12.3400 94.000000 0.000000 117.000000 67.000000
1.0300 63.7000 12.5300 143.000000 0.000000 117.000000 67.000000
1.0400 63.3800 12.5300 182.000000 0.000000 117.000000 67.000000
1.0500 63.0800 12.2200 219.000000 0.000000 117.000000 67.000000
1.0600 62.8300 11.6600 244.000000 0.000000 117.000000 67.000000
1.0700 62.7800 10.9500 274.000000 0.000000 117.000000 67.000000
1.0800 62.8400 10.4100 287.000000 0.000000 116.000000 66.000000
1.0900 62.9800 10.0500 299.000000 0.000000 116.000000 66.000000
1.1000 63.2300 9.8100 287.000000 0.000000 116.000000 66.000000
1.1100 63.5400 9.8100 267.000000 0.000000 116.000000 66.000000
1.1200 63.9800 9.9800 198.000000 0.000000 116.000000 66.000000
1.1300 64.3400 10.3500 91.000000 0.000000 118.000000 65.000000
1.1400 64.3400 10.3500 0.000000 1.000000 117.000000 67.000000
1.1500 64.7700 11.7800 0.000000 0.000000 117.000000 67.000000
1.1600 64.7700 12.5700 0.000000 0.000000 117.000000 67.000000
1.1700 64.7700 12.5700 98.000000 1.000000 117.000000 67.000000
1.1800 64.4300 12.8700 148.000000 0.000000 117.000000 67.000000
1.1900 64.3200 12.6400 191.000000 0.000000 115.000000 67.000000
1.2000 64.3200 12.3700 249.000000 0.000000 115.000000 67.000000
1.2100 64.3200 11.9800 282.000000 0.000000 115.000000 67.000000
1.2200 64.4400 11.5000 319.000000 0.000000 115.000000 67.000000
1.2300 64.5900 11.1900 325.000000 0.000000 115.000000 67.000000
1.2400 64.7600 11.0600 307.000000 0.000000 115.000000 67.000000
1.2500 64.9400 11.0600 291.000000 0.000000 117.000000 67.000000
1.2600 65.0900 11.2100 237.000000 0.000000 115.000000 67.000000
1.2700 65.2100 11.6300 173.000000 0.000000 115.000000 67.000000
1.2800 65.3300 12.2200 132.000000 0.000000 115.000000 67.000000
1.2900 65.3900 12.8000 190.000000 0.000000 115.000000 67.000000
1.3000 65.3900 13.0100 233.000000 0.000000 115.000000 67.000000
1.3100 65.3900 13.0100 277.000000 0.000000 115.000000 67.000000
1.3200 65.3900 12.7800 340.000000 0.000000 115.000000 67.000000
1.3300 65.5100 12.3900 396.000000 0.000000 115.000000 67.000000
1.3400 65.6100 11.8800 439.000000 0.000000 117.000000 67.000000
1.3500 65.6900 11.3900 485.000000 0.000000 117.000000 67.000000
1.3600 65.8600 11.0800 493.000000 0.000000 115.000000 67.000000
1.3700 66.0600 10.8900 495.000000 0.000000 116.000000 68.000000
1.3800 66.2600 10.8900 477.000000 0.000000 116.000000 68.000000
1.3900 66.4500 11.0500 436.000000 0.000000 116.000000 68.000000
1.4000 66.5700 11.3900 369.000000 0.000000 116.000000 68.000000
1.4100 66.6500 12.1200 333.000000 0.000000 116.000000 68.000000
1.4200 66.6500 12.7900 304.000000 0.000000 116.000000 68.000000
1.4300 66.7500 13.4200 330.000000 0.000000 116.000000 68.000000
1.4400 66.8200 13.5900 344.000000 0.000000 116.000000 68.000000
1.4500 66.9100 13.5400 376.000000 0.000000 116.000000 68.000000
1.4600 67.0100 13.3400 422.000000 0.000000 116.000000 68.000000
1.4700 67.1700 12.9200 469.000000 0.000000 118.000000 68.000000
1.4800 67.4100 12.4900 489.000000 0.000000 118.000000 68.000000
1.4900 67.6100 12.0800 499.000000 0.000000 118.000000 68.000000
1.5000 67.7800 11.8100 496.000000 0.000000 118.000000 68.000000
1.5100 67.9500 11.6100 453.000000 0.000000 117.000000 69.000000
1.5200 68.0600 11.6100 398.000000 0.000000 117.000000 69.000000
1.5300 68.1200 11.8500 137.000000 0.000000 117.000000 69.000000
1.5400 68.1200 11.8500 0.000000 1.000000 117.000000 69.000000
1.5500 67.9500 12.8400 0.000000 0.000000 117.000000 69.000000
1.5600 67.7500 13.4200 0.000000 0.000000 117.000000 69.000000
1.5700 67.5700 13.7000 0.000000 0.000000 117.000000 69.000000
1.5800 67.4000 13.7900 0.000000 0.000000 119.000000 68.000000
1.5900 67.4000 13.7900 101.000000 1.000000 119.000000 68.000000
1.6000 67.1300 13.7900 220.000000 0.000000 122.000000 68.000000
1.6100 67.0300 13.7900 228.000000 0.000000 122.000000 68.000000
1.6200 67.0300 13.8700 282.000000 0.000000 124.000000 67.000000
1.6300 67.0300 13.9300 304.000000 0.000000 124.000000 67.000000
1.6400 67.0300 13.9300 284.000000 0.000000 124.000000 67.000000
1.6500 67.1700 14.0200 210.000000 0.000000 126.000000 67.000000
1.6600 67.4200 14.1400 148.000000 0.000000 126.000000 67.000000
1.6700 67.7500 14.3000 53.000000 0.000000 126.000000 67.000000
1.6800 68.0400 14.3000 42.000000 0.000000 126.000000 67.000000
1.6900 68.2900 14.1600 34.000000 0.000000 126.000000 67.000000
1.7000 68.5200 13.9200 44.000000 0.000000 126.000000 67.000000
1.7100 68.7000 13.6800 66.000000 0.000000 124.000000 66.000000
1.7200 68.8600 13.4300 122.000000 0.000000 124.000000 66.000000
1.7300 69.0000 13.2700 175.000000 0.000000 122.000000 67.000000
1.7400 69.0900 13.1700 200.000000 0.000000 121.000000 66.000000
1.7500 69.2000 13.2600 188.000000 0.000000 121.000000 66.000000
1.7600 69.3700 13.6400 177.000000 0.000000 121.000000 66.000000
1.7700 69.6300 14.2100 107.000000 0.000000 120.000000 65.000000
1.7800 69.8400 15.0500 39.000000 0.000000 120.000000 65.000000
1.7900 69.8400 15.0500 0.000000 1.000000 122.000000 65.000000
1.8000 69.8900 17.0700 0.000000 0.000000 124.000000 64.000000
1.8100 69.5600 17.9500 0.000000 0.000000 125.000000 64.000000
1.8200 69.5600 17.9500 101.000000 1.000000 127.000000 63.000000
1.8300 68.7200 18.3100 180.000000 0.000000 129.000000 63.000000
1.8400 68.3400 17.9400 244.000000 0.000000 130.000000 62.000000
1.8500 68.2000 17.0500 325.000000 0.000000 132.000000 61.000000
1.8600 68.2000 15.8200 397.000000 0.000000 133.000000 62.000000
1.8700 68.3900 14.5900 468.000000 0.000000 133.000000 62.000000
1.8800 68.6100 13.5800 491.000000 0.000000 132.000000 63.000000
1.8900 68.9200 12.7200 470.000000 0.000000 130.000000 63.000000
1.9000 69.3100 12.1200 440.000000 0.000000 127.000000 63.000000
1.9100 69.7500 11.8800 343.000000 0.000000 125.000000 65.000000
1.9200 70.1700 11.8800 71.000000 0.000000 123.000000 65.000000
1.9300 70.1700 11.8800 0.000000 1.000000 119.000000 66.000000
1.9400 70.7400 12.8200 0.000000 0.000000 117.000000 67.000000
1.9500 70.7400 13.6400 0.000000 0.000000 118.000000 68.000000
1.9600 70.7400 14.4000 0.000000 0.000000 120.000000 67.000000
1.9700 70.6300 14.9200 0.000000 0.000000 122.000000 67.000000
1.9800 70.6300 15.2700 0.000000 0.000000 126.000000 67.000000
1.9900 70.6300 15.2700 0.000000 0.000000 130.000000 66.000000
2.0000 70.5300 15.1800 0.000000 0.000000 132.000000 65.000000
2.0100 70.5300 14.9800 0.000000 0.000000 135.000000 64.000000
2.0200 70.4800 14.8100 0.000000 0.000000 137.000000 63.000000
2.0300 70.4800 14.6300 0.000000 0.000000 137.000000 63.000000
2.0400 70.5400 14.4300 0.000000 0.000000 137.000000 63.000000
2.0500 70.5400 14.4300 176.000000 1.000000 135.000000 64.000000
2.0600 70.5400 14.4300 190.000000 0.000000 133.000000 65.000000
2.0700 70.5400 14.4300 247.000000 0.000000 132.000000 65.000000
2.0800 70.7100 14.1300 304.000000 0.000000 128.000000 66.000000
2.0900 70.8400 14.2100 330.000000 0.000000 124.000000 66.000000
2.1000 70.9900 14.3800 337.000000 0.000000 124.000000 66.000000
2.1100 71.2100 14.7700 309.000000 0.000000 124.000000 66.000000
2.1200 71.4700 15.4100 251.000000 0.000000 123.000000 65.000000
2.1300 71.7100 16.2100 180.000000 0.000000 123.000000 65.000000
2.1400 71.7100 17.1900 37.000000 0.000000 125.000000 65.000000
2.1500 71.7100 17.1900 0.000000 1.000000 127.000000 64.000000
2.1600 71.1000 19.2700 0.000000 0.000000 129.000000 64.000000
2.1700 70.5800 20.1400 0.000000 0.000000 130.000000 63.000000
2.1800 70.5800 20.1400 101.000000 1.000000 132.000000 63.000000
2.1900 69.6200 20.5100 170.000000 0.000000 133.000000 62.000000
2.2000 69.2800 20.1700 247.000000 0.000000 135.000000 62.000000
2.2100 69.1500 19.2700 358.000000 0.000000 135.000000 62.000000
2.2200 69.1500 18.0200 441.000000 0.000000 136.000000 61.000000
2.2300 69.3300 16.3500 517.000000 0.000000 135.000000 62.000000
2.2400 69.6600 14.9300 540.000000 0.000000 135.000000 62.000000
2.2500 70.0800 13.6800 537.000000 0.000000 132.000000 61.000000
2.2600 70.5700 12.7200 526.000000 0.000000 129.000000 63.000000
2.2700 71.0600 12.1400 515.000000 0.000000 125.000000 64.000000
2.2800 71.5600 11.8100 472.000000 0.000000 124.000000 64.000000
2.2900 71.9900 11.8100 397.000000 0.000000 121.000000 66.000000
2.3000 72.3800 12.1600 297.000000 0.000000 119.000000 66.000000
2.3100 72.5500 12.7100 176.000000 0.000000 117.000000 67.000000
2.3200 72.6500 13.4800 137.000000 0.000000 115.000000 67.000000
2.3300 72.7000 14.2500 175.000000 0.000000 116.000000 68.000000
2.3400 72.7000 14.6900 275.000000 0.000000 118.000000 68.000000
2.3500 72.5900 14.9200 343.000000 0.000000 118.000000 68.000000
2.3600 72.5000 14.9200 372.000000 0.000000 120.000000 67.000000
2.3700 72.4200 14.7000 384.000000 0.000000 122.000000 67.000000
2.3800 72.3200 14.3900 392.000000 0.000000 122.000000 67.000000
2.3900 72.2000 13.8800 397.000000 0.000000 122.000000 67.000000
2.4000 72.2000 13.4900 389.000000 0.000000 124.000000 66.000000
2.4100 72.3000 13.1800 379.000000 0.000000 122.000000 67.000000
2.4200 72.5000 13.0500 343.000000 0.000000 122.000000 67.000000
2.4300 72.7600 13.1400 254.000000 0.000000 120.000000 67.000000
2.4400 73.0400 13.3900 149.000000 0.000000 120.000000 67.000000
2.4500 73.3600 13.9300 8.000000 1.000000 122.000000 68.000000
2.4600 73.3600 13.9300 0.000000 0.000000 122.000000 68.000000
2.4700 73.7600 15.3100 0.000000 0.000000 122.000000 68.000000
2.4800 73.7600 15.3100 89.000000 1.000000 124.000000 67.000000
2.4900 73.7500 16.0400 141.000000 0.000000 128.000000 68.000000
2.5000 73.5600 16.0400 210.000000 0.000000 130.000000 67.000000
2.5100 73.2500 15.7800 287.000000 0.000000 131.000000 67.000000
2.5200 72.9500 15.3900 339.000000 0.000000 133.000000 66.000000
2.5300 72.6800 14.8900 361.000000 0.000000 133.000000 66.000000
2.5400 72.6200 14.4500 373.000000 0.000000 135.000000 65.000000
2.5500 72.6900 14.1700 364.000000 0.000000 133.000000 66.000000
2.5600 72.9800 14.0100 339.000000 0.000000 132.000000 65.000000
2.5700 73.2900 14.0100 269.000000 0.000000 130.000000 66.000000
2.5800 73.6300 14.3000 180.000000 0.000000 128.000000 66.000000
2.5900 73.9700 14.6800 67.000000 0.000000 128.000000 68.000000
2.6000 74.2400 15.1400 1.000000 1.000000 128.000000 68.000000
2.6100 74.4700 15.5900 36.000000 1.000000 128.000000 68.000000
2.6200 74.5600 15.7800 119.000000 0.000000 131.000000 68.000000
2.6300 74.5600 15.7800 171.000000 0.000000 133.000000 67.000000
2.6400 74.5600 15.7100 215.000000 0.000000 135.000000 68.000000
2.6500 74.5600 15.5700 239.000000 0.000000 137.000000 67.000000
2.6600 74.4700 15.3600 285.000000 0.000000 137.000000 67.000000
2.6700 74.4000 15.1600 309.000000 0.000000 139.000000 67.000000
2.6800 74.4800 14.9500 325.000000 0.000000 139.000000 67.000000
2.6900 74.5900 14.8600 317.000000 0.000000 137.000000 67.000000
2.7000 74.7600 14.8600 315.000000 0.000000 137.000000 67.000000
2.7100 74.9600 14.9400 294.000000 0.000000 135.000000 68.000000
2.7200 75.1900 15.2000 233.000000 0.000000 135.000000 68.000000
2.7300 75.4200 15.5900 207.000000 0.000000 135.000000 68.000000
2.7400 75.6400 15.9700 207.000000 0.000000 135.000000 68.000000
2.7500 75.7600 16.1200 218.000000 0.000000 137.000000 67.000000
2.7600 75.8100 16.1200 228.000000 0.000000 139.000000 67.000000
2.7700 75.8100 15.9800 233.000000 0.000000 139.000000 67.000000
2.7800 75.8100 15.8200 239.000000 0.000000 140.000000 66.000000
2.7900 75.7600 15.6200 244.000000 0.000000 140.000000 66.000000
2.8000 75.7600 15.6200 246.000000 0.000000 142.000000 65.000000
2.8100 75.7600 15.2800 239.000000 0.000000 142.000000 66.000000
2.8200 75.9000 15.1900 233.000000 0.000000 142.000000 66.000000
2.8300 76.0500 15.1900 237.000000 0.000000 142.000000 66.000000
2.8400 76.2400 15.1900 253.000000 0.000000 140.000000 67.000000
2.8500 76.4600 15.3100 277.000000 0.000000 140.000000 67.000000
2.8600 76.6600 15.3100 317.000000 0.000000 139.000000 68.000000
2.8700 76.7500 15.3900 325.000000 0.000000 139.000000 68.000000
2.8800 76.7500 15.3900 335.000000 0.000000 141.000000 68.000000
2.8900 76.8100 15.5500 337.000000 0.000000 141.000000 68.000000
2.9000 76.8100 15.7600 339.000000 0.000000 141.000000 68.000000
2.9100 76.8100 16.0200 335.000000 0.000000 142.000000 68.000000
2.9200 76.8600 16.3500 315.000000 0.000000 142.000000 68.000000
2.9300 76.8000 16.7300 277.000000 0.000000 144.000000 67.000000
2.9400 76.6800 17.2300 183.000000 0.000000 144.000000 67.000000
2.9500 76.3600 17.7000 165.000000 0.000000 146.000000 66.000000
2.9600 75.9500 18.1500 182.000000 0.000000 146.000000 66.000000
2.9700 75.4700 18.4400 163.000000 0.000000 147.000000 65.000000
2.9800 74.8700 18.5400 99.000000 0.000000 147.000000 65.000000
2.9900 74.8700 18.5400 0.000000 1.000000 147.000000 65.000000
3.0000 73.0900 18.3300 0.000000 0.000000 146.000000 64.000000
3.0100 71.8800 17.8800 0.000000 0.000000 145.000000 65.000000
3.0200 71.8800 17.8800 80.000000 1.000000 143.000000 64.000000
3.0300 69.3100 16.3100 203.000000 0.000000 141.000000 64.000000
3.0400 67.9600 15.3200 291.000000 0.000000 140.000000 65.000000
3.0500 66.9400 14.2500 312.000000 0.000000 138.000000 64.000000
3.0600 66.1400 13.1700 325.000000 0.000000 135.000000 64.000000
3.0700 65.7400 12.0600 322.000000 0.000000 133.000000 65.000000
3.0800 65.6300 10.9300 304.000000 0.000000 130.000000 66.000000
3.0900 65.7100 10.0700 304.000000 0.000000 126.000000 66.000000
3.1000 66.2500 9.3900 314.000000 0.000000 126.000000 67.000000
3.1100 67.4900 9.0500 335.000000 0.000000 124.000000 67.000000
3.1200 69.2000 9.1700 340.000000 0.000000 125.000000 68.000000
3.1300 71.0000 9.6000 329.000000 0.000000 125.000000 68.000000
3.1400 72.5000 10.3200 344.000000 0.000000 127.000000 69.000000
3.1500 73.8100 11.1800 363.000000 0.000000 127.000000 69.000000
3.1600 74.4600 12.1300 369.000000 0.000000 129.000000 70.000000
3.1700 74.4600 12.9500 392.000000 0.000000 129.000000 70.000000
3.1800 74.0700 13.7100 450.000000 0.000000 129.000000 70.000000
3.1900 72.9500 14.3900 488.000000 0.000000 129.000000 70.000000
3.2000 71.2000 15.0300 512.000000 0.000000 131.000000 69.000000
3.2100 69.0300 15.3400 458.000000 0.000000 129.000000 68.000000
3.2200 66.2300 15.4400 458.000000 0.000000 131.000000 68.000000
3.2300 63.6400 14.6800 488.000000 0.000000 130.000000 67.000000
3.2400 61.1800 13.4900 486.000000 0.000000 131.000000 67.000000
3.2500 59.6200 12.0100 486.000000 0.000000 128.000000 66.000000
3.2600 59.0700 10.9300 450.000000 0.000000 126.000000 66.000000
3.2700 59.2000 10.1900 440.000000 0.000000 125.000000 65.000000
3.2800 59.9600 9.6800 420.000000 0.000000 123.000000 65.000000
3.2900 61.4700 9.3300 436.000000 0.000000 123.000000 65.000000
3.3000 63.4700 9.2200 420.000000 0.000000 120.000000 65.000000
3.3100 65.6600 9.2800 382.000000 0.000000 121.000000 66.000000
3.3200 67.8800 9.5400 343.000000 0.000000 121.000000 66.000000
3.3300 69.8400 10.0300 317.000000 0.000000 122.000000 67.000000
3.3400 71.6200 10.6800 304.000000 0.000000 124.000000 67.000000
3.3500 73.0300 11.5600 314.000000 0.000000 124.000000 67.000000
3.3600 74.0100 12.6300 324.000000 0.000000 125.000000 68.000000
3.3700 74.6900 13.8300 317.000000 0.000000 127.000000 69.000000
3.3800 74.4900 14.6500 305.000000 0.000000 127.000000 69.000000
3.3900 73.3200 15.4300 324.000000 0.000000 127.000000 69.000000
3.4000 71.5100 16.0000 281.000000 0.000000 129.000000 68.000000
3.4100 69.1300 16.4400 325.000000 0.000000 131.000000 68.000000
3.4200 66.6600 16.3300 345.000000 0.000000 135.000000 67.000000
3.4300 64.1300 15.6500 389.000000 0.000000 135.000000 65.000000
3.4400 61.9400 14.6000 415.000000 0.000000 135.000000 65.000000
3.4500 60.8900 13.8700 393.000000 0.000000 135.000000 64.000000
3.4600 60.6100 13.5600 413.000000 0.000000 132.000000 64.000000
3.4700 61.5500 13.5600 475.000000 0.000000 132.000000 64.000000
3.4800 63.8400 13.8900 542.000000 0.000000 129.000000 64.000000
3.4900 67.0400 14.5400 568.000000 0.000000 128.000000 65.000000
3.5000 71.0900 15.3900 567.000000 0.000000 128.000000 65.000000
3.5100 74.8100 16.2500 627.000000 0.000000 130.000000 66.000000
3.5200 78.3200 17.0900 628.000000 0.000000 133.000000 66.000000
3.5300 80.6700 17.8600 606.000000 0.000000 135.000000 65.000000
3.5400 82.0700 18.3400 519.000000 0.000000 138.000000 65.000000
3.5500 82.8400 18.6500 41.000000 0.000000 142.000000 65.000000
