0.0000 48.7200 48.5100 400.000000 1.000000 154.000000 56.000000
0.0100 48.7200 48.5100 486.000000 0.000000 154.000000 56.000000
0.0200 48.7200 48.5100 521.000000 0.000000 153.000000 56.000000
0.0300 48.7200 48.5100 566.000000 0.000000 153.000000 56.000000
0.0400 48.7200 48.5100 589.000000 0.000000 153.000000 56.000000
0.0500 48.7200 48.5100 586.000000 0.000000 153.000000 56.000000
0.0600 48.7200 48.5100 609.000000 0.000000 153.000000 56.000000
0.0700 49.0200 47.9400 617.000000 0.000000 153.000000 56.000000
0.0800 49.5000 47.2700 639.000000 0.000000 153.000000 56.000000
0.0900 50.0700 46.4100 653.000000 0.000000 153.000000 56.000000
0.1000 50.6700 45.7200 669.000000 0.000000 152.000000 57.000000
0.1100 51.2800 45.1400 700.000000 0.000000 152.000000 57.000000
0.1200 51.8900 44.5500 700.000000 0.000000 152.000000 57.000000
0.1300 52.3500 44.0300 696.000000 0.000000 154.000000 57.000000
0.1400 52.7100 43.5700 696.000000 0.000000 154.000000 57.000000
0.1500 52.7100 43.2400 702.000000 0.000000 154.000000 57.000000
0.1600 52.4100 43.0200 728.000000 0.000000 155.000000 58.000000
0.1700 51.8500 42.8700 745.000000 0.000000 155.000000 58.000000
0.1800 50.9400 42.7700 791.000000 0.000000 155.000000 58.000000
0.1900 50.0500 42.7700 855.000000 0.000000 155.000000 58.000000
0.2000 49.1600 42.9500 909.000000 0.000000 156.000000 57.000000
0.2100 48.5800 43.1000 945.000000 0.000000 156.000000 57.000000
0.2200 48.2200 43.2500 974.000000 0.000000 156.000000 57.000000
0.2300 48.2200 43.3900 964.000000 0.000000 156.000000 57.000000
0.2400 48.3200 43.5800 958.000000 0.000000 156.000000 57.000000
0.2500 48.5900 43.7900 941.000000 0.000000 156.000000 57.000000
0.2600 49.1900 44.0500 935.000000 0.000000 156.000000 57.000000
0.2700 49.9600 44.3200 918.000000 0.000000 156.000000 57.000000
0.2800 50.8400 44.6100 915.000000 0.000000 156.000000 57.000000
0.2900 51.7500 44.7800 911.000000 0.000000 155.000000 58.000000
0.3000 52.5600 44.8900 899.000000 0.000000 155.000000 58.000000
0.3100 53.1000 44.8900 878.000000 0.000000 155.000000 58.000000
0.3200 53.4800 44.8900 805.000000 0.000000 155.000000 58.000000
0.3300 53.7800 44.9400 730.000000 0.000000 155.000000 58.000000
0.3400 54.0800 44.9900 647.000000 0.000000 157.000000 58.000000
0.3500 54.3600 44.9900 526.000000 0.000000 156.000000 59.000000
0.3600 54.6300 44.9900 137.000000 0.000000 156.000000 59.000000
0.3700 54.6300 44.9900 0.000000 1.000000 156.000000 59.000000
0.3800 55.1000 44.9300 0.000000 0.000000 156.000000 59.000000
0.3900 55.2100 45.5600 0.000000 0.000000 156.000000 59.000000
0.4000 55.2100 46.0200 0.000000 0.000000 157.000000 58.000000
0.4100 55.2900 46.3800 0.000000 0.000000 157.000000 58.000000
0.4200 55.3900 46.6700 0.000000 0.000000 157.000000 57.000000
0.4300 55.5900 46.9500 0.000000 0.000000 158.000000 56.000000
0.4400 55.8400 47.1900 0.000000 0.000000 160.000000 55.000000
0.4500 56.0600 47.4000 0.000000 0.000000 161.000000 55.000000
0.4600 56.2500 47.4600 0.000000 0.000000 162.000000 54.000000
0.4700 56.2500 47.4600 0.000000 0.000000 162.000000 53.000000
0.4800 56.0700 47.3500 0.000000 0.000000 164.000000 53.000000
0.4900 55.9100 47.2200 0.000000 0.000000 164.000000 52.000000
0.5000 55.7000 47.0400 0.000000 0.000000 164.000000 52.000000
0.5100 55.4500 46.8500 0.000000 0.000000 164.000000 53.000000
0.5200 55.1900 46.7300 0.000000 0.000000 164.000000 53.000000
0.5300 54.8800 46.6400 0.000000 0.000000 162.000000 54.000000
0.5400 54.5400 46.5400 0.000000 0.000000 162.000000 54.000000
0.5500 54.2100 46.4400 0.000000 0.000000 161.000000 55.000000
0.5600 53.9000 46.3500 0.000000 0.000000 160.000000 54.000000
0.5700 53.6400 46.2800 0.000000 0.000000 159.000000 55.000000
0.5800 53.4400 46.1500 0.000000 0.000000 159.000000 55.000000
0.5900 53.2700 46.0300 0.000000 0.000000 158.000000 55.000000
0.6000 53.1200 45.9400 0.000000 0.000000 158.000000 55.000000
0.6100 53.1200 45.8600 0.000000 0.000000 157.000000 56.000000
0.6200 53.1200 45.8600 0.000000 0.000000 157.000000 56.000000
0.6300 53.1900 45.8600 0.000000 0.000000 157.000000 56.000000
0.6400 53.2900 45.7900 0.000000 0.000000 156.000000 57.000000
0.6500 53.3900 45.7900 0.000000 0.000000 156.000000 57.000000
0.6600 53.3900 45.7000 0.000000 0.000000 157.000000 57.000000
0.6700 53.2700 45.5600 0.000000 0.000000 157.000000 57.000000
0.6800 53.2700 45.5600 241.000000 1.000000 157.000000 58.000000
0.6900 52.7800 45.0500 441.000000 0.000000 157.000000 58.000000
0.7000 52.5100 45.0500 543.000000 0.000000 157.000000 58.000000
0.7100 52.3500 44.9600 646.000000 0.000000 157.000000 58.000000
0.7200 52.4100 44.9600 736.000000 0.000000 158.000000 58.000000
0.7300 52.6200 45.0100 800.000000 0.000000 158.000000 58.000000
0.7400 53.3800 45.2100 900.000000 0.000000 158.000000 58.000000
0.7500 54.9900 45.6000 970.000000 0.000000 158.000000 58.000000
0.7600 57.1600 46.1200 1023.000000 0.000000 160.000000 58.000000
0.7700 59.9800 46.6700 1023.000000 0.000000 160.000000 58.000000
0.7800 63.0700 47.2100 1023.000000 0.000000 160.000000 58.000000
0.7900 66.3400 47.8100 1023.000000 0.000000 162.000000 58.000000
0.8000 69.5800 48.4600 1023.000000 0.000000 162.000000 58.000000
0.8100 72.4400 49.1800 978.000000 0.000000 164.000000 57.000000
0.8200 75.0500 49.7300 920.000000 0.000000 166.000000 57.000000
0.8300 76.9100 50.1700 824.000000 0.000000 168.000000 56.000000
0.8400 77.8300 50.4100 477.000000 0.000000 169.000000 57.000000
0.8500 77.8300 50.4100 0.000000 1.000000 171.000000 56.000000
0.8600 77.1200 50.4800 0.000000 0.000000 173.000000 56.000000
0.8700 75.3300 50.4800 0.000000 0.000000 174.000000 56.000000
0.8800 73.0100 50.3600 0.000000 0.000000 174.000000 55.000000
0.8900 70.6900 50.1600 0.000000 0.000000 174.000000 56.000000
0.9000 68.1200 49.8900 0.000000 0.000000 173.000000 56.000000
0.9100 65.3800 49.4600 0.000000 0.000000 173.000000 56.000000
0.9200 62.9500 48.9400 0.000000 0.000000 171.000000 57.000000
0.9300 60.7700 48.5300 0.000000 0.000000 169.000000 57.000000
0.9400 58.7600 48.1400 0.000000 0.000000 168.000000 56.000000
0.9500 56.7700 47.7300 0.000000 0.000000 166.000000 56.000000
0.9600 55.1900 47.3800 0.000000 0.000000 165.000000 56.000000
0.9700 53.8800 47.0900 0.000000 0.000000 164.000000 55.000000
0.9800 52.9000 46.9700 0.000000 0.000000 164.000000 55.000000
0.9900 52.3300 46.9700 0.000000 0.000000 163.000000 55.000000
1.0000 52.0300 47.0800 0.000000 0.000000 163.000000 55.000000
1.0100 52.0300 47.1900 0.000000 0.000000 161.000000 55.000000
1.0200 51.8600 47.3000 0.000000 0.000000 160.000000 55.000000
1.0300 51.5100 47.3800 0.000000 0.000000 160.000000 55.000000
1.0400 51.2700 47.4400 0.000000 0.000000 160.000000 56.000000
1.0500 51.0300 47.4400 0.000000 0.000000 160.000000 56.000000
1.0600 50.7800 47.4400 0.000000 0.000000 161.000000 57.000000
1.0700 50.5800 47.3400 0.000000 0.000000 161.000000 57.000000
1.0800 50.4000 47.2500 0.000000 0.000000 161.000000 57.000000
1.0900 50.2700 47.1300 0.000000 0.000000 161.000000 57.000000
1.1000 50.1800 47.0000 0.000000 0.000000 161.000000 57.000000
1.1100 50.0000 46.8700 0.000000 0.000000 161.000000 57.000000
1.1200 49.7700 46.8000 0.000000 0.000000 159.000000 57.000000
1.1300 49.4200 46.7000 0.000000 0.000000 159.000000 57.000000
1.1400 49.4200 46.7000 66.000000 1.000000 159.000000 57.000000
1.1500 48.2600 46.4200 216.000000 0.000000 159.000000 57.000000
1.1600 47.6400 46.3300 420.000000 0.000000 159.000000 57.000000
1.1700 47.1000 46.2800 537.000000 0.000000 157.000000 58.000000
1.1800 46.8200 46.3300 700.000000 0.000000 157.000000 58.000000
1.1900 46.6900 46.4100 794.000000 0.000000 157.000000 58.000000
1.2000 46.7700 46.5200 818.000000 0.000000 157.000000 58.000000
1.2100 47.3500 46.8100 855.000000 0.000000 155.000000 58.000000
1.2200 48.2700 47.2200 900.000000 0.000000 155.000000 58.000000
1.2300 49.7700 47.7000 935.000000 0.000000 157.000000 57.000000
1.2400 51.6000 48.0500 951.000000 0.000000 157.000000 57.000000
1.2500 53.6500 48.1400 948.000000 0.000000 158.000000 56.000000
1.2600 55.1600 48.0600 915.000000 0.000000 160.000000 56.000000
1.2700 56.0000 47.6500 890.000000 0.000000 160.000000 56.000000
1.2800 56.4000 47.2100 860.000000 0.000000 162.000000 56.000000
1.2900 56.3400 46.7000 854.000000 0.000000 161.000000 57.000000
1.3000 55.8800 46.1300 855.000000 0.000000 161.000000 57.000000
1.3100 55.1500 45.5900 861.000000 0.000000 161.000000 57.000000
1.3200 53.9600 45.0800 857.000000 0.000000 161.000000 57.000000
1.3300 52.4400 44.4800 876.000000 0.000000 161.000000 57.000000
1.3400 50.7100 43.9400 879.000000 0.000000 161.000000 57.000000
1.3500 49.1900 43.4400 882.000000 0.000000 160.000000 58.000000
1.3600 48.0600 43.1000 887.000000 0.000000 160.000000 58.000000
1.3700 47.1800 43.0000 876.000000 0.000000 160.000000 58.000000
1.3800 47.1000 43.0500 832.000000 0.000000 158.000000 58.000000
1.3900 47.7400 43.3700 665.000000 0.000000 159.000000 57.000000
1.4000 48.8600 43.8900 203.000000 0.000000 159.000000 57.000000
1.4100 48.8600 43.8900 0.000000 1.000000 159.000000 57.000000
1.4200 51.9200 45.1400 0.000000 0.000000 157.000000 57.000000
1.4300 53.3200 45.7000 0.000000 0.000000 157.000000 57.000000
1.4400 54.1100 46.1800 0.000000 0.000000 157.000000 57.000000
1.4500 54.5900 46.4700 0.000000 0.000000 157.000000 57.000000
1.4600 54.8700 46.6500 0.000000 0.000000 157.000000 57.000000
1.4700 55.0200 46.7200 0.000000 0.000000 157.000000 57.000000
1.4800 55.0800 46.7200 0.000000 0.000000 158.000000 56.000000
1.4900 55.0800 46.7200 0.000000 0.000000 158.000000 56.000000
1.5000 55.2300 46.6400 0.000000 0.000000 159.000000 55.000000
1.5100 55.4000 46.5700 0.000000 0.000000 159.000000 55.000000
1.5200 55.6500 46.5700 0.000000 0.000000 160.000000 55.000000
1.5300 56.0100 46.6300 0.000000 0.000000 160.000000 55.000000
1.5400 56.0100 46.6300 312.000000 1.000000 160.000000 56.000000
1.5500 56.6300 46.9000 404.000000 0.000000 160.000000 56.000000
1.5600 56.7700 47.1300 512.000000 0.000000 161.000000 57.000000
1.5700 56.8700 47.2100 617.000000 0.000000 161.000000 57.000000
1.5800 56.7900 47.2900 671.000000 0.000000 161.000000 57.000000
1.5900 56.5900 47.3400 697.000000 0.000000 161.000000 57.000000
1.6000 56.3400 47.3400 725.000000 0.000000 161.000000 57.000000
1.6100 56.0000 47.1500 730.000000 0.000000 161.000000 57.000000
1.6200 55.6100 46.8500 733.000000 0.000000 161.000000 57.000000
1.6300 55.2800 46.5000 728.000000 0.000000 161.000000 57.000000
1.6400 55.1500 46.1700 708.000000 0.000000 161.000000 57.000000
1.6500 55.1500 46.0100 725.000000 0.000000 160.000000 58.000000
1.6600 55.3100 45.9500 739.000000 0.000000 160.000000 58.000000
1.6700 55.6600 45.9500 751.000000 0.000000 160.000000 58.000000
1.6800 56.1300 46.2500 749.000000 0.000000 159.000000 59.000000
1.6900 56.6700 46.6900 755.000000 0.000000 157.000000 59.000000
1.7000 57.0600 47.1200 760.000000 0.000000 157.000000 59.000000
1.7100 57.3600 47.4900 757.000000 0.000000 157.000000 59.000000
1.7200 57.4100 47.6200 787.000000 0.000000 158.000000 58.000000
1.7300 57.3600 47.6200 785.000000 0.000000 160.000000 58.000000
1.7400 57.2500 47.5400 783.000000 0.000000 160.000000 58.000000
1.7500 57.0400 47.2500 796.000000 0.000000 161.000000 57.000000
1.7600 56.8500 46.8100 806.000000 0.000000 161.000000 57.000000
1.7700 56.6700 46.4800 803.000000 0.000000 161.000000 57.000000
1.7800 56.8100 46.3000 818.000000 0.000000 161.000000 57.000000
1.7900 57.0000 46.2200 818.000000 0.000000 160.000000 58.000000
1.8000 57.3800 46.2800 825.000000 0.000000 160.000000 58.000000
1.8100 57.8700 46.5600 824.000000 0.000000 158.000000 58.000000
1.8200 58.3000 46.9900 828.000000 0.000000 158.000000 58.000000
1.8300 58.5700 47.3900 830.000000 0.000000 158.000000 58.000000
1.8400 58.7200 47.7400 830.000000 0.000000 158.000000 58.000000
1.8500 58.7200 48.0000 828.000000 0.000000 158.000000 58.000000
1.8600 58.7800 48.1700 824.000000 0.000000 158.000000 58.000000
1.8700 58.7800 48.1700 832.000000 0.000000 159.000000 57.000000
1.8800 58.8400 48.1700 827.000000 0.000000 159.000000 57.000000
1.8900 58.9000 47.9200 830.000000 0.000000 159.000000 57.000000
1.9000 58.9800 47.7300 830.000000 0.000000 160.000000 56.000000
1.9100 59.0900 47.5600 819.000000 0.000000 160.000000 56.000000
1.9200 59.2300 47.5600 833.000000 0.000000 160.000000 56.000000
1.9300 59.4400 47.6100 843.000000 0.000000 160.000000 56.000000
1.9400 59.6500 47.7300 840.000000 0.000000 158.000000 56.000000
1.9500 59.9700 47.9600 818.000000 0.000000 158.000000 56.000000
1.9600 60.3600 48.2300 827.000000 0.000000 158.000000 56.000000
1.9700 60.5700 48.5400 832.000000 0.000000 158.000000 56.000000
1.9800 60.6900 48.7400 825.000000 0.000000 158.000000 56.000000
1.9900 60.7500 48.8100 845.000000 0.000000 158.000000 56.000000
2.0000 60.7500 48.8100 854.000000 0.000000 158.000000 56.000000
2.0100 60.6700 48.7200 861.000000 0.000000 158.000000 56.000000
2.0200 60.5800 48.4500 854.000000 0.000000 159.000000 55.000000
2.0300 60.4600 48.0600 860.000000 0.000000 159.000000 55.000000
2.0400 60.4600 47.6400 860.000000 0.000000 159.000000 55.000000
2.0500 60.5700 47.3600 860.000000 0.000000 158.000000 56.000000
2.0600 60.8200 47.1700 879.000000 0.000000 158.000000 56.000000
2.0700 61.2400 47.0800 888.000000 0.000000 158.000000 56.000000
2.0800 61.7400 47.2400 899.000000 0.000000 157.000000 57.000000
2.0900 62.2900 47.5800 900.000000 0.000000 157.000000 57.000000
2.1000 62.5400 47.9700 905.000000 0.000000 157.000000 57.000000
2.1100 62.5400 48.3700 923.000000 0.000000 157.000000 57.000000
2.1200 62.3700 48.8100 926.000000 0.000000 157.000000 57.000000
2.1300 62.2000 49.1100 939.000000 0.000000 157.000000 57.000000
2.1400 62.0600 49.3000 950.000000 0.000000 157.000000 57.000000
2.1500 62.0600 49.3000 951.000000 0.000000 160.000000 56.000000
2.1600 62.0600 49.2100 948.000000 0.000000 160.000000 56.000000
2.1700 62.2000 49.0400 950.000000 0.000000 160.000000 56.000000
2.1800 62.3500 48.7400 923.000000 0.000000 160.000000 55.000000
2.1900 62.5100 48.3500 872.000000 0.000000 160.000000 55.000000
2.2000 62.6500 48.1100 790.000000 0.000000 160.000000 55.000000
2.2100 62.8100 48.0300 661.000000 0.000000 160.000000 56.000000
2.2200 62.9500 48.0300 349.000000 0.000000 160.000000 56.000000
2.2300 62.9500 48.0300 0.000000 1.000000 160.000000 56.000000
2.2400 63.0000 48.5700 0.000000 0.000000 160.000000 56.000000
2.2500 62.8400 49.1200 0.000000 0.000000 158.000000 56.000000
2.2600 62.6800 49.5500 0.000000 0.000000 158.000000 56.000000
2.2700 62.4700 50.0100 0.000000 0.000000 158.000000 56.000000
2.2800 62.2300 50.5000 0.000000 0.000000 158.000000 56.000000
2.2900 62.2300 50.5000 65.000000 1.000000 158.000000 56.000000
2.3000 62.2300 50.5000 48.000000 0.000000 157.000000 56.000000
2.3100 62.2300 50.5000 0.000000 1.000000 158.000000 55.000000
2.3200 62.2300 50.5000 0.000000 0.000000 158.000000 55.000000
2.3300 62.2300 50.5000 0.000000 0.000000 158.000000 55.000000
2.3400 61.9900 50.1400 0.000000 0.000000 158.000000 54.000000
2.3500 62.1200 49.8600 0.000000 0.000000 158.000000 54.000000
2.3600 62.1200 49.8600 213.000000 1.000000 157.000000 54.000000
2.3700 62.4800 49.2300 371.000000 0.000000 158.000000 54.000000
2.3800 62.5600 49.0400 475.000000 0.000000 158.000000 54.000000
2.3900 62.5600 48.9400 544.000000 0.000000 158.000000 55.000000
2.4000 62.6300 48.8100 565.000000 0.000000 158.000000 55.000000
2.4100 62.6900 48.7500 617.000000 0.000000 158.000000 55.000000
2.4200 62.8100 48.7500 700.000000 0.000000 158.000000 55.000000
2.4300 63.1000 48.8300 782.000000 0.000000 159.000000 55.000000
2.4400 63.5000 49.0300 819.000000 0.000000 159.000000 55.000000
2.4500 64.0000 49.3000 851.000000 0.000000 159.000000 55.000000
2.4600 64.4000 49.7300 869.000000 0.000000 159.000000 55.000000
2.4700 64.7200 50.1800 861.000000 0.000000 160.000000 55.000000
2.4800 64.8100 50.6500 882.000000 0.000000 160.000000 55.000000
2.4900 64.6400 51.0800 909.000000 0.000000 160.000000 55.000000
2.5000 64.2900 51.4900 890.000000 0.000000 162.000000 56.000000
2.5100 63.6700 51.8600 908.000000 0.000000 162.000000 56.000000
2.5200 63.2100 52.1500 892.000000 0.000000 162.000000 56.000000
2.5300 62.8600 52.1000 908.000000 0.000000 163.000000 55.000000
2.5400 62.6600 51.8400 909.000000 0.000000 163.000000 55.000000
2.5500 62.4700 51.2800 900.000000 0.000000 163.000000 55.000000
2.5600 62.3400 50.4400 926.000000 0.000000 163.000000 54.000000
2.5700 62.4100 49.4200 976.000000 0.000000 163.000000 54.000000
2.5800 62.6100 48.4100 1009.000000 0.000000 163.000000 55.000000
2.5900 63.0400 47.7600 1023.000000 0.000000 163.000000 55.000000
2.6000 63.5900 47.3500 1023.000000 0.000000 160.000000 55.000000
2.6100 64.2200 47.3500 1023.000000 0.000000 160.000000 55.000000
2.6200 64.7600 47.5300 1023.000000 0.000000 160.000000 56.000000
2.6300 65.0300 47.9200 1023.000000 0.000000 160.000000 56.000000
2.6400 65.1200 48.5800 938.000000 0.000000 157.000000 57.000000
2.6500 65.1700 49.1800 694.000000 0.000000 157.000000 57.000000
2.6600 65.1700 49.7500 115.000000 0.000000 157.000000 57.000000
2.6700 65.1700 49.7500 0.000000 1.000000 157.000000 57.000000
2.6800 65.4300 50.1000 0.000000 0.000000 159.000000 57.000000
2.6900 65.5200 50.1000 0.000000 0.000000 159.000000 57.000000
2.7000 65.5200 50.1800 0.000000 0.000000 159.000000 57.000000
2.7100 65.6700 50.2700 0.000000 0.000000 159.000000 57.000000
2.7200 65.8300 50.3900 0.000000 0.000000 159.000000 57.000000
2.7300 66.3000 50.5200 0.000000 0.000000 161.000000 57.000000
2.7400 66.9600 50.7500 0.000000 0.000000 161.000000 57.000000
2.7500 68.0600 51.0400 0.000000 0.000000 161.000000 57.000000
2.7600 69.2900 51.3100 0.000000 0.000000 163.000000 57.000000
2.7700 70.6000 51.5600 0.000000 0.000000 163.000000 57.000000
2.7800 71.3700 51.7600 0.000000 0.000000 163.000000 57.000000
2.7900 71.4900 51.9000 0.000000 0.000000 163.000000 56.000000
2.8000 71.1800 51.9700 0.000000 0.000000 163.000000 56.000000
2.8100 70.3200 51.9700 0.000000 0.000000 163.000000 56.000000
2.8200 69.4200 52.0600 0.000000 0.000000 164.000000 55.000000
2.8300 68.5000 52.1800 0.000000 0.000000 164.000000 55.000000
2.8400 67.7700 52.3200 0.000000 0.000000 164.000000 55.000000
2.8500 67.3300 52.4100 0.000000 0.000000 164.000000 54.000000
2.8600 67.0800 52.5200 0.000000 0.000000 166.000000 54.000000
2.8700 67.0800 52.6600 0.000000 0.000000 166.000000 54.000000
2.8800 67.2300 52.8300 0.000000 0.000000 166.000000 53.000000
2.8900 67.5100 52.8300 0.000000 0.000000 166.000000 53.000000
2.9000 67.5100 52.8300 616.000000 1.000000 168.000000 53.000000
2.9100 67.9100 52.7800 667.000000 0.000000 168.000000 53.000000
2.9200 67.8200 52.7000 725.000000 0.000000 168.000000 53.000000
2.9300 67.7600 52.6100 817.000000 0.000000 168.000000 53.000000
2.9400 67.3800 52.3200 872.000000 0.000000 166.000000 53.000000
2.9500 66.7800 51.9000 921.000000 0.000000 166.000000 53.000000
2.9600 66.1500 51.2400 967.000000 0.000000 166.000000 54.000000
2.9700 65.7000 50.5700 977.000000 0.000000 166.000000 54.000000
2.9800 65.3600 49.9100 977.000000 0.000000 166.000000 54.000000
2.9900 65.3600 49.4100 974.000000 0.000000 166.000000 54.000000
3.0000 65.6500 48.9900 982.000000 0.000000 165.000000 55.000000
3.0100 66.1100 48.7200 980.000000 0.000000 164.000000 55.000000
3.0200 66.8500 48.8000 985.000000 0.000000 164.000000 55.000000
3.0300 67.6200 49.1100 989.000000 0.000000 163.000000 56.000000
3.0400 68.1400 49.5800 983.000000 0.000000 162.000000 56.000000
3.0500 68.4700 50.0000 982.000000 0.000000 162.000000 56.000000
3.0600 68.3500 50.2600 958.000000 0.000000 162.000000 56.000000
3.0700 68.1400 50.4300 947.000000 0.000000 162.000000 56.000000
3.0800 67.8600 50.4300 949.000000 0.000000 162.000000 56.000000
3.0900 67.5700 50.3300 958.000000 0.000000 162.000000 56.000000
3.1000 67.3200 50.0800 973.000000 0.000000 163.000000 56.000000
3.1100 67.1600 49.6500 976.000000 0.000000 163.000000 56.000000
3.1200 67.1600 49.2900 986.000000 0.000000 163.000000 56.000000
3.1300 67.3000 48.9800 973.000000 0.000000 163.000000 56.000000
3.1400 67.4500 48.8400 973.000000 0.000000 163.000000 56.000000
3.1500 67.8800 48.8400 965.000000 0.000000 162.000000 56.000000
3.1600 68.5000 48.9700 967.000000 0.000000 162.000000 56.000000
3.1700 69.1400 49.3400 973.000000 0.000000 161.000000 57.000000
3.1800 69.5600 49.7000 977.000000 0.000000 161.000000 57.000000
3.1900 69.8400 50.0600 982.000000 0.000000 161.000000 57.000000
3.2000 69.8400 50.2400 980.000000 0.000000 161.000000 57.000000
3.2100 69.8400 50.3600 986.000000 0.000000 161.000000 57.000000
3.2200 69.7600 50.3600 985.000000 0.000000 162.000000 56.000000
3.2300 69.7600 50.3600 980.000000 0.000000 162.000000 56.000000
3.2400 69.7600 50.2700 982.000000 0.000000 163.000000 56.000000
3.2500 69.7600 50.1300 973.000000 0.000000 163.000000 56.000000
3.2600 69.8200 49.9600 958.000000 0.000000 163.000000 56.000000
3.2700 69.9200 49.8700 962.000000 0.000000 163.000000 56.000000
3.2800 70.0900 49.8700 968.000000 0.000000 163.000000 56.000000
3.2900 70.3600 49.8700 968.000000 0.000000 163.000000 56.000000
3.3000 70.6300 49.9400 965.000000 0.000000 163.000000 57.000000
3.3100 70.9000 50.0900 962.000000 0.000000 163.000000 57.000000
3.3200 71.1600 50.1800 958.000000 0.000000 163.000000 57.000000
3.3300 71.2300 50.2300 953.000000 0.000000 163.000000 57.000000
3.3400 71.1700 50.2300 946.000000 0.000000 163.000000 57.000000
3.3500 71.1700 50.2300 938.000000 0.000000 163.000000 57.000000
3.3600 71.1700 50.2800 940.000000 0.000000 163.000000 57.000000
3.3700 71.2200 50.2800 940.000000 0.000000 163.000000 57.000000
3.3800 71.2200 50.2800 947.000000 0.000000 163.000000 57.000000
3.3900 71.2200 50.2100 971.000000 0.000000 163.000000 56.000000
3.4000 71.3000 50.0600 991.000000 0.000000 163.000000 56.000000
3.4100 71.4000 49.8300 994.000000 0.000000 163.000000 56.000000
3.4200 71.5200 49.6300 977.000000 0.000000 163.000000 57.000000
3.4300 71.6700 49.4500 997.000000 0.000000 163.000000 57.000000
3.4400 71.8900 49.3300 979.000000 0.000000 163.000000 57.000000
3.4500 72.2500 49.3300 978.000000 0.000000 163.000000 57.000000
3.4600 72.6900 49.5100 994.000000 0.000000 163.000000 57.000000
3.4700 73.0700 49.8600 992.000000 0.000000 163.000000 57.000000
3.4800 73.3900 50.1900 989.000000 0.000000 163.000000 57.000000
3.4900 73.3900 50.5000 985.000000 0.000000 163.000000 57.000000
3.5000 73.2600 50.7000 988.000000 0.000000 163.000000 57.000000
3.5100 73.1000 50.7700 985.000000 0.000000 163.000000 57.000000
3.5200 73.0100 50.7700 982.000000 0.000000 164.000000 57.000000
3.5300 72.9400 50.6800 976.000000 0.000000 164.000000 57.000000
3.5400 72.9400 50.5800 977.000000 0.000000 164.000000 57.000000
3.5500 73.0100 50.4400 977.000000 0.000000 164.000000 57.000000
3.5600 73.1600 50.2900 985.000000 0.000000 164.000000 57.000000
3.5700 73.3600 50.2000 983.000000 0.000000 164.000000 57.000000
3.5800 73.4400 50.1500 983.000000 0.000000 164.000000 57.000000
3.5900 73.4400 50.1500 979.000000 0.000000 163.000000 57.000000
3.6000 73.5900 50.2200 982.000000 0.000000 163.000000 57.000000
3.6100 73.7900 50.3200 976.000000 0.000000 163.000000 57.000000
3.6200 73.9800 50.4200 974.000000 0.000000 163.000000 57.000000
3.6300 74.1300 50.5400 971.000000 0.000000 163.000000 57.000000
3.6400 74.3000 50.7000 971.000000 0.000000 163.000000 57.000000
3.6500 74.3000 50.7000 955.000000 0.000000 163.000000 57.000000
3.6600 74.2000 50.5900 937.000000 0.000000 164.000000 57.000000
3.6700 74.1200 50.4300 915.000000 0.000000 164.000000 57.000000
3.6800 74.0500 50.2600 902.000000 0.000000 164.000000 57.000000
3.6900 74.0500 50.0800 855.000000 0.000000 164.000000 57.000000
3.7000 74.1200 49.9300 864.000000 0.000000 164.000000 57.000000
3.7100 74.2700 49.8700 861.000000 0.000000 164.000000 58.000000
3.7200 74.4600 49.8700 893.000000 0.000000 164.000000 58.000000
3.7300 74.7100 50.0300 921.000000 0.000000 164.000000 58.000000
3.7400 74.9800 50.2100 958.000000 0.000000 164.000000 58.000000
3.7500 75.1800 50.4100 992.000000 0.000000 164.000000 58.000000
3.7600 75.3400 50.6700 999.000000 0.000000 164.000000 58.000000
3.7700 75.5300 51.0000 1017.000000 0.000000 164.000000 58.000000
3.7800 75.7300 51.3900 1023.000000 0.000000 164.000000 58.000000
3.7900 75.9200 51.9400 1023.000000 0.000000 164.000000 58.000000
3.8000 75.7400 52.5600 1023.000000 0.000000 165.000000 58.000000
3.8100 75.3300 53.2200 1023.000000 0.000000 166.000000 57.000000
3.8200 74.3900 54.0000 1015.000000 0.000000 166.000000 57.000000
3.8300 72.8800 54.3400 999.000000 0.000000 167.000000 57.000000
3.8400 70.9900 54.4000 985.000000 0.000000 168.000000 56.000000
3.8500 68.5100 53.8500 958.000000 0.000000 168.000000 56.000000
3.8600 65.4100 52.8500 956.000000 0.000000 168.000000 56.000000
3.8700 61.9000 51.5600 962.000000 0.000000 168.000000 55.000000
3.8800 58.8000 49.9600 990.000000 0.000000 168.000000 55.000000
3.8900 56.3900 48.3600 1023.000000 0.000000 167.000000 55.000000
3.9000 54.4400 46.7700 1023.000000 0.000000 166.000000 56.000000
3.9100 54.0000 45.7100 1023.000000 0.000000 165.000000 56.000000
3.9200 54.5200 44.9200 1023.000000 0.000000 164.000000 57.000000
3.9300 55.6700 44.3000 1023.000000 0.000000 164.000000 57.000000
3.9400 57.8100 44.1700 1023.000000 0.000000 162.000000 58.000000
3.9500 60.7200 44.6100 1023.000000 0.000000 161.000000 59.000000
3.9600 64.1400 45.4200 1023.000000 0.000000 161.000000 60.000000
3.9700 67.2600 46.5100 1023.000000 0.000000 162.000000 60.000000
3.9800 69.6300 47.7400 1023.000000 0.000000 162.000000 60.000000
3.9900 71.4900 49.0600 1023.000000 0.000000 162.000000 60.000000
4.0000 72.0500 50.0000 1023.000000 0.000000 164.000000 60.000000
4.0100 71.4000 50.9000 1023.000000 0.000000 165.000000 59.000000
4.0200 69.9400 51.3700 1023.000000 0.000000 166.000000 59.000000
4.0300 67.2600 51.5800 1023.000000 0.000000 167.000000 58.000000
4.0400 64.0400 51.3700 1023.000000 0.000000 167.000000 57.000000
4.0500 60.4500 50.8600 1023.000000 0.000000 168.000000 56.000000
4.0600 57.2700 50.1500 1023.000000 0.000000 168.000000 56.000000
4.0700 54.6500 49.1600 1023.000000 0.000000 168.000000 56.000000
4.0800 52.3900 48.1200 1023.000000 0.000000 167.000000 55.000000
4.0900 51.5300 47.2400 1023.000000 0.000000 165.000000 56.000000
4.1000 51.8700 46.5000 1023.000000 0.000000 165.000000 56.000000
4.1100 53.0200 45.7200 1023.000000 0.000000 163.000000 57.000000
4.1200 55.7100 45.4900 1023.000000 0.000000 162.000000 58.000000
4.1300 59.2700 45.6300 1023.000000 0.000000 161.000000 59.000000
4.1400 63.4100 46.4200 1023.000000 0.000000 161.000000 59.000000
4.1500 67.3200 47.4600 1023.000000 0.000000 161.000000 60.000000
4.1600 70.2400 48.6800 1023.000000 0.000000 161.000000 60.000000
4.1700 72.5000 49.9000 1023.000000 0.000000 162.000000 60.000000
4.1800 73.1500 50.7300 1023.000000 0.000000 164.000000 60.000000
4.1900 72.1500 51.3100 1023.000000 0.000000 166.000000 59.000000
4.2000 70.0600 51.7000 1023.000000 0.000000 167.000000 58.000000
4.2100 66.2000 51.3900 1023.000000 0.000000 168.000000 58.000000
4.2200 62.0200 50.6100 1023.000000 0.000000 169.000000 58.000000
4.2300 57.6300 49.4900 1023.000000 0.000000 169.000000 58.000000
4.2400 54.5700 48.3600 1023.000000 0.000000 169.000000 57.000000
4.2500 52.8000 47.2000 1023.000000 0.000000 168.000000 56.000000
4.2600 51.9000 46.4200 1023.000000 0.000000 167.000000 57.000000
4.2700 52.4300 45.9000 1023.000000 0.000000 166.000000 57.000000
4.2800 54.7000 45.6400 1023.000000 0.000000 164.000000 58.000000
4.2900 58.1200 46.0900 1023.000000 0.000000 164.000000 58.000000
4.3000 62.9200 47.0200 1023.000000 0.000000 163.000000 59.000000
4.3100 68.2200 48.3800 1023.000000 0.000000 163.000000 59.000000
4.3200 73.8600 49.4700 1023.000000 0.000000 163.000000 59.000000
4.3300 77.6600 50.3700 983.000000 0.000000 165.000000 59.000000
