0.0000 52.3200 27.1600 183.000000 1.000000 349.000000 65.000000
0.0100 50.4700 27.9100 101.000000 0.000000 350.000000 64.000000
0.0200 50.4700 27.9100 0.000000 1.000000 348.000000 63.000000
0.0300 49.7200 28.7000 0.000000 0.000000 347.000000 61.000000
0.0400 49.1500 28.7000 0.000000 0.000000 346.000000 60.000000
0.0500 48.7900 28.5000 0.000000 0.000000 345.000000 59.000000
0.0600 48.3900 28.4300 0.000000 0.000000 344.000000 58.000000
0.0700 47.9400 28.6100 0.000000 0.000000 344.000000 57.000000
0.0800 47.6900 28.9500 0.000000 0.000000 344.000000 57.000000
0.0900 47.5600 29.3600 0.000000 0.000000 345.000000 56.000000
0.1000 47.6900 29.7300 0.000000 0.000000 346.000000 56.000000
0.1100 47.9900 29.9900 0.000000 0.000000 346.000000 56.000000
0.1200 48.4100 30.1900 0.000000 0.000000 346.000000 56.000000
0.1300 48.8700 30.4700 0.000000 0.000000 346.000000 56.000000
0.1400 49.3700 30.8400 0.000000 0.000000 346.000000 56.000000
0.1500 49.8900 31.2600 0.000000 0.000000 347.000000 55.000000
0.1600 50.3100 31.8300 0.000000 0.000000 347.000000 55.000000
0.1700 50.5500 32.4200 0.000000 0.000000 347.000000 55.000000
0.1800 50.6800 33.0400 0.000000 0.000000 347.000000 54.000000
0.1900 50.6800 33.5800 0.000000 0.000000 346.000000 54.000000
0.2000 50.5900 34.0700 0.000000 0.000000 345.000000 55.000000
0.2100 50.5900 34.5500 0.000000 0.000000 344.000000 55.000000
0.2200 50.5900 34.9500 0.000000 0.000000 344.000000 55.000000
0.2300 50.7700 35.3100 0.000000 0.000000 342.000000 56.000000
0.2400 50.9700 35.5000 0.000000 0.000000 340.000000 55.000000
0.2500 51.2100 35.6000 0.000000 0.000000 340.000000 56.000000
0.2600 51.4800 35.6000 0.000000 0.000000 340.000000 56.000000
0.2700 51.4800 35.6000 435.000000 1.000000 338.000000 56.000000
0.2800 51.6300 34.8000 464.000000 0.000000 338.000000 56.000000
0.2900 51.3100 33.7900 472.000000 0.000000 338.000000 56.000000
0.3000 50.7600 32.5300 497.000000 0.000000 337.000000 56.000000
0.3100 49.7400 31.1800 543.000000 0.000000 338.000000 56.000000
0.3200 48.6600 29.7800 543.000000 0.000000 338.000000 56.000000
0.3300 47.5400 28.7400 536.000000 0.000000 338.000000 56.000000
0.3400 46.4700 28.0600 515.000000 0.000000 340.000000 56.000000
0.3500 45.7100 27.6300 418.000000 0.000000 340.000000 56.000000
0.3600 45.1200 27.5800 237.000000 0.000000 341.000000 57.000000
0.3700 44.7700 27.8900 148.000000 0.000000 341.000000 57.000000
0.3800 44.7700 28.4300 63.000000 0.000000 343.000000 57.000000
0.3900 44.7700 28.4300 0.000000 1.000000 343.000000 57.000000
0.4000 45.1000 29.7400 0.000000 0.000000 344.000000 57.000000
0.4100 45.3700 30.3800 0.000000 0.000000 346.000000 57.000000
0.4200 45.7000 30.9600 0.000000 0.000000 347.000000 57.000000
0.4300 46.0200 31.5200 0.000000 0.000000 349.000000 57.000000
0.4400 46.3300 32.0900 0.000000 0.000000 349.000000 57.000000
0.4500 46.3300 32.0900 112.000000 1.000000 351.000000 57.000000
0.4600 47.3000 33.3500 200.000000 0.000000 351.000000 57.000000
0.4700 47.8400 34.0000 285.000000 0.000000 351.000000 57.000000
0.4800 48.5900 34.7000 386.000000 0.000000 351.000000 56.000000
0.4900 49.4700 35.4600 491.000000 0.000000 350.000000 56.000000
0.5000 50.4100 36.1400 554.000000 0.000000 348.000000 56.000000
0.5100 51.5500 36.5000 610.000000 0.000000 345.000000 56.000000
0.5200 52.8100 36.6900 661.000000 0.000000 343.000000 56.000000
0.5300 54.4400 36.8800 690.000000 0.000000 341.000000 57.000000
0.5400 56.1900 36.8800 688.000000 0.000000 340.000000 56.000000
0.5500 58.0100 36.7000 700.000000 0.000000 337.000000 57.000000
0.5600 59.5300 36.3100 703.000000 0.000000 336.000000 57.000000
0.5700 60.1500 35.5500 703.000000 0.000000 334.000000 56.000000
0.5800 60.1500 34.5400 699.000000 0.000000 333.000000 56.000000
0.5900 59.0200 33.0200 691.000000 0.000000 332.000000 56.000000
0.6000 56.4400 31.2100 687.000000 0.000000 330.000000 55.000000
0.6100 52.9000 29.2200 685.000000 0.000000 330.000000 55.000000
0.6200 49.1300 27.7800 705.000000 0.000000 330.000000 55.000000
0.6300 46.6300 26.8900 724.000000 0.000000 332.000000 56.000000
0.6400 44.9700 26.3800 739.000000 0.000000 334.000000 55.000000
0.6500 44.1000 26.1900 743.000000 0.000000 337.000000 56.000000
0.6600 43.7600 26.2600 754.000000 0.000000 340.000000 55.000000
0.6700 43.7600 26.5100 791.000000 0.000000 342.000000 56.000000
0.6800 44.3300 27.1000 836.000000 0.000000 343.000000 56.000000
0.6900 46.1600 27.9600 888.000000 0.000000 345.000000 55.000000
0.7000 48.8300 28.9900 897.000000 0.000000 347.000000 55.000000
0.7100 52.3100 30.2700 906.000000 0.000000 347.000000 55.000000
0.7200 57.0300 31.8100 881.000000 0.000000 345.000000 56.000000
0.7300 62.5700 33.5300 821.000000 0.000000 343.000000 56.000000
0.7400 68.0800 35.2400 780.000000 0.000000 340.000000 55.000000
0.7500 72.4100 37.0500 761.000000 0.000000 335.000000 55.000000
0.7600 75.9600 38.2000 662.000000 0.000000 332.000000 56.000000
0.7700 77.3400 38.8900 481.000000 0.000000 325.000000 55.000000
0.7800 77.9000 39.2400 125.000000 0.000000 320.000000 54.000000
0.7900 77.9000 39.2400 0.000000 1.000000 315.000000 53.000000
0.8000 77.1700 38.8300 0.000000 0.000000 311.000000 52.000000
0.8100 76.0800 38.0600 0.000000 0.000000 308.000000 52.000000
0.8200 74.7400 37.1100 0.000000 0.000000 307.000000 51.000000
0.8300 73.3100 36.0500 0.000000 0.000000 306.000000 51.000000
0.8400 71.9000 35.4000 0.000000 0.000000 306.000000 51.000000
0.8500 70.4900 34.7700 0.000000 0.000000 305.000000 51.000000
0.8600 69.2100 34.1500 0.000000 0.000000 305.000000 51.000000
0.8700 67.8100 33.4700 0.000000 0.000000 305.000000 51.000000
0.8800 66.3200 32.7000 0.000000 0.000000 305.000000 51.000000
0.8900 65.5100 31.8800 0.000000 0.000000 305.000000 51.000000
0.9000 65.0400 31.1400 0.000000 0.000000 306.000000 51.000000
0.9100 64.7900 30.4100 0.000000 0.000000 306.000000 51.000000
0.9200 65.0400 29.9900 0.000000 0.000000 307.000000 52.000000
0.9300 64.7100 29.7700 0.000000 0.000000 307.000000 52.000000
0.9400 63.9900 30.1700 0.000000 0.000000 305.000000 53.000000
0.9500 63.3200 30.6000 0.000000 0.000000 308.000000 53.000000
0.9600 62.5500 31.1800 0.000000 0.000000 308.000000 53.000000
0.9700 61.7200 31.8500 0.000000 0.000000 309.000000 53.000000
0.9800 60.8300 32.3400 0.000000 0.000000 310.000000 53.000000
0.9900 59.9100 32.7200 0.000000 0.000000 310.000000 53.000000
1.0000 59.2400 33.0400 0.000000 0.000000 310.000000 53.000000
1.0100 58.7300 33.2400 0.000000 0.000000 310.000000 53.000000
1.0200 58.3200 33.0400 0.000000 0.000000 315.000000 55.000000
1.0300 58.0400 32.5700 0.000000 0.000000 323.000000 55.000000
1.0400 57.8400 31.9400 0.000000 0.000000 330.000000 54.000000
1.0500 57.7100 31.8900 0.000000 0.000000 336.000000 53.000000
1.0600 57.7100 32.2800 0.000000 0.000000 339.000000 50.000000
1.0700 57.7100 32.7800 0.000000 0.000000 338.000000 51.000000
1.0800 57.7100 33.1200 0.000000 0.000000 337.000000 52.000000
1.0900 57.9300 33.3200 0.000000 0.000000 337.000000 52.000000
1.1000 58.1800 33.4400 0.000000 0.000000 336.000000 53.000000
1.1100 58.3900 33.5200 0.000000 0.000000 336.000000 53.000000
1.1200 58.5600 33.5900 0.000000 0.000000 336.000000 53.000000
1.1300 58.6900 33.6600 0.000000 0.000000 336.000000 55.000000
1.1400 58.8000 33.8300 0.000000 0.000000 338.000000 55.000000
1.1500 59.0200 34.0000 0.000000 0.000000 338.000000 55.000000
1.1600 59.3100 34.1600 0.000000 0.000000 338.000000 56.000000
1.1700 59.8200 34.3200 0.000000 0.000000 338.000000 56.000000
1.1800 60.3700 34.5100 0.000000 0.000000 338.000000 56.000000
1.1900 60.3700 34.5100 299.000000 1.000000 338.000000 56.000000
1.2000 61.4000 35.0700 436.000000 0.000000 338.000000 56.000000
1.2100 61.6000 34.9900 440.000000 0.000000 337.000000 56.000000
1.2200 61.6000 34.9300 452.000000 0.000000 334.000000 56.000000
1.2300 61.5000 34.8700 478.000000 0.000000 333.000000 56.000000
1.2400 61.3500 34.7900 494.000000 0.000000 333.000000 56.000000
1.2500 60.9600 34.6400 512.000000 0.000000 333.000000 56.000000
1.2600 60.4100 34.4600 522.000000 0.000000 332.000000 56.000000
1.2700 59.7300 34.2400 537.000000 0.000000 332.000000 56.000000
1.2800 59.1500 33.9700 567.000000 0.000000 332.000000 56.000000
1.2900 58.7200 33.6700 608.000000 0.000000 332.000000 56.000000
1.3000 58.3600 33.4100 620.000000 0.000000 334.000000 55.000000
1.3100 58.2800 33.1700 630.000000 0.000000 334.000000 55.000000
1.3200 58.2800 33.0500 625.000000 0.000000 334.000000 55.000000
1.3300 58.4000 33.0000 619.000000 0.000000 334.000000 55.000000
1.3400 58.6800 33.0000 597.000000 0.000000 335.000000 55.000000
1.3500 59.1500 33.1400 577.000000 0.000000 335.000000 55.000000
1.3600 59.7500 33.4000 536.000000 0.000000 335.000000 55.000000
1.3700 60.4700 33.8600 521.000000 0.000000 335.000000 55.000000
1.3800 60.9700 34.3400 518.000000 0.000000 335.000000 55.000000
1.3900 61.3300 34.7100 517.000000 0.000000 334.000000 55.000000
1.4000 61.5700 35.0200 522.000000 0.000000 334.000000 55.000000
1.4100 61.6400 35.0800 526.000000 0.000000 334.000000 55.000000
1.4200 61.5900 35.0200 535.000000 0.000000 333.000000 56.000000
1.4300 61.4200 34.8800 538.000000 0.000000 332.000000 56.000000
1.4400 61.1900 34.5900 538.000000 0.000000 332.000000 56.000000
1.4500 60.8700 34.2300 540.000000 0.000000 332.000000 56.000000
1.4600 60.5000 33.8200 536.000000 0.000000 330.000000 55.000000
1.4700 60.2700 33.4400 542.000000 0.000000 332.000000 56.000000
1.4800 60.1200 33.0900 545.000000 0.000000 332.000000 56.000000
1.4900 60.1700 32.9200 545.000000 0.000000 332.000000 56.000000
1.5000 60.3400 32.8700 535.000000 0.000000 332.000000 56.000000
1.5100 60.6000 33.0600 520.000000 0.000000 333.000000 55.000000
1.5200 61.0800 33.3100 509.000000 0.000000 333.000000 55.000000
1.5300 61.4600 33.6500 480.000000 0.000000 333.000000 55.000000
1.5400 61.7700 34.0300 435.000000 0.000000 333.000000 55.000000
1.5500 62.0500 34.2700 423.000000 0.000000 333.000000 55.000000
1.5600 62.2000 34.4100 423.000000 0.000000 331.000000 54.000000
1.5700 62.2600 34.4100 430.000000 0.000000 331.000000 54.000000
1.5800 62.2600 34.3100 461.000000 0.000000 331.000000 54.000000
1.5900 62.2000 34.1000 492.000000 0.000000 331.000000 54.000000
1.6000 62.0900 33.8400 502.000000 0.000000 331.000000 54.000000
1.6100 61.9800 33.6300 504.000000 0.000000 331.000000 54.000000
1.6200 61.8800 33.4900 501.000000 0.000000 331.000000 54.000000
1.6300 61.8800 33.4400 494.000000 0.000000 331.000000 54.000000
1.6400 61.9300 33.5600 498.000000 0.000000 331.000000 54.000000
1.6500 62.0700 33.7700 491.000000 0.000000 331.000000 54.000000
1.6600 62.3000 34.1100 468.000000 0.000000 331.000000 54.000000
1.6700 62.6000 34.4000 465.000000 0.000000 331.000000 54.000000
1.6800 63.0100 34.6500 468.000000 0.000000 331.000000 54.000000
1.6900 63.3600 34.8000 475.000000 0.000000 330.000000 55.000000
1.7000 63.4400 34.8000 490.000000 0.000000 329.000000 55.000000
1.7100 63.3600 34.7100 490.000000 0.000000 329.000000 55.000000
1.7200 63.3100 34.6100 485.000000 0.000000 329.000000 55.000000
1.7300 63.2300 34.5400 486.000000 0.000000 329.000000 55.000000
1.7400 63.1000 34.5400 480.000000 0.000000 329.000000 55.000000
1.7500 63.0100 34.5400 483.000000 0.000000 329.000000 55.000000
1.7600 63.0100 34.5400 491.000000 0.000000 329.000000 55.000000
1.7700 62.9200 34.4800 491.000000 0.000000 329.000000 55.000000
1.7800 62.9800 34.4800 486.000000 0.000000 329.000000 55.000000
1.7900 63.1000 34.5400 477.000000 0.000000 330.000000 54.000000
1.8000 63.4200 34.6600 465.000000 0.000000 329.000000 55.000000
1.8100 63.7200 34.8600 458.000000 0.000000 329.000000 55.000000
1.8200 64.0100 35.0900 443.000000 0.000000 329.000000 55.000000
1.8300 64.2800 35.2400 443.000000 0.000000 329.000000 55.000000
1.8400 64.3500 35.3500 443.000000 0.000000 329.000000 55.000000
1.8500 64.2800 35.3000 458.000000 0.000000 329.000000 55.000000
1.8600 64.0300 35.1000 469.000000 0.000000 329.000000 55.000000
1.8700 63.6600 34.8000 490.000000 0.000000 327.000000 55.000000
1.8800 63.2200 34.4500 501.000000 0.000000 327.000000 55.000000
1.8900 63.0200 34.1100 521.000000 0.000000 327.000000 55.000000
1.9000 62.9600 33.9600 533.000000 0.000000 329.000000 55.000000
1.9100 62.9600 33.9600 529.000000 0.000000 329.000000 55.000000
1.9200 63.1700 34.1100 529.000000 0.000000 329.000000 55.000000
1.9300 63.7600 34.4500 530.000000 0.000000 329.000000 55.000000
1.9400 64.6100 34.9200 516.000000 0.000000 329.000000 55.000000
1.9500 65.5300 35.4600 502.000000 0.000000 329.000000 55.000000
1.9600 66.6900 36.0500 494.000000 0.000000 329.000000 55.000000
1.9700 68.0200 36.7200 491.000000 0.000000 326.000000 55.000000
1.9800 69.4200 37.4700 491.000000 0.000000 326.000000 55.000000
1.9900 70.2500 37.9800 486.000000 0.000000 325.000000 55.000000
2.0000 70.7100 38.3300 466.000000 0.000000 323.000000 55.000000
2.0100 70.5700 38.3300 468.000000 0.000000 321.000000 55.000000
2.0200 69.5000 37.9500 467.000000 0.000000 320.000000 54.000000
2.0300 67.8200 37.2700 474.000000 0.000000 320.000000 54.000000
2.0400 66.0600 36.1200 485.000000 0.000000 320.000000 54.000000
2.0500 64.3000 35.0200 491.000000 0.000000 320.000000 54.000000
2.0600 62.8800 34.0000 489.000000 0.000000 321.000000 55.000000
2.0700 61.6900 33.0300 486.000000 0.000000 324.000000 54.000000
2.0800 61.1400 32.4900 397.000000 0.000000 325.000000 55.000000
2.0900 60.9600 32.2800 213.000000 0.000000 327.000000 55.000000
2.1000 60.9600 32.2800 0.000000 1.000000 329.000000 55.000000
2.1100 61.6400 32.5700 0.000000 0.000000 330.000000 55.000000
2.1200 62.5600 33.0300 0.000000 0.000000 331.000000 54.000000
2.1300 63.6700 33.6100 0.000000 0.000000 331.000000 54.000000
2.1400 65.0600 34.3200 0.000000 0.000000 331.000000 54.000000
2.1500 66.4300 35.2200 0.000000 0.000000 331.000000 54.000000
2.1600 67.7900 36.2400 0.000000 0.000000 331.000000 54.000000
2.1700 67.7900 36.2400 137.000000 1.000000 329.000000 55.000000
2.1800 70.4800 38.4600 245.000000 0.000000 327.000000 55.000000
2.1900 71.5000 39.3000 277.000000 0.000000 325.000000 55.000000
2.2000 72.6600 40.1400 330.000000 0.000000 323.000000 55.000000
2.2100 73.9100 40.7800 425.000000 0.000000 321.000000 55.000000
2.2200 75.3100 41.2800 466.000000 0.000000 317.000000 54.000000
2.2300 76.3300 41.6000 467.000000 0.000000 315.000000 54.000000
2.2400 77.0900 41.7700 481.000000 0.000000 314.000000 54.000000
2.2500 77.2800 41.8300 499.000000 0.000000 311.000000 54.000000
2.2600 76.9700 41.7300 512.000000 0.000000 310.000000 53.000000
2.2700 76.3300 41.2000 522.000000 0.000000 309.000000 52.000000
2.2800 74.5400 40.3900 499.000000 0.000000 309.000000 52.000000
2.2900 72.4400 39.4900 502.000000 0.000000 309.000000 52.000000
2.3000 70.1200 38.5700 516.000000 0.000000 309.000000 52.000000
2.3100 68.0000 37.6300 522.000000 0.000000 310.000000 53.000000
2.3200 66.5900 36.6200 574.000000 0.000000 313.000000 53.000000
2.3300 65.6600 35.6600 586.000000 0.000000 314.000000 54.000000
2.3400 65.0300 34.7400 602.000000 0.000000 316.000000 54.000000
2.3500 64.7200 34.1600 613.000000 0.000000 317.000000 54.000000
2.3600 64.6100 33.8300 595.000000 0.000000 321.000000 55.000000
2.3700 64.7800 33.6800 551.000000 0.000000 324.000000 54.000000
2.3800 65.5100 33.6800 515.000000 0.000000 324.000000 54.000000
2.3900 66.6200 34.1500 491.000000 0.000000 326.000000 54.000000
2.4000 68.1300 34.8800 464.000000 0.000000 326.000000 54.000000
2.4100 69.5400 35.7800 460.000000 0.000000 326.000000 54.000000
2.4200 70.8800 36.4100 456.000000 0.000000 325.000000 55.000000
2.4300 71.1500 36.8600 450.000000 0.000000 324.000000 54.000000
2.4400 71.1500 36.9100 458.000000 0.000000 322.000000 54.000000
2.4500 70.8900 36.8100 461.000000 0.000000 321.000000 55.000000
2.4600 70.3700 36.6100 466.000000 0.000000 320.000000 54.000000
2.4700 69.9000 36.4600 471.000000 0.000000 317.000000 54.000000
2.4800 69.4700 36.2900 486.000000 0.000000 317.000000 54.000000
2.4900 69.0800 36.0700 492.000000 0.000000 317.000000 54.000000
2.5000 68.8100 35.8200 509.000000 0.000000 317.000000 54.000000
2.5100 68.6300 35.6200 540.000000 0.000000 319.000000 54.000000
2.5200 68.6300 35.4900 548.000000 0.000000 320.000000 54.000000
2.5300 68.7100 35.4900 540.000000 0.000000 320.000000 54.000000
2.5400 68.8600 35.4900 527.000000 0.000000 321.000000 53.000000
2.5500 69.3700 35.7400 505.000000 0.000000 321.000000 53.000000
2.5600 70.0200 36.1200 465.000000 0.000000 321.000000 53.000000
2.5700 70.7700 36.7200 439.000000 0.000000 321.000000 53.000000
2.5800 71.5800 37.3800 446.000000 0.000000 320.000000 54.000000
2.5900 72.2200 37.7300 444.000000 0.000000 319.000000 54.000000
2.6000 72.3400 37.8600 439.000000 0.000000 319.000000 54.000000
2.6100 72.1600 37.7500 461.000000 0.000000 317.000000 53.000000
2.6200 71.7100 37.4300 477.000000 0.000000 316.000000 52.000000
2.6300 71.0400 36.9800 495.000000 0.000000 316.000000 52.000000
2.6400 70.2100 36.5200 499.000000 0.000000 316.000000 52.000000
2.6500 69.5300 36.2200 509.000000 0.000000 316.000000 52.000000
2.6600 69.0900 36.0200 507.000000 0.000000 316.000000 52.000000
2.6700 68.8000 35.9000 502.000000 0.000000 317.000000 53.000000
2.6800 68.8000 35.9000 499.000000 0.000000 317.000000 53.000000
2.6900 68.9600 35.9700 494.000000 0.000000 319.000000 54.000000
2.7000 69.2100 36.1500 488.000000 0.000000 320.000000 53.000000
2.7100 69.7400 36.3400 495.000000 0.000000 321.000000 53.000000
2.7200 70.3500 36.5700 473.000000 0.000000 321.000000 53.000000
2.7300 71.0000 36.8100 483.000000 0.000000 320.000000 54.000000
2.7400 71.4500 37.0700 481.000000 0.000000 320.000000 54.000000
2.7500 71.8600 37.3200 481.000000 0.000000 319.000000 54.000000
2.7600 72.2300 37.5600 483.000000 0.000000 319.000000 54.000000
2.7700 72.2300 37.6400 485.000000 0.000000 316.000000 54.000000
2.7800 72.2300 37.6400 493.000000 0.000000 315.000000 53.000000
2.7900 72.1600 37.5100 499.000000 0.000000 315.000000 53.000000
2.8000 71.9900 37.2800 515.000000 0.000000 315.000000 53.000000
2.8100 71.7400 36.9800 521.000000 0.000000 314.000000 52.000000
2.8200 71.4800 36.6500 543.000000 0.000000 315.000000 52.000000
2.8300 71.2300 36.3600 542.000000 0.000000 316.000000 52.000000
2.8400 71.1400 36.2500 532.000000 0.000000 316.000000 52.000000
2.8500 71.1400 36.2500 516.000000 0.000000 316.000000 52.000000
2.8600 71.2200 36.3700 509.000000 0.000000 317.000000 53.000000
2.8700 71.5100 36.7000 514.000000 0.000000 317.000000 53.000000
2.8800 71.9500 37.1700 501.000000 0.000000 317.000000 53.000000
2.8900 72.5600 37.6300 493.000000 0.000000 317.000000 53.000000
2.9000 73.3200 37.9300 485.000000 0.000000 317.000000 53.000000
2.9100 74.1900 38.1300 493.000000 0.000000 315.000000 53.000000
2.9200 74.8400 38.1900 495.000000 0.000000 315.000000 53.000000
2.9300 75.0900 38.0600 512.000000 0.000000 314.000000 52.000000
2.9400 75.0900 37.8100 514.000000 0.000000 314.000000 52.000000
2.9500 74.8700 37.5400 519.000000 0.000000 314.000000 52.000000
2.9600 74.4900 37.2500 520.000000 0.000000 313.000000 52.000000
2.9700 73.9900 36.9500 520.000000 0.000000 313.000000 52.000000
2.9800 73.6400 36.8300 512.000000 0.000000 313.000000 52.000000
2.9900 73.5300 36.8300 514.000000 0.000000 314.000000 52.000000
3.0000 73.5800 37.0300 512.000000 0.000000 314.000000 52.000000
3.0100 73.8200 37.2700 516.000000 0.000000 314.000000 52.000000
3.0200 74.3400 37.5300 521.000000 0.000000 314.000000 52.000000
3.0300 75.0500 37.7900 518.000000 0.000000 314.000000 52.000000
3.0400 75.6700 37.9800 516.000000 0.000000 314.000000 52.000000
3.0500 76.3200 38.1500 518.000000 0.000000 314.000000 52.000000
3.0600 77.0100 38.3400 526.000000 0.000000 313.000000 52.000000
3.0700 77.2700 38.3900 544.000000 0.000000 311.000000 52.000000
3.0800 77.2700 38.3400 538.000000 0.000000 310.000000 52.000000
3.0900 76.8600 38.0400 542.000000 0.000000 310.000000 52.000000
3.1000 75.1500 37.2400 553.000000 0.000000 310.000000 52.000000
3.1100 72.5600 36.1200 566.000000 0.000000 310.000000 52.000000
3.1200 68.8100 34.7900 580.000000 0.000000 310.000000 52.000000
3.1300 64.8700 33.5100 578.000000 0.000000 313.000000 53.000000
3.1400 60.8000 32.5300 619.000000 0.000000 315.000000 53.000000
3.1500 58.3000 31.7300 636.000000 0.000000 319.000000 54.000000
3.1600 56.8100 31.5100 622.000000 0.000000 322.000000 54.000000
3.1700 55.9900 31.5800 605.000000 0.000000 326.000000 54.000000
3.1800 55.6400 31.8500 583.000000 0.000000 329.000000 55.000000
3.1900 55.7000 32.3500 589.000000 0.000000 333.000000 55.000000
3.2000 56.0400 33.0200 561.000000 0.000000 335.000000 55.000000
3.2100 57.1100 33.8100 540.000000 0.000000 337.000000 56.000000
3.2200 58.7200 34.6900 509.000000 0.000000 337.000000 56.000000
3.2300 60.6900 35.6000 443.000000 0.000000 337.000000 56.000000
3.2400 63.0400 36.5700 449.000000 0.000000 337.000000 56.000000
3.2500 64.4800 36.9600 489.000000 0.000000 334.000000 56.000000
3.2600 65.3100 36.9600 537.000000 0.000000 333.000000 56.000000
3.2700 64.1400 36.3300 544.000000 0.000000 331.000000 56.000000
3.2800 61.5600 35.2800 546.000000 0.000000 331.000000 56.000000
3.2900 58.0400 33.9600 597.000000 0.000000 329.000000 56.000000
3.3000 54.8900 32.9100 610.000000 0.000000 331.000000 56.000000
3.3100 52.0000 31.8500 640.000000 0.000000 331.000000 56.000000
3.3200 49.2700 30.7800 665.000000 0.000000 332.000000 57.000000
3.3300 48.0400 30.4400 658.000000 0.000000 336.000000 57.000000
3.3400 47.4400 30.4400 644.000000 0.000000 339.000000 57.000000
3.3500 47.2600 30.6100 640.000000 0.000000 341.000000 57.000000
3.3600 47.5500 30.9000 662.000000 0.000000 344.000000 57.000000
3.3700 48.7000 31.4300 661.000000 0.000000 346.000000 57.000000
3.3800 50.4200 32.1100 610.000000 0.000000 348.000000 56.000000
3.3900 52.9500 32.9000 493.000000 0.000000 349.000000 57.000000
3.4000 56.4900 33.9000 34.000000 0.000000 348.000000 56.000000
